code_module,code_presentation,id_student,gender,region,highest_education,imd_band,age_band,num_of_prev_attempts,studied_credits,disability,final_result,personality,assessment_preference,enjoy_participation,enjoy_challenges,abstract_thought,practical_problems,logical_person,extrovert,sensor,thinker,judger,visual_learner,auditory_learner,practical_learner,reading_learner,studentCluster
AAA,2013J,11391,0,East Anglian Region,HE Qualification,90-100%,55<=,0,240,0,Pass,3,0,1,0,1,0,0,1,1,1,1,1,0,0,1,8
AAA,2013J,28400,1,Scotland,HE Qualification,20-30%,35-55,0,60,0,Pass,12,1,1,1,0,1,1,0,0,0,1,1,0,0,1,7
AAA,2013J,30268,1,North Western Region,A Level or Equivalent,30-40%,35-55,0,60,1,Withdrawn,2,1,1,1,0,0,1,0,0,0,0,0,1,0,1,2
AAA,2013J,31604,1,South East Region,A Level or Equivalent,50-60%,35-55,0,60,0,Pass,8,0,1,1,1,1,0,0,0,0,1,1,1,0,1,3
AAA,2013J,32885,1,West Midlands Region,Lower Than A Level,50-60%,0-35,0,60,0,Pass,9,0,1,0,1,1,0,1,0,1,0,0,1,1,1,4
AAA,2013J,38053,0,Wales,A Level or Equivalent,80-90%,35-55,0,60,0,Pass,3,0,1,0,0,1,0,0,0,1,1,1,1,0,0,8
AAA,2013J,45462,0,Scotland,HE Qualification,30-40%,0-35,0,60,0,Pass,4,0,1,1,0,0,1,1,0,1,0,0,1,0,0,8
AAA,2013J,45642,1,North Western Region,A Level or Equivalent,90-100%,0-35,0,120,0,Pass,5,0,0,0,1,0,1,0,1,0,1,1,1,0,1,9
AAA,2013J,52130,1,East Anglian Region,A Level or Equivalent,70-80%,0-35,0,90,0,Pass,12,1,0,0,0,1,1,0,0,1,0,1,1,0,1,7
AAA,2013J,53025,0,North Region,Post Graduate Qualification,,55<=,0,60,0,Pass,8,1,0,1,0,1,1,1,1,0,0,0,1,0,0,3
AAA,2013J,57506,0,South Region,Lower Than A Level,70-80%,35-55,0,60,0,Pass,1,1,0,1,0,1,1,1,0,0,0,0,0,1,0,2
AAA,2013J,58873,1,East Anglian Region,A Level or Equivalent,20-30%,0-35,0,60,0,Pass,15,1,0,1,1,0,1,0,1,1,1,1,1,1,1,10
AAA,2013J,59185,0,East Anglian Region,Lower Than A Level,60-70%,35-55,0,60,0,Pass,2,0,1,0,1,0,0,0,1,0,0,0,0,0,1,2
AAA,2013J,62155,1,North Western Region,HE Qualification,50-60%,0-35,0,60,0,Pass,4,1,0,0,1,0,0,1,1,1,1,1,1,0,1,8
AAA,2013J,63400,0,Scotland,Lower Than A Level,40-50%,35-55,0,60,0,Pass,1,1,1,0,0,1,0,1,1,0,0,1,0,1,1,2
AAA,2013J,65002,1,East Anglian Region,A Level or Equivalent,70-80%,0-35,0,60,0,Withdrawn,2,1,0,1,0,0,0,1,0,0,1,0,1,0,0,2
AAA,2013J,70464,1,West Midlands Region,A Level or Equivalent,60-70%,35-55,0,60,0,Pass,6,1,0,1,1,1,1,0,1,0,0,1,1,0,1,9
AAA,2013J,71361,0,Ireland,HE Qualification,,35-55,0,60,0,Pass,15,1,1,1,1,0,1,0,0,1,0,1,1,0,0,10
AAA,2013J,74372,0,East Anglian Region,A Level or Equivalent,20-Oct,35-55,0,150,0,Fail,15,1,1,0,1,1,1,0,0,0,0,1,1,1,1,10
AAA,2013J,75091,0,South West Region,A Level or Equivalent,30-40%,35-55,0,60,0,Pass,9,1,0,1,1,1,1,1,0,0,1,0,1,1,1,4
AAA,2013J,77367,0,East Midlands Region,A Level or Equivalent,30-40%,0-35,0,60,0,Pass,7,0,0,0,0,1,0,1,1,1,0,0,0,0,0,3
AAA,2013J,91265,0,North Western Region,HE Qualification,0-10%,0-35,0,60,0,Pass,10,0,1,0,1,0,1,0,0,0,1,1,0,1,1,1
AAA,2013J,94961,0,South Region,Lower Than A Level,70-80%,35-55,0,60,0,Withdrawn,3,0,0,1,0,1,1,1,1,0,1,0,0,0,0,8
AAA,2013J,98094,0,Wales,Lower Than A Level,70-80%,35-55,0,60,0,Pass,9,1,0,1,1,1,0,1,1,0,0,0,1,1,1,4
AAA,2013J,100893,0,Yorkshire Region,A Level or Equivalent,20-30%,0-35,0,60,0,Pass,9,0,1,1,0,0,1,1,0,1,1,0,1,1,0,4
AAA,2013J,101781,0,South Region,Lower Than A Level,80-90%,35-55,0,60,0,Pass,3,0,1,0,1,0,0,0,0,0,1,0,0,1,1,8
AAA,2013J,102806,0,North Western Region,A Level or Equivalent,30-40%,0-35,0,60,0,Pass,4,1,1,1,0,0,1,1,0,1,0,1,1,1,0,8
AAA,2013J,102952,0,London Region,HE Qualification,60-70%,0-35,0,60,0,Pass,6,1,0,0,1,0,1,0,0,0,1,1,0,0,0,9
AAA,2013J,104476,0,Ireland,Post Graduate Qualification,,35-55,0,60,0,Pass,8,1,1,0,1,1,1,1,1,1,0,1,0,1,0,3
AAA,2013J,106247,0,South Region,HE Qualification,80-90%,35-55,0,60,0,Withdrawn,7,0,1,1,0,0,0,0,1,1,0,1,1,0,1,3
AAA,2013J,106577,0,East Midlands Region,Lower Than A Level,20-30%,0-35,0,60,0,Pass,2,1,1,1,0,1,0,0,1,1,0,1,0,1,0,2
AAA,2013J,110175,0,East Anglian Region,HE Qualification,80-90%,35-55,0,60,0,Pass,12,0,1,1,0,0,1,0,1,0,0,1,0,0,0,7
AAA,2013J,111717,1,East Anglian Region,HE Qualification,90-100%,35-55,0,60,0,Pass,16,1,0,0,0,0,0,0,0,0,0,0,1,1,1,10
AAA,2013J,113295,0,Yorkshire Region,Lower Than A Level,60-70%,35-55,0,60,0,Pass,8,0,1,0,1,0,1,0,1,0,0,1,1,1,0,3
AAA,2013J,114017,1,North Region,Post Graduate Qualification,,35-55,0,60,0,Pass,2,0,0,0,0,1,1,1,0,1,0,0,1,1,0,2
AAA,2013J,114999,0,Yorkshire Region,HE Qualification,60-70%,35-55,0,60,0,Pass,7,0,0,0,1,1,1,1,1,0,1,0,1,0,0,3
AAA,2013J,116541,0,Wales,HE Qualification,0-10%,0-35,0,60,0,Pass,14,1,1,0,1,0,0,0,1,0,0,1,0,1,0,5
AAA,2013J,116692,0,East Anglian Region,A Level or Equivalent,70-80%,35-55,0,60,0,Pass,13,1,1,0,0,0,0,1,0,0,0,1,1,0,0,5
AAA,2013J,118983,0,East Midlands Region,HE Qualification,30-40%,0-35,0,120,0,Pass,15,0,0,0,0,0,0,0,1,1,0,1,1,1,0,10
AAA,2013J,123044,0,South Region,A Level or Equivalent,40-50%,35-55,0,60,0,Pass,3,1,1,0,1,0,1,0,1,1,1,0,0,0,1,8
AAA,2013J,127582,1,East Midlands Region,A Level or Equivalent,40-50%,0-35,0,180,0,Pass,6,1,0,0,0,1,0,0,1,1,0,1,1,0,0,9
AAA,2013J,129955,0,West Midlands Region,A Level or Equivalent,50-60%,0-35,0,60,0,Withdrawn,5,0,0,0,1,1,0,1,0,1,0,1,1,1,0,9
AAA,2013J,132976,1,East Anglian Region,Lower Than A Level,80-90%,35-55,0,120,0,Pass,9,1,1,0,1,1,0,1,1,1,0,1,0,0,0,4
AAA,2013J,134143,1,South East Region,A Level or Equivalent,90-100%,35-55,0,60,0,Distinction,2,0,0,0,1,0,0,1,0,1,1,1,0,0,0,2
AAA,2013J,135335,1,East Anglian Region,Lower Than A Level,20-30%,0-35,0,180,0,Withdrawn,11,1,1,0,1,1,0,1,0,0,1,0,1,1,0,6
AAA,2013J,135400,1,South East Region,Lower Than A Level,90-100%,35-55,0,60,1,Withdrawn,2,0,0,0,0,1,0,1,1,1,1,1,1,0,1,2
AAA,2013J,137873,0,South West Region,A Level or Equivalent,40-50%,35-55,0,60,0,Pass,13,1,0,0,0,0,0,0,1,1,0,0,0,1,1,5
AAA,2013J,141355,1,East Midlands Region,A Level or Equivalent,30-40%,0-35,0,240,0,Pass,11,0,0,0,0,1,1,1,1,0,0,0,0,0,1,6
AAA,2013J,141377,0,South West Region,A Level or Equivalent,90-100%,0-35,0,345,0,Withdrawn,9,1,0,1,1,0,1,0,1,0,1,0,1,1,1,4
AAA,2013J,142326,1,North Region,A Level or Equivalent,50-60%,35-55,0,60,0,Pass,1,1,0,1,0,0,1,1,0,1,1,1,1,1,0,2
AAA,2013J,144801,1,South Region,HE Qualification,80-90%,35-55,0,60,0,Pass,3,1,1,0,0,1,0,1,0,1,1,0,1,1,1,8
AAA,2013J,145130,0,South West Region,HE Qualification,60-70%,0-35,0,120,0,Pass,14,0,0,0,1,1,0,1,1,0,0,0,1,0,1,5
AAA,2013J,146188,1,West Midlands Region,A Level or Equivalent,20-30%,0-35,0,60,1,Fail,9,1,0,0,0,1,1,1,0,0,0,1,0,1,0,4
AAA,2013J,147756,0,North Region,Lower Than A Level,60-70%,0-35,0,120,0,Fail,13,0,1,1,0,0,0,0,1,1,1,1,0,0,0,5
AAA,2013J,147793,1,North Region,Lower Than A Level,80-90%,0-35,0,90,0,Withdrawn,11,0,0,1,1,0,0,0,0,0,0,0,0,1,0,6
AAA,2013J,148993,1,North Western Region,A Level or Equivalent,30-40%,35-55,0,60,1,Withdrawn,1,1,0,0,0,1,1,1,1,1,1,1,1,0,0,2
AAA,2013J,151358,1,London Region,A Level or Equivalent,80-90%,0-35,0,150,0,Pass,9,0,1,0,0,1,1,0,0,0,0,0,0,1,0,4
AAA,2013J,155550,0,London Region,A Level or Equivalent,0-10%,35-55,0,420,0,Pass,15,0,0,0,0,1,1,1,0,0,0,1,1,1,0,10
AAA,2013J,155854,1,East Midlands Region,A Level or Equivalent,20-30%,35-55,0,60,0,Pass,3,0,1,0,0,0,0,0,0,1,1,1,1,1,1,8
AAA,2013J,155984,1,East Anglian Region,Lower Than A Level,70-80%,0-35,0,60,0,Withdrawn,9,0,1,1,1,0,1,0,1,1,1,0,1,0,0,4
AAA,2013J,157568,1,South West Region,A Level or Equivalent,90-100%,0-35,0,60,0,Pass,5,0,0,0,1,1,1,0,0,0,0,1,1,0,0,9
AAA,2013J,159954,0,East Midlands Region,A Level or Equivalent,40-50%,35-55,0,60,0,Withdrawn,9,0,0,1,1,1,1,0,0,1,0,1,0,1,0,4
AAA,2013J,164259,0,Scotland,A Level or Equivalent,70-80%,0-35,0,60,0,Pass,13,1,0,0,1,1,0,1,1,1,0,0,1,1,0,5
AAA,2013J,167906,1,Yorkshire Region,A Level or Equivalent,40-50%,35-55,0,60,0,Pass,2,0,0,1,1,0,0,0,1,0,1,1,1,1,1,2
AAA,2013J,168936,1,West Midlands Region,Lower Than A Level,20-Oct,35-55,0,60,0,Pass,6,0,1,0,0,1,0,1,1,0,0,1,0,0,0,9
AAA,2013J,172112,0,Ireland,HE Qualification,,35-55,0,60,0,Pass,3,1,1,0,1,1,1,0,1,0,1,0,0,0,0,8
AAA,2013J,172797,1,Ireland,A Level or Equivalent,,35-55,0,60,0,Pass,11,1,1,0,0,1,1,1,1,1,1,0,0,1,0,6
AAA,2013J,174782,0,East Anglian Region,HE Qualification,90-100%,55<=,0,60,0,Pass,11,0,0,0,1,0,1,0,0,0,0,0,0,0,1,6
AAA,2013J,175392,0,North Region,HE Qualification,,35-55,0,60,0,Pass,15,1,0,0,0,0,1,1,1,1,0,1,0,1,1,10
AAA,2013J,175932,0,North Western Region,HE Qualification,70-80%,35-55,0,60,0,Pass,13,1,0,0,1,0,0,1,0,1,0,0,1,0,0,5
AAA,2013J,175991,1,North Western Region,A Level or Equivalent,80-90%,0-35,0,180,0,Fail,16,1,1,0,0,1,0,1,1,1,1,1,0,1,1,10
AAA,2013J,180753,0,South West Region,A Level or Equivalent,30-40%,0-35,0,120,0,Pass,14,1,1,0,0,1,1,1,0,1,0,1,1,0,1,5
AAA,2013J,181316,1,South West Region,A Level or Equivalent,80-90%,35-55,0,120,0,Withdrawn,5,1,0,1,0,0,1,0,1,1,1,1,1,1,1,9
AAA,2013J,183096,1,South West Region,A Level or Equivalent,60-70%,0-35,0,60,0,Pass,2,0,1,0,0,1,0,1,0,0,0,1,0,0,0,2
AAA,2013J,183947,0,London Region,A Level or Equivalent,20-Oct,0-35,0,180,0,Pass,7,1,0,0,1,0,1,0,0,1,0,1,1,0,1,3
AAA,2013J,184271,0,South West Region,HE Qualification,80-90%,35-55,0,170,0,Pass,6,0,1,1,0,0,1,1,0,0,1,1,0,1,1,9
AAA,2013J,185439,0,London Region,HE Qualification,20-Oct,0-35,0,120,0,Fail,7,0,1,1,1,0,1,1,1,1,0,0,0,1,1,3
AAA,2013J,186149,0,Scotland,HE Qualification,30-40%,35-55,0,60,0,Pass,12,0,0,1,0,1,0,1,1,1,1,0,1,1,0,7
AAA,2013J,187100,0,South East Region,A Level or Equivalent,50-60%,35-55,0,60,0,Distinction,10,0,0,0,0,1,1,0,1,0,0,1,1,1,0,1
AAA,2013J,188278,0,Yorkshire Region,A Level or Equivalent,70-80%,35-55,0,120,0,Withdrawn,11,0,1,0,0,0,0,1,0,1,1,0,0,0,0,6
AAA,2013J,189879,0,Scotland,A Level or Equivalent,90-100%,0-35,0,120,0,Pass,16,0,0,0,0,0,0,0,1,0,1,1,1,0,0,10
AAA,2013J,192183,1,South West Region,Lower Than A Level,90-100%,0-35,0,60,0,Pass,5,0,0,1,1,0,1,0,1,1,1,1,1,1,0,9
AAA,2013J,195262,0,London Region,A Level or Equivalent,90-100%,0-35,0,60,0,Withdrawn,7,1,0,1,1,1,0,1,1,1,0,1,1,1,1,3
AAA,2013J,200860,0,London Region,Lower Than A Level,50-60%,35-55,0,60,0,Pass,11,1,1,1,0,0,1,1,0,0,0,1,0,0,0,6
AAA,2013J,202635,1,Wales,A Level or Equivalent,30-40%,0-35,0,60,0,Withdrawn,15,0,0,0,0,0,0,0,1,0,1,1,0,0,1,10
AAA,2013J,205350,0,South West Region,HE Qualification,80-90%,35-55,0,60,0,Pass,13,1,0,0,0,1,0,0,0,1,0,0,1,1,0,5
AAA,2013J,205719,0,East Anglian Region,A Level or Equivalent,40-50%,0-35,0,90,1,Fail,8,1,1,0,1,0,0,0,0,1,0,0,0,0,1,3
AAA,2013J,227499,1,London Region,A Level or Equivalent,20-Oct,35-55,0,60,0,Distinction,10,0,0,1,1,1,0,0,0,0,1,1,1,1,0,1
AAA,2013J,227517,0,Ireland,HE Qualification,,0-35,0,180,0,Fail,2,1,0,0,1,0,1,0,0,0,1,1,1,1,0,2
AAA,2013J,228082,0,London Region,HE Qualification,60-70%,0-35,0,60,0,Pass,1,1,0,1,1,1,1,0,0,1,0,1,0,0,0,2
AAA,2013J,228222,0,East Midlands Region,Lower Than A Level,50-60%,0-35,0,60,0,Pass,15,0,0,1,1,1,0,0,1,1,1,1,1,1,0,10
AAA,2013J,229179,0,West Midlands Region,A Level or Equivalent,20-30%,0-35,0,60,0,Pass,12,0,1,0,1,0,1,0,1,1,0,1,0,0,1,7
AAA,2013J,229361,0,East Midlands Region,A Level or Equivalent,50-60%,0-35,0,60,0,Pass,2,0,0,0,0,0,1,1,0,0,1,1,0,1,1,2
AAA,2013J,231554,0,London Region,A Level or Equivalent,40-50%,0-35,0,240,0,Pass,3,1,1,1,1,1,1,1,0,1,0,0,1,0,1,8
AAA,2013J,235507,0,Yorkshire Region,A Level or Equivalent,90-100%,0-35,0,240,0,Withdrawn,11,0,0,1,0,1,0,1,1,1,1,0,0,0,1,6
AAA,2013J,236284,0,Scotland,Post Graduate Qualification,90-100%,0-35,0,60,0,Pass,2,1,1,1,1,0,0,0,0,0,1,0,1,0,0,2
AAA,2013J,238007,0,South Region,HE Qualification,90-100%,55<=,0,60,0,Pass,5,1,0,1,0,0,0,1,1,0,0,0,1,1,0,9
AAA,2013J,240712,0,London Region,HE Qualification,80-90%,0-35,0,80,0,Pass,14,0,0,1,0,1,1,0,1,1,1,0,0,1,0,5
AAA,2013J,240884,0,South Region,A Level or Equivalent,90-100%,0-35,0,120,0,Pass,5,0,0,1,1,0,0,0,0,1,1,0,0,1,0,9
AAA,2013J,241649,0,East Anglian Region,HE Qualification,90-100%,35-55,0,60,0,Pass,2,0,1,1,1,0,0,1,0,0,1,0,0,1,0,2
AAA,2013J,241729,1,East Midlands Region,HE Qualification,60-70%,35-55,0,60,0,Fail,11,0,0,0,1,1,0,1,0,0,1,1,1,1,1,6
AAA,2013J,242793,0,London Region,HE Qualification,20-30%,35-55,0,60,0,Pass,7,0,0,0,1,0,1,0,1,0,1,0,0,1,1,3
AAA,2013J,246834,0,South West Region,A Level or Equivalent,90-100%,35-55,0,60,0,Pass,1,1,0,0,0,1,0,0,0,1,0,0,0,0,1,2
AAA,2013J,248270,0,North Western Region,Lower Than A Level,20-30%,0-35,0,90,0,Pass,14,0,0,1,1,0,0,0,0,1,1,1,0,1,0,5
AAA,2013J,255548,0,Wales,Lower Than A Level,20-30%,35-55,0,60,0,Pass,15,0,1,0,1,1,0,1,1,0,0,0,1,1,0,10
AAA,2013J,256815,0,North Western Region,HE Qualification,20-Oct,0-35,0,120,0,Pass,12,0,0,0,1,0,1,0,1,1,0,1,0,0,1,7
AAA,2013J,258392,1,West Midlands Region,Lower Than A Level,30-40%,0-35,0,60,0,Pass,5,1,1,1,1,0,0,0,1,0,1,1,1,1,1,9
AAA,2013J,258894,1,East Anglian Region,Lower Than A Level,70-80%,35-55,0,60,0,Pass,3,0,1,0,0,0,0,1,1,1,0,1,1,0,1,8
AAA,2013J,260355,1,London Region,A Level or Equivalent,80-90%,35-55,0,60,0,Withdrawn,5,1,1,0,0,1,0,0,0,0,1,0,1,1,0,9
AAA,2013J,262011,0,East Midlands Region,A Level or Equivalent,20-30%,35-55,0,60,0,Pass,5,0,1,0,1,0,1,0,0,1,1,0,1,1,1,9
AAA,2013J,262934,1,North Western Region,A Level or Equivalent,30-40%,35-55,0,60,0,Pass,2,0,0,1,1,0,0,0,1,1,1,1,0,1,1,2
AAA,2013J,268073,0,East Anglian Region,A Level or Equivalent,20-Oct,35-55,0,90,0,Fail,1,1,0,1,1,0,1,1,0,0,0,1,0,0,0,2
AAA,2013J,268733,0,East Anglian Region,A Level or Equivalent,30-40%,0-35,0,180,0,Withdrawn,5,0,1,1,1,0,0,1,1,0,0,1,1,1,1,9
AAA,2013J,271251,0,Scotland,A Level or Equivalent,80-90%,35-55,0,60,0,Pass,9,1,0,0,0,1,0,0,0,1,0,1,1,0,1,4
AAA,2013J,277880,1,South East Region,A Level or Equivalent,60-70%,0-35,0,60,0,Withdrawn,6,1,0,1,1,1,1,1,1,1,1,1,1,1,1,9
AAA,2013J,279572,0,London Region,Lower Than A Level,40-50%,0-35,0,60,0,Distinction,6,1,0,1,0,0,0,1,1,0,0,0,0,1,1,9
AAA,2013J,281022,1,Scotland,A Level or Equivalent,30-40%,0-35,0,150,0,Pass,9,1,0,0,0,0,1,0,0,0,0,1,1,0,1,4
AAA,2013J,281250,0,Wales,Lower Than A Level,70-80%,35-55,0,60,0,Fail,7,1,0,1,1,0,1,1,1,0,1,1,1,0,0,3
AAA,2013J,281589,0,North Western Region,HE Qualification,30-40%,0-35,0,60,0,Fail,12,1,1,0,0,0,0,0,0,1,0,0,0,1,0,7
AAA,2013J,282821,0,South West Region,A Level or Equivalent,30-40%,35-55,0,60,0,Pass,4,1,1,1,0,1,1,0,1,0,1,1,0,1,1,8
AAA,2013J,286488,0,South East Region,A Level or Equivalent,90-100%,35-55,0,60,0,Pass,1,1,1,1,1,1,1,0,0,1,0,0,0,0,1,2
AAA,2013J,287548,0,East Anglian Region,A Level or Equivalent,90-100%,0-35,0,120,0,Pass,16,0,0,1,1,0,1,0,0,1,1,1,0,1,1,10
AAA,2013J,290201,0,Wales,A Level or Equivalent,20-30%,0-35,0,60,0,Pass,5,1,1,1,0,1,1,1,0,0,0,0,1,1,0,9
AAA,2013J,290757,0,North Western Region,A Level or Equivalent,30-40%,0-35,0,60,0,Pass,15,0,1,1,1,1,0,0,0,0,0,0,0,1,0,10
AAA,2013J,291334,0,South East Region,A Level or Equivalent,90-100%,35-55,0,60,0,Distinction,12,1,1,1,0,1,1,0,1,0,1,0,1,0,1,7
AAA,2013J,292923,1,South East Region,A Level or Equivalent,90-100%,35-55,0,180,0,Withdrawn,13,0,0,0,0,1,0,0,0,0,1,1,1,1,0,5
AAA,2013J,293699,0,East Midlands Region,A Level or Equivalent,70-80%,0-35,0,120,0,Pass,6,1,0,0,1,0,1,0,1,1,0,0,0,1,0,9
AAA,2013J,294570,0,South East Region,HE Qualification,90-100%,55<=,0,60,0,Pass,8,0,1,0,0,0,0,0,0,1,0,1,0,1,1,3
AAA,2013J,294594,0,South East Region,A Level or Equivalent,90-100%,0-35,0,60,0,Pass,3,1,0,0,0,1,1,1,0,0,0,1,0,0,1,8
AAA,2013J,295741,0,South East Region,A Level or Equivalent,40-50%,35-55,0,240,0,Fail,6,0,0,1,1,0,1,1,0,1,1,0,1,0,0,9
AAA,2013J,296332,0,South Region,Post Graduate Qualification,90-100%,55<=,0,60,0,Distinction,9,1,1,1,0,0,1,0,0,1,1,1,1,1,1,4
AAA,2013J,298696,1,South East Region,HE Qualification,80-90%,0-35,0,60,0,Pass,4,0,1,1,0,0,1,1,0,1,0,0,0,0,0,8
AAA,2013J,300398,0,West Midlands Region,A Level or Equivalent,30-40%,35-55,0,60,0,Pass,3,1,1,0,0,0,1,0,0,1,1,1,0,0,1,8
AAA,2013J,302302,1,East Anglian Region,A Level or Equivalent,40-50%,0-35,0,60,0,Fail,6,1,1,0,1,0,1,1,1,0,0,0,0,0,0,9
AAA,2013J,305152,0,North Western Region,A Level or Equivalent,70-80%,0-35,0,60,0,Fail,6,1,0,0,0,1,1,0,0,1,1,1,0,0,0,9
AAA,2013J,305386,0,West Midlands Region,A Level or Equivalent,70-80%,0-35,0,120,1,Pass,11,0,1,0,0,0,1,0,0,0,1,1,0,0,1,6
AAA,2013J,305539,1,Wales,Lower Than A Level,80-90%,0-35,0,120,0,Withdrawn,5,0,1,0,1,1,0,1,0,1,1,0,1,0,1,9
AAA,2013J,306107,0,West Midlands Region,A Level or Equivalent,50-60%,35-55,0,120,0,Pass,6,0,0,1,1,0,0,0,1,0,1,1,1,1,0,9
AAA,2013J,306466,0,East Anglian Region,A Level or Equivalent,90-100%,35-55,0,60,0,Pass,7,0,0,1,1,1,1,0,0,0,1,1,1,1,0,3
AAA,2013J,306897,1,London Region,A Level or Equivalent,20-Oct,0-35,0,60,0,Pass,3,1,1,0,1,1,0,0,0,1,1,1,0,0,1,8
AAA,2013J,307061,1,East Midlands Region,HE Qualification,20-Oct,0-35,0,60,0,Pass,15,0,0,0,0,1,1,0,0,0,1,1,0,0,0,10
AAA,2013J,307866,0,West Midlands Region,A Level or Equivalent,70-80%,0-35,0,60,0,Pass,9,1,0,1,0,0,0,0,1,1,1,1,0,0,0,4
AAA,2013J,311917,0,South West Region,A Level or Equivalent,60-70%,55<=,0,120,0,Pass,11,0,0,0,1,0,1,1,1,0,1,1,1,0,0,6
AAA,2013J,312537,0,South Region,Post Graduate Qualification,90-100%,55<=,0,60,0,Distinction,3,0,1,0,1,1,1,1,1,0,0,0,1,0,0,8
AAA,2013J,312782,0,South Region,A Level or Equivalent,90-100%,0-35,0,60,0,Pass,8,0,0,1,0,1,0,0,0,1,0,0,1,1,1,3
AAA,2013J,318933,1,East Anglian Region,HE Qualification,80-90%,0-35,0,120,0,Pass,9,0,1,1,0,1,1,1,0,1,1,1,1,1,0,4
AAA,2013J,319047,1,East Midlands Region,A Level or Equivalent,50-60%,0-35,0,60,0,Pass,3,0,0,1,1,1,0,1,1,1,0,1,1,1,0,8
AAA,2013J,321942,0,South Region,HE Qualification,90-100%,55<=,0,60,0,Pass,7,1,1,0,1,1,0,1,0,1,0,1,1,0,0,3
AAA,2013J,324002,0,East Anglian Region,HE Qualification,40-50%,35-55,0,60,0,Pass,16,0,1,1,1,0,0,0,0,0,0,1,1,1,1,10
AAA,2013J,324084,1,South West Region,A Level or Equivalent,20-Oct,35-55,0,60,0,Pass,11,0,0,1,0,0,0,0,1,0,1,0,0,1,0,6
AAA,2013J,324282,0,South East Region,A Level or Equivalent,90-100%,0-35,0,120,0,Pass,8,1,1,1,1,0,1,1,0,1,0,1,1,1,0,3
AAA,2013J,331358,1,South Region,HE Qualification,90-100%,35-55,0,60,0,Withdrawn,3,1,1,0,0,1,0,1,1,0,1,0,1,1,1,8
AAA,2013J,332789,1,East Anglian Region,A Level or Equivalent,60-70%,35-55,0,60,0,Pass,13,1,0,0,1,1,1,1,0,1,0,1,0,1,1,5
AAA,2013J,333059,0,Scotland,A Level or Equivalent,20-30%,0-35,0,120,0,Pass,6,0,0,1,0,0,0,0,0,1,1,0,0,1,1,9
AAA,2013J,333323,0,Scotland,HE Qualification,80-90%,0-35,0,60,0,Pass,8,0,1,1,1,1,1,1,1,1,1,1,1,0,1,3
AAA,2013J,334259,1,London Region,A Level or Equivalent,50-60%,0-35,0,150,0,Fail,16,0,0,1,0,0,0,1,0,1,1,0,1,0,1,10
AAA,2013J,334333,1,South West Region,A Level or Equivalent,0-10%,0-35,0,240,1,Withdrawn,3,0,1,0,0,1,0,0,0,0,0,0,1,1,0,8
AAA,2013J,335764,1,South East Region,A Level or Equivalent,20-30%,0-35,0,60,0,Withdrawn,8,1,1,1,1,0,0,0,1,1,1,1,0,1,0,3
AAA,2013J,336207,0,East Anglian Region,A Level or Equivalent,90-100%,0-35,0,120,0,Pass,16,1,0,1,1,1,1,1,1,1,1,1,0,1,0,10
AAA,2013J,339972,0,North Region,A Level or Equivalent,80-90%,0-35,0,60,0,Pass,4,0,1,1,1,0,1,1,1,1,0,0,1,0,0,8
AAA,2013J,341872,0,East Anglian Region,Lower Than A Level,40-50%,0-35,0,180,0,Fail,10,1,1,1,0,1,1,1,1,0,0,0,0,1,0,1
AAA,2013J,342007,1,West Midlands Region,HE Qualification,70-80%,0-35,0,60,0,Withdrawn,5,0,0,1,1,0,0,0,1,0,0,1,1,0,0,9
AAA,2013J,342514,0,Scotland,Lower Than A Level,50-60%,55<=,0,60,0,Pass,7,0,0,1,1,1,0,1,0,1,0,1,1,1,1,3
AAA,2013J,342972,0,Yorkshire Region,HE Qualification,0-10%,0-35,0,60,0,Pass,9,1,0,1,0,1,1,0,0,1,0,1,0,1,1,4
AAA,2013J,343446,0,Ireland,HE Qualification,70-80%,35-55,0,120,0,Pass,1,1,0,1,1,1,1,0,1,1,0,1,1,0,0,2
AAA,2013J,344282,0,Yorkshire Region,A Level or Equivalent,20-Oct,0-35,0,60,0,Fail,5,1,1,0,1,1,0,0,0,0,0,0,0,0,0,9
AAA,2013J,345068,0,East Anglian Region,A Level or Equivalent,60-70%,0-35,0,180,1,Pass,1,0,1,1,0,0,0,1,0,1,1,0,1,1,0,2
AAA,2013J,345357,0,Yorkshire Region,A Level or Equivalent,30-40%,0-35,0,60,0,Distinction,8,0,1,0,1,0,1,0,1,0,1,0,0,1,0,3
AAA,2013J,346025,0,East Anglian Region,A Level or Equivalent,50-60%,0-35,0,120,0,Pass,7,1,0,1,0,1,0,0,1,0,1,0,1,1,1,3
AAA,2013J,346843,1,Scotland,HE Qualification,50-60%,35-55,0,120,0,Fail,3,1,0,0,1,0,0,0,0,0,1,1,0,0,0,8
AAA,2013J,350188,0,North Western Region,HE Qualification,80-90%,35-55,0,60,0,Pass,9,1,0,0,0,1,1,1,1,1,1,0,1,1,0,4
AAA,2013J,354858,0,South Region,HE Qualification,90-100%,35-55,0,120,0,Withdrawn,13,1,1,0,1,0,0,1,1,1,0,1,0,0,0,5
AAA,2013J,357668,0,Yorkshire Region,A Level or Equivalent,20-Oct,0-35,0,60,0,Fail,1,0,0,0,0,1,1,1,1,1,0,1,1,0,0,2
AAA,2013J,364177,0,East Anglian Region,Lower Than A Level,70-80%,35-55,0,60,0,Fail,7,1,1,1,1,0,1,1,0,1,0,1,1,1,1,3
AAA,2013J,365244,1,London Region,A Level or Equivalent,0-10%,0-35,0,120,0,Pass,4,1,0,1,0,1,1,0,0,1,1,0,1,1,1,8
AAA,2013J,365642,0,East Anglian Region,Lower Than A Level,20-Oct,35-55,0,60,0,Pass,14,0,1,0,0,0,0,1,0,0,0,0,1,1,0,5
AAA,2013J,366483,0,South West Region,HE Qualification,40-50%,0-35,0,60,0,Pass,4,0,1,0,1,0,1,0,1,0,0,1,0,0,1,8
AAA,2013J,368194,1,South West Region,A Level or Equivalent,50-60%,0-35,0,120,1,Pass,6,1,0,0,1,1,1,0,1,1,0,1,1,0,1,9
AAA,2013J,368824,0,Wales,HE Qualification,50-60%,35-55,0,120,0,Fail,7,0,1,0,1,0,1,1,0,1,0,0,0,1,1,3
AAA,2013J,368963,0,Yorkshire Region,Lower Than A Level,0-10%,0-35,0,180,0,Pass,5,0,0,1,0,0,1,1,1,0,0,1,1,0,0,9
AAA,2013J,376439,0,North Region,HE Qualification,,0-35,0,60,0,Distinction,10,0,0,1,1,1,1,0,1,0,0,0,0,1,1,1
AAA,2013J,376581,1,South Region,A Level or Equivalent,80-90%,35-55,0,60,0,Pass,6,0,1,1,0,1,1,1,1,0,0,0,1,1,1,9
AAA,2013J,380953,0,East Midlands Region,A Level or Equivalent,80-90%,0-35,0,60,0,Pass,7,0,1,1,0,0,0,0,1,0,1,0,0,0,1,3
AAA,2013J,383254,0,Yorkshire Region,A Level or Equivalent,90-100%,0-35,0,120,0,Pass,13,1,0,1,1,1,1,1,0,0,0,0,0,1,1,5
AAA,2013J,386924,0,Ireland,Lower Than A Level,,0-35,0,120,0,Pass,11,1,0,1,0,0,1,0,0,1,0,0,1,0,1,6
AAA,2013J,386952,0,Yorkshire Region,A Level or Equivalent,70-80%,0-35,0,120,0,Pass,9,1,1,0,1,1,0,0,0,1,0,1,0,1,0,4
AAA,2013J,388722,1,London Region,Lower Than A Level,80-90%,35-55,0,60,0,Pass,12,1,1,1,0,0,1,0,1,0,0,1,0,1,0,7
AAA,2013J,388885,0,South West Region,A Level or Equivalent,90-100%,35-55,0,60,0,Pass,13,0,1,0,0,1,1,0,1,1,0,1,0,0,0,5
AAA,2013J,390890,0,Scotland,A Level or Equivalent,0-10%,0-35,0,90,0,Withdrawn,1,1,0,1,1,0,0,0,1,0,0,1,1,0,0,2
AAA,2013J,392756,0,West Midlands Region,A Level or Equivalent,70-80%,0-35,0,120,0,Fail,13,0,0,1,0,1,1,0,0,0,1,1,1,0,0,5
AAA,2013J,392931,1,North Western Region,A Level or Equivalent,50-60%,35-55,0,120,0,Pass,13,0,1,1,1,0,0,0,1,1,1,1,0,1,1,5
AAA,2013J,393207,0,North Western Region,A Level or Equivalent,60-70%,0-35,0,60,0,Pass,12,1,0,0,0,1,1,1,0,1,0,1,0,0,0,7
AAA,2013J,396872,0,Yorkshire Region,HE Qualification,50-60%,0-35,0,180,0,Pass,7,0,1,0,0,0,1,0,1,1,1,1,1,1,0,3
AAA,2013J,398552,0,Yorkshire Region,Lower Than A Level,90-100%,0-35,0,240,0,Fail,3,0,1,1,1,1,1,1,1,1,1,0,1,1,1,8
AAA,2013J,401869,1,South East Region,Lower Than A Level,80-90%,0-35,0,60,0,Pass,3,1,0,0,0,1,0,0,1,0,0,1,0,1,1,8
AAA,2013J,402470,0,South West Region,Lower Than A Level,50-60%,35-55,0,60,0,Pass,4,0,1,0,1,1,0,1,0,0,0,0,1,0,1,8
AAA,2013J,404804,0,Wales,Lower Than A Level,20-30%,35-55,0,120,0,Pass,16,1,1,1,0,1,1,0,1,1,0,1,0,1,1,10
AAA,2013J,405088,0,North Region,A Level or Equivalent,20-30%,0-35,0,120,0,Pass,3,0,1,0,0,1,1,1,0,1,1,0,0,0,1,8
AAA,2013J,405961,0,Scotland,A Level or Equivalent,90-100%,0-35,0,240,1,Withdrawn,2,0,1,0,1,0,0,1,1,1,1,0,0,1,0,2
AAA,2013J,414117,0,Yorkshire Region,A Level or Equivalent,50-60%,0-35,0,120,0,Pass,5,0,1,1,1,1,0,0,0,0,1,0,0,0,1,9
AAA,2013J,415969,0,West Midlands Region,HE Qualification,0-10%,35-55,0,90,0,Withdrawn,13,0,1,0,0,0,0,1,0,1,1,1,0,0,1,5
AAA,2013J,420087,0,Scotland,A Level or Equivalent,40-50%,0-35,0,60,1,Fail,7,0,0,0,1,0,0,1,0,0,0,0,1,0,0,3
AAA,2013J,429958,1,North Western Region,A Level or Equivalent,70-80%,0-35,0,60,0,Pass,15,1,0,0,0,0,0,0,0,0,0,0,0,1,1,10
AAA,2013J,441018,1,South East Region,A Level or Equivalent,70-80%,0-35,0,150,0,Pass,5,0,1,1,0,1,0,0,1,1,0,1,0,0,1,9
AAA,2013J,441888,0,London Region,A Level or Equivalent,20-30%,0-35,0,120,0,Pass,4,0,0,0,0,1,1,0,0,1,1,1,1,0,1,8
AAA,2013J,442442,0,South West Region,HE Qualification,80-90%,0-35,0,120,0,Withdrawn,4,0,1,0,0,0,0,1,0,1,0,0,0,1,1,8
AAA,2013J,444677,0,London Region,HE Qualification,30-40%,0-35,0,60,0,Distinction,12,1,0,0,1,0,0,1,0,0,1,1,1,0,0,7
AAA,2013J,470588,0,South East Region,HE Qualification,90-100%,35-55,0,60,0,Withdrawn,7,1,1,1,1,1,0,1,0,0,0,1,1,1,1,3
AAA,2013J,489455,1,South West Region,A Level or Equivalent,20-30%,0-35,0,60,0,Pass,3,0,1,0,1,0,1,0,0,0,1,1,0,1,1,8
AAA,2013J,494424,1,North Region,A Level or Equivalent,80-90%,0-35,0,60,0,Fail,1,0,0,0,0,1,1,1,0,0,0,0,0,0,1,2
AAA,2013J,495284,0,South East Region,HE Qualification,80-90%,0-35,0,120,0,Pass,11,0,1,0,0,1,1,0,1,1,1,1,0,0,0,6
AAA,2013J,498857,0,North Western Region,HE Qualification,80-90%,35-55,0,60,0,Pass,13,0,0,0,1,0,0,0,0,1,1,0,1,0,0,5
AAA,2013J,508818,0,London Region,A Level or Equivalent,40-50%,0-35,0,120,0,Pass,5,1,0,0,1,0,1,1,1,0,1,0,1,0,0,9
AAA,2013J,512460,0,South East Region,HE Qualification,90-100%,0-35,0,120,0,Pass,5,1,1,0,0,1,0,1,1,1,0,0,0,1,1,9
AAA,2013J,544103,0,North Western Region,HE Qualification,40-50%,0-35,0,120,0,Pass,8,0,0,0,0,1,0,0,0,0,0,0,0,0,0,3
AAA,2013J,550383,0,South East Region,HE Qualification,60-70%,0-35,0,60,0,Pass,5,1,1,1,0,0,1,0,0,0,0,0,0,1,1,9
AAA,2013J,564450,0,West Midlands Region,HE Qualification,80-90%,0-35,0,120,0,Fail,10,0,0,1,0,1,1,1,1,1,0,0,1,1,1,1
AAA,2013J,568601,1,Scotland,HE Qualification,30-40%,0-35,0,60,0,Withdrawn,12,0,1,0,1,0,0,0,1,1,0,0,1,0,1,7
AAA,2013J,572652,0,West Midlands Region,HE Qualification,70-80%,0-35,0,120,0,Pass,8,0,1,1,0,0,1,0,0,0,1,0,1,1,1,3
AAA,2013J,580389,0,Ireland,HE Qualification,90-100%,0-35,0,120,0,Pass,16,0,0,0,1,1,0,1,1,0,1,0,1,1,0,10
AAA,2013J,581129,0,East Anglian Region,A Level or Equivalent,30-40%,0-35,0,120,0,Fail,11,1,1,1,0,1,1,0,1,1,1,1,0,1,0,6
AAA,2013J,588775,0,South West Region,A Level or Equivalent,90-100%,0-35,0,120,0,Pass,1,0,1,1,0,1,0,0,1,1,1,1,0,0,1,2
AAA,2013J,591774,0,South Region,Post Graduate Qualification,90-100%,35-55,0,60,0,Pass,15,1,0,0,0,1,1,0,0,0,0,1,0,0,0,10
AAA,2013J,603861,0,North Region,HE Qualification,,55<=,0,60,0,Withdrawn,9,1,1,1,1,1,1,1,1,1,0,0,0,0,1,4
AAA,2013J,606143,0,Scotland,Post Graduate Qualification,90-100%,35-55,0,60,0,Fail,7,0,1,1,0,1,1,1,0,0,0,0,1,0,1,3
AAA,2013J,704156,0,South Region,HE Qualification,90-100%,55<=,0,120,0,Pass,15,0,1,1,1,1,0,0,1,1,1,0,0,1,1,10
AAA,2013J,705379,0,West Midlands Region,A Level or Equivalent,60-70%,55<=,0,120,0,Distinction,5,1,1,1,0,1,1,1,0,1,0,1,0,1,1,9
AAA,2013J,721259,1,South Region,Lower Than A Level,50-60%,55<=,0,120,0,Withdrawn,6,0,0,1,0,0,0,1,1,1,0,1,1,1,1,9
AAA,2013J,749412,0,South Region,Lower Than A Level,70-80%,55<=,0,60,0,Pass,12,0,1,1,0,1,0,1,1,0,0,0,1,0,1,7
AAA,2013J,760729,0,West Midlands Region,A Level or Equivalent,60-70%,55<=,0,60,0,Distinction,13,1,1,1,0,0,0,0,1,1,1,1,0,1,1,5
AAA,2013J,905042,1,East Anglian Region,A Level or Equivalent,90-100%,35-55,0,60,0,Pass,14,0,1,1,1,1,1,0,0,1,1,1,0,0,0,5
AAA,2013J,949618,1,South West Region,A Level or Equivalent,50-60%,35-55,0,60,0,Pass,2,0,0,1,0,1,1,0,0,1,0,1,0,1,1,2
AAA,2013J,958987,0,North Western Region,HE Qualification,40-50%,35-55,0,60,0,Pass,16,0,0,1,0,0,0,1,0,0,0,1,1,0,1,10
AAA,2013J,968578,1,East Anglian Region,A Level or Equivalent,40-50%,35-55,0,60,0,Pass,9,0,0,1,1,0,0,1,1,1,1,1,1,1,1,4
AAA,2013J,969076,0,South West Region,A Level or Equivalent,80-90%,35-55,0,180,0,Withdrawn,2,1,0,1,1,0,1,0,0,0,0,0,0,0,0,2
AAA,2013J,971027,1,West Midlands Region,HE Qualification,90-100%,35-55,0,60,0,Pass,5,1,0,0,1,0,1,1,1,0,0,1,1,0,1,9
AAA,2013J,978739,0,South Region,HE Qualification,90-100%,35-55,0,60,0,Pass,16,1,1,1,1,1,1,1,0,0,1,1,1,0,1,10
AAA,2013J,1035023,1,London Region,Lower Than A Level,30-40%,35-55,0,60,0,Pass,3,1,1,0,1,1,0,0,1,1,0,1,0,0,0,8
AAA,2013J,1105478,0,Scotland,HE Qualification,80-90%,55<=,0,60,0,Pass,3,0,0,0,1,0,0,1,0,1,1,0,0,1,0,8
AAA,2013J,1352868,0,Yorkshire Region,A Level or Equivalent,20-30%,35-55,0,60,0,Withdrawn,4,0,0,0,1,0,0,0,0,0,1,1,1,0,1,8
AAA,2013J,1401935,0,West Midlands Region,A Level or Equivalent,70-80%,35-55,0,60,0,Fail,16,1,1,1,1,0,0,1,0,1,0,1,0,1,1,10
AAA,2013J,1402638,1,East Midlands Region,HE Qualification,30-40%,35-55,0,60,0,Pass,14,0,1,1,1,1,1,0,1,1,0,0,0,0,1,5
AAA,2013J,1414443,1,Yorkshire Region,A Level or Equivalent,20-Oct,35-55,0,120,0,Fail,15,1,1,0,1,0,1,0,1,1,0,1,0,1,1,10
AAA,2013J,1456619,0,South West Region,A Level or Equivalent,90-100%,35-55,0,60,0,Withdrawn,6,0,1,1,1,0,0,1,1,0,1,0,1,0,1,9
AAA,2013J,1465690,0,West Midlands Region,HE Qualification,40-50%,35-55,0,120,0,Pass,2,1,0,0,0,0,1,1,0,0,1,0,0,0,0,2
AAA,2013J,1472925,1,East Anglian Region,Lower Than A Level,40-50%,35-55,0,60,1,Fail,8,0,0,1,1,1,0,1,0,1,1,1,0,0,1,3
AAA,2013J,1488959,0,London Region,A Level or Equivalent,70-80%,35-55,0,60,0,Pass,4,0,0,0,0,0,1,1,1,1,1,0,1,0,0,8
AAA,2013J,1518989,1,South East Region,Lower Than A Level,80-90%,35-55,0,60,0,Pass,8,1,0,1,1,0,0,1,1,0,1,1,0,1,0,3
AAA,2013J,1618738,0,London Region,Lower Than A Level,90-100%,35-55,0,60,0,Pass,3,1,0,1,0,0,1,0,0,0,1,0,1,1,1,8
AAA,2013J,1620151,0,South Region,HE Qualification,90-100%,35-55,0,60,0,Fail,15,1,1,1,0,0,0,0,1,1,0,1,0,0,1,10
AAA,2013J,1626710,0,North Western Region,A Level or Equivalent,60-70%,35-55,0,60,0,Distinction,13,1,1,1,0,0,0,0,1,1,0,1,0,1,1,5
AAA,2013J,1640609,0,West Midlands Region,A Level or Equivalent,30-40%,35-55,0,60,0,Pass,15,1,1,0,1,1,1,1,1,0,0,0,0,0,1,10
AAA,2013J,1686521,1,North Western Region,Lower Than A Level,50-60%,35-55,0,60,0,Withdrawn,9,0,0,1,1,0,1,0,0,1,0,0,1,1,0,4
AAA,2013J,1729319,1,Scotland,HE Qualification,40-50%,35-55,0,60,0,Pass,12,0,0,1,0,0,1,0,1,0,1,1,1,1,1,7
AAA,2013J,1746134,0,East Anglian Region,A Level or Equivalent,60-70%,35-55,0,60,0,Pass,16,0,0,0,0,1,1,0,1,1,0,1,1,1,1,10
AAA,2013J,1758449,0,South Region,Lower Than A Level,30-40%,35-55,0,75,0,Withdrawn,1,0,0,1,1,0,0,0,0,1,0,0,0,1,1,2
AAA,2013J,1763015,1,Scotland,A Level or Equivalent,20-Oct,35-55,0,60,0,Withdrawn,1,1,1,1,1,1,1,1,0,0,0,0,1,0,1,2
AAA,2013J,1765788,0,South East Region,HE Qualification,70-80%,55<=,0,60,0,Pass,15,0,0,1,1,0,1,1,1,0,0,0,1,1,0,10
AAA,2013J,1801229,0,Ireland,HE Qualification,,35-55,0,60,0,Pass,7,0,0,1,1,0,1,0,1,0,1,0,1,0,1,3
AAA,2013J,1801641,0,Scotland,A Level or Equivalent,30-40%,35-55,0,60,0,Pass,16,1,0,1,0,0,0,0,0,1,0,0,0,1,0,10
AAA,2013J,1847830,0,South West Region,Lower Than A Level,40-50%,35-55,0,60,0,Pass,6,1,0,1,1,0,1,1,1,1,0,0,1,0,0,9
AAA,2013J,1860318,0,South West Region,Lower Than A Level,40-50%,35-55,0,300,1,Pass,15,0,0,1,0,0,1,0,1,0,1,1,1,0,1,10
AAA,2013J,1889511,0,Yorkshire Region,A Level or Equivalent,50-60%,35-55,0,60,0,Pass,4,1,0,1,1,0,1,0,0,1,1,0,0,1,1,8
AAA,2013J,1889577,1,South Region,A Level or Equivalent,70-80%,35-55,0,60,1,Pass,15,1,0,1,1,0,0,0,0,0,0,1,0,0,0,10
AAA,2013J,1894188,1,East Midlands Region,A Level or Equivalent,80-90%,0-35,0,60,0,Pass,9,1,0,0,1,0,1,1,0,1,0,0,1,1,1,4
AAA,2013J,1938355,0,South Region,A Level or Equivalent,90-100%,35-55,0,60,0,Pass,12,1,0,0,1,1,1,0,0,1,0,0,1,1,0,7
AAA,2013J,1942396,1,East Anglian Region,Lower Than A Level,40-50%,35-55,0,120,1,Pass,1,0,1,1,1,1,0,1,0,0,1,1,0,1,0,2
AAA,2013J,1970390,0,West Midlands Region,Lower Than A Level,0-10%,35-55,0,60,0,Withdrawn,15,1,0,1,1,1,1,1,1,0,1,0,1,1,1,10
AAA,2013J,1976139,0,Ireland,Lower Than A Level,50-60%,35-55,0,120,0,Pass,2,0,0,1,0,0,1,0,0,0,0,0,0,1,1,2
AAA,2013J,2011876,1,East Anglian Region,A Level or Equivalent,90-100%,0-35,0,60,1,Pass,12,1,0,1,0,0,1,0,1,1,0,1,1,1,1,7
AAA,2013J,2012966,0,North Western Region,Lower Than A Level,30-40%,35-55,0,60,0,Pass,13,1,1,1,0,0,0,1,0,0,0,0,1,0,0,5
AAA,2013J,2051699,1,South West Region,Lower Than A Level,70-80%,35-55,0,60,0,Pass,14,1,1,0,0,1,0,1,0,0,1,1,0,1,0,5
AAA,2013J,2062879,1,East Anglian Region,A Level or Equivalent,60-70%,0-35,0,60,0,Fail,15,1,1,0,1,1,1,1,1,1,1,1,0,0,0,10
AAA,2013J,2065691,0,London Region,A Level or Equivalent,30-40%,35-55,0,330,1,Withdrawn,10,0,0,1,1,0,0,1,0,1,1,1,1,1,1,1
AAA,2013J,2073016,1,London Region,Lower Than A Level,30-40%,35-55,0,60,0,Withdrawn,7,0,0,1,0,1,0,1,1,1,0,1,0,1,0,3
AAA,2013J,2080474,1,South Region,A Level or Equivalent,90-100%,35-55,0,60,0,Pass,16,1,0,1,1,1,0,1,1,0,1,1,0,0,0,10
AAA,2013J,2083877,1,West Midlands Region,A Level or Equivalent,0-10%,0-35,0,120,0,Pass,10,1,1,0,1,1,1,0,1,1,0,0,0,1,1,1
AAA,2013J,2084066,1,South West Region,Lower Than A Level,50-60%,35-55,0,60,0,Fail,7,1,0,0,1,0,1,1,0,0,1,0,1,1,1,3
AAA,2013J,2104505,0,West Midlands Region,Lower Than A Level,0-10%,35-55,0,60,0,Pass,4,1,1,1,0,0,0,1,1,0,1,1,0,0,1,8
AAA,2013J,2122180,1,North Western Region,Lower Than A Level,80-90%,35-55,0,60,0,Distinction,3,0,1,1,1,0,1,1,0,0,0,1,1,0,0,8
AAA,2013J,2139353,0,London Region,A Level or Equivalent,50-60%,35-55,0,120,0,Withdrawn,2,1,0,0,1,0,1,1,1,0,1,0,0,1,0,2
AAA,2013J,2143752,1,South Region,Lower Than A Level,70-80%,35-55,0,60,0,Pass,15,1,1,0,0,1,0,0,0,0,1,0,1,1,0,10
AAA,2013J,2146792,0,North Western Region,HE Qualification,20-30%,55<=,0,60,0,Pass,2,0,0,1,1,1,0,0,1,0,1,1,1,0,1,2
AAA,2013J,2149225,0,Scotland,A Level or Equivalent,70-80%,35-55,0,60,1,Withdrawn,9,0,0,1,1,1,0,0,1,0,0,1,0,0,0,4
AAA,2013J,2153153,1,Yorkshire Region,A Level or Equivalent,40-50%,0-35,0,60,0,Pass,15,1,1,1,0,1,1,0,1,0,1,0,0,1,0,10
AAA,2013J,2155014,1,West Midlands Region,Lower Than A Level,80-90%,0-35,0,60,1,Pass,12,0,1,1,1,1,1,1,1,0,0,0,0,1,0,7
AAA,2013J,2164705,1,North Western Region,A Level or Equivalent,40-50%,0-35,0,120,0,Fail,9,1,1,1,0,0,0,1,0,0,1,0,0,0,1,4
AAA,2013J,2171627,1,Yorkshire Region,A Level or Equivalent,30-40%,35-55,0,60,0,Pass,5,1,1,1,1,1,1,0,1,0,0,0,0,1,1,9
AAA,2013J,2182846,1,London Region,A Level or Equivalent,70-80%,35-55,0,60,0,Pass,11,1,1,1,0,1,1,1,0,0,0,1,0,0,1,6
AAA,2013J,2194100,1,East Anglian Region,A Level or Equivalent,50-60%,35-55,0,60,0,Pass,12,0,0,0,0,1,1,1,0,0,0,0,1,0,0,7
AAA,2013J,2197016,1,North Western Region,HE Qualification,30-40%,35-55,0,60,0,Pass,13,1,1,0,1,0,0,0,1,1,0,1,0,1,1,5
AAA,2013J,2208424,0,Scotland,A Level or Equivalent,20-30%,0-35,0,60,0,Pass,14,0,0,1,1,1,0,0,1,1,0,0,1,1,1,5
AAA,2013J,2229865,1,West Midlands Region,A Level or Equivalent,20-Oct,35-55,0,60,0,Pass,6,0,0,0,1,0,1,0,1,1,0,0,0,0,1,9
AAA,2013J,2255601,1,South Region,A Level or Equivalent,80-90%,35-55,0,120,0,Withdrawn,9,0,0,1,1,1,0,0,1,1,1,0,0,0,0,4
AAA,2013J,2268379,1,East Midlands Region,A Level or Equivalent,20-30%,0-35,0,60,0,Pass,14,0,0,0,1,0,1,0,0,1,0,0,0,1,0,5
AAA,2013J,2278464,0,South Region,Lower Than A Level,30-40%,35-55,0,60,0,Pass,4,0,1,1,1,0,1,0,1,0,0,0,1,1,0,8
AAA,2013J,2293923,0,South Region,A Level or Equivalent,90-100%,0-35,0,150,0,Pass,10,0,0,1,0,0,1,0,1,0,0,1,0,1,0,1
AAA,2013J,2312620,1,East Midlands Region,HE Qualification,20-30%,35-55,0,60,0,Withdrawn,9,1,1,1,1,0,1,1,1,0,0,0,1,1,1,4
AAA,2013J,2318055,0,Wales,A Level or Equivalent,90-100%,35-55,0,60,0,Withdrawn,8,1,0,1,0,0,1,0,1,0,0,1,0,1,0,3
AAA,2013J,2324976,1,Scotland,HE Qualification,90-100%,35-55,0,60,0,Withdrawn,9,0,0,1,0,1,1,1,1,0,1,0,1,1,0,4
AAA,2013J,2329342,1,East Anglian Region,Lower Than A Level,40-50%,35-55,0,120,0,Pass,14,0,1,1,1,0,1,1,1,0,1,0,0,1,0,5
AAA,2013J,2339528,1,London Region,Lower Than A Level,40-50%,0-35,0,60,0,Distinction,16,0,0,0,0,0,0,1,1,1,0,1,1,1,0,10
AAA,2013J,2342426,0,Yorkshire Region,Lower Than A Level,20-30%,35-55,0,60,0,Fail,10,0,0,1,0,1,0,1,1,1,0,1,1,1,0,1
AAA,2013J,2344901,1,Yorkshire Region,A Level or Equivalent,60-70%,0-35,0,60,0,Fail,7,1,1,0,0,0,0,1,1,1,1,0,1,1,1,3
AAA,2013J,2358056,1,North Region,HE Qualification,,0-35,0,60,0,Fail,8,1,0,0,1,1,0,0,1,1,1,0,0,0,1,3
AAA,2013J,2358969,1,East Anglian Region,A Level or Equivalent,70-80%,0-35,0,180,0,Withdrawn,15,1,1,0,1,0,1,1,1,1,1,1,0,0,1,10
AAA,2013J,2364471,1,Scotland,HE Qualification,90-100%,0-35,0,60,1,Pass,3,0,0,0,0,1,0,1,0,0,0,0,1,0,0,8
AAA,2013J,2365101,0,South East Region,HE Qualification,20-30%,0-35,0,300,0,Withdrawn,9,0,1,1,0,0,1,0,0,0,0,0,1,1,0,4
AAA,2013J,2367155,1,East Anglian Region,A Level or Equivalent,80-90%,0-35,0,120,0,Pass,2,0,0,0,1,1,1,0,0,1,0,1,1,1,1,2
AAA,2013J,2369266,1,London Region,Lower Than A Level,70-80%,35-55,0,60,0,Pass,2,1,1,1,1,0,0,1,0,1,1,1,0,1,1,2
AAA,2013J,2376496,1,East Midlands Region,A Level or Equivalent,20-30%,0-35,0,120,0,Pass,4,1,1,1,1,0,0,1,1,1,1,0,1,1,0,8
AAA,2013J,2391984,0,South Region,A Level or Equivalent,90-100%,0-35,0,60,0,Withdrawn,11,1,0,1,0,0,1,1,0,1,0,1,1,1,1,6
AAA,2013J,2411661,1,South Region,A Level or Equivalent,80-90%,0-35,0,120,0,Fail,5,0,1,0,1,0,1,1,0,0,0,0,1,1,0,9
AAA,2013J,2411778,0,Scotland,HE Qualification,20-30%,0-35,0,120,0,Withdrawn,8,1,1,0,0,1,1,1,0,0,1,1,0,1,0,3
AAA,2013J,2412002,0,South West Region,Lower Than A Level,50-60%,35-55,0,90,0,Distinction,14,1,0,1,1,1,1,1,1,0,0,0,1,0,0,5
AAA,2013J,2412967,1,South Region,A Level or Equivalent,80-90%,35-55,0,60,0,Pass,4,0,1,1,1,0,0,0,0,1,0,0,0,1,0,8
AAA,2013J,2429854,0,London Region,A Level or Equivalent,20-Oct,35-55,0,120,1,Withdrawn,15,1,1,0,0,0,0,1,1,1,0,1,0,0,0,10
AAA,2013J,2437837,1,North Region,A Level or Equivalent,30-40%,0-35,0,60,0,Pass,12,1,1,0,0,1,1,0,1,1,1,1,0,1,0,7
AAA,2013J,2449878,1,East Midlands Region,A Level or Equivalent,30-40%,0-35,0,60,0,Pass,15,1,0,0,1,0,1,0,0,1,0,0,1,0,1,10
AAA,2013J,2456480,0,Scotland,Lower Than A Level,80-90%,35-55,0,120,0,Fail,4,0,0,1,1,1,0,1,1,1,0,1,0,0,0,8
AAA,2013J,2457256,0,South Region,Lower Than A Level,80-90%,35-55,0,180,0,Pass,16,0,1,1,0,0,1,0,0,1,0,0,0,1,0,10
AAA,2013J,2458355,0,London Region,Lower Than A Level,80-90%,35-55,0,60,0,Pass,8,0,0,1,0,1,1,1,0,0,0,0,0,1,1,3
AAA,2013J,2460080,0,Scotland,HE Qualification,90-100%,55<=,0,60,0,Pass,13,0,1,1,1,1,1,0,1,1,1,0,0,1,0,5
AAA,2013J,2461190,0,South Region,HE Qualification,70-80%,55<=,0,60,0,Fail,12,1,0,1,1,0,0,0,0,1,0,0,1,0,0,7
AAA,2013J,2469673,1,Yorkshire Region,Lower Than A Level,20-30%,35-55,0,60,0,Fail,12,0,1,1,1,1,0,1,0,0,0,0,1,0,1,7
AAA,2013J,2470694,1,Scotland,HE Qualification,50-60%,55<=,0,60,0,Withdrawn,10,0,1,0,0,1,0,1,0,0,1,1,1,1,1,1
AAA,2013J,2479954,0,North Western Region,A Level or Equivalent,40-50%,0-35,0,60,0,Pass,7,1,0,0,1,1,1,0,1,0,0,1,0,0,0,3
AAA,2013J,2481901,0,Wales,Lower Than A Level,80-90%,35-55,0,60,0,Pass,12,1,0,1,0,1,1,0,0,0,0,1,1,1,1,7
AAA,2013J,2482700,0,South Region,Lower Than A Level,90-100%,0-35,0,120,0,Pass,12,0,1,0,1,0,1,0,0,1,1,1,1,0,1,7
AAA,2013J,2486127,1,East Anglian Region,HE Qualification,90-100%,0-35,0,120,0,Pass,9,0,0,0,0,1,0,1,0,0,0,1,0,0,1,4
AAA,2013J,2498700,1,North Western Region,Lower Than A Level,40-50%,0-35,0,240,0,Pass,7,0,0,1,1,1,0,0,1,0,1,1,0,0,1,3
AAA,2013J,2516503,0,South East Region,HE Qualification,40-50%,35-55,0,60,0,Pass,6,1,0,1,0,0,1,1,1,0,1,0,1,0,0,9
AAA,2013J,2518069,0,East Midlands Region,A Level or Equivalent,90-100%,0-35,0,60,0,Pass,6,0,0,1,0,1,0,1,1,0,1,1,0,1,0,9
AAA,2013J,2521459,1,London Region,Lower Than A Level,20-Oct,0-35,0,60,0,Pass,14,1,1,1,0,1,0,1,1,0,0,0,0,1,1,5
AAA,2013J,2523736,0,North Western Region,A Level or Equivalent,20-30%,55<=,0,120,0,Pass,12,0,0,1,1,1,1,1,1,0,0,1,0,0,1,7
AAA,2013J,2529279,1,North Western Region,HE Qualification,60-70%,35-55,0,60,0,Pass,10,1,0,1,0,1,1,0,0,1,1,1,0,1,1,1
AAA,2013J,2532302,1,East Anglian Region,A Level or Equivalent,80-90%,0-35,0,60,0,Pass,13,0,0,0,0,0,0,1,0,1,1,1,1,1,1,5
AAA,2013J,2536991,0,South Region,HE Qualification,90-100%,55<=,0,60,0,Distinction,13,0,0,1,0,0,1,1,0,0,0,0,0,0,1,5
AAA,2013J,2542724,1,West Midlands Region,Lower Than A Level,40-50%,0-35,0,60,0,Withdrawn,4,0,1,1,1,1,1,1,0,0,0,0,0,1,0,8
AAA,2013J,2550279,1,North Region,HE Qualification,,35-55,0,60,0,Pass,13,1,1,1,0,0,1,0,0,0,0,0,1,1,0,5
AAA,2013J,2551220,1,South Region,Lower Than A Level,90-100%,0-35,0,60,0,Pass,6,1,1,1,1,1,1,0,0,1,1,0,0,0,0,9
AAA,2013J,2552472,1,South Region,HE Qualification,80-90%,35-55,0,120,0,Withdrawn,15,0,0,1,1,0,1,0,0,1,1,1,1,1,1,10
AAA,2013J,2555340,1,South Region,HE Qualification,90-100%,35-55,0,60,0,Pass,5,1,0,0,0,1,1,0,0,0,1,0,0,1,1,9
AAA,2013J,2557283,0,Yorkshire Region,HE Qualification,80-90%,55<=,0,60,0,Pass,13,0,0,1,1,0,0,0,1,0,1,0,0,0,0,5
AAA,2013J,2559575,0,South West Region,Lower Than A Level,30-40%,0-35,0,60,0,Pass,15,1,0,0,1,0,0,0,1,0,0,0,0,0,0,10
AAA,2013J,2562034,0,East Anglian Region,A Level or Equivalent,70-80%,0-35,0,60,0,Pass,6,1,1,0,1,0,0,1,1,1,0,0,0,1,1,9
AAA,2013J,2566163,1,South Region,A Level or Equivalent,80-90%,0-35,0,60,0,Pass,10,1,0,0,0,1,1,0,0,1,1,1,1,1,0,1
AAA,2013J,2566592,1,South Region,A Level or Equivalent,90-100%,35-55,0,60,0,Pass,3,1,1,0,1,0,1,1,0,0,0,0,1,1,0,8
AAA,2013J,2569324,0,South Region,A Level or Equivalent,90-100%,0-35,0,120,0,Withdrawn,13,1,1,1,0,1,0,1,1,1,1,0,1,1,1,5
AAA,2013J,2574528,0,Ireland,HE Qualification,,35-55,0,60,0,Pass,12,1,1,1,1,0,1,1,1,0,1,0,0,0,0,7
AAA,2013J,2574583,0,Yorkshire Region,Lower Than A Level,70-80%,35-55,0,60,0,Pass,2,1,1,1,0,0,0,0,0,0,0,0,1,0,1,2
AAA,2013J,2576122,0,North Western Region,A Level or Equivalent,70-80%,0-35,0,60,0,Withdrawn,7,0,1,1,0,0,0,0,0,0,0,1,1,1,1,3
AAA,2013J,2578995,1,West Midlands Region,A Level or Equivalent,20-Oct,0-35,0,60,1,Pass,2,0,1,1,1,1,0,0,1,1,1,0,1,0,0,2
AAA,2013J,2586560,1,East Anglian Region,Lower Than A Level,80-90%,35-55,0,60,0,Pass,2,0,1,0,1,1,1,1,1,1,1,0,1,1,1,2
AAA,2013J,2594139,1,South West Region,A Level or Equivalent,50-60%,0-35,0,60,0,Pass,9,0,0,1,1,0,1,1,0,0,0,1,0,0,0,4
AAA,2013J,2598871,1,East Anglian Region,A Level or Equivalent,80-90%,35-55,0,60,0,Pass,14,1,0,1,1,0,1,1,1,1,0,0,1,1,1,5
AAA,2013J,2599352,1,Scotland,A Level or Equivalent,30-40%,0-35,0,120,0,Pass,9,0,1,0,0,1,0,1,1,1,0,0,0,0,1,4
AAA,2013J,2600688,0,West Midlands Region,A Level or Equivalent,20-30%,0-35,0,60,0,Pass,11,0,1,0,0,0,0,0,0,1,0,0,0,0,1,6
AAA,2013J,2606098,1,East Midlands Region,A Level or Equivalent,90-100%,0-35,0,60,0,Pass,12,1,0,0,0,1,1,1,1,0,1,1,0,1,0,7
AAA,2013J,2613116,1,London Region,Lower Than A Level,20-Oct,35-55,0,60,0,Pass,9,1,1,1,1,0,1,1,0,0,0,0,0,1,0,4
AAA,2013J,2617002,1,Yorkshire Region,A Level or Equivalent,80-90%,0-35,0,60,0,Pass,11,0,1,0,1,0,1,0,1,0,0,1,1,1,1,6
AAA,2013J,2620584,0,West Midlands Region,A Level or Equivalent,40-50%,0-35,0,60,1,Fail,14,1,0,1,1,0,0,1,1,0,0,1,0,1,1,5
AAA,2013J,2639449,0,East Midlands Region,A Level or Equivalent,20-Oct,0-35,0,120,0,Pass,1,1,0,1,1,0,1,1,1,1,0,1,1,0,1,2
AAA,2013J,2639540,1,North Western Region,A Level or Equivalent,90-100%,35-55,0,60,0,Pass,5,1,0,1,0,0,0,0,1,0,1,1,1,0,1,9
AAA,2013J,2639641,0,South East Region,Lower Than A Level,30-40%,35-55,0,120,0,Pass,6,1,1,0,1,0,0,1,0,1,1,1,0,0,0,9
AAA,2013J,2641155,0,East Midlands Region,Lower Than A Level,50-60%,35-55,0,60,0,Pass,11,0,0,0,1,0,1,0,0,1,1,1,0,0,0,6
AAA,2013J,2643002,1,South West Region,A Level or Equivalent,80-90%,35-55,0,60,0,Pass,6,1,0,1,0,1,1,0,0,0,0,0,1,1,0,9
AAA,2013J,2645733,1,South West Region,A Level or Equivalent,40-50%,0-35,0,180,0,Pass,4,0,1,1,0,0,0,1,0,1,1,0,0,0,0,8
AAA,2013J,2649826,0,East Anglian Region,Lower Than A Level,60-70%,35-55,0,60,0,Distinction,2,1,1,1,1,1,1,0,1,0,0,0,0,1,1,2
AAA,2013J,2650282,0,London Region,A Level or Equivalent,0-10%,35-55,0,60,0,Pass,13,1,1,0,0,0,1,0,0,0,0,0,1,1,0,5
AAA,2013J,2664024,0,South East Region,HE Qualification,90-100%,35-55,0,60,0,Pass,13,0,1,0,0,1,0,1,0,0,1,1,0,0,0,5
AAA,2013J,2666246,0,North Western Region,A Level or Equivalent,90-100%,0-35,0,60,0,Pass,7,1,0,1,0,0,1,1,0,0,1,0,1,0,0,3
AAA,2013J,2669816,0,Yorkshire Region,A Level or Equivalent,90-100%,0-35,0,60,0,Fail,16,1,1,1,0,1,0,0,1,0,0,1,1,0,0,10
AAA,2013J,2671132,0,London Region,HE Qualification,20-30%,55<=,0,60,0,Pass,2,0,1,1,0,1,1,1,1,0,1,0,0,0,0,2
AAA,2013J,2676809,1,North Region,HE Qualification,20-Oct,0-35,0,150,0,Fail,7,1,1,1,0,0,0,0,0,1,0,1,0,1,0,3
AAA,2013J,2678643,1,South Region,A Level or Equivalent,80-90%,0-35,0,60,0,Pass,16,0,0,1,1,1,0,1,0,0,0,1,1,0,0,10
AAA,2013J,2685865,1,East Midlands Region,Lower Than A Level,30-40%,0-35,0,60,0,Pass,9,1,0,0,1,1,0,0,0,0,0,0,1,1,0,4
AAA,2013J,2688067,0,East Anglian Region,A Level or Equivalent,20-Oct,0-35,0,60,0,Pass,12,1,0,1,0,1,0,1,1,1,1,1,1,1,0,7
AAA,2013J,2689958,0,East Anglian Region,A Level or Equivalent,40-50%,35-55,0,60,0,Distinction,3,0,1,0,1,1,0,0,0,0,1,1,0,0,0,8
AAA,2013J,2691206,1,West Midlands Region,A Level or Equivalent,50-60%,0-35,0,60,0,Distinction,7,0,1,0,0,1,0,1,0,0,1,0,1,1,1,3
AAA,2013J,2691244,0,South Region,A Level or Equivalent,40-50%,35-55,0,180,0,Pass,3,1,1,0,1,1,0,1,1,0,1,0,1,1,0,8
AAA,2013J,2694424,0,East Anglian Region,A Level or Equivalent,70-80%,35-55,0,120,0,Pass,11,1,1,0,0,1,1,1,1,1,0,1,0,1,0,6
AAA,2013J,2698257,0,East Midlands Region,Lower Than A Level,60-70%,0-35,0,120,0,Pass,11,0,0,1,0,1,0,0,0,0,1,1,1,1,0,6
AAA,2014J,6516,0,Scotland,HE Qualification,80-90%,55<=,0,60,0,Pass,2,1,1,1,0,0,0,0,1,0,0,1,0,1,0,2
AAA,2014J,24734,1,South Region,Lower Than A Level,60-70%,0-35,0,60,0,Pass,8,0,0,0,1,0,0,0,1,0,0,0,1,0,0,3
AAA,2014J,26192,1,East Anglian Region,A Level or Equivalent,60-70%,35-55,0,60,0,Distinction,8,1,1,0,0,0,0,1,1,0,0,1,0,1,1,3
AAA,2014J,28061,0,Yorkshire Region,Lower Than A Level,40-50%,35-55,0,60,0,Pass,5,0,1,1,1,0,1,0,0,1,0,1,0,1,1,9
AAA,2014J,31600,1,South West Region,A Level or Equivalent,40-50%,0-35,0,60,0,Pass,6,0,0,1,1,1,0,1,1,1,1,1,1,1,1,9
AAA,2014J,46844,0,North Region,HE Qualification,30-40%,35-55,0,60,0,Pass,3,1,1,1,1,1,0,0,1,0,0,0,0,0,1,8
AAA,2014J,52765,1,Yorkshire Region,Lower Than A Level,0-10%,35-55,0,120,0,Pass,8,1,1,0,1,0,1,0,0,0,0,1,0,0,0,3
AAA,2014J,55104,1,West Midlands Region,A Level or Equivalent,60-70%,0-35,0,60,0,Pass,8,1,0,0,1,1,1,1,1,0,1,0,1,0,0,3
AAA,2014J,58071,0,East Anglian Region,HE Qualification,90-100%,55<=,0,60,0,Pass,14,0,1,0,0,0,0,1,0,0,1,0,0,1,0,5
AAA,2014J,58316,1,Wales,A Level or Equivalent,70-80%,0-35,0,120,0,Pass,16,0,1,0,0,0,0,1,0,1,0,0,1,1,0,10
AAA,2014J,62487,1,East Midlands Region,A Level or Equivalent,20-Oct,0-35,0,60,0,Pass,4,1,0,1,1,1,1,1,0,1,1,1,0,0,0,8
AAA,2014J,63165,0,South East Region,A Level or Equivalent,80-90%,35-55,0,60,0,Pass,2,0,1,1,1,1,1,1,0,1,1,1,1,1,1,2
AAA,2014J,65002,1,East Anglian Region,A Level or Equivalent,70-80%,0-35,1,60,0,Fail,8,0,0,1,0,0,1,1,0,0,1,1,0,0,1,3
AAA,2014J,70011,1,Scotland,HE Qualification,40-50%,0-35,0,60,0,Pass,10,0,0,1,1,0,1,0,0,0,0,0,0,0,0,1
AAA,2014J,75255,0,North Western Region,A Level or Equivalent,40-50%,0-35,0,120,0,Pass,3,0,0,0,0,0,1,1,0,1,0,1,1,0,0,8
AAA,2014J,79403,0,South Region,Lower Than A Level,80-90%,35-55,0,60,0,Withdrawn,16,1,1,0,0,0,1,0,1,0,1,0,0,1,1,10
AAA,2014J,85092,1,South West Region,Lower Than A Level,30-40%,0-35,0,60,0,Pass,11,1,0,0,0,1,1,1,1,1,1,1,1,1,0,6
AAA,2014J,85144,0,Scotland,A Level or Equivalent,50-60%,35-55,0,60,0,Pass,4,1,0,0,0,0,0,1,1,0,0,0,1,0,1,8
AAA,2014J,85302,0,London Region,Lower Than A Level,80-90%,35-55,0,60,0,Pass,16,1,1,0,1,0,1,0,0,1,1,1,1,0,0,10
AAA,2014J,87431,0,South East Region,Lower Than A Level,20-Oct,35-55,0,60,0,Withdrawn,3,0,0,1,0,0,0,0,0,0,0,1,0,1,0,8
AAA,2014J,94961,0,South Region,Lower Than A Level,70-80%,35-55,1,60,0,Pass,1,1,1,1,0,0,0,1,0,1,1,0,0,1,1,2
AAA,2014J,95755,0,South East Region,Lower Than A Level,90-100%,0-35,0,60,0,Withdrawn,11,0,0,1,0,0,1,0,1,0,1,1,1,0,0,6
AAA,2014J,101116,1,East Anglian Region,Lower Than A Level,60-70%,35-55,0,60,0,Pass,4,1,0,1,0,1,1,0,1,1,1,0,0,0,1,8
AAA,2014J,107489,1,London Region,HE Qualification,20-30%,0-35,0,60,0,Pass,8,1,0,1,1,1,0,0,1,1,1,0,1,0,1,3
AAA,2014J,108872,0,London Region,HE Qualification,80-90%,55<=,0,60,0,Pass,15,1,1,1,1,0,0,1,0,1,1,0,0,1,0,10
AAA,2014J,109155,1,South Region,HE Qualification,90-100%,0-35,0,60,0,Pass,13,1,0,0,1,0,1,1,1,1,1,0,1,1,0,5
AAA,2014J,111512,0,Wales,A Level or Equivalent,40-50%,0-35,0,60,0,Fail,10,1,1,1,1,1,0,0,1,1,0,0,1,1,1,1
AAA,2014J,117818,1,London Region,A Level or Equivalent,40-50%,35-55,0,60,0,Pass,13,1,1,0,0,1,1,1,1,0,0,0,1,1,1,5
AAA,2014J,119902,1,South West Region,A Level or Equivalent,60-70%,35-55,0,60,0,Withdrawn,8,1,0,0,1,0,0,0,1,0,1,1,0,0,0,3
AAA,2014J,121349,1,South West Region,A Level or Equivalent,40-50%,35-55,1,60,0,Pass,13,0,0,0,1,0,1,0,1,1,1,0,1,1,0,5
AAA,2014J,124064,1,South East Region,A Level or Equivalent,60-70%,0-35,0,120,0,Distinction,9,0,0,0,0,0,1,1,0,1,1,1,0,1,0,4
AAA,2014J,125018,0,South Region,HE Qualification,70-80%,35-55,0,60,0,Pass,5,1,0,1,0,0,0,1,1,0,1,0,0,0,1,9
AAA,2014J,129955,0,West Midlands Region,A Level or Equivalent,50-60%,0-35,1,60,0,Withdrawn,15,1,0,0,1,1,1,0,0,1,1,0,0,1,0,10
AAA,2014J,130034,1,East Anglian Region,A Level or Equivalent,60-70%,35-55,0,60,0,Pass,6,0,1,1,0,1,0,1,0,0,0,1,1,1,0,9
AAA,2014J,130547,1,South Region,A Level or Equivalent,70-80%,35-55,0,60,0,Pass,14,1,1,0,0,0,0,0,1,0,0,1,1,0,0,5
AAA,2014J,130636,0,South East Region,A Level or Equivalent,20-Oct,0-35,0,60,0,Pass,10,1,1,0,1,1,0,0,1,1,1,1,1,1,0,1
AAA,2014J,131390,0,East Anglian Region,A Level or Equivalent,90-100%,35-55,0,60,0,Pass,11,1,1,1,1,0,0,0,0,1,0,0,0,0,0,6
AAA,2014J,133816,1,South Region,A Level or Equivalent,70-80%,35-55,0,60,0,Pass,15,1,1,0,0,0,1,0,1,1,0,1,0,0,1,10
AAA,2014J,133922,0,North Region,Lower Than A Level,0-10%,0-35,0,60,0,Pass,12,1,1,0,0,1,0,1,1,1,0,1,1,1,0,7
AAA,2014J,135335,1,East Anglian Region,Lower Than A Level,20-30%,0-35,1,120,0,Withdrawn,16,1,1,1,1,0,1,1,0,1,1,1,1,1,0,10
AAA,2014J,135400,1,South East Region,Lower Than A Level,90-100%,35-55,1,60,1,Pass,12,0,0,0,1,1,0,0,1,1,1,0,0,1,1,7
AAA,2014J,135471,0,East Anglian Region,Lower Than A Level,90-100%,35-55,0,60,0,Distinction,14,0,0,0,1,1,1,1,0,0,1,1,0,0,1,5
AAA,2014J,139033,0,South East Region,A Level or Equivalent,90-100%,35-55,0,60,0,Fail,3,0,0,1,0,0,1,1,0,1,0,0,0,0,1,8
AAA,2014J,141377,0,South West Region,A Level or Equivalent,90-100%,0-35,1,210,0,Pass,15,1,0,1,1,1,0,0,0,1,1,0,0,0,1,10
AAA,2014J,141506,0,Scotland,A Level or Equivalent,20-30%,35-55,0,60,0,Fail,7,0,1,1,0,0,0,1,1,0,0,0,0,1,0,3
AAA,2014J,146503,0,East Anglian Region,Lower Than A Level,30-40%,35-55,0,120,1,Pass,11,0,0,0,0,0,1,1,1,0,1,0,1,0,0,6
AAA,2014J,147756,0,North Region,Lower Than A Level,60-70%,0-35,1,120,0,Pass,1,0,1,1,0,0,1,1,1,0,1,0,1,0,0,2
AAA,2014J,148993,1,North Western Region,A Level or Equivalent,30-40%,35-55,1,60,1,Pass,8,1,0,0,1,0,1,1,0,0,0,1,1,1,0,3
AAA,2014J,149741,1,Scotland,A Level or Equivalent,20-30%,35-55,0,60,0,Pass,12,0,1,1,1,0,0,1,1,1,0,1,0,1,0,7
AAA,2014J,149962,0,West Midlands Region,A Level or Equivalent,60-70%,0-35,0,60,0,Pass,8,1,0,0,1,1,1,1,0,1,0,0,0,1,1,3
AAA,2014J,151587,1,Wales,A Level or Equivalent,0-10%,0-35,0,120,0,Withdrawn,12,0,1,0,0,0,1,1,1,1,1,1,0,0,0,7
AAA,2014J,152668,1,South Region,Lower Than A Level,90-100%,0-35,0,60,0,Withdrawn,16,1,1,1,0,1,1,0,1,1,1,1,1,1,1,10
AAA,2014J,155984,1,East Anglian Region,Lower Than A Level,70-80%,0-35,1,120,0,Pass,9,0,1,0,0,0,0,1,1,0,0,1,1,1,1,4
AAA,2014J,158707,1,South East Region,A Level or Equivalent,80-90%,0-35,0,60,0,Withdrawn,12,1,1,0,0,0,0,1,0,0,0,1,0,0,0,7
AAA,2014J,159954,0,East Midlands Region,A Level or Equivalent,40-50%,35-55,1,60,0,Withdrawn,5,1,0,0,1,0,0,0,1,0,1,1,0,0,1,9
AAA,2014J,164944,1,East Anglian Region,A Level or Equivalent,40-50%,0-35,0,60,1,Pass,12,1,1,1,0,0,0,1,0,0,1,1,0,1,0,7
AAA,2014J,165226,1,Wales,A Level or Equivalent,30-40%,0-35,0,60,0,Fail,5,0,0,1,0,1,1,0,1,0,1,0,1,0,0,9
AAA,2014J,167961,0,South West Region,HE Qualification,70-80%,55<=,0,60,0,Pass,11,0,0,0,0,0,0,0,0,1,1,1,1,1,0,6
AAA,2014J,174024,0,North Region,A Level or Equivalent,20-Oct,35-55,0,60,0,Pass,16,1,0,1,0,1,1,1,0,1,1,0,0,0,0,10
AAA,2014J,174094,1,South East Region,Lower Than A Level,30-40%,35-55,0,60,1,Pass,10,0,0,0,1,1,1,1,0,1,0,1,0,0,1,1
AAA,2014J,174745,1,East Midlands Region,A Level or Equivalent,70-80%,35-55,0,60,0,Pass,12,0,1,1,1,1,1,0,0,1,1,1,1,1,0,7
AAA,2014J,175447,0,London Region,A Level or Equivalent,50-60%,35-55,0,60,0,Pass,15,0,0,0,0,0,1,1,1,1,0,0,0,0,0,10
AAA,2014J,175772,1,East Anglian Region,HE Qualification,90-100%,35-55,0,270,0,Withdrawn,6,1,0,1,0,1,0,1,1,0,0,1,1,1,1,9
AAA,2014J,183057,0,Wales,Lower Than A Level,90-100%,0-35,0,60,0,Pass,2,1,1,1,0,0,1,1,0,0,1,1,1,0,0,2
AAA,2014J,185350,0,Yorkshire Region,Lower Than A Level,20-Oct,35-55,0,60,0,Fail,7,0,1,1,1,1,1,1,0,1,0,1,0,1,1,3
AAA,2014J,188278,0,Yorkshire Region,A Level or Equivalent,70-80%,35-55,1,60,0,Pass,11,1,0,0,1,1,1,1,1,0,0,0,1,0,0,6
AAA,2014J,199636,0,East Anglian Region,A Level or Equivalent,30-40%,35-55,0,60,0,Pass,16,1,1,0,0,1,0,1,0,0,0,0,0,0,1,10
AAA,2014J,199897,0,East Midlands Region,HE Qualification,20-Oct,35-55,0,60,0,Pass,4,1,0,1,1,1,1,0,0,0,0,1,1,1,1,8
AAA,2014J,200804,0,South Region,A Level or Equivalent,90-100%,0-35,0,60,0,Pass,7,0,0,1,1,0,0,0,1,0,0,0,0,1,1,3
AAA,2014J,205494,0,South West Region,HE Qualification,30-40%,35-55,0,60,0,Pass,14,1,0,1,1,0,1,0,0,0,0,0,1,1,0,5
AAA,2014J,228021,0,Scotland,A Level or Equivalent,40-50%,35-55,0,60,0,Distinction,14,0,1,1,1,1,1,1,1,1,0,0,0,1,0,5
AAA,2014J,228383,0,Yorkshire Region,HE Qualification,50-60%,0-35,0,60,0,Pass,16,0,1,0,0,0,0,0,1,1,0,1,0,1,1,10
AAA,2014J,232307,0,South Region,Lower Than A Level,50-60%,35-55,0,60,0,Pass,3,0,1,1,1,1,1,0,1,1,0,0,0,0,1,8
AAA,2014J,235068,1,East Midlands Region,Lower Than A Level,30-40%,35-55,0,60,0,Pass,9,0,0,1,1,0,1,1,1,1,0,0,0,0,1,4
AAA,2014J,235507,0,Yorkshire Region,A Level or Equivalent,90-100%,0-35,1,180,0,Pass,11,1,0,1,0,0,0,0,0,0,1,1,0,1,0,6
AAA,2014J,236875,0,West Midlands Region,A Level or Equivalent,40-50%,0-35,0,60,0,Pass,16,1,0,1,1,0,0,0,0,0,1,0,1,0,0,10
AAA,2014J,237274,0,Yorkshire Region,A Level or Equivalent,20-Oct,0-35,0,60,0,Pass,15,1,1,1,1,0,0,0,1,0,0,1,1,0,0,10
AAA,2014J,243510,1,South West Region,Lower Than A Level,60-70%,0-35,0,60,0,Fail,3,1,0,0,1,1,1,1,1,0,1,1,1,1,1,8
AAA,2014J,244246,1,South East Region,A Level or Equivalent,60-70%,0-35,0,60,0,Pass,15,1,1,0,1,0,0,0,0,0,1,1,0,1,1,10
AAA,2014J,248581,1,West Midlands Region,A Level or Equivalent,40-50%,0-35,0,60,0,Distinction,2,0,1,1,1,1,1,1,1,1,1,1,1,0,0,2
AAA,2014J,252073,1,Yorkshire Region,A Level or Equivalent,30-40%,35-55,0,120,0,Pass,6,1,1,1,0,1,1,0,1,0,0,1,0,0,0,9
AAA,2014J,254625,0,Wales,A Level or Equivalent,20-30%,35-55,0,60,0,Distinction,5,1,1,0,1,0,1,0,1,0,1,1,1,0,1,9
AAA,2014J,258587,0,South West Region,A Level or Equivalent,20-Oct,35-55,0,60,0,Distinction,14,0,0,0,1,1,1,1,1,0,0,1,0,1,0,5
AAA,2014J,260355,1,London Region,A Level or Equivalent,80-90%,35-55,1,120,0,Withdrawn,8,0,1,1,1,1,1,1,0,0,1,0,0,0,0,3
AAA,2014J,260623,0,South East Region,Lower Than A Level,40-50%,0-35,0,60,0,Pass,4,1,0,1,1,1,0,0,0,0,0,0,0,0,0,8
AAA,2014J,263251,0,East Anglian Region,A Level or Equivalent,40-50%,35-55,0,60,0,Pass,12,0,1,1,0,0,0,1,1,0,0,0,1,0,0,7
AAA,2014J,263543,0,East Anglian Region,Lower Than A Level,90-100%,35-55,0,60,0,Pass,4,1,0,0,0,0,1,0,1,1,0,1,1,1,1,8
AAA,2014J,263952,0,North Region,Lower Than A Level,,35-55,0,60,0,Distinction,4,1,1,0,1,0,0,0,1,0,1,0,0,0,0,8
AAA,2014J,266524,1,South Region,A Level or Equivalent,30-40%,0-35,0,240,0,Pass,15,1,0,0,1,1,1,1,0,1,0,1,0,0,1,10
AAA,2014J,268733,0,East Anglian Region,A Level or Equivalent,30-40%,0-35,1,120,0,Fail,10,1,1,0,0,1,1,1,1,1,0,1,1,0,0,1
AAA,2014J,273346,0,East Midlands Region,Lower Than A Level,70-80%,35-55,0,60,0,Pass,3,0,1,0,0,0,1,0,0,1,0,0,0,1,0,8
AAA,2014J,274947,0,East Anglian Region,Lower Than A Level,40-50%,0-35,0,120,0,Withdrawn,13,0,0,1,1,0,1,0,1,1,0,1,1,0,1,5
AAA,2014J,275674,1,London Region,A Level or Equivalent,20-30%,0-35,0,60,0,Withdrawn,2,0,0,0,0,1,1,1,0,1,0,0,0,1,0,2
AAA,2014J,275792,1,East Anglian Region,HE Qualification,50-60%,0-35,0,60,0,Pass,13,0,1,0,1,0,0,0,1,0,1,0,1,0,1,5
AAA,2014J,277123,1,East Midlands Region,A Level or Equivalent,70-80%,35-55,0,60,0,Fail,16,0,1,1,1,0,0,1,1,0,1,0,1,1,1,10
AAA,2014J,277880,1,South East Region,A Level or Equivalent,60-70%,0-35,1,120,0,Withdrawn,3,0,1,0,1,1,1,0,0,0,0,0,1,1,0,8
AAA,2014J,281077,1,East Anglian Region,HE Qualification,50-60%,0-35,0,60,0,Pass,15,1,0,1,0,0,0,1,0,1,0,1,1,1,1,10
AAA,2014J,281636,1,West Midlands Region,A Level or Equivalent,20-30%,0-35,0,60,0,Pass,6,1,1,1,1,0,1,0,0,0,0,1,0,0,1,9
AAA,2014J,285315,0,East Anglian Region,HE Qualification,70-80%,0-35,0,60,0,Pass,5,0,1,1,0,1,1,1,1,0,0,0,0,1,0,9
AAA,2014J,287040,1,East Anglian Region,A Level or Equivalent,40-50%,35-55,0,90,0,Pass,12,1,0,1,1,0,1,1,1,1,0,0,1,1,0,7
AAA,2014J,287204,0,Scotland,A Level or Equivalent,0-10%,0-35,0,60,0,Pass,16,1,1,1,0,1,1,0,1,0,1,0,0,1,1,10
AAA,2014J,287210,0,Scotland,A Level or Equivalent,70-80%,35-55,0,60,0,Pass,11,1,0,0,1,0,1,0,0,0,0,0,1,0,0,6
AAA,2014J,288994,0,Scotland,A Level or Equivalent,30-40%,0-35,0,120,0,Fail,4,0,1,0,0,1,1,0,0,0,0,0,0,1,1,8
AAA,2014J,289449,0,East Midlands Region,HE Qualification,90-100%,35-55,0,60,0,Pass,15,0,0,0,1,1,1,0,1,0,1,1,0,0,0,10
AAA,2014J,290164,1,Scotland,HE Qualification,30-40%,35-55,0,60,0,Pass,8,1,1,0,0,0,1,0,0,1,1,1,1,1,1,3
AAA,2014J,292525,0,South Region,A Level or Equivalent,70-80%,0-35,0,60,0,Pass,4,1,1,0,1,0,1,0,0,1,0,0,1,0,1,8
AAA,2014J,292775,0,South East Region,A Level or Equivalent,40-50%,0-35,0,60,0,Pass,5,1,1,0,0,0,1,0,1,0,0,0,0,1,0,9
AAA,2014J,293824,1,South West Region,A Level or Equivalent,50-60%,35-55,0,60,0,Pass,9,1,0,0,1,1,0,1,1,1,0,1,1,1,0,4
AAA,2014J,294496,0,North Western Region,A Level or Equivalent,20-Oct,35-55,0,60,1,Pass,11,0,0,1,0,1,0,0,1,1,0,0,0,1,1,6
AAA,2014J,294655,0,Wales,A Level or Equivalent,70-80%,35-55,0,60,0,Fail,12,1,1,0,0,0,1,1,0,0,1,0,1,1,1,7
AAA,2014J,295060,0,East Anglian Region,A Level or Equivalent,70-80%,0-35,0,60,0,Fail,2,0,1,1,1,1,0,0,1,0,0,1,1,1,1,2
AAA,2014J,295075,0,South Region,HE Qualification,70-80%,55<=,0,60,0,Pass,4,1,1,1,0,0,1,1,0,1,0,0,1,0,0,8
AAA,2014J,296424,0,Scotland,A Level or Equivalent,30-40%,35-55,0,60,0,Pass,3,1,0,0,1,0,1,0,0,0,1,1,1,1,0,8
AAA,2014J,298034,0,Scotland,A Level or Equivalent,70-80%,35-55,0,120,0,Fail,3,0,0,1,1,0,1,1,1,1,0,1,1,1,0,8
AAA,2014J,298838,1,Yorkshire Region,A Level or Equivalent,70-80%,0-35,0,60,0,Pass,16,0,1,1,0,1,1,1,0,0,1,1,1,1,1,10
AAA,2014J,301967,0,South West Region,A Level or Equivalent,20-30%,0-35,0,60,0,Pass,1,0,0,0,0,1,0,0,1,1,0,1,0,0,1,2
AAA,2014J,302476,0,South East Region,A Level or Equivalent,70-80%,0-35,0,60,0,Distinction,11,0,1,0,1,1,1,0,0,1,1,1,0,0,0,6
AAA,2014J,303521,1,Ireland,A Level or Equivalent,20-30%,35-55,0,60,0,Pass,1,0,1,0,1,0,0,0,1,1,1,0,1,0,0,2
AAA,2014J,303985,1,Scotland,HE Qualification,70-80%,0-35,1,60,0,Pass,15,0,0,1,0,0,0,0,1,1,1,1,0,0,1,10
AAA,2014J,304465,1,West Midlands Region,A Level or Equivalent,50-60%,0-35,0,60,0,Pass,7,0,1,1,0,0,1,1,1,1,1,1,0,1,1,3
AAA,2014J,306646,0,South Region,A Level or Equivalent,80-90%,0-35,0,60,0,Pass,11,1,1,1,0,0,1,1,1,1,1,1,0,0,0,6
AAA,2014J,309142,1,South Region,A Level or Equivalent,90-100%,35-55,0,60,0,Pass,13,1,1,1,0,1,0,1,0,1,0,1,1,1,1,5
AAA,2014J,310412,1,London Region,A Level or Equivalent,40-50%,35-55,0,60,0,Pass,15,0,0,1,0,1,1,1,0,0,0,0,1,1,1,10
AAA,2014J,311235,0,South West Region,A Level or Equivalent,50-60%,35-55,0,60,0,Pass,12,1,0,1,0,0,1,1,0,1,0,0,1,0,1,7
AAA,2014J,311659,0,East Anglian Region,A Level or Equivalent,70-80%,0-35,0,120,0,Fail,16,0,1,0,1,1,1,1,1,0,1,0,0,1,1,10
AAA,2014J,313937,0,Scotland,HE Qualification,80-90%,35-55,0,60,0,Pass,13,0,0,1,0,0,1,1,1,0,0,0,0,0,0,5
AAA,2014J,315076,0,Yorkshire Region,A Level or Equivalent,0-10%,0-35,0,60,0,Pass,11,0,0,0,0,0,0,1,0,0,1,1,1,1,0,6
AAA,2014J,315744,0,Scotland,A Level or Equivalent,90-100%,35-55,0,60,0,Distinction,12,0,0,0,0,1,0,0,1,1,1,0,0,1,1,7
AAA,2014J,323370,1,West Midlands Region,A Level or Equivalent,30-40%,0-35,0,120,0,Pass,4,0,1,1,1,0,1,1,1,1,1,0,1,0,0,8
AAA,2014J,323805,1,West Midlands Region,A Level or Equivalent,20-30%,0-35,0,180,0,Withdrawn,15,1,0,1,0,0,0,0,0,0,0,0,1,1,1,10
AAA,2014J,328024,0,Yorkshire Region,A Level or Equivalent,20-Oct,35-55,0,60,0,Pass,2,1,0,1,1,1,1,1,1,1,0,0,1,1,0,2
AAA,2014J,328734,1,East Anglian Region,A Level or Equivalent,80-90%,0-35,0,180,0,Withdrawn,13,1,0,1,1,0,1,0,1,1,1,1,1,1,0,5
AAA,2014J,329659,1,East Anglian Region,A Level or Equivalent,30-40%,0-35,0,60,1,Fail,8,0,0,0,1,1,0,0,1,0,1,1,1,1,1,3
AAA,2014J,330594,0,South West Region,Lower Than A Level,50-60%,0-35,0,60,0,Pass,9,1,1,0,0,1,0,0,0,1,1,1,0,1,1,4
AAA,2014J,331358,1,South Region,HE Qualification,90-100%,35-55,1,60,0,Distinction,15,0,0,0,1,0,1,1,1,1,0,1,0,1,0,10
AAA,2014J,332884,0,Wales,A Level or Equivalent,60-70%,0-35,0,60,0,Pass,6,0,1,1,1,0,0,1,0,1,1,1,1,1,1,9
AAA,2014J,334441,0,London Region,HE Qualification,60-70%,0-35,0,60,0,Fail,12,0,1,1,0,0,1,0,1,1,0,1,0,1,1,7
AAA,2014J,335247,0,South West Region,A Level or Equivalent,80-90%,0-35,0,60,0,Pass,4,0,1,0,1,0,1,0,0,0,1,1,1,0,0,8
AAA,2014J,335764,1,South East Region,A Level or Equivalent,20-30%,0-35,1,60,0,Pass,11,1,1,0,1,0,1,0,1,0,1,1,0,1,1,6
AAA,2014J,337748,1,Yorkshire Region,A Level or Equivalent,30-40%,0-35,0,120,0,Withdrawn,13,1,0,0,0,0,1,1,1,1,1,1,1,1,0,5
AAA,2014J,338407,0,East Midlands Region,A Level or Equivalent,60-70%,35-55,0,60,0,Pass,6,0,0,1,0,0,0,1,0,0,1,1,0,0,0,9
AAA,2014J,341876,0,East Anglian Region,HE Qualification,20-Oct,0-35,0,120,0,Withdrawn,9,1,0,1,1,0,0,1,0,0,1,1,1,1,1,4
AAA,2014J,342007,1,West Midlands Region,HE Qualification,70-80%,0-35,1,60,0,Pass,3,0,0,1,0,1,0,1,0,1,1,0,0,1,1,8
AAA,2014J,345440,0,South Region,HE Qualification,90-100%,0-35,0,60,0,Pass,1,0,1,1,0,0,0,0,0,0,1,1,0,1,1,2
AAA,2014J,345519,1,North Region,A Level or Equivalent,,0-35,0,60,0,Pass,7,0,1,0,1,0,0,0,1,0,1,1,1,0,1,3
AAA,2014J,346118,1,East Anglian Region,A Level or Equivalent,20-30%,35-55,0,120,0,Pass,11,1,1,0,0,1,0,1,0,0,1,0,0,1,1,6
AAA,2014J,348275,0,Scotland,HE Qualification,40-50%,35-55,0,120,0,Withdrawn,4,1,1,1,1,1,0,1,1,1,0,0,0,0,1,8
AAA,2014J,348807,0,East Midlands Region,A Level or Equivalent,80-90%,35-55,0,60,0,Pass,2,1,0,1,1,1,1,0,0,0,0,0,1,0,0,2
AAA,2014J,350156,0,South West Region,A Level or Equivalent,30-40%,0-35,0,120,0,Pass,12,1,1,1,0,0,1,0,1,1,1,1,1,0,0,7
AAA,2014J,350939,0,East Anglian Region,Lower Than A Level,80-90%,0-35,0,60,0,Pass,1,0,1,0,1,1,0,1,0,1,0,0,1,0,1,2
AAA,2014J,351336,1,East Midlands Region,A Level or Equivalent,20-Oct,0-35,0,60,0,Pass,4,1,0,0,0,0,1,1,0,0,1,0,1,0,0,8
AAA,2014J,353665,0,South Region,A Level or Equivalent,70-80%,35-55,0,60,0,Pass,12,1,0,0,0,1,1,0,1,0,1,0,1,0,0,7
AAA,2014J,354170,1,Wales,A Level or Equivalent,0-10%,0-35,0,60,0,Fail,6,0,0,1,0,1,1,1,1,1,0,1,0,0,1,9
AAA,2014J,356170,0,North Western Region,HE Qualification,30-40%,0-35,0,60,0,Pass,12,1,1,0,1,0,0,1,1,0,0,1,0,1,0,7
AAA,2014J,358182,0,South Region,Lower Than A Level,80-90%,0-35,0,120,0,Pass,14,0,1,0,0,0,0,0,0,0,1,1,1,0,1,5
AAA,2014J,364957,1,East Anglian Region,HE Qualification,70-80%,35-55,0,60,0,Pass,8,0,1,0,0,0,1,0,1,0,0,1,0,0,0,3
AAA,2014J,369834,0,West Midlands Region,A Level or Equivalent,60-70%,0-35,0,60,0,Withdrawn,9,0,0,1,1,0,0,0,0,1,0,0,0,1,1,4
AAA,2014J,371710,0,Scotland,HE Qualification,20-Oct,0-35,0,60,0,Pass,8,0,1,1,1,0,1,1,1,1,1,0,0,0,1,3
AAA,2014J,373872,1,South Region,A Level or Equivalent,40-50%,0-35,0,60,0,Pass,8,0,1,0,0,0,1,0,1,1,1,1,1,1,1,3
AAA,2014J,375260,0,Ireland,HE Qualification,,0-35,0,60,0,Pass,13,1,0,1,1,0,0,1,1,1,0,0,1,1,1,5
AAA,2014J,375646,0,London Region,A Level or Equivalent,40-50%,0-35,0,120,0,Pass,4,1,0,1,0,1,0,0,0,0,0,1,1,1,1,8
AAA,2014J,377546,0,East Anglian Region,A Level or Equivalent,50-60%,0-35,0,120,1,Distinction,2,0,1,0,0,1,0,1,1,0,1,0,1,1,0,2
AAA,2014J,381642,1,North Western Region,A Level or Equivalent,20-30%,0-35,0,60,0,Withdrawn,9,1,1,1,1,1,0,0,0,0,1,1,1,0,0,4
AAA,2014J,382095,0,South Region,Lower Than A Level,50-60%,0-35,0,60,0,Pass,8,1,0,0,1,0,1,1,1,1,1,1,1,0,1,3
AAA,2014J,383180,1,South Region,A Level or Equivalent,70-80%,0-35,0,60,0,Withdrawn,16,0,1,0,0,0,1,0,0,0,1,0,0,1,0,10
AAA,2014J,383600,0,Scotland,A Level or Equivalent,70-80%,0-35,0,60,0,Pass,14,0,0,0,0,1,0,1,1,1,1,0,1,1,0,5
AAA,2014J,383723,0,East Anglian Region,HE Qualification,90-100%,55<=,0,60,0,Pass,5,1,1,0,0,0,0,0,1,1,0,0,1,1,1,9
AAA,2014J,384203,0,Scotland,HE Qualification,20-30%,0-35,0,120,0,Pass,11,0,1,1,1,0,0,0,0,1,0,0,1,1,0,6
AAA,2014J,384725,1,East Anglian Region,Lower Than A Level,90-100%,35-55,0,60,0,Pass,11,0,0,0,0,0,1,1,0,1,1,0,1,0,0,6
AAA,2014J,387533,0,Scotland,HE Qualification,50-60%,35-55,0,60,0,Fail,16,0,1,0,1,0,0,1,0,0,1,0,0,1,0,10
AAA,2014J,387954,1,South Region,A Level or Equivalent,60-70%,35-55,0,60,0,Withdrawn,5,0,0,1,1,0,1,1,1,1,0,1,1,0,1,9
AAA,2014J,388147,1,South West Region,A Level or Equivalent,20-Oct,35-55,0,300,0,Fail,16,1,1,1,1,1,0,1,0,1,0,0,0,0,1,10
AAA,2014J,390890,0,Scotland,A Level or Equivalent,0-10%,0-35,1,90,0,Pass,8,0,1,1,0,1,0,0,0,1,1,1,0,0,1,3
AAA,2014J,391249,0,South Region,HE Qualification,90-100%,35-55,0,60,0,Distinction,9,0,0,0,0,0,1,1,1,1,1,1,1,0,1,4
AAA,2014J,396599,1,South Region,Lower Than A Level,60-70%,0-35,0,120,1,Fail,2,0,1,0,0,1,1,0,1,0,1,0,0,0,1,2
AAA,2014J,396655,1,South Region,Lower Than A Level,40-50%,0-35,0,180,1,Fail,12,1,1,0,1,1,0,0,1,0,1,1,0,0,1,7
AAA,2014J,398171,1,South West Region,A Level or Equivalent,70-80%,0-35,0,120,0,Pass,7,1,0,0,0,0,1,0,1,0,1,0,0,0,0,3
AAA,2014J,398349,1,East Midlands Region,HE Qualification,70-80%,0-35,0,60,0,Pass,7,1,1,0,1,1,1,0,1,0,1,0,1,0,0,3
AAA,2014J,400147,0,South East Region,Lower Than A Level,60-70%,35-55,0,60,0,Pass,1,1,0,0,0,1,0,1,1,0,0,1,0,0,0,2
AAA,2014J,400682,1,London Region,A Level or Equivalent,20-30%,0-35,0,60,0,Pass,16,0,0,0,0,0,1,1,1,1,1,1,0,1,1,10
AAA,2014J,401404,0,West Midlands Region,A Level or Equivalent,90-100%,0-35,0,180,0,Pass,1,1,0,1,1,0,0,0,0,1,1,0,1,0,1,2
AAA,2014J,402204,0,West Midlands Region,A Level or Equivalent,,35-55,0,60,0,Pass,16,0,0,0,1,1,0,1,1,1,1,0,1,1,1,10
AAA,2014J,402727,1,East Anglian Region,A Level or Equivalent,60-70%,0-35,0,60,1,Pass,6,0,0,0,0,1,0,0,1,0,1,1,1,0,0,9
AAA,2014J,402961,1,North Western Region,Lower Than A Level,80-90%,35-55,0,60,0,Pass,8,0,0,1,1,1,0,1,0,1,1,0,0,0,1,3
AAA,2014J,404356,1,South East Region,A Level or Equivalent,90-100%,0-35,0,60,0,Pass,9,0,1,1,1,0,1,0,0,0,0,1,1,0,1,4
AAA,2014J,406671,0,South West Region,A Level or Equivalent,80-90%,35-55,0,60,0,Pass,9,1,0,1,0,1,1,0,0,1,0,0,0,0,0,4
AAA,2014J,406682,0,South East Region,HE Qualification,70-80%,55<=,0,60,0,Distinction,2,1,0,1,0,0,0,1,1,1,0,0,1,0,1,2
AAA,2014J,409100,0,South East Region,HE Qualification,80-90%,35-55,0,60,0,Pass,15,1,0,1,0,1,0,0,1,0,1,1,0,1,0,10
AAA,2014J,409703,0,East Anglian Region,A Level or Equivalent,30-40%,0-35,0,120,0,Pass,11,0,0,1,0,0,0,0,1,1,0,1,1,0,1,6
AAA,2014J,410092,1,North Western Region,A Level or Equivalent,0-10%,35-55,0,60,0,Pass,11,0,0,0,1,1,1,0,0,0,1,1,0,0,0,6
AAA,2014J,411971,0,Ireland,A Level or Equivalent,40-50%,0-35,0,60,0,Pass,2,1,0,0,1,0,1,0,1,1,1,0,1,0,0,2
AAA,2014J,415969,0,West Midlands Region,HE Qualification,0-10%,35-55,1,60,0,Fail,16,1,1,1,0,0,1,1,0,1,0,0,1,1,0,10
AAA,2014J,418731,0,Ireland,A Level or Equivalent,70-80%,0-35,0,90,0,Fail,10,0,1,1,0,1,0,0,0,1,0,0,1,0,1,1
AAA,2014J,421455,1,North Region,A Level or Equivalent,50-60%,0-35,0,60,0,Pass,12,1,1,1,0,0,0,0,1,1,1,0,1,0,0,7
AAA,2014J,424577,0,London Region,HE Qualification,20-Oct,0-35,0,120,0,Pass,8,1,1,1,1,0,0,1,1,1,0,0,0,0,0,3
AAA,2014J,429858,0,Ireland,Lower Than A Level,,0-35,0,300,0,Distinction,11,1,0,0,0,0,0,1,0,1,1,1,0,0,0,6
AAA,2014J,431025,0,East Anglian Region,A Level or Equivalent,90-100%,0-35,0,150,0,Fail,8,1,1,1,1,1,1,0,1,0,1,1,1,0,0,3
AAA,2014J,439305,0,South East Region,A Level or Equivalent,60-70%,35-55,0,60,0,Pass,7,0,1,1,1,1,0,0,0,1,0,1,0,1,0,3
AAA,2014J,440319,1,West Midlands Region,A Level or Equivalent,20-30%,0-35,0,60,0,Withdrawn,3,0,0,1,1,0,0,1,1,1,1,1,1,1,0,8
AAA,2014J,442064,1,South West Region,HE Qualification,70-80%,0-35,0,120,0,Pass,3,1,1,1,1,1,1,0,0,0,1,1,0,1,1,8
AAA,2014J,442132,0,South West Region,HE Qualification,20-30%,0-35,0,60,0,Pass,11,1,1,1,0,1,0,0,1,1,0,1,1,0,1,6
AAA,2014J,446108,0,South West Region,A Level or Equivalent,70-80%,0-35,0,120,0,Pass,3,0,0,0,0,0,1,1,1,1,1,1,1,0,0,8
AAA,2014J,447481,0,Ireland,A Level or Equivalent,70-80%,0-35,0,60,0,Pass,8,0,1,1,1,0,0,0,1,1,0,0,0,1,1,3
AAA,2014J,468120,0,West Midlands Region,Lower Than A Level,50-60%,0-35,0,120,0,Fail,10,1,1,0,0,1,1,0,0,0,0,0,0,0,0,1
AAA,2014J,468694,0,South Region,A Level or Equivalent,90-100%,0-35,0,120,0,Withdrawn,13,0,1,0,1,0,1,1,0,0,1,0,1,0,1,5
AAA,2014J,470588,0,South East Region,HE Qualification,90-100%,35-55,1,60,0,Withdrawn,6,0,1,1,0,1,0,1,0,0,1,1,0,0,1,9
AAA,2014J,470982,1,East Anglian Region,HE Qualification,20-30%,35-55,1,120,0,Pass,14,1,1,1,1,0,0,0,1,0,1,0,1,1,1,5
AAA,2014J,476603,0,Wales,A Level or Equivalent,0-10%,0-35,0,120,0,Distinction,16,0,1,1,0,0,0,1,1,1,1,0,0,1,0,10
AAA,2014J,481022,0,East Midlands Region,A Level or Equivalent,20-30%,0-35,0,180,0,Fail,13,0,0,0,1,0,0,1,0,1,1,0,0,0,0,5
AAA,2014J,483800,1,Yorkshire Region,A Level or Equivalent,30-40%,0-35,0,120,0,Pass,5,0,1,0,0,0,0,0,0,1,1,1,0,0,1,9
AAA,2014J,484897,1,South West Region,A Level or Equivalent,90-100%,0-35,0,120,0,Pass,7,1,0,0,0,0,0,0,1,0,1,0,0,1,1,3
AAA,2014J,485962,1,East Anglian Region,HE Qualification,70-80%,0-35,0,120,0,Pass,1,0,1,1,0,0,1,0,1,0,1,0,1,0,1,2
AAA,2014J,488382,1,London Region,A Level or Equivalent,20-Oct,0-35,0,180,0,Withdrawn,14,0,0,0,0,0,0,1,1,1,1,1,1,0,1,5
AAA,2014J,488990,0,South West Region,A Level or Equivalent,80-90%,35-55,0,60,0,Pass,6,0,0,1,1,0,1,0,0,0,0,1,1,1,0,9
AAA,2014J,500113,0,South East Region,A Level or Equivalent,70-80%,0-35,0,120,0,Pass,1,0,1,1,0,1,1,1,1,0,0,1,0,1,0,2
AAA,2014J,503889,1,Yorkshire Region,A Level or Equivalent,30-40%,0-35,0,60,0,Pass,1,0,0,1,0,1,1,0,0,1,1,0,1,0,1,2
AAA,2014J,514526,0,London Region,Lower Than A Level,20-Oct,0-35,0,120,1,Withdrawn,10,0,1,0,0,1,1,0,1,1,0,1,1,1,1,1
AAA,2014J,518808,1,Scotland,HE Qualification,90-100%,0-35,0,60,0,Pass,4,1,0,1,1,1,1,1,0,0,0,0,0,1,1,8
AAA,2014J,522482,1,Scotland,HE Qualification,70-80%,0-35,0,90,0,Withdrawn,6,0,1,0,0,1,1,0,0,0,1,1,1,1,0,9
AAA,2014J,527100,0,West Midlands Region,HE Qualification,70-80%,0-35,0,120,0,Distinction,16,1,0,0,0,1,0,0,0,1,0,1,0,1,1,10
AAA,2014J,527801,0,South West Region,Lower Than A Level,90-100%,35-55,0,120,0,Fail,10,0,1,1,1,0,1,0,1,0,1,0,1,1,1,1
AAA,2014J,533068,0,South Region,HE Qualification,90-100%,0-35,0,60,0,Pass,10,1,1,0,1,1,0,1,1,1,1,0,1,0,0,1
AAA,2014J,537081,1,Scotland,HE Qualification,20-Oct,0-35,0,120,0,Fail,6,1,0,1,1,1,0,1,1,0,0,1,0,0,1,9
AAA,2014J,544253,0,London Region,A Level or Equivalent,60-70%,35-55,0,120,0,Pass,15,1,1,1,0,0,1,1,1,1,0,1,0,0,0,10
AAA,2014J,548120,0,London Region,HE Qualification,80-90%,0-35,0,60,0,Pass,1,1,0,0,0,1,0,0,0,0,1,1,1,1,1,2
AAA,2014J,561467,1,South Region,A Level or Equivalent,80-90%,0-35,0,90,0,Withdrawn,15,1,1,1,0,1,1,0,1,0,0,1,1,0,1,10
AAA,2014J,567922,1,North Western Region,A Level or Equivalent,50-60%,0-35,0,120,0,Withdrawn,15,0,1,1,0,0,0,1,0,1,1,0,0,0,1,10
AAA,2014J,569505,1,East Midlands Region,HE Qualification,60-70%,35-55,0,60,0,Distinction,6,1,0,1,1,1,1,1,1,1,1,1,0,1,1,9
AAA,2014J,570317,0,Wales,A Level or Equivalent,70-80%,0-35,0,120,0,Pass,8,1,0,1,0,1,1,0,0,0,1,0,0,1,0,3
AAA,2014J,574505,1,West Midlands Region,HE Qualification,40-50%,0-35,0,120,0,Pass,10,0,0,1,0,0,1,0,1,1,1,1,1,0,1,1
AAA,2014J,588477,0,Yorkshire Region,HE Qualification,20-30%,0-35,0,60,0,Pass,8,0,1,0,1,1,0,1,0,1,1,0,0,0,0,3
AAA,2014J,593846,0,South Region,HE Qualification,50-60%,0-35,0,120,0,Withdrawn,14,0,1,1,0,1,0,1,0,1,1,0,0,1,0,5
AAA,2014J,593987,1,East Anglian Region,HE Qualification,70-80%,35-55,0,180,0,Fail,8,1,1,1,0,1,0,0,1,0,0,1,1,0,0,3
AAA,2014J,596288,1,Scotland,HE Qualification,70-80%,0-35,0,120,0,Pass,11,0,0,1,1,1,1,1,0,1,0,1,0,1,0,6
AAA,2014J,598070,1,London Region,A Level or Equivalent,20-Oct,0-35,0,60,0,Withdrawn,10,0,0,0,1,1,1,1,1,1,0,1,1,1,1,1
AAA,2014J,603834,1,Scotland,HE Qualification,50-60%,0-35,0,90,0,Pass,11,1,0,1,0,1,0,1,0,0,0,1,1,1,0,6
AAA,2014J,603861,0,North Region,HE Qualification,,55<=,1,60,0,Withdrawn,4,1,1,1,1,1,1,0,0,1,1,0,1,0,1,8
AAA,2014J,608440,1,South Region,HE Qualification,50-60%,35-55,0,120,0,Withdrawn,7,1,1,1,1,1,1,1,0,1,0,1,1,0,0,3
AAA,2014J,623710,1,South East Region,A Level or Equivalent,20-30%,35-55,0,120,0,Withdrawn,14,1,1,0,1,0,0,0,1,0,0,1,1,0,1,5
AAA,2014J,623840,0,East Anglian Region,A Level or Equivalent,0-10%,0-35,0,120,0,Pass,2,1,0,0,1,0,0,0,1,0,1,1,0,1,0,2
AAA,2014J,626240,0,South Region,HE Qualification,30-40%,0-35,0,120,0,Pass,2,0,1,0,1,1,0,1,1,1,0,0,1,1,0,2
AAA,2014J,628088,0,South East Region,A Level or Equivalent,70-80%,0-35,0,60,1,Withdrawn,1,1,0,0,0,0,1,1,1,0,0,1,0,0,0,2
AAA,2014J,628312,1,South East Region,HE Qualification,80-90%,0-35,0,120,0,Withdrawn,11,1,1,1,0,0,0,0,1,0,0,1,1,0,1,6
AAA,2014J,630142,0,East Anglian Region,A Level or Equivalent,90-100%,0-35,0,120,0,Withdrawn,9,1,0,1,1,1,1,0,1,1,1,0,1,0,0,4
AAA,2014J,637665,1,South Region,HE Qualification,90-100%,0-35,0,60,0,Pass,6,1,1,1,1,0,0,1,0,1,1,0,1,0,1,9
AAA,2014J,639053,0,North Region,A Level or Equivalent,60-70%,0-35,0,120,0,Pass,16,1,1,1,0,0,1,0,0,0,1,0,0,1,1,10
AAA,2014J,642878,0,South West Region,HE Qualification,70-80%,0-35,0,60,0,Withdrawn,16,0,1,1,1,1,1,1,1,1,0,1,1,0,1,10
AAA,2014J,648130,0,Yorkshire Region,A Level or Equivalent,80-90%,0-35,0,240,0,Withdrawn,5,0,0,1,0,1,1,1,0,1,0,0,1,1,1,9
AAA,2014J,676546,0,Scotland,HE Qualification,80-90%,0-35,0,120,0,Withdrawn,7,1,0,0,0,1,0,1,1,1,0,0,1,0,0,3
AAA,2014J,677186,0,South East Region,HE Qualification,70-80%,0-35,0,60,0,Pass,11,1,0,1,1,1,1,1,0,0,0,1,0,1,1,6
AAA,2014J,677281,0,Wales,A Level or Equivalent,80-90%,0-35,0,60,0,Fail,8,0,1,0,0,1,0,0,1,0,0,0,1,1,1,3
AAA,2014J,684180,0,North Region,HE Qualification,,0-35,0,120,0,Pass,14,1,1,1,0,0,1,1,0,1,0,1,1,0,1,5
AAA,2014J,687698,0,Yorkshire Region,HE Qualification,20-30%,0-35,0,120,0,Pass,10,1,1,1,0,0,1,0,1,0,0,0,0,0,0,1
AAA,2014J,696073,1,Ireland,Lower Than A Level,,0-35,0,60,0,Pass,16,1,0,1,1,0,0,1,1,1,1,0,1,1,1,10
AAA,2014J,696578,0,South Region,HE Qualification,60-70%,0-35,0,60,0,Withdrawn,4,1,0,1,0,0,0,0,1,0,1,1,1,1,0,8
AAA,2014J,721259,1,South Region,Lower Than A Level,50-60%,55<=,1,60,0,Withdrawn,2,0,1,0,1,1,0,0,0,1,1,0,1,0,1,2
AAA,2014J,852847,0,South West Region,A Level or Equivalent,60-70%,55<=,0,60,0,Fail,1,1,0,0,0,0,0,0,0,0,0,1,0,1,1,2
AAA,2014J,998493,1,South Region,A Level or Equivalent,90-100%,55<=,0,60,0,Pass,12,0,0,1,1,1,1,0,1,0,1,0,1,0,0,7
AAA,2014J,1045203,0,Wales,Lower Than A Level,0-10%,35-55,0,60,0,Pass,5,1,1,1,0,0,0,1,1,1,1,1,1,0,1,9
AAA,2014J,1112555,1,South Region,A Level or Equivalent,30-40%,35-55,0,60,0,Pass,1,0,0,0,1,0,0,1,1,1,1,1,1,0,0,2
AAA,2014J,1183831,0,South West Region,HE Qualification,70-80%,55<=,0,60,0,Withdrawn,4,0,1,0,1,0,0,1,0,0,0,1,0,1,1,8
AAA,2014J,1268696,0,South West Region,HE Qualification,80-90%,35-55,0,60,0,Pass,9,1,1,1,1,1,1,1,0,0,0,0,1,0,0,4
AAA,2014J,1336190,0,London Region,HE Qualification,80-90%,55<=,0,60,0,Pass,2,1,1,1,0,0,1,0,1,0,0,0,0,1,0,2
AAA,2014J,1352868,0,Yorkshire Region,A Level or Equivalent,20-30%,35-55,1,60,0,Pass,12,0,1,1,0,0,1,1,0,1,1,0,1,0,1,7
AAA,2014J,1398979,1,South Region,A Level or Equivalent,90-100%,55<=,0,60,0,Withdrawn,14,1,1,1,1,0,1,1,1,0,0,0,0,0,1,5
AAA,2014J,1456619,0,South West Region,A Level or Equivalent,90-100%,35-55,1,60,0,Withdrawn,13,1,0,0,0,1,0,1,0,0,1,0,1,1,1,5
AAA,2014J,1469279,1,East Anglian Region,HE Qualification,40-50%,35-55,0,120,0,Withdrawn,6,0,0,1,1,1,1,0,1,0,0,0,1,1,1,9
AAA,2014J,1471214,0,East Midlands Region,A Level or Equivalent,60-70%,35-55,0,60,0,Pass,3,0,1,1,0,1,0,0,1,0,1,0,0,1,0,8
AAA,2014J,1472925,1,East Anglian Region,Lower Than A Level,40-50%,35-55,1,60,1,Pass,8,0,0,1,1,1,0,1,1,1,0,1,0,1,0,3
AAA,2014J,1484804,1,West Midlands Region,A Level or Equivalent,40-50%,35-55,0,60,0,Pass,2,0,1,0,0,1,1,0,1,1,0,1,1,0,1,2
AAA,2014J,1511033,0,Wales,A Level or Equivalent,50-60%,35-55,0,60,0,Pass,14,1,1,1,1,0,1,1,1,1,1,1,1,1,0,5
AAA,2014J,1576513,1,East Midlands Region,A Level or Equivalent,60-70%,35-55,0,60,0,Distinction,3,1,0,1,1,0,1,0,0,1,1,1,1,0,1,8
AAA,2014J,1609002,1,East Midlands Region,A Level or Equivalent,70-80%,35-55,0,60,0,Pass,9,1,0,1,0,0,1,1,0,1,0,1,1,0,1,4
AAA,2014J,1629771,0,South East Region,A Level or Equivalent,60-70%,35-55,0,60,0,Distinction,13,0,0,1,1,1,1,1,1,1,1,1,0,0,0,5
AAA,2014J,1676594,0,London Region,HE Qualification,80-90%,55<=,0,60,0,Withdrawn,10,0,0,0,1,1,1,1,0,0,0,1,0,0,1,1
AAA,2014J,1686551,1,Scotland,A Level or Equivalent,40-50%,35-55,0,60,0,Withdrawn,4,0,1,1,0,0,1,0,1,1,1,1,1,1,0,8
AAA,2014J,1689639,1,South East Region,Lower Than A Level,60-70%,35-55,0,60,0,Withdrawn,2,1,0,0,1,1,0,0,0,1,1,1,0,1,1,2
AAA,2014J,1715896,0,South Region,A Level or Equivalent,80-90%,35-55,0,60,0,Pass,6,1,1,1,0,1,1,0,1,0,1,0,0,1,1,9
AAA,2014J,1721270,0,South East Region,Lower Than A Level,50-60%,35-55,0,90,0,Pass,13,1,0,0,1,0,1,1,0,1,1,1,1,0,0,5
AAA,2014J,1757766,1,North Western Region,A Level or Equivalent,30-40%,35-55,0,60,0,Pass,13,1,0,0,0,0,0,0,1,0,1,0,1,1,0,5
AAA,2014J,1773377,0,London Region,A Level or Equivalent,90-100%,35-55,0,60,0,Pass,5,1,1,0,1,0,1,1,1,0,0,0,0,0,1,9
AAA,2014J,1799111,0,Scotland,A Level or Equivalent,60-70%,35-55,0,60,0,Pass,7,1,1,1,1,0,1,0,1,1,0,1,0,1,0,3
AAA,2014J,1818673,1,Scotland,HE Qualification,20-30%,35-55,0,120,0,Fail,4,0,0,1,1,1,1,1,1,1,1,0,0,0,0,8
AAA,2014J,1839386,1,Yorkshire Region,Lower Than A Level,30-40%,35-55,0,60,0,Withdrawn,10,0,1,1,1,1,0,0,0,1,1,0,0,1,0,1
AAA,2014J,1926668,0,London Region,Lower Than A Level,30-40%,35-55,0,60,0,Pass,2,1,0,1,1,1,0,1,1,0,0,0,0,1,1,2
AAA,2014J,1947156,1,South East Region,A Level or Equivalent,40-50%,35-55,0,60,0,Pass,3,1,1,0,0,1,1,0,0,0,0,0,0,1,0,8
AAA,2014J,1967783,1,South Region,A Level or Equivalent,70-80%,35-55,0,60,1,Pass,7,0,0,0,1,0,1,0,1,0,0,1,0,0,0,3
AAA,2014J,1970390,0,West Midlands Region,Lower Than A Level,0-10%,35-55,1,120,0,Pass,12,0,0,1,0,1,1,1,0,0,0,1,1,1,1,7
AAA,2014J,1975209,0,South East Region,Lower Than A Level,40-50%,35-55,0,60,0,Pass,10,1,1,1,0,0,1,1,1,0,1,1,1,1,1,1
AAA,2014J,2010232,1,Scotland,A Level or Equivalent,80-90%,0-35,0,60,0,Pass,2,0,1,0,1,0,1,0,0,1,0,1,0,1,0,2
AAA,2014J,2045084,0,North Western Region,HE Qualification,40-50%,35-55,0,120,0,Fail,11,1,1,1,0,0,1,1,1,1,1,0,0,0,0,6
AAA,2014J,2057803,0,London Region,Lower Than A Level,50-60%,35-55,0,60,0,Pass,15,0,0,1,1,0,1,1,1,1,1,0,1,0,0,10
AAA,2014J,2073016,1,London Region,Lower Than A Level,30-40%,35-55,1,60,0,Fail,7,0,1,0,0,0,1,0,1,0,1,1,0,1,1,3
AAA,2014J,2085209,1,North Region,HE Qualification,40-50%,35-55,0,60,0,Pass,1,1,1,0,1,1,1,0,1,0,0,1,0,1,1,2
AAA,2014J,2086400,0,Scotland,A Level or Equivalent,70-80%,35-55,0,60,0,Pass,6,1,1,0,0,1,0,0,1,1,0,0,1,0,0,9
AAA,2014J,2139353,0,London Region,A Level or Equivalent,50-60%,35-55,1,60,0,Pass,8,1,0,0,1,0,1,1,0,0,1,0,1,1,0,3
AAA,2014J,2148681,1,East Midlands Region,Lower Than A Level,40-50%,35-55,0,90,0,Pass,11,1,0,0,1,0,1,1,1,1,1,0,1,1,0,6
AAA,2014J,2158048,1,Ireland,A Level or Equivalent,40-50%,35-55,0,60,0,Withdrawn,6,0,0,1,1,1,1,0,1,0,1,1,1,1,0,9
AAA,2014J,2158196,1,South West Region,Lower Than A Level,30-40%,35-55,0,120,0,Withdrawn,3,1,1,0,0,0,0,0,1,0,0,0,1,1,0,8
AAA,2014J,2165164,1,South West Region,Lower Than A Level,20-Oct,0-35,0,60,0,Pass,1,0,0,0,0,1,1,1,1,0,1,1,0,0,1,2
AAA,2014J,2168833,0,South West Region,Lower Than A Level,50-60%,35-55,0,60,0,Withdrawn,6,1,1,0,1,1,1,0,1,0,1,1,1,0,0,9
AAA,2014J,2207874,1,West Midlands Region,Lower Than A Level,50-60%,0-35,0,120,0,Fail,5,0,0,1,0,1,0,1,1,0,0,1,1,0,0,9
AAA,2014J,2240349,0,South West Region,Lower Than A Level,20-30%,35-55,0,60,0,Pass,9,0,0,1,1,0,1,0,0,0,1,1,1,1,0,4
AAA,2014J,2244332,0,North Western Region,A Level or Equivalent,20-30%,35-55,0,60,0,Distinction,3,0,0,0,1,1,0,0,1,1,0,0,1,1,1,8
AAA,2014J,2273119,1,West Midlands Region,A Level or Equivalent,30-40%,0-35,0,60,0,Withdrawn,9,0,1,0,0,0,1,0,1,0,1,0,1,0,1,4
AAA,2014J,2277857,1,West Midlands Region,A Level or Equivalent,70-80%,35-55,0,60,0,Pass,8,0,0,0,0,0,0,1,1,1,0,1,1,0,1,3
AAA,2014J,2297896,1,West Midlands Region,A Level or Equivalent,70-80%,35-55,0,60,0,Pass,12,1,0,0,0,1,0,0,1,1,1,0,1,0,0,7
AAA,2014J,2313257,0,London Region,A Level or Equivalent,30-40%,35-55,0,360,0,Withdrawn,6,0,1,0,1,1,1,1,1,1,1,1,1,1,0,9
AAA,2014J,2318055,0,Wales,A Level or Equivalent,90-100%,35-55,1,60,0,Pass,5,1,0,0,1,1,0,1,1,0,1,1,0,1,1,9
AAA,2014J,2330254,0,London Region,Lower Than A Level,40-50%,35-55,0,60,0,Pass,13,1,1,1,0,1,0,1,1,0,0,0,1,0,0,5
AAA,2014J,2355470,0,East Midlands Region,A Level or Equivalent,80-90%,35-55,0,120,0,Pass,8,0,1,0,0,1,1,0,1,1,1,0,0,0,1,3
AAA,2014J,2358969,1,East Anglian Region,A Level or Equivalent,70-80%,0-35,1,60,0,Pass,8,0,0,1,0,1,0,1,1,0,0,1,0,1,1,3
AAA,2014J,2363863,1,North Western Region,A Level or Equivalent,0-10%,0-35,0,60,0,Distinction,9,1,0,1,1,1,0,0,1,1,0,0,1,1,1,4
AAA,2014J,2365101,0,South East Region,HE Qualification,20-30%,0-35,1,240,0,Withdrawn,12,1,1,1,0,1,1,0,1,1,0,0,1,1,1,7
AAA,2014J,2369415,0,London Region,A Level or Equivalent,40-50%,35-55,0,60,0,Pass,14,0,0,1,0,1,1,0,1,0,0,1,1,0,0,5
AAA,2014J,2375975,1,East Anglian Region,A Level or Equivalent,60-70%,35-55,0,60,1,Pass,9,0,1,0,0,0,1,1,1,1,0,1,0,0,0,4
AAA,2014J,2397661,1,East Midlands Region,Lower Than A Level,20-30%,35-55,0,60,0,Pass,16,1,0,0,0,1,0,0,0,0,0,1,0,0,1,10
AAA,2014J,2398313,0,East Anglian Region,Lower Than A Level,70-80%,35-55,0,60,0,Pass,1,1,1,0,1,1,1,0,0,1,1,0,1,1,1,2
AAA,2014J,2404408,1,South West Region,Lower Than A Level,40-50%,35-55,0,60,0,Fail,14,0,1,1,1,1,0,0,1,1,1,0,0,1,1,5
AAA,2014J,2425993,0,Scotland,HE Qualification,40-50%,0-35,0,60,0,Pass,5,0,0,1,0,0,0,0,0,0,1,1,0,1,1,9
AAA,2014J,2429854,0,London Region,A Level or Equivalent,20-Oct,35-55,1,60,1,Fail,8,1,0,0,0,1,1,1,1,0,0,1,0,0,1,3
AAA,2014J,2432796,1,East Anglian Region,HE Qualification,70-80%,35-55,0,60,0,Pass,9,1,1,0,0,1,1,0,1,0,1,1,0,0,0,4
AAA,2014J,2434159,0,North Western Region,A Level or Equivalent,20-Oct,0-35,0,60,0,Pass,8,1,0,1,1,0,1,1,0,1,0,1,0,1,1,3
AAA,2014J,2436812,1,South Region,A Level or Equivalent,90-100%,0-35,0,60,0,Fail,3,0,1,0,1,0,1,1,0,0,0,1,1,0,1,8
AAA,2014J,2467267,0,West Midlands Region,HE Qualification,0-10%,0-35,0,60,0,Pass,16,0,0,0,1,1,0,0,0,0,0,1,0,1,1,10
AAA,2014J,2470694,1,Scotland,HE Qualification,50-60%,55<=,1,60,0,Fail,4,1,0,0,1,0,1,0,0,1,0,0,1,0,1,8
AAA,2014J,2473538,1,South East Region,A Level or Equivalent,80-90%,35-55,0,60,0,Pass,10,0,1,1,0,0,1,1,0,0,0,0,1,0,0,1
AAA,2014J,2474849,1,Scotland,A Level or Equivalent,0-10%,35-55,1,60,0,Withdrawn,16,1,1,0,0,0,0,0,1,1,0,0,0,0,0,10
AAA,2014J,2494700,0,Yorkshire Region,HE Qualification,70-80%,0-35,0,60,0,Pass,16,1,0,0,1,1,0,0,1,0,1,0,1,0,0,10
AAA,2014J,2500258,1,North Western Region,A Level or Equivalent,70-80%,0-35,0,120,0,Pass,10,0,1,0,1,1,0,1,1,0,1,1,1,0,1,1
AAA,2014J,2507842,1,North Western Region,A Level or Equivalent,90-100%,35-55,0,60,0,Withdrawn,13,1,1,0,1,1,1,1,0,1,0,1,1,1,0,5
AAA,2014J,2509639,0,West Midlands Region,A Level or Equivalent,80-90%,0-35,0,90,0,Pass,2,1,1,1,0,0,1,1,0,0,1,0,0,0,0,2
AAA,2014J,2514368,0,West Midlands Region,A Level or Equivalent,50-60%,35-55,0,60,0,Distinction,9,0,1,0,0,0,1,0,1,0,0,1,1,1,0,4
AAA,2014J,2514898,1,East Anglian Region,Lower Than A Level,90-100%,35-55,0,60,0,Pass,14,1,1,1,1,1,0,0,0,0,1,0,0,0,0,5
AAA,2014J,2521865,1,South Region,A Level or Equivalent,50-60%,35-55,0,60,1,Pass,7,1,0,0,1,0,0,0,1,0,1,1,0,0,1,3
AAA,2014J,2522927,1,South West Region,A Level or Equivalent,60-70%,35-55,0,60,0,Pass,6,0,0,0,1,1,1,0,1,0,0,1,1,0,0,9
AAA,2014J,2540168,1,East Midlands Region,HE Qualification,70-80%,35-55,0,60,0,Withdrawn,4,1,0,1,1,1,0,0,1,1,0,1,1,1,1,8
AAA,2014J,2546445,0,Scotland,HE Qualification,80-90%,55<=,0,60,0,Withdrawn,16,0,1,0,0,1,0,0,1,0,0,0,0,0,0,10
AAA,2014J,2551797,1,South East Region,A Level or Equivalent,80-90%,0-35,0,60,0,Pass,9,1,0,1,0,1,1,1,0,1,0,0,1,1,1,4
AAA,2014J,2551932,0,South East Region,Lower Than A Level,50-60%,0-35,0,60,0,Withdrawn,3,0,1,1,0,1,0,0,0,0,0,0,1,1,0,8
AAA,2014J,2569324,0,South Region,A Level or Equivalent,90-100%,0-35,1,60,0,Pass,13,0,1,1,0,1,0,0,1,1,1,0,0,1,1,5
AAA,2014J,2574990,1,South West Region,HE Qualification,60-70%,35-55,0,60,0,Fail,3,0,1,1,1,1,1,0,1,0,0,0,0,0,1,8
AAA,2014J,2576122,0,North Western Region,A Level or Equivalent,70-80%,35-55,1,60,0,Fail,14,0,1,0,0,0,1,1,1,0,1,1,1,1,0,5
AAA,2014J,2578676,0,North Region,Lower Than A Level,20-30%,35-55,0,120,0,Pass,9,0,1,1,0,1,0,0,0,0,0,1,1,1,0,4
AAA,2014J,2581477,1,East Anglian Region,Lower Than A Level,40-50%,35-55,0,60,0,Pass,5,0,0,0,1,0,0,1,0,0,1,0,1,1,1,9
AAA,2014J,2584873,1,East Anglian Region,A Level or Equivalent,80-90%,0-35,0,120,0,Pass,2,0,1,0,1,1,0,0,0,1,1,0,0,1,1,2
AAA,2014J,2595841,1,East Midlands Region,Lower Than A Level,60-70%,35-55,0,60,0,Fail,12,1,0,0,0,0,0,1,0,1,1,1,1,0,0,7
AAA,2014J,2596621,0,South West Region,A Level or Equivalent,50-60%,55<=,0,60,0,Pass,5,1,1,0,0,1,1,0,0,0,1,0,0,0,0,9
AAA,2014J,2601889,0,West Midlands Region,HE Qualification,70-80%,35-55,0,60,0,Pass,13,1,1,0,1,1,0,0,1,0,0,0,1,1,1,5
AAA,2014J,2602338,1,North Western Region,Lower Than A Level,20-30%,35-55,0,120,0,Fail,10,1,0,0,0,1,0,1,0,0,0,0,0,0,0,1
AAA,2014J,2606802,0,North Region,A Level or Equivalent,60-70%,0-35,0,60,0,Fail,3,0,0,0,1,1,0,1,1,1,0,1,0,0,0,8
AAA,2014J,2624961,1,London Region,A Level or Equivalent,80-90%,0-35,0,60,0,Fail,8,1,0,0,1,0,0,1,1,0,0,1,1,1,0,3
AAA,2014J,2630087,1,East Midlands Region,Lower Than A Level,90-100%,35-55,0,210,0,Withdrawn,8,1,0,0,0,0,1,1,0,1,0,0,0,0,1,3
AAA,2014J,2633226,0,South West Region,A Level or Equivalent,50-60%,35-55,0,60,0,Pass,14,0,0,0,0,1,1,0,1,1,1,1,1,1,0,5
AAA,2014J,2642616,1,Yorkshire Region,A Level or Equivalent,20-30%,35-55,0,90,0,Pass,1,0,1,0,0,0,1,1,0,0,1,1,0,1,1,2
AAA,2014J,2642935,1,East Midlands Region,Lower Than A Level,80-90%,35-55,0,60,0,Distinction,16,1,0,1,1,1,1,0,1,1,1,0,1,1,1,10
AAA,2014J,2648611,1,South East Region,A Level or Equivalent,20-30%,35-55,0,60,0,Pass,15,0,1,0,1,0,1,1,1,0,0,0,0,0,0,10
AAA,2014J,2649800,0,West Midlands Region,Lower Than A Level,50-60%,35-55,0,60,0,Pass,14,1,1,0,0,1,1,0,1,1,0,0,1,1,1,5
AAA,2014J,2654628,1,East Anglian Region,Lower Than A Level,90-100%,35-55,1,60,0,Pass,1,1,0,1,1,0,0,0,1,1,1,0,1,0,0,2
AAA,2014J,2677624,0,North Western Region,A Level or Equivalent,20-Oct,35-55,0,90,0,Pass,9,1,0,1,0,0,1,1,0,1,0,0,1,0,0,4
AAA,2014J,2680312,0,Scotland,HE Qualification,90-100%,55<=,0,60,0,Pass,15,0,0,0,1,1,0,0,0,1,1,0,1,0,0,10
AAA,2014J,2688166,0,Yorkshire Region,Lower Than A Level,40-50%,35-55,0,60,0,Pass,6,1,0,1,1,0,1,1,0,1,0,1,1,0,0,9
AAA,2014J,2690062,1,North Western Region,A Level or Equivalent,90-100%,35-55,0,120,0,Withdrawn,7,0,1,0,0,0,0,1,1,0,0,1,1,1,1,3
AAA,2014J,2692514,0,North Western Region,Lower Than A Level,0-10%,35-55,0,120,0,Pass,2,0,1,1,0,1,0,1,0,0,0,0,0,0,1,2
AAA,2014J,2694788,1,South Region,A Level or Equivalent,70-80%,35-55,0,180,1,Fail,7,0,0,1,0,0,0,1,0,0,1,1,1,1,1,3
BBB,2013B,23629,1,East Anglian Region,Lower Than A Level,20-30%,0-35,2,60,0,Fail,7,1,1,0,0,1,1,0,1,1,1,0,1,1,1,3
BBB,2013B,25107,1,East Anglian Region,Lower Than A Level,20-30%,0-35,0,120,0,Pass,8,0,1,1,0,0,1,1,0,0,0,0,1,1,1,3
BBB,2013B,27891,0,Scotland,Lower Than A Level,0-10%,0-35,2,120,1,Withdrawn,10,0,0,1,0,0,1,0,0,0,0,0,1,1,1,1
BBB,2013B,29144,0,South Region,Lower Than A Level,60-70%,0-35,0,120,0,Fail,15,0,1,1,0,0,0,1,0,0,1,1,1,0,0,10
BBB,2013B,31663,0,North Region,A Level or Equivalent,30-40%,35-55,0,60,0,Pass,7,1,1,1,0,1,0,0,0,1,0,1,1,1,1,3
BBB,2013B,33666,1,London Region,A Level or Equivalent,20-Oct,0-35,1,60,0,Withdrawn,12,1,1,1,0,1,0,1,0,0,1,1,1,0,0,7
BBB,2013B,34229,1,Ireland,A Level or Equivalent,0-10%,35-55,2,120,0,Pass,2,1,1,1,1,0,0,1,0,0,0,1,1,0,1,2
BBB,2013B,34353,0,Scotland,A Level or Equivalent,70-80%,35-55,0,120,1,Fail,10,0,1,0,0,1,0,1,0,0,0,1,0,0,1,1
BBB,2013B,34431,1,Yorkshire Region,Lower Than A Level,70-80%,0-35,0,60,0,Withdrawn,11,1,1,1,1,0,1,0,0,0,0,0,1,1,1,6
BBB,2013B,34694,0,West Midlands Region,A Level or Equivalent,20-Oct,35-55,1,60,0,Withdrawn,1,0,1,0,1,1,0,1,1,0,0,0,0,0,0,2
BBB,2013B,34756,1,East Midlands Region,Lower Than A Level,20-Oct,0-35,1,150,0,Withdrawn,12,1,0,0,0,1,0,1,1,1,1,0,1,1,1,7
BBB,2013B,34863,1,London Region,A Level or Equivalent,50-60%,0-35,0,60,0,Pass,7,1,1,0,0,0,0,1,1,1,0,0,1,0,1,3
BBB,2013B,35812,1,East Anglian Region,Lower Than A Level,30-40%,0-35,0,60,0,Fail,1,1,1,1,1,1,1,0,1,1,0,1,1,0,1,2
BBB,2013B,39655,1,Scotland,Lower Than A Level,50-60%,0-35,0,120,0,Distinction,3,1,1,1,1,1,1,1,0,0,1,0,1,1,0,8
BBB,2013B,50993,1,Scotland,Lower Than A Level,0-10%,0-35,0,60,1,Fail,5,0,0,1,0,1,0,1,0,0,1,0,0,0,0,9
BBB,2013B,52899,1,East Midlands Region,Lower Than A Level,50-60%,35-55,0,60,0,Withdrawn,1,0,0,0,0,1,1,1,0,1,1,0,0,1,0,2
BBB,2013B,58089,1,West Midlands Region,A Level or Equivalent,40-50%,0-35,2,90,0,Fail,3,1,0,0,0,1,0,0,0,1,0,0,0,1,0,8
BBB,2013B,62631,1,North Western Region,A Level or Equivalent,20-30%,0-35,0,60,0,Fail,9,0,1,0,0,0,0,0,1,1,0,1,1,1,0,4
BBB,2013B,70608,1,South East Region,HE Qualification,70-80%,35-55,0,240,0,Distinction,2,1,1,1,1,1,0,0,1,0,0,1,1,1,0,2
BBB,2013B,71433,1,North Western Region,A Level or Equivalent,50-60%,0-35,1,150,0,Fail,5,0,1,0,0,1,0,0,0,0,0,1,0,1,1,9
BBB,2013B,72070,0,South East Region,A Level or Equivalent,60-70%,35-55,0,60,0,Withdrawn,2,0,1,1,1,0,0,0,0,0,1,0,0,1,0,2
BBB,2013B,74695,1,North Region,Lower Than A Level,40-50%,0-35,0,90,0,Distinction,10,0,1,1,0,1,1,1,1,0,0,0,1,1,0,1
BBB,2013B,74734,1,North Western Region,Lower Than A Level,0-10%,0-35,0,180,0,Pass,8,1,0,0,0,1,0,0,1,0,1,0,1,0,1,3
BBB,2013B,75399,1,East Anglian Region,Lower Than A Level,60-70%,35-55,0,60,0,Pass,14,0,1,1,1,0,1,1,0,1,1,1,0,0,1,5
BBB,2013B,78645,1,East Anglian Region,Lower Than A Level,40-50%,0-35,0,60,0,Fail,5,0,1,0,1,0,0,0,0,1,1,0,0,1,0,9
BBB,2013B,79378,1,London Region,Lower Than A Level,20-30%,35-55,4,120,1,Fail,7,1,0,0,0,1,1,0,1,0,1,1,1,0,0,3
BBB,2013B,82535,1,Wales,Lower Than A Level,20-30%,0-35,0,180,0,Pass,15,0,0,0,0,1,0,0,1,0,0,1,0,1,1,10
BBB,2013B,82741,1,East Anglian Region,Lower Than A Level,50-60%,0-35,0,60,0,Pass,7,0,1,1,1,0,0,1,0,0,0,0,1,1,0,3
BBB,2013B,83254,1,London Region,HE Qualification,20-Oct,35-55,0,60,0,Pass,10,0,1,0,1,1,1,1,1,1,1,1,1,0,0,1
BBB,2013B,84245,0,Wales,A Level or Equivalent,50-60%,0-35,0,120,0,Distinction,12,1,0,0,1,1,1,1,1,1,0,0,1,1,1,7
BBB,2013B,84664,1,North Western Region,A Level or Equivalent,60-70%,35-55,0,60,0,Pass,11,0,1,1,1,1,0,0,0,1,0,1,1,0,0,6
BBB,2013B,86291,1,Wales,HE Qualification,50-60%,35-55,0,60,0,Withdrawn,8,1,1,1,0,1,1,0,1,1,0,1,0,1,1,3
BBB,2013B,87604,1,West Midlands Region,A Level or Equivalent,30-40%,0-35,0,180,0,Withdrawn,11,1,1,0,0,1,0,1,1,1,1,0,1,0,1,6
BBB,2013B,87732,0,East Midlands Region,A Level or Equivalent,30-40%,35-55,0,75,0,Pass,16,0,0,0,0,1,0,1,0,1,1,0,0,0,1,10
BBB,2013B,88580,1,London Region,Lower Than A Level,20-Oct,0-35,0,60,0,Withdrawn,1,0,1,0,0,1,1,1,1,0,1,1,1,1,0,2
BBB,2013B,91322,1,Yorkshire Region,A Level or Equivalent,40-50%,35-55,0,60,0,Pass,16,0,0,0,1,0,0,1,1,1,0,1,1,0,0,10
BBB,2013B,92274,1,East Anglian Region,Lower Than A Level,60-70%,0-35,0,60,0,Withdrawn,16,1,1,1,0,1,0,0,1,1,0,0,1,0,0,10
BBB,2013B,92832,1,East Anglian Region,A Level or Equivalent,20-30%,0-35,0,60,0,Pass,13,0,1,0,0,1,0,1,1,0,0,1,1,1,1,5
BBB,2013B,92947,1,Wales,HE Qualification,20-Oct,35-55,0,120,0,Distinction,14,1,0,1,0,1,1,0,1,1,1,1,1,1,0,5
BBB,2013B,92993,1,East Anglian Region,Lower Than A Level,20-Oct,0-35,3,135,0,Pass,3,1,0,0,0,1,0,1,1,0,1,0,1,0,0,8
BBB,2013B,94616,1,South Region,Lower Than A Level,80-90%,0-35,1,60,0,Fail,5,1,0,1,0,1,0,1,0,1,0,0,1,1,1,9
BBB,2013B,96291,1,South Region,Lower Than A Level,70-80%,0-35,0,60,0,Withdrawn,10,0,1,0,0,0,1,1,0,0,0,0,1,1,1,1
BBB,2013B,97154,1,North Region,A Level or Equivalent,20-30%,0-35,0,60,0,Pass,3,0,0,1,1,1,1,0,1,1,0,1,1,1,1,8
BBB,2013B,98313,1,Scotland,HE Qualification,30-40%,35-55,0,60,0,Pass,5,1,0,0,0,0,0,0,0,0,0,1,1,1,0,9
BBB,2013B,102849,1,East Anglian Region,A Level or Equivalent,20-30%,35-55,0,180,0,Withdrawn,10,0,0,1,1,0,1,1,0,1,0,0,1,1,1,1
BBB,2013B,104054,1,South East Region,Lower Than A Level,90-100%,35-55,0,120,0,Distinction,16,0,1,1,1,0,1,1,1,1,1,1,0,1,1,10
BBB,2013B,108377,1,South Region,Lower Than A Level,30-40%,35-55,0,120,1,Pass,3,1,0,1,0,0,0,0,0,1,1,1,1,0,1,8
BBB,2013B,108589,1,Ireland,A Level or Equivalent,70-80%,0-35,0,60,0,Pass,1,1,0,1,0,0,0,1,1,0,1,1,0,1,1,2
BBB,2013B,109938,1,Wales,HE Qualification,60-70%,0-35,0,120,0,Distinction,16,0,1,1,0,0,1,0,1,0,0,0,1,1,1,10
BBB,2013B,110881,1,East Anglian Region,A Level or Equivalent,40-50%,0-35,0,60,0,Pass,16,1,0,0,0,1,0,0,0,1,1,1,1,0,1,10
BBB,2013B,116603,1,Scotland,HE Qualification,20-30%,35-55,0,60,0,Distinction,10,0,0,0,0,1,1,0,1,0,0,0,0,0,1,1
BBB,2013B,117071,0,London Region,A Level or Equivalent,40-50%,35-55,0,60,0,Fail,14,0,0,1,1,0,1,1,0,0,1,0,0,1,0,5
BBB,2013B,120994,1,London Region,Lower Than A Level,30-40%,35-55,0,70,1,Fail,3,0,1,0,1,1,1,1,1,1,1,0,0,1,0,8
BBB,2013B,122524,1,Wales,Lower Than A Level,20-30%,0-35,2,120,0,Fail,3,0,0,1,1,0,1,0,1,0,0,1,1,0,1,8
BBB,2013B,123379,1,East Midlands Region,A Level or Equivalent,70-80%,0-35,1,180,0,Withdrawn,3,0,1,1,0,0,1,0,0,1,0,1,1,0,1,8
BBB,2013B,123860,1,East Anglian Region,A Level or Equivalent,70-80%,35-55,0,60,1,Pass,11,1,0,1,0,0,1,1,1,1,0,1,0,1,0,6
BBB,2013B,126322,1,Scotland,A Level or Equivalent,20-Oct,35-55,1,60,0,Pass,2,1,1,0,1,0,1,1,0,1,1,0,1,1,0,2
BBB,2013B,126411,1,West Midlands Region,Lower Than A Level,0-10%,0-35,2,60,1,Fail,12,0,1,0,0,0,1,1,0,0,0,1,1,1,0,7
BBB,2013B,127209,1,Scotland,A Level or Equivalent,40-50%,0-35,1,180,1,Withdrawn,10,0,1,1,1,1,1,1,0,0,1,0,0,1,0,1
BBB,2013B,128776,1,Yorkshire Region,Lower Than A Level,40-50%,35-55,1,120,0,Withdrawn,15,0,0,1,0,1,0,0,0,1,0,0,0,0,1,10
BBB,2013B,133155,1,Yorkshire Region,HE Qualification,50-60%,35-55,0,60,0,Pass,12,0,1,0,1,1,1,1,1,1,1,1,0,0,1,7
BBB,2013B,133531,1,Wales,Lower Than A Level,30-40%,0-35,0,60,0,Fail,3,1,0,1,1,1,0,1,1,0,1,0,1,1,1,8
BBB,2013B,133748,1,Scotland,Lower Than A Level,0-10%,35-55,0,70,0,Fail,12,1,1,1,0,1,1,0,1,1,1,0,1,1,0,7
BBB,2013B,141823,1,East Midlands Region,A Level or Equivalent,0-10%,0-35,0,120,0,Withdrawn,10,0,1,0,1,0,0,1,1,0,1,1,1,1,1,1
BBB,2013B,142324,1,East Anglian Region,Lower Than A Level,30-40%,35-55,0,60,0,Fail,3,0,0,0,0,1,0,1,0,1,0,0,0,0,1,8
BBB,2013B,143741,1,London Region,A Level or Equivalent,50-60%,0-35,0,120,1,Distinction,10,0,0,0,1,1,1,1,1,0,0,0,1,0,1,1
BBB,2013B,143854,1,West Midlands Region,Lower Than A Level,20-Oct,35-55,0,60,0,Withdrawn,3,1,1,0,1,0,0,1,1,0,1,0,1,1,0,8
BBB,2013B,145544,0,East Midlands Region,A Level or Equivalent,20-30%,0-35,0,60,0,Pass,14,0,0,0,0,0,0,0,0,0,0,1,0,1,0,5
BBB,2013B,147876,0,South West Region,A Level or Equivalent,30-40%,0-35,0,60,0,Fail,3,0,0,1,1,1,0,0,1,1,1,0,0,1,1,8
BBB,2013B,151697,1,East Midlands Region,A Level or Equivalent,90-100%,0-35,0,60,1,Pass,10,1,1,0,1,1,0,1,1,0,0,1,0,0,0,1
BBB,2013B,152153,1,East Anglian Region,Lower Than A Level,40-50%,0-35,1,60,0,Withdrawn,12,1,1,0,1,0,0,1,1,1,1,0,1,0,0,7
BBB,2013B,152910,0,West Midlands Region,A Level or Equivalent,,0-35,0,60,0,Pass,8,0,1,0,1,1,1,1,1,0,0,1,1,1,0,3
BBB,2013B,152929,1,North Western Region,Lower Than A Level,20-Oct,35-55,0,60,0,Pass,6,1,1,0,1,0,0,1,0,1,0,1,1,1,0,9
BBB,2013B,153212,1,South West Region,Lower Than A Level,40-50%,35-55,1,120,0,Distinction,13,1,1,1,0,0,0,1,1,0,1,0,0,0,0,5
BBB,2013B,153704,1,West Midlands Region,Lower Than A Level,0-10%,0-35,1,120,0,Withdrawn,1,1,0,0,0,0,0,1,1,1,0,0,0,0,1,2
BBB,2013B,154027,1,South East Region,Lower Than A Level,70-80%,0-35,0,60,0,Pass,2,0,1,0,0,1,1,1,0,0,1,0,1,0,1,2
BBB,2013B,154125,1,Yorkshire Region,A Level or Equivalent,50-60%,0-35,0,60,0,Fail,13,0,0,1,1,0,0,1,0,1,1,1,1,0,1,5
BBB,2013B,154540,1,North Western Region,HE Qualification,50-60%,0-35,0,60,0,Pass,12,0,0,1,0,1,0,0,1,0,0,0,0,1,1,7
BBB,2013B,155735,1,West Midlands Region,Lower Than A Level,0-10%,0-35,1,60,0,Withdrawn,12,1,0,1,1,1,0,0,1,0,1,1,0,0,0,7
BBB,2013B,156835,1,London Region,A Level or Equivalent,40-50%,35-55,0,60,0,Pass,1,1,0,1,1,0,1,1,1,0,0,0,0,0,0,2
BBB,2013B,161678,1,North Western Region,Lower Than A Level,0-10%,0-35,1,60,0,Fail,11,1,0,1,1,1,1,0,1,0,0,0,0,0,1,6
BBB,2013B,165243,0,Wales,A Level or Equivalent,50-60%,35-55,0,60,0,Pass,10,0,0,0,1,0,1,1,0,1,1,1,1,1,0,1
BBB,2013B,169515,1,East Anglian Region,A Level or Equivalent,30-40%,0-35,0,60,0,Withdrawn,3,0,0,1,1,1,1,0,0,0,1,1,1,0,0,8
BBB,2013B,170356,1,East Anglian Region,Lower Than A Level,20-30%,35-55,0,120,0,Withdrawn,9,0,0,1,1,0,0,0,0,1,1,0,0,0,0,4
BBB,2013B,171377,1,West Midlands Region,Lower Than A Level,60-70%,0-35,2,120,0,Fail,3,0,1,1,0,0,0,1,0,0,1,0,1,1,1,8
BBB,2013B,173316,1,London Region,A Level or Equivalent,20-Oct,0-35,0,60,0,Fail,10,0,0,1,1,0,1,1,0,0,0,1,1,0,1,1
BBB,2013B,173335,1,North Western Region,Lower Than A Level,40-50%,0-35,1,60,0,Fail,11,1,1,1,0,1,0,1,0,0,1,1,0,0,1,6
BBB,2013B,174321,1,Ireland,A Level or Equivalent,80-90%,0-35,1,270,0,Withdrawn,2,1,1,1,1,1,0,0,1,1,0,1,0,0,0,2
BBB,2013B,177639,1,Wales,Lower Than A Level,20-Oct,0-35,1,150,0,Withdrawn,7,1,0,1,1,1,0,1,1,1,0,0,1,1,1,3
BBB,2013B,179605,1,South West Region,A Level or Equivalent,60-70%,0-35,0,60,0,Withdrawn,5,1,1,1,0,1,0,1,0,1,1,0,1,1,0,9
BBB,2013B,182824,1,East Anglian Region,Lower Than A Level,0-10%,35-55,2,120,0,Pass,11,0,0,1,0,1,0,0,0,0,0,0,0,0,0,6
BBB,2013B,183806,1,South West Region,A Level or Equivalent,80-90%,35-55,1,225,1,Fail,5,0,0,0,1,1,1,0,1,1,0,0,0,0,0,9
BBB,2013B,185240,1,West Midlands Region,Lower Than A Level,40-50%,35-55,1,120,0,Withdrawn,2,0,0,1,0,1,1,0,1,0,0,0,0,1,0,2
BBB,2013B,185349,1,Scotland,Lower Than A Level,30-40%,35-55,2,60,0,Pass,13,0,0,1,1,0,0,1,1,0,0,0,0,1,1,5
BBB,2013B,186670,1,Yorkshire Region,HE Qualification,40-50%,35-55,1,60,0,Fail,8,1,1,0,0,1,1,1,0,0,1,1,0,0,1,3
BBB,2013B,186780,1,North Western Region,A Level or Equivalent,20-Oct,35-55,2,120,1,Withdrawn,8,0,1,1,1,1,0,1,0,0,0,0,1,0,1,3
BBB,2013B,186988,1,Yorkshire Region,Lower Than A Level,0-10%,0-35,2,60,0,Fail,4,0,0,0,0,0,1,0,1,1,0,0,1,0,0,8
BBB,2013B,187793,1,North Western Region,Lower Than A Level,20-Oct,35-55,1,120,1,Fail,14,1,1,0,1,0,0,0,0,1,1,1,0,1,1,5
BBB,2013B,188152,0,South East Region,Lower Than A Level,50-60%,0-35,0,120,0,Distinction,15,1,1,0,0,0,0,1,1,0,0,1,1,0,0,10
BBB,2013B,192424,0,Wales,A Level or Equivalent,70-80%,35-55,0,120,0,Pass,6,1,1,1,1,0,0,0,0,1,1,0,0,0,0,9
BBB,2013B,193822,1,Wales,Lower Than A Level,20-Oct,35-55,0,60,1,Pass,15,1,1,0,1,1,1,0,1,1,0,0,0,0,0,10
BBB,2013B,197595,1,London Region,HE Qualification,30-40%,35-55,0,60,0,Pass,7,0,1,1,1,0,1,0,1,1,0,0,0,1,0,3
BBB,2013B,198956,0,Yorkshire Region,Lower Than A Level,50-60%,35-55,0,60,0,Pass,16,1,0,1,1,0,1,1,0,0,0,0,1,1,1,10
BBB,2013B,199520,1,Scotland,HE Qualification,40-50%,0-35,0,60,0,Pass,6,1,0,0,1,0,0,0,1,1,1,1,1,0,1,9
BBB,2013B,200863,1,South West Region,A Level or Equivalent,40-50%,0-35,1,60,0,Withdrawn,13,1,0,1,0,0,0,1,0,1,1,1,1,1,1,5
BBB,2013B,200905,1,London Region,HE Qualification,0-10%,0-35,1,60,0,Fail,9,1,0,0,1,0,1,0,0,1,0,0,0,0,0,4
BBB,2013B,203108,1,South West Region,A Level or Equivalent,60-70%,0-35,1,120,0,Fail,11,1,0,1,0,1,1,0,1,0,1,1,0,0,0,6
BBB,2013B,203481,1,West Midlands Region,Lower Than A Level,70-80%,0-35,0,60,0,Pass,14,1,0,0,1,0,1,0,1,1,0,0,1,0,0,5
BBB,2013B,203652,1,East Anglian Region,A Level or Equivalent,20-30%,0-35,0,180,1,Fail,9,0,0,0,1,0,1,1,1,0,0,1,0,0,0,4
BBB,2013B,204746,1,London Region,A Level or Equivalent,0-10%,0-35,0,120,0,Distinction,6,1,1,0,1,1,0,1,1,0,1,1,0,1,1,9
BBB,2013B,205231,1,Scotland,Lower Than A Level,20-Oct,35-55,1,60,0,Fail,12,1,0,0,0,1,0,0,0,0,1,1,1,0,0,7
BBB,2013B,226374,0,Wales,A Level or Equivalent,70-80%,35-55,0,60,0,Fail,5,1,0,1,1,1,1,0,1,1,0,0,1,1,0,9
BBB,2013B,226827,1,South East Region,A Level or Equivalent,40-50%,0-35,0,60,0,Pass,4,0,0,0,0,1,0,1,1,1,0,0,1,1,1,8
BBB,2013B,228049,1,South Region,Lower Than A Level,60-70%,35-55,0,60,0,Withdrawn,8,0,1,1,1,1,1,0,0,0,0,1,0,0,0,3
BBB,2013B,228235,1,Yorkshire Region,A Level or Equivalent,30-40%,35-55,1,120,0,Withdrawn,9,0,1,1,1,1,1,0,0,0,1,0,1,1,0,4
BBB,2013B,229240,1,East Anglian Region,A Level or Equivalent,90-100%,0-35,0,60,0,Distinction,12,1,1,0,1,0,1,1,0,0,1,0,0,0,0,7
BBB,2013B,229426,1,West Midlands Region,Lower Than A Level,20-30%,0-35,0,60,0,Distinction,7,1,0,1,1,1,1,1,0,0,0,1,1,0,0,3
BBB,2013B,230348,1,East Anglian Region,A Level or Equivalent,0-10%,0-35,2,585,0,Withdrawn,15,0,0,0,0,1,0,1,1,0,1,1,0,1,0,10
BBB,2013B,232600,1,North Western Region,Lower Than A Level,20-Oct,0-35,2,60,0,Withdrawn,10,0,0,0,0,1,0,0,0,0,0,0,1,1,1,1
BBB,2013B,232695,1,Wales,Lower Than A Level,80-90%,0-35,0,60,0,Pass,16,1,1,1,1,1,0,0,0,0,1,0,0,0,0,10
BBB,2013B,232745,1,West Midlands Region,Lower Than A Level,0-10%,0-35,0,180,1,Withdrawn,15,1,0,1,0,1,0,0,1,1,0,1,0,1,1,10
BBB,2013B,235097,1,North Western Region,Lower Than A Level,40-50%,0-35,1,60,1,Fail,10,1,0,0,1,1,0,0,0,0,0,1,1,1,0,1
BBB,2013B,237304,0,North Region,A Level or Equivalent,0-10%,0-35,0,60,0,Fail,15,1,1,1,0,0,1,0,1,1,1,0,1,1,0,10
BBB,2013B,237913,1,North Western Region,A Level or Equivalent,20-30%,0-35,1,60,0,Fail,8,1,1,1,1,1,1,1,0,0,0,1,0,0,0,3
BBB,2013B,242149,1,North Western Region,Lower Than A Level,0-10%,0-35,0,180,0,Withdrawn,15,1,0,0,1,0,0,1,0,0,0,1,1,1,1,10
BBB,2013B,245404,1,North Western Region,Lower Than A Level,20-Oct,35-55,1,60,0,Fail,1,0,1,0,1,1,0,1,0,1,1,1,0,1,1,2
BBB,2013B,247267,0,South East Region,Lower Than A Level,70-80%,0-35,0,60,0,Fail,1,1,0,1,0,1,1,1,0,1,1,1,1,1,0,2
BBB,2013B,248103,1,Yorkshire Region,A Level or Equivalent,50-60%,0-35,0,60,0,Pass,15,1,1,1,1,1,0,0,1,0,1,1,1,1,1,10
BBB,2013B,249534,1,East Midlands Region,A Level or Equivalent,20-30%,35-55,0,60,0,Pass,15,1,1,1,0,1,0,0,1,1,0,0,0,1,0,10
BBB,2013B,251351,1,Scotland,Lower Than A Level,20-Oct,0-35,0,60,0,Pass,16,0,1,1,0,0,1,0,0,1,1,1,0,1,0,10
BBB,2013B,252340,1,Scotland,A Level or Equivalent,80-90%,0-35,2,120,1,Fail,9,0,0,0,0,1,1,1,0,1,1,1,1,0,1,4
BBB,2013B,252652,1,London Region,A Level or Equivalent,50-60%,35-55,0,120,0,Withdrawn,15,0,0,1,1,1,1,1,0,1,1,0,0,0,1,10
BBB,2013B,253250,1,North Region,A Level or Equivalent,40-50%,0-35,1,60,0,Withdrawn,13,1,1,0,0,1,1,0,1,1,0,1,0,0,0,5
BBB,2013B,255347,1,West Midlands Region,Lower Than A Level,90-100%,0-35,0,60,0,Pass,13,0,1,0,0,0,0,0,1,0,0,1,1,0,0,5
BBB,2013B,255998,1,London Region,Lower Than A Level,50-60%,35-55,2,60,0,Pass,2,1,0,1,1,0,1,0,1,1,0,1,0,0,1,2
BBB,2013B,256215,1,East Anglian Region,Lower Than A Level,50-60%,35-55,0,150,1,Withdrawn,16,1,1,0,0,1,1,0,0,1,0,1,1,0,0,10
BBB,2013B,258402,1,South Region,A Level or Equivalent,40-50%,0-35,1,180,0,Withdrawn,11,0,1,1,1,0,0,1,0,1,0,0,0,1,1,6
BBB,2013B,259182,0,East Midlands Region,Lower Than A Level,40-50%,0-35,1,120,0,Withdrawn,8,0,1,1,0,0,0,0,1,0,0,1,0,1,1,3
BBB,2013B,262294,1,North Western Region,Lower Than A Level,0-10%,0-35,2,60,1,Withdrawn,7,1,1,1,0,1,1,0,1,1,1,0,0,0,1,3
BBB,2013B,262454,1,South Region,A Level or Equivalent,40-50%,0-35,1,120,1,Fail,9,0,1,1,1,0,0,0,1,1,0,0,1,0,0,4
BBB,2013B,262741,1,North Region,A Level or Equivalent,40-50%,0-35,0,60,0,Pass,8,0,1,0,0,0,0,1,0,1,0,1,0,0,1,3
BBB,2013B,263499,1,Ireland,Lower Than A Level,40-50%,35-55,0,325,0,Pass,7,1,0,1,1,1,0,0,0,0,1,1,1,1,0,3
BBB,2013B,263531,1,South West Region,Lower Than A Level,30-40%,0-35,1,120,0,Withdrawn,8,0,1,1,1,1,0,1,1,0,1,1,0,0,0,3
BBB,2013B,265405,1,North Western Region,Lower Than A Level,80-90%,35-55,1,60,0,Withdrawn,11,0,0,0,0,1,1,0,1,0,0,1,0,0,1,6
BBB,2013B,265958,1,North Western Region,Lower Than A Level,20-Oct,0-35,2,120,0,Withdrawn,2,1,0,0,1,1,0,1,1,1,1,0,0,0,1,2
BBB,2013B,267761,1,West Midlands Region,A Level or Equivalent,0-10%,0-35,1,120,0,Pass,13,0,0,0,0,1,1,1,1,1,1,0,1,1,1,5
BBB,2013B,267853,1,Ireland,Lower Than A Level,20-30%,35-55,0,120,0,Fail,7,1,1,0,1,1,0,0,0,1,0,0,1,0,1,3
BBB,2013B,269076,1,Yorkshire Region,Lower Than A Level,20-30%,0-35,1,180,0,Withdrawn,13,0,1,1,1,1,0,0,0,1,0,0,1,1,1,5
BBB,2013B,269289,1,South Region,A Level or Equivalent,90-100%,0-35,2,60,0,Withdrawn,12,0,1,1,1,0,0,0,0,1,0,1,1,0,1,7
BBB,2013B,270399,1,South West Region,Lower Than A Level,20-Oct,0-35,0,60,0,Fail,12,0,0,1,1,0,1,1,1,1,0,0,0,0,1,7
BBB,2013B,270567,1,North Region,A Level or Equivalent,20-30%,0-35,1,60,0,Pass,13,0,1,0,1,0,0,0,0,0,0,1,1,1,1,5
BBB,2013B,271036,1,Ireland,Lower Than A Level,80-90%,35-55,3,60,0,Pass,12,0,1,0,0,0,0,0,1,0,1,0,1,0,0,7
BBB,2013B,272580,1,South West Region,Lower Than A Level,30-40%,35-55,0,120,0,Pass,8,0,1,1,0,1,0,0,1,0,0,1,0,0,1,3
BBB,2013B,273731,1,South East Region,A Level or Equivalent,40-50%,0-35,0,60,0,Pass,11,1,1,0,1,1,0,0,1,1,0,0,1,1,0,6
BBB,2013B,273877,0,London Region,Lower Than A Level,0-10%,35-55,0,60,0,Fail,9,0,1,1,1,0,0,0,1,0,1,0,1,1,0,4
BBB,2013B,276717,1,West Midlands Region,A Level or Equivalent,60-70%,0-35,0,120,0,Distinction,3,0,0,1,1,1,1,1,0,1,0,0,1,1,0,8
BBB,2013B,277733,1,Scotland,HE Qualification,30-40%,0-35,1,60,1,Pass,1,0,0,1,1,1,0,0,1,0,0,0,1,0,1,2
BBB,2013B,278447,1,South East Region,A Level or Equivalent,60-70%,0-35,0,60,0,Pass,5,0,1,0,0,1,1,0,0,0,1,0,0,1,0,9
BBB,2013B,280962,1,East Midlands Region,A Level or Equivalent,90-100%,0-35,0,180,0,Fail,9,1,0,1,0,0,1,1,1,0,0,0,0,1,0,4
BBB,2013B,281564,1,Wales,Lower Than A Level,20-Oct,0-35,0,60,0,Pass,13,0,1,0,1,1,1,1,1,0,0,0,0,1,0,5
BBB,2013B,284076,1,South Region,A Level or Equivalent,70-80%,0-35,0,120,0,Pass,4,0,1,0,0,1,0,1,1,0,1,1,1,1,0,8
BBB,2013B,285633,1,West Midlands Region,HE Qualification,20-30%,0-35,1,120,1,Fail,9,1,1,0,1,0,1,1,0,0,0,1,0,1,0,4
BBB,2013B,285912,1,Wales,HE Qualification,50-60%,35-55,0,90,0,Pass,1,1,0,0,0,0,0,1,1,1,0,0,0,1,1,2
BBB,2013B,288380,1,South West Region,Lower Than A Level,50-60%,0-35,3,120,1,Fail,13,0,1,0,1,0,0,1,1,0,1,0,0,0,1,5
BBB,2013B,288990,0,West Midlands Region,HE Qualification,40-50%,35-55,1,60,0,Withdrawn,14,1,1,1,1,1,0,0,1,1,1,0,1,1,0,5
BBB,2013B,290550,1,Ireland,A Level or Equivalent,80-90%,0-35,0,120,0,Pass,9,0,1,1,0,1,1,0,0,1,0,0,0,0,1,4
BBB,2013B,291037,1,West Midlands Region,Lower Than A Level,20-Oct,35-55,0,120,0,Pass,13,1,0,0,0,1,0,1,0,0,0,1,0,0,0,5
BBB,2013B,291194,1,East Anglian Region,Lower Than A Level,30-40%,0-35,0,90,0,Pass,3,0,1,1,1,1,1,0,1,0,1,0,0,1,1,8
BBB,2013B,291701,1,South West Region,Lower Than A Level,0-10%,0-35,0,150,0,Withdrawn,9,1,0,1,0,1,0,0,0,0,1,1,0,1,0,4
BBB,2013B,292027,0,East Midlands Region,Lower Than A Level,40-50%,0-35,0,60,0,Withdrawn,4,0,1,1,1,0,1,1,1,0,1,0,0,0,1,8
BBB,2013B,294381,1,South Region,Lower Than A Level,80-90%,0-35,0,60,0,Fail,11,1,1,1,1,0,0,1,1,0,1,0,1,0,1,6
BBB,2013B,294961,1,London Region,A Level or Equivalent,20-Oct,0-35,2,300,0,Pass,10,0,1,1,1,0,1,1,1,1,0,0,1,0,0,1
BBB,2013B,294999,0,Wales,A Level or Equivalent,90-100%,0-35,0,60,0,Withdrawn,3,0,0,0,1,1,0,1,0,1,1,0,0,1,0,8
BBB,2013B,295754,1,Scotland,A Level or Equivalent,90-100%,0-35,0,120,0,Pass,6,1,0,0,0,0,0,1,0,1,1,1,1,0,1,9
BBB,2013B,296408,1,East Midlands Region,A Level or Equivalent,20-30%,35-55,3,180,1,Withdrawn,6,1,0,1,0,1,1,1,1,0,0,0,1,1,1,9
BBB,2013B,297484,1,North Region,A Level or Equivalent,20-Oct,0-35,1,60,0,Pass,16,0,1,0,1,1,1,1,0,0,1,1,1,0,0,10
BBB,2013B,298322,1,East Anglian Region,HE Qualification,30-40%,35-55,1,120,0,Pass,11,1,1,1,1,0,1,1,1,1,0,1,1,0,1,6
BBB,2013B,298476,1,North Region,A Level or Equivalent,70-80%,0-35,2,130,0,Pass,12,1,1,1,0,1,1,1,0,0,1,1,1,0,0,7
BBB,2013B,299561,1,South Region,A Level or Equivalent,40-50%,35-55,1,60,1,Withdrawn,14,0,1,1,1,1,1,1,1,1,0,0,1,1,0,5
BBB,2013B,302550,0,South Region,Lower Than A Level,40-50%,35-55,1,180,0,Withdrawn,5,1,0,1,0,0,1,0,0,0,1,1,1,1,0,9
BBB,2013B,305945,1,East Anglian Region,A Level or Equivalent,60-70%,0-35,0,60,0,Withdrawn,8,0,1,1,0,0,0,0,1,0,0,1,1,1,0,3
BBB,2013B,306886,1,South Region,Lower Than A Level,90-100%,0-35,0,150,0,Pass,5,0,1,0,1,1,1,0,0,1,0,0,1,1,0,9
BBB,2013B,306984,0,North Region,Lower Than A Level,20-30%,35-55,3,60,0,Withdrawn,6,1,0,0,1,0,1,0,1,1,1,1,0,1,1,9
BBB,2013B,309175,1,London Region,Lower Than A Level,40-50%,0-35,0,60,0,Pass,13,1,1,1,0,1,1,1,1,0,0,0,1,0,1,5
BBB,2013B,309709,0,South East Region,Lower Than A Level,90-100%,35-55,3,195,0,Pass,11,1,0,1,0,1,1,1,0,1,0,0,1,0,0,6
BBB,2013B,309734,1,East Midlands Region,Lower Than A Level,0-10%,0-35,2,60,0,Pass,2,1,1,1,0,0,0,0,0,0,0,1,0,1,1,2
BBB,2013B,311042,1,East Anglian Region,Lower Than A Level,20-30%,0-35,3,180,0,Withdrawn,7,0,1,0,0,1,1,0,1,1,1,1,1,0,0,3
BBB,2013B,312141,1,Yorkshire Region,Lower Than A Level,20-30%,35-55,1,60,0,Fail,9,0,1,1,1,0,0,0,1,0,1,0,0,0,1,4
BBB,2013B,313810,1,South Region,A Level or Equivalent,40-50%,0-35,0,60,0,Distinction,4,0,0,0,0,0,0,0,1,1,1,0,0,1,1,8
BBB,2013B,315186,1,South West Region,A Level or Equivalent,40-50%,35-55,1,60,0,Pass,10,1,0,0,0,1,0,1,1,0,1,1,1,1,1,1
BBB,2013B,316841,1,South East Region,A Level or Equivalent,30-40%,35-55,0,60,0,Pass,12,1,1,0,1,1,0,1,0,0,0,1,1,0,0,7
BBB,2013B,318056,1,Wales,A Level or Equivalent,20-30%,0-35,0,150,0,Pass,7,1,1,0,1,0,1,0,0,0,1,1,1,1,1,3
BBB,2013B,318101,1,London Region,Lower Than A Level,20-30%,0-35,0,60,0,Fail,1,0,0,0,1,1,0,0,0,0,1,1,0,0,0,2
BBB,2013B,319209,1,South Region,Post Graduate Qualification,90-100%,35-55,0,120,0,Distinction,4,0,0,1,1,0,1,1,0,1,1,1,0,0,1,8
BBB,2013B,322745,1,Scotland,A Level or Equivalent,90-100%,0-35,0,60,0,Fail,12,1,1,1,0,1,0,0,1,1,0,1,0,0,1,7
BBB,2013B,322960,1,Wales,Lower Than A Level,20-30%,0-35,0,150,0,Withdrawn,4,1,1,0,1,0,0,1,0,0,1,1,1,1,1,8
BBB,2013B,323914,1,West Midlands Region,A Level or Equivalent,20-Oct,0-35,0,60,0,Fail,1,0,1,0,0,0,1,1,0,0,0,1,0,0,0,2
BBB,2013B,324236,1,Wales,Lower Than A Level,60-70%,35-55,0,60,0,Withdrawn,2,0,1,1,1,1,0,1,0,0,1,1,1,0,1,2
BBB,2013B,325511,1,East Anglian Region,A Level or Equivalent,70-80%,0-35,0,180,0,Pass,7,0,1,0,0,1,0,1,0,1,0,0,0,0,1,3
BBB,2013B,325879,1,Yorkshire Region,Lower Than A Level,0-10%,0-35,0,60,0,Pass,4,1,1,1,1,0,0,0,0,0,0,0,0,1,0,8
BBB,2013B,326012,1,London Region,A Level or Equivalent,0-10%,0-35,0,90,0,Fail,5,1,1,1,1,0,1,0,0,0,0,1,1,0,0,9
BBB,2013B,329226,0,Scotland,HE Qualification,20-30%,0-35,0,120,0,Pass,6,0,0,1,1,1,0,1,1,0,1,1,0,0,1,9
BBB,2013B,329321,1,West Midlands Region,Lower Than A Level,80-90%,0-35,2,60,0,Fail,9,1,0,1,1,1,0,0,1,0,1,1,1,1,1,4
BBB,2013B,329800,0,South Region,A Level or Equivalent,80-90%,0-35,0,60,0,Pass,13,1,0,0,0,0,0,0,1,1,0,1,1,1,1,5
BBB,2013B,330376,1,East Midlands Region,Lower Than A Level,80-90%,0-35,2,60,0,Withdrawn,2,1,1,0,0,1,0,0,0,1,0,0,0,0,0,2
BBB,2013B,331354,1,North Western Region,A Level or Equivalent,20-30%,0-35,0,60,0,Pass,11,1,1,0,1,1,1,1,0,0,0,1,0,1,1,6
BBB,2013B,331844,1,South West Region,A Level or Equivalent,20-30%,35-55,0,120,0,Pass,5,1,0,0,0,0,1,1,0,0,0,0,0,0,1,9
BBB,2013B,333129,1,East Anglian Region,Lower Than A Level,20-Oct,0-35,2,240,0,Fail,2,0,1,0,0,1,0,1,1,1,1,0,1,1,1,2
BBB,2013B,333837,1,North Western Region,Lower Than A Level,80-90%,0-35,0,105,0,Withdrawn,12,1,0,0,0,0,1,1,1,0,0,0,1,0,1,7
BBB,2013B,334291,1,South West Region,Lower Than A Level,40-50%,0-35,1,90,0,Fail,2,0,0,1,1,1,1,0,0,1,1,0,0,1,0,2
BBB,2013B,334794,1,South West Region,Lower Than A Level,20-30%,0-35,0,60,0,Withdrawn,14,0,0,1,1,0,1,1,1,1,0,0,0,0,1,5
BBB,2013B,335421,1,South West Region,A Level or Equivalent,40-50%,0-35,0,240,0,Fail,1,0,0,0,0,1,0,0,0,1,0,1,0,0,1,2
BBB,2013B,335600,1,Wales,Lower Than A Level,50-60%,0-35,3,150,0,Fail,3,1,0,0,1,1,0,0,0,0,0,0,1,1,1,8
BBB,2013B,335910,1,South East Region,A Level or Equivalent,30-40%,0-35,0,90,0,Fail,10,0,0,0,0,1,1,1,0,0,0,1,1,0,1,1
BBB,2013B,336165,1,East Midlands Region,Lower Than A Level,20-30%,0-35,1,120,0,Fail,15,1,1,1,1,1,1,0,1,1,0,1,1,0,0,10
BBB,2013B,338056,1,Scotland,Lower Than A Level,40-50%,0-35,1,120,0,Pass,13,0,0,1,0,1,0,1,0,1,1,0,0,0,1,5
BBB,2013B,338861,1,South West Region,A Level or Equivalent,20-Oct,0-35,0,60,0,Fail,10,0,1,0,1,0,1,1,0,1,1,1,1,1,0,1
BBB,2013B,338912,1,South West Region,A Level or Equivalent,20-30%,0-35,0,90,0,Withdrawn,5,0,1,0,0,1,0,0,0,1,1,0,0,1,0,9
BBB,2013B,339379,1,East Midlands Region,A Level or Equivalent,40-50%,0-35,0,60,0,Pass,5,0,1,0,1,1,1,1,1,0,1,1,0,0,1,9
BBB,2013B,339526,1,North Western Region,Lower Than A Level,20-30%,0-35,0,60,0,Withdrawn,16,1,0,0,0,0,0,1,1,0,0,0,0,1,0,10
BBB,2013B,339946,1,Ireland,HE Qualification,0-10%,0-35,0,60,0,Withdrawn,2,0,0,1,1,0,1,0,0,1,0,0,0,1,1,2
BBB,2013B,340378,1,Yorkshire Region,Lower Than A Level,20-30%,0-35,0,120,0,Withdrawn,14,1,0,1,1,1,1,1,1,1,1,1,0,1,0,5
BBB,2013B,340831,0,West Midlands Region,A Level or Equivalent,30-40%,35-55,0,60,0,Withdrawn,1,0,0,1,0,0,1,0,1,1,1,1,0,1,1,2
BBB,2013B,341040,0,South Region,HE Qualification,60-70%,0-35,0,60,0,Withdrawn,7,0,1,1,1,0,1,0,0,1,0,0,0,0,0,3
BBB,2013B,341229,1,Wales,Lower Than A Level,40-50%,0-35,0,60,1,Fail,2,1,0,1,1,0,1,1,0,1,1,1,1,0,0,2
BBB,2013B,341235,0,South Region,Lower Than A Level,50-60%,0-35,0,60,0,Withdrawn,16,1,0,0,0,0,1,0,0,0,1,0,1,0,0,10
BBB,2013B,341509,1,South Region,A Level or Equivalent,40-50%,0-35,0,180,1,Pass,4,1,1,0,1,0,0,0,0,1,1,0,0,1,1,8
BBB,2013B,349040,1,North Region,HE Qualification,80-90%,35-55,0,60,0,Withdrawn,8,0,0,1,1,1,0,1,0,0,1,1,1,1,0,3
BBB,2013B,349424,1,London Region,A Level or Equivalent,70-80%,35-55,1,60,0,Fail,8,0,0,1,0,0,0,1,1,1,1,0,1,1,0,3
BBB,2013B,350622,1,London Region,Lower Than A Level,20-30%,0-35,0,60,0,Fail,5,0,1,0,0,1,1,0,0,0,1,1,0,1,1,9
BBB,2013B,350795,0,East Midlands Region,Lower Than A Level,40-50%,35-55,1,60,0,Fail,7,1,1,1,0,1,1,1,1,0,1,1,1,1,1,3
BBB,2013B,351271,1,Scotland,HE Qualification,20-Oct,0-35,0,120,0,Pass,9,0,1,1,0,1,0,0,0,1,0,1,0,0,0,4
BBB,2013B,351290,1,East Midlands Region,Lower Than A Level,40-50%,0-35,2,60,0,Pass,13,1,1,0,0,1,1,0,0,1,1,0,1,1,1,5
BBB,2013B,351543,1,Wales,Lower Than A Level,30-40%,0-35,1,120,0,Fail,5,0,1,0,1,0,0,1,1,0,1,1,1,1,1,9
BBB,2013B,352161,1,Ireland,Lower Than A Level,20-30%,0-35,1,195,0,Withdrawn,10,0,0,0,0,1,1,1,0,1,0,0,0,1,0,1
BBB,2013B,352364,1,South Region,A Level or Equivalent,,35-55,0,60,0,Distinction,4,0,0,0,0,0,0,1,1,1,0,1,1,0,1,8
BBB,2013B,353093,1,Wales,Lower Than A Level,70-80%,35-55,0,60,0,Pass,13,1,1,1,0,0,1,0,0,1,1,0,0,0,1,5
BBB,2013B,353352,1,Scotland,Lower Than A Level,0-10%,35-55,0,120,0,Fail,9,1,1,1,1,0,1,1,0,1,1,1,1,0,0,4
BBB,2013B,353918,1,North Western Region,Lower Than A Level,0-10%,0-35,2,120,0,Withdrawn,11,0,0,1,1,0,0,0,0,1,0,0,0,1,1,6
BBB,2013B,354058,1,North Western Region,Lower Than A Level,0-10%,0-35,0,60,0,Fail,6,0,0,1,1,1,1,1,0,1,0,1,1,1,0,9
BBB,2013B,354815,1,East Midlands Region,Lower Than A Level,50-60%,35-55,2,120,0,Withdrawn,13,1,0,1,1,1,1,0,0,0,1,0,0,1,1,5
BBB,2013B,354895,1,East Midlands Region,Lower Than A Level,50-60%,0-35,0,60,0,Withdrawn,7,1,1,0,1,0,0,1,0,1,1,1,1,1,1,3
BBB,2013B,355369,1,Yorkshire Region,A Level or Equivalent,80-90%,35-55,1,120,0,Withdrawn,4,1,1,1,0,0,0,0,0,0,0,1,1,1,0,8
BBB,2013B,355998,1,Wales,A Level or Equivalent,40-50%,0-35,0,180,0,Fail,7,0,1,0,0,0,0,1,0,1,0,0,1,0,0,3
BBB,2013B,357030,1,South West Region,Lower Than A Level,50-60%,35-55,0,60,0,Withdrawn,4,1,0,0,0,0,1,0,1,1,0,0,1,0,1,8
BBB,2013B,357038,1,South West Region,HE Qualification,20-Oct,0-35,2,180,0,Fail,14,1,0,0,0,1,1,1,1,0,0,0,0,1,1,5
BBB,2013B,357928,1,Wales,A Level or Equivalent,20-Oct,0-35,0,90,0,Fail,11,1,1,0,1,0,0,0,1,0,1,1,1,0,1,6
BBB,2013B,359170,1,Yorkshire Region,A Level or Equivalent,50-60%,0-35,0,180,0,Withdrawn,9,1,1,0,1,0,0,0,0,0,1,0,0,0,0,4
BBB,2013B,360188,1,South West Region,Lower Than A Level,50-60%,0-35,0,120,0,Pass,3,0,1,0,1,0,1,0,1,0,1,0,1,1,1,8
BBB,2013B,360489,1,West Midlands Region,A Level or Equivalent,0-10%,0-35,0,240,1,Withdrawn,1,0,1,0,0,1,1,1,1,0,1,0,0,1,1,2
BBB,2013B,360877,0,South Region,HE Qualification,50-60%,0-35,1,120,0,Pass,7,1,1,0,0,1,0,0,1,0,0,1,0,0,0,3
BBB,2013B,361603,0,North Western Region,A Level or Equivalent,50-60%,0-35,1,60,0,Pass,15,0,0,1,0,1,1,0,0,1,0,1,0,0,0,10
BBB,2013B,362760,1,Wales,A Level or Equivalent,20-Oct,0-35,0,180,0,Fail,5,0,1,1,0,0,1,1,0,0,1,1,0,1,1,9
BBB,2013B,362877,1,Wales,Lower Than A Level,20-30%,0-35,0,60,0,Withdrawn,13,1,0,1,1,0,0,1,1,1,0,0,0,1,1,5
BBB,2013B,363401,0,East Anglian Region,Lower Than A Level,40-50%,35-55,1,120,0,Fail,3,1,0,1,1,0,0,1,0,1,1,1,0,0,1,8
BBB,2013B,363416,1,London Region,Lower Than A Level,30-40%,0-35,0,240,0,Pass,13,1,0,1,1,0,0,1,0,1,0,1,1,0,0,5
BBB,2013B,363660,0,South East Region,A Level or Equivalent,70-80%,35-55,1,180,0,Distinction,7,0,0,1,0,1,0,0,1,1,1,1,0,1,1,3
BBB,2013B,364323,1,Yorkshire Region,HE Qualification,70-80%,35-55,0,120,0,Withdrawn,4,0,0,1,0,1,1,0,1,0,0,1,1,0,1,8
BBB,2013B,365439,1,South East Region,HE Qualification,60-70%,0-35,0,120,0,Fail,7,1,0,0,0,0,1,1,1,1,1,0,0,1,0,3
BBB,2013B,365452,1,East Anglian Region,Lower Than A Level,60-70%,35-55,0,60,1,Pass,2,0,0,0,1,0,0,1,1,1,0,0,1,1,0,2
BBB,2013B,365488,1,Wales,A Level or Equivalent,60-70%,0-35,1,60,0,Fail,3,0,0,1,1,0,0,1,1,0,1,1,0,1,1,8
BBB,2013B,365707,1,South East Region,A Level or Equivalent,90-100%,0-35,0,60,0,Distinction,7,1,1,1,1,0,0,0,0,1,0,1,0,1,1,3
BBB,2013B,366821,1,West Midlands Region,Lower Than A Level,20-30%,0-35,0,60,0,Fail,3,1,1,1,1,0,1,0,0,0,0,1,1,1,1,8
BBB,2013B,367304,1,London Region,A Level or Equivalent,20-Oct,0-35,2,60,0,Fail,7,0,1,0,1,1,1,0,0,1,0,0,0,0,0,3
BBB,2013B,367348,1,West Midlands Region,Lower Than A Level,20-Oct,0-35,0,60,0,Fail,9,1,1,1,0,0,0,1,0,0,1,0,0,0,0,4
BBB,2013B,367609,0,Wales,Lower Than A Level,0-10%,35-55,0,60,0,Pass,12,0,1,0,0,0,1,0,0,0,1,1,1,1,1,7
BBB,2013B,368439,1,London Region,Lower Than A Level,20-Oct,0-35,1,60,0,Fail,9,1,0,0,1,0,0,0,0,1,1,0,0,1,0,4
BBB,2013B,369212,1,South West Region,A Level or Equivalent,50-60%,35-55,1,60,0,Withdrawn,12,1,1,0,1,1,1,0,0,1,0,0,0,1,1,7
BBB,2013B,370302,0,North Region,Lower Than A Level,70-80%,35-55,0,60,0,Fail,4,1,0,0,0,0,1,0,1,1,0,0,0,0,0,8
BBB,2013B,370720,1,London Region,Lower Than A Level,0-10%,0-35,1,120,0,Fail,15,1,0,1,0,1,1,0,0,1,1,1,0,1,1,10
BBB,2013B,371679,1,South East Region,Lower Than A Level,70-80%,0-35,2,120,0,Pass,15,0,0,1,1,1,0,1,0,0,0,1,0,0,0,10
BBB,2013B,372624,1,West Midlands Region,Lower Than A Level,0-10%,0-35,1,300,1,Withdrawn,4,1,0,0,0,1,1,1,0,0,0,1,0,0,0,8
BBB,2013B,374102,1,East Midlands Region,Lower Than A Level,0-10%,0-35,0,60,1,Fail,8,1,0,0,0,0,1,1,1,1,0,1,0,0,0,3
BBB,2013B,374234,1,South Region,HE Qualification,80-90%,35-55,1,120,0,Pass,14,0,0,0,1,1,1,1,0,1,0,0,1,0,0,5
BBB,2013B,375312,1,Wales,Lower Than A Level,50-60%,35-55,1,180,0,Withdrawn,14,1,0,1,0,1,1,0,1,0,0,1,1,1,1,5
BBB,2013B,376617,0,West Midlands Region,Lower Than A Level,30-40%,35-55,0,60,0,Pass,15,1,0,0,0,1,0,1,1,1,0,1,1,1,1,10
BBB,2013B,377695,1,South West Region,A Level or Equivalent,40-50%,0-35,0,180,0,Withdrawn,1,1,1,1,0,1,0,0,0,1,1,0,0,1,0,2
BBB,2013B,377759,1,London Region,A Level or Equivalent,20-30%,35-55,1,120,1,Pass,8,0,0,0,1,0,0,1,1,0,1,0,0,1,0,3
BBB,2013B,377846,0,East Anglian Region,Lower Than A Level,0-10%,35-55,0,150,0,Pass,10,1,0,0,1,0,1,1,0,1,0,0,1,0,0,1
BBB,2013B,377905,1,East Midlands Region,Lower Than A Level,30-40%,0-35,2,150,0,Fail,6,1,0,1,0,1,0,0,0,1,0,0,0,0,1,9
BBB,2013B,378462,1,South West Region,A Level or Equivalent,80-90%,35-55,0,120,0,Pass,12,1,1,1,1,0,0,1,0,0,1,1,1,0,0,7
BBB,2013B,378543,0,South East Region,HE Qualification,90-100%,0-35,0,120,0,Pass,4,1,1,0,0,0,0,1,1,0,1,1,1,0,0,8
BBB,2013B,378721,1,Wales,Lower Than A Level,20-Oct,35-55,0,120,0,Withdrawn,7,1,0,0,0,1,0,1,0,0,1,1,0,1,0,3
BBB,2013B,379402,1,Ireland,A Level or Equivalent,80-90%,0-35,1,105,0,Fail,5,1,0,0,0,0,0,0,1,1,1,1,0,1,0,9
BBB,2013B,379405,1,North Western Region,A Level or Equivalent,30-40%,35-55,0,120,0,Withdrawn,16,0,1,1,1,0,0,1,1,0,0,0,0,1,0,10
BBB,2013B,380151,1,London Region,A Level or Equivalent,20-Oct,0-35,0,60,1,Withdrawn,2,1,0,1,0,1,0,0,1,0,1,0,1,1,1,2
BBB,2013B,381640,1,South East Region,HE Qualification,60-70%,0-35,0,135,0,Fail,16,0,0,0,0,0,0,0,0,0,0,1,1,0,1,10
BBB,2013B,381722,1,West Midlands Region,A Level or Equivalent,40-50%,0-35,0,150,0,Withdrawn,14,1,0,0,0,1,0,1,1,0,0,1,0,0,1,5
BBB,2013B,383828,1,East Anglian Region,HE Qualification,80-90%,0-35,1,180,0,Withdrawn,16,0,0,1,1,1,1,1,1,1,1,0,1,0,1,10
BBB,2013B,384678,0,London Region,HE Qualification,80-90%,0-35,0,60,0,Fail,14,0,0,1,1,0,1,0,1,1,0,0,0,1,0,5
BBB,2013B,384909,1,East Anglian Region,A Level or Equivalent,60-70%,35-55,0,120,0,Withdrawn,9,0,0,1,1,0,0,0,1,0,0,0,0,0,1,4
BBB,2013B,385034,1,East Midlands Region,A Level or Equivalent,50-60%,0-35,0,120,0,Withdrawn,14,1,1,0,0,1,0,1,0,1,0,0,1,0,1,5
BBB,2013B,386348,0,East Midlands Region,Lower Than A Level,20-30%,35-55,1,120,1,Pass,6,0,1,0,1,1,0,0,1,0,0,1,0,1,0,9
BBB,2013B,386957,1,Wales,Lower Than A Level,20-Oct,0-35,0,60,0,Fail,8,0,0,0,1,0,0,1,1,0,1,0,1,1,1,3
BBB,2013B,387276,1,North Western Region,Lower Than A Level,50-60%,35-55,1,180,0,Withdrawn,3,0,1,0,0,1,1,0,0,0,1,1,0,1,1,8
BBB,2013B,387702,1,West Midlands Region,A Level or Equivalent,0-10%,0-35,0,60,0,Fail,11,1,1,1,0,0,1,0,0,0,1,1,0,1,0,6
BBB,2013B,388014,1,Yorkshire Region,A Level or Equivalent,20-Oct,0-35,0,60,0,Withdrawn,12,0,1,1,1,0,0,1,0,0,1,0,1,1,0,7
BBB,2013B,388205,1,London Region,A Level or Equivalent,20-Oct,0-35,0,120,0,Fail,4,1,0,0,1,0,1,1,0,0,0,1,0,1,0,8
BBB,2013B,388360,1,South West Region,A Level or Equivalent,30-40%,0-35,0,60,0,Fail,8,0,0,0,1,1,0,1,1,0,0,1,0,1,0,3
BBB,2013B,388410,1,Yorkshire Region,Lower Than A Level,20-Oct,35-55,0,60,0,Fail,8,1,0,0,0,1,1,0,0,0,0,0,1,1,0,3
BBB,2013B,388484,1,Scotland,Lower Than A Level,0-10%,0-35,0,60,0,Fail,13,1,0,1,1,0,0,1,1,1,0,1,0,1,1,5
BBB,2013B,389369,0,Wales,A Level or Equivalent,20-Oct,0-35,0,120,0,Distinction,6,0,0,0,0,0,1,1,1,0,0,1,1,1,0,9
BBB,2013B,390220,1,South East Region,Lower Than A Level,60-70%,0-35,3,120,0,Pass,1,1,0,1,1,0,0,0,1,1,0,1,1,1,1,2
BBB,2013B,390442,1,South Region,A Level or Equivalent,90-100%,0-35,0,60,1,Distinction,14,0,1,0,1,1,1,1,0,0,0,0,1,0,1,5
BBB,2013B,390461,1,East Anglian Region,HE Qualification,70-80%,35-55,0,90,0,Fail,5,0,0,0,1,1,1,1,0,0,0,1,0,0,0,9
BBB,2013B,392213,1,East Anglian Region,Lower Than A Level,80-90%,0-35,1,120,0,Pass,1,1,0,0,1,0,0,0,1,0,1,0,1,0,1,2
BBB,2013B,392281,1,North Region,A Level or Equivalent,20-Oct,0-35,0,120,0,Withdrawn,8,1,1,1,0,0,0,1,1,1,0,1,1,1,1,3
BBB,2013B,392428,1,South West Region,HE Qualification,20-30%,35-55,1,120,0,Pass,6,1,0,1,1,1,0,1,0,1,0,0,1,0,0,9
BBB,2013B,392614,1,East Anglian Region,A Level or Equivalent,20-30%,0-35,2,120,0,Fail,12,0,1,1,0,1,1,1,0,0,0,1,0,0,1,7
BBB,2013B,393327,1,East Midlands Region,A Level or Equivalent,90-100%,0-35,2,120,1,Withdrawn,3,0,1,0,0,1,0,0,0,0,0,0,0,1,0,8
BBB,2013B,394956,1,East Anglian Region,A Level or Equivalent,60-70%,35-55,1,195,0,Withdrawn,9,1,0,1,1,1,1,0,1,1,0,0,0,1,0,4
BBB,2013B,395107,1,East Anglian Region,Lower Than A Level,70-80%,0-35,0,180,0,Withdrawn,15,1,0,1,1,1,1,1,1,0,0,0,0,1,0,10
BBB,2013B,395229,1,South Region,Lower Than A Level,40-50%,0-35,1,330,1,Fail,14,0,0,1,0,0,0,0,1,0,1,1,0,1,1,5
BBB,2013B,397118,1,North Region,Lower Than A Level,20-30%,0-35,0,120,0,Pass,7,0,0,1,1,0,0,1,0,0,1,0,0,0,1,3
BBB,2013B,397763,1,West Midlands Region,Lower Than A Level,0-10%,0-35,1,60,1,Withdrawn,2,1,1,0,1,0,1,0,0,1,0,1,1,1,1,2
BBB,2013B,398084,1,London Region,Lower Than A Level,20-Oct,0-35,0,60,0,Pass,16,0,0,0,0,1,0,1,0,0,1,1,0,0,1,10
BBB,2013B,398949,1,Yorkshire Region,A Level or Equivalent,20-Oct,0-35,0,60,0,Withdrawn,1,1,1,0,1,1,0,1,0,1,1,1,0,0,1,2
BBB,2013B,398965,1,London Region,A Level or Equivalent,20-30%,0-35,1,120,1,Withdrawn,1,1,1,1,1,1,1,0,1,1,1,1,0,0,0,2
BBB,2013B,399108,1,East Midlands Region,A Level or Equivalent,20-Oct,0-35,0,60,0,Withdrawn,10,1,1,0,0,0,1,1,0,1,0,1,0,0,0,1
BBB,2013B,399792,0,Scotland,HE Qualification,30-40%,0-35,2,150,1,Fail,13,1,1,1,1,1,0,0,0,1,0,0,1,0,0,5
BBB,2013B,400049,1,London Region,A Level or Equivalent,40-50%,0-35,1,60,0,Fail,1,1,0,0,0,0,1,1,0,0,0,1,0,1,0,2
BBB,2013B,400469,1,Yorkshire Region,A Level or Equivalent,50-60%,0-35,1,60,0,Pass,8,1,1,1,0,1,0,0,0,1,0,1,1,0,1,3
BBB,2013B,400474,1,East Anglian Region,A Level or Equivalent,80-90%,35-55,0,120,0,Pass,7,1,0,1,1,1,0,1,1,1,0,0,1,0,0,3
BBB,2013B,400718,1,South Region,HE Qualification,50-60%,35-55,1,150,0,Withdrawn,10,0,0,0,0,1,1,0,0,0,0,1,0,1,0,1
BBB,2013B,400894,1,Scotland,A Level or Equivalent,30-40%,0-35,1,120,0,Pass,4,0,1,1,0,1,0,1,0,1,0,1,1,1,0,8
BBB,2013B,401339,1,London Region,A Level or Equivalent,30-40%,0-35,0,120,0,Pass,16,1,1,0,0,1,0,0,1,0,1,0,1,1,0,10
BBB,2013B,401349,1,West Midlands Region,A Level or Equivalent,20-30%,0-35,0,60,0,Distinction,15,1,1,0,0,1,1,0,0,1,0,0,0,1,0,10
BBB,2013B,402660,1,East Midlands Region,Lower Than A Level,50-60%,0-35,0,60,0,Withdrawn,2,1,1,1,0,1,0,0,0,0,0,0,1,0,0,2
BBB,2013B,403093,1,East Anglian Region,Lower Than A Level,40-50%,0-35,0,60,1,Pass,11,0,0,1,1,0,0,1,0,0,1,0,1,0,0,6
BBB,2013B,403191,0,West Midlands Region,HE Qualification,20-30%,35-55,0,60,0,Withdrawn,10,1,1,1,0,1,1,1,1,1,1,1,0,1,1,1
BBB,2013B,404022,1,South West Region,A Level or Equivalent,30-40%,0-35,0,60,0,Pass,8,0,0,0,0,1,1,1,0,1,0,1,1,0,1,3
BBB,2013B,404727,1,South Region,Lower Than A Level,70-80%,0-35,1,60,0,Fail,16,0,1,0,0,0,1,1,1,1,1,0,0,1,1,10
BBB,2013B,405471,0,South East Region,Lower Than A Level,70-80%,0-35,1,120,0,Pass,4,1,1,0,1,0,1,1,0,0,0,0,0,0,0,8
BBB,2013B,405746,1,Ireland,Lower Than A Level,20-30%,0-35,0,90,0,Withdrawn,2,1,0,1,1,0,1,1,0,0,0,1,1,0,1,2
BBB,2013B,405995,1,South East Region,A Level or Equivalent,30-40%,0-35,2,120,0,Pass,2,0,0,1,0,0,0,1,1,0,1,0,0,1,1,2
BBB,2013B,406311,0,Scotland,No Formal quals,30-40%,35-55,0,60,0,Fail,1,0,0,0,0,0,0,0,0,0,1,0,0,1,0,2
BBB,2013B,406416,1,South West Region,HE Qualification,20-30%,0-35,0,120,0,Withdrawn,9,0,0,0,0,1,1,0,0,0,1,1,0,0,1,4
BBB,2013B,406974,0,West Midlands Region,A Level or Equivalent,20-Oct,0-35,0,120,0,Withdrawn,6,1,0,1,0,1,0,0,0,0,0,1,0,0,1,9
BBB,2013B,408112,1,East Midlands Region,Lower Than A Level,20-Oct,35-55,0,60,1,Pass,10,1,0,1,1,0,0,0,0,1,1,0,1,1,1,1
BBB,2013B,409662,1,East Anglian Region,Lower Than A Level,60-70%,0-35,0,60,0,Pass,14,1,1,0,1,1,1,1,0,0,1,0,0,0,1,5
BBB,2013B,410739,1,East Midlands Region,Lower Than A Level,80-90%,35-55,0,120,0,Pass,8,0,1,1,0,0,0,0,0,1,1,1,0,1,1,3
BBB,2013B,411197,1,Yorkshire Region,A Level or Equivalent,70-80%,35-55,2,60,0,Fail,5,0,0,0,1,1,1,0,0,1,0,1,0,1,1,9
BBB,2013B,412407,0,South East Region,A Level or Equivalent,30-40%,0-35,1,60,0,Pass,5,0,1,1,1,0,1,1,1,1,1,0,0,1,0,9
BBB,2013B,412654,0,Scotland,A Level or Equivalent,20-30%,0-35,1,60,0,Pass,11,0,0,1,0,1,0,0,1,0,0,0,1,0,0,6
BBB,2013B,413984,1,London Region,Lower Than A Level,30-40%,0-35,1,60,0,Pass,7,1,0,1,1,1,1,1,0,0,1,0,0,1,1,3
BBB,2013B,414958,1,South Region,A Level or Equivalent,80-90%,0-35,1,60,0,Pass,4,0,1,1,1,0,1,0,1,0,1,1,1,0,1,8
BBB,2013B,415548,1,North Western Region,Lower Than A Level,70-80%,35-55,1,90,0,Withdrawn,2,1,0,0,1,0,1,1,0,1,1,1,0,0,0,2
BBB,2013B,415716,1,South West Region,A Level or Equivalent,60-70%,35-55,0,60,0,Distinction,15,1,1,0,1,0,0,1,0,0,0,0,1,1,0,10
BBB,2013B,415760,1,West Midlands Region,Lower Than A Level,40-50%,0-35,1,180,0,Pass,10,1,0,1,0,0,0,1,0,1,0,1,0,0,0,1
BBB,2013B,416007,1,Scotland,A Level or Equivalent,70-80%,0-35,2,120,0,Pass,2,0,0,1,1,1,0,0,0,0,1,1,0,0,1,2
BBB,2013B,416314,0,North Region,Lower Than A Level,20-Oct,0-35,0,60,0,Fail,11,1,1,0,1,1,1,0,1,0,0,0,1,0,0,6
BBB,2013B,416654,1,Scotland,A Level or Equivalent,50-60%,35-55,0,60,0,Pass,15,0,0,0,1,0,0,1,0,1,1,0,0,1,0,10
BBB,2013B,417462,1,West Midlands Region,A Level or Equivalent,40-50%,0-35,1,60,0,Fail,8,0,1,0,1,1,0,1,0,0,1,0,0,1,1,3
BBB,2013B,418065,0,North Region,A Level or Equivalent,20-Oct,35-55,0,60,0,Withdrawn,6,1,0,0,1,1,0,0,0,0,0,1,0,0,1,9
BBB,2013B,418325,1,Yorkshire Region,Lower Than A Level,0-10%,0-35,0,60,0,Pass,14,0,1,1,1,0,0,0,0,0,1,0,1,1,1,5
BBB,2013B,420604,1,Scotland,A Level or Equivalent,60-70%,35-55,2,120,0,Fail,1,1,0,1,1,0,1,0,1,0,1,0,1,1,0,2
BBB,2013B,421205,1,Wales,Lower Than A Level,70-80%,0-35,0,180,0,Fail,12,0,0,1,1,1,1,0,1,0,0,0,1,1,1,7
BBB,2013B,422070,1,East Midlands Region,A Level or Equivalent,50-60%,0-35,1,90,0,Fail,9,1,1,0,0,0,1,0,0,1,0,1,0,1,1,4
BBB,2013B,422752,1,North Western Region,Lower Than A Level,30-40%,0-35,0,60,1,Withdrawn,10,0,1,0,0,0,0,1,1,1,1,0,1,1,1,1
BBB,2013B,423314,0,East Anglian Region,A Level or Equivalent,30-40%,35-55,0,60,0,Fail,14,0,1,0,1,0,1,1,1,0,0,0,0,0,0,5
BBB,2013B,423317,1,East Midlands Region,Lower Than A Level,20-30%,0-35,0,60,0,Withdrawn,4,0,0,0,0,0,0,0,0,1,0,0,0,0,1,8
BBB,2013B,423871,1,Yorkshire Region,A Level or Equivalent,0-10%,0-35,0,90,0,Pass,16,0,1,1,1,1,1,0,0,0,0,0,0,0,1,10
BBB,2013B,425747,1,London Region,A Level or Equivalent,30-40%,0-35,1,120,0,Fail,5,1,1,1,0,1,0,1,0,0,1,0,0,0,1,9
BBB,2013B,425808,1,Scotland,A Level or Equivalent,60-70%,35-55,0,60,0,Pass,7,1,1,1,0,0,1,0,1,1,1,0,0,0,1,3
BBB,2013B,425817,0,East Midlands Region,Lower Than A Level,0-10%,35-55,0,120,0,Withdrawn,5,0,0,1,1,0,1,1,1,0,0,1,1,1,1,9
BBB,2013B,425820,1,Scotland,A Level or Equivalent,60-70%,0-35,0,60,0,Pass,8,0,1,0,1,1,1,1,0,0,0,1,0,0,0,3
BBB,2013B,426650,1,North Region,A Level or Equivalent,80-90%,0-35,1,60,0,Pass,2,0,1,0,0,1,1,1,1,1,0,0,1,0,1,2
BBB,2013B,426838,1,East Anglian Region,Lower Than A Level,20-Oct,0-35,0,60,0,Pass,6,0,0,0,0,1,0,0,0,0,0,1,0,0,1,9
BBB,2013B,427536,1,London Region,HE Qualification,20-30%,35-55,0,120,0,Pass,15,1,1,0,0,1,0,0,0,1,1,0,0,0,0,10
BBB,2013B,427704,0,West Midlands Region,Lower Than A Level,0-10%,35-55,0,120,1,Pass,9,1,0,1,1,0,0,0,1,0,1,1,0,0,1,4
BBB,2013B,427773,1,London Region,A Level or Equivalent,80-90%,0-35,0,120,0,Pass,16,1,0,0,0,0,1,0,0,0,0,0,0,1,1,10
BBB,2013B,429038,1,North Western Region,Lower Than A Level,20-Oct,35-55,0,60,0,Pass,11,1,0,0,1,1,0,1,1,0,1,1,1,1,1,6
BBB,2013B,429158,1,South Region,Lower Than A Level,40-50%,0-35,1,120,0,Withdrawn,4,0,1,1,0,1,0,0,1,1,0,0,0,1,1,8
BBB,2013B,429494,1,East Midlands Region,Lower Than A Level,20-30%,0-35,2,240,0,Fail,1,0,0,1,1,1,1,0,1,0,1,0,0,1,0,2
BBB,2013B,430160,0,Scotland,Lower Than A Level,30-40%,35-55,1,75,0,Withdrawn,6,1,1,1,1,1,1,0,1,1,1,0,1,0,0,9
BBB,2013B,430357,1,Yorkshire Region,A Level or Equivalent,0-10%,0-35,2,120,0,Fail,11,1,1,1,1,1,1,1,1,0,1,0,1,1,0,6
BBB,2013B,431071,1,Ireland,Lower Than A Level,20-Oct,0-35,1,120,0,Withdrawn,9,1,0,1,0,1,1,1,0,1,1,0,1,0,1,4
BBB,2013B,432004,1,London Region,HE Qualification,40-50%,0-35,0,120,0,Fail,8,1,1,1,0,1,1,0,1,0,1,0,1,0,1,3
BBB,2013B,432232,1,South Region,HE Qualification,80-90%,0-35,0,60,0,Pass,13,1,1,1,1,1,1,1,0,0,0,1,0,0,0,5
BBB,2013B,432319,1,West Midlands Region,A Level or Equivalent,60-70%,0-35,2,120,0,Withdrawn,4,0,0,1,0,1,1,1,1,0,0,0,0,1,0,8
BBB,2013B,432870,0,North Western Region,A Level or Equivalent,0-10%,0-35,1,240,0,Pass,7,1,1,1,0,1,0,1,0,1,1,1,1,0,0,3
BBB,2013B,433531,1,South Region,A Level or Equivalent,90-100%,0-35,0,180,0,Pass,12,0,1,1,1,0,0,1,1,1,0,1,0,1,1,7
BBB,2013B,433755,0,South West Region,A Level or Equivalent,50-60%,0-35,1,180,0,Pass,16,0,0,0,1,0,0,0,1,1,0,0,0,1,1,10
BBB,2013B,433939,1,Yorkshire Region,Lower Than A Level,50-60%,35-55,0,60,0,Fail,12,0,0,0,0,1,1,1,1,1,1,1,1,1,1,7
BBB,2013B,434094,1,Wales,A Level or Equivalent,0-10%,0-35,1,60,0,Fail,5,0,1,0,1,0,0,0,0,1,1,0,0,0,0,9
BBB,2013B,434192,1,Wales,A Level or Equivalent,50-60%,0-35,2,120,0,Pass,8,1,0,0,0,1,0,0,1,0,0,0,0,1,1,3
BBB,2013B,434353,1,South East Region,HE Qualification,90-100%,35-55,1,60,0,Pass,5,1,0,1,1,1,1,1,1,1,0,0,0,0,0,9
BBB,2013B,434646,1,London Region,HE Qualification,20-30%,0-35,1,270,0,Pass,1,1,1,0,0,1,1,1,0,1,1,0,1,0,0,2
BBB,2013B,435245,1,Yorkshire Region,Lower Than A Level,20-Oct,35-55,0,60,0,Pass,2,1,0,1,1,0,1,1,0,0,0,0,0,1,0,2
BBB,2013B,435803,1,Wales,Lower Than A Level,0-10%,0-35,1,120,0,Fail,9,1,1,1,0,1,1,0,1,0,1,0,1,0,1,4
BBB,2013B,437562,1,West Midlands Region,Lower Than A Level,60-70%,0-35,0,60,0,Pass,3,1,1,1,1,1,0,0,1,1,0,0,1,0,1,8
BBB,2013B,437967,1,Yorkshire Region,Lower Than A Level,20-Oct,0-35,1,60,0,Pass,2,0,1,0,0,1,0,1,1,0,1,0,1,0,1,2
BBB,2013B,438210,1,South East Region,HE Qualification,80-90%,35-55,0,90,0,Withdrawn,5,1,0,0,1,0,1,1,1,0,1,0,0,1,1,9
BBB,2013B,438379,1,Ireland,Lower Than A Level,,35-55,2,210,0,Withdrawn,12,1,1,1,0,0,0,0,1,1,1,1,0,1,0,7
BBB,2013B,438703,1,Wales,A Level or Equivalent,20-30%,0-35,0,60,0,Pass,3,1,0,1,0,1,0,1,0,0,0,0,1,0,1,8
BBB,2013B,439857,0,West Midlands Region,A Level or Equivalent,70-80%,0-35,0,120,0,Pass,12,1,0,1,0,1,0,1,0,1,1,0,0,0,0,7
BBB,2013B,440057,1,Wales,Lower Than A Level,20-Oct,0-35,2,120,0,Pass,2,0,1,1,1,1,1,1,1,0,0,1,0,1,1,2
BBB,2013B,440509,1,Wales,HE Qualification,30-40%,0-35,0,120,0,Pass,1,1,1,0,1,0,0,0,1,1,0,0,1,0,1,2
BBB,2013B,441000,1,Wales,Lower Than A Level,20-Oct,0-35,0,60,0,Fail,13,0,0,0,0,1,0,1,0,0,0,0,0,0,0,5
BBB,2013B,441181,1,East Anglian Region,HE Qualification,20-30%,0-35,0,120,0,Pass,5,0,1,1,0,1,0,0,1,0,1,1,0,0,1,9
BBB,2013B,441255,1,South West Region,A Level or Equivalent,40-50%,0-35,0,60,0,Distinction,15,0,0,0,1,1,0,1,0,0,0,0,0,1,0,10
BBB,2013B,441423,1,Ireland,A Level or Equivalent,70-80%,0-35,0,120,0,Withdrawn,3,0,0,1,1,1,0,0,0,1,0,1,1,0,0,8
BBB,2013B,442012,1,South West Region,Lower Than A Level,40-50%,35-55,1,60,0,Pass,4,0,1,1,1,0,0,1,1,1,0,0,1,1,0,8
BBB,2013B,442143,1,South West Region,A Level or Equivalent,40-50%,0-35,0,120,0,Withdrawn,4,1,1,0,1,1,0,1,0,0,0,0,0,0,1,8
BBB,2013B,442183,1,Yorkshire Region,A Level or Equivalent,20-Oct,0-35,1,120,0,Pass,15,1,0,1,0,0,0,1,1,1,1,1,1,1,0,10
BBB,2013B,442456,0,London Region,HE Qualification,20-30%,35-55,1,60,0,Fail,13,1,0,1,1,1,1,1,0,0,1,1,0,1,1,5
BBB,2013B,442466,1,South East Region,A Level or Equivalent,20-30%,0-35,2,240,1,Pass,8,1,0,1,0,1,0,0,0,1,0,1,1,1,1,3
BBB,2013B,443108,1,East Midlands Region,A Level or Equivalent,20-30%,0-35,0,60,0,Withdrawn,2,1,0,1,1,1,0,0,0,0,0,1,1,1,1,2
BBB,2013B,443288,1,Scotland,HE Qualification,30-40%,0-35,0,60,0,Distinction,3,1,0,0,0,0,1,1,1,1,0,1,0,0,1,8
BBB,2013B,443452,0,South East Region,Lower Than A Level,0-10%,35-55,1,180,0,Fail,3,0,0,1,0,1,1,1,1,0,1,1,0,1,0,8
BBB,2013B,444117,1,North Western Region,A Level or Equivalent,60-70%,0-35,0,90,0,Distinction,13,1,1,0,1,0,0,1,0,1,0,0,0,1,1,5
BBB,2013B,444408,1,East Anglian Region,No Formal quals,20-30%,0-35,1,60,1,Fail,6,0,0,0,0,0,1,1,1,0,1,0,0,1,0,9
BBB,2013B,444784,1,Wales,A Level or Equivalent,30-40%,0-35,0,120,0,Fail,11,1,0,0,0,1,0,1,1,1,1,1,1,0,1,6
BBB,2013B,444926,1,East Midlands Region,Lower Than A Level,20-30%,0-35,1,180,1,Pass,13,1,1,0,0,0,0,0,1,0,0,1,0,0,1,5
BBB,2013B,445065,1,London Region,Lower Than A Level,50-60%,35-55,0,60,0,Distinction,13,1,1,0,1,0,0,1,1,0,0,0,0,1,1,5
BBB,2013B,445125,1,West Midlands Region,A Level or Equivalent,30-40%,0-35,0,60,0,Fail,7,1,0,1,1,0,0,1,1,0,0,1,0,0,1,3
BBB,2013B,445889,1,London Region,A Level or Equivalent,50-60%,35-55,1,60,0,Pass,5,1,1,0,1,0,0,1,1,1,1,1,1,1,1,9
BBB,2013B,446045,1,South Region,Lower Than A Level,,35-55,0,60,0,Pass,9,0,1,0,0,1,0,1,1,1,1,0,1,1,1,4
BBB,2013B,446145,0,Scotland,A Level or Equivalent,20-30%,0-35,0,60,0,Fail,5,1,1,1,1,1,1,1,1,1,1,0,0,1,0,9
BBB,2013B,446247,1,Scotland,HE Qualification,40-50%,0-35,1,60,0,Withdrawn,3,0,1,1,0,0,0,1,1,0,1,0,1,0,0,8
BBB,2013B,446357,1,West Midlands Region,Lower Than A Level,0-10%,0-35,0,60,0,Withdrawn,7,1,1,0,0,0,1,0,1,1,0,1,0,1,1,3
BBB,2013B,446856,1,Ireland,Lower Than A Level,70-80%,35-55,0,150,0,Fail,9,0,0,0,1,0,0,0,0,1,0,0,0,1,1,4
BBB,2013B,447007,1,Scotland,Lower Than A Level,20-30%,0-35,0,150,0,Withdrawn,10,0,0,1,0,0,1,1,1,1,1,0,0,1,1,1
BBB,2013B,447759,1,South Region,HE Qualification,90-100%,35-55,1,60,1,Pass,10,1,0,0,0,1,0,0,0,0,0,0,0,1,1,1
BBB,2013B,447782,0,London Region,HE Qualification,50-60%,35-55,0,60,0,Distinction,12,0,0,0,1,1,1,0,1,0,1,0,0,0,1,7
BBB,2013B,447790,1,North Western Region,Lower Than A Level,0-10%,0-35,1,60,0,Withdrawn,6,0,1,0,1,1,1,0,1,0,1,0,0,1,0,9
BBB,2013B,465599,1,Scotland,A Level or Equivalent,30-40%,35-55,1,60,0,Pass,9,1,1,0,1,1,0,0,0,1,1,1,1,1,0,4
BBB,2013B,465730,1,Wales,A Level or Equivalent,30-40%,0-35,1,120,0,Withdrawn,5,1,0,0,1,1,1,1,0,1,0,0,1,0,1,9
BBB,2013B,466037,1,West Midlands Region,Lower Than A Level,0-10%,0-35,1,120,0,Fail,3,1,0,0,1,1,1,1,1,1,0,1,0,1,0,8
BBB,2013B,466800,1,Scotland,Lower Than A Level,60-70%,0-35,1,60,0,Withdrawn,5,1,1,0,1,1,0,1,1,1,0,0,1,1,0,9
BBB,2013B,466810,1,East Midlands Region,A Level or Equivalent,60-70%,0-35,0,60,1,Pass,2,1,1,0,1,1,1,1,1,0,0,1,0,0,1,2
BBB,2013B,466959,0,North Western Region,A Level or Equivalent,50-60%,0-35,0,60,0,Fail,10,0,0,0,0,0,0,0,1,0,0,0,0,0,1,1
BBB,2013B,466973,1,South East Region,Lower Than A Level,40-50%,0-35,1,60,0,Fail,7,0,0,0,1,1,1,1,1,1,1,0,0,1,0,3
BBB,2013B,467035,1,South West Region,HE Qualification,20-30%,0-35,1,135,0,Pass,15,1,0,1,0,1,0,1,1,1,0,0,1,1,1,10
BBB,2013B,467292,1,Yorkshire Region,A Level or Equivalent,60-70%,0-35,0,60,0,Pass,12,1,1,1,0,1,1,1,1,0,1,0,0,1,0,7
BBB,2013B,467756,1,Yorkshire Region,A Level or Equivalent,60-70%,0-35,2,180,0,Fail,15,0,0,1,1,0,1,0,1,0,1,0,1,1,1,10
BBB,2013B,467835,1,London Region,Lower Than A Level,40-50%,0-35,0,60,0,Withdrawn,9,1,1,0,1,1,0,0,1,1,0,1,0,1,1,4
BBB,2013B,468021,1,East Midlands Region,A Level or Equivalent,50-60%,0-35,2,120,0,Fail,16,1,1,0,1,1,1,0,0,1,0,0,1,1,1,10
BBB,2013B,468792,1,Wales,HE Qualification,20-30%,0-35,0,120,0,Withdrawn,12,0,1,1,0,0,0,1,1,0,0,0,1,0,0,7
BBB,2013B,468949,1,South East Region,Lower Than A Level,40-50%,0-35,0,60,1,Pass,8,0,1,0,0,1,0,0,1,0,0,1,1,1,1,3
BBB,2013B,469683,1,Scotland,A Level or Equivalent,0-10%,35-55,2,180,0,Pass,1,0,0,1,1,1,1,0,0,0,1,0,1,0,1,2
BBB,2013B,470318,1,West Midlands Region,HE Qualification,40-50%,0-35,0,120,0,Pass,2,1,1,0,1,0,0,1,1,1,0,0,1,0,0,2
BBB,2013B,470653,1,North Western Region,Lower Than A Level,20-Oct,35-55,0,60,0,Fail,11,1,1,0,1,0,0,0,1,0,1,0,1,1,0,6
BBB,2013B,471219,1,North Western Region,HE Qualification,50-60%,35-55,1,120,0,Fail,4,0,0,0,0,1,1,0,0,1,0,1,0,1,1,8
BBB,2013B,471525,1,East Anglian Region,Lower Than A Level,50-60%,35-55,1,60,0,Pass,13,0,1,1,1,1,1,1,0,1,1,1,1,1,0,5
BBB,2013B,472182,1,South East Region,A Level or Equivalent,20-30%,0-35,0,120,1,Withdrawn,8,0,1,0,1,0,0,0,1,1,1,1,1,1,0,3
BBB,2013B,472348,1,London Region,No Formal quals,20-Oct,0-35,1,120,0,Withdrawn,16,0,1,1,1,0,1,0,0,1,1,0,0,0,1,10
BBB,2013B,472586,1,East Anglian Region,HE Qualification,80-90%,0-35,0,120,0,Pass,12,1,0,0,0,0,0,1,0,1,1,0,0,1,1,7
BBB,2013B,473095,1,East Midlands Region,A Level or Equivalent,40-50%,0-35,1,120,0,Fail,16,1,1,1,1,1,1,0,1,1,0,1,1,0,0,10
BBB,2013B,473328,1,South East Region,Lower Than A Level,40-50%,0-35,0,180,0,Pass,4,1,0,0,1,1,0,0,1,1,0,0,1,0,0,8
BBB,2013B,475078,1,Ireland,Lower Than A Level,60-70%,35-55,1,120,0,Withdrawn,2,1,0,0,1,1,1,0,1,0,1,0,1,1,1,2
BBB,2013B,475095,0,South West Region,A Level or Equivalent,20-30%,0-35,0,60,0,Pass,9,1,0,0,0,0,0,0,0,1,0,1,1,0,1,4
BBB,2013B,475460,1,East Anglian Region,A Level or Equivalent,20-30%,0-35,0,60,0,Fail,3,0,1,1,0,0,1,1,1,0,1,1,1,0,0,8
BBB,2013B,475688,0,North Western Region,A Level or Equivalent,70-80%,0-35,0,120,1,Pass,6,1,0,1,0,0,0,0,1,0,0,1,1,1,1,9
BBB,2013B,475901,1,North Region,Lower Than A Level,40-50%,0-35,0,90,0,Fail,10,1,0,0,0,0,1,1,1,0,0,0,0,0,1,1
BBB,2013B,476037,1,South Region,Lower Than A Level,90-100%,35-55,0,60,0,Withdrawn,15,0,0,0,0,0,1,0,0,1,0,0,1,0,0,10
BBB,2013B,476201,0,Yorkshire Region,HE Qualification,20-Oct,0-35,0,60,0,Distinction,3,1,0,0,1,1,1,1,0,0,1,1,1,1,0,8
BBB,2013B,476297,1,Scotland,A Level or Equivalent,40-50%,35-55,1,120,0,Withdrawn,2,0,1,0,0,0,1,1,1,1,1,1,0,1,1,2
BBB,2013B,476369,1,West Midlands Region,HE Qualification,20-Oct,0-35,0,60,0,Pass,10,1,1,1,0,1,1,0,0,1,1,0,0,1,1,1
BBB,2013B,476457,1,North Region,Lower Than A Level,20-30%,0-35,1,120,0,Withdrawn,11,1,0,0,0,1,0,1,0,1,1,0,0,0,1,6
BBB,2013B,476596,1,Yorkshire Region,Lower Than A Level,70-80%,35-55,0,60,0,Pass,14,0,0,1,0,1,0,0,0,1,0,0,1,1,1,5
BBB,2013B,476709,1,South East Region,HE Qualification,80-90%,0-35,0,120,0,Pass,9,0,1,0,1,1,1,0,0,1,0,1,0,1,1,4
BBB,2013B,476710,1,Yorkshire Region,Lower Than A Level,20-Oct,0-35,1,120,1,Pass,12,0,0,1,1,1,1,1,1,1,1,0,1,1,0,7
BBB,2013B,476783,1,South Region,A Level or Equivalent,70-80%,0-35,0,90,0,Distinction,11,1,1,1,1,0,1,0,0,0,0,1,0,1,1,6
BBB,2013B,476816,1,London Region,A Level or Equivalent,20-Oct,0-35,1,150,0,Withdrawn,7,0,0,1,1,0,1,0,0,0,0,0,0,0,1,3
BBB,2013B,476855,1,South Region,Lower Than A Level,40-50%,0-35,1,180,0,Withdrawn,2,0,0,0,1,0,0,1,1,0,0,0,1,1,1,2
BBB,2013B,476859,1,Yorkshire Region,A Level or Equivalent,0-10%,0-35,1,120,0,Fail,1,0,0,0,0,1,0,0,1,0,0,1,1,1,1,2
BBB,2013B,477009,1,Wales,A Level or Equivalent,80-90%,35-55,0,60,0,Fail,12,1,0,1,0,1,1,1,1,1,0,1,1,1,1,7
BBB,2013B,477011,1,London Region,A Level or Equivalent,20-30%,0-35,0,60,0,Pass,13,0,1,0,0,0,0,1,1,1,1,1,0,1,1,5
BBB,2013B,477164,0,South West Region,A Level or Equivalent,30-40%,0-35,0,60,0,Pass,16,0,1,1,0,1,1,0,1,0,1,1,1,0,1,10
BBB,2013B,477167,1,Scotland,HE Qualification,80-90%,35-55,0,120,0,Distinction,16,1,1,1,1,0,0,0,0,0,1,0,0,1,0,10
BBB,2013B,477734,1,East Anglian Region,No Formal quals,40-50%,0-35,0,120,0,Pass,16,0,1,1,1,0,1,0,1,0,0,1,0,1,0,10
BBB,2013B,477835,1,South West Region,A Level or Equivalent,20-Oct,0-35,0,60,0,Withdrawn,8,1,0,1,1,1,1,1,1,0,0,1,0,1,0,3
BBB,2013B,478317,1,Scotland,Lower Than A Level,0-10%,0-35,1,120,0,Withdrawn,14,0,1,1,1,1,0,1,1,1,1,1,1,0,1,5
BBB,2013B,478444,1,South Region,Lower Than A Level,90-100%,35-55,1,180,0,Distinction,3,1,0,1,1,0,1,1,0,0,1,0,0,0,0,8
BBB,2013B,478718,1,East Anglian Region,Lower Than A Level,30-40%,0-35,0,60,0,Withdrawn,11,0,1,1,1,0,0,0,0,0,0,0,1,0,0,6
BBB,2013B,478792,1,North Western Region,Lower Than A Level,0-10%,0-35,0,120,0,Fail,10,1,0,0,1,1,1,0,1,0,1,0,0,0,0,1
BBB,2013B,478873,1,North Western Region,Lower Than A Level,20-30%,0-35,0,60,0,Fail,15,1,0,0,1,0,0,1,1,0,0,1,0,1,0,10
BBB,2013B,479060,1,East Anglian Region,A Level or Equivalent,70-80%,0-35,0,60,0,Distinction,8,1,0,0,0,1,1,0,0,1,1,1,0,1,1,3
BBB,2013B,479171,1,South East Region,Lower Than A Level,60-70%,0-35,0,60,0,Pass,8,1,1,1,0,1,1,0,1,1,1,0,1,1,1,3
BBB,2013B,479267,1,South Region,Lower Than A Level,30-40%,0-35,1,120,1,Withdrawn,6,0,0,1,1,0,0,1,1,1,0,1,1,0,0,9
BBB,2013B,479343,1,Yorkshire Region,A Level or Equivalent,60-70%,0-35,1,120,0,Pass,14,0,0,1,0,0,1,0,1,1,1,1,1,1,0,5
BBB,2013B,479516,1,Scotland,HE Qualification,60-70%,0-35,0,60,0,Pass,10,0,1,1,1,1,0,0,1,0,1,1,0,1,0,1
BBB,2013B,479519,1,West Midlands Region,No Formal quals,0-10%,0-35,1,120,0,Fail,15,0,0,0,0,1,1,1,1,1,1,1,0,0,0,10
BBB,2013B,480151,1,Yorkshire Region,Lower Than A Level,20-30%,0-35,0,60,0,Withdrawn,7,1,1,0,0,1,1,1,1,1,1,1,0,1,0,3
BBB,2013B,480382,0,South East Region,A Level or Equivalent,50-60%,35-55,0,120,0,Pass,7,0,1,1,1,0,1,1,1,1,0,1,1,1,1,3
BBB,2013B,480458,0,Wales,HE Qualification,50-60%,0-35,0,180,0,Fail,13,0,0,0,0,1,1,1,0,0,0,0,1,0,1,5
BBB,2013B,480507,1,Scotland,Lower Than A Level,60-70%,35-55,0,60,0,Pass,15,0,0,1,0,0,1,0,1,1,1,0,0,0,0,10
BBB,2013B,480554,1,West Midlands Region,Lower Than A Level,0-10%,0-35,0,60,0,Pass,12,1,1,0,0,0,1,0,0,1,0,0,1,0,0,7
BBB,2013B,480650,1,North Region,A Level or Equivalent,20-Oct,0-35,0,60,0,Distinction,7,0,1,1,0,0,0,1,0,1,1,1,0,1,1,3
BBB,2013B,480815,1,East Midlands Region,A Level or Equivalent,20-Oct,0-35,0,120,0,Pass,8,1,1,0,0,1,1,1,1,1,1,0,0,0,0,3
BBB,2013B,481010,1,South Region,A Level or Equivalent,50-60%,0-35,0,60,0,Distinction,3,0,1,0,0,0,1,0,1,1,0,0,0,1,0,8
BBB,2013B,481143,1,North Western Region,Lower Than A Level,40-50%,0-35,0,60,0,Fail,1,0,1,1,0,0,1,1,0,1,0,0,0,1,1,2
BBB,2013B,481580,1,East Anglian Region,A Level or Equivalent,30-40%,0-35,0,60,0,Distinction,13,1,0,0,0,1,1,1,0,1,0,0,1,1,0,5
BBB,2013B,481607,1,North Western Region,Lower Than A Level,0-10%,35-55,0,120,0,Distinction,14,0,0,0,1,0,1,1,1,0,0,1,0,0,1,5
BBB,2013B,482467,1,West Midlands Region,Lower Than A Level,30-40%,0-35,0,60,0,Pass,15,0,0,0,1,1,0,1,1,1,1,0,0,1,0,10
BBB,2013B,482710,0,West Midlands Region,A Level or Equivalent,70-80%,35-55,0,60,0,Pass,6,0,0,0,0,0,1,1,1,1,1,0,0,1,1,9
BBB,2013B,482766,1,South Region,HE Qualification,50-60%,35-55,0,120,0,Pass,15,1,1,0,1,1,0,0,1,0,0,1,1,1,0,10
BBB,2013B,482945,0,Wales,Lower Than A Level,20-Oct,35-55,0,60,1,Withdrawn,11,1,0,0,1,1,1,1,0,1,0,1,1,0,1,6
BBB,2013B,483064,1,North Region,A Level or Equivalent,40-50%,0-35,0,60,0,Pass,13,0,0,1,1,1,1,1,1,0,0,0,1,1,0,5
BBB,2013B,483074,1,East Anglian Region,Lower Than A Level,30-40%,0-35,0,120,0,Distinction,6,1,0,0,1,1,0,0,0,0,0,1,0,0,0,9
BBB,2013B,483109,1,London Region,HE Qualification,50-60%,0-35,0,60,0,Pass,7,1,0,1,1,1,1,0,1,1,1,1,0,1,1,3
BBB,2013B,483243,1,North Western Region,Lower Than A Level,20-30%,35-55,0,135,1,Pass,4,1,1,1,0,1,1,0,1,0,1,1,1,1,0,8
BBB,2013B,483309,0,South Region,A Level or Equivalent,70-80%,35-55,0,60,0,Withdrawn,11,0,0,0,1,1,1,1,1,0,1,0,1,1,1,6
BBB,2013B,483371,1,Scotland,HE Qualification,60-70%,35-55,0,120,0,Withdrawn,14,0,0,0,0,1,0,0,1,1,1,1,1,1,1,5
BBB,2013B,483411,1,East Midlands Region,Lower Than A Level,20-Oct,0-35,1,120,0,Fail,11,1,1,0,1,0,1,0,1,1,0,0,0,1,1,6
BBB,2013B,483479,1,London Region,A Level or Equivalent,20-30%,0-35,0,180,0,Fail,11,1,1,1,0,1,0,0,0,1,1,1,0,0,0,6
BBB,2013B,483952,1,East Anglian Region,Lower Than A Level,50-60%,0-35,0,120,0,Fail,7,0,1,0,1,0,1,0,1,1,0,0,0,1,0,3
BBB,2013B,484039,1,Yorkshire Region,A Level or Equivalent,30-40%,0-35,0,180,0,Fail,11,1,0,1,0,0,0,0,1,0,0,0,1,1,0,6
BBB,2013B,484135,1,London Region,HE Qualification,70-80%,0-35,0,60,0,Withdrawn,10,1,0,0,1,1,1,0,0,0,1,0,0,1,0,1
BBB,2013B,484161,1,South West Region,Lower Than A Level,70-80%,35-55,0,120,0,Fail,14,1,0,1,0,0,1,0,1,0,1,1,0,1,0,5
BBB,2013B,484768,1,London Region,No Formal quals,20-Oct,0-35,1,240,0,Pass,2,1,0,1,1,0,1,0,1,0,0,1,0,1,1,2
BBB,2013B,484885,1,North Region,Lower Than A Level,50-60%,35-55,1,180,0,Fail,10,0,0,1,0,0,1,1,1,0,1,1,0,0,0,1
BBB,2013B,484933,1,Yorkshire Region,A Level or Equivalent,20-30%,35-55,0,60,0,Pass,8,0,1,1,1,0,0,1,1,1,1,1,0,0,1,3
BBB,2013B,485352,1,East Anglian Region,A Level or Equivalent,50-60%,0-35,0,240,0,Withdrawn,4,1,1,1,0,1,0,0,0,0,1,1,0,0,1,8
BBB,2013B,485399,1,South Region,Lower Than A Level,70-80%,0-35,1,180,0,Pass,10,0,0,0,1,0,1,0,0,1,1,0,0,1,0,1
BBB,2013B,485568,1,South West Region,Lower Than A Level,30-40%,0-35,0,180,0,Fail,12,1,1,1,0,0,0,0,1,0,0,1,0,0,1,7
BBB,2013B,485630,1,East Anglian Region,A Level or Equivalent,30-40%,0-35,1,120,0,Pass,16,1,1,1,0,1,1,0,0,1,1,1,0,0,0,10
BBB,2013B,485782,1,East Midlands Region,Lower Than A Level,20-30%,0-35,1,180,0,Fail,4,1,1,0,0,0,1,1,0,0,0,1,0,1,1,8
BBB,2013B,486099,1,South Region,A Level or Equivalent,60-70%,0-35,1,180,0,Pass,10,0,1,0,0,1,1,1,1,0,1,1,0,0,1,1
BBB,2013B,486214,1,London Region,Lower Than A Level,30-40%,35-55,1,120,0,Withdrawn,2,0,1,1,1,1,0,1,0,0,0,1,0,1,0,2
BBB,2013B,486282,1,South West Region,Lower Than A Level,40-50%,0-35,1,120,1,Fail,4,1,0,0,1,0,1,0,1,0,1,1,1,1,1,8
BBB,2013B,486391,1,Wales,Lower Than A Level,60-70%,0-35,1,120,0,Pass,6,1,1,0,0,0,0,0,1,0,1,1,1,0,1,9
BBB,2013B,486521,1,South West Region,Lower Than A Level,60-70%,0-35,1,120,0,Fail,4,1,1,1,1,0,0,0,0,1,1,1,0,0,1,8
BBB,2013B,486650,1,East Midlands Region,HE Qualification,70-80%,0-35,0,120,0,Withdrawn,13,1,0,1,1,1,0,0,1,1,1,1,0,0,1,5
BBB,2013B,486656,1,Yorkshire Region,A Level or Equivalent,50-60%,35-55,1,120,0,Distinction,12,0,1,0,0,1,0,1,0,0,0,0,1,0,0,7
BBB,2013B,487329,1,Yorkshire Region,A Level or Equivalent,0-10%,0-35,1,180,0,Fail,2,0,0,0,0,1,0,0,0,0,0,1,0,1,1,2
BBB,2013B,487646,1,East Anglian Region,Lower Than A Level,70-80%,0-35,1,120,0,Fail,8,0,0,0,0,0,1,0,1,0,1,1,0,0,0,3
BBB,2013B,488185,1,North Western Region,Lower Than A Level,0-10%,0-35,0,120,0,Fail,7,0,1,0,0,1,1,0,0,0,0,0,1,0,1,3
BBB,2013B,488364,1,Scotland,HE Qualification,30-40%,35-55,0,60,0,Fail,12,0,1,1,1,1,1,1,0,0,1,0,1,1,1,7
BBB,2013B,488425,0,South East Region,Lower Than A Level,20-Oct,35-55,0,60,0,Fail,10,0,0,0,0,1,1,0,1,1,1,1,0,0,0,1
BBB,2013B,488477,1,Scotland,A Level or Equivalent,40-50%,0-35,0,60,0,Withdrawn,1,0,0,0,0,1,0,1,0,1,1,0,0,0,0,2
BBB,2013B,488863,1,South East Region,A Level or Equivalent,90-100%,0-35,0,60,0,Pass,16,0,0,0,0,1,0,1,0,1,0,1,1,1,1,10
BBB,2013B,488929,1,South East Region,Lower Than A Level,20-30%,0-35,0,60,1,Withdrawn,6,0,0,1,0,0,1,0,1,1,1,1,1,0,0,9
BBB,2013B,489251,1,South Region,Lower Than A Level,90-100%,0-35,0,60,0,Pass,9,0,1,0,1,1,0,1,1,0,1,0,0,0,0,4
BBB,2013B,490110,1,West Midlands Region,A Level or Equivalent,20-Oct,0-35,0,60,0,Withdrawn,16,0,1,1,0,0,0,0,1,0,0,0,1,1,1,10
BBB,2013B,490152,1,London Region,A Level or Equivalent,40-50%,0-35,0,180,0,Fail,16,0,1,0,1,1,0,0,0,1,1,0,0,1,0,10
BBB,2013B,490514,1,South Region,Lower Than A Level,40-50%,0-35,0,60,0,Pass,12,0,1,0,1,1,1,1,0,0,0,1,1,0,1,7
BBB,2013B,490733,1,London Region,Lower Than A Level,30-40%,0-35,0,60,0,Withdrawn,5,1,0,0,1,0,0,1,0,1,0,1,1,1,1,9
BBB,2013B,492182,1,South Region,A Level or Equivalent,90-100%,0-35,0,120,0,Pass,7,1,0,0,0,1,1,1,1,0,1,1,0,0,0,3
BBB,2013B,492240,1,South Region,A Level or Equivalent,90-100%,0-35,1,120,0,Pass,1,0,1,0,0,1,1,0,1,1,1,1,0,1,0,2
BBB,2013B,492336,0,East Anglian Region,Lower Than A Level,20-30%,0-35,0,120,0,Withdrawn,14,1,0,0,1,1,1,0,0,0,1,1,0,0,0,5
BBB,2013B,492590,1,North Western Region,Lower Than A Level,30-40%,0-35,0,60,0,Fail,14,1,0,0,1,1,1,0,1,0,0,0,0,1,0,5
BBB,2013B,492946,1,London Region,A Level or Equivalent,20-30%,0-35,1,120,0,Fail,6,0,0,1,0,1,0,1,0,1,0,0,0,1,1,9
BBB,2013B,493186,1,Wales,Lower Than A Level,0-10%,0-35,1,120,0,Pass,11,0,1,0,1,1,1,1,0,1,1,1,1,0,0,6
BBB,2013B,493377,1,East Anglian Region,A Level or Equivalent,90-100%,0-35,0,60,1,Withdrawn,14,0,1,1,1,0,1,1,1,1,1,0,0,1,0,5
BBB,2013B,493451,1,West Midlands Region,A Level or Equivalent,50-60%,0-35,0,60,0,Fail,1,0,0,1,1,0,0,1,1,0,1,0,1,1,1,2
BBB,2013B,493515,1,South West Region,Lower Than A Level,30-40%,0-35,0,135,1,Fail,6,1,1,0,1,0,1,1,1,0,0,0,0,0,0,9
BBB,2013B,493773,0,London Region,A Level or Equivalent,30-40%,0-35,0,120,0,Fail,6,0,0,0,1,1,1,0,0,1,0,0,1,0,1,9
BBB,2013B,493912,1,North Western Region,Lower Than A Level,0-10%,35-55,0,60,0,Pass,14,1,0,0,0,0,0,1,1,1,0,0,0,1,0,5
BBB,2013B,493958,1,South East Region,A Level or Equivalent,80-90%,0-35,0,135,0,Pass,7,1,1,1,0,0,0,0,1,1,1,0,1,1,1,3
BBB,2013B,494095,1,North Western Region,Lower Than A Level,20-30%,0-35,0,60,0,Pass,9,1,0,1,0,1,1,1,1,0,1,0,1,0,1,4
BBB,2013B,494278,1,North Western Region,Lower Than A Level,70-80%,35-55,0,60,0,Pass,3,1,1,0,1,1,0,1,0,0,0,1,1,1,1,8
BBB,2013B,494304,1,South East Region,Lower Than A Level,0-10%,0-35,1,210,0,Fail,7,1,0,1,0,1,1,1,0,0,0,1,1,1,1,3
BBB,2013B,494673,1,East Midlands Region,Lower Than A Level,50-60%,0-35,0,60,0,Fail,10,1,1,1,0,1,1,1,1,1,1,0,0,0,0,1
BBB,2013B,494786,1,London Region,A Level or Equivalent,20-Oct,0-35,0,60,0,Distinction,15,1,0,0,0,0,0,1,1,0,1,0,1,0,1,10
BBB,2013B,494838,1,London Region,A Level or Equivalent,30-40%,35-55,1,180,0,Fail,5,0,0,0,0,0,1,0,1,0,1,1,0,1,1,9
BBB,2013B,494840,1,London Region,A Level or Equivalent,50-60%,35-55,1,240,0,Withdrawn,5,1,0,0,0,0,1,0,1,0,1,1,1,1,1,9
BBB,2013B,494927,1,Scotland,HE Qualification,20-30%,0-35,1,120,0,Withdrawn,1,0,1,0,0,1,1,1,0,0,1,1,1,1,1,2
BBB,2013B,495324,1,East Anglian Region,A Level or Equivalent,20-Oct,35-55,1,135,0,Withdrawn,7,0,0,0,1,1,0,1,1,1,0,0,0,0,1,3
BBB,2013B,495377,1,East Anglian Region,A Level or Equivalent,60-70%,35-55,0,120,0,Withdrawn,15,0,0,1,0,0,0,0,0,0,1,1,1,0,1,10
BBB,2013B,495674,1,Wales,Lower Than A Level,0-10%,35-55,1,120,1,Fail,9,1,0,1,0,0,1,0,0,1,0,1,0,1,1,4
BBB,2013B,495856,0,South Region,A Level or Equivalent,50-60%,35-55,0,60,0,Distinction,15,0,1,1,1,1,0,1,0,1,0,0,0,1,0,10
BBB,2013B,495875,1,Yorkshire Region,Lower Than A Level,80-90%,0-35,0,60,0,Withdrawn,14,0,1,1,0,0,0,0,1,1,1,0,0,0,0,5
BBB,2013B,495913,1,Wales,A Level or Equivalent,30-40%,0-35,1,120,0,Withdrawn,14,1,1,0,1,1,0,0,1,1,1,0,0,0,0,5
BBB,2013B,496041,1,West Midlands Region,Lower Than A Level,60-70%,0-35,1,120,0,Pass,5,0,0,0,0,1,0,0,1,0,1,1,0,0,0,9
BBB,2013B,496070,1,London Region,A Level or Equivalent,50-60%,0-35,0,60,0,Pass,13,1,1,0,1,0,0,1,0,0,0,1,0,1,1,5
BBB,2013B,496220,1,South East Region,Lower Than A Level,30-40%,35-55,0,60,1,Pass,14,0,0,0,1,0,1,1,1,1,1,0,1,1,1,5
BBB,2013B,496243,1,Scotland,A Level or Equivalent,40-50%,0-35,1,180,0,Fail,5,1,0,0,1,0,0,1,0,0,0,1,0,1,1,9
BBB,2013B,496674,1,East Midlands Region,A Level or Equivalent,60-70%,0-35,1,180,0,Fail,12,1,0,0,0,0,0,1,0,0,1,0,1,0,1,7
BBB,2013B,497088,1,South Region,A Level or Equivalent,50-60%,35-55,0,60,0,Pass,4,1,1,1,1,1,1,1,1,1,0,1,1,1,0,8
BBB,2013B,497278,1,East Midlands Region,A Level or Equivalent,50-60%,0-35,0,60,1,Withdrawn,13,1,0,0,1,1,0,0,0,1,1,1,1,0,0,5
BBB,2013B,497280,1,West Midlands Region,Lower Than A Level,0-10%,0-35,0,60,0,Pass,16,0,1,1,1,0,1,1,1,0,0,0,0,1,0,10
BBB,2013B,497468,1,Yorkshire Region,A Level or Equivalent,0-10%,0-35,0,90,0,Pass,9,1,1,1,0,0,1,1,1,1,0,1,0,0,1,4
BBB,2013B,497607,1,North Region,Lower Than A Level,0-10%,0-35,1,120,0,Fail,15,0,1,0,0,1,0,0,0,1,0,0,0,1,0,10
BBB,2013B,497793,1,North Region,Lower Than A Level,20-30%,0-35,0,150,0,Pass,8,1,0,0,0,0,1,0,0,1,1,1,1,0,1,3
BBB,2013B,498065,1,West Midlands Region,HE Qualification,0-10%,35-55,0,60,0,Pass,8,1,0,0,0,1,0,1,1,1,0,1,0,1,1,3
BBB,2013B,498131,1,East Anglian Region,Lower Than A Level,70-80%,0-35,0,60,0,Pass,11,0,0,1,0,0,1,1,1,0,0,0,0,1,1,6
BBB,2013B,498175,1,South West Region,Lower Than A Level,60-70%,0-35,1,120,0,Pass,5,1,0,1,0,0,0,0,0,0,1,0,0,0,0,9
BBB,2013B,498296,1,East Anglian Region,A Level or Equivalent,40-50%,0-35,0,60,1,Pass,10,1,1,1,0,0,0,1,1,0,1,0,1,0,1,1
BBB,2013B,498371,1,North Western Region,A Level or Equivalent,60-70%,35-55,0,60,0,Withdrawn,12,1,1,1,1,1,0,0,0,1,1,1,0,0,1,7
BBB,2013B,498455,1,Wales,Lower Than A Level,20-Oct,0-35,0,60,0,Fail,9,1,1,0,1,0,0,1,1,0,1,1,1,1,1,4
BBB,2013B,498967,1,East Midlands Region,Lower Than A Level,0-10%,0-35,0,60,0,Pass,1,0,0,1,0,0,0,1,0,0,1,0,0,1,1,2
BBB,2013B,499027,1,West Midlands Region,Lower Than A Level,70-80%,0-35,0,60,0,Pass,6,0,1,1,0,0,0,1,0,1,0,0,1,1,0,9
BBB,2013B,499067,1,South East Region,Lower Than A Level,30-40%,35-55,0,60,1,Fail,2,1,1,0,1,1,0,0,0,1,0,0,1,1,0,2
BBB,2013B,499118,1,Wales,A Level or Equivalent,80-90%,35-55,1,120,0,Pass,13,0,1,0,0,0,1,1,0,0,1,0,0,0,0,5
BBB,2013B,499380,1,Yorkshire Region,A Level or Equivalent,20-30%,35-55,0,60,0,Distinction,9,1,0,1,0,0,0,0,1,1,0,0,0,0,1,4
BBB,2013B,499387,1,South West Region,A Level or Equivalent,0-10%,0-35,0,60,0,Pass,4,1,0,1,0,0,1,1,0,0,0,0,0,1,1,8
BBB,2013B,499483,1,North Region,A Level or Equivalent,20-Oct,0-35,0,60,0,Pass,4,1,1,1,0,0,0,1,0,1,0,0,0,1,1,8
BBB,2013B,499511,1,South West Region,A Level or Equivalent,30-40%,35-55,1,120,0,Distinction,14,1,0,1,1,0,1,0,0,0,0,0,0,0,1,5
BBB,2013B,499891,1,North Region,Lower Than A Level,30-40%,35-55,0,60,0,Pass,1,0,0,1,0,1,0,0,0,0,1,1,0,0,1,2
BBB,2013B,499931,1,North Western Region,A Level or Equivalent,30-40%,0-35,1,240,0,Fail,5,0,0,0,1,1,0,0,0,1,1,0,0,0,0,9
BBB,2013B,500507,1,London Region,A Level or Equivalent,60-70%,0-35,0,60,0,Withdrawn,10,1,1,0,0,0,1,1,1,0,0,0,1,1,0,1
BBB,2013B,500585,1,Yorkshire Region,A Level or Equivalent,0-10%,0-35,1,240,1,Withdrawn,11,1,0,0,0,0,1,0,1,1,1,0,1,0,0,6
BBB,2013B,500659,1,North Western Region,A Level or Equivalent,0-10%,0-35,0,120,1,Withdrawn,4,1,0,1,1,1,0,1,1,0,0,1,1,0,1,8
BBB,2013B,500719,0,North Region,Lower Than A Level,0-10%,0-35,0,60,0,Withdrawn,2,1,0,1,0,1,0,1,0,0,0,0,0,0,1,2
BBB,2013B,500791,1,East Anglian Region,Lower Than A Level,60-70%,0-35,0,60,0,Pass,2,0,1,1,1,0,1,0,0,0,1,0,0,1,1,2
BBB,2013B,500815,1,Ireland,A Level or Equivalent,,0-35,0,60,0,Pass,13,1,1,0,0,0,0,1,0,0,0,1,1,0,1,5
BBB,2013B,500819,1,South East Region,Lower Than A Level,60-70%,0-35,0,60,0,Pass,15,0,1,1,0,0,0,1,1,0,0,0,0,0,0,10
BBB,2013B,500836,0,West Midlands Region,A Level or Equivalent,40-50%,0-35,1,240,1,Fail,1,1,1,1,1,0,1,1,1,0,0,0,1,1,1,2
BBB,2013B,500958,0,North Region,Lower Than A Level,,0-35,1,180,0,Pass,11,0,0,1,0,1,0,0,1,0,0,1,0,1,1,6
BBB,2013B,501008,1,Yorkshire Region,A Level or Equivalent,30-40%,0-35,1,180,0,Withdrawn,6,0,1,1,1,0,0,1,1,0,1,0,1,0,0,9
BBB,2013B,501432,1,South Region,A Level or Equivalent,40-50%,0-35,0,60,0,Distinction,13,0,0,0,0,1,1,0,1,1,0,0,1,1,1,5
BBB,2013B,501550,1,West Midlands Region,A Level or Equivalent,70-80%,0-35,1,120,0,Pass,6,1,0,0,0,1,1,1,1,0,0,1,1,1,0,9
BBB,2013B,501879,1,East Anglian Region,A Level or Equivalent,60-70%,35-55,1,180,0,Pass,10,1,1,1,0,1,0,1,1,1,1,1,0,1,1,1
BBB,2013B,501955,0,South West Region,Lower Than A Level,70-80%,35-55,1,120,1,Fail,12,0,1,0,1,1,1,0,1,1,1,0,0,0,0,7
BBB,2013B,502088,1,South West Region,A Level or Equivalent,40-50%,0-35,0,120,1,Fail,11,0,1,0,0,1,1,0,0,0,0,1,0,1,0,6
BBB,2013B,502131,1,Scotland,Lower Than A Level,60-70%,0-35,1,120,0,Withdrawn,6,1,1,0,1,0,0,1,1,0,0,0,0,0,1,9
BBB,2013B,502279,1,West Midlands Region,HE Qualification,60-70%,0-35,1,180,0,Withdrawn,5,0,0,0,0,0,0,1,0,0,1,1,1,0,0,9
BBB,2013B,502441,1,South West Region,A Level or Equivalent,80-90%,35-55,0,60,0,Distinction,14,0,1,0,0,0,1,0,0,0,0,0,0,0,0,5
BBB,2013B,502604,1,West Midlands Region,HE Qualification,20-Oct,0-35,0,90,0,Pass,15,0,0,1,1,0,0,0,0,1,1,0,0,0,0,10
BBB,2013B,502694,1,North Region,A Level or Equivalent,80-90%,35-55,0,60,0,Distinction,9,1,0,1,0,0,1,1,0,0,1,1,1,1,0,4
BBB,2013B,502713,1,Wales,No Formal quals,30-40%,0-35,0,60,0,Fail,6,1,0,1,1,0,1,0,0,1,1,0,1,1,0,9
BBB,2013B,502717,1,Wales,Lower Than A Level,80-90%,0-35,1,240,0,Pass,2,1,1,1,0,1,0,1,1,0,1,0,0,0,0,2
BBB,2013B,502872,1,North Western Region,A Level or Equivalent,20-30%,0-35,0,180,0,Fail,13,0,0,1,1,0,0,1,0,1,0,1,1,1,0,5
BBB,2013B,503353,1,North Western Region,A Level or Equivalent,30-40%,0-35,0,210,0,Withdrawn,6,0,0,1,0,1,1,0,1,0,0,0,1,1,0,9
BBB,2013B,503390,1,Yorkshire Region,A Level or Equivalent,20-Oct,0-35,1,240,0,Fail,4,1,0,1,1,1,1,1,1,0,1,1,1,1,0,8
BBB,2013B,503491,1,West Midlands Region,Lower Than A Level,0-10%,0-35,1,120,0,Pass,1,0,1,1,1,1,1,0,1,0,0,0,0,0,1,2
BBB,2013B,503509,1,South East Region,A Level or Equivalent,30-40%,0-35,0,60,0,Distinction,11,0,0,0,1,0,0,0,1,0,0,0,0,0,1,6
BBB,2013B,503878,1,South West Region,Lower Than A Level,50-60%,0-35,0,180,1,Withdrawn,7,1,1,1,1,1,0,1,0,0,1,1,1,0,0,3
BBB,2013B,504014,1,Wales,Lower Than A Level,50-60%,35-55,0,120,0,Fail,11,1,1,1,1,0,0,0,0,1,0,0,1,1,0,6
BBB,2013B,504021,1,North Western Region,Lower Than A Level,0-10%,35-55,0,60,0,Withdrawn,5,0,0,0,0,1,1,0,0,0,0,1,1,0,1,9
BBB,2013B,504028,1,Yorkshire Region,A Level or Equivalent,20-30%,0-35,1,180,0,Pass,1,0,0,0,0,0,0,1,0,1,1,1,0,0,1,2
BBB,2013B,504102,1,North Western Region,Lower Than A Level,30-40%,35-55,0,75,0,Pass,15,0,1,1,0,0,1,1,1,1,0,1,0,0,0,10
BBB,2013B,504689,1,Yorkshire Region,A Level or Equivalent,50-60%,0-35,0,120,0,Withdrawn,16,1,0,0,1,1,0,1,1,1,1,0,0,0,1,10
BBB,2013B,504936,1,East Anglian Region,Lower Than A Level,90-100%,35-55,0,60,0,Pass,9,0,0,1,1,1,0,0,1,0,0,0,0,0,1,4
BBB,2013B,505123,1,East Anglian Region,A Level or Equivalent,20-30%,0-35,0,60,0,Withdrawn,1,1,1,0,0,1,0,1,0,1,0,1,0,0,0,2
BBB,2013B,505376,1,South Region,Lower Than A Level,60-70%,0-35,0,60,0,Pass,6,1,0,1,1,1,0,1,1,0,0,0,1,0,0,9
BBB,2013B,505417,1,South East Region,A Level or Equivalent,50-60%,0-35,1,120,1,Withdrawn,7,0,1,1,0,0,1,0,1,1,0,0,1,0,0,3
BBB,2013B,505499,0,South East Region,A Level or Equivalent,60-70%,0-35,0,60,0,Withdrawn,5,1,0,1,1,1,0,0,0,0,0,1,0,0,0,9
BBB,2013B,505592,1,North Region,HE Qualification,20-30%,35-55,0,60,0,Withdrawn,6,1,0,0,1,0,0,1,0,1,1,0,1,0,0,9
BBB,2013B,505595,1,London Region,Lower Than A Level,20-Oct,0-35,1,210,1,Withdrawn,2,0,1,1,0,0,0,0,0,0,1,1,0,0,1,2
BBB,2013B,505606,1,Yorkshire Region,A Level or Equivalent,0-10%,35-55,0,60,0,Pass,9,1,1,0,1,0,0,0,0,0,1,1,0,0,1,4
BBB,2013B,505694,1,Scotland,Lower Than A Level,20-Oct,0-35,0,60,0,Fail,13,0,1,1,0,1,1,0,0,0,1,1,0,1,1,5
BBB,2013B,505871,1,South West Region,A Level or Equivalent,0-10%,0-35,0,60,0,Fail,6,0,1,1,1,0,0,1,1,0,0,0,1,1,1,9
BBB,2013B,505959,1,London Region,A Level or Equivalent,20-30%,35-55,0,60,0,Pass,4,1,0,0,0,0,1,0,1,1,1,1,1,1,1,8
BBB,2013B,505961,1,Wales,Lower Than A Level,80-90%,0-35,1,120,0,Distinction,3,1,1,1,0,0,0,0,0,1,1,0,1,0,0,8
BBB,2013B,506233,1,South West Region,A Level or Equivalent,40-50%,35-55,0,60,0,Pass,10,1,0,0,1,0,0,1,0,1,1,0,0,0,1,1
BBB,2013B,506360,1,Ireland,A Level or Equivalent,80-90%,0-35,0,60,0,Fail,8,1,0,1,0,1,0,1,1,0,1,0,0,1,1,3
BBB,2013B,506650,1,South West Region,A Level or Equivalent,80-90%,35-55,0,150,0,Withdrawn,11,1,1,0,1,1,1,1,0,0,1,0,1,0,0,6
BBB,2013B,506753,1,South East Region,HE Qualification,90-100%,35-55,0,120,0,Pass,6,1,0,0,1,1,0,0,1,0,1,0,1,0,0,9
BBB,2013B,507184,1,East Anglian Region,A Level or Equivalent,0-10%,0-35,0,60,0,Withdrawn,15,0,0,1,1,0,0,1,0,0,1,1,0,1,0,10
BBB,2013B,507221,1,South Region,Lower Than A Level,40-50%,0-35,0,120,0,Withdrawn,11,1,0,1,1,0,0,1,1,0,1,0,1,0,0,6
BBB,2013B,507303,1,South Region,Lower Than A Level,30-40%,0-35,0,60,0,Withdrawn,11,1,0,0,0,1,1,1,1,0,1,1,1,0,1,6
BBB,2013B,507320,0,North Western Region,Lower Than A Level,50-60%,0-35,0,150,0,Withdrawn,4,1,0,1,0,0,1,0,0,0,0,1,1,0,1,8
BBB,2013B,507359,1,London Region,A Level or Equivalent,20-Oct,35-55,1,120,0,Pass,5,1,0,1,0,1,1,0,1,0,0,1,1,1,1,9
BBB,2013B,507485,1,London Region,Lower Than A Level,0-10%,0-35,0,60,0,Withdrawn,16,0,0,0,1,1,0,0,1,1,1,0,1,1,1,10
BBB,2013B,507685,1,North Region,A Level or Equivalent,0-10%,0-35,0,120,0,Withdrawn,2,0,0,1,1,1,0,0,0,1,0,1,1,1,0,2
BBB,2013B,507817,0,East Midlands Region,Lower Than A Level,20-Oct,0-35,1,120,0,Fail,15,0,0,0,1,0,0,0,1,0,0,1,0,1,1,10
BBB,2013B,508103,1,West Midlands Region,Lower Than A Level,20-Oct,0-35,1,240,0,Withdrawn,12,0,0,0,1,0,1,1,1,1,1,1,1,0,0,7
BBB,2013B,508452,1,East Anglian Region,HE Qualification,30-40%,35-55,0,150,0,Pass,7,1,1,1,1,1,1,0,0,0,1,1,0,1,1,3
BBB,2013B,508537,1,South West Region,A Level or Equivalent,20-Oct,0-35,0,60,0,Pass,6,1,1,0,0,0,0,0,1,1,0,0,0,1,1,9
BBB,2013B,508662,1,South Region,Lower Than A Level,30-40%,0-35,0,60,0,Pass,9,1,1,1,0,1,0,1,0,1,1,0,1,0,1,4
BBB,2013B,508668,1,London Region,Lower Than A Level,70-80%,0-35,0,60,0,Fail,12,0,1,1,1,0,0,0,1,1,0,0,0,1,1,7
BBB,2013B,509130,1,West Midlands Region,HE Qualification,0-10%,0-35,0,60,0,Withdrawn,3,1,0,1,0,1,0,1,0,1,1,0,1,1,0,8
BBB,2013B,509226,1,West Midlands Region,Lower Than A Level,60-70%,0-35,0,120,0,Pass,10,0,0,1,1,0,1,0,1,0,1,0,0,0,0,1
BBB,2013B,509295,1,South West Region,Lower Than A Level,0-10%,35-55,1,180,0,Withdrawn,4,0,1,1,0,1,1,1,0,1,1,0,0,1,1,8
BBB,2013B,509334,1,Wales,A Level or Equivalent,50-60%,0-35,0,60,0,Withdrawn,12,1,1,1,1,0,1,1,0,1,1,0,0,0,0,7
BBB,2013B,509737,1,Scotland,Lower Than A Level,20-Oct,35-55,1,120,0,Fail,10,0,0,1,0,1,1,0,0,0,0,0,0,1,1,1
BBB,2013B,509768,1,South East Region,Lower Than A Level,40-50%,0-35,0,60,0,Distinction,6,0,0,1,1,0,1,1,0,0,1,0,1,0,1,9
BBB,2013B,509797,1,London Region,HE Qualification,20-Oct,0-35,0,60,0,Fail,13,1,0,0,0,1,1,1,0,1,1,0,0,0,0,5
BBB,2013B,509901,1,East Midlands Region,A Level or Equivalent,20-30%,0-35,1,120,1,Fail,14,1,1,0,1,1,1,0,1,0,0,1,1,0,1,5
BBB,2013B,509926,1,East Anglian Region,Lower Than A Level,40-50%,35-55,0,60,0,Fail,9,0,1,0,0,0,0,1,1,1,1,1,0,1,1,4
BBB,2013B,510141,1,East Anglian Region,Lower Than A Level,60-70%,0-35,0,60,1,Withdrawn,10,0,1,0,0,0,1,0,1,0,0,1,1,1,0,1
BBB,2013B,510492,1,South West Region,Lower Than A Level,80-90%,0-35,0,180,0,Fail,9,0,0,1,0,1,0,1,1,1,0,0,1,1,1,4
BBB,2013B,510556,1,South East Region,Lower Than A Level,50-60%,35-55,0,60,0,Pass,5,1,0,1,0,1,1,0,1,0,0,1,1,0,1,9
BBB,2013B,510756,1,Yorkshire Region,A Level or Equivalent,40-50%,0-35,0,60,0,Pass,1,1,0,1,0,1,0,1,0,0,1,0,0,0,0,2
BBB,2013B,510845,1,Wales,Lower Than A Level,0-10%,0-35,0,60,0,Pass,3,0,0,1,1,1,1,0,0,0,1,1,0,0,0,8
BBB,2013B,511050,0,West Midlands Region,Lower Than A Level,50-60%,35-55,0,60,0,Pass,14,1,0,1,0,0,1,0,1,1,0,0,1,1,0,5
BBB,2013B,511067,1,South Region,A Level or Equivalent,0-10%,0-35,0,60,0,Pass,5,0,1,1,1,0,0,0,1,0,0,1,1,1,1,9
BBB,2013B,511306,1,London Region,Lower Than A Level,50-60%,0-35,0,60,0,Pass,13,0,1,1,0,0,0,0,1,0,0,0,0,0,0,5
BBB,2013B,511459,1,Scotland,Lower Than A Level,20-Oct,35-55,1,120,0,Pass,14,0,0,1,0,0,0,1,1,1,0,1,0,1,0,5
BBB,2013B,511474,1,North Western Region,Lower Than A Level,20-30%,0-35,2,120,0,Fail,7,1,0,0,0,1,0,0,1,0,0,0,0,1,0,3
BBB,2013B,511515,1,Scotland,Lower Than A Level,30-40%,35-55,0,120,0,Fail,5,0,0,1,0,1,0,0,0,0,0,1,0,1,1,9
BBB,2013B,511524,1,Yorkshire Region,Lower Than A Level,40-50%,0-35,0,60,0,Pass,8,0,1,0,1,1,0,1,1,0,0,1,1,0,0,3
BBB,2013B,511527,1,South Region,A Level or Equivalent,60-70%,0-35,0,60,1,Fail,1,0,1,1,0,1,1,0,0,0,1,0,0,1,1,2
BBB,2013B,511652,1,Yorkshire Region,A Level or Equivalent,40-50%,0-35,1,240,0,Withdrawn,3,1,0,0,1,0,1,0,1,0,0,0,1,1,0,8
BBB,2013B,511693,1,South West Region,A Level or Equivalent,30-40%,0-35,0,60,0,Pass,3,1,0,0,1,1,1,1,1,1,0,1,1,0,1,8
BBB,2013B,512070,1,London Region,A Level or Equivalent,20-30%,0-35,0,120,0,Fail,3,1,0,1,0,1,0,1,1,1,0,0,1,0,0,8
BBB,2013B,512180,1,Wales,Lower Than A Level,0-10%,0-35,0,120,1,Fail,5,0,1,1,0,0,1,0,1,0,0,1,0,1,1,9
BBB,2013B,512242,1,South Region,Lower Than A Level,70-80%,35-55,0,60,0,Fail,12,0,1,0,1,1,1,0,0,1,0,1,1,0,1,7
BBB,2013B,512468,1,Ireland,Lower Than A Level,20-Oct,35-55,1,120,0,Fail,15,0,0,0,0,1,0,1,1,1,1,0,1,0,0,10
BBB,2013B,512805,1,West Midlands Region,Lower Than A Level,0-10%,0-35,1,120,0,Fail,15,1,1,1,1,0,1,1,1,1,0,0,0,0,0,10
BBB,2013B,512883,1,Wales,Lower Than A Level,20-30%,0-35,1,120,0,Withdrawn,8,0,1,1,0,0,1,0,1,1,0,0,0,1,0,3
BBB,2013B,512911,1,Yorkshire Region,Lower Than A Level,0-10%,0-35,0,120,0,Fail,16,0,1,0,0,0,0,1,0,0,1,0,0,0,0,10
BBB,2013B,512924,1,East Anglian Region,Lower Than A Level,20-30%,0-35,1,240,0,Withdrawn,14,0,0,0,1,0,1,0,0,0,0,0,1,0,1,5
BBB,2013B,512929,1,Wales,A Level or Equivalent,40-50%,35-55,0,60,0,Pass,12,1,0,1,1,1,1,1,0,1,0,1,1,0,0,7
BBB,2013B,512995,1,West Midlands Region,A Level or Equivalent,20-Oct,0-35,0,60,0,Pass,3,0,0,0,0,1,0,0,0,0,1,1,0,0,1,8
BBB,2013B,513005,1,South West Region,Lower Than A Level,30-40%,35-55,1,180,0,Fail,14,1,1,0,1,1,1,0,1,0,1,1,0,0,0,5
BBB,2013B,513016,1,North Western Region,Lower Than A Level,20-30%,0-35,0,60,1,Withdrawn,13,0,0,1,0,1,1,0,1,0,1,0,0,0,0,5
BBB,2013B,513093,1,East Anglian Region,A Level or Equivalent,90-100%,0-35,0,120,0,Pass,9,0,0,1,1,0,0,1,0,0,0,1,0,0,1,4
BBB,2013B,513196,1,London Region,Lower Than A Level,20-Oct,35-55,1,180,0,Withdrawn,13,1,1,1,0,1,1,0,0,1,0,0,1,0,0,5
BBB,2013B,513210,1,London Region,Lower Than A Level,30-40%,35-55,1,120,1,Withdrawn,5,1,1,1,1,0,0,0,1,1,1,0,1,1,0,9
BBB,2013B,513315,1,North Western Region,Lower Than A Level,20-Oct,0-35,0,60,0,Pass,13,1,0,1,0,1,0,0,1,0,0,1,1,1,0,5
BBB,2013B,513368,1,North Region,A Level or Equivalent,30-40%,0-35,0,60,0,Withdrawn,11,0,1,0,1,0,1,0,1,1,1,1,1,1,0,6
BBB,2013B,513733,1,North Western Region,A Level or Equivalent,20-Oct,35-55,0,60,0,Fail,5,0,0,1,1,0,1,0,0,0,1,0,1,1,1,9
BBB,2013B,513757,1,London Region,A Level or Equivalent,30-40%,35-55,1,120,0,Pass,11,1,1,1,0,1,0,1,0,1,1,0,0,1,1,6
BBB,2013B,513881,1,Yorkshire Region,Lower Than A Level,40-50%,0-35,0,60,0,Withdrawn,12,1,1,0,0,1,0,1,0,0,1,1,1,0,1,7
BBB,2013B,514140,0,Wales,Lower Than A Level,50-60%,35-55,0,120,0,Pass,11,0,1,1,0,0,0,0,0,0,0,0,1,0,0,6
BBB,2013B,514365,1,Yorkshire Region,Lower Than A Level,40-50%,0-35,0,60,0,Withdrawn,16,1,1,1,0,0,0,0,0,1,0,1,1,0,1,10
BBB,2013B,514819,1,East Midlands Region,Lower Than A Level,50-60%,0-35,0,120,0,Withdrawn,13,1,0,0,1,1,1,0,0,0,0,1,0,1,1,5
BBB,2013B,514951,1,West Midlands Region,A Level or Equivalent,20-Oct,35-55,0,120,0,Withdrawn,10,0,1,1,1,0,0,0,0,0,1,1,1,0,0,1
BBB,2013B,514981,1,West Midlands Region,A Level or Equivalent,60-70%,0-35,1,120,0,Fail,8,0,0,0,0,1,0,0,1,0,0,1,0,1,1,3
BBB,2013B,514987,1,West Midlands Region,A Level or Equivalent,0-10%,0-35,1,120,0,Pass,2,1,1,0,0,0,0,1,1,0,1,1,1,1,1,2
BBB,2013B,515035,1,South Region,Lower Than A Level,0-10%,0-35,0,60,0,Fail,15,0,1,1,0,0,1,0,0,1,0,0,0,0,1,10
BBB,2013B,515105,1,London Region,Lower Than A Level,20-Oct,35-55,0,60,0,Fail,9,0,1,0,0,1,0,0,1,1,1,0,1,1,1,4
BBB,2013B,515130,1,Wales,Lower Than A Level,90-100%,0-35,1,120,0,Fail,1,1,0,0,0,0,1,0,0,0,0,1,0,0,1,2
BBB,2013B,515174,0,London Region,Lower Than A Level,20-Oct,35-55,1,120,0,Withdrawn,2,0,0,0,1,0,1,0,0,0,0,1,1,0,0,2
BBB,2013B,515311,1,West Midlands Region,A Level or Equivalent,20-30%,0-35,1,120,1,Pass,12,0,1,1,0,0,0,0,1,0,0,0,1,1,0,7
BBB,2013B,515474,1,Wales,A Level or Equivalent,30-40%,0-35,0,60,0,Pass,15,1,1,0,0,1,0,1,0,0,1,0,1,1,1,10
BBB,2013B,515497,1,London Region,A Level or Equivalent,0-10%,0-35,0,120,0,Pass,14,1,0,0,1,0,0,1,0,1,1,1,1,0,1,5
BBB,2013B,515959,1,London Region,A Level or Equivalent,50-60%,0-35,0,60,0,Pass,16,1,1,1,1,0,0,1,0,0,0,1,0,1,0,10
BBB,2013B,516057,1,South East Region,A Level or Equivalent,50-60%,0-35,0,60,1,Pass,15,0,0,1,0,0,1,1,0,1,0,0,0,0,0,10
BBB,2013B,516432,0,London Region,Lower Than A Level,0-10%,35-55,1,195,0,Pass,12,0,1,1,1,1,1,1,1,1,1,0,0,1,1,7
BBB,2013B,516456,1,South West Region,A Level or Equivalent,40-50%,0-35,0,150,0,Pass,16,0,1,0,0,0,0,0,1,0,1,1,0,1,0,10
BBB,2013B,516475,1,East Anglian Region,A Level or Equivalent,50-60%,0-35,0,60,0,Pass,14,1,0,1,0,1,1,0,0,0,1,1,1,1,0,5
BBB,2013B,516495,1,South West Region,Lower Than A Level,70-80%,0-35,0,120,0,Fail,9,0,0,1,0,1,1,1,1,1,0,0,0,1,1,4
BBB,2013B,516529,1,Wales,HE Qualification,70-80%,35-55,0,60,0,Distinction,6,0,1,1,1,1,0,0,0,1,0,0,1,1,1,9
BBB,2013B,516776,1,East Anglian Region,Lower Than A Level,20-30%,35-55,1,120,0,Fail,15,1,1,1,1,1,0,0,0,0,1,1,1,0,1,10
BBB,2013B,516841,1,Scotland,Lower Than A Level,60-70%,0-35,1,120,0,Pass,7,0,1,1,0,0,0,0,1,0,1,0,0,0,0,3
BBB,2013B,517043,1,West Midlands Region,No Formal quals,20-Oct,0-35,1,120,0,Pass,9,1,1,0,1,1,1,1,0,0,0,0,0,0,1,4
BBB,2013B,517175,0,West Midlands Region,Lower Than A Level,0-10%,0-35,1,120,0,Fail,14,0,1,0,0,0,1,0,1,0,1,0,0,0,0,5
BBB,2013B,517474,1,Ireland,Lower Than A Level,30-40%,0-35,0,90,0,Pass,2,1,0,1,0,0,0,0,0,1,1,1,1,1,0,2
BBB,2013B,517617,1,East Midlands Region,A Level or Equivalent,30-40%,0-35,0,120,0,Pass,8,1,1,1,1,0,0,0,1,1,1,0,1,0,0,3
BBB,2013B,517701,1,Wales,Lower Than A Level,80-90%,0-35,1,120,0,Withdrawn,7,0,0,1,1,0,1,0,0,0,1,1,1,1,0,3
BBB,2013B,517778,1,East Midlands Region,A Level or Equivalent,20-30%,0-35,0,60,0,Distinction,5,1,0,1,0,0,1,0,0,1,1,0,1,1,0,9
BBB,2013B,517853,1,West Midlands Region,Lower Than A Level,20-Oct,35-55,1,120,0,Fail,15,0,1,0,1,1,1,0,0,0,1,1,1,0,1,10
BBB,2013B,517890,1,South West Region,A Level or Equivalent,30-40%,0-35,0,60,0,Distinction,11,1,1,1,0,1,0,1,1,1,1,0,0,1,0,6
BBB,2013B,518189,1,South East Region,Lower Than A Level,20-Oct,0-35,0,120,0,Pass,13,0,0,1,1,0,1,1,1,1,1,0,0,0,0,5
BBB,2013B,518469,0,Ireland,Lower Than A Level,40-50%,0-35,0,60,0,Fail,15,1,0,0,1,1,0,1,0,1,1,0,0,1,1,10
BBB,2013B,518876,1,Wales,Lower Than A Level,50-60%,0-35,0,150,0,Pass,1,0,0,0,1,0,1,1,1,1,0,0,1,1,0,2
BBB,2013B,518879,1,East Midlands Region,Lower Than A Level,60-70%,35-55,0,60,1,Pass,4,1,1,1,1,1,0,0,0,1,1,0,1,0,1,8
BBB,2013B,518904,1,South East Region,Lower Than A Level,60-70%,0-35,0,60,0,Fail,8,0,1,0,1,1,0,1,0,0,1,0,1,0,1,3
BBB,2013B,518970,0,North Western Region,A Level or Equivalent,20-Oct,0-35,1,120,0,Pass,9,1,0,0,1,0,1,1,1,1,0,0,1,1,1,4
BBB,2013B,519012,1,Wales,Lower Than A Level,50-60%,0-35,1,120,0,Fail,7,1,1,0,1,1,0,0,0,1,0,1,1,1,1,3
BBB,2013B,519222,1,Wales,A Level or Equivalent,80-90%,0-35,1,120,0,Pass,15,1,0,0,0,0,0,1,0,0,0,0,1,0,0,10
BBB,2013B,519387,1,London Region,A Level or Equivalent,30-40%,0-35,0,60,0,Fail,2,0,0,0,0,0,1,1,0,1,1,0,1,0,1,2
BBB,2013B,519602,1,West Midlands Region,Lower Than A Level,20-30%,0-35,0,60,1,Pass,5,1,0,0,1,1,0,1,0,0,1,0,0,1,0,9
BBB,2013B,519647,1,South West Region,Lower Than A Level,20-Oct,0-35,0,60,0,Withdrawn,8,0,1,1,0,0,1,0,0,1,1,0,1,1,1,3
BBB,2013B,519800,1,Wales,Lower Than A Level,70-80%,35-55,1,120,0,Pass,14,1,0,0,1,1,1,0,0,1,0,1,0,1,1,5
BBB,2013B,520049,1,West Midlands Region,Lower Than A Level,60-70%,35-55,0,60,0,Withdrawn,13,1,0,1,0,0,0,1,0,0,0,0,0,0,1,5
BBB,2013B,520230,1,South Region,Lower Than A Level,30-40%,35-55,0,60,0,Withdrawn,13,1,0,1,1,1,0,0,0,1,1,0,0,1,1,5
BBB,2013B,520749,0,East Anglian Region,Lower Than A Level,20-30%,0-35,1,120,1,Withdrawn,9,1,1,0,1,0,0,0,0,1,1,1,0,0,0,4
BBB,2013B,520836,0,Ireland,Lower Than A Level,60-70%,0-35,0,60,0,Pass,12,0,1,0,0,0,1,1,1,0,0,0,1,0,0,7
BBB,2013B,521069,0,South Region,A Level or Equivalent,20-Oct,35-55,0,60,0,Fail,8,0,1,0,0,0,0,1,1,1,0,0,0,0,0,3
BBB,2013B,521081,1,Yorkshire Region,Lower Than A Level,20-Oct,0-35,0,90,1,Fail,13,0,1,0,1,0,1,1,1,1,0,1,0,0,0,5
BBB,2013B,521096,1,Ireland,Lower Than A Level,70-80%,0-35,0,120,0,Pass,10,0,0,1,0,0,1,0,1,0,1,0,0,1,0,1
BBB,2013B,521394,1,Ireland,Lower Than A Level,0-10%,0-35,1,120,0,Pass,1,0,1,0,0,0,1,1,0,0,0,0,0,0,1,2
BBB,2013B,521430,1,London Region,A Level or Equivalent,0-10%,0-35,0,60,0,Distinction,6,1,0,1,0,1,1,1,0,0,1,1,0,0,0,9
BBB,2013B,521496,0,Wales,Lower Than A Level,20-Oct,0-35,1,120,0,Fail,4,1,0,1,0,0,1,1,1,0,0,0,0,0,0,8
BBB,2013B,521764,1,London Region,A Level or Equivalent,20-Oct,35-55,0,60,0,Pass,4,1,1,1,1,1,0,0,1,1,0,1,0,1,0,8
BBB,2013B,521903,1,South West Region,Lower Than A Level,70-80%,0-35,1,120,1,Fail,8,1,0,0,1,1,1,1,0,0,0,0,1,0,0,3
BBB,2013B,522090,1,East Midlands Region,A Level or Equivalent,20-Oct,0-35,0,60,0,Pass,6,1,1,0,1,0,1,0,0,0,1,0,1,1,0,9
BBB,2013B,522249,1,South West Region,Lower Than A Level,40-50%,35-55,0,60,0,Pass,6,1,1,1,1,0,1,0,1,1,1,0,0,0,0,9
BBB,2013B,522302,1,South East Region,A Level or Equivalent,30-40%,0-35,0,60,0,Fail,15,0,0,0,1,0,1,1,1,0,1,0,0,0,1,10
BBB,2013B,522373,1,North Western Region,A Level or Equivalent,20-30%,0-35,0,120,0,Pass,8,0,0,1,0,1,0,0,0,1,0,0,0,1,0,3
BBB,2013B,522383,1,Wales,Lower Than A Level,0-10%,0-35,1,120,1,Fail,11,0,1,1,0,0,1,1,0,1,1,1,0,1,1,6
BBB,2013B,522512,1,Wales,Lower Than A Level,30-40%,0-35,1,120,0,Fail,6,1,1,1,0,1,1,1,0,1,0,0,0,1,0,9
BBB,2013B,523012,1,Scotland,A Level or Equivalent,60-70%,35-55,0,120,0,Pass,14,1,1,1,1,0,1,1,1,1,0,1,0,1,0,5
BBB,2013B,523156,1,North Region,A Level or Equivalent,60-70%,0-35,0,60,0,Withdrawn,6,1,1,1,0,0,0,0,0,0,1,0,1,1,1,9
BBB,2013B,523596,1,East Anglian Region,A Level or Equivalent,90-100%,0-35,0,75,0,Fail,10,1,0,0,1,0,1,1,1,0,0,1,1,1,0,1
BBB,2013B,523630,1,South Region,Lower Than A Level,30-40%,35-55,0,120,0,Pass,5,1,1,0,1,1,0,1,0,1,1,1,1,0,0,9
BBB,2013B,523672,0,Wales,Lower Than A Level,20-Oct,35-55,0,90,0,Pass,1,0,0,1,0,0,1,1,1,0,0,0,1,1,1,2
BBB,2013B,523789,1,London Region,A Level or Equivalent,20-30%,0-35,1,240,0,Withdrawn,15,0,0,0,0,0,0,0,0,1,0,1,0,0,1,10
BBB,2013B,523966,1,Wales,A Level or Equivalent,20-30%,0-35,0,150,0,Pass,9,0,0,1,0,1,1,1,1,1,0,0,1,0,1,4
BBB,2013B,524101,1,North Region,Lower Than A Level,50-60%,35-55,1,120,0,Withdrawn,2,1,1,1,1,0,1,1,1,0,1,1,0,1,0,2
BBB,2013B,524171,1,North Western Region,A Level or Equivalent,40-50%,0-35,0,120,0,Fail,15,0,1,0,0,0,1,0,1,1,0,0,1,1,0,10
BBB,2013B,524452,1,South West Region,A Level or Equivalent,50-60%,0-35,0,60,0,Pass,2,0,0,0,0,1,1,1,1,1,1,0,1,0,1,2
BBB,2013B,524496,1,West Midlands Region,A Level or Equivalent,0-10%,35-55,0,60,0,Withdrawn,11,1,1,1,1,0,1,0,0,1,0,0,1,0,0,6
BBB,2013B,524598,0,Wales,Lower Than A Level,0-10%,0-35,0,60,0,Fail,11,1,0,0,0,1,1,0,0,1,0,0,1,1,0,6
BBB,2013B,524769,1,South West Region,Lower Than A Level,30-40%,0-35,1,150,1,Withdrawn,11,1,1,0,0,0,0,0,1,0,1,0,1,0,0,6
BBB,2013B,524968,1,West Midlands Region,Lower Than A Level,60-70%,0-35,0,60,0,Withdrawn,12,1,0,1,1,1,0,1,1,1,1,1,0,0,0,7
BBB,2013B,525501,1,East Anglian Region,Lower Than A Level,20-30%,35-55,0,60,1,Pass,1,0,0,1,1,0,1,1,1,0,1,1,0,0,0,2
BBB,2013B,525520,1,North Region,Lower Than A Level,70-80%,35-55,0,60,0,Fail,16,0,0,0,0,1,1,0,0,0,0,0,1,0,1,10
BBB,2013B,525543,1,East Midlands Region,Lower Than A Level,20-Oct,0-35,0,120,0,Withdrawn,13,1,1,0,1,0,1,0,0,0,1,0,1,0,0,5
BBB,2013B,525679,1,London Region,Lower Than A Level,20-Oct,0-35,0,120,0,Fail,1,0,0,1,1,0,0,1,0,1,1,1,1,1,0,2
BBB,2013B,525683,1,North Western Region,Lower Than A Level,30-40%,0-35,0,75,0,Pass,5,0,1,0,0,1,1,1,1,1,1,1,1,1,0,9
BBB,2013B,525797,1,East Midlands Region,Lower Than A Level,90-100%,0-35,1,120,0,Fail,14,0,0,0,0,0,0,1,1,0,0,0,0,1,1,5
BBB,2013B,525869,1,West Midlands Region,A Level or Equivalent,60-70%,0-35,0,60,0,Fail,10,1,1,0,1,0,1,0,0,1,1,1,1,1,0,1
BBB,2013B,525942,0,Scotland,Lower Than A Level,0-10%,0-35,0,60,1,Withdrawn,7,0,0,0,1,1,0,0,1,0,1,1,1,1,1,3
BBB,2013B,526200,1,South West Region,Lower Than A Level,60-70%,0-35,1,240,0,Fail,1,0,0,1,0,1,0,1,0,0,1,0,1,1,1,2
BBB,2013B,526370,1,North Western Region,Lower Than A Level,0-10%,0-35,0,60,0,Pass,3,1,0,0,1,0,1,0,1,1,0,1,1,1,0,8
BBB,2013B,526506,1,Yorkshire Region,A Level or Equivalent,60-70%,0-35,1,240,0,Withdrawn,12,0,1,1,1,0,0,1,0,0,1,1,1,0,1,7
BBB,2013B,527020,1,South Region,Lower Than A Level,30-40%,35-55,0,120,1,Pass,5,1,0,0,0,0,0,0,0,1,1,1,0,0,1,9
BBB,2013B,527164,1,South East Region,A Level or Equivalent,0-10%,0-35,0,120,0,Distinction,14,1,0,0,1,0,0,0,0,1,0,0,1,0,0,5
BBB,2013B,527227,1,Yorkshire Region,Lower Than A Level,70-80%,35-55,1,120,0,Pass,11,1,1,1,1,1,0,0,0,0,1,1,1,0,1,6
BBB,2013B,527313,1,North Western Region,A Level or Equivalent,20-30%,0-35,0,120,0,Fail,13,0,0,0,0,0,0,1,0,1,0,0,0,1,0,5
BBB,2013B,527343,1,Wales,A Level or Equivalent,0-10%,0-35,1,120,0,Withdrawn,15,0,1,1,1,1,0,0,1,1,1,1,1,1,0,10
BBB,2013B,527382,1,Wales,Lower Than A Level,0-10%,0-35,0,60,1,Withdrawn,3,0,1,1,0,1,0,0,1,0,0,0,1,0,0,8
BBB,2013B,527400,1,East Anglian Region,Lower Than A Level,50-60%,0-35,0,60,0,Fail,7,1,1,0,1,1,0,0,0,0,0,1,0,0,1,3
BBB,2013B,527659,1,Wales,Lower Than A Level,0-10%,0-35,0,60,0,Fail,7,1,1,1,1,1,1,0,0,1,0,0,1,1,1,3
BBB,2013B,527886,1,North Western Region,Lower Than A Level,40-50%,0-35,1,120,0,Pass,10,1,0,0,0,0,0,1,1,0,1,1,0,0,0,1
BBB,2013B,527980,1,West Midlands Region,Lower Than A Level,20-Oct,0-35,0,60,0,Distinction,2,1,1,0,0,1,0,1,1,0,1,0,0,0,1,2
BBB,2013B,528161,1,Wales,A Level or Equivalent,30-40%,0-35,0,60,0,Pass,8,1,0,0,0,0,0,1,1,1,1,1,0,1,0,3
BBB,2013B,528175,1,West Midlands Region,Lower Than A Level,20-Oct,0-35,0,150,1,Withdrawn,8,1,0,0,0,1,0,0,0,0,0,0,0,1,0,3
BBB,2013B,528220,1,East Midlands Region,A Level or Equivalent,0-10%,35-55,1,180,0,Withdrawn,1,1,0,0,1,0,1,0,1,0,1,1,1,0,0,2
BBB,2013B,528250,1,Wales,A Level or Equivalent,40-50%,0-35,0,60,0,Pass,11,0,0,1,0,0,0,1,1,1,0,0,0,0,0,6
BBB,2013B,528261,1,East Midlands Region,A Level or Equivalent,40-50%,0-35,1,120,0,Distinction,2,0,0,0,1,0,0,0,1,1,1,1,0,1,0,2
BBB,2013B,528270,1,South West Region,Lower Than A Level,70-80%,0-35,0,180,0,Withdrawn,7,0,0,1,0,0,0,0,1,0,1,0,0,1,1,3
BBB,2013B,528353,1,East Anglian Region,A Level or Equivalent,70-80%,35-55,0,60,0,Pass,2,1,0,0,0,0,1,1,0,0,0,0,1,0,1,2
BBB,2013B,528649,0,London Region,A Level or Equivalent,80-90%,0-35,0,60,0,Fail,14,1,1,0,1,0,1,0,1,0,1,1,0,1,0,5
BBB,2013B,528698,1,South East Region,Lower Than A Level,70-80%,35-55,0,120,0,Pass,16,1,1,0,0,0,0,1,0,1,0,0,1,1,1,10
BBB,2013B,528904,1,Scotland,A Level or Equivalent,50-60%,0-35,0,60,0,Pass,13,0,0,1,0,1,0,1,0,1,0,1,1,0,1,5
BBB,2013B,528918,1,East Midlands Region,Lower Than A Level,20-30%,35-55,1,120,0,Withdrawn,3,1,0,0,1,0,0,0,0,1,1,1,1,1,1,8
BBB,2013B,529065,1,North Region,Lower Than A Level,0-10%,0-35,0,60,0,Pass,3,0,1,0,1,1,1,0,0,1,0,1,0,0,1,8
BBB,2013B,529118,1,East Midlands Region,A Level or Equivalent,90-100%,0-35,1,120,1,Withdrawn,2,0,1,0,1,0,1,1,1,0,0,1,1,0,0,2
BBB,2013B,529174,1,Wales,Lower Than A Level,90-100%,0-35,1,120,0,Fail,4,1,0,1,0,1,1,1,0,1,0,0,0,1,0,8
BBB,2013B,529212,1,West Midlands Region,Lower Than A Level,40-50%,0-35,1,180,0,Pass,2,1,0,0,1,0,0,1,1,1,0,1,0,0,0,2
BBB,2013B,529383,1,Scotland,HE Qualification,80-90%,35-55,1,150,0,Fail,10,1,1,0,1,0,1,1,0,1,0,1,1,0,1,1
BBB,2013B,529446,1,North Western Region,Lower Than A Level,40-50%,0-35,0,60,0,Pass,8,1,1,0,0,0,1,0,0,1,0,0,1,1,0,3
BBB,2013B,529452,1,Wales,A Level or Equivalent,90-100%,35-55,0,75,0,Fail,11,0,1,1,0,0,1,1,1,1,1,0,1,0,1,6
BBB,2013B,529502,1,Wales,HE Qualification,30-40%,35-55,0,60,0,Pass,10,0,0,0,0,0,1,0,1,0,1,0,1,1,1,1
BBB,2013B,529767,1,West Midlands Region,Lower Than A Level,60-70%,35-55,1,120,0,Withdrawn,6,0,0,0,1,1,0,1,1,1,1,0,0,1,1,9
BBB,2013B,530065,1,Yorkshire Region,A Level or Equivalent,70-80%,35-55,0,180,0,Pass,2,1,1,1,1,0,0,0,1,0,1,1,1,0,0,2
BBB,2013B,530153,1,Scotland,HE Qualification,40-50%,35-55,0,60,0,Fail,15,1,0,1,1,0,1,1,0,1,1,1,1,0,1,10
BBB,2013B,530215,1,West Midlands Region,A Level or Equivalent,0-10%,0-35,1,120,0,Withdrawn,8,0,0,1,0,1,1,0,1,0,0,0,1,1,0,3
BBB,2013B,530226,1,North Western Region,A Level or Equivalent,0-10%,0-35,1,120,1,Pass,8,1,0,1,0,1,0,0,1,0,1,0,0,0,0,3
BBB,2013B,530245,1,West Midlands Region,A Level or Equivalent,20-Oct,35-55,1,120,0,Withdrawn,11,1,1,0,1,0,0,1,0,0,1,1,0,0,1,6
BBB,2013B,530266,1,Wales,A Level or Equivalent,20-Oct,0-35,0,60,0,Fail,1,1,1,0,0,0,0,0,0,1,1,1,1,0,1,2
BBB,2013B,530398,1,East Anglian Region,Lower Than A Level,20-Oct,35-55,1,120,0,Withdrawn,16,0,1,0,0,0,0,0,0,0,1,1,0,1,1,10
BBB,2013B,530483,1,East Midlands Region,A Level or Equivalent,30-40%,0-35,0,60,0,Withdrawn,11,0,1,0,0,0,1,0,1,0,0,1,1,1,0,6
BBB,2013B,530493,1,London Region,Lower Than A Level,0-10%,35-55,1,180,0,Fail,6,1,1,0,0,0,1,0,1,0,1,1,1,1,0,9
BBB,2013B,530669,1,London Region,A Level or Equivalent,20-Oct,0-35,0,60,0,Pass,3,0,1,1,0,1,0,0,0,0,1,0,0,1,0,8
BBB,2013B,530987,1,North Western Region,A Level or Equivalent,20-Oct,0-35,0,60,0,Pass,9,1,1,0,0,1,0,1,0,0,0,0,1,1,0,4
BBB,2013B,531000,1,London Region,Lower Than A Level,0-10%,35-55,0,60,0,Withdrawn,11,0,1,0,0,1,0,1,0,0,1,1,1,1,0,6
BBB,2013B,531027,1,Wales,Lower Than A Level,20-30%,0-35,0,60,0,Fail,1,0,0,0,1,1,1,0,1,0,0,0,0,1,1,2
BBB,2013B,531205,1,South West Region,Lower Than A Level,20-Oct,0-35,0,60,0,Withdrawn,13,1,0,1,0,1,0,1,1,1,0,1,0,1,0,5
BBB,2013B,531235,1,Yorkshire Region,A Level or Equivalent,50-60%,0-35,0,60,0,Withdrawn,6,0,0,1,1,1,1,1,1,1,0,1,1,0,0,9
BBB,2013B,531427,1,East Midlands Region,A Level or Equivalent,60-70%,0-35,0,120,0,Fail,15,1,1,1,0,1,1,1,1,0,0,1,1,0,0,10
BBB,2013B,531428,1,East Midlands Region,A Level or Equivalent,30-40%,0-35,1,120,0,Withdrawn,9,1,0,0,0,0,0,0,1,0,1,0,1,0,1,4
BBB,2013B,531464,1,East Anglian Region,Lower Than A Level,40-50%,35-55,0,60,0,Fail,7,0,1,0,1,0,1,1,1,1,1,0,0,0,0,3
BBB,2013B,531481,1,London Region,A Level or Equivalent,80-90%,35-55,1,180,0,Withdrawn,12,1,1,0,0,1,1,0,1,1,0,0,0,0,1,7
BBB,2013B,531569,1,South Region,A Level or Equivalent,20-30%,0-35,1,120,0,Fail,11,1,0,0,0,0,1,0,1,0,0,0,1,0,0,6
BBB,2013B,531573,1,Wales,Lower Than A Level,0-10%,35-55,1,120,1,Fail,6,1,1,1,1,1,1,1,0,1,0,0,0,1,0,9
BBB,2013B,531634,1,North Region,HE Qualification,20-Oct,0-35,0,120,0,Fail,1,1,1,0,1,1,0,0,1,0,1,1,0,1,1,2
BBB,2013B,531689,1,Yorkshire Region,HE Qualification,60-70%,0-35,0,60,0,Withdrawn,10,0,0,0,1,1,1,0,1,0,0,0,0,0,0,1
BBB,2013B,532000,1,East Anglian Region,Lower Than A Level,80-90%,0-35,1,120,0,Withdrawn,2,0,1,1,1,1,0,1,1,0,1,1,0,1,0,2
BBB,2013B,532034,1,Scotland,Lower Than A Level,20-Oct,0-35,0,60,0,Fail,7,1,1,0,0,1,1,0,0,1,0,0,0,0,0,3
BBB,2013B,532140,1,West Midlands Region,A Level or Equivalent,30-40%,35-55,1,270,0,Pass,12,0,0,1,1,1,0,0,0,0,0,0,1,1,1,7
BBB,2013B,532142,1,Yorkshire Region,Lower Than A Level,0-10%,35-55,1,120,0,Withdrawn,9,1,0,0,0,1,0,0,0,0,0,1,1,1,0,4
BBB,2013B,532317,1,Yorkshire Region,Lower Than A Level,0-10%,0-35,0,60,0,Fail,10,1,0,0,1,1,0,0,1,0,0,0,0,0,0,1
BBB,2013B,532396,1,South Region,HE Qualification,70-80%,0-35,0,60,0,Withdrawn,14,0,1,0,0,0,1,1,1,0,0,1,1,0,1,5
BBB,2013B,532500,1,West Midlands Region,A Level or Equivalent,0-10%,0-35,0,60,0,Fail,13,0,0,1,1,0,0,0,1,0,0,0,0,0,0,5
BBB,2013B,532512,1,South Region,A Level or Equivalent,20-30%,0-35,0,60,0,Withdrawn,7,1,0,1,0,0,1,0,1,0,0,0,1,0,1,3
BBB,2013B,532534,0,North Region,Lower Than A Level,20-Oct,0-35,0,60,1,Fail,16,1,1,1,1,1,1,1,0,1,1,0,1,0,0,10
BBB,2013B,532584,1,West Midlands Region,Lower Than A Level,0-10%,0-35,0,60,0,Fail,9,0,1,0,1,0,0,0,0,0,1,1,1,1,1,4
BBB,2013B,532665,1,West Midlands Region,A Level or Equivalent,20-30%,0-35,0,60,0,Pass,14,0,0,0,1,0,0,0,0,0,0,1,0,1,1,5
BBB,2013B,532668,1,Yorkshire Region,Lower Than A Level,20-30%,0-35,0,60,0,Fail,4,0,1,0,1,0,0,0,1,0,0,0,0,1,0,8
BBB,2013B,532710,1,West Midlands Region,Lower Than A Level,0-10%,0-35,0,120,1,Fail,1,0,0,1,1,1,1,0,0,1,1,1,1,0,0,2
BBB,2013B,532742,1,North Western Region,Lower Than A Level,20-Oct,35-55,0,60,0,Withdrawn,15,0,0,0,0,0,1,1,1,0,0,0,0,1,1,10
BBB,2013B,532839,1,North Region,HE Qualification,,0-35,0,60,0,Withdrawn,5,1,0,0,1,1,0,1,1,1,1,1,1,0,0,9
BBB,2013B,532886,1,East Anglian Region,A Level or Equivalent,90-100%,0-35,0,60,0,Pass,13,1,1,1,0,0,1,0,1,0,1,1,0,1,1,5
BBB,2013B,532928,1,London Region,A Level or Equivalent,20-30%,35-55,0,60,0,Withdrawn,2,0,1,1,0,1,1,1,0,0,0,1,1,0,1,2
BBB,2013B,532950,1,South West Region,Lower Than A Level,70-80%,0-35,0,60,0,Pass,6,1,0,0,0,0,0,1,1,0,1,0,1,1,1,9
BBB,2013B,533324,1,South West Region,Lower Than A Level,20-30%,0-35,0,120,1,Pass,13,0,0,0,0,1,0,1,0,1,0,0,0,1,0,5
BBB,2013B,533347,1,Wales,Lower Than A Level,70-80%,0-35,0,60,0,Pass,13,1,0,1,1,1,0,0,1,0,0,0,0,0,0,5
BBB,2013B,533365,1,Yorkshire Region,A Level or Equivalent,20-30%,0-35,0,60,0,Fail,5,0,1,1,0,1,1,1,0,0,1,1,1,1,0,9
BBB,2013B,533512,1,East Anglian Region,Lower Than A Level,40-50%,0-35,0,120,0,Withdrawn,15,1,1,1,1,0,0,0,1,1,1,0,1,1,0,10
BBB,2013B,533545,1,Yorkshire Region,A Level or Equivalent,0-10%,0-35,0,60,1,Pass,13,0,0,0,1,0,0,1,1,1,1,0,0,1,1,5
BBB,2013B,533697,1,East Anglian Region,A Level or Equivalent,40-50%,0-35,0,60,0,Withdrawn,1,0,1,1,1,1,0,0,1,0,0,1,1,1,0,2
BBB,2013B,533722,1,West Midlands Region,Lower Than A Level,20-Oct,0-35,0,120,0,Distinction,11,0,0,1,1,0,0,0,1,0,0,0,1,1,0,6
BBB,2013B,533737,1,East Midlands Region,A Level or Equivalent,80-90%,35-55,0,60,0,Withdrawn,9,0,1,0,0,0,0,1,0,0,1,0,0,0,0,4
BBB,2013B,533839,1,West Midlands Region,A Level or Equivalent,80-90%,0-35,0,60,0,Pass,12,0,1,0,1,1,1,1,1,0,1,1,1,0,1,7
BBB,2013B,533846,1,East Midlands Region,A Level or Equivalent,30-40%,35-55,0,120,0,Fail,14,1,1,1,0,1,0,0,1,1,1,1,1,0,0,5
BBB,2013B,533969,1,North Western Region,Lower Than A Level,40-50%,0-35,0,60,0,Fail,11,0,0,0,1,0,1,0,0,1,0,0,0,1,0,6
BBB,2013B,533996,1,West Midlands Region,Lower Than A Level,20-30%,35-55,0,60,0,Withdrawn,4,0,1,1,0,1,0,1,1,0,0,1,1,1,1,8
BBB,2013B,534051,1,Wales,A Level or Equivalent,0-10%,0-35,0,60,0,Fail,14,0,0,0,0,0,1,0,0,1,1,0,0,0,0,5
BBB,2013B,534086,1,West Midlands Region,A Level or Equivalent,30-40%,0-35,0,60,0,Fail,10,0,0,1,1,1,1,1,1,0,1,0,0,0,1,1
BBB,2013B,534151,1,North Region,Lower Than A Level,40-50%,0-35,0,120,0,Withdrawn,15,0,0,1,0,1,0,1,0,0,1,1,1,1,0,10
BBB,2013B,534217,1,South West Region,Lower Than A Level,20-30%,0-35,0,60,0,Withdrawn,4,1,0,1,0,0,1,1,1,0,0,1,0,0,0,8
BBB,2013B,534343,0,North Region,A Level or Equivalent,60-70%,0-35,0,60,0,Distinction,13,1,0,1,0,1,1,1,0,1,0,0,1,1,0,5
BBB,2013B,534360,0,West Midlands Region,A Level or Equivalent,0-10%,0-35,0,60,1,Pass,15,1,1,1,1,1,0,0,0,0,1,1,1,1,0,10
BBB,2013B,534373,1,West Midlands Region,A Level or Equivalent,40-50%,0-35,0,60,0,Pass,14,1,0,1,1,0,1,0,1,1,1,1,0,1,0,5
BBB,2013B,534426,1,North Western Region,A Level or Equivalent,20-30%,0-35,0,60,0,Withdrawn,16,1,1,0,1,0,0,1,0,1,0,1,1,0,0,10
BBB,2013B,534432,1,Wales,A Level or Equivalent,30-40%,0-35,0,120,0,Pass,16,1,0,0,0,0,1,1,1,1,1,1,0,0,0,10
BBB,2013B,534530,1,South Region,Lower Than A Level,90-100%,35-55,0,60,0,Fail,1,0,1,1,0,0,1,0,0,0,0,0,0,0,0,2
BBB,2013B,534652,1,West Midlands Region,A Level or Equivalent,40-50%,0-35,0,60,0,Distinction,2,0,1,0,1,0,1,1,0,1,0,0,0,1,1,2
BBB,2013B,534671,1,South Region,A Level or Equivalent,60-70%,0-35,0,60,1,Withdrawn,16,0,0,1,0,0,0,1,1,0,1,0,0,1,0,10
BBB,2013B,534698,1,East Midlands Region,A Level or Equivalent,90-100%,0-35,0,60,0,Pass,4,1,1,1,0,0,1,0,1,1,0,1,1,0,1,8
BBB,2013B,534709,1,Scotland,A Level or Equivalent,20-Oct,0-35,0,60,0,Pass,3,0,0,0,1,1,1,0,0,1,1,1,0,1,0,8
BBB,2013B,534713,1,Scotland,HE Qualification,80-90%,0-35,0,120,0,Withdrawn,10,1,1,0,0,1,0,1,1,0,1,0,1,0,1,1
BBB,2013B,534744,1,North Western Region,Lower Than A Level,40-50%,0-35,0,60,0,Fail,16,0,1,0,0,0,0,0,0,0,0,1,0,0,0,10
BBB,2013B,534758,1,West Midlands Region,Lower Than A Level,20-30%,0-35,0,90,0,Withdrawn,12,0,0,0,0,0,0,1,1,1,1,0,0,0,1,7
BBB,2013B,534765,1,East Midlands Region,Lower Than A Level,0-10%,0-35,0,120,1,Pass,8,0,1,0,1,0,1,1,0,0,1,0,0,1,0,3
BBB,2013B,534830,1,West Midlands Region,Lower Than A Level,20-Oct,35-55,0,120,0,Withdrawn,10,1,0,1,1,1,1,0,1,0,1,0,1,0,0,1
BBB,2013B,534908,1,North Region,A Level or Equivalent,20-Oct,0-35,0,120,0,Fail,5,1,0,0,0,0,1,0,0,1,0,1,0,1,0,9
BBB,2013B,534922,1,North Western Region,A Level or Equivalent,70-80%,0-35,0,60,0,Withdrawn,2,0,1,0,1,1,1,0,0,1,1,1,0,1,1,2
BBB,2013B,534983,1,West Midlands Region,A Level or Equivalent,50-60%,0-35,0,120,0,Pass,15,0,0,1,0,1,0,1,1,1,1,0,1,0,1,10
BBB,2013B,534991,1,East Anglian Region,Lower Than A Level,20-30%,35-55,0,60,0,Pass,14,0,0,0,0,0,0,0,0,0,0,0,1,1,0,5
BBB,2013B,535012,1,Wales,Lower Than A Level,20-30%,0-35,0,120,0,Fail,2,1,0,0,0,1,1,0,0,0,1,0,1,0,0,2
BBB,2013B,535140,1,West Midlands Region,A Level or Equivalent,20-30%,0-35,0,150,0,Pass,6,1,1,1,1,1,1,0,0,0,0,0,1,1,1,9
BBB,2013B,535145,1,Scotland,Lower Than A Level,70-80%,0-35,0,60,0,Fail,6,0,1,0,0,1,0,1,1,0,1,0,0,1,0,9
BBB,2013B,535152,1,East Midlands Region,Lower Than A Level,60-70%,0-35,0,60,0,Withdrawn,9,1,1,0,1,1,0,1,0,1,0,1,0,1,1,4
BBB,2013B,535155,1,East Midlands Region,Lower Than A Level,30-40%,0-35,0,60,0,Withdrawn,1,1,0,0,1,1,1,1,0,1,0,1,1,1,0,2
BBB,2013B,535269,1,London Region,A Level or Equivalent,20-30%,0-35,0,60,0,Withdrawn,11,0,1,1,1,0,1,1,0,0,0,1,0,1,1,6
BBB,2013B,535272,1,South East Region,Lower Than A Level,70-80%,35-55,0,120,0,Withdrawn,3,0,1,1,0,0,0,1,0,0,1,0,1,0,1,8
BBB,2013B,535278,1,Scotland,Lower Than A Level,20-Oct,0-35,0,60,0,Fail,16,1,0,1,1,1,1,1,0,0,1,1,0,1,1,10
BBB,2013B,535303,1,London Region,No Formal quals,60-70%,0-35,0,60,0,Withdrawn,14,1,1,0,1,1,1,0,1,1,0,0,1,1,1,5
BBB,2013B,535328,1,South East Region,Lower Than A Level,20-30%,0-35,0,60,0,Pass,6,0,0,1,0,0,0,0,1,1,1,1,0,1,0,9
BBB,2013B,535396,1,Ireland,Lower Than A Level,50-60%,35-55,0,60,0,Withdrawn,7,0,1,0,0,0,0,1,0,1,1,1,0,1,0,3
BBB,2013B,535407,1,East Anglian Region,Lower Than A Level,70-80%,35-55,0,60,0,Pass,2,0,1,0,0,1,0,0,1,0,0,1,0,0,0,2
BBB,2013B,535468,1,East Anglian Region,A Level or Equivalent,70-80%,0-35,0,60,0,Pass,4,0,1,1,0,1,0,0,0,0,0,0,1,0,0,8
BBB,2013B,535526,1,North Region,Lower Than A Level,0-10%,0-35,0,120,0,Withdrawn,9,1,1,1,0,0,1,0,0,1,1,1,0,0,0,4
BBB,2013B,535530,1,East Anglian Region,A Level or Equivalent,60-70%,0-35,0,60,1,Pass,10,0,1,0,1,0,0,1,1,0,0,1,1,0,0,1
BBB,2013B,535558,1,South Region,HE Qualification,40-50%,0-35,0,120,0,Withdrawn,16,1,1,1,1,1,1,1,1,1,1,0,1,0,0,10
BBB,2013B,535605,1,East Midlands Region,Lower Than A Level,30-40%,35-55,0,60,0,Distinction,8,1,1,1,0,0,1,1,1,1,0,0,1,1,1,3
BBB,2013B,535618,0,North Region,Lower Than A Level,80-90%,0-35,0,120,0,Fail,8,0,0,0,0,1,0,1,1,0,0,0,1,0,1,3
BBB,2013B,535755,1,North Western Region,HE Qualification,20-Oct,0-35,0,60,0,Pass,15,1,0,1,1,0,1,1,1,0,0,1,0,0,1,10
BBB,2013B,535760,1,East Anglian Region,A Level or Equivalent,30-40%,0-35,0,60,0,Pass,4,1,0,0,0,0,1,0,0,0,1,0,1,0,1,8
BBB,2013B,535773,1,East Anglian Region,A Level or Equivalent,20-30%,0-35,0,60,0,Pass,8,1,1,1,1,1,1,0,0,1,1,0,0,1,0,3
BBB,2013B,535778,1,East Anglian Region,A Level or Equivalent,20-30%,35-55,0,120,0,Fail,5,0,0,1,1,0,1,1,0,0,0,1,1,1,1,9
BBB,2013B,535800,1,Wales,A Level or Equivalent,60-70%,0-35,0,120,0,Pass,12,1,0,1,0,1,0,0,0,1,0,0,0,0,0,7
BBB,2013B,535807,1,London Region,Lower Than A Level,30-40%,0-35,0,120,0,Fail,9,1,1,1,0,1,1,1,1,0,0,0,0,1,0,4
BBB,2013B,535820,1,South West Region,A Level or Equivalent,70-80%,0-35,0,120,0,Pass,5,0,1,1,0,1,0,1,1,1,0,0,1,0,0,9
BBB,2013B,536050,1,North Western Region,Lower Than A Level,40-50%,0-35,0,60,0,Fail,4,0,1,0,0,1,0,0,1,1,0,0,0,0,0,8
BBB,2013B,536112,1,Yorkshire Region,A Level or Equivalent,20-30%,0-35,0,120,0,Pass,6,0,1,1,1,1,1,0,0,0,0,0,0,0,1,9
BBB,2013B,536188,1,Yorkshire Region,Lower Than A Level,20-30%,0-35,0,120,0,Fail,15,0,0,0,0,1,1,0,1,1,1,0,0,0,0,10
BBB,2013B,536189,1,Yorkshire Region,A Level or Equivalent,20-30%,0-35,0,120,0,Pass,16,1,0,1,1,0,0,0,1,1,1,1,1,1,0,10
BBB,2013B,536203,1,West Midlands Region,Lower Than A Level,20-Oct,35-55,0,60,0,Withdrawn,1,0,1,0,0,0,0,1,0,1,0,0,0,1,0,2
BBB,2013B,536205,1,South Region,Lower Than A Level,70-80%,0-35,0,60,1,Pass,6,1,1,1,1,0,1,0,0,1,0,0,1,1,0,9
BBB,2013B,536216,1,Ireland,Lower Than A Level,0-10%,35-55,0,60,0,Fail,2,0,0,0,0,0,1,1,1,0,0,1,0,0,0,2
BBB,2013B,536243,1,East Midlands Region,Lower Than A Level,30-40%,0-35,0,60,0,Fail,3,1,0,1,1,1,0,0,1,0,0,1,1,1,0,8
BBB,2013B,536270,1,Scotland,Lower Than A Level,70-80%,0-35,0,60,0,Withdrawn,6,0,0,0,1,0,0,1,0,0,0,1,0,0,1,9
BBB,2013B,536442,1,North Western Region,Lower Than A Level,0-10%,35-55,0,60,0,Withdrawn,1,1,0,0,0,1,0,0,1,1,1,0,1,0,0,2
BBB,2013B,536452,1,Wales,A Level or Equivalent,90-100%,0-35,0,60,0,Pass,11,1,0,1,1,0,1,0,1,0,0,1,1,0,0,6
BBB,2013B,536471,1,East Anglian Region,A Level or Equivalent,90-100%,0-35,0,60,0,Withdrawn,9,1,1,1,0,0,1,1,1,0,0,1,0,0,0,4
BBB,2013B,536510,1,South Region,Lower Than A Level,0-10%,0-35,0,60,1,Withdrawn,13,1,0,1,0,0,1,1,1,0,1,1,1,0,1,5
BBB,2013B,536519,1,Yorkshire Region,Lower Than A Level,20-30%,0-35,0,60,0,Withdrawn,15,1,0,1,1,1,0,1,0,1,1,0,0,1,1,10
BBB,2013B,536520,1,Yorkshire Region,Lower Than A Level,20-Oct,0-35,0,60,0,Withdrawn,10,0,0,1,0,1,1,0,0,1,1,1,0,0,1,1
BBB,2013B,536551,1,Wales,A Level or Equivalent,0-10%,0-35,0,75,0,Fail,6,1,1,1,0,1,0,1,0,1,0,1,0,1,0,9
BBB,2013B,536670,1,Wales,A Level or Equivalent,40-50%,35-55,0,60,0,Withdrawn,10,0,1,1,0,1,1,0,0,0,0,0,1,1,0,1
BBB,2013B,536722,1,West Midlands Region,A Level or Equivalent,20-Oct,0-35,0,60,0,Fail,8,1,1,0,1,0,0,0,1,0,0,1,1,1,1,3
BBB,2013B,536726,1,Scotland,HE Qualification,20-30%,0-35,0,60,0,Fail,12,0,0,0,0,1,1,1,0,0,0,0,0,1,0,7
BBB,2013B,536856,1,Wales,Lower Than A Level,20-30%,0-35,0,60,0,Fail,13,1,0,1,1,1,1,1,0,1,1,1,0,0,1,5
BBB,2013B,536900,1,South Region,A Level or Equivalent,80-90%,0-35,0,60,0,Pass,4,0,1,0,1,0,1,0,1,0,1,1,1,1,1,8
BBB,2013B,537162,1,Wales,Lower Than A Level,50-60%,0-35,0,120,0,Pass,14,0,1,1,1,1,1,0,1,1,0,0,1,0,1,5
BBB,2013B,537193,1,Yorkshire Region,A Level or Equivalent,70-80%,0-35,0,120,0,Pass,3,0,1,0,0,1,0,1,1,1,1,0,0,0,0,8
BBB,2013B,537255,1,North Region,Lower Than A Level,20-Oct,0-35,0,60,0,Pass,6,0,0,0,1,1,0,1,0,1,0,1,0,0,1,9
BBB,2013B,537259,0,London Region,A Level or Equivalent,30-40%,0-35,0,120,0,Fail,10,1,0,0,1,1,0,0,0,0,0,0,0,0,0,1
BBB,2013B,537263,1,East Midlands Region,A Level or Equivalent,80-90%,35-55,0,120,0,Withdrawn,13,0,0,1,1,1,0,0,0,0,1,1,1,1,1,5
BBB,2013B,537320,1,London Region,Lower Than A Level,30-40%,35-55,0,90,0,Withdrawn,11,0,1,0,1,0,1,0,0,1,1,0,0,1,1,6
BBB,2013B,537342,1,South Region,HE Qualification,90-100%,0-35,0,120,0,Distinction,2,0,0,0,0,1,1,0,0,0,1,0,0,1,1,2
BBB,2013B,537392,1,South Region,Lower Than A Level,60-70%,35-55,0,60,0,Withdrawn,16,0,1,0,0,0,1,0,0,0,1,1,1,0,1,10
BBB,2013B,537414,1,South West Region,A Level or Equivalent,70-80%,0-35,0,120,0,Pass,7,1,0,0,0,1,0,0,0,1,0,0,0,0,1,3
BBB,2013B,537433,1,South Region,HE Qualification,20-30%,0-35,0,60,0,Fail,12,0,1,0,0,1,0,0,0,0,1,0,1,1,1,7
BBB,2013B,537434,1,Ireland,A Level or Equivalent,20-30%,0-35,0,180,0,Pass,14,0,1,1,1,1,1,0,1,0,1,1,0,1,0,5
BBB,2013B,537464,1,South East Region,A Level or Equivalent,60-70%,0-35,0,60,0,Pass,12,1,0,1,1,1,0,1,0,1,1,0,0,1,1,7
BBB,2013B,537473,1,South Region,A Level or Equivalent,70-80%,0-35,0,60,0,Pass,16,0,1,1,1,1,1,0,1,0,0,0,0,1,0,10
BBB,2013B,537488,1,South West Region,A Level or Equivalent,40-50%,35-55,0,60,0,Pass,13,0,0,0,0,0,1,1,0,0,0,0,0,0,1,5
BBB,2013B,537558,1,South Region,HE Qualification,90-100%,0-35,0,120,0,Distinction,11,0,0,1,0,1,0,1,1,0,0,0,1,0,0,6
BBB,2013B,537572,1,South West Region,Lower Than A Level,80-90%,0-35,0,60,0,Pass,8,1,1,0,0,0,1,0,1,1,1,0,0,1,1,3
BBB,2013B,537584,1,Ireland,Lower Than A Level,20-Oct,0-35,0,60,0,Fail,12,0,1,1,1,0,0,1,0,1,0,1,1,0,0,7
BBB,2013B,537676,1,East Midlands Region,Lower Than A Level,0-10%,0-35,0,60,0,Fail,7,0,0,1,1,1,1,1,1,0,1,0,0,0,1,3
BBB,2013B,537679,1,Yorkshire Region,Lower Than A Level,20-Oct,35-55,0,120,0,Pass,9,1,0,1,0,0,0,1,1,0,0,0,1,0,1,4
BBB,2013B,537688,1,North Western Region,Lower Than A Level,0-10%,0-35,0,60,0,Pass,6,0,1,0,1,0,1,1,0,0,0,0,0,0,0,9
BBB,2013B,537704,1,South Region,Lower Than A Level,50-60%,35-55,0,60,0,Pass,10,1,0,1,1,1,1,0,1,0,1,1,0,0,1,1
BBB,2013B,537844,1,North Western Region,Lower Than A Level,0-10%,35-55,0,120,0,Fail,13,0,0,1,0,0,1,0,0,1,1,1,0,1,1,5
BBB,2013B,537875,1,East Anglian Region,A Level or Equivalent,60-70%,0-35,0,60,0,Pass,11,0,0,0,0,1,1,0,0,0,0,1,0,1,1,6
BBB,2013B,537898,1,East Anglian Region,Lower Than A Level,70-80%,0-35,0,60,0,Pass,7,0,0,0,1,1,1,0,0,0,1,0,0,0,1,3
BBB,2013B,537905,1,East Anglian Region,A Level or Equivalent,60-70%,0-35,0,60,0,Distinction,10,1,0,1,0,1,0,1,0,1,0,1,0,1,1,1
BBB,2013B,538138,1,North Region,A Level or Equivalent,50-60%,35-55,0,120,0,Withdrawn,1,1,0,1,0,0,0,0,0,1,0,1,1,0,1,2
BBB,2013B,538196,0,West Midlands Region,A Level or Equivalent,40-50%,35-55,0,60,0,Withdrawn,4,0,0,1,0,0,0,1,1,1,1,0,0,1,1,8
BBB,2013B,538221,1,South West Region,A Level or Equivalent,50-60%,0-35,0,60,0,Pass,8,0,0,0,1,0,1,1,1,1,0,1,1,0,0,3
BBB,2013B,538232,1,East Midlands Region,Lower Than A Level,20-30%,35-55,0,120,0,Withdrawn,4,0,1,0,0,0,1,1,1,0,1,1,1,1,0,8
BBB,2013B,538897,1,London Region,A Level or Equivalent,30-40%,35-55,0,120,0,Distinction,11,1,1,0,1,0,1,0,0,0,0,0,0,1,1,6
BBB,2013B,538942,1,Yorkshire Region,Lower Than A Level,20-Oct,0-35,0,60,0,Fail,11,1,0,1,0,1,1,0,0,0,1,0,1,1,0,6
BBB,2013B,538987,1,London Region,HE Qualification,50-60%,35-55,0,60,0,Distinction,4,0,1,0,1,1,0,1,1,0,0,0,0,1,1,8
BBB,2013B,539041,1,Wales,A Level or Equivalent,70-80%,0-35,1,120,0,Withdrawn,8,0,0,0,0,0,0,0,0,1,0,1,1,0,0,3
BBB,2013B,539056,1,North Western Region,HE Qualification,60-70%,35-55,0,60,0,Pass,5,0,0,0,0,1,0,0,0,1,0,1,1,1,0,9
BBB,2013B,539232,1,South East Region,A Level or Equivalent,80-90%,0-35,0,120,0,Withdrawn,16,1,0,0,0,1,0,0,1,0,0,1,0,1,1,10
BBB,2013B,539253,1,Wales,Lower Than A Level,50-60%,0-35,0,60,0,Fail,4,0,1,0,0,0,1,0,0,1,1,0,0,0,1,8
BBB,2013B,539265,1,East Anglian Region,Lower Than A Level,60-70%,0-35,0,60,0,Pass,6,1,1,1,0,1,0,1,1,0,1,0,1,0,0,9
BBB,2013B,539303,1,Yorkshire Region,Lower Than A Level,60-70%,0-35,0,60,0,Pass,4,1,1,0,0,1,0,0,1,1,0,0,1,0,0,8
BBB,2013B,539345,1,Scotland,HE Qualification,20-30%,0-35,0,60,0,Pass,7,0,0,0,0,0,0,1,1,0,1,1,1,0,0,3
BBB,2013B,539365,1,London Region,Lower Than A Level,20-30%,35-55,0,60,0,Pass,15,0,0,1,0,0,1,0,1,0,0,1,0,1,0,10
BBB,2013B,539385,1,South West Region,A Level or Equivalent,20-30%,0-35,0,60,0,Pass,8,1,1,0,0,1,0,0,0,1,1,0,0,0,0,3
BBB,2013B,539416,0,South Region,Lower Than A Level,80-90%,0-35,0,60,0,Fail,5,1,0,0,1,0,1,1,1,1,0,1,0,0,1,9
BBB,2013B,539418,1,South Region,A Level or Equivalent,60-70%,0-35,0,120,0,Distinction,2,0,0,0,1,0,0,0,1,1,0,0,0,0,1,2
BBB,2013B,539426,1,London Region,No Formal quals,20-30%,35-55,0,60,0,Withdrawn,4,1,1,0,0,0,0,0,1,0,1,1,0,0,1,8
BBB,2013B,539558,1,South West Region,A Level or Equivalent,20-30%,0-35,0,60,0,Fail,10,0,0,0,1,1,1,1,0,0,1,0,0,0,1,1
BBB,2013B,539572,1,London Region,Lower Than A Level,30-40%,0-35,0,60,0,Pass,11,1,1,0,1,0,0,0,0,1,1,0,1,1,1,6
BBB,2013B,539710,1,West Midlands Region,Lower Than A Level,40-50%,0-35,0,60,0,Fail,15,0,0,0,1,0,0,0,1,1,1,1,0,0,1,10
BBB,2013B,539737,1,Ireland,A Level or Equivalent,20-30%,0-35,0,60,0,Pass,9,0,1,0,1,0,1,0,0,0,1,1,1,0,0,4
BBB,2013B,539891,1,Wales,Lower Than A Level,30-40%,35-55,0,120,0,Withdrawn,8,0,1,1,1,1,1,1,1,0,1,0,0,0,1,3
BBB,2013B,539962,1,East Anglian Region,Lower Than A Level,70-80%,0-35,0,60,0,Fail,2,1,0,1,0,0,1,1,0,1,1,1,0,0,0,2
BBB,2013B,540055,1,Yorkshire Region,Lower Than A Level,80-90%,35-55,0,60,0,Distinction,3,0,0,0,0,1,1,0,0,0,1,0,1,1,0,8
BBB,2013B,540122,0,London Region,A Level or Equivalent,20-Oct,0-35,0,60,0,Withdrawn,7,1,1,1,1,1,1,1,1,0,1,0,0,0,0,3
BBB,2013B,540184,1,South Region,Lower Than A Level,40-50%,0-35,0,60,0,Pass,16,1,1,0,1,1,0,0,0,1,1,0,1,1,0,10
BBB,2013B,540511,1,South West Region,HE Qualification,30-40%,35-55,0,60,0,Distinction,13,1,0,1,1,1,1,1,0,1,0,0,0,1,0,5
BBB,2013B,540513,1,North Western Region,A Level or Equivalent,90-100%,0-35,0,75,0,Pass,16,1,1,0,0,1,1,0,0,1,0,1,0,0,1,10
BBB,2013B,540530,1,North Western Region,Lower Than A Level,0-10%,35-55,0,120,0,Fail,7,1,0,0,0,0,0,1,0,1,0,0,0,1,1,3
BBB,2013B,540568,0,North Region,A Level or Equivalent,40-50%,35-55,0,120,0,Withdrawn,8,0,0,1,1,0,0,1,1,0,1,1,1,1,0,3
BBB,2013B,540594,1,West Midlands Region,A Level or Equivalent,0-10%,0-35,0,60,0,Withdrawn,8,0,1,1,0,0,0,0,0,0,1,1,0,0,1,3
BBB,2013B,540607,1,East Anglian Region,Lower Than A Level,80-90%,35-55,0,60,0,Pass,9,0,1,0,0,1,0,1,0,1,1,1,0,0,0,4
BBB,2013B,540614,1,East Anglian Region,A Level or Equivalent,30-40%,0-35,0,120,0,Pass,8,1,1,0,0,0,0,0,1,1,0,0,1,1,1,3
BBB,2013B,540656,1,South Region,A Level or Equivalent,30-40%,0-35,0,120,0,Pass,8,1,1,1,1,1,1,0,1,1,1,1,0,0,0,3
BBB,2013B,540750,1,Wales,Lower Than A Level,0-10%,0-35,0,60,0,Pass,13,1,1,1,1,0,1,1,0,0,0,1,0,1,1,5
BBB,2013B,540767,1,East Midlands Region,Lower Than A Level,60-70%,0-35,0,60,0,Withdrawn,7,1,1,1,1,1,0,1,1,0,1,1,0,0,0,3
BBB,2013B,540780,1,East Anglian Region,A Level or Equivalent,50-60%,35-55,0,60,0,Distinction,14,1,1,1,1,1,1,0,0,0,0,1,1,0,0,5
BBB,2013B,540787,1,South Region,A Level or Equivalent,0-10%,0-35,0,120,0,Withdrawn,8,1,0,0,0,1,0,1,1,0,0,1,1,1,1,3
BBB,2013B,540826,1,East Midlands Region,A Level or Equivalent,20-30%,0-35,0,60,0,Fail,2,0,1,0,1,0,1,0,1,1,0,1,1,0,0,2
BBB,2013B,540918,1,London Region,A Level or Equivalent,20-Oct,0-35,0,60,0,Withdrawn,12,0,0,1,0,1,0,1,0,1,0,0,0,0,1,7
BBB,2013B,540953,1,South Region,Lower Than A Level,50-60%,0-35,0,120,0,Withdrawn,3,0,1,0,1,1,0,1,0,0,0,0,1,1,1,8
BBB,2013B,541013,1,Scotland,HE Qualification,40-50%,35-55,0,60,1,Pass,16,0,1,1,0,0,1,0,1,0,0,0,0,1,1,10
BBB,2013B,541048,1,West Midlands Region,Lower Than A Level,20-Oct,0-35,0,60,0,Fail,5,1,1,1,0,1,0,1,0,1,0,1,0,0,1,9
BBB,2013B,541061,1,South Region,Lower Than A Level,40-50%,0-35,0,60,0,Withdrawn,13,1,1,1,1,0,0,0,1,0,0,1,0,1,0,5
BBB,2013B,541073,1,East Anglian Region,Lower Than A Level,70-80%,0-35,0,60,1,Pass,4,1,1,0,0,1,0,0,1,0,1,0,0,1,1,8
BBB,2013B,541113,1,South West Region,Lower Than A Level,20-Oct,0-35,0,60,0,Pass,3,0,1,0,1,0,1,0,1,1,0,1,1,1,0,8
BBB,2013B,541196,1,East Anglian Region,Lower Than A Level,30-40%,0-35,0,60,1,Withdrawn,7,1,0,0,1,1,0,1,0,0,1,1,0,0,0,3
BBB,2013B,541231,1,West Midlands Region,Lower Than A Level,20-30%,0-35,0,90,0,Fail,7,0,1,0,1,1,0,1,1,0,0,0,1,0,1,3
BBB,2013B,541232,1,East Midlands Region,Lower Than A Level,80-90%,35-55,0,60,0,Pass,5,0,1,1,0,1,0,1,1,1,0,0,1,0,1,9
BBB,2013B,541363,1,Scotland,A Level or Equivalent,50-60%,35-55,0,60,0,Pass,3,0,1,1,1,0,0,0,0,0,0,1,1,1,1,8
BBB,2013B,541523,1,South East Region,Lower Than A Level,50-60%,0-35,0,60,0,Pass,5,0,1,0,1,0,0,0,1,1,1,1,1,0,1,9
BBB,2013B,541573,1,West Midlands Region,A Level or Equivalent,0-10%,0-35,0,60,0,Withdrawn,2,0,1,0,0,0,0,1,1,1,0,0,1,0,1,2
BBB,2013B,541697,1,North Western Region,No Formal quals,0-10%,0-35,0,60,0,Pass,9,1,0,1,0,1,0,1,1,1,1,1,1,0,0,4
BBB,2013B,541706,1,Wales,A Level or Equivalent,70-80%,0-35,0,120,0,Fail,1,0,1,1,1,1,0,1,1,1,1,0,1,0,1,2
BBB,2013B,541709,1,Yorkshire Region,Lower Than A Level,20-Oct,0-35,0,120,0,Withdrawn,5,0,1,1,0,1,0,0,0,1,1,1,1,0,1,9
BBB,2013B,541727,1,South East Region,A Level or Equivalent,20-30%,0-35,0,60,0,Withdrawn,13,1,1,0,0,0,0,1,1,1,1,1,1,1,1,5
BBB,2013B,541763,1,Ireland,A Level or Equivalent,0-10%,0-35,0,60,0,Fail,1,0,0,0,0,1,0,1,1,1,0,0,1,0,1,2
BBB,2013B,541764,1,North Region,A Level or Equivalent,30-40%,0-35,0,60,0,Pass,3,0,1,1,0,1,1,1,0,0,1,0,1,1,0,8
BBB,2013B,541794,1,North Western Region,A Level or Equivalent,70-80%,0-35,0,60,0,Pass,7,1,1,1,1,0,1,1,1,0,1,1,1,0,1,3
BBB,2013B,541803,0,Wales,HE Qualification,20-30%,0-35,0,60,0,Fail,4,0,1,1,1,1,0,0,0,0,1,0,0,0,1,8
BBB,2013B,541808,1,East Anglian Region,A Level or Equivalent,50-60%,35-55,0,60,0,Pass,6,0,1,0,1,0,1,1,1,1,1,1,1,0,0,9
BBB,2013B,541822,1,Yorkshire Region,A Level or Equivalent,0-10%,0-35,0,120,0,Distinction,3,1,0,1,0,0,0,1,0,1,1,0,1,1,0,8
BBB,2013B,541832,1,East Anglian Region,A Level or Equivalent,60-70%,0-35,0,60,0,Fail,16,1,1,0,1,1,0,0,0,0,1,0,0,0,0,10
BBB,2013B,541838,0,West Midlands Region,Lower Than A Level,0-10%,0-35,0,60,0,Withdrawn,14,1,0,0,0,1,0,1,1,0,1,0,1,0,0,5
BBB,2013B,541884,1,Scotland,Lower Than A Level,20-Oct,0-35,0,60,0,Fail,7,0,0,1,1,1,1,1,0,0,0,0,0,1,0,3
BBB,2013B,541973,1,South Region,Lower Than A Level,50-60%,0-35,0,60,0,Fail,13,1,1,1,0,1,1,0,0,0,1,0,0,0,0,5
BBB,2013B,541985,1,South Region,A Level or Equivalent,60-70%,0-35,0,60,0,Withdrawn,8,1,1,0,1,0,1,1,0,0,0,0,1,1,0,3
BBB,2013B,542010,0,Wales,A Level or Equivalent,0-10%,35-55,0,120,0,Withdrawn,6,1,1,1,0,1,1,1,0,1,0,0,0,1,0,9
BBB,2013B,542012,1,East Midlands Region,Lower Than A Level,50-60%,0-35,0,60,0,Fail,10,0,0,1,1,0,0,1,1,1,1,1,0,0,1,1
BBB,2013B,542081,1,North Western Region,Lower Than A Level,0-10%,0-35,0,120,0,Withdrawn,14,0,1,0,1,0,1,0,0,1,1,0,0,1,1,5
BBB,2013B,542084,1,Wales,Lower Than A Level,40-50%,0-35,0,60,0,Pass,1,0,0,0,0,1,0,0,0,0,0,0,0,0,0,2
BBB,2013B,542115,1,London Region,Lower Than A Level,30-40%,35-55,0,60,0,Fail,1,0,1,0,0,0,1,0,0,1,1,0,0,0,0,2
BBB,2013B,542172,1,London Region,A Level or Equivalent,0-10%,0-35,0,60,0,Withdrawn,4,0,1,0,0,0,1,1,0,0,1,1,0,1,0,8
BBB,2013B,542259,1,Scotland,Lower Than A Level,0-10%,35-55,0,60,1,Withdrawn,14,0,1,0,0,0,0,1,1,0,1,1,0,0,1,5
BBB,2013B,542260,1,Wales,Lower Than A Level,0-10%,35-55,0,60,1,Fail,15,1,0,1,1,1,1,1,0,0,1,1,1,0,0,10
BBB,2013B,542291,1,South East Region,HE Qualification,70-80%,0-35,0,60,0,Pass,1,0,0,1,0,1,1,0,1,0,1,1,1,1,1,2
BBB,2013B,542396,1,South Region,Lower Than A Level,20-30%,35-55,0,60,0,Withdrawn,3,0,1,0,1,1,0,0,1,0,1,1,0,1,1,8
BBB,2013B,542543,1,East Anglian Region,A Level or Equivalent,30-40%,0-35,0,60,0,Fail,16,0,0,0,0,1,1,1,1,1,1,1,0,0,1,10
BBB,2013B,542562,1,South East Region,A Level or Equivalent,60-70%,0-35,0,150,1,Withdrawn,1,1,0,1,1,0,1,1,0,1,0,1,0,1,0,2
BBB,2013B,542602,1,North Western Region,Lower Than A Level,0-10%,0-35,0,120,0,Withdrawn,2,0,0,0,1,1,1,1,0,0,1,0,1,1,0,2
BBB,2013B,542613,1,South West Region,Lower Than A Level,30-40%,35-55,0,60,0,Pass,3,0,1,1,0,0,1,0,1,1,1,0,0,1,0,8
BBB,2013B,542622,1,North Western Region,Lower Than A Level,30-40%,35-55,0,60,0,Fail,11,1,0,1,1,1,0,1,0,1,0,0,0,0,0,6
BBB,2013B,542663,1,North Region,Lower Than A Level,50-60%,0-35,0,60,0,Fail,10,1,0,1,0,0,0,1,1,0,1,0,1,0,1,1
BBB,2013B,542687,1,North Western Region,Lower Than A Level,0-10%,0-35,0,60,0,Fail,11,1,0,0,0,1,1,0,1,0,0,1,1,0,1,6
BBB,2013B,542692,1,West Midlands Region,Lower Than A Level,0-10%,0-35,0,60,0,Fail,2,1,0,1,0,1,0,1,1,1,0,0,0,1,0,2
BBB,2013B,542745,1,East Anglian Region,HE Qualification,30-40%,35-55,0,60,0,Fail,16,1,1,1,0,0,1,0,0,0,1,1,1,1,0,10
BBB,2013B,542748,1,South East Region,Lower Than A Level,50-60%,0-35,0,60,0,Distinction,14,0,0,1,0,0,0,0,0,1,0,0,0,0,1,5
BBB,2013B,542760,1,East Anglian Region,A Level or Equivalent,90-100%,0-35,0,60,0,Withdrawn,2,1,0,1,1,0,1,1,0,0,1,0,1,1,1,2
BBB,2013B,542991,1,Wales,A Level or Equivalent,20-30%,0-35,0,60,0,Fail,13,0,1,0,0,0,1,1,0,0,0,0,0,0,1,5
BBB,2013B,543124,1,Wales,A Level or Equivalent,40-50%,0-35,0,60,1,Pass,8,0,1,1,0,1,1,1,0,1,0,0,1,1,0,3
BBB,2013B,543140,1,South West Region,Lower Than A Level,20-Oct,0-35,0,60,0,Fail,9,0,0,0,1,1,1,1,1,0,1,0,0,0,0,4
BBB,2013B,543165,0,London Region,A Level or Equivalent,60-70%,0-35,0,120,1,Pass,3,1,1,1,1,0,0,0,0,0,0,0,0,1,1,8
BBB,2013B,543180,1,Wales,Lower Than A Level,0-10%,0-35,0,60,1,Pass,8,0,1,0,0,0,0,1,1,1,1,0,0,0,0,3
BBB,2013B,543199,1,West Midlands Region,A Level or Equivalent,20-Oct,0-35,0,60,0,Withdrawn,11,1,1,1,1,1,1,0,1,1,1,0,1,1,1,6
BBB,2013B,543351,1,London Region,No Formal quals,20-30%,0-35,0,60,0,Pass,5,1,0,1,0,1,1,0,0,0,1,0,1,0,0,9
BBB,2013B,543356,1,Ireland,Lower Than A Level,20-Oct,35-55,0,120,0,Pass,12,1,1,0,1,0,1,1,1,1,0,0,1,1,1,7
BBB,2013B,543365,1,West Midlands Region,A Level or Equivalent,0-10%,0-35,0,60,0,Withdrawn,1,0,1,0,1,1,1,0,0,1,1,0,1,0,1,2
BBB,2013B,543408,1,East Midlands Region,Lower Than A Level,20-30%,0-35,0,120,0,Withdrawn,10,0,1,1,0,0,1,0,0,0,0,0,0,0,1,1
BBB,2013B,543465,1,North Region,Lower Than A Level,20-30%,0-35,0,60,0,Fail,8,0,0,0,1,0,1,1,1,1,0,0,1,1,0,3
BBB,2013B,543473,1,South East Region,Lower Than A Level,80-90%,35-55,0,90,0,Pass,10,1,0,0,1,1,0,0,1,1,1,0,1,1,0,1
BBB,2013B,543533,1,South East Region,Lower Than A Level,30-40%,0-35,0,60,0,Withdrawn,2,0,1,0,0,1,0,1,0,0,1,1,1,0,0,2
BBB,2013B,543630,1,North Region,A Level or Equivalent,20-30%,0-35,0,60,0,Fail,11,1,0,0,0,0,1,1,0,0,0,0,0,1,1,6
BBB,2013B,543719,1,South Region,A Level or Equivalent,60-70%,0-35,0,60,0,Pass,10,1,1,0,1,0,1,1,1,0,1,0,1,1,1,1
BBB,2013B,543853,1,West Midlands Region,Lower Than A Level,0-10%,0-35,0,120,0,Pass,5,0,0,0,0,1,1,1,0,1,0,0,0,0,1,9
BBB,2013B,543864,1,Scotland,Lower Than A Level,20-Oct,0-35,0,60,0,Fail,5,0,0,1,0,1,1,0,1,0,0,1,0,1,0,9
BBB,2013B,543896,1,South East Region,A Level or Equivalent,0-10%,0-35,0,60,0,Withdrawn,11,0,1,1,1,0,1,1,1,0,0,1,1,1,0,6
BBB,2013B,543926,1,London Region,Lower Than A Level,20-30%,0-35,0,180,0,Withdrawn,14,1,1,0,1,1,1,0,0,0,1,0,0,1,1,5
BBB,2013B,543970,1,Scotland,Lower Than A Level,0-10%,0-35,0,60,0,Fail,9,0,0,0,0,0,1,0,0,1,1,0,0,1,1,4
BBB,2013B,544017,1,Ireland,A Level or Equivalent,60-70%,0-35,0,60,0,Fail,11,0,1,1,0,1,0,1,1,1,0,0,0,0,0,6
BBB,2013B,544186,0,South Region,Lower Than A Level,80-90%,0-35,0,60,0,Distinction,2,0,0,1,0,0,0,1,0,1,1,0,1,0,1,2
BBB,2013B,544351,1,North Region,Lower Than A Level,,0-35,0,120,0,Fail,10,1,0,1,1,1,0,1,1,0,1,0,1,1,0,1
BBB,2013B,544408,1,East Midlands Region,A Level or Equivalent,30-40%,0-35,0,60,0,Fail,12,1,0,1,0,0,0,1,0,1,1,1,0,1,0,7
BBB,2013B,544435,1,West Midlands Region,A Level or Equivalent,50-60%,0-35,0,60,0,Withdrawn,14,0,0,0,1,0,1,0,1,0,1,0,1,1,1,5
BBB,2013B,544444,1,Wales,Lower Than A Level,0-10%,35-55,0,60,0,Withdrawn,3,0,0,0,0,1,0,0,0,1,1,1,0,1,0,8
BBB,2013B,544455,1,North Western Region,Lower Than A Level,0-10%,0-35,0,60,0,Pass,6,0,1,1,0,0,1,0,0,1,1,0,0,0,1,9
BBB,2013B,544491,1,West Midlands Region,Lower Than A Level,20-Oct,0-35,0,60,0,Withdrawn,1,0,0,0,1,1,0,0,0,0,0,0,0,1,0,2
BBB,2013B,544500,1,Wales,HE Qualification,0-10%,35-55,0,60,0,Fail,3,0,0,1,1,0,0,1,1,1,0,1,0,1,1,8
BBB,2013B,544519,1,North Region,Lower Than A Level,0-10%,0-35,0,60,0,Fail,16,0,0,0,1,0,1,0,1,1,0,0,0,1,0,10
BBB,2013B,544532,1,West Midlands Region,Lower Than A Level,40-50%,0-35,0,60,0,Pass,9,0,0,0,0,1,1,0,1,0,1,1,0,1,0,4
BBB,2013B,544627,1,East Anglian Region,Lower Than A Level,90-100%,0-35,0,60,0,Withdrawn,8,1,1,1,0,1,1,0,1,1,1,1,1,1,0,3
BBB,2013B,544632,1,East Anglian Region,A Level or Equivalent,50-60%,0-35,0,120,1,Pass,13,0,1,1,0,1,0,0,0,1,1,1,1,0,1,5
BBB,2013B,544639,1,London Region,Lower Than A Level,20-Oct,0-35,0,60,0,Fail,12,0,1,1,1,0,0,1,0,0,1,0,1,1,1,7
BBB,2013B,544642,1,East Anglian Region,A Level or Equivalent,50-60%,0-35,0,60,0,Pass,14,0,0,0,0,0,0,0,0,1,1,0,1,1,0,5
BBB,2013B,544686,1,London Region,Lower Than A Level,20-Oct,0-35,0,60,0,Withdrawn,14,0,1,0,1,1,0,0,1,1,1,1,0,0,0,5
BBB,2013B,544741,1,West Midlands Region,A Level or Equivalent,0-10%,0-35,0,60,0,Pass,4,1,1,0,1,1,1,1,1,0,0,0,1,1,1,8
BBB,2013B,544796,1,South Region,Lower Than A Level,90-100%,0-35,0,60,0,Withdrawn,9,0,1,0,0,0,0,0,0,0,0,0,1,0,0,4
BBB,2013B,544848,1,South East Region,Lower Than A Level,30-40%,0-35,0,60,0,Pass,12,1,1,1,1,1,0,1,1,0,0,0,1,1,1,7
BBB,2013B,544859,1,North Western Region,A Level or Equivalent,20-30%,35-55,0,60,0,Fail,4,1,0,1,1,0,0,1,1,0,1,1,1,0,0,8
BBB,2013B,544881,1,South Region,A Level or Equivalent,90-100%,0-35,0,120,0,Pass,2,0,1,0,1,1,0,1,1,0,0,1,1,1,1,2
BBB,2013B,544890,1,West Midlands Region,A Level or Equivalent,80-90%,0-35,0,60,0,Pass,16,1,0,0,1,0,0,1,0,0,1,0,1,0,0,10
BBB,2013B,544978,1,North Western Region,A Level or Equivalent,40-50%,35-55,0,60,0,Fail,6,1,0,1,1,0,1,0,1,0,0,1,1,0,0,9
BBB,2013B,544989,0,West Midlands Region,A Level or Equivalent,40-50%,35-55,0,60,0,Fail,10,0,1,1,1,0,1,1,0,1,0,1,0,0,1,1
BBB,2013B,545001,1,West Midlands Region,A Level or Equivalent,20-30%,0-35,0,60,0,Withdrawn,1,1,1,0,1,0,0,0,1,0,0,1,0,0,0,2
BBB,2013B,545041,0,East Anglian Region,A Level or Equivalent,40-50%,0-35,0,60,0,Fail,8,0,0,1,1,0,0,1,0,0,1,1,1,1,0,3
BBB,2013B,545072,1,East Anglian Region,Lower Than A Level,60-70%,0-35,0,60,0,Fail,11,0,1,0,0,0,0,1,0,0,0,0,0,0,1,6
BBB,2013B,545191,1,East Anglian Region,HE Qualification,90-100%,0-35,0,60,0,Pass,5,0,0,1,0,0,1,1,1,0,1,1,0,0,1,9
BBB,2013B,545219,1,North Region,Lower Than A Level,0-10%,0-35,0,120,0,Withdrawn,13,0,1,1,0,1,0,0,0,0,0,0,0,0,0,5
BBB,2013B,545223,1,East Midlands Region,Lower Than A Level,0-10%,0-35,0,60,0,Withdrawn,14,1,0,0,0,0,0,0,0,0,1,0,1,0,0,5
BBB,2013B,545240,1,Scotland,A Level or Equivalent,20-30%,0-35,0,60,0,Fail,15,1,1,1,0,0,1,0,1,1,1,1,0,1,0,10
BBB,2013B,545337,0,South West Region,A Level or Equivalent,30-40%,0-35,0,90,0,Withdrawn,15,0,0,1,0,1,0,0,1,1,0,0,0,0,1,10
BBB,2013B,545340,1,Yorkshire Region,Lower Than A Level,0-10%,0-35,0,60,0,Fail,12,0,0,0,1,1,0,0,0,0,1,1,0,0,1,7
BBB,2013B,545376,0,South East Region,Lower Than A Level,80-90%,0-35,0,90,0,Withdrawn,13,0,1,1,0,0,1,1,0,1,0,1,0,1,1,5
BBB,2013B,545381,1,West Midlands Region,Lower Than A Level,20-30%,0-35,0,60,0,Fail,5,0,1,1,1,1,0,0,0,1,1,1,1,1,0,9
BBB,2013B,545392,1,Yorkshire Region,A Level or Equivalent,20-Oct,0-35,0,60,0,Pass,5,1,0,1,0,0,1,0,0,0,0,0,1,0,0,9
BBB,2013B,545480,1,London Region,A Level or Equivalent,0-10%,35-55,0,60,0,Withdrawn,8,0,0,0,1,1,0,1,1,1,1,1,1,1,0,3
BBB,2013B,545514,1,London Region,Lower Than A Level,50-60%,0-35,0,60,0,Withdrawn,11,1,1,1,0,1,1,1,1,1,0,0,0,0,0,6
BBB,2013B,545521,0,South Region,Lower Than A Level,30-40%,35-55,0,60,1,Withdrawn,1,1,0,1,1,0,0,1,0,0,0,0,0,0,0,2
BBB,2013B,545658,1,Wales,HE Qualification,30-40%,35-55,0,60,0,Pass,8,1,1,0,0,0,1,0,0,0,1,0,1,1,1,3
BBB,2013B,545697,1,South West Region,Lower Than A Level,50-60%,0-35,0,60,1,Pass,10,1,0,0,0,0,1,1,1,0,1,0,0,1,1,1
BBB,2013B,545702,1,East Anglian Region,Lower Than A Level,20-30%,0-35,0,60,0,Pass,10,0,0,0,1,0,1,0,1,0,1,0,0,0,0,1
BBB,2013B,545725,1,Scotland,HE Qualification,20-Oct,0-35,0,60,0,Withdrawn,12,0,1,1,0,0,1,0,1,1,0,0,0,1,1,7
BBB,2013B,545780,0,Scotland,Lower Than A Level,0-10%,35-55,0,60,0,Fail,3,0,0,1,1,0,1,0,0,1,0,1,1,0,1,8
BBB,2013B,545799,1,London Region,A Level or Equivalent,30-40%,0-35,0,60,0,Withdrawn,8,0,1,0,1,1,0,0,0,1,0,1,0,0,0,3
BBB,2013B,545803,1,Ireland,HE Qualification,0-10%,0-35,0,120,0,Fail,11,0,1,0,0,0,0,1,1,0,1,1,0,0,0,6
BBB,2013B,545896,1,North Western Region,A Level or Equivalent,20-30%,0-35,0,120,0,Withdrawn,7,1,1,1,0,1,1,1,0,0,0,1,0,0,0,3
BBB,2013B,545927,0,South East Region,Lower Than A Level,20-Oct,35-55,0,120,0,Withdrawn,4,0,1,1,0,1,1,1,1,0,0,1,1,1,0,8
BBB,2013B,546015,1,West Midlands Region,Lower Than A Level,50-60%,35-55,0,60,0,Withdrawn,2,1,1,0,1,1,1,0,0,1,0,0,1,1,0,2
BBB,2013B,546019,1,Wales,Lower Than A Level,70-80%,0-35,0,60,0,Fail,1,1,0,0,1,1,1,0,1,0,0,1,0,1,1,2
BBB,2013B,546052,1,South Region,Lower Than A Level,90-100%,35-55,0,120,0,Distinction,1,0,0,1,1,1,0,1,0,1,1,0,1,0,1,2
BBB,2013B,546136,1,London Region,No Formal quals,20-30%,0-35,0,60,0,Withdrawn,15,1,1,1,1,1,0,0,1,1,0,0,1,0,0,10
BBB,2013B,546157,1,Wales,A Level or Equivalent,20-30%,0-35,0,60,0,Pass,5,0,0,0,0,1,0,1,0,1,1,0,0,1,1,9
BBB,2013B,546202,1,South Region,Lower Than A Level,70-80%,0-35,0,60,0,Fail,8,1,1,1,1,0,1,0,1,0,0,1,0,0,1,3
BBB,2013B,546322,1,East Anglian Region,Lower Than A Level,30-40%,0-35,0,60,0,Pass,9,0,0,1,1,0,0,1,0,1,1,1,0,0,1,4
BBB,2013B,546333,1,East Anglian Region,Lower Than A Level,20-30%,35-55,0,60,1,Withdrawn,16,0,1,0,0,1,1,0,0,0,1,1,1,1,1,10
BBB,2013B,546407,1,Scotland,Lower Than A Level,0-10%,35-55,0,60,0,Pass,7,1,0,1,1,1,1,1,0,0,1,0,0,1,1,3
BBB,2013B,546428,1,South East Region,Lower Than A Level,40-50%,0-35,0,60,0,Pass,15,0,0,1,1,1,0,0,0,1,1,1,1,0,0,10
BBB,2013B,546455,0,Wales,A Level or Equivalent,40-50%,35-55,0,60,0,Fail,12,1,0,1,0,0,1,0,1,1,1,0,0,1,0,7
BBB,2013B,546500,1,North Western Region,A Level or Equivalent,0-10%,0-35,0,60,0,Fail,9,0,0,0,1,1,1,0,0,1,1,0,1,0,0,4
BBB,2013B,546533,1,Scotland,Lower Than A Level,90-100%,0-35,0,60,0,Fail,11,1,1,1,0,0,1,0,1,1,1,1,1,1,1,6
BBB,2013B,546609,1,Scotland,HE Qualification,70-80%,35-55,0,60,0,Pass,10,1,0,1,0,1,1,1,0,1,0,0,1,1,0,1
BBB,2013B,546632,1,East Midlands Region,A Level or Equivalent,40-50%,0-35,0,60,0,Pass,5,0,1,0,0,0,1,0,1,0,1,0,1,1,1,9
BBB,2013B,546681,1,North Western Region,Lower Than A Level,50-60%,0-35,0,60,0,Fail,2,1,1,0,0,1,1,0,0,0,1,0,0,0,1,2
BBB,2013B,546685,1,Wales,A Level or Equivalent,30-40%,0-35,0,60,0,Pass,4,1,1,0,1,1,1,1,0,0,0,1,1,0,1,8
BBB,2013B,546749,1,East Midlands Region,A Level or Equivalent,30-40%,0-35,0,60,0,Distinction,8,0,0,0,1,1,0,0,1,0,0,1,0,1,0,3
BBB,2013B,546786,1,East Anglian Region,Lower Than A Level,0-10%,0-35,0,60,0,Withdrawn,9,1,1,0,0,1,1,1,1,1,1,0,1,0,0,4
BBB,2013B,546811,1,East Anglian Region,Lower Than A Level,50-60%,0-35,0,120,0,Pass,12,1,1,0,0,1,0,0,0,0,0,0,1,1,0,7
BBB,2013B,546837,1,London Region,A Level or Equivalent,20-Oct,0-35,0,60,0,Pass,1,1,0,0,0,0,1,0,1,0,0,0,1,1,1,2
BBB,2013B,546843,1,London Region,A Level or Equivalent,20-30%,35-55,0,60,0,Fail,13,1,1,1,1,1,1,1,1,1,0,0,0,1,1,5
BBB,2013B,546892,1,West Midlands Region,A Level or Equivalent,0-10%,0-35,0,60,0,Withdrawn,14,1,1,0,0,1,1,0,0,0,1,0,1,0,0,5
BBB,2013B,546909,1,London Region,Lower Than A Level,20-Oct,35-55,0,60,1,Fail,4,1,0,0,1,1,0,1,0,0,0,0,1,0,1,8
BBB,2013B,546921,0,Wales,HE Qualification,60-70%,0-35,0,180,0,Pass,6,0,1,1,1,0,1,1,0,1,0,1,0,1,1,9
BBB,2013B,546941,1,South Region,A Level or Equivalent,80-90%,0-35,0,120,0,Withdrawn,9,1,1,1,0,1,0,0,0,0,0,1,1,1,0,4
BBB,2013B,546947,1,London Region,HE Qualification,20-30%,0-35,0,60,0,Withdrawn,2,1,1,0,1,1,1,0,1,0,0,0,0,1,1,2
BBB,2013B,546958,1,West Midlands Region,A Level or Equivalent,60-70%,0-35,0,60,0,Fail,6,1,1,0,0,1,1,1,0,0,0,0,0,1,1,9
BBB,2013B,547052,1,London Region,A Level or Equivalent,0-10%,0-35,0,150,0,Withdrawn,3,1,0,0,1,1,1,1,0,1,0,1,0,0,0,8
BBB,2013B,547165,1,South West Region,A Level or Equivalent,20-30%,0-35,0,60,0,Fail,4,1,1,1,0,1,0,1,0,1,0,1,1,0,0,8
BBB,2013B,547192,1,South Region,A Level or Equivalent,40-50%,0-35,0,60,0,Pass,8,0,0,0,0,0,1,1,1,0,0,0,1,0,0,3
BBB,2013B,547259,1,East Anglian Region,Lower Than A Level,20-Oct,0-35,0,60,0,Distinction,4,0,0,1,1,0,1,0,1,0,0,1,0,1,0,8
BBB,2013B,547267,0,North Western Region,Lower Than A Level,0-10%,0-35,0,120,0,Withdrawn,6,0,1,1,0,0,0,0,1,0,1,1,1,0,1,9
BBB,2013B,547303,1,North Western Region,Lower Than A Level,80-90%,0-35,0,60,0,Withdrawn,4,0,1,1,1,0,0,1,0,0,0,0,1,1,1,8
BBB,2013B,547372,1,Wales,Lower Than A Level,20-30%,0-35,0,60,0,Fail,13,0,0,1,1,0,0,0,0,0,1,1,0,0,0,5
BBB,2013B,547390,1,London Region,Lower Than A Level,20-30%,0-35,0,60,0,Pass,10,0,0,0,0,0,1,0,0,1,0,1,1,0,0,1
BBB,2013B,547403,1,East Anglian Region,A Level or Equivalent,80-90%,0-35,0,60,0,Pass,11,1,0,0,0,1,0,1,0,0,0,0,1,1,1,6
BBB,2013B,547409,1,London Region,Lower Than A Level,20-Oct,0-35,0,60,0,Fail,12,1,0,1,0,0,1,0,0,1,1,0,1,1,0,7
BBB,2013B,547427,1,Wales,Lower Than A Level,0-10%,0-35,0,60,0,Pass,15,0,1,0,0,0,0,1,0,1,0,1,0,0,0,10
BBB,2013B,547466,1,South West Region,Lower Than A Level,20-Oct,35-55,0,60,0,Pass,3,0,1,0,1,1,1,1,0,1,0,0,1,0,0,8
BBB,2013B,547472,0,London Region,Lower Than A Level,60-70%,35-55,0,60,0,Withdrawn,2,1,0,0,0,0,0,1,1,1,0,1,1,1,1,2
BBB,2013B,547620,1,North Western Region,A Level or Equivalent,40-50%,35-55,0,60,0,Fail,8,0,0,0,1,1,0,1,0,0,0,0,0,1,1,3
BBB,2013B,547663,1,South Region,Lower Than A Level,90-100%,0-35,0,60,0,Fail,2,0,1,0,1,1,0,0,1,1,0,1,0,0,0,2
BBB,2013B,547689,1,Wales,Lower Than A Level,70-80%,0-35,0,120,0,Pass,2,1,1,0,0,0,1,0,1,1,0,0,1,0,1,2
BBB,2013B,547690,1,West Midlands Region,A Level or Equivalent,30-40%,35-55,0,60,0,Pass,2,1,1,0,1,0,0,0,0,1,1,1,1,0,1,2
BBB,2013B,547697,1,East Anglian Region,A Level or Equivalent,70-80%,0-35,0,60,0,Pass,3,0,0,1,0,1,0,0,0,1,1,0,1,0,1,8
BBB,2013B,547755,1,Wales,Lower Than A Level,90-100%,35-55,0,120,0,Withdrawn,5,1,1,1,0,0,1,1,1,1,0,0,0,1,1,9
BBB,2013B,547757,0,South West Region,A Level or Equivalent,40-50%,0-35,0,60,0,Distinction,6,0,0,1,1,0,0,0,1,0,1,0,0,1,0,9
BBB,2013B,547841,1,West Midlands Region,A Level or Equivalent,30-40%,0-35,0,120,0,Distinction,8,1,0,1,0,0,1,0,1,0,1,1,0,0,1,3
BBB,2013B,547855,1,London Region,Lower Than A Level,40-50%,0-35,0,60,0,Withdrawn,4,0,0,1,1,1,1,1,1,1,1,1,0,1,1,8
BBB,2013B,547873,1,Wales,Lower Than A Level,60-70%,0-35,0,60,1,Pass,16,0,0,1,1,1,0,0,0,1,0,1,0,1,1,10
BBB,2013B,547892,1,Yorkshire Region,A Level or Equivalent,50-60%,0-35,0,60,0,Pass,1,1,0,0,1,0,1,1,1,0,1,0,1,0,0,2
BBB,2013B,547902,1,Ireland,Lower Than A Level,30-40%,0-35,0,60,0,Pass,2,1,1,1,0,0,1,1,1,0,1,1,0,1,1,2
BBB,2013B,547903,1,South East Region,Lower Than A Level,80-90%,35-55,0,60,0,Pass,7,0,1,1,1,0,1,1,0,1,0,0,0,1,1,3
BBB,2013B,548090,1,West Midlands Region,A Level or Equivalent,0-10%,0-35,0,60,0,Distinction,9,1,1,1,1,0,1,0,0,1,1,0,0,1,0,4
BBB,2013B,548097,1,Scotland,Lower Than A Level,60-70%,35-55,0,60,1,Fail,4,0,1,0,1,0,1,1,0,0,0,1,1,0,0,8
BBB,2013B,548106,1,Yorkshire Region,A Level or Equivalent,60-70%,0-35,0,60,0,Withdrawn,5,1,1,1,1,1,1,0,1,0,1,0,0,0,1,9
BBB,2013B,548124,1,South Region,A Level or Equivalent,40-50%,35-55,0,60,0,Pass,8,0,1,1,1,0,0,0,1,1,1,0,0,0,1,3
BBB,2013B,548241,0,South Region,HE Qualification,80-90%,0-35,0,120,0,Pass,2,1,1,0,0,0,1,1,1,0,1,0,0,1,1,2
BBB,2013B,548255,1,South West Region,A Level or Equivalent,90-100%,35-55,0,60,0,Distinction,7,1,0,1,1,1,1,0,1,1,1,1,1,1,0,3
BBB,2013B,548275,1,East Anglian Region,A Level or Equivalent,30-40%,0-35,0,120,0,Pass,3,0,0,1,1,0,1,0,0,0,1,1,1,1,0,8
BBB,2013B,548307,1,London Region,A Level or Equivalent,30-40%,0-35,0,120,0,Fail,6,0,0,1,0,0,1,0,0,1,1,1,1,0,0,9
BBB,2013B,548321,1,South West Region,A Level or Equivalent,30-40%,0-35,0,60,0,Withdrawn,2,0,0,0,1,1,0,1,0,1,1,0,0,1,1,2
BBB,2013B,548334,1,South East Region,A Level or Equivalent,60-70%,35-55,0,60,0,Pass,3,1,0,1,1,1,1,0,1,1,0,1,0,0,0,8
BBB,2013B,548344,0,South Region,Lower Than A Level,50-60%,35-55,0,60,0,Fail,16,1,0,0,1,0,1,1,1,1,0,0,0,0,0,10
BBB,2013B,548355,1,South East Region,A Level or Equivalent,20-30%,0-35,0,60,0,Withdrawn,8,1,1,1,1,0,1,0,1,1,0,1,0,0,1,3
BBB,2013B,548403,1,London Region,A Level or Equivalent,20-30%,0-35,0,60,0,Fail,7,0,1,1,0,0,1,0,1,0,1,0,0,0,1,3
BBB,2013B,548439,1,East Anglian Region,Lower Than A Level,80-90%,0-35,0,60,0,Pass,7,1,1,1,0,1,0,0,1,0,1,0,1,0,0,3
BBB,2013B,548488,1,South East Region,A Level or Equivalent,50-60%,0-35,0,60,1,Withdrawn,7,1,0,1,0,0,1,0,1,1,1,0,1,1,1,3
BBB,2013B,548504,0,North Western Region,A Level or Equivalent,30-40%,0-35,0,120,0,Distinction,8,0,0,0,1,0,1,0,1,1,1,0,1,0,0,3
BBB,2013B,548520,0,Wales,Lower Than A Level,20-Oct,35-55,0,60,0,Fail,11,0,1,1,1,0,1,1,0,1,1,1,0,1,0,6
BBB,2013B,548585,1,London Region,Lower Than A Level,20-30%,0-35,0,60,0,Withdrawn,14,0,1,0,0,0,1,0,0,1,1,0,1,1,1,5
BBB,2013B,548617,1,London Region,A Level or Equivalent,30-40%,0-35,0,60,0,Distinction,5,0,1,1,1,1,1,0,1,0,1,0,0,0,0,9
BBB,2013B,548642,1,West Midlands Region,A Level or Equivalent,0-10%,0-35,0,60,0,Withdrawn,13,0,0,1,1,1,0,1,1,1,0,0,0,0,0,5
BBB,2013B,548714,1,South Region,A Level or Equivalent,30-40%,0-35,0,120,0,Pass,3,1,0,0,0,1,0,0,0,1,1,1,0,0,0,8
BBB,2013B,548744,0,West Midlands Region,A Level or Equivalent,30-40%,0-35,0,60,0,Pass,12,0,1,1,1,0,0,0,0,0,1,0,0,1,1,7
BBB,2013B,548791,1,Scotland,HE Qualification,60-70%,35-55,0,60,1,Pass,5,0,1,1,0,1,1,0,1,1,1,0,0,1,1,9
BBB,2013B,548800,1,South Region,A Level or Equivalent,20-30%,0-35,0,120,0,Withdrawn,8,1,0,1,0,1,0,1,1,1,1,0,1,0,0,3
BBB,2013B,548813,1,South Region,Lower Than A Level,80-90%,35-55,0,60,0,Fail,9,0,0,1,0,0,1,0,1,0,1,1,0,1,0,4
BBB,2013B,548831,1,North Western Region,A Level or Equivalent,30-40%,0-35,0,60,0,Withdrawn,16,0,1,1,1,0,0,0,1,1,0,0,1,1,0,10
BBB,2013B,548834,1,South West Region,HE Qualification,60-70%,35-55,0,60,0,Pass,5,1,0,0,0,0,0,0,0,0,1,1,1,1,0,9
BBB,2013B,548838,1,South West Region,HE Qualification,50-60%,35-55,0,60,0,Pass,15,0,0,0,0,0,1,0,1,0,0,1,1,0,0,10
BBB,2013B,548839,0,South West Region,A Level or Equivalent,20-30%,35-55,0,60,0,Pass,12,0,1,1,0,1,0,1,1,0,0,0,1,1,1,7
BBB,2013B,548843,0,South West Region,A Level or Equivalent,20-30%,35-55,0,60,0,Pass,7,0,1,0,0,0,1,1,1,0,0,0,0,1,1,3
BBB,2013B,548871,1,West Midlands Region,A Level or Equivalent,20-Oct,0-35,0,60,0,Fail,13,1,0,0,1,0,0,0,0,1,0,0,1,0,0,5
BBB,2013B,548881,1,South West Region,Lower Than A Level,20-30%,35-55,0,60,0,Withdrawn,8,1,0,0,0,0,0,1,0,1,0,0,0,1,0,3
BBB,2013B,548884,1,Wales,Lower Than A Level,0-10%,0-35,0,120,0,Pass,8,1,1,0,0,0,0,1,1,0,0,1,1,1,1,3
BBB,2013B,548885,1,South East Region,Lower Than A Level,80-90%,0-35,0,60,1,Distinction,12,0,0,1,0,0,0,1,0,1,0,1,1,1,1,7
BBB,2013B,548900,1,East Anglian Region,Lower Than A Level,30-40%,0-35,0,60,0,Withdrawn,16,1,1,0,1,0,1,1,1,0,1,1,1,1,1,10
BBB,2013B,548921,1,South West Region,Lower Than A Level,50-60%,0-35,0,60,0,Pass,10,1,0,0,1,0,1,1,0,1,1,0,0,0,1,1
BBB,2013B,548924,1,East Anglian Region,HE Qualification,30-40%,0-35,0,60,0,Fail,1,1,0,1,1,0,0,0,0,1,1,1,1,0,0,2
BBB,2013B,548935,1,Ireland,A Level or Equivalent,20-30%,35-55,0,60,0,Pass,13,0,0,0,1,1,1,0,0,1,1,0,1,1,1,5
BBB,2013B,548954,1,East Anglian Region,A Level or Equivalent,70-80%,0-35,0,60,0,Pass,8,1,1,1,0,1,0,1,0,0,0,0,0,1,0,3
BBB,2013B,548981,1,Yorkshire Region,A Level or Equivalent,0-10%,0-35,0,60,0,Fail,7,1,0,0,0,0,1,1,1,0,0,1,0,0,1,3
BBB,2013B,548990,1,East Anglian Region,A Level or Equivalent,70-80%,0-35,0,90,0,Withdrawn,12,0,0,1,0,0,1,1,1,1,1,0,1,1,0,7
BBB,2013B,549009,1,London Region,No Formal quals,20-Oct,0-35,0,60,0,Withdrawn,15,1,0,1,0,0,0,0,1,0,0,0,0,1,1,10
BBB,2013B,549047,1,South East Region,Lower Than A Level,70-80%,0-35,0,60,0,Pass,10,1,0,0,0,1,1,0,0,0,1,1,0,0,0,1
BBB,2013B,549078,1,London Region,A Level or Equivalent,20-Oct,0-35,0,90,0,Fail,2,1,1,0,1,0,0,1,0,0,1,1,1,0,0,2
BBB,2013B,549106,1,Scotland,A Level or Equivalent,60-70%,0-35,0,60,0,Fail,12,1,0,0,1,0,0,1,1,0,0,1,0,0,0,7
BBB,2013B,549143,1,South West Region,Lower Than A Level,40-50%,0-35,0,60,0,Withdrawn,5,1,0,0,0,1,1,0,0,0,1,0,0,0,0,9
BBB,2013B,549158,1,North Western Region,A Level or Equivalent,20-Oct,0-35,0,60,0,Pass,13,1,0,1,1,0,0,0,1,1,0,1,0,0,0,5
BBB,2013B,549196,1,South Region,A Level or Equivalent,0-10%,0-35,0,120,0,Distinction,15,1,1,1,0,1,1,0,0,0,0,0,1,1,1,10
BBB,2013B,549203,1,London Region,Lower Than A Level,20-30%,0-35,0,60,0,Fail,1,1,1,0,1,0,1,0,0,1,0,1,0,1,1,2
BBB,2013B,549204,1,Yorkshire Region,Lower Than A Level,20-Oct,0-35,0,60,0,Fail,8,0,1,1,0,1,0,1,0,0,0,0,1,0,1,3
BBB,2013B,549261,1,East Anglian Region,HE Qualification,40-50%,35-55,0,60,0,Pass,2,0,0,1,0,1,1,1,1,1,0,0,0,1,0,2
BBB,2013B,549278,1,North Western Region,A Level or Equivalent,0-10%,0-35,0,60,0,Fail,1,1,0,0,1,1,0,0,0,0,1,0,1,1,0,2
BBB,2013B,549352,1,North Western Region,Lower Than A Level,20-Oct,0-35,0,60,0,Withdrawn,13,1,1,1,1,1,1,1,0,0,1,0,1,0,0,5
BBB,2013B,549391,1,South West Region,A Level or Equivalent,80-90%,0-35,0,60,0,Distinction,8,1,0,0,0,0,0,1,1,0,0,0,1,1,1,3
BBB,2013B,549406,1,Scotland,A Level or Equivalent,20-30%,0-35,0,60,0,Fail,10,0,0,1,0,0,1,1,0,1,1,1,0,0,0,1
BBB,2013B,549512,1,North Western Region,Lower Than A Level,60-70%,35-55,0,150,0,Withdrawn,15,0,1,0,0,1,1,0,1,1,0,0,1,0,0,10
BBB,2013B,549563,0,North Region,Lower Than A Level,20-30%,0-35,0,60,0,Withdrawn,1,1,0,0,1,1,0,0,1,0,1,1,1,1,1,2
BBB,2013B,549568,1,South East Region,A Level or Equivalent,20-Oct,0-35,0,60,0,Pass,16,1,0,1,1,1,1,1,0,0,0,1,0,0,1,10
BBB,2013B,549590,1,London Region,Lower Than A Level,20-Oct,0-35,0,60,0,Withdrawn,7,1,0,0,0,0,1,1,1,0,1,0,0,1,1,3
BBB,2013B,549622,1,East Anglian Region,A Level or Equivalent,80-90%,0-35,0,180,0,Withdrawn,14,1,0,1,0,0,0,1,1,1,1,0,0,0,1,5
BBB,2013B,549651,1,London Region,Lower Than A Level,20-Oct,0-35,0,60,0,Pass,1,1,1,0,1,1,1,0,0,0,1,1,1,1,1,2
BBB,2013B,549713,1,West Midlands Region,Lower Than A Level,0-10%,35-55,0,60,1,Withdrawn,2,0,0,1,0,1,0,0,0,1,0,0,0,0,0,2
BBB,2013B,549732,1,Yorkshire Region,A Level or Equivalent,70-80%,0-35,0,60,0,Pass,9,0,0,0,0,1,0,1,0,0,0,0,1,1,0,4
BBB,2013B,549754,1,West Midlands Region,Lower Than A Level,20-Oct,0-35,0,60,0,Pass,15,0,0,0,1,0,0,1,1,0,0,0,0,1,1,10
BBB,2013B,549862,1,South Region,A Level or Equivalent,70-80%,0-35,0,60,0,Pass,13,1,0,0,0,0,0,0,0,0,0,1,1,0,1,5
BBB,2013B,549873,1,North Western Region,A Level or Equivalent,50-60%,0-35,0,60,0,Withdrawn,9,0,1,0,1,1,1,1,0,0,0,1,1,0,0,4
BBB,2013B,549907,1,South West Region,Lower Than A Level,30-40%,0-35,0,60,0,Fail,10,1,1,0,1,0,0,0,0,1,1,1,1,1,0,1
BBB,2013B,550018,1,East Midlands Region,Lower Than A Level,30-40%,35-55,0,60,0,Fail,12,0,0,1,0,0,1,0,0,0,1,1,0,1,1,7
BBB,2013B,550051,1,East Midlands Region,A Level or Equivalent,0-10%,0-35,0,60,0,Withdrawn,2,1,0,0,0,1,0,0,0,1,0,0,1,1,1,2
BBB,2013B,550077,1,West Midlands Region,A Level or Equivalent,90-100%,0-35,0,60,0,Pass,1,0,0,0,1,0,1,1,0,1,0,0,0,1,1,2
BBB,2013B,550098,1,London Region,Lower Than A Level,30-40%,35-55,0,60,0,Fail,12,1,1,1,1,1,1,1,1,1,0,0,0,0,0,7
BBB,2013B,550106,1,East Midlands Region,Lower Than A Level,20-Oct,0-35,0,60,0,Withdrawn,5,1,1,0,1,0,0,0,1,1,1,0,1,1,1,9
BBB,2013B,550163,1,East Anglian Region,Lower Than A Level,50-60%,0-35,0,60,0,Fail,13,1,0,1,1,1,1,0,0,1,0,0,0,1,1,5
BBB,2013B,550208,1,South West Region,Lower Than A Level,20-30%,0-35,0,60,1,Withdrawn,12,0,0,0,0,1,0,0,1,0,0,0,0,0,0,7
BBB,2013B,550209,1,North Western Region,A Level or Equivalent,70-80%,0-35,0,60,0,Pass,11,0,1,1,0,0,0,1,0,0,1,1,0,1,0,6
BBB,2013B,550278,1,North Region,Lower Than A Level,20-Oct,35-55,0,60,0,Withdrawn,16,0,0,0,1,1,0,0,1,1,0,1,1,0,0,10
BBB,2013B,550322,1,East Midlands Region,Lower Than A Level,0-10%,0-35,0,60,0,Fail,6,1,1,1,0,1,1,0,0,0,1,0,0,1,0,9
BBB,2013B,550342,1,London Region,Lower Than A Level,20-30%,0-35,0,60,0,Pass,5,1,1,1,1,1,1,1,1,1,1,0,1,1,0,9
BBB,2013B,550354,1,North Region,A Level or Equivalent,70-80%,0-35,0,60,0,Distinction,7,1,0,1,1,1,1,0,0,0,1,1,1,0,1,3
BBB,2013B,550381,1,East Anglian Region,A Level or Equivalent,70-80%,0-35,0,60,1,Pass,2,1,0,1,1,1,0,0,0,0,0,0,0,0,1,2
BBB,2013B,550400,1,East Anglian Region,A Level or Equivalent,50-60%,0-35,0,60,1,Fail,15,0,0,0,1,1,0,1,0,0,1,1,0,0,0,10
BBB,2013B,550403,1,South West Region,A Level or Equivalent,20-30%,35-55,0,60,0,Pass,10,0,0,0,0,0,0,0,0,0,1,1,1,1,0,1
BBB,2013B,550428,1,East Midlands Region,A Level or Equivalent,80-90%,35-55,0,60,0,Fail,6,0,0,0,1,0,0,0,0,1,1,1,1,1,0,9
BBB,2013B,550429,1,East Midlands Region,A Level or Equivalent,40-50%,35-55,0,60,0,Fail,8,0,0,1,0,1,1,0,0,0,1,0,1,1,1,3
BBB,2013B,550520,1,Wales,Lower Than A Level,60-70%,0-35,0,60,0,Pass,15,1,0,1,1,1,1,1,0,0,0,0,0,0,0,10
BBB,2013B,550549,1,Wales,HE Qualification,60-70%,35-55,0,60,0,Pass,13,1,0,1,0,0,1,1,0,0,0,0,0,0,0,5
BBB,2013B,550597,1,London Region,Lower Than A Level,0-10%,0-35,0,60,0,Pass,16,1,1,0,0,1,1,1,1,0,0,0,0,1,1,10
BBB,2013B,550613,1,North Region,Lower Than A Level,,35-55,0,60,0,Pass,11,1,1,1,1,1,0,1,0,0,1,1,0,1,1,6
BBB,2013B,550668,1,West Midlands Region,A Level or Equivalent,0-10%,0-35,0,60,0,Fail,4,1,1,1,1,0,1,0,0,0,0,0,0,0,1,8
BBB,2013B,550676,1,Yorkshire Region,Lower Than A Level,0-10%,0-35,0,60,0,Withdrawn,5,1,1,1,0,1,1,1,0,1,0,0,0,1,0,9
BBB,2013B,550707,0,Wales,A Level or Equivalent,50-60%,35-55,0,120,0,Pass,2,1,0,1,0,0,1,1,0,1,1,1,1,0,1,2
BBB,2013B,550708,1,Wales,HE Qualification,70-80%,0-35,0,120,0,Pass,15,0,0,1,0,1,1,0,1,1,1,1,1,1,0,10
BBB,2013B,550777,0,East Midlands Region,A Level or Equivalent,90-100%,35-55,0,90,0,Withdrawn,2,1,0,0,0,0,0,0,0,1,0,1,0,0,1,2
BBB,2013B,550842,0,North Western Region,A Level or Equivalent,60-70%,35-55,0,60,0,Withdrawn,9,1,0,0,0,1,1,1,0,1,0,0,1,1,0,4
BBB,2013B,550867,1,East Anglian Region,Lower Than A Level,80-90%,0-35,0,60,0,Withdrawn,3,1,1,1,1,0,0,0,1,1,1,1,0,0,0,8
BBB,2013B,550898,1,London Region,A Level or Equivalent,20-Oct,0-35,0,60,1,Fail,15,0,1,0,1,0,1,1,1,0,1,1,1,1,0,10
BBB,2013B,550921,1,Yorkshire Region,Lower Than A Level,0-10%,0-35,0,60,0,Pass,12,1,0,1,0,1,0,1,0,0,0,0,0,1,1,7
BBB,2013B,550923,1,London Region,Lower Than A Level,30-40%,0-35,0,120,0,Pass,3,1,1,1,1,1,0,0,0,0,1,0,0,0,0,8
BBB,2013B,550960,1,Ireland,A Level or Equivalent,60-70%,35-55,0,120,0,Withdrawn,1,0,1,1,0,1,1,1,1,1,0,1,1,1,0,2
BBB,2013B,550963,1,East Midlands Region,A Level or Equivalent,40-50%,0-35,0,60,0,Pass,16,0,0,1,1,1,0,1,1,0,0,1,1,0,0,10
BBB,2013B,551032,1,North Region,A Level or Equivalent,20-Oct,0-35,0,60,0,Fail,16,1,0,1,1,1,1,1,1,1,0,1,0,1,1,10
BBB,2013B,551053,1,Wales,Lower Than A Level,20-Oct,35-55,0,60,1,Withdrawn,9,1,0,1,1,1,0,1,1,1,0,1,1,0,1,4
BBB,2013B,551080,1,East Anglian Region,A Level or Equivalent,20-30%,0-35,0,60,0,Pass,11,0,0,1,1,1,1,0,1,1,0,1,0,1,0,6
BBB,2013B,551129,1,East Anglian Region,A Level or Equivalent,90-100%,0-35,0,60,1,Pass,3,0,0,0,1,1,1,1,1,1,1,1,0,0,0,8
BBB,2013B,551172,1,Scotland,A Level or Equivalent,20-Oct,0-35,0,120,1,Withdrawn,9,1,0,0,1,0,0,0,1,0,1,0,0,1,0,4
BBB,2013B,551274,1,London Region,A Level or Equivalent,20-30%,0-35,0,60,0,Pass,15,1,0,0,1,0,0,1,0,1,1,0,1,0,0,10
BBB,2013B,551282,1,London Region,HE Qualification,40-50%,0-35,0,60,0,Fail,12,1,0,0,0,0,0,1,1,1,1,1,0,0,0,7
BBB,2013B,551480,1,East Anglian Region,A Level or Equivalent,20-Oct,0-35,0,60,0,Pass,2,1,0,0,1,0,0,0,1,1,1,1,0,1,0,2
BBB,2013B,551487,1,Scotland,Lower Than A Level,0-10%,0-35,0,120,0,Pass,6,1,0,0,0,1,1,0,0,1,1,0,0,0,0,9
BBB,2013B,551504,0,Yorkshire Region,A Level or Equivalent,0-10%,0-35,0,60,0,Fail,7,1,0,0,0,0,0,1,1,0,0,1,0,1,0,3
BBB,2013B,551576,1,East Anglian Region,Lower Than A Level,80-90%,35-55,0,60,0,Distinction,8,1,1,1,1,1,0,0,0,0,0,0,1,0,0,3
BBB,2013B,551601,1,North Western Region,Lower Than A Level,0-10%,0-35,0,60,0,Withdrawn,5,0,0,1,1,0,1,0,0,1,0,1,1,0,0,9
BBB,2013B,551655,1,Scotland,Lower Than A Level,50-60%,0-35,0,60,0,Withdrawn,12,0,1,0,0,1,0,1,0,0,0,1,1,1,1,7
BBB,2013B,551702,1,West Midlands Region,A Level or Equivalent,70-80%,0-35,0,60,0,Withdrawn,5,1,1,1,1,0,1,0,0,0,0,0,0,1,1,9
BBB,2013B,551706,1,Scotland,A Level or Equivalent,80-90%,0-35,0,60,0,Pass,14,1,0,1,1,1,1,1,1,0,0,0,0,0,1,5
BBB,2013B,551714,1,Scotland,A Level or Equivalent,70-80%,0-35,0,60,0,Pass,7,0,1,0,1,0,0,1,1,0,1,1,1,1,0,3
BBB,2013B,551715,1,Scotland,HE Qualification,80-90%,0-35,0,60,0,Pass,7,1,1,0,0,1,0,1,1,0,1,0,0,1,1,3
BBB,2013B,551716,1,Scotland,HE Qualification,70-80%,35-55,0,60,0,Pass,2,1,0,0,1,0,0,1,1,1,1,1,0,0,0,2
BBB,2013B,551724,1,London Region,A Level or Equivalent,0-10%,0-35,0,60,0,Withdrawn,4,0,0,1,0,0,1,1,0,1,1,1,0,0,1,8
BBB,2013B,551759,1,West Midlands Region,Lower Than A Level,0-10%,0-35,0,60,0,Fail,16,1,0,1,0,0,0,1,0,1,0,1,0,1,1,10
BBB,2013B,551762,1,East Anglian Region,Lower Than A Level,60-70%,0-35,0,60,0,Withdrawn,4,0,1,0,0,0,0,1,1,1,1,0,1,1,0,8
BBB,2013B,551770,1,Scotland,HE Qualification,30-40%,0-35,0,60,1,Pass,2,0,1,1,1,1,0,0,1,0,0,0,1,0,0,2
BBB,2013B,551886,1,North Region,A Level or Equivalent,0-10%,0-35,0,120,0,Pass,11,0,1,1,0,1,1,1,0,0,1,1,1,1,1,6
BBB,2013B,551891,1,London Region,Lower Than A Level,20-Oct,0-35,0,60,0,Withdrawn,5,0,0,0,1,1,1,0,0,0,0,1,0,0,1,9
BBB,2013B,551895,1,Scotland,A Level or Equivalent,20-30%,0-35,0,60,0,Pass,12,0,1,0,0,0,1,1,0,0,0,0,1,0,1,7
BBB,2013B,551906,1,East Anglian Region,A Level or Equivalent,70-80%,0-35,0,60,0,Withdrawn,2,1,0,0,0,1,1,0,0,0,0,1,1,0,0,2
BBB,2013B,551938,1,North Region,Lower Than A Level,20-Oct,0-35,0,60,0,Pass,10,0,1,1,0,1,0,0,0,0,0,0,1,1,0,1
BBB,2013B,551954,1,Ireland,A Level or Equivalent,,35-55,0,60,0,Pass,8,1,0,1,1,0,1,0,1,1,1,0,0,0,1,3
BBB,2013B,551985,1,London Region,Lower Than A Level,50-60%,0-35,0,60,0,Fail,13,1,1,1,1,1,0,1,0,0,1,1,0,1,1,5
BBB,2013B,552007,1,Yorkshire Region,A Level or Equivalent,70-80%,35-55,0,60,0,Pass,3,0,0,1,0,1,0,1,0,0,1,1,0,0,1,8
BBB,2013B,552017,1,West Midlands Region,HE Qualification,20-30%,35-55,0,60,0,Distinction,16,1,0,0,0,0,1,1,0,0,0,1,0,0,1,10
BBB,2013B,552025,0,North Western Region,A Level or Equivalent,0-10%,0-35,0,60,0,Withdrawn,16,1,0,0,1,1,0,1,0,0,0,0,1,1,1,10
BBB,2013B,552039,1,South East Region,A Level or Equivalent,40-50%,0-35,0,60,1,Distinction,11,1,1,0,1,1,1,0,0,1,0,1,1,0,0,6
BBB,2013B,552056,1,Yorkshire Region,A Level or Equivalent,60-70%,0-35,0,120,0,Withdrawn,7,1,1,0,0,0,1,0,1,1,0,1,0,1,0,3
BBB,2013B,552069,1,Yorkshire Region,A Level or Equivalent,0-10%,0-35,0,60,0,Withdrawn,9,0,1,0,1,0,1,0,1,0,1,1,1,1,0,4
BBB,2013B,552110,1,Yorkshire Region,Lower Than A Level,20-Oct,0-35,0,90,0,Fail,15,1,1,1,1,0,0,1,0,0,0,1,0,1,0,10
BBB,2013B,552135,1,Scotland,A Level or Equivalent,50-60%,35-55,0,60,0,Fail,11,0,1,0,1,1,0,1,1,0,0,0,1,0,1,6
BBB,2013B,552222,1,East Midlands Region,Lower Than A Level,40-50%,0-35,0,60,0,Withdrawn,10,0,1,0,0,0,0,1,0,0,0,0,0,0,0,1
BBB,2013B,552273,0,East Midlands Region,Lower Than A Level,40-50%,0-35,0,60,0,Pass,10,1,0,1,1,0,1,0,1,1,1,0,1,1,1,1
BBB,2013B,552420,1,West Midlands Region,A Level or Equivalent,0-10%,0-35,0,60,0,Withdrawn,11,0,1,1,0,0,0,1,1,0,0,0,1,0,1,6
BBB,2013B,552535,0,West Midlands Region,A Level or Equivalent,40-50%,0-35,0,60,0,Pass,4,1,0,1,1,0,0,0,0,1,1,0,0,1,0,8
BBB,2013B,552640,1,West Midlands Region,Lower Than A Level,20-Oct,0-35,0,60,0,Withdrawn,1,0,1,1,0,0,0,0,1,1,1,1,1,1,1,2
BBB,2013B,552667,0,East Anglian Region,Lower Than A Level,30-40%,35-55,0,60,1,Pass,2,0,1,1,0,0,0,0,1,0,0,1,1,1,1,2
BBB,2013B,552701,0,East Midlands Region,A Level or Equivalent,40-50%,0-35,0,60,0,Pass,11,0,0,0,0,0,1,0,0,1,1,1,1,1,0,6
BBB,2013B,552718,1,East Midlands Region,Lower Than A Level,70-80%,0-35,0,60,0,Fail,8,0,1,0,1,0,0,0,0,1,0,1,1,1,0,3
BBB,2013B,552719,1,North Western Region,A Level or Equivalent,20-30%,0-35,0,60,0,Withdrawn,15,0,1,1,0,0,0,1,0,1,0,1,1,0,0,10
BBB,2013B,552749,0,Scotland,HE Qualification,40-50%,35-55,0,60,1,Fail,3,1,1,0,0,0,0,1,0,0,0,0,0,0,1,8
BBB,2013B,552822,1,South West Region,Lower Than A Level,50-60%,0-35,0,60,0,Pass,6,1,1,0,0,1,0,0,1,0,0,0,0,0,0,9
BBB,2013B,552826,1,South Region,HE Qualification,90-100%,35-55,0,60,0,Pass,16,0,1,1,1,1,1,1,0,0,0,0,0,0,1,10
BBB,2013B,552859,1,North Western Region,Lower Than A Level,60-70%,35-55,0,60,0,Pass,10,0,1,0,1,1,1,0,1,1,1,0,0,1,1,1
BBB,2013B,552894,1,North Western Region,Lower Than A Level,50-60%,0-35,0,60,0,Pass,13,0,1,1,1,0,1,1,0,1,1,1,1,1,0,5
BBB,2013B,552902,0,South West Region,A Level or Equivalent,70-80%,0-35,0,60,0,Pass,5,1,1,0,0,1,1,1,1,0,0,1,0,1,1,9
BBB,2013B,552914,1,London Region,A Level or Equivalent,0-10%,0-35,0,60,0,Fail,14,0,0,1,0,0,0,0,1,0,0,0,0,0,1,5
BBB,2013B,552929,1,South East Region,A Level or Equivalent,40-50%,35-55,0,120,0,Pass,7,0,0,1,0,1,0,1,1,1,0,0,0,0,0,3
BBB,2013B,552939,0,West Midlands Region,A Level or Equivalent,0-10%,0-35,0,60,0,Withdrawn,4,0,0,0,0,1,0,1,1,1,0,0,0,1,1,8
BBB,2013B,552991,0,London Region,Lower Than A Level,40-50%,35-55,0,60,0,Pass,4,1,1,1,1,1,1,0,1,0,1,1,0,0,1,8
BBB,2013B,553047,1,East Anglian Region,Lower Than A Level,60-70%,0-35,0,60,0,Pass,4,1,0,0,1,0,0,0,1,1,1,0,0,1,1,8
BBB,2013B,553125,1,South East Region,A Level or Equivalent,30-40%,35-55,0,120,1,Distinction,3,0,1,1,1,0,0,0,0,0,0,0,0,1,1,8
BBB,2013B,553320,1,Wales,Lower Than A Level,0-10%,35-55,0,60,0,Fail,8,1,1,1,0,1,0,1,0,1,1,1,0,0,0,3
BBB,2013B,553321,1,East Anglian Region,A Level or Equivalent,70-80%,35-55,0,60,0,Distinction,2,1,1,0,0,0,0,0,1,1,0,0,1,0,1,2
BBB,2013B,553442,1,London Region,Lower Than A Level,40-50%,35-55,0,60,0,Pass,8,0,0,1,1,0,1,0,0,0,1,0,0,0,0,3
BBB,2013B,553443,0,Scotland,Lower Than A Level,50-60%,35-55,0,60,0,Fail,11,0,0,1,1,1,0,0,0,1,1,0,1,0,0,6
BBB,2013B,553462,1,Scotland,Lower Than A Level,40-50%,35-55,0,60,0,Pass,15,1,1,0,0,0,1,0,0,1,0,0,1,1,1,10
BBB,2013B,553487,1,South East Region,A Level or Equivalent,60-70%,0-35,0,120,0,Distinction,1,1,0,1,0,1,0,0,0,1,0,0,0,0,0,2
BBB,2013B,553490,1,North Western Region,Lower Than A Level,30-40%,0-35,0,60,0,Fail,4,0,1,1,0,0,0,0,0,1,0,0,1,0,0,8
BBB,2013B,553502,1,West Midlands Region,Lower Than A Level,20-Oct,35-55,0,60,0,Pass,4,0,1,1,1,0,0,1,0,1,0,0,0,1,1,8
BBB,2013B,553508,1,South Region,A Level or Equivalent,30-40%,0-35,0,120,1,Pass,16,1,0,0,0,1,1,0,0,0,0,0,0,0,0,10
BBB,2013B,553520,1,East Anglian Region,A Level or Equivalent,90-100%,0-35,0,60,0,Withdrawn,3,0,1,0,0,1,1,0,0,1,1,0,1,0,0,8
BBB,2013B,553526,1,South Region,Lower Than A Level,50-60%,0-35,0,60,0,Withdrawn,4,0,1,0,1,1,1,1,0,0,0,1,0,0,1,8
BBB,2013B,553572,1,Yorkshire Region,A Level or Equivalent,20-30%,35-55,0,60,0,Pass,12,1,1,1,1,1,0,0,1,0,0,0,1,1,1,7
BBB,2013B,553716,1,West Midlands Region,A Level or Equivalent,0-10%,0-35,0,60,0,Pass,16,0,0,0,0,0,0,1,0,0,1,0,1,0,1,10
BBB,2013B,553729,1,West Midlands Region,Lower Than A Level,0-10%,0-35,0,60,0,Fail,5,0,0,1,1,1,1,1,1,0,0,0,1,0,1,9
BBB,2013B,553755,1,Wales,Lower Than A Level,20-30%,0-35,0,60,0,Fail,14,0,1,0,1,1,0,0,1,1,0,0,1,0,1,5
BBB,2013B,553763,1,Scotland,Lower Than A Level,90-100%,35-55,0,120,0,Fail,9,1,0,0,0,1,1,0,0,1,0,0,1,1,1,4
BBB,2013B,553800,1,London Region,Lower Than A Level,60-70%,0-35,0,90,0,Fail,3,0,0,0,1,0,1,1,1,0,1,1,0,0,1,8
BBB,2013B,553807,1,South East Region,Lower Than A Level,30-40%,35-55,0,60,1,Withdrawn,11,0,0,1,1,0,0,1,0,0,1,0,0,0,0,6
BBB,2013B,553840,1,North Western Region,A Level or Equivalent,30-40%,35-55,0,60,1,Distinction,14,1,1,1,0,1,1,1,1,0,1,0,1,1,1,5
BBB,2013B,553938,1,East Anglian Region,HE Qualification,40-50%,0-35,0,120,0,Withdrawn,6,0,1,0,1,1,1,1,1,1,0,0,1,1,0,9
BBB,2013B,554068,1,East Anglian Region,HE Qualification,80-90%,35-55,0,60,0,Fail,8,0,1,0,0,0,1,0,0,0,0,1,0,1,1,3
BBB,2013B,554083,1,South Region,A Level or Equivalent,50-60%,35-55,0,60,0,Pass,4,1,0,1,1,1,0,1,1,1,0,1,0,1,0,8
BBB,2013B,554139,1,Scotland,HE Qualification,40-50%,0-35,0,60,0,Fail,11,0,1,0,1,0,0,0,0,0,1,1,1,1,1,6
BBB,2013B,554203,1,London Region,No Formal quals,60-70%,0-35,0,60,0,Withdrawn,16,1,1,1,0,0,1,0,0,1,1,0,1,1,1,10
BBB,2013B,554206,1,Wales,Lower Than A Level,20-30%,0-35,0,180,1,Pass,5,1,1,0,0,1,0,1,1,1,0,0,0,1,0,9
BBB,2013B,554226,0,South Region,Lower Than A Level,20-Oct,0-35,0,60,0,Pass,4,0,0,1,0,1,1,0,0,0,0,0,0,0,1,8
BBB,2013B,554249,1,North Region,A Level or Equivalent,80-90%,0-35,0,150,0,Withdrawn,4,0,1,1,1,0,1,1,0,1,0,0,0,0,0,8
BBB,2013B,554290,1,South West Region,Lower Than A Level,40-50%,0-35,0,60,0,Withdrawn,9,1,0,1,0,1,1,1,0,0,1,0,1,0,0,4
BBB,2013B,554294,1,Scotland,A Level or Equivalent,80-90%,0-35,0,60,0,Fail,11,0,0,1,1,1,0,0,0,0,0,0,0,1,1,6
BBB,2013B,554336,1,Yorkshire Region,HE Qualification,30-40%,0-35,0,60,0,Pass,14,0,1,0,0,0,0,1,1,1,1,0,1,0,1,5
BBB,2013B,554344,1,Scotland,Lower Than A Level,30-40%,0-35,0,60,0,Distinction,7,0,1,0,0,1,0,1,0,0,1,0,0,0,1,3
BBB,2013B,554352,1,Wales,Lower Than A Level,70-80%,0-35,0,120,0,Pass,1,1,0,1,0,0,0,0,1,0,1,1,1,0,1,2
BBB,2013B,554362,1,South East Region,A Level or Equivalent,60-70%,0-35,0,60,0,Withdrawn,4,1,0,1,0,1,0,0,0,1,1,1,0,0,0,8
BBB,2013B,554374,1,London Region,A Level or Equivalent,30-40%,0-35,0,120,0,Distinction,3,1,1,1,0,0,1,0,1,0,1,1,0,1,0,8
BBB,2013B,554393,0,West Midlands Region,A Level or Equivalent,20-30%,35-55,0,60,0,Fail,11,1,1,1,1,1,0,0,0,0,0,1,0,1,0,6
BBB,2013B,554454,0,London Region,A Level or Equivalent,30-40%,35-55,0,120,0,Withdrawn,12,0,1,1,0,1,1,0,0,1,1,0,0,1,0,7
BBB,2013B,554482,1,South Region,Lower Than A Level,90-100%,35-55,0,60,0,Withdrawn,14,1,1,1,1,0,0,1,0,1,1,0,0,0,0,5
BBB,2013B,554512,1,London Region,A Level or Equivalent,40-50%,0-35,0,60,0,Withdrawn,6,0,1,1,0,1,1,1,0,0,1,1,1,0,0,9
BBB,2013B,554545,0,Scotland,Lower Than A Level,60-70%,35-55,0,60,0,Withdrawn,16,1,0,0,0,1,1,0,0,0,0,1,1,0,1,10
BBB,2013B,554551,1,South East Region,Lower Than A Level,50-60%,0-35,0,60,0,Fail,2,0,1,1,0,0,0,1,1,1,1,0,0,0,0,2
BBB,2013B,554608,1,Wales,Lower Than A Level,60-70%,35-55,0,120,0,Pass,7,0,0,1,1,1,1,1,0,1,0,1,0,0,0,3
BBB,2013B,554637,1,East Anglian Region,A Level or Equivalent,40-50%,0-35,0,60,0,Withdrawn,11,0,1,1,1,1,0,0,0,0,0,1,0,1,0,6
BBB,2013B,554783,1,North Region,Lower Than A Level,20-Oct,0-35,0,60,0,Withdrawn,2,1,0,1,0,0,0,1,0,1,1,0,0,1,1,2
BBB,2013B,554795,1,South West Region,A Level or Equivalent,0-10%,35-55,0,60,0,Distinction,8,0,0,0,0,1,0,0,0,0,0,0,1,0,0,3
BBB,2013B,554818,1,London Region,A Level or Equivalent,0-10%,0-35,0,60,0,Withdrawn,15,0,0,0,0,0,0,0,1,0,1,0,1,1,1,10
BBB,2013B,554830,0,East Anglian Region,A Level or Equivalent,60-70%,35-55,0,120,0,Fail,8,1,0,1,0,1,0,0,1,1,0,0,1,1,0,3
BBB,2013B,554894,1,East Anglian Region,Lower Than A Level,70-80%,0-35,0,60,0,Pass,3,0,0,0,0,1,1,0,1,1,0,1,1,1,0,8
BBB,2013B,554898,1,Scotland,Lower Than A Level,20-30%,0-35,0,60,0,Fail,15,1,0,1,1,1,1,0,0,0,0,0,1,0,1,10
BBB,2013B,554920,0,London Region,A Level or Equivalent,20-Oct,0-35,0,60,0,Withdrawn,9,0,1,1,0,1,0,1,1,1,1,1,1,1,0,4
BBB,2013B,554930,1,South East Region,Lower Than A Level,60-70%,35-55,0,60,0,Withdrawn,15,1,1,1,0,0,1,0,0,1,0,1,0,1,1,10
BBB,2013B,554986,1,London Region,Lower Than A Level,20-30%,35-55,0,60,0,Fail,12,0,1,0,0,1,1,0,1,1,0,1,0,1,1,7
BBB,2013B,554998,0,London Region,Lower Than A Level,30-40%,0-35,0,120,0,Pass,6,1,0,1,0,0,0,0,1,1,1,1,0,0,0,9
BBB,2013B,555035,1,London Region,Lower Than A Level,0-10%,0-35,0,120,0,Withdrawn,6,0,1,0,0,0,0,0,1,1,1,1,1,0,0,9
BBB,2013B,555059,1,East Midlands Region,HE Qualification,70-80%,0-35,0,120,0,Distinction,6,1,0,0,0,1,0,1,0,1,1,1,1,0,1,9
BBB,2013B,555086,1,Yorkshire Region,A Level or Equivalent,60-70%,0-35,0,60,0,Pass,3,1,0,0,0,1,1,0,0,1,1,0,0,0,1,8
BBB,2013B,555102,0,South Region,Lower Than A Level,80-90%,0-35,0,60,0,Pass,12,0,1,0,1,1,1,1,1,1,1,0,1,1,1,7
BBB,2013B,555157,0,East Anglian Region,A Level or Equivalent,80-90%,0-35,0,60,0,Fail,14,0,0,1,0,0,1,0,1,1,1,1,1,0,1,5
BBB,2013B,555212,1,Yorkshire Region,Lower Than A Level,20-30%,0-35,0,60,0,Withdrawn,10,1,1,0,0,0,1,0,1,0,0,1,0,1,0,1
BBB,2013B,555263,1,South West Region,A Level or Equivalent,70-80%,0-35,0,60,0,Pass,8,0,0,1,0,1,1,1,1,1,1,0,1,0,0,3
BBB,2013B,555309,0,Wales,A Level or Equivalent,50-60%,35-55,0,60,0,Pass,9,0,0,0,0,0,0,0,1,1,0,0,1,1,0,4
BBB,2013B,555338,1,South West Region,A Level or Equivalent,50-60%,0-35,0,60,1,Withdrawn,10,0,1,1,1,1,1,0,0,1,0,0,0,1,0,1
BBB,2013B,555407,1,Ireland,A Level or Equivalent,20-Oct,0-35,0,60,0,Fail,9,0,0,0,0,1,0,0,0,0,0,0,1,1,0,4
BBB,2013B,555414,1,North Western Region,Lower Than A Level,30-40%,0-35,0,60,0,Pass,4,0,1,1,0,1,0,0,1,0,1,1,0,1,1,8
BBB,2013B,555552,1,London Region,Lower Than A Level,30-40%,0-35,0,120,1,Withdrawn,4,1,0,0,1,0,0,1,0,0,0,0,1,0,0,8
BBB,2013B,555627,0,Wales,Lower Than A Level,60-70%,0-35,0,60,0,Fail,4,0,1,0,0,1,1,0,1,0,1,1,0,0,0,8
BBB,2013B,555667,1,West Midlands Region,HE Qualification,70-80%,0-35,0,120,0,Distinction,12,0,0,0,1,1,0,1,1,0,0,1,0,1,0,7
BBB,2013B,555670,1,London Region,Lower Than A Level,50-60%,35-55,0,60,0,Pass,7,1,1,1,0,1,1,1,0,1,1,0,1,1,0,3
BBB,2013B,555672,1,West Midlands Region,A Level or Equivalent,20-Oct,0-35,0,120,0,Pass,13,0,0,0,0,1,0,0,0,0,0,0,0,0,0,5
BBB,2013B,555673,1,East Anglian Region,Lower Than A Level,70-80%,0-35,0,60,0,Fail,7,0,0,0,0,0,0,1,1,1,1,0,1,0,1,3
BBB,2013B,555674,0,Yorkshire Region,A Level or Equivalent,80-90%,0-35,0,120,0,Distinction,4,0,1,1,1,1,0,1,0,1,1,1,1,1,0,8
BBB,2013B,555675,1,Yorkshire Region,HE Qualification,30-40%,0-35,0,120,0,Distinction,3,1,0,1,0,1,1,1,0,1,1,1,0,1,1,8
BBB,2013B,555695,1,South East Region,A Level or Equivalent,60-70%,0-35,0,60,0,Pass,2,1,1,0,1,0,1,1,1,0,0,1,0,0,0,2
BBB,2013B,555707,1,East Anglian Region,A Level or Equivalent,50-60%,0-35,0,60,0,Withdrawn,11,1,0,1,1,1,1,1,0,1,0,0,0,0,1,6
BBB,2013B,555747,1,Scotland,Lower Than A Level,20-30%,0-35,0,60,1,Pass,9,0,1,0,0,1,1,1,0,1,1,0,0,1,1,4
BBB,2013B,555837,1,West Midlands Region,A Level or Equivalent,50-60%,35-55,0,60,0,Withdrawn,10,1,1,1,1,0,0,1,1,1,0,0,0,0,0,1
BBB,2013B,555838,1,Wales,HE Qualification,60-70%,0-35,0,120,0,Pass,2,0,0,1,0,0,1,0,1,1,0,1,1,1,1,2
BBB,2013B,555880,0,Scotland,Lower Than A Level,60-70%,0-35,0,60,1,Fail,15,0,0,1,1,1,0,0,1,1,1,1,0,0,1,10
BBB,2013B,555902,1,Scotland,A Level or Equivalent,70-80%,0-35,0,60,0,Fail,5,1,0,1,1,1,1,1,1,0,0,0,1,1,0,9
BBB,2013B,555909,1,London Region,Lower Than A Level,20-Oct,0-35,0,60,1,Withdrawn,9,0,1,0,0,0,1,1,0,1,1,0,0,0,0,4
BBB,2013B,555930,1,Ireland,Lower Than A Level,30-40%,35-55,0,75,0,Fail,4,1,1,1,1,1,1,1,0,1,0,1,1,1,0,8
BBB,2013B,555935,1,South Region,A Level or Equivalent,80-90%,0-35,0,60,0,Withdrawn,9,0,1,0,1,1,1,1,0,0,1,1,1,0,0,4
BBB,2013B,555946,1,Yorkshire Region,Lower Than A Level,20-Oct,0-35,0,60,0,Fail,11,1,0,0,0,1,1,0,0,0,1,1,0,0,0,6
BBB,2013B,555995,1,London Region,Lower Than A Level,0-10%,0-35,0,60,0,Withdrawn,7,1,1,0,1,1,0,0,0,1,0,1,1,0,1,3
BBB,2013B,556077,0,Wales,A Level or Equivalent,20-Oct,0-35,0,60,0,Withdrawn,8,0,0,0,1,0,1,1,1,1,0,0,0,1,1,3
BBB,2013B,556138,1,East Midlands Region,HE Qualification,40-50%,35-55,0,60,0,Withdrawn,10,0,1,1,1,1,0,0,1,0,0,0,1,1,1,1
BBB,2013B,556224,1,South East Region,Lower Than A Level,20-30%,0-35,0,60,0,Fail,8,1,0,1,1,0,0,1,0,1,1,0,0,0,0,3
BBB,2013B,556284,0,South Region,HE Qualification,90-100%,0-35,0,120,0,Pass,14,1,0,0,0,1,0,0,1,0,0,0,1,1,0,5
BBB,2013B,556292,1,South Region,Lower Than A Level,80-90%,0-35,0,120,0,Distinction,15,1,0,1,0,1,1,0,1,1,1,1,0,1,0,10
BBB,2013B,556301,1,South East Region,HE Qualification,70-80%,35-55,0,120,0,Pass,10,0,1,1,1,0,0,0,1,0,1,0,1,0,0,1
BBB,2013B,556318,1,Scotland,Lower Than A Level,20-Oct,0-35,0,60,0,Fail,2,0,1,1,1,1,1,0,1,0,1,0,1,0,1,2
BBB,2013B,556349,1,South West Region,A Level or Equivalent,20-Oct,0-35,0,60,0,Pass,7,1,1,1,0,0,1,0,0,0,1,0,1,0,1,3
BBB,2013B,556481,1,London Region,A Level or Equivalent,40-50%,0-35,0,60,0,Withdrawn,12,1,0,1,0,1,1,1,1,1,1,0,1,0,1,7
BBB,2013B,556502,1,Ireland,Lower Than A Level,20-Oct,0-35,0,60,0,Pass,2,0,1,0,0,1,0,0,1,1,1,0,1,1,1,2
BBB,2013B,556553,1,South East Region,A Level or Equivalent,30-40%,0-35,0,60,0,Pass,3,0,1,1,1,1,1,0,1,0,1,0,1,0,1,8
BBB,2013B,556568,1,East Anglian Region,Lower Than A Level,20-30%,0-35,0,60,0,Withdrawn,16,1,1,1,0,1,0,0,1,1,1,1,0,1,0,10
BBB,2013B,556585,1,Yorkshire Region,Lower Than A Level,30-40%,0-35,0,60,0,Withdrawn,1,0,0,1,1,1,0,0,0,1,0,1,1,0,0,2
BBB,2013B,556605,1,London Region,HE Qualification,50-60%,35-55,0,60,0,Pass,11,1,0,0,1,1,0,1,0,0,0,1,0,0,0,6
BBB,2013B,556648,1,North Region,Lower Than A Level,20-Oct,0-35,0,60,0,Fail,12,0,0,0,0,0,0,0,0,1,0,1,0,0,1,7
BBB,2013B,556692,1,South Region,Lower Than A Level,20-30%,0-35,0,60,0,Withdrawn,5,0,0,0,0,0,1,1,0,0,0,0,1,0,1,9
BBB,2013B,556840,1,South Region,A Level or Equivalent,90-100%,35-55,0,60,0,Withdrawn,12,0,0,1,1,1,0,1,1,1,1,0,1,0,1,7
BBB,2013B,556860,1,South Region,A Level or Equivalent,,0-35,0,60,0,Fail,2,0,1,1,1,0,0,0,0,1,1,1,1,0,1,2
BBB,2013B,556863,1,South West Region,A Level or Equivalent,20-30%,35-55,0,60,0,Withdrawn,1,0,0,1,1,1,1,1,0,0,1,0,1,1,0,2
BBB,2013B,556865,1,South Region,A Level or Equivalent,,0-35,0,60,0,Pass,7,0,1,1,1,1,0,1,1,0,0,0,0,1,0,3
BBB,2013B,556871,1,South Region,A Level or Equivalent,,0-35,0,60,0,Distinction,12,0,1,1,0,0,1,1,1,1,1,0,0,1,1,7
BBB,2013B,556876,1,South Region,A Level or Equivalent,,35-55,0,60,0,Distinction,13,1,1,0,0,1,1,0,1,1,1,0,0,1,0,5
BBB,2013B,556877,1,South West Region,A Level or Equivalent,30-40%,35-55,0,60,0,Withdrawn,5,0,1,1,0,0,0,0,1,1,0,0,1,1,1,9
BBB,2013B,556878,1,South West Region,Lower Than A Level,20-30%,0-35,0,60,0,Pass,7,1,1,1,1,0,1,1,0,1,0,0,1,0,1,3
BBB,2013B,556882,1,South West Region,Lower Than A Level,30-40%,35-55,0,60,0,Withdrawn,13,1,0,0,0,0,1,1,1,1,0,1,1,1,1,5
BBB,2013B,556883,1,South Region,A Level or Equivalent,,35-55,0,60,0,Pass,9,0,0,0,0,0,1,0,0,1,1,0,1,1,0,4
BBB,2013B,556887,1,South Region,A Level or Equivalent,,35-55,0,60,0,Pass,13,1,1,0,1,1,0,0,0,0,1,0,0,0,0,5
BBB,2013B,556892,1,South Region,A Level or Equivalent,,0-35,0,60,0,Pass,15,0,1,1,0,1,0,1,1,0,1,1,1,1,0,10
BBB,2013B,556898,1,South Region,Lower Than A Level,,35-55,0,60,0,Pass,6,1,1,1,1,1,0,0,0,0,0,0,1,1,1,9
BBB,2013B,556929,1,North Western Region,A Level or Equivalent,0-10%,0-35,0,120,0,Withdrawn,16,1,1,0,1,1,1,0,1,0,1,1,0,1,1,10
BBB,2013B,556959,1,South West Region,A Level or Equivalent,60-70%,0-35,0,60,0,Pass,5,0,1,1,1,1,0,1,0,0,0,1,1,1,0,9
BBB,2013B,556986,1,South West Region,Lower Than A Level,30-40%,0-35,0,60,1,Withdrawn,9,0,0,0,1,1,0,1,0,0,1,1,0,1,0,4
BBB,2013B,556987,1,North Western Region,Lower Than A Level,0-10%,0-35,0,60,0,Fail,2,0,0,0,1,0,0,1,0,0,1,1,0,0,0,2
BBB,2013B,556988,1,South West Region,Lower Than A Level,50-60%,0-35,0,60,0,Withdrawn,2,1,1,0,1,1,0,0,1,1,0,0,0,1,0,2
BBB,2013B,556990,1,South West Region,Lower Than A Level,50-60%,35-55,0,60,0,Pass,2,0,1,1,0,0,0,1,1,0,1,0,0,0,1,2
BBB,2013B,556992,1,South West Region,HE Qualification,70-80%,0-35,0,60,0,Pass,10,0,0,0,1,1,1,1,0,0,1,1,1,0,0,1
BBB,2013B,556997,1,South West Region,A Level or Equivalent,20-Oct,35-55,0,60,0,Pass,7,0,0,1,0,0,0,0,0,0,0,1,1,1,0,3
BBB,2013B,556999,1,South West Region,HE Qualification,40-50%,0-35,0,60,0,Pass,15,0,1,1,0,0,0,1,1,0,0,0,1,0,0,10
BBB,2013B,557006,1,South West Region,Lower Than A Level,20-30%,35-55,0,60,0,Pass,6,0,0,0,0,0,0,1,0,0,1,1,0,0,1,9
BBB,2013B,557024,1,East Anglian Region,A Level or Equivalent,70-80%,0-35,0,120,0,Pass,2,0,0,0,1,0,1,0,0,0,1,1,1,0,1,2
BBB,2013B,557032,1,East Anglian Region,HE Qualification,80-90%,35-55,0,120,0,Distinction,11,0,1,1,1,0,1,0,1,1,0,0,1,1,0,6
BBB,2013B,557057,0,South West Region,Lower Than A Level,40-50%,35-55,0,60,0,Pass,5,0,1,0,0,0,0,1,1,1,1,0,1,0,0,9
BBB,2013B,557060,1,South West Region,HE Qualification,20-30%,35-55,0,60,0,Pass,15,1,1,1,1,0,1,0,0,1,1,1,1,0,1,10
BBB,2013B,557145,1,South West Region,A Level or Equivalent,40-50%,35-55,0,60,0,Fail,10,0,1,0,1,0,1,1,0,1,1,1,0,1,0,1
BBB,2013B,557155,1,West Midlands Region,Lower Than A Level,20-30%,0-35,0,60,0,Withdrawn,11,0,0,1,1,1,0,1,1,1,1,1,1,0,1,6
BBB,2013B,557170,1,Yorkshire Region,A Level or Equivalent,20-30%,0-35,0,60,0,Withdrawn,14,1,0,1,1,0,0,0,1,1,0,1,0,0,0,5
BBB,2013B,557220,1,Wales,Lower Than A Level,0-10%,0-35,0,60,0,Pass,2,0,0,1,1,1,0,0,1,0,1,1,1,0,1,2
BBB,2013B,557285,1,South Region,Lower Than A Level,70-80%,35-55,0,60,0,Pass,1,0,1,1,1,0,0,1,1,1,0,1,0,0,0,2
BBB,2013B,557308,1,North Region,A Level or Equivalent,20-Oct,0-35,0,75,0,Fail,12,0,0,1,0,0,1,1,0,0,0,0,0,0,0,7
BBB,2013B,557325,1,East Anglian Region,A Level or Equivalent,90-100%,0-35,0,60,0,Distinction,9,0,1,1,0,0,0,0,1,1,0,1,1,1,1,4
BBB,2013B,557338,1,North Western Region,Lower Than A Level,20-Oct,0-35,0,60,0,Withdrawn,16,1,1,0,0,0,1,1,0,0,0,1,1,1,1,10
BBB,2013B,557351,1,South West Region,A Level or Equivalent,50-60%,0-35,0,90,0,Fail,4,1,1,1,1,0,0,1,0,1,1,1,1,1,1,8
BBB,2013B,557451,1,London Region,Lower Than A Level,0-10%,0-35,0,60,0,Fail,13,1,1,0,1,0,1,1,0,0,0,0,1,1,0,5
BBB,2013B,557528,1,Yorkshire Region,Lower Than A Level,90-100%,0-35,0,60,0,Pass,11,0,1,0,0,0,1,1,1,0,1,1,0,0,1,6
BBB,2013B,557594,1,East Midlands Region,A Level or Equivalent,80-90%,35-55,0,60,0,Pass,9,1,1,0,0,0,1,0,0,0,0,0,0,1,0,4
BBB,2013B,557622,1,London Region,Lower Than A Level,20-Oct,0-35,0,60,0,Distinction,13,0,0,0,0,0,0,1,0,1,0,1,0,0,0,5
BBB,2013B,557709,1,South West Region,A Level or Equivalent,60-70%,0-35,0,60,0,Withdrawn,1,1,1,0,1,0,1,0,1,0,0,0,1,1,1,2
BBB,2013B,557729,1,North Western Region,A Level or Equivalent,20-Oct,0-35,0,60,0,Withdrawn,5,1,1,0,0,1,1,1,1,1,0,0,0,1,1,9
BBB,2013B,557758,1,East Midlands Region,Lower Than A Level,20-30%,35-55,0,60,0,Pass,9,0,1,0,1,0,1,0,1,0,1,0,1,0,1,4
BBB,2013B,557775,1,South East Region,HE Qualification,20-Oct,0-35,0,60,0,Pass,11,0,1,1,1,0,1,0,1,0,0,0,1,0,0,6
BBB,2013B,557803,0,North Region,Lower Than A Level,80-90%,0-35,0,60,0,Fail,2,0,0,1,0,0,0,1,0,0,0,1,1,0,1,2
BBB,2013B,557827,1,North Western Region,A Level or Equivalent,30-40%,0-35,0,60,1,Fail,4,0,0,0,1,1,0,0,0,0,0,1,0,0,1,8
BBB,2013B,557865,1,London Region,Lower Than A Level,0-10%,0-35,0,60,0,Fail,1,1,1,1,1,0,0,0,1,1,0,0,0,0,0,2
BBB,2013B,557935,1,Yorkshire Region,Lower Than A Level,0-10%,0-35,0,60,1,Fail,3,1,1,1,1,0,0,0,0,1,1,0,1,0,1,8
BBB,2013B,557938,1,London Region,No Formal quals,20-30%,0-35,0,60,0,Withdrawn,4,1,1,0,0,0,0,0,0,0,0,1,0,1,0,8
BBB,2013B,557968,1,Wales,A Level or Equivalent,40-50%,0-35,0,70,0,Distinction,1,1,0,1,1,0,1,0,1,1,0,0,0,0,1,2
BBB,2013B,557979,1,London Region,A Level or Equivalent,20-30%,0-35,0,60,0,Pass,15,1,0,1,1,0,0,0,0,1,1,0,0,1,0,10
BBB,2013B,557997,0,North Western Region,Lower Than A Level,80-90%,0-35,0,60,0,Withdrawn,7,1,0,0,1,1,0,0,0,1,1,1,0,1,0,3
BBB,2013B,558024,1,West Midlands Region,A Level or Equivalent,20-30%,0-35,0,60,0,Pass,15,1,1,0,1,1,0,0,0,0,0,0,0,0,1,10
BBB,2013B,558040,1,Yorkshire Region,A Level or Equivalent,20-30%,0-35,0,120,0,Pass,10,0,1,1,1,1,1,1,1,0,0,0,1,1,0,1
BBB,2013B,558042,1,Yorkshire Region,HE Qualification,40-50%,35-55,0,120,0,Distinction,5,0,0,1,0,1,0,0,1,0,1,1,1,0,1,9
BBB,2013B,558066,1,South East Region,Lower Than A Level,20-30%,0-35,0,120,0,Distinction,2,1,0,0,1,0,0,1,0,1,0,0,1,1,1,2
BBB,2013B,558068,1,South East Region,A Level or Equivalent,50-60%,0-35,0,120,0,Pass,8,0,1,0,0,1,1,1,1,0,1,0,0,1,1,3
BBB,2013B,558075,1,West Midlands Region,Lower Than A Level,70-80%,0-35,0,60,0,Pass,10,1,1,1,1,1,0,0,1,0,1,0,0,1,0,1
BBB,2013B,558092,1,Yorkshire Region,A Level or Equivalent,0-10%,0-35,0,60,1,Fail,5,1,0,0,1,0,1,1,0,0,0,1,1,1,1,9
BBB,2013B,558099,1,South East Region,A Level or Equivalent,40-50%,35-55,0,60,0,Distinction,12,0,1,1,0,1,1,0,1,0,1,1,1,1,1,7
BBB,2013B,558113,1,East Anglian Region,A Level or Equivalent,80-90%,0-35,0,60,0,Pass,6,1,1,0,0,1,0,0,0,0,0,1,1,0,1,9
BBB,2013B,558114,1,East Anglian Region,Lower Than A Level,60-70%,0-35,0,120,0,Fail,5,1,0,0,0,0,0,1,0,1,1,0,0,0,0,9
BBB,2013B,558146,1,South East Region,Lower Than A Level,50-60%,0-35,0,60,0,Withdrawn,4,1,0,0,0,1,1,1,0,0,0,1,1,1,1,8
BBB,2013B,558163,1,South West Region,Lower Than A Level,70-80%,35-55,0,60,0,Withdrawn,1,1,1,0,0,0,0,1,0,0,0,1,0,1,0,2
BBB,2013B,558168,1,Wales,A Level or Equivalent,20-30%,0-35,0,60,0,Pass,2,1,1,0,1,1,1,1,0,0,0,0,1,0,0,2
BBB,2013B,558212,1,East Anglian Region,A Level or Equivalent,90-100%,0-35,0,60,0,Withdrawn,9,0,1,1,0,1,1,1,0,0,1,0,0,0,1,4
BBB,2013B,558231,1,East Anglian Region,Lower Than A Level,50-60%,0-35,0,60,0,Withdrawn,16,1,1,0,1,0,0,1,0,1,0,0,1,1,1,10
BBB,2013B,558247,1,South West Region,Lower Than A Level,70-80%,0-35,0,60,0,Fail,5,0,0,1,0,1,0,0,1,0,0,0,0,1,1,9
BBB,2013B,558250,1,East Midlands Region,Lower Than A Level,20-Oct,0-35,0,60,0,Pass,11,0,1,1,0,1,1,0,0,1,0,1,1,0,1,6
BBB,2013B,558324,0,South West Region,Lower Than A Level,70-80%,35-55,0,60,0,Withdrawn,9,1,0,1,1,0,0,0,0,1,1,1,0,0,1,4
BBB,2013B,558326,1,West Midlands Region,Lower Than A Level,20-30%,0-35,0,60,0,Withdrawn,1,1,1,0,1,0,0,1,1,1,0,1,1,1,1,2
BBB,2013B,558373,0,East Midlands Region,A Level or Equivalent,40-50%,0-35,0,60,0,Distinction,1,1,0,0,1,1,0,1,0,0,0,1,0,1,1,2
BBB,2013B,558395,0,North Western Region,HE Qualification,80-90%,35-55,0,60,0,Withdrawn,15,1,0,1,1,1,1,1,0,0,0,0,1,0,1,10
BBB,2013B,558435,1,Wales,HE Qualification,40-50%,0-35,0,60,0,Distinction,8,0,1,0,0,0,0,1,1,1,0,1,1,1,1,3
BBB,2013B,558602,1,East Anglian Region,Lower Than A Level,30-40%,0-35,0,60,0,Fail,6,0,1,0,0,1,1,0,0,1,1,0,0,1,0,9
BBB,2013B,558622,1,East Anglian Region,A Level or Equivalent,70-80%,0-35,0,60,0,Pass,8,0,1,0,1,1,1,1,0,0,1,0,0,0,0,3
BBB,2013B,558654,1,North Region,A Level or Equivalent,20-Oct,0-35,0,60,0,Withdrawn,7,0,0,0,0,0,0,0,0,0,0,1,1,1,0,3
BBB,2013B,558662,1,London Region,Lower Than A Level,20-30%,35-55,0,60,0,Fail,3,1,1,1,0,1,0,1,1,0,1,1,1,0,1,8
BBB,2013B,558689,1,North Region,A Level or Equivalent,20-30%,0-35,0,120,0,Pass,2,0,1,1,0,0,0,1,0,1,0,0,1,0,0,2
BBB,2013B,558701,1,South Region,A Level or Equivalent,40-50%,35-55,0,60,0,Withdrawn,3,1,0,0,1,1,1,1,0,1,0,1,1,0,0,8
BBB,2013B,558703,1,East Midlands Region,A Level or Equivalent,40-50%,0-35,0,60,0,Pass,3,1,1,0,1,0,1,0,1,0,0,1,1,0,0,8
BBB,2013B,558747,1,London Region,A Level or Equivalent,20-Oct,0-35,0,60,0,Pass,11,0,1,1,1,1,0,1,0,1,0,0,1,0,1,6
BBB,2013B,558769,1,Scotland,Lower Than A Level,30-40%,0-35,0,60,0,Fail,16,1,1,0,0,0,0,1,0,0,1,1,1,0,0,10
BBB,2013B,558809,1,West Midlands Region,A Level or Equivalent,60-70%,0-35,0,60,0,Fail,16,0,0,1,1,0,1,0,1,0,0,1,0,0,1,10
BBB,2013B,558820,1,Scotland,Lower Than A Level,40-50%,0-35,0,60,0,Fail,12,1,1,0,0,0,1,1,0,0,0,1,0,0,0,7
BBB,2013B,558903,1,East Midlands Region,HE Qualification,70-80%,0-35,0,60,0,Fail,5,0,1,1,0,0,0,0,0,0,1,0,1,0,0,9
BBB,2013B,558955,1,South Region,A Level or Equivalent,90-100%,0-35,0,60,0,Fail,10,1,0,0,1,0,0,1,0,0,1,0,1,1,1,1
BBB,2013B,558965,1,North Western Region,Lower Than A Level,80-90%,35-55,0,60,0,Pass,10,1,1,1,0,1,1,1,0,1,0,0,1,0,0,1
BBB,2013B,558974,1,West Midlands Region,No Formal quals,0-10%,0-35,0,135,0,Withdrawn,1,1,1,1,1,0,1,1,1,0,1,0,1,1,0,2
BBB,2013B,559011,1,West Midlands Region,Lower Than A Level,40-50%,0-35,0,60,0,Withdrawn,14,1,0,0,0,1,0,0,1,1,0,0,0,0,0,5
BBB,2013B,559031,1,Scotland,Lower Than A Level,40-50%,0-35,0,60,0,Pass,15,0,1,1,1,1,1,1,0,1,1,0,1,0,0,10
BBB,2013B,559173,1,North Region,A Level or Equivalent,0-10%,0-35,0,60,0,Fail,10,1,0,1,1,0,0,0,0,0,1,0,1,1,0,1
BBB,2013B,559180,1,London Region,A Level or Equivalent,60-70%,0-35,0,60,0,Pass,4,0,1,1,1,1,1,0,0,0,1,0,0,1,1,8
BBB,2013B,559227,1,West Midlands Region,Lower Than A Level,40-50%,0-35,0,60,0,Withdrawn,5,0,0,0,0,0,0,0,0,1,1,0,0,1,0,9
BBB,2013B,559253,1,Scotland,Lower Than A Level,60-70%,35-55,0,60,0,Pass,12,0,0,1,0,1,1,1,1,0,0,1,1,1,0,7
BBB,2013B,559291,1,West Midlands Region,A Level or Equivalent,40-50%,35-55,0,60,0,Withdrawn,5,0,1,1,1,0,1,0,1,1,1,1,0,1,0,9
BBB,2013B,559350,1,South East Region,Lower Than A Level,60-70%,0-35,0,60,1,Pass,5,1,0,1,1,0,1,0,0,1,0,0,1,0,1,9
BBB,2013B,559389,1,South Region,Lower Than A Level,80-90%,0-35,0,60,0,Pass,10,1,1,0,1,0,0,1,1,0,1,0,0,1,0,1
BBB,2013B,559425,1,South East Region,Lower Than A Level,40-50%,0-35,0,60,0,Withdrawn,6,0,0,0,0,0,0,0,0,0,1,1,0,1,1,9
BBB,2013B,559452,0,South Region,HE Qualification,80-90%,0-35,0,120,0,Distinction,2,1,1,0,1,0,1,0,0,1,1,1,0,1,0,2
BBB,2013B,559458,1,South Region,A Level or Equivalent,70-80%,35-55,0,120,0,Pass,15,0,0,0,1,0,0,0,0,1,0,0,1,1,1,10
BBB,2013B,559475,1,South East Region,A Level or Equivalent,80-90%,0-35,0,120,0,Pass,3,0,1,0,1,1,1,0,1,1,0,1,1,0,0,8
BBB,2013B,559495,1,North Region,A Level or Equivalent,80-90%,35-55,0,60,0,Distinction,16,1,0,0,1,0,1,1,1,1,0,1,1,1,0,10
BBB,2013B,559595,1,Wales,A Level or Equivalent,80-90%,0-35,0,60,0,Pass,13,1,1,0,1,1,0,0,0,1,1,0,0,0,0,5
BBB,2013B,559603,1,East Midlands Region,A Level or Equivalent,40-50%,35-55,0,60,0,Pass,5,1,1,1,0,0,1,1,0,1,0,1,1,0,1,9
BBB,2013B,559606,1,East Midlands Region,HE Qualification,80-90%,35-55,0,60,0,Pass,4,0,1,1,1,1,0,1,1,1,1,0,1,1,1,8
BBB,2013B,559608,1,East Midlands Region,HE Qualification,30-40%,35-55,0,60,0,Pass,5,0,1,1,0,0,0,0,0,1,1,1,1,1,1,9
BBB,2013B,559610,1,East Midlands Region,A Level or Equivalent,50-60%,35-55,0,60,0,Fail,12,0,1,0,0,0,1,0,1,1,0,1,0,1,0,7
BBB,2013B,559611,1,East Anglian Region,A Level or Equivalent,40-50%,0-35,0,60,0,Pass,8,0,1,1,0,1,0,1,1,1,0,1,0,1,0,3
BBB,2013B,559651,1,East Midlands Region,A Level or Equivalent,20-Oct,0-35,0,60,0,Pass,8,0,1,1,1,1,0,0,1,1,0,0,0,1,0,3
BBB,2013B,559697,1,South West Region,A Level or Equivalent,30-40%,0-35,0,60,0,Withdrawn,7,0,1,1,1,1,0,1,1,1,1,1,0,0,0,3
BBB,2013B,559744,1,South Region,Post Graduate Qualification,90-100%,35-55,0,60,0,Pass,5,0,1,1,0,0,1,0,0,0,1,0,1,0,0,9
BBB,2013B,559808,1,Scotland,Lower Than A Level,40-50%,0-35,0,60,0,Fail,14,0,0,1,0,0,0,0,1,0,0,0,1,1,0,5
BBB,2013B,559989,1,Wales,A Level or Equivalent,40-50%,35-55,0,60,0,Fail,14,0,1,0,1,0,0,1,0,0,1,1,1,1,1,5
BBB,2013B,560005,1,London Region,A Level or Equivalent,20-30%,0-35,0,60,0,Withdrawn,12,1,1,0,1,0,0,0,0,0,1,1,1,0,0,7
BBB,2013B,560012,1,East Midlands Region,Lower Than A Level,0-10%,0-35,0,120,0,Fail,10,0,1,1,0,1,0,1,0,0,0,1,1,0,0,1
BBB,2013B,560075,1,South Region,A Level or Equivalent,40-50%,0-35,0,120,0,Pass,14,1,0,1,0,0,1,0,0,0,0,0,0,1,1,5
BBB,2013B,560102,1,East Anglian Region,Lower Than A Level,70-80%,0-35,0,60,0,Withdrawn,11,0,0,1,0,1,0,1,1,1,0,1,1,0,0,6
BBB,2013B,560117,0,West Midlands Region,Lower Than A Level,40-50%,0-35,0,60,0,Withdrawn,3,0,1,1,1,1,0,0,1,0,1,0,0,1,0,8
BBB,2013B,560160,1,Scotland,Lower Than A Level,20-30%,0-35,0,60,0,Fail,4,0,1,1,0,1,0,0,0,0,0,0,1,0,0,8
BBB,2013B,560161,1,South West Region,Lower Than A Level,50-60%,0-35,0,60,0,Withdrawn,16,1,1,1,1,0,1,0,0,1,1,1,1,1,0,10
BBB,2013B,560170,1,East Midlands Region,HE Qualification,20-30%,35-55,0,60,0,Pass,15,1,1,1,0,1,1,0,1,0,1,1,1,0,0,10
BBB,2013B,560185,1,South East Region,A Level or Equivalent,40-50%,35-55,0,60,0,Withdrawn,16,0,1,0,1,0,1,1,0,0,1,1,0,0,1,10
BBB,2013B,560208,0,East Anglian Region,Lower Than A Level,40-50%,0-35,0,60,0,Fail,13,0,0,0,0,0,0,1,0,0,1,0,1,1,1,5
BBB,2013B,560319,1,East Anglian Region,Lower Than A Level,60-70%,0-35,0,60,0,Pass,3,1,0,1,0,0,1,1,0,0,1,0,1,0,0,8
BBB,2013B,560335,1,Scotland,Lower Than A Level,90-100%,0-35,0,60,0,Withdrawn,3,0,0,0,1,0,1,1,1,0,1,0,0,1,0,8
BBB,2013B,560455,1,North Region,A Level or Equivalent,0-10%,0-35,0,120,0,Pass,9,1,1,1,0,1,1,1,1,1,1,1,0,0,1,4
BBB,2013B,560458,1,South East Region,A Level or Equivalent,90-100%,0-35,0,120,0,Withdrawn,10,1,0,0,0,0,0,1,0,1,1,0,1,0,0,1
BBB,2013B,560468,1,South East Region,A Level or Equivalent,70-80%,0-35,0,60,0,Pass,6,0,0,0,1,0,1,1,1,1,0,1,1,1,0,9
BBB,2013B,560891,1,South West Region,Lower Than A Level,20-30%,0-35,0,60,0,Fail,1,1,0,0,0,0,1,1,1,1,0,1,0,1,1,2
BBB,2013B,560968,1,Wales,HE Qualification,50-60%,35-55,0,120,0,Distinction,15,0,0,1,1,1,0,0,1,0,0,0,0,1,0,10
BBB,2013B,560970,0,Wales,HE Qualification,60-70%,35-55,0,120,0,Pass,12,0,0,1,1,1,0,0,1,0,0,0,0,1,0,7
BBB,2013B,561138,1,West Midlands Region,A Level or Equivalent,70-80%,35-55,0,60,0,Pass,5,1,1,1,1,1,0,0,0,1,0,1,1,0,1,9
BBB,2013B,561161,1,South East Region,HE Qualification,60-70%,0-35,0,120,0,Distinction,1,0,0,0,1,1,1,1,1,0,1,1,0,1,0,2
BBB,2013B,561164,0,North Region,A Level or Equivalent,20-Oct,0-35,0,120,0,Distinction,8,1,1,0,1,0,0,1,1,0,0,1,0,0,0,3
BBB,2013B,561166,1,South East Region,A Level or Equivalent,30-40%,35-55,0,120,0,Distinction,12,0,1,0,0,1,1,0,1,1,0,1,0,0,0,7
BBB,2013B,561167,1,South East Region,HE Qualification,80-90%,35-55,0,120,0,Pass,14,1,1,1,0,1,1,1,1,1,1,0,1,0,1,5
BBB,2013B,561343,0,Wales,A Level or Equivalent,70-80%,0-35,0,60,0,Pass,14,0,0,1,1,0,1,1,1,0,1,1,0,0,0,5
BBB,2013B,561366,1,South Region,Lower Than A Level,30-40%,35-55,0,60,0,Withdrawn,3,0,1,1,0,1,0,0,1,1,0,1,0,0,0,8
BBB,2013B,561437,1,South West Region,A Level or Equivalent,50-60%,35-55,0,120,0,Pass,2,1,0,0,1,0,1,0,1,1,1,0,0,0,1,2
BBB,2013B,561444,1,South West Region,Lower Than A Level,0-10%,0-35,0,120,0,Pass,16,1,1,0,0,0,0,1,0,1,1,0,1,1,1,10
BBB,2013B,561445,1,South West Region,A Level or Equivalent,50-60%,35-55,0,120,0,Pass,10,0,1,0,1,0,0,1,1,0,0,0,0,1,0,1
BBB,2013B,561448,1,South West Region,A Level or Equivalent,20-30%,0-35,0,120,0,Pass,8,1,0,1,1,1,1,1,1,1,1,1,1,1,0,3
BBB,2013B,561452,1,South West Region,A Level or Equivalent,70-80%,0-35,0,120,0,Distinction,12,1,1,0,1,1,1,0,0,1,1,0,1,1,1,7
BBB,2013B,561455,1,South West Region,A Level or Equivalent,20-30%,0-35,0,120,0,Pass,1,1,0,1,1,0,0,1,1,1,1,0,0,1,0,2
BBB,2013B,561458,1,South West Region,HE Qualification,70-80%,0-35,0,120,0,Pass,10,1,1,1,1,0,0,0,0,0,0,1,1,1,1,1
BBB,2013B,561459,1,South West Region,A Level or Equivalent,20-30%,35-55,0,120,0,Distinction,14,1,0,0,0,0,1,0,1,0,0,1,1,1,1,5
BBB,2013B,561461,1,South West Region,Lower Than A Level,,0-35,0,120,0,Pass,8,1,1,0,0,0,1,1,0,0,0,0,0,0,1,3
BBB,2013B,561711,0,Wales,A Level or Equivalent,50-60%,0-35,0,60,0,Fail,9,0,0,0,0,0,0,0,0,0,0,0,1,0,1,4
BBB,2013B,561713,0,Wales,Lower Than A Level,90-100%,0-35,0,60,0,Pass,16,1,1,1,1,1,0,0,0,0,0,1,1,0,0,10
BBB,2013B,561715,0,Wales,Lower Than A Level,80-90%,0-35,0,60,0,Fail,6,1,1,0,1,1,0,0,1,1,1,1,1,0,0,9
BBB,2013B,561716,1,Wales,Lower Than A Level,80-90%,0-35,0,60,0,Pass,1,1,0,0,1,0,1,0,0,0,1,1,1,0,0,2
BBB,2013B,561718,0,Wales,Lower Than A Level,80-90%,0-35,0,60,0,Fail,13,1,0,0,1,0,1,1,0,0,1,0,0,0,0,5
BBB,2013B,562146,1,West Midlands Region,A Level or Equivalent,70-80%,35-55,0,120,0,Withdrawn,11,1,1,0,0,0,0,0,0,0,0,1,0,1,1,6
BBB,2013B,562465,1,West Midlands Region,Lower Than A Level,0-10%,0-35,0,120,0,Pass,12,0,1,0,1,0,1,1,0,1,1,0,0,1,1,7
BBB,2013B,562483,0,Wales,A Level or Equivalent,40-50%,35-55,0,60,0,Fail,10,1,0,0,1,0,1,0,1,1,1,1,0,1,1,1
BBB,2013B,562489,1,North Western Region,HE Qualification,20-Oct,0-35,0,60,0,Distinction,5,1,1,1,1,1,0,1,1,0,0,0,1,0,0,9
BBB,2013B,562494,0,Wales,Lower Than A Level,70-80%,35-55,0,60,0,Withdrawn,16,1,0,0,1,0,0,1,1,0,0,0,0,1,0,10
BBB,2013B,562495,0,Wales,A Level or Equivalent,20-30%,0-35,0,120,1,Fail,4,1,0,1,0,0,1,0,0,1,1,0,0,1,1,8
BBB,2013B,563157,1,London Region,A Level or Equivalent,30-40%,35-55,0,60,0,Withdrawn,8,1,1,1,0,0,0,0,1,1,1,1,0,0,0,3
BBB,2013B,563330,0,London Region,A Level or Equivalent,40-50%,35-55,0,60,0,Pass,14,1,0,1,0,0,0,1,1,0,0,0,1,0,0,5
BBB,2013B,563363,1,London Region,A Level or Equivalent,60-70%,0-35,0,120,0,Pass,11,1,0,0,0,1,0,0,0,1,1,1,1,1,1,6
BBB,2013B,563874,1,East Midlands Region,A Level or Equivalent,0-10%,0-35,0,120,0,Distinction,6,1,0,0,0,0,1,0,1,1,1,1,1,1,0,9
BBB,2013B,563877,1,East Midlands Region,A Level or Equivalent,20-30%,0-35,0,60,0,Pass,14,1,0,0,0,1,1,1,1,1,1,0,0,0,0,5
BBB,2013B,563878,1,East Midlands Region,HE Qualification,50-60%,35-55,0,120,0,Pass,8,0,1,0,1,1,1,1,1,0,0,1,1,1,0,3
BBB,2013B,563879,1,East Midlands Region,A Level or Equivalent,40-50%,0-35,0,120,0,Pass,5,0,1,1,0,0,1,0,1,1,1,0,1,0,1,9
BBB,2013B,565870,1,North Western Region,HE Qualification,30-40%,35-55,0,60,0,Fail,1,0,0,0,0,1,1,1,0,1,0,0,0,1,1,2
BBB,2013B,630346,1,East Anglian Region,A Level or Equivalent,60-70%,0-35,0,60,1,Fail,4,1,1,1,0,0,1,0,1,1,1,1,0,1,1,8
BBB,2013B,1008675,1,East Anglian Region,Lower Than A Level,90-100%,35-55,0,60,0,Pass,1,0,0,0,1,0,1,0,1,0,1,0,0,0,0,2
BBB,2013B,1098728,1,South Region,Lower Than A Level,50-60%,35-55,0,120,0,Fail,7,1,0,1,0,1,1,1,0,0,1,0,1,0,0,3
BBB,2013B,1413989,1,Scotland,HE Qualification,80-90%,35-55,2,60,0,Withdrawn,1,0,1,1,1,1,1,1,0,1,0,1,0,0,1,2
BBB,2013B,1436591,0,Scotland,A Level or Equivalent,20-Oct,35-55,0,60,1,Distinction,16,1,1,1,0,0,0,1,0,1,1,1,0,0,0,10
BBB,2013B,1480800,1,East Anglian Region,Lower Than A Level,70-80%,35-55,0,60,0,Pass,3,0,1,1,0,0,0,0,0,0,1,1,1,1,1,8
BBB,2013B,1493476,0,Wales,HE Qualification,70-80%,35-55,0,60,0,Pass,8,1,1,0,1,1,0,1,0,1,0,1,1,1,0,3
BBB,2013B,1521540,1,South Region,A Level or Equivalent,90-100%,35-55,2,60,0,Distinction,10,1,1,0,1,1,1,0,1,0,1,1,0,0,0,1
BBB,2013B,1536591,1,London Region,Lower Than A Level,20-Oct,35-55,0,60,0,Withdrawn,6,0,0,0,0,1,0,1,0,1,0,1,1,0,0,9
BBB,2013B,1574398,1,Scotland,A Level or Equivalent,30-40%,35-55,0,90,0,Distinction,15,0,1,1,1,0,1,1,0,1,0,0,0,1,1,10
BBB,2013B,1659662,1,London Region,A Level or Equivalent,90-100%,35-55,0,60,0,Pass,16,0,0,1,0,0,0,0,1,0,0,0,0,0,1,10
BBB,2013B,1678401,1,East Midlands Region,Lower Than A Level,60-70%,35-55,1,180,0,Pass,3,0,0,1,0,1,1,0,0,0,0,1,1,0,1,8
BBB,2013B,1721462,1,East Anglian Region,Lower Than A Level,80-90%,35-55,1,60,1,Pass,1,1,1,1,0,1,0,0,1,0,0,0,1,1,1,2
BBB,2013B,1728437,1,West Midlands Region,A Level or Equivalent,80-90%,35-55,0,120,0,Pass,13,0,1,1,0,0,1,1,0,1,1,1,0,0,0,5
BBB,2013B,1730702,1,North Western Region,Lower Than A Level,70-80%,35-55,0,60,0,Withdrawn,13,0,0,0,1,1,0,1,1,1,1,1,1,0,1,5
BBB,2013B,1747892,1,Ireland,Lower Than A Level,50-60%,35-55,1,210,0,Distinction,11,0,1,1,1,1,0,1,0,0,0,0,0,0,1,6
BBB,2013B,1753965,0,South East Region,A Level or Equivalent,0-10%,0-35,1,60,0,Pass,10,1,1,0,1,1,0,0,1,1,0,1,0,0,1,1
BBB,2013B,1770733,1,Wales,HE Qualification,50-60%,35-55,0,120,0,Pass,6,0,1,0,1,0,0,1,1,0,1,1,0,1,0,9
BBB,2013B,1771053,1,West Midlands Region,Lower Than A Level,80-90%,35-55,0,60,0,Withdrawn,14,0,0,1,0,0,0,1,1,0,1,1,0,0,1,5
BBB,2013B,1776925,0,Yorkshire Region,HE Qualification,60-70%,35-55,1,120,0,Fail,4,0,0,1,0,0,1,0,1,0,0,0,1,0,1,8
BBB,2013B,1789199,1,Yorkshire Region,Lower Than A Level,40-50%,35-55,1,120,0,Pass,2,0,1,1,1,0,1,0,1,0,1,1,1,0,0,2
BBB,2013B,1797614,0,South Region,HE Qualification,20-30%,35-55,1,120,0,Distinction,15,1,1,1,1,0,0,0,1,0,0,0,1,1,0,10
BBB,2013B,1847146,1,London Region,Lower Than A Level,20-Oct,35-55,0,120,0,Pass,6,0,1,0,0,0,0,0,0,0,1,1,1,1,1,9
BBB,2013B,1858523,1,South East Region,A Level or Equivalent,0-10%,0-35,0,60,0,Withdrawn,16,0,1,0,0,1,0,0,0,1,0,1,0,1,0,10
BBB,2013B,1903527,1,East Anglian Region,Lower Than A Level,90-100%,35-55,1,120,0,Distinction,4,1,1,0,0,1,1,1,0,1,0,0,1,0,0,8
BBB,2013B,1904710,1,Yorkshire Region,Lower Than A Level,30-40%,35-55,0,60,1,Withdrawn,6,1,1,1,0,0,1,1,1,0,1,0,0,0,1,9
BBB,2013B,1912438,1,South West Region,Lower Than A Level,30-40%,35-55,0,60,0,Pass,4,1,0,0,1,1,0,1,1,1,1,0,1,1,0,8
BBB,2013B,1923618,1,South East Region,HE Qualification,50-60%,35-55,0,60,0,Distinction,5,0,0,1,1,0,0,0,1,1,0,0,0,0,1,9
BBB,2013B,1930254,1,London Region,A Level or Equivalent,50-60%,35-55,1,60,0,Fail,14,1,0,1,0,1,1,0,1,1,0,1,1,0,0,5
BBB,2013B,1930367,1,East Midlands Region,A Level or Equivalent,90-100%,35-55,0,90,0,Distinction,7,1,0,0,0,0,1,1,0,0,1,1,1,0,0,3
BBB,2013B,1937864,1,Scotland,A Level or Equivalent,50-60%,35-55,1,120,0,Pass,14,0,1,0,0,0,0,0,0,0,0,1,1,1,1,5
BBB,2013B,1971393,1,West Midlands Region,Lower Than A Level,30-40%,35-55,0,60,0,Pass,7,0,1,1,1,1,1,1,0,1,0,1,1,0,0,3
BBB,2013B,1993672,1,West Midlands Region,Lower Than A Level,0-10%,35-55,3,60,1,Withdrawn,3,0,1,0,0,1,1,0,1,1,0,0,0,1,0,8
BBB,2013B,1996746,1,North Western Region,Lower Than A Level,60-70%,35-55,3,120,0,Withdrawn,6,0,0,1,1,1,1,0,0,1,0,0,0,0,0,9
BBB,2013B,1997796,1,North Region,A Level or Equivalent,,35-55,0,60,0,Distinction,1,0,0,0,1,0,1,0,0,1,1,0,0,1,0,2
BBB,2013B,2019837,1,North Western Region,A Level or Equivalent,20-30%,35-55,0,60,0,Withdrawn,14,0,0,1,1,1,1,0,0,0,0,0,0,1,1,5
BBB,2013B,2023366,1,South East Region,Lower Than A Level,60-70%,35-55,0,120,0,Pass,14,0,1,0,1,0,1,1,0,0,1,1,1,1,0,5
BBB,2013B,2034350,0,Yorkshire Region,A Level or Equivalent,70-80%,35-55,0,150,0,Withdrawn,3,0,0,1,0,1,1,1,1,0,1,1,1,0,1,8
BBB,2013B,2035022,1,London Region,Lower Than A Level,20-Oct,35-55,3,120,1,Pass,11,1,0,1,1,0,1,0,0,0,1,1,0,0,0,6
BBB,2013B,2076177,1,London Region,HE Qualification,30-40%,35-55,0,60,0,Withdrawn,8,1,1,0,0,1,1,0,0,1,1,1,1,0,0,3
BBB,2013B,2092834,1,South Region,A Level or Equivalent,60-70%,0-35,0,90,0,Pass,15,1,1,1,1,0,0,1,1,1,1,0,0,0,0,10
BBB,2013B,2097916,1,Yorkshire Region,A Level or Equivalent,20-30%,35-55,0,60,0,Distinction,2,0,0,0,0,1,1,0,0,1,1,1,0,0,0,2
BBB,2013B,2132811,1,West Midlands Region,Lower Than A Level,20-Oct,0-35,0,60,1,Pass,7,1,0,0,0,1,1,0,0,1,0,0,0,0,1,3
BBB,2013B,2173572,1,North Western Region,Lower Than A Level,20-30%,0-35,0,90,0,Pass,9,1,0,1,1,0,1,1,1,0,1,0,1,1,0,4
BBB,2013B,2205383,1,North Western Region,A Level or Equivalent,40-50%,35-55,0,90,0,Fail,1,0,0,1,1,1,0,1,0,1,1,0,0,1,0,2
BBB,2013B,2210318,0,Wales,A Level or Equivalent,50-60%,35-55,0,60,0,Distinction,2,0,1,0,1,0,0,0,0,0,1,0,1,0,0,2
BBB,2013B,2216178,1,East Anglian Region,HE Qualification,70-80%,35-55,0,60,0,Fail,14,1,0,0,0,1,1,0,0,1,1,0,0,1,0,5
BBB,2013B,2231614,1,South Region,A Level or Equivalent,90-100%,35-55,0,120,1,Distinction,16,0,1,0,0,1,1,1,1,0,0,0,0,1,1,10
BBB,2013B,2236738,0,Scotland,HE Qualification,30-40%,35-55,0,120,0,Distinction,16,1,1,1,0,0,0,0,0,1,1,0,1,0,0,10
BBB,2013B,2243551,1,East Anglian Region,Lower Than A Level,60-70%,0-35,1,120,0,Fail,10,1,0,0,0,0,0,0,1,1,1,0,1,1,1,1
BBB,2013B,2244724,1,East Anglian Region,A Level or Equivalent,70-80%,35-55,0,60,0,Fail,3,1,0,1,0,1,1,0,1,0,1,0,1,1,0,8
BBB,2013B,2249372,1,South Region,A Level or Equivalent,50-60%,35-55,0,120,0,Pass,16,1,0,0,1,1,1,0,1,1,1,0,1,0,0,10
BBB,2013B,2254619,1,East Anglian Region,A Level or Equivalent,80-90%,35-55,0,60,0,Pass,10,0,1,0,0,0,1,0,1,1,0,1,1,1,0,1
BBB,2013B,2265234,1,South West Region,Lower Than A Level,50-60%,35-55,0,120,0,Withdrawn,8,0,1,0,1,1,0,0,0,1,0,1,0,1,1,3
BBB,2013B,2269480,1,East Anglian Region,A Level or Equivalent,50-60%,0-35,0,60,0,Distinction,5,1,1,0,1,0,0,0,0,1,1,0,1,1,0,9
BBB,2013B,2273828,1,North Western Region,A Level or Equivalent,20-Oct,0-35,0,60,0,Withdrawn,9,1,1,1,1,0,1,1,0,0,1,0,0,1,0,4
BBB,2013B,2279538,1,South West Region,A Level or Equivalent,50-60%,35-55,2,60,0,Fail,11,1,0,0,0,1,1,1,0,0,0,0,0,0,1,6
BBB,2013B,2280038,0,Yorkshire Region,Lower Than A Level,50-60%,0-35,2,60,0,Fail,7,1,0,1,1,0,1,0,0,1,0,1,1,0,0,3
BBB,2013B,2287671,1,North Western Region,A Level or Equivalent,20-Oct,0-35,0,120,1,Withdrawn,4,0,0,0,0,1,0,0,1,0,1,0,0,1,0,8
BBB,2013B,2288607,1,South East Region,Lower Than A Level,50-60%,35-55,2,120,0,Distinction,3,1,0,1,0,1,0,1,1,1,1,0,0,1,0,8
BBB,2013B,2290090,1,South East Region,Lower Than A Level,30-40%,0-35,0,60,0,Pass,13,0,1,1,0,0,0,0,0,1,0,1,0,1,1,5
BBB,2013B,2291598,1,South Region,A Level or Equivalent,80-90%,35-55,0,90,1,Pass,4,1,0,1,1,0,1,1,0,1,1,1,0,0,1,8
BBB,2013B,2293443,1,South East Region,Lower Than A Level,30-40%,35-55,1,120,1,Distinction,14,0,1,1,1,0,0,0,1,1,0,1,0,1,1,5
BBB,2013B,2296749,1,West Midlands Region,Lower Than A Level,60-70%,35-55,0,60,0,Pass,2,0,0,1,1,1,0,0,1,1,0,1,0,1,0,2
BBB,2013B,2300911,1,South West Region,Lower Than A Level,70-80%,35-55,0,60,0,Withdrawn,15,0,0,1,0,0,1,1,0,1,0,1,1,1,1,10
BBB,2013B,2301111,1,Scotland,HE Qualification,20-Oct,0-35,1,60,0,Withdrawn,11,1,1,0,1,1,1,0,1,0,0,1,0,0,0,6
BBB,2013B,2302925,1,East Anglian Region,A Level or Equivalent,70-80%,35-55,0,60,0,Withdrawn,3,1,0,1,0,1,0,0,1,0,0,1,0,1,1,8
BBB,2013B,2303034,1,South West Region,A Level or Equivalent,20-30%,35-55,1,60,1,Fail,6,0,1,1,1,0,0,1,1,1,1,0,0,0,1,9
BBB,2013B,2303848,0,Ireland,Lower Than A Level,30-40%,35-55,1,60,0,Withdrawn,6,1,0,0,1,1,1,0,1,1,0,1,0,0,1,9
BBB,2013B,2308528,0,Scotland,A Level or Equivalent,20-Oct,0-35,0,60,0,Pass,5,1,0,1,1,1,0,0,1,1,1,0,1,1,1,9
BBB,2013B,2322046,1,South Region,HE Qualification,90-100%,35-55,1,60,1,Withdrawn,16,0,1,1,1,1,1,1,0,1,1,0,1,1,1,10
BBB,2013B,2322342,1,South West Region,HE Qualification,30-40%,35-55,0,120,0,Distinction,10,1,1,1,1,0,0,0,1,1,0,0,1,0,1,1
BBB,2013B,2327072,1,Wales,HE Qualification,50-60%,0-35,0,120,0,Pass,2,1,0,0,0,0,0,0,1,1,1,0,1,1,0,2
BBB,2013B,2336550,1,West Midlands Region,HE Qualification,0-10%,35-55,0,120,0,Pass,3,0,0,0,0,1,0,1,0,0,1,0,1,1,1,8
BBB,2013B,2340190,1,Yorkshire Region,Lower Than A Level,20-30%,0-35,5,120,0,Fail,1,1,0,0,0,0,1,0,1,1,0,1,1,1,0,2
BBB,2013B,2366070,1,South East Region,HE Qualification,30-40%,0-35,0,240,0,Withdrawn,8,1,1,1,0,1,1,0,1,1,0,1,1,1,1,3
BBB,2013B,2375144,1,East Anglian Region,Lower Than A Level,40-50%,0-35,0,90,0,Withdrawn,8,1,0,1,0,1,0,0,1,1,1,1,0,0,1,3
BBB,2013B,2376628,1,West Midlands Region,A Level or Equivalent,30-40%,35-55,0,120,0,Pass,4,0,0,0,0,1,1,0,1,1,0,0,0,1,0,8
BBB,2013B,2377567,1,South West Region,HE Qualification,50-60%,35-55,0,60,0,Distinction,12,1,1,1,1,0,1,1,0,0,0,1,0,0,1,7
BBB,2013B,2380539,1,East Midlands Region,No Formal quals,0-10%,0-35,0,60,0,Pass,7,0,0,1,1,1,1,1,1,0,0,0,1,0,0,3
BBB,2013B,2384819,1,Scotland,HE Qualification,0-10%,35-55,0,120,0,Distinction,6,1,0,0,0,0,1,0,1,1,0,0,1,1,1,9
BBB,2013B,2394212,1,Ireland,HE Qualification,,35-55,0,90,0,Withdrawn,11,1,1,1,0,0,1,0,0,1,0,0,0,0,0,6
BBB,2013B,2395222,1,Wales,HE Qualification,0-10%,35-55,0,60,0,Fail,16,0,1,0,1,0,1,1,0,0,0,1,1,1,1,10
BBB,2013B,2399361,1,Scotland,A Level or Equivalent,20-30%,0-35,1,120,0,Withdrawn,2,1,0,0,0,1,0,1,0,0,0,0,1,0,1,2
BBB,2013B,2415962,0,Scotland,A Level or Equivalent,0-10%,35-55,0,120,1,Withdrawn,7,0,1,0,1,1,1,0,0,0,1,1,0,0,0,3
BBB,2013B,2418877,1,Ireland,Lower Than A Level,0-10%,0-35,1,60,1,Withdrawn,15,1,0,0,1,1,1,0,1,0,1,0,1,0,1,10
BBB,2013B,2422639,1,North Region,Lower Than A Level,60-70%,0-35,0,120,0,Withdrawn,5,1,0,0,0,1,1,1,0,1,0,1,1,0,0,9
BBB,2013B,2423078,0,London Region,A Level or Equivalent,0-10%,35-55,1,180,0,Withdrawn,8,1,1,1,1,0,0,0,1,0,0,1,1,1,0,3
BBB,2013B,2425333,1,Scotland,A Level or Equivalent,0-10%,35-55,0,60,1,Fail,16,1,1,0,0,1,0,1,0,1,1,0,0,0,1,10
BBB,2013B,2425726,1,East Anglian Region,Lower Than A Level,20-30%,35-55,0,60,0,Withdrawn,13,0,1,0,1,0,1,1,1,1,1,1,1,0,1,5
BBB,2013B,2439201,1,North Region,Lower Than A Level,20-30%,0-35,0,60,0,Pass,2,0,1,0,1,0,1,0,0,1,0,0,1,1,1,2
BBB,2013B,2442685,0,East Anglian Region,Lower Than A Level,40-50%,0-35,1,120,0,Pass,11,0,0,1,1,0,0,1,1,0,0,1,0,1,0,6
BBB,2013B,2444088,1,South West Region,Lower Than A Level,80-90%,35-55,0,60,0,Distinction,4,1,1,1,1,1,0,1,1,0,1,0,1,1,1,8
BBB,2013B,2444102,1,South East Region,HE Qualification,80-90%,0-35,0,60,0,Withdrawn,1,1,0,0,0,0,1,0,1,1,0,0,1,0,0,2
BBB,2013B,2444703,1,West Midlands Region,Lower Than A Level,0-10%,0-35,2,120,0,Fail,6,0,0,1,1,1,0,0,1,1,1,1,1,0,0,9
BBB,2013B,2445088,0,London Region,Lower Than A Level,40-50%,35-55,0,60,0,Withdrawn,3,1,1,0,1,1,1,1,1,0,0,1,1,1,1,8
BBB,2013B,2445949,0,East Anglian Region,Lower Than A Level,0-10%,35-55,2,60,0,Fail,11,0,1,0,1,1,1,0,0,1,1,1,0,1,1,6
BBB,2013B,2446144,1,South West Region,A Level or Equivalent,60-70%,35-55,0,60,0,Pass,12,1,1,0,0,0,0,1,0,0,0,1,1,1,0,7
BBB,2013B,2458984,1,East Midlands Region,A Level or Equivalent,40-50%,0-35,0,60,1,Pass,8,0,0,1,1,1,1,0,0,1,0,0,0,0,0,3
BBB,2013B,2464963,1,Yorkshire Region,A Level or Equivalent,80-90%,35-55,0,60,0,Pass,6,1,0,1,1,1,1,1,1,1,0,0,1,1,0,9
BBB,2013B,2466123,1,North Western Region,Lower Than A Level,30-40%,0-35,0,60,1,Withdrawn,10,0,1,1,1,1,0,0,1,0,1,1,1,0,0,1
BBB,2013B,2470672,1,West Midlands Region,A Level or Equivalent,30-40%,35-55,1,60,0,Fail,14,1,0,1,1,1,0,1,0,0,1,0,1,0,0,5
BBB,2013B,2474493,1,South East Region,A Level or Equivalent,50-60%,0-35,0,120,0,Pass,13,0,1,1,0,1,0,1,1,1,0,1,1,1,0,5
BBB,2013B,2475034,1,Ireland,Lower Than A Level,90-100%,0-35,0,60,0,Withdrawn,4,1,0,0,1,1,0,1,0,0,1,1,0,1,0,8
BBB,2013B,2475780,1,Scotland,Lower Than A Level,90-100%,35-55,4,120,0,Pass,15,1,1,1,0,1,0,1,0,0,1,0,0,0,1,10
BBB,2013B,2476649,1,South East Region,Lower Than A Level,80-90%,0-35,1,60,0,Pass,10,0,0,1,0,1,0,1,0,0,0,0,1,0,1,1
BBB,2013B,2480865,1,South Region,A Level or Equivalent,90-100%,0-35,0,120,0,Withdrawn,3,0,0,0,0,0,1,1,1,1,0,1,1,1,0,8
BBB,2013B,2481224,0,London Region,Lower Than A Level,20-Oct,35-55,0,120,1,Pass,3,0,1,0,1,0,1,1,0,1,0,1,0,1,1,8
BBB,2013B,2481765,1,South East Region,A Level or Equivalent,90-100%,35-55,0,60,0,Pass,10,0,1,0,1,1,1,1,0,0,1,0,0,0,0,1
BBB,2013B,2483179,1,Wales,Lower Than A Level,40-50%,0-35,0,60,0,Distinction,9,1,0,0,1,1,0,1,1,0,1,1,1,1,1,4
BBB,2013B,2483568,1,South East Region,A Level or Equivalent,50-60%,35-55,0,120,0,Pass,12,0,1,0,0,1,0,1,1,0,1,1,0,1,0,7
BBB,2013B,2487541,1,London Region,HE Qualification,50-60%,35-55,0,60,0,Distinction,12,0,0,1,0,1,0,0,0,1,1,0,0,1,1,7
BBB,2013B,2498182,0,East Midlands Region,A Level or Equivalent,0-10%,0-35,0,60,0,Fail,5,0,0,0,0,1,1,0,1,0,0,1,1,0,0,9
BBB,2013B,2498299,1,Wales,A Level or Equivalent,30-40%,0-35,1,120,0,Distinction,2,0,0,0,1,1,1,1,0,1,0,0,0,0,1,2
BBB,2013B,2512392,1,Wales,Lower Than A Level,90-100%,35-55,0,120,0,Withdrawn,1,0,0,0,1,1,1,0,1,1,1,0,1,1,1,2
BBB,2013B,2517864,1,South West Region,HE Qualification,30-40%,35-55,0,210,0,Pass,16,1,0,1,1,1,0,0,1,1,1,1,0,1,1,10
BBB,2013B,2518653,1,Wales,A Level or Equivalent,40-50%,0-35,0,120,0,Distinction,5,0,0,0,0,1,0,1,0,1,1,0,1,1,1,9
BBB,2013B,2521745,1,Yorkshire Region,Lower Than A Level,0-10%,0-35,0,60,0,Fail,16,1,0,0,0,0,1,1,0,1,0,1,1,0,0,10
BBB,2013B,2522093,1,Scotland,HE Qualification,70-80%,0-35,0,120,0,Distinction,11,0,1,1,0,0,0,1,0,1,0,0,1,1,0,6
BBB,2013B,2524127,1,East Anglian Region,Lower Than A Level,20-Oct,0-35,2,120,0,Pass,12,0,1,0,0,1,1,1,1,0,0,0,0,0,1,7
BBB,2013B,2528352,1,West Midlands Region,Lower Than A Level,20-Oct,0-35,1,60,0,Withdrawn,3,1,0,0,0,0,0,1,0,1,1,1,0,0,0,8
BBB,2013B,2528966,1,North Western Region,A Level or Equivalent,20-Oct,35-55,1,120,1,Pass,15,1,0,1,1,0,0,1,1,0,0,0,0,1,0,10
BBB,2013B,2531031,1,East Anglian Region,Lower Than A Level,20-Oct,35-55,0,120,0,Pass,16,0,0,0,0,1,1,1,1,1,0,0,1,1,1,10
BBB,2013B,2534033,0,West Midlands Region,A Level or Equivalent,70-80%,0-35,1,60,1,Withdrawn,2,1,0,1,0,0,1,0,1,0,1,1,1,0,1,2
BBB,2013B,2535788,1,Yorkshire Region,A Level or Equivalent,20-Oct,35-55,2,60,0,Fail,8,0,0,0,1,0,1,0,1,0,0,0,0,1,1,3
BBB,2013B,2540362,1,North Western Region,HE Qualification,50-60%,35-55,0,120,0,Fail,7,1,1,1,0,1,0,0,1,1,0,1,1,0,0,3
BBB,2013B,2540746,1,West Midlands Region,Lower Than A Level,20-Oct,0-35,0,60,0,Withdrawn,13,1,0,0,1,0,1,1,1,0,1,0,1,0,1,5
BBB,2013B,2541120,1,South Region,A Level or Equivalent,30-40%,35-55,0,60,0,Distinction,6,1,1,1,0,1,0,0,0,1,0,0,1,1,0,9
BBB,2013B,2553749,1,North Western Region,No Formal quals,0-10%,35-55,1,60,0,Withdrawn,15,1,1,1,0,1,0,0,0,0,0,1,0,1,1,10
BBB,2013B,2560219,1,East Anglian Region,Lower Than A Level,40-50%,35-55,0,90,0,Fail,1,0,1,0,0,0,0,0,1,0,1,1,0,1,0,2
BBB,2013B,2568958,1,Scotland,Lower Than A Level,40-50%,35-55,0,60,0,Fail,10,1,1,1,0,1,1,0,0,1,0,1,0,1,1,1
BBB,2013B,2569163,1,Yorkshire Region,HE Qualification,40-50%,35-55,0,120,0,Distinction,13,0,1,1,0,0,1,1,1,0,0,0,0,0,0,5
BBB,2013B,2570633,1,London Region,Lower Than A Level,30-40%,35-55,0,240,0,Withdrawn,15,0,0,1,1,0,1,1,1,0,0,1,1,0,0,10
BBB,2013B,2571447,1,Ireland,Lower Than A Level,20-30%,0-35,0,60,0,Fail,14,0,1,0,0,1,1,1,1,1,0,1,1,1,0,5
BBB,2013B,2572118,1,London Region,Lower Than A Level,0-10%,0-35,0,150,0,Fail,14,1,0,1,1,0,0,1,0,0,0,1,0,1,1,5
BBB,2013B,2575914,1,North Region,Lower Than A Level,0-10%,0-35,3,60,1,Withdrawn,6,0,0,1,1,0,0,1,0,0,0,0,1,0,0,9
BBB,2013B,2578041,1,London Region,A Level or Equivalent,30-40%,35-55,0,300,0,Withdrawn,9,0,0,1,0,0,1,0,0,1,1,0,1,0,0,4
BBB,2013B,2578567,1,East Midlands Region,Lower Than A Level,20-Oct,0-35,0,60,0,Fail,4,1,1,1,1,0,0,1,0,0,0,0,0,1,1,8
BBB,2013B,2579459,1,South West Region,Lower Than A Level,20-30%,35-55,0,60,0,Distinction,6,1,0,0,1,0,1,0,0,0,1,1,0,1,0,9
BBB,2013B,2580439,1,Wales,HE Qualification,20-Oct,35-55,0,120,0,Pass,15,1,1,0,0,1,0,0,1,0,1,1,0,1,0,10
BBB,2013B,2581528,1,South East Region,Lower Than A Level,40-50%,0-35,0,120,0,Pass,11,1,1,0,0,0,0,1,0,0,1,1,1,1,0,6
BBB,2013B,2587260,1,South West Region,HE Qualification,40-50%,0-35,1,120,0,Withdrawn,4,0,0,1,1,0,1,1,1,0,1,0,0,0,0,8
BBB,2013B,2591421,1,London Region,A Level or Equivalent,20-Oct,35-55,0,90,0,Withdrawn,11,0,0,1,1,1,1,1,1,1,1,1,1,0,0,6
BBB,2013B,2597027,1,South West Region,A Level or Equivalent,40-50%,35-55,0,60,0,Withdrawn,13,1,1,1,1,1,0,0,1,0,1,0,1,1,1,5
BBB,2013B,2598220,1,Yorkshire Region,A Level or Equivalent,20-Oct,0-35,0,120,0,Fail,1,0,1,0,0,1,1,1,0,0,1,0,1,1,0,2
BBB,2013B,2602809,1,North Region,Lower Than A Level,60-70%,35-55,0,60,0,Pass,5,0,0,0,0,1,1,0,0,0,0,0,1,1,0,9
BBB,2013B,2608235,1,East Anglian Region,A Level or Equivalent,20-Oct,0-35,0,60,0,Pass,16,0,0,1,1,0,1,0,1,1,0,0,0,0,1,10
BBB,2013B,2608453,1,Scotland,Lower Than A Level,30-40%,35-55,5,120,0,Fail,2,1,0,0,1,1,1,0,1,1,0,0,1,0,1,2
BBB,2013B,2612483,1,South Region,A Level or Equivalent,90-100%,0-35,0,60,0,Distinction,16,0,0,1,1,1,1,0,1,1,1,1,1,1,1,10
BBB,2013B,2616787,1,East Midlands Region,A Level or Equivalent,20-30%,35-55,0,90,1,Pass,12,0,0,0,1,0,1,1,0,0,1,1,0,0,0,7
BBB,2013B,2617596,1,East Midlands Region,HE Qualification,80-90%,35-55,0,120,0,Distinction,2,1,0,0,1,0,0,1,0,1,0,1,1,1,1,2
BBB,2013B,2617650,1,South East Region,Lower Than A Level,70-80%,35-55,1,120,0,Withdrawn,1,1,0,0,0,1,1,1,0,1,0,0,0,1,1,2
BBB,2013B,2617999,1,North Western Region,Lower Than A Level,20-Oct,35-55,0,180,0,Pass,4,1,0,0,0,0,1,0,0,0,1,1,1,1,1,8
BBB,2013B,2620178,0,South Region,Lower Than A Level,20-30%,0-35,0,60,0,Distinction,9,1,1,1,0,0,1,0,0,1,1,1,1,0,1,4
BBB,2013B,2622465,0,London Region,Lower Than A Level,20-30%,35-55,0,60,0,Pass,14,0,1,0,0,1,0,1,1,0,1,1,1,1,0,5
BBB,2013B,2626410,1,Wales,A Level or Equivalent,40-50%,35-55,0,60,0,Withdrawn,5,1,0,0,0,1,0,1,0,1,0,0,1,0,0,9
BBB,2013B,2635505,1,South Region,Lower Than A Level,20-30%,35-55,1,120,0,Pass,6,0,1,0,0,1,0,0,0,1,1,0,1,1,1,9
BBB,2013B,2635829,1,Scotland,HE Qualification,90-100%,35-55,0,60,0,Distinction,5,1,0,1,1,0,1,1,0,0,0,0,1,0,1,9
BBB,2013B,2639611,1,Wales,A Level or Equivalent,90-100%,35-55,0,120,0,Pass,2,0,0,0,1,0,1,1,1,1,0,0,1,0,1,2
BBB,2013B,2641393,1,East Midlands Region,HE Qualification,40-50%,35-55,0,120,0,Pass,15,1,0,1,1,0,0,1,0,1,1,1,1,0,0,10
BBB,2013B,2642029,1,South Region,HE Qualification,70-80%,35-55,0,120,0,Distinction,9,0,1,0,1,0,0,1,1,1,0,0,0,0,0,4
BBB,2013B,2645061,1,South East Region,Lower Than A Level,80-90%,0-35,1,180,0,Pass,16,0,0,0,1,1,1,1,0,0,0,0,0,1,1,10
BBB,2013B,2649947,1,London Region,A Level or Equivalent,20-30%,0-35,1,120,0,Pass,13,1,0,0,1,0,1,1,0,0,0,1,0,0,0,5
BBB,2013B,2654302,0,West Midlands Region,A Level or Equivalent,70-80%,35-55,1,120,0,Pass,9,1,0,0,1,0,1,0,1,0,0,0,1,0,0,4
BBB,2013B,2654411,0,East Anglian Region,Lower Than A Level,90-100%,0-35,0,120,0,Fail,4,0,0,1,1,1,0,1,1,0,1,1,0,0,1,8
BBB,2013B,2664301,1,South West Region,A Level or Equivalent,40-50%,35-55,0,120,0,Fail,14,0,0,0,0,1,1,1,0,1,0,0,1,0,1,5
BBB,2013B,2680770,1,West Midlands Region,No Formal quals,20-Oct,0-35,0,60,0,Withdrawn,13,0,0,1,0,1,0,1,1,0,0,0,1,0,1,5
BBB,2013B,2685831,1,Wales,No Formal quals,30-40%,0-35,0,60,0,Pass,14,0,0,1,0,1,0,1,1,0,0,0,0,1,1,5
BBB,2013B,2692381,1,North Western Region,Lower Than A Level,50-60%,0-35,3,180,0,Withdrawn,6,1,1,1,1,1,1,1,0,0,1,0,0,0,0,9
BBB,2013B,2692384,0,Scotland,Lower Than A Level,50-60%,0-35,0,60,0,Pass,6,0,1,0,0,1,0,0,1,1,1,0,1,0,0,9
BBB,2013B,2693974,1,South West Region,HE Qualification,60-70%,35-55,0,60,0,Withdrawn,10,0,1,1,0,0,1,1,0,0,1,0,0,0,1,1
BBB,2013J,23632,1,East Anglian Region,A Level or Equivalent,40-50%,0-35,0,60,0,Withdrawn,15,0,0,0,1,0,1,1,1,1,1,0,0,1,0,10
BBB,2013J,23798,0,Wales,A Level or Equivalent,50-60%,0-35,0,60,0,Distinction,13,0,1,0,0,0,0,1,1,1,0,1,1,1,1,5
BBB,2013J,25629,1,Scotland,Lower Than A Level,20-30%,0-35,0,120,0,Withdrawn,10,1,0,1,0,0,0,1,0,0,1,1,1,1,1,1
BBB,2013J,26677,0,West Midlands Region,A Level or Equivalent,0-10%,0-35,4,60,0,Withdrawn,5,1,0,0,1,1,1,1,1,0,0,1,0,1,1,9
BBB,2013J,27457,1,South East Region,Lower Than A Level,40-50%,35-55,0,60,0,Withdrawn,10,0,0,0,1,0,1,0,1,1,1,1,1,0,1,1
BBB,2013J,27759,0,North Western Region,Lower Than A Level,40-50%,35-55,0,120,1,Fail,6,0,0,1,1,1,0,1,0,1,1,1,1,1,1,9
BBB,2013J,30091,1,South West Region,A Level or Equivalent,20-Oct,0-35,0,60,1,Pass,4,1,0,1,0,1,1,1,0,0,1,1,1,1,1,8
BBB,2013J,31014,1,West Midlands Region,Lower Than A Level,80-90%,35-55,0,120,0,Withdrawn,11,0,0,0,1,1,0,0,1,1,0,1,1,0,1,6
BBB,2013J,31849,1,South West Region,Lower Than A Level,60-70%,35-55,0,120,0,Pass,4,1,1,1,1,1,1,1,1,0,1,0,1,1,1,8
BBB,2013J,37622,1,Scotland,HE Qualification,80-90%,0-35,1,120,0,Pass,13,1,0,0,1,1,1,0,1,1,1,0,0,1,0,5
BBB,2013J,38234,1,East Midlands Region,A Level or Equivalent,60-70%,0-35,0,60,0,Fail,4,0,1,0,1,0,1,1,1,0,1,1,1,0,1,8
BBB,2013J,47855,1,Scotland,Lower Than A Level,20-Oct,35-55,3,300,0,Withdrawn,14,0,1,1,1,0,0,0,1,0,0,1,1,0,1,5
BBB,2013J,48040,1,East Midlands Region,A Level or Equivalent,20-30%,35-55,0,120,0,Pass,16,0,0,1,1,1,1,1,0,0,0,1,0,0,1,10
BBB,2013J,48503,1,West Midlands Region,Lower Than A Level,20-Oct,0-35,0,60,0,Pass,1,1,1,1,0,1,1,1,1,1,1,1,1,1,0,2
BBB,2013J,51301,1,Wales,Lower Than A Level,30-40%,0-35,2,60,1,Withdrawn,11,0,1,1,0,1,1,1,0,0,0,1,0,0,1,6
BBB,2013J,52797,1,South West Region,Lower Than A Level,30-40%,35-55,1,60,0,Pass,10,0,1,1,0,1,0,0,1,0,1,0,1,0,0,1
BBB,2013J,52899,1,East Midlands Region,Lower Than A Level,50-60%,35-55,1,90,0,Pass,4,1,1,0,1,1,0,0,0,1,0,1,0,0,0,8
BBB,2013J,53360,1,North Western Region,Lower Than A Level,20-Oct,35-55,1,120,0,Withdrawn,3,1,0,1,0,1,1,1,1,1,1,0,1,0,0,8
BBB,2013J,54388,0,East Anglian Region,Lower Than A Level,0-10%,35-55,3,75,0,Withdrawn,6,0,0,1,1,1,0,1,1,0,1,0,0,0,0,9
BBB,2013J,55026,1,London Region,A Level or Equivalent,20-30%,35-55,0,60,1,Pass,15,1,0,1,0,1,0,1,0,0,0,0,0,1,1,10
BBB,2013J,56340,1,South Region,Lower Than A Level,20-30%,0-35,0,60,0,Fail,12,0,1,1,0,0,1,0,1,1,0,0,1,0,0,7
BBB,2013J,56789,1,South East Region,A Level or Equivalent,60-70%,35-55,1,60,0,Pass,2,1,0,0,0,0,1,1,1,1,0,1,0,1,0,2
BBB,2013J,57079,1,London Region,Lower Than A Level,30-40%,35-55,0,60,0,Fail,1,1,1,0,1,0,0,0,1,0,0,0,1,1,1,2
BBB,2013J,57369,0,Ireland,Lower Than A Level,40-50%,35-55,0,60,0,Withdrawn,11,0,1,0,1,0,1,0,1,1,1,0,0,1,0,6
BBB,2013J,61118,1,London Region,A Level or Equivalent,20-30%,0-35,0,180,0,Withdrawn,15,0,1,0,1,0,0,1,0,1,1,1,0,1,0,10
BBB,2013J,63044,1,London Region,Lower Than A Level,20-30%,0-35,1,120,0,Fail,16,1,0,1,0,1,1,1,1,1,1,0,1,1,0,10
BBB,2013J,64246,1,South East Region,Lower Than A Level,50-60%,35-55,0,120,0,Withdrawn,7,1,0,0,1,1,1,0,0,0,0,1,1,1,1,3
BBB,2013J,65807,1,North Western Region,HE Qualification,20-Oct,0-35,1,120,0,Withdrawn,16,0,0,1,1,1,1,1,0,1,1,0,0,1,1,10
BBB,2013J,67863,1,London Region,Lower Than A Level,20-Oct,35-55,1,60,0,Withdrawn,16,1,0,1,1,0,1,1,1,1,0,0,1,0,1,10
BBB,2013J,68556,1,South East Region,HE Qualification,70-80%,0-35,0,60,0,Fail,1,0,1,0,1,1,0,0,1,1,0,0,1,0,0,2
BBB,2013J,69843,1,South West Region,A Level or Equivalent,20-Oct,35-55,1,60,0,Withdrawn,3,0,0,0,1,0,1,0,0,0,1,1,0,0,1,8
BBB,2013J,72057,1,Yorkshire Region,A Level or Equivalent,20-Oct,0-35,0,120,0,Withdrawn,1,1,0,1,1,0,0,0,0,1,0,1,0,1,0,2
BBB,2013J,73489,1,South Region,HE Qualification,80-90%,0-35,0,120,0,Pass,9,0,1,1,1,0,0,1,0,0,0,1,0,0,0,4
BBB,2013J,74169,0,East Anglian Region,A Level or Equivalent,70-80%,35-55,0,60,0,Withdrawn,13,0,0,0,1,0,0,0,1,0,0,0,0,0,0,5
BBB,2013J,74585,1,Wales,A Level or Equivalent,60-70%,35-55,0,60,0,Distinction,1,0,1,1,0,0,1,1,0,1,1,1,0,0,1,2
BBB,2013J,78255,1,North Region,Lower Than A Level,0-10%,0-35,1,120,0,Withdrawn,14,0,0,1,0,1,1,1,0,0,0,1,1,1,0,5
BBB,2013J,80717,1,South West Region,Lower Than A Level,60-70%,35-55,0,60,0,Distinction,16,1,1,1,1,1,0,1,0,1,1,0,0,0,0,10
BBB,2013J,84812,1,East Anglian Region,A Level or Equivalent,80-90%,0-35,0,120,0,Pass,3,1,1,0,1,0,0,1,0,1,0,1,1,1,0,8
BBB,2013J,86291,1,Wales,HE Qualification,50-60%,35-55,1,60,0,Fail,14,0,0,1,0,0,0,0,0,0,0,1,1,1,0,5
BBB,2013J,90243,1,Wales,HE Qualification,70-80%,35-55,0,60,0,Pass,9,0,0,0,0,1,0,0,1,1,0,0,0,0,0,4
BBB,2013J,96475,0,South East Region,Lower Than A Level,60-70%,0-35,0,180,0,Pass,7,1,1,0,0,0,0,1,1,0,0,1,0,0,1,3
BBB,2013J,97567,1,Wales,HE Qualification,70-80%,35-55,0,60,0,Pass,3,0,0,0,1,1,1,0,0,1,0,1,0,0,0,8
BBB,2013J,98268,1,Scotland,HE Qualification,70-80%,35-55,0,60,0,Pass,15,1,0,0,0,1,0,0,0,1,0,0,0,0,1,10
BBB,2013J,98720,1,London Region,Lower Than A Level,20-30%,35-55,0,60,1,Pass,15,0,0,0,0,1,1,0,1,0,1,0,1,0,1,10
BBB,2013J,100282,1,Wales,Lower Than A Level,20-30%,0-35,1,120,0,Withdrawn,14,1,0,0,0,0,0,1,1,1,0,0,0,0,0,5
BBB,2013J,105527,1,Scotland,HE Qualification,40-50%,35-55,0,120,0,Pass,14,1,1,0,1,1,1,0,0,1,1,1,1,1,0,5
BBB,2013J,105851,1,West Midlands Region,A Level or Equivalent,20-30%,0-35,0,60,1,Pass,7,1,0,1,1,1,0,0,0,0,1,1,1,1,0,3
BBB,2013J,105883,1,North Western Region,A Level or Equivalent,0-10%,35-55,0,60,0,Pass,1,0,0,0,1,1,1,1,0,0,1,1,1,0,1,2
BBB,2013J,106588,1,Scotland,A Level or Equivalent,60-70%,35-55,0,60,0,Distinction,7,1,1,1,1,1,1,0,0,0,0,0,1,1,0,3
BBB,2013J,108118,1,South Region,A Level or Equivalent,90-100%,35-55,0,60,0,Pass,9,1,1,0,0,0,0,1,1,0,1,1,0,0,1,4
BBB,2013J,108760,1,London Region,Lower Than A Level,30-40%,35-55,3,60,0,Fail,8,1,0,1,0,0,1,0,0,0,1,1,0,1,1,3
BBB,2013J,109372,1,South West Region,Lower Than A Level,,0-35,0,60,0,Pass,1,0,1,1,1,0,1,1,1,0,0,1,1,0,1,2
BBB,2013J,109782,1,Scotland,A Level or Equivalent,50-60%,0-35,0,60,0,Withdrawn,8,1,1,1,1,1,0,0,1,0,0,1,1,0,0,3
BBB,2013J,111942,1,South West Region,A Level or Equivalent,70-80%,35-55,0,120,0,Pass,4,0,1,0,0,1,1,0,1,1,0,1,0,1,0,8
BBB,2013J,119898,1,West Midlands Region,Lower Than A Level,30-40%,0-35,2,60,0,Pass,16,0,1,1,1,1,1,0,1,1,0,1,1,0,1,10
BBB,2013J,123716,0,North Region,Lower Than A Level,20-Oct,0-35,0,90,0,Pass,1,1,1,1,0,1,1,0,0,0,1,0,1,0,0,2
BBB,2013J,124909,0,Yorkshire Region,Lower Than A Level,40-50%,35-55,0,60,0,Pass,4,1,1,1,1,0,1,1,0,0,1,0,1,1,0,8
BBB,2013J,125874,1,South East Region,Lower Than A Level,40-50%,35-55,0,60,1,Withdrawn,2,0,1,0,0,0,0,1,0,1,1,0,1,0,0,2
BBB,2013J,128386,0,South Region,Lower Than A Level,30-40%,35-55,0,60,0,Fail,9,1,1,1,1,0,0,1,0,0,0,1,0,1,1,4
BBB,2013J,128889,1,South Region,A Level or Equivalent,90-100%,35-55,1,120,0,Pass,13,0,1,0,1,1,1,1,1,1,1,1,0,0,0,5
BBB,2013J,131051,1,Scotland,Lower Than A Level,60-70%,0-35,3,60,0,Pass,5,1,0,0,1,1,0,0,1,1,0,1,1,0,1,9
BBB,2013J,132626,1,South Region,A Level or Equivalent,20-30%,0-35,0,60,0,Withdrawn,6,1,0,1,1,0,0,0,1,1,0,0,0,1,0,9
BBB,2013J,133269,1,West Midlands Region,Lower Than A Level,50-60%,0-35,0,60,1,Withdrawn,16,1,0,0,1,1,0,1,0,0,1,0,1,1,0,10
BBB,2013J,134563,1,Scotland,Lower Than A Level,20-30%,0-35,2,60,0,Pass,12,1,0,0,0,1,0,0,0,1,0,1,0,1,0,7
BBB,2013J,138289,1,East Midlands Region,Lower Than A Level,40-50%,0-35,0,60,0,Fail,13,0,1,1,1,1,1,1,1,0,0,0,0,1,0,5
BBB,2013J,138920,1,Wales,Lower Than A Level,0-10%,0-35,1,60,0,Fail,13,1,1,0,0,0,0,1,1,1,1,0,1,1,1,5
BBB,2013J,139549,1,Scotland,Lower Than A Level,40-50%,0-35,1,60,1,Pass,4,0,0,0,0,0,1,1,0,0,1,0,0,0,0,8
BBB,2013J,141949,1,East Anglian Region,Lower Than A Level,20-30%,0-35,1,60,0,Pass,14,1,0,1,0,1,1,0,1,0,1,0,1,1,0,5
BBB,2013J,146165,1,Wales,A Level or Equivalent,40-50%,35-55,0,60,0,Pass,10,0,0,1,1,0,1,0,1,1,1,0,0,1,0,1
BBB,2013J,146600,1,Ireland,Lower Than A Level,80-90%,0-35,0,120,0,Pass,2,0,0,1,0,1,0,0,1,0,1,1,1,0,0,2
BBB,2013J,151800,1,Wales,Lower Than A Level,20-30%,0-35,0,60,0,Fail,16,0,1,0,1,1,0,0,1,1,1,0,0,0,1,10
BBB,2013J,151917,1,West Midlands Region,A Level or Equivalent,20-Oct,0-35,3,60,0,Fail,12,0,1,1,0,1,1,0,1,0,1,1,1,1,0,7
BBB,2013J,152867,1,South Region,A Level or Equivalent,50-60%,0-35,2,60,1,Withdrawn,7,1,1,0,0,1,0,1,1,1,1,0,0,1,0,3
BBB,2013J,153704,1,West Midlands Region,Lower Than A Level,0-10%,0-35,2,60,0,Fail,5,0,1,0,0,0,1,0,0,0,0,0,0,1,0,9
BBB,2013J,154011,1,South East Region,A Level or Equivalent,30-40%,0-35,0,60,0,Pass,15,0,0,1,0,0,1,1,0,1,1,1,1,0,1,10
BBB,2013J,154570,1,Scotland,Lower Than A Level,50-60%,35-55,1,60,0,Withdrawn,1,1,1,1,0,1,0,0,1,0,1,1,1,1,1,2
BBB,2013J,156311,1,London Region,A Level or Equivalent,80-90%,35-55,0,60,0,Pass,13,0,1,0,1,1,0,0,0,0,0,1,0,0,0,5
BBB,2013J,156788,0,East Midlands Region,Lower Than A Level,30-40%,35-55,0,180,0,Withdrawn,1,1,0,1,0,0,0,1,1,1,1,1,1,0,1,2
BBB,2013J,157060,1,East Midlands Region,Lower Than A Level,30-40%,0-35,0,60,0,Pass,2,0,0,0,0,1,0,0,1,1,0,1,0,0,1,2
BBB,2013J,157795,0,Yorkshire Region,Lower Than A Level,80-90%,35-55,1,60,0,Pass,11,0,0,0,1,0,1,0,0,0,0,0,0,1,1,6
BBB,2013J,161491,1,Scotland,A Level or Equivalent,30-40%,0-35,0,120,0,Distinction,10,1,1,1,0,1,1,1,1,1,0,0,1,1,0,1
BBB,2013J,162646,1,Scotland,Lower Than A Level,0-10%,0-35,1,60,0,Fail,9,1,0,0,1,1,0,1,1,1,0,1,0,0,0,4
BBB,2013J,165823,1,Yorkshire Region,Lower Than A Level,20-Oct,35-55,0,60,0,Withdrawn,1,0,0,1,0,1,1,0,1,1,1,1,0,0,0,2
BBB,2013J,169213,1,London Region,A Level or Equivalent,30-40%,0-35,1,60,0,Pass,8,0,0,1,0,1,0,1,1,0,0,1,1,0,1,3
BBB,2013J,174222,1,South West Region,Lower Than A Level,80-90%,0-35,0,60,0,Pass,9,1,1,1,1,0,0,1,1,0,0,1,0,1,1,4
BBB,2013J,174440,1,Wales,Lower Than A Level,70-80%,0-35,0,60,0,Fail,3,0,0,1,0,1,1,0,1,0,1,0,1,0,1,8
BBB,2013J,174487,1,South Region,Lower Than A Level,20-Oct,0-35,1,60,0,Pass,12,0,0,0,1,0,0,0,0,0,1,1,0,0,1,7
BBB,2013J,178738,1,East Anglian Region,HE Qualification,70-80%,0-35,1,60,0,Fail,7,0,0,0,0,0,1,0,0,0,1,0,0,0,1,3
BBB,2013J,178963,0,South West Region,A Level or Equivalent,70-80%,0-35,0,120,1,Pass,11,0,1,0,0,0,1,1,1,1,1,0,0,1,0,6
BBB,2013J,179254,1,South East Region,Lower Than A Level,30-40%,0-35,1,60,0,Fail,3,1,1,1,1,1,0,0,0,0,0,1,0,1,1,8
BBB,2013J,182661,1,South Region,Lower Than A Level,40-50%,35-55,3,60,0,Pass,9,1,1,1,0,0,0,1,1,0,1,0,1,0,0,4
BBB,2013J,184236,0,North Western Region,Lower Than A Level,0-10%,0-35,0,60,1,Withdrawn,15,1,0,1,1,0,1,0,1,1,0,0,0,1,0,10
BBB,2013J,184897,1,South Region,Lower Than A Level,20-30%,0-35,0,60,0,Withdrawn,13,0,1,1,0,1,1,1,1,1,1,1,0,0,0,5
BBB,2013J,185597,1,East Anglian Region,Lower Than A Level,80-90%,0-35,0,90,0,Withdrawn,6,0,1,1,0,0,1,1,0,1,0,0,1,0,1,9
BBB,2013J,188026,1,Wales,HE Qualification,90-100%,0-35,1,120,0,Fail,7,1,0,1,1,1,0,1,0,1,1,0,0,0,1,3
BBB,2013J,189095,1,Scotland,Lower Than A Level,50-60%,0-35,1,60,0,Fail,2,1,1,0,1,0,0,1,1,0,0,1,1,1,0,2
BBB,2013J,191269,1,East Anglian Region,Lower Than A Level,30-40%,35-55,0,60,0,Pass,1,1,0,0,1,0,0,1,1,0,1,0,0,1,1,2
BBB,2013J,193215,1,South East Region,A Level or Equivalent,30-40%,0-35,0,120,0,Fail,13,1,0,0,1,1,1,1,0,1,0,1,0,0,0,5
BBB,2013J,195096,1,Wales,A Level or Equivalent,20-Oct,0-35,0,60,0,Pass,1,0,1,1,0,0,1,1,1,0,1,0,1,1,0,2
BBB,2013J,195938,1,West Midlands Region,A Level or Equivalent,40-50%,0-35,1,60,0,Distinction,15,1,0,0,1,0,0,1,1,0,0,0,1,1,0,10
BBB,2013J,197240,1,Yorkshire Region,A Level or Equivalent,30-40%,0-35,1,150,0,Pass,5,0,0,1,0,0,1,1,0,1,1,0,1,1,0,9
BBB,2013J,197412,1,North Western Region,A Level or Equivalent,20-Oct,0-35,0,60,0,Pass,7,0,1,0,0,0,1,1,1,0,1,1,0,0,1,3
BBB,2013J,197759,1,South East Region,A Level or Equivalent,80-90%,35-55,0,60,0,Pass,4,0,0,1,0,1,0,1,1,1,0,1,1,0,1,8
BBB,2013J,198339,1,South Region,Lower Than A Level,30-40%,35-55,1,60,1,Withdrawn,14,0,0,0,0,0,1,0,0,0,0,0,0,0,0,5
BBB,2013J,199029,1,South Region,No Formal quals,90-100%,0-35,0,60,0,Distinction,2,0,1,0,0,0,0,0,0,1,1,0,1,0,1,2
BBB,2013J,199663,0,London Region,Post Graduate Qualification,30-40%,35-55,0,60,0,Pass,7,0,1,1,0,0,1,0,0,0,1,1,0,0,0,3
BBB,2013J,202879,1,East Anglian Region,Lower Than A Level,30-40%,0-35,1,60,0,Fail,4,1,0,0,1,0,1,1,0,1,0,1,0,1,1,8
BBB,2013J,203640,0,Yorkshire Region,Lower Than A Level,70-80%,0-35,0,60,0,Pass,7,1,1,0,0,0,0,0,1,1,1,0,1,1,0,3
BBB,2013J,205788,1,East Anglian Region,Lower Than A Level,40-50%,35-55,0,120,1,Pass,4,1,1,0,1,0,1,0,0,0,0,0,0,1,1,8
BBB,2013J,227416,0,South East Region,A Level or Equivalent,30-40%,0-35,0,60,0,Fail,16,1,0,0,1,1,1,1,0,0,1,1,0,0,0,10
BBB,2013J,228243,0,London Region,A Level or Equivalent,20-Oct,35-55,0,120,0,Withdrawn,8,0,1,0,0,1,1,1,0,0,1,0,1,1,1,3
BBB,2013J,228513,1,Ireland,HE Qualification,90-100%,0-35,2,180,0,Withdrawn,7,1,0,0,1,0,1,0,0,0,0,1,0,1,1,3
BBB,2013J,230081,1,East Midlands Region,A Level or Equivalent,30-40%,0-35,0,120,0,Pass,2,0,1,1,1,0,1,0,1,1,1,1,0,1,1,2
BBB,2013J,231959,1,North Region,Lower Than A Level,20-30%,35-55,1,180,0,Withdrawn,1,1,0,0,0,0,0,1,1,1,0,1,1,0,1,2
BBB,2013J,233102,1,South East Region,Lower Than A Level,30-40%,0-35,0,240,0,Withdrawn,1,1,1,0,0,0,1,1,1,0,0,1,0,1,1,2
BBB,2013J,233317,1,Yorkshire Region,HE Qualification,60-70%,0-35,1,60,0,Pass,4,0,1,0,0,0,1,0,1,1,0,1,1,1,0,8
BBB,2013J,233752,1,North Western Region,Lower Than A Level,60-70%,35-55,0,60,0,Pass,4,1,0,1,1,0,1,1,0,1,0,0,0,1,1,8
BBB,2013J,233957,1,South Region,A Level or Equivalent,80-90%,0-35,0,60,0,Fail,12,0,1,0,0,1,0,0,1,0,0,0,1,1,1,7
BBB,2013J,234929,1,Wales,HE Qualification,80-90%,0-35,1,60,0,Fail,15,0,0,0,1,0,0,0,0,0,0,0,0,1,0,10
BBB,2013J,235258,1,Scotland,HE Qualification,30-40%,0-35,0,210,1,Withdrawn,12,0,0,0,0,1,1,0,0,1,0,1,0,1,1,7
BBB,2013J,235428,0,London Region,Lower Than A Level,20-30%,35-55,0,150,0,Withdrawn,16,1,1,0,1,0,0,0,1,0,1,0,0,1,0,10
BBB,2013J,238825,1,East Anglian Region,A Level or Equivalent,60-70%,0-35,0,60,0,Withdrawn,6,1,0,0,1,0,0,0,0,1,1,0,0,1,0,9
BBB,2013J,240993,1,East Midlands Region,A Level or Equivalent,30-40%,35-55,0,60,1,Pass,11,1,0,0,1,0,0,0,1,1,1,1,0,0,1,6
BBB,2013J,241338,1,South West Region,Lower Than A Level,60-70%,35-55,0,120,0,Fail,15,0,0,0,0,1,1,0,0,1,0,0,0,1,0,10
BBB,2013J,242149,1,North Western Region,Lower Than A Level,0-10%,0-35,1,120,0,Fail,2,0,0,0,1,0,0,1,1,1,0,1,1,1,0,2
BBB,2013J,242893,1,Yorkshire Region,No Formal quals,30-40%,0-35,1,60,0,Withdrawn,7,0,0,1,0,1,1,0,1,1,1,0,0,0,0,3
BBB,2013J,243047,0,Yorkshire Region,HE Qualification,0-10%,35-55,0,120,0,Withdrawn,16,0,0,0,0,0,0,0,0,0,0,1,0,0,1,10
BBB,2013J,243851,1,East Midlands Region,A Level or Equivalent,0-10%,0-35,0,60,1,Pass,9,0,1,0,0,0,1,0,0,1,1,1,1,0,1,4
BBB,2013J,243909,1,South West Region,Lower Than A Level,80-90%,0-35,0,60,0,Fail,1,1,0,1,1,0,0,0,0,0,0,0,0,1,1,2
BBB,2013J,243992,1,South Region,HE Qualification,80-90%,35-55,0,60,0,Pass,16,1,1,1,1,0,0,0,0,1,1,0,1,1,0,10
BBB,2013J,244917,1,London Region,Lower Than A Level,20-30%,0-35,0,60,0,Withdrawn,3,0,1,1,1,0,0,0,0,1,1,1,0,1,1,8
BBB,2013J,245987,1,South Region,A Level or Equivalent,80-90%,35-55,1,60,1,Pass,2,1,1,1,1,0,0,1,1,0,0,0,0,0,0,2
BBB,2013J,247902,1,West Midlands Region,Lower Than A Level,20-30%,0-35,2,120,0,Pass,3,1,0,0,0,1,0,0,0,0,1,1,1,1,0,8
BBB,2013J,248653,0,London Region,A Level or Equivalent,40-50%,0-35,0,120,0,Distinction,3,1,1,1,1,1,1,1,1,0,0,1,0,0,0,8
BBB,2013J,248716,1,North Region,HE Qualification,80-90%,35-55,0,60,0,Pass,16,1,1,1,1,0,1,0,1,0,1,1,1,1,1,10
BBB,2013J,248800,1,West Midlands Region,Lower Than A Level,0-10%,0-35,2,60,1,Withdrawn,1,1,0,1,1,1,0,1,0,0,0,0,0,1,0,2
BBB,2013J,251815,1,Wales,Lower Than A Level,20-Oct,35-55,1,90,1,Fail,15,1,0,0,1,1,0,0,0,1,0,1,1,1,0,10
BBB,2013J,252257,1,East Midlands Region,A Level or Equivalent,20-Oct,35-55,0,60,0,Pass,4,0,0,1,0,1,1,1,0,1,0,1,0,1,1,8
BBB,2013J,252652,1,London Region,A Level or Equivalent,50-60%,35-55,1,120,0,Withdrawn,10,1,1,1,1,1,1,0,0,1,0,0,1,0,0,1
BBB,2013J,253577,1,Scotland,HE Qualification,20-30%,0-35,0,60,0,Pass,1,0,1,1,0,1,0,1,1,0,0,0,0,1,0,2
BBB,2013J,256998,1,East Midlands Region,Lower Than A Level,0-10%,0-35,1,60,0,Pass,1,0,1,1,1,0,1,1,0,1,0,0,1,1,0,2
BBB,2013J,258035,1,North Western Region,HE Qualification,80-90%,35-55,0,60,0,Distinction,2,1,0,0,0,1,1,0,1,0,1,1,0,1,0,2
BBB,2013J,259182,0,East Midlands Region,Lower Than A Level,40-50%,0-35,2,120,0,Withdrawn,10,1,0,0,1,1,1,0,0,1,1,1,1,0,1,1
BBB,2013J,260179,1,Scotland,Lower Than A Level,30-40%,0-35,1,60,0,Pass,15,1,1,0,1,0,1,1,0,0,1,0,1,1,0,10
BBB,2013J,261332,0,North Western Region,Lower Than A Level,50-60%,35-55,0,60,1,Fail,14,0,1,0,0,1,1,1,0,1,0,1,1,0,0,5
BBB,2013J,261466,1,London Region,A Level or Equivalent,30-40%,35-55,0,60,0,Pass,10,1,0,0,1,1,1,0,1,1,1,0,1,1,1,1
BBB,2013J,262639,1,London Region,Lower Than A Level,20-Oct,0-35,0,60,0,Pass,4,0,0,1,0,0,1,1,0,1,1,0,1,0,0,8
BBB,2013J,264152,1,Wales,A Level or Equivalent,30-40%,0-35,1,120,0,Pass,9,1,1,1,0,1,1,0,1,0,1,0,1,0,0,4
BBB,2013J,264744,1,West Midlands Region,A Level or Equivalent,90-100%,0-35,0,120,0,Pass,11,0,0,0,0,0,0,0,0,0,0,0,0,0,1,6
BBB,2013J,264842,1,South West Region,Lower Than A Level,70-80%,0-35,0,120,1,Withdrawn,16,1,1,0,1,0,1,0,1,0,0,0,0,0,1,10
BBB,2013J,265170,1,Wales,A Level or Equivalent,40-50%,0-35,0,60,0,Fail,13,1,1,1,1,0,0,0,1,1,0,0,1,1,1,5
BBB,2013J,266331,1,Scotland,A Level or Equivalent,90-100%,0-35,0,90,0,Distinction,7,1,1,0,1,1,0,1,1,1,1,1,1,0,0,3
BBB,2013J,266564,1,South Region,A Level or Equivalent,80-90%,35-55,0,120,0,Pass,8,0,1,0,0,0,0,1,0,0,1,0,0,1,1,3
BBB,2013J,266744,1,South West Region,A Level or Equivalent,30-40%,0-35,0,240,0,Withdrawn,13,1,1,1,1,1,1,1,0,1,0,1,1,1,1,5
BBB,2013J,268589,1,London Region,A Level or Equivalent,20-Oct,35-55,0,90,1,Pass,10,0,0,0,0,1,0,1,1,0,0,0,1,1,0,1
BBB,2013J,269082,1,South East Region,HE Qualification,90-100%,0-35,2,60,0,Distinction,8,0,0,0,1,1,0,1,1,0,1,1,1,0,1,3
BBB,2013J,269204,1,South Region,Lower Than A Level,90-100%,35-55,0,60,0,Pass,10,1,1,0,1,1,1,0,0,1,0,0,0,1,0,1
BBB,2013J,270646,1,East Anglian Region,Lower Than A Level,90-100%,0-35,0,90,0,Pass,12,1,0,0,1,0,0,0,1,1,0,0,1,1,0,7
BBB,2013J,271346,1,East Anglian Region,A Level or Equivalent,90-100%,0-35,1,150,0,Withdrawn,5,0,1,1,1,0,1,1,0,1,1,1,0,0,0,9
BBB,2013J,272172,1,North Western Region,A Level or Equivalent,0-10%,0-35,1,60,0,Fail,15,0,0,1,1,1,0,1,1,0,1,0,1,0,0,10
BBB,2013J,272617,1,East Midlands Region,Lower Than A Level,20-30%,0-35,2,60,1,Withdrawn,3,1,1,1,1,1,1,1,1,1,1,1,0,1,1,8
BBB,2013J,274247,1,South Region,Lower Than A Level,0-10%,0-35,1,60,1,Fail,8,0,1,1,1,1,0,1,1,1,0,1,1,1,0,3
BBB,2013J,274577,1,South West Region,Lower Than A Level,60-70%,0-35,1,60,0,Withdrawn,15,1,0,0,1,1,1,1,0,0,1,0,1,0,0,10
BBB,2013J,274971,1,Ireland,Lower Than A Level,80-90%,35-55,0,75,0,Pass,1,0,0,1,1,1,0,0,1,1,0,1,1,0,0,2
BBB,2013J,276925,1,Wales,A Level or Equivalent,70-80%,35-55,0,60,0,Withdrawn,13,0,0,0,1,0,1,1,1,0,0,1,0,1,0,5
BBB,2013J,277537,0,North Western Region,Lower Than A Level,30-40%,35-55,0,60,0,Fail,12,0,1,1,0,1,0,1,0,1,1,0,0,1,1,7
BBB,2013J,277812,1,South East Region,HE Qualification,90-100%,35-55,0,60,0,Distinction,7,1,1,0,0,1,1,1,0,0,1,0,1,1,1,3
BBB,2013J,278272,0,East Anglian Region,HE Qualification,20-30%,35-55,1,120,0,Fail,10,0,0,0,1,1,0,0,0,0,0,1,1,0,1,1
BBB,2013J,278773,1,East Midlands Region,A Level or Equivalent,90-100%,0-35,0,120,0,Withdrawn,4,1,0,0,1,1,0,1,0,1,1,1,1,1,1,8
BBB,2013J,278794,1,South West Region,A Level or Equivalent,20-30%,0-35,1,60,1,Pass,11,1,0,0,0,1,0,0,0,1,0,0,1,0,0,6
BBB,2013J,280140,1,Scotland,Lower Than A Level,40-50%,0-35,2,60,1,Fail,10,0,1,1,0,1,0,0,1,0,1,1,0,1,0,1
BBB,2013J,280151,1,London Region,A Level or Equivalent,20-Oct,0-35,0,210,1,Fail,13,0,1,0,1,1,0,0,0,1,1,0,1,1,0,5
BBB,2013J,280439,1,Yorkshire Region,A Level or Equivalent,20-Oct,0-35,0,120,0,Withdrawn,9,1,1,0,1,0,0,1,0,1,0,0,1,0,0,4
BBB,2013J,282038,1,North Western Region,Lower Than A Level,70-80%,0-35,0,120,0,Withdrawn,5,0,0,1,1,0,0,0,1,1,1,1,1,0,0,9
BBB,2013J,282785,1,Ireland,Lower Than A Level,50-60%,0-35,1,60,0,Withdrawn,8,1,0,0,1,0,0,0,0,0,0,0,0,1,0,3
BBB,2013J,284906,1,East Midlands Region,A Level or Equivalent,70-80%,0-35,2,60,0,Pass,10,1,0,1,0,0,0,1,1,1,1,0,1,0,0,1
BBB,2013J,285050,0,North Western Region,HE Qualification,0-10%,0-35,1,180,0,Fail,2,0,1,0,0,0,1,0,0,1,0,1,0,1,0,2
BBB,2013J,286402,1,Yorkshire Region,A Level or Equivalent,70-80%,35-55,0,60,0,Distinction,2,0,0,0,1,1,0,1,1,0,0,1,1,0,0,2
BBB,2013J,286690,1,Wales,Lower Than A Level,70-80%,0-35,2,60,0,Fail,1,0,1,0,1,0,0,1,1,0,1,1,0,1,0,2
BBB,2013J,287107,1,North Western Region,A Level or Equivalent,0-10%,35-55,0,60,0,Distinction,14,1,1,1,1,0,0,0,1,1,0,1,0,1,0,5
BBB,2013J,287309,1,South West Region,Lower Than A Level,40-50%,0-35,2,120,0,Pass,10,0,1,1,0,1,1,1,0,1,1,1,0,0,1,1
BBB,2013J,287679,1,Wales,A Level or Equivalent,60-70%,35-55,0,60,0,Pass,4,0,0,0,1,0,0,0,0,1,1,1,0,1,1,8
BBB,2013J,289753,1,West Midlands Region,A Level or Equivalent,20-30%,0-35,0,210,1,Withdrawn,7,0,0,1,0,1,0,1,0,0,0,1,0,1,0,3
BBB,2013J,289965,1,Wales,A Level or Equivalent,0-10%,0-35,1,60,0,Fail,14,0,1,0,1,0,0,1,1,0,1,0,0,0,1,5
BBB,2013J,290089,0,London Region,Lower Than A Level,40-50%,0-35,0,120,0,Distinction,8,0,1,0,1,1,0,1,1,1,0,0,0,0,0,3
BBB,2013J,291544,1,South East Region,Lower Than A Level,80-90%,0-35,0,60,1,Distinction,3,1,0,0,1,0,1,0,0,0,0,0,0,1,0,8
BBB,2013J,292537,1,South Region,Lower Than A Level,50-60%,0-35,0,60,0,Pass,14,1,0,0,0,0,0,1,1,0,0,0,1,0,1,5
BBB,2013J,293712,1,East Midlands Region,A Level or Equivalent,40-50%,0-35,0,60,0,Distinction,2,0,0,1,1,0,1,0,0,0,0,1,1,1,0,2
BBB,2013J,293754,0,North Region,Lower Than A Level,,35-55,0,60,0,Distinction,6,0,1,1,1,0,1,1,1,0,1,0,0,1,1,9
BBB,2013J,293760,1,Ireland,Lower Than A Level,30-40%,0-35,1,120,0,Pass,10,0,0,1,0,1,1,0,1,0,1,1,1,1,1,1
BBB,2013J,299561,1,South Region,A Level or Equivalent,40-50%,35-55,2,60,1,Withdrawn,6,1,0,1,0,0,1,1,1,0,1,1,0,1,0,9
BBB,2013J,301583,1,Yorkshire Region,A Level or Equivalent,0-10%,0-35,1,60,0,Fail,4,0,0,1,1,1,1,0,1,1,1,1,1,1,0,8
BBB,2013J,301987,1,South Region,A Level or Equivalent,20-30%,0-35,0,60,0,Pass,16,1,0,0,1,1,0,1,0,0,1,1,0,0,1,10
BBB,2013J,303331,1,East Anglian Region,Lower Than A Level,20-Oct,0-35,3,60,0,Withdrawn,11,1,1,0,0,0,1,0,1,1,1,0,0,1,0,6
BBB,2013J,303617,1,Wales,Lower Than A Level,0-10%,0-35,0,60,0,Fail,14,1,0,1,0,1,0,0,0,0,1,0,0,1,0,5
BBB,2013J,304069,1,South East Region,A Level or Equivalent,70-80%,35-55,0,90,0,Withdrawn,9,0,1,1,1,1,0,1,1,1,1,0,0,0,1,4
BBB,2013J,304795,1,East Midlands Region,Lower Than A Level,60-70%,0-35,3,120,0,Withdrawn,5,1,0,0,1,1,1,0,1,1,0,1,1,1,1,9
BBB,2013J,305173,0,Wales,Lower Than A Level,20-Oct,0-35,2,60,0,Fail,15,1,0,0,1,1,0,1,0,1,1,1,1,0,1,10
BBB,2013J,305547,1,Yorkshire Region,Lower Than A Level,30-40%,35-55,2,120,0,Withdrawn,6,1,0,1,1,0,1,0,0,0,1,0,0,1,0,9
BBB,2013J,305812,1,East Anglian Region,Lower Than A Level,50-60%,0-35,1,60,0,Withdrawn,3,1,1,0,0,1,0,1,1,1,0,1,1,0,0,8
BBB,2013J,305935,1,South East Region,HE Qualification,80-90%,0-35,1,180,0,Fail,10,0,1,1,0,0,0,1,1,0,1,0,1,0,1,1
BBB,2013J,306964,1,Scotland,Lower Than A Level,20-30%,0-35,0,60,1,Pass,2,1,0,1,0,0,1,0,0,0,0,0,1,0,1,2
BBB,2013J,307193,0,Wales,Lower Than A Level,20-Oct,35-55,0,60,0,Fail,1,1,0,0,1,0,1,0,1,0,1,0,1,1,0,2
BBB,2013J,307230,1,Wales,Lower Than A Level,60-70%,0-35,0,60,0,Withdrawn,4,1,1,1,1,0,1,1,1,1,1,1,0,0,1,8
BBB,2013J,308359,1,East Midlands Region,Lower Than A Level,80-90%,0-35,1,60,0,Withdrawn,15,0,1,1,0,1,0,0,1,1,0,1,1,1,1,10
BBB,2013J,308509,1,Yorkshire Region,Lower Than A Level,20-Oct,0-35,0,120,0,Fail,9,0,1,0,0,0,0,1,1,1,0,1,1,0,0,4
BBB,2013J,308703,1,Wales,HE Qualification,50-60%,0-35,0,60,0,Withdrawn,13,1,0,1,0,1,1,0,0,0,1,0,1,1,0,5
BBB,2013J,308852,1,South West Region,A Level or Equivalent,40-50%,0-35,0,60,0,Withdrawn,15,1,1,1,1,1,1,1,1,0,1,0,0,1,1,10
BBB,2013J,310125,1,East Anglian Region,Lower Than A Level,40-50%,35-55,0,60,0,Withdrawn,5,1,0,0,0,1,1,0,1,1,0,0,0,0,0,9
BBB,2013J,310933,1,Wales,Lower Than A Level,50-60%,0-35,1,60,0,Pass,4,0,0,1,0,0,1,0,1,0,0,1,0,1,0,8
BBB,2013J,312531,1,Scotland,A Level or Equivalent,80-90%,0-35,2,120,0,Withdrawn,7,0,1,1,0,1,1,1,0,1,0,1,0,0,1,3
BBB,2013J,314850,1,South East Region,A Level or Equivalent,70-80%,35-55,1,120,0,Withdrawn,11,1,1,0,1,0,1,0,1,1,1,1,0,0,1,6
BBB,2013J,315105,0,East Anglian Region,A Level or Equivalent,20-30%,35-55,2,60,0,Distinction,4,1,0,1,1,0,0,0,1,1,1,0,0,1,0,8
BBB,2013J,316076,1,South West Region,A Level or Equivalent,70-80%,35-55,0,60,1,Pass,11,0,1,0,0,0,0,0,0,0,0,0,0,0,0,6
BBB,2013J,318848,1,South East Region,Lower Than A Level,70-80%,35-55,0,60,0,Pass,14,0,0,0,1,0,1,1,1,0,0,0,1,1,1,5
BBB,2013J,319618,1,East Anglian Region,A Level or Equivalent,40-50%,0-35,1,60,0,Pass,13,1,1,0,1,1,1,1,0,1,0,1,1,1,1,5
BBB,2013J,320051,1,East Anglian Region,Lower Than A Level,20-30%,0-35,0,120,0,Pass,11,1,0,1,1,0,0,1,0,0,1,0,0,1,1,6
BBB,2013J,320757,0,Scotland,Lower Than A Level,90-100%,0-35,1,60,0,Pass,3,1,1,0,1,0,0,0,1,0,0,1,1,0,1,8
BBB,2013J,322728,1,North Western Region,Lower Than A Level,30-40%,0-35,1,270,0,Withdrawn,4,1,1,0,1,0,0,1,0,0,1,0,0,0,1,8
BBB,2013J,323090,1,South Region,HE Qualification,60-70%,0-35,0,60,0,Pass,4,1,0,1,0,1,1,1,0,1,1,0,0,0,0,8
BBB,2013J,323606,1,South Region,A Level or Equivalent,20-Oct,35-55,0,120,0,Pass,14,1,1,0,0,0,0,1,1,1,0,0,0,0,1,5
BBB,2013J,324236,1,Wales,Lower Than A Level,60-70%,35-55,1,120,0,Withdrawn,3,1,0,1,1,0,0,0,1,1,0,0,0,1,0,8
BBB,2013J,324319,1,Scotland,Lower Than A Level,20-Oct,35-55,3,60,0,Withdrawn,16,0,1,1,0,0,0,0,1,0,1,1,1,1,0,10
BBB,2013J,324614,1,North Western Region,Lower Than A Level,20-Oct,0-35,2,120,0,Withdrawn,6,1,1,0,1,1,1,1,0,1,0,1,1,0,0,9
BBB,2013J,325887,0,South East Region,Lower Than A Level,70-80%,0-35,0,60,1,Pass,9,1,1,1,1,0,1,0,0,1,0,0,0,0,1,4
BBB,2013J,329030,0,East Anglian Region,HE Qualification,70-80%,0-35,1,60,0,Fail,10,0,0,0,1,0,1,1,1,0,0,0,0,0,1,1
BBB,2013J,329192,1,South West Region,HE Qualification,50-60%,35-55,0,90,0,Distinction,9,0,1,0,0,1,1,1,1,0,1,1,0,0,0,4
BBB,2013J,332257,1,East Midlands Region,Lower Than A Level,70-80%,0-35,1,60,0,Withdrawn,4,1,1,1,1,1,0,0,0,1,1,1,1,1,1,8
BBB,2013J,333117,1,Ireland,A Level or Equivalent,20-30%,0-35,0,90,0,Withdrawn,4,0,1,0,1,1,0,1,0,0,1,0,0,0,1,8
BBB,2013J,333651,1,East Anglian Region,A Level or Equivalent,50-60%,35-55,0,60,0,Withdrawn,13,1,0,0,1,0,1,1,0,0,1,0,0,0,1,5
BBB,2013J,335136,1,Scotland,HE Qualification,20-30%,35-55,0,60,0,Fail,12,1,0,1,0,0,0,0,1,0,1,1,1,0,0,7
BBB,2013J,335481,1,South East Region,HE Qualification,90-100%,35-55,3,60,0,Fail,10,0,1,1,0,0,0,0,0,1,0,1,0,1,0,1
BBB,2013J,336478,1,Yorkshire Region,Lower Than A Level,30-40%,0-35,0,60,0,Pass,10,1,0,1,0,1,1,0,1,0,0,0,0,1,1,1
BBB,2013J,336646,1,South West Region,Lower Than A Level,30-40%,0-35,0,120,0,Fail,16,1,0,0,0,0,1,0,0,1,1,0,1,1,0,10
BBB,2013J,337151,1,London Region,A Level or Equivalent,70-80%,0-35,0,60,0,Pass,12,1,1,0,0,1,1,1,1,1,0,0,1,0,0,7
BBB,2013J,338741,1,East Anglian Region,A Level or Equivalent,50-60%,0-35,0,120,0,Pass,14,0,0,0,1,0,0,1,1,1,1,0,0,1,1,5
BBB,2013J,338878,1,West Midlands Region,A Level or Equivalent,80-90%,35-55,2,60,0,Withdrawn,12,1,0,1,0,0,1,1,1,0,0,1,1,1,0,7
BBB,2013J,339494,0,South East Region,A Level or Equivalent,0-10%,0-35,0,60,0,Pass,8,0,0,0,1,0,1,1,1,0,0,1,0,1,1,3
BBB,2013J,339608,1,East Anglian Region,A Level or Equivalent,70-80%,35-55,1,60,0,Pass,6,0,1,0,1,0,1,1,1,1,0,0,1,0,0,9
BBB,2013J,339656,1,London Region,A Level or Equivalent,0-10%,35-55,0,60,0,Withdrawn,14,0,0,0,0,1,0,0,1,1,1,0,1,0,0,5
BBB,2013J,340661,0,North Western Region,A Level or Equivalent,20-30%,35-55,0,120,1,Withdrawn,4,0,1,0,1,1,0,0,1,1,1,0,1,0,0,8
BBB,2013J,340911,1,Ireland,A Level or Equivalent,20-Oct,0-35,0,120,0,Pass,7,1,0,0,0,1,0,0,0,1,1,1,0,1,1,3
BBB,2013J,340965,1,South East Region,HE Qualification,30-40%,0-35,0,60,0,Pass,3,1,0,1,1,0,0,0,1,1,0,0,0,1,0,8
BBB,2013J,341612,1,North Region,A Level or Equivalent,0-10%,35-55,1,60,0,Withdrawn,5,1,0,1,0,0,0,1,1,1,1,0,1,1,1,9
BBB,2013J,342678,1,London Region,A Level or Equivalent,50-60%,0-35,1,90,0,Withdrawn,16,1,0,0,0,0,0,1,1,0,0,1,1,1,0,10
BBB,2013J,342685,1,Scotland,A Level or Equivalent,30-40%,0-35,0,60,1,Pass,9,1,0,1,0,1,0,1,0,0,1,0,0,1,0,4
BBB,2013J,344568,1,West Midlands Region,Lower Than A Level,70-80%,0-35,0,60,0,Pass,7,0,1,1,0,0,0,0,1,1,1,0,0,0,1,3
BBB,2013J,345083,1,South Region,A Level or Equivalent,70-80%,35-55,0,60,1,Withdrawn,3,0,1,1,0,0,1,0,0,1,0,1,0,0,1,8
BBB,2013J,345128,1,East Anglian Region,A Level or Equivalent,80-90%,0-35,2,90,0,Fail,16,0,1,0,1,1,0,1,1,1,1,0,0,0,1,10
BBB,2013J,349554,1,Scotland,HE Qualification,80-90%,35-55,0,60,0,Pass,3,0,0,0,1,1,0,0,1,0,1,0,1,1,1,8
BBB,2013J,349675,1,Scotland,HE Qualification,30-40%,35-55,1,60,0,Fail,14,1,0,0,1,0,1,0,0,1,1,0,0,0,0,5
BBB,2013J,352112,1,South East Region,A Level or Equivalent,20-30%,0-35,0,60,0,Pass,13,1,0,0,1,1,1,1,1,1,0,1,0,0,1,5
BBB,2013J,352161,1,Ireland,Lower Than A Level,20-30%,0-35,2,60,0,Withdrawn,15,1,0,0,1,0,0,1,0,0,0,1,0,0,1,10
BBB,2013J,352339,1,Yorkshire Region,Lower Than A Level,0-10%,0-35,0,90,1,Withdrawn,5,0,0,0,1,1,1,0,0,1,1,1,0,1,1,9
BBB,2013J,352688,1,South Region,A Level or Equivalent,70-80%,0-35,0,210,0,Pass,5,1,0,0,0,1,0,0,1,1,0,0,0,0,1,9
BBB,2013J,354779,1,South East Region,A Level or Equivalent,80-90%,0-35,1,60,0,Pass,15,0,1,1,1,0,0,0,1,1,1,0,0,1,1,10
BBB,2013J,355591,1,North Western Region,Lower Than A Level,30-40%,35-55,1,210,1,Withdrawn,7,1,0,1,1,0,0,0,1,1,1,1,1,1,0,3
BBB,2013J,355692,0,South West Region,A Level or Equivalent,20-Oct,35-55,0,60,0,Withdrawn,13,0,0,1,0,0,1,1,1,1,1,0,0,1,1,5
BBB,2013J,358289,0,East Anglian Region,Lower Than A Level,20-Oct,0-35,0,180,1,Withdrawn,14,0,0,0,0,0,0,1,1,1,0,1,0,0,0,5
BBB,2013J,360101,1,West Midlands Region,Lower Than A Level,20-Oct,0-35,0,60,0,Withdrawn,12,0,0,1,0,1,0,1,0,0,0,1,0,1,0,7
BBB,2013J,360876,1,Wales,A Level or Equivalent,80-90%,35-55,1,60,0,Fail,1,0,0,1,1,0,1,1,0,1,0,0,0,1,0,2
BBB,2013J,361988,1,East Midlands Region,Lower Than A Level,20-Oct,0-35,0,120,0,Withdrawn,15,1,0,0,0,1,0,0,0,1,0,1,1,0,1,10
BBB,2013J,362907,1,South West Region,Lower Than A Level,20-30%,35-55,2,60,0,Fail,6,1,1,1,1,0,1,1,0,1,0,1,0,1,0,9
BBB,2013J,363151,0,North Western Region,Lower Than A Level,20-Oct,35-55,0,655,1,Withdrawn,16,1,0,0,1,0,0,1,1,1,1,0,1,1,0,10
BBB,2013J,363711,1,North Western Region,Lower Than A Level,0-10%,0-35,1,60,0,Withdrawn,7,0,0,0,0,1,1,1,0,1,1,0,0,1,0,3
BBB,2013J,364073,1,South West Region,HE Qualification,20-30%,0-35,1,120,0,Distinction,7,0,1,1,0,0,1,0,1,1,1,1,1,0,0,3
BBB,2013J,364185,1,West Midlands Region,HE Qualification,20-Oct,35-55,0,120,0,Withdrawn,12,1,1,0,0,0,0,1,0,0,1,1,1,1,1,7
BBB,2013J,364666,1,Scotland,Lower Than A Level,50-60%,0-35,2,60,0,Fail,12,0,0,0,1,0,1,0,1,1,1,0,1,1,1,7
BBB,2013J,364871,1,South West Region,A Level or Equivalent,50-60%,0-35,0,60,0,Pass,1,1,0,0,0,0,0,1,0,0,0,0,1,0,0,2
BBB,2013J,365060,1,North Western Region,Lower Than A Level,20-Oct,0-35,2,120,0,Withdrawn,1,1,0,1,1,0,0,1,1,0,1,0,1,0,1,2
BBB,2013J,365169,1,South East Region,Lower Than A Level,80-90%,0-35,0,60,0,Pass,11,1,1,1,1,1,1,1,1,1,0,0,0,0,0,6
BBB,2013J,365288,1,South Region,A Level or Equivalent,70-80%,0-35,0,60,0,Fail,9,0,0,0,0,1,0,0,1,0,1,1,0,0,0,4
BBB,2013J,365631,1,South East Region,A Level or Equivalent,90-100%,0-35,0,165,0,Pass,1,1,1,1,0,1,1,1,0,0,1,1,0,0,0,2
BBB,2013J,366524,1,South Region,A Level or Equivalent,30-40%,0-35,0,60,0,Pass,12,1,1,1,1,0,1,0,0,1,1,0,1,0,1,7
BBB,2013J,367433,1,North Region,Lower Than A Level,40-50%,0-35,0,60,0,Pass,5,0,0,1,1,1,0,1,1,1,1,1,0,0,1,9
BBB,2013J,368077,1,Wales,Lower Than A Level,20-30%,0-35,1,60,0,Pass,10,1,1,0,0,1,0,1,0,1,0,1,0,0,0,1
BBB,2013J,369507,1,East Midlands Region,Lower Than A Level,0-10%,0-35,0,60,0,Withdrawn,16,1,1,0,1,1,0,0,1,0,1,1,0,1,1,10
BBB,2013J,369986,1,Wales,HE Qualification,90-100%,35-55,2,120,0,Pass,5,0,1,0,1,0,0,1,1,0,1,1,1,1,0,9
BBB,2013J,370307,1,North Western Region,A Level or Equivalent,20-30%,0-35,0,150,1,Withdrawn,12,1,0,0,1,0,1,0,1,0,0,1,1,1,1,7
BBB,2013J,370859,1,Yorkshire Region,A Level or Equivalent,20-30%,0-35,0,180,0,Pass,7,0,0,0,0,0,0,0,0,1,1,1,0,0,0,3
BBB,2013J,371530,1,South West Region,A Level or Equivalent,70-80%,0-35,1,120,0,Distinction,8,1,0,1,1,0,1,1,0,1,1,1,1,1,0,3
BBB,2013J,371888,1,East Midlands Region,Lower Than A Level,20-30%,0-35,0,60,0,Withdrawn,16,0,0,1,0,0,0,0,0,1,0,1,0,0,0,10
BBB,2013J,372172,1,East Midlands Region,Lower Than A Level,20-30%,0-35,0,60,0,Fail,10,0,0,1,0,1,0,1,1,0,0,1,1,0,0,1
BBB,2013J,372658,1,East Anglian Region,Lower Than A Level,90-100%,0-35,1,90,0,Pass,8,1,0,1,0,0,0,1,0,1,1,1,0,0,1,3
BBB,2013J,373174,1,West Midlands Region,A Level or Equivalent,0-10%,0-35,1,60,0,Fail,13,0,0,1,0,1,0,1,0,0,1,0,0,1,0,5
BBB,2013J,373269,1,Yorkshire Region,A Level or Equivalent,20-Oct,0-35,1,90,0,Fail,8,0,1,0,1,0,1,1,1,0,0,0,1,0,0,3
BBB,2013J,373633,1,Wales,Lower Than A Level,40-50%,0-35,2,130,0,Withdrawn,16,0,0,0,0,1,1,1,1,1,1,1,0,1,1,10
BBB,2013J,373807,1,East Anglian Region,Lower Than A Level,20-30%,0-35,1,60,0,Fail,14,0,1,0,1,1,0,0,0,0,1,1,0,1,1,5
BBB,2013J,373848,1,South West Region,Lower Than A Level,50-60%,35-55,0,60,0,Pass,12,1,0,0,0,1,1,1,0,0,0,0,0,1,1,7
BBB,2013J,374038,1,West Midlands Region,Lower Than A Level,20-Oct,35-55,0,60,0,Fail,9,0,0,0,0,1,0,0,0,1,0,1,0,0,1,4
BBB,2013J,375960,1,North Region,A Level or Equivalent,20-Oct,0-35,0,90,0,Pass,5,0,0,0,1,1,0,0,0,1,0,0,1,1,1,9
BBB,2013J,378721,1,Wales,Lower Than A Level,20-Oct,35-55,1,60,0,Withdrawn,12,1,0,1,0,0,1,0,0,1,0,0,1,0,0,7
BBB,2013J,379210,0,London Region,A Level or Equivalent,0-10%,0-35,0,60,0,Fail,9,1,1,0,1,0,0,1,0,0,1,1,0,0,0,4
BBB,2013J,379983,1,Wales,A Level or Equivalent,0-10%,0-35,1,60,0,Fail,1,1,1,1,1,1,0,1,1,1,1,0,1,0,1,2
BBB,2013J,380205,1,East Anglian Region,Lower Than A Level,30-40%,0-35,2,60,0,Fail,11,1,1,1,0,0,0,0,1,1,1,0,1,0,0,6
BBB,2013J,380240,1,Wales,A Level or Equivalent,0-10%,0-35,0,180,0,Fail,12,0,0,1,0,1,1,0,1,0,1,0,1,0,1,7
BBB,2013J,381541,1,Yorkshire Region,Lower Than A Level,0-10%,0-35,0,120,0,Pass,11,0,0,1,1,0,1,1,0,1,0,0,1,1,1,6
BBB,2013J,381669,1,Scotland,HE Qualification,60-70%,0-35,0,60,0,Pass,13,1,1,1,1,1,0,1,1,1,1,0,0,1,0,5
BBB,2013J,382575,0,East Anglian Region,A Level or Equivalent,30-40%,0-35,0,60,0,Fail,8,1,0,1,1,0,1,0,1,1,1,1,1,0,1,3
BBB,2013J,382920,1,East Anglian Region,Lower Than A Level,50-60%,0-35,0,60,0,Pass,3,0,1,0,1,0,0,0,0,1,1,1,1,1,1,8
BBB,2013J,382979,1,South Region,A Level or Equivalent,80-90%,35-55,0,90,0,Distinction,1,1,0,0,1,1,1,1,1,0,1,0,1,1,1,2
BBB,2013J,383303,1,London Region,A Level or Equivalent,20-30%,35-55,1,60,0,Fail,2,1,0,1,1,0,1,0,0,0,0,0,1,1,0,2
BBB,2013J,383571,1,East Midlands Region,A Level or Equivalent,40-50%,0-35,0,120,0,Distinction,9,0,1,1,0,0,0,1,1,0,1,0,0,0,1,4
BBB,2013J,385040,1,West Midlands Region,A Level or Equivalent,40-50%,0-35,0,120,1,Fail,14,0,1,1,1,1,1,0,1,0,1,0,0,0,1,5
BBB,2013J,385820,1,London Region,Lower Than A Level,20-Oct,35-55,0,120,1,Pass,8,0,1,0,0,1,1,0,1,0,0,0,0,0,0,3
BBB,2013J,386889,1,South Region,A Level or Equivalent,80-90%,0-35,0,60,1,Pass,4,0,0,0,1,0,0,0,0,0,1,0,0,1,1,8
BBB,2013J,386904,0,West Midlands Region,A Level or Equivalent,20-30%,35-55,0,60,0,Withdrawn,4,0,0,1,0,0,0,1,1,1,0,1,0,0,0,8
BBB,2013J,387276,1,North Western Region,Lower Than A Level,50-60%,35-55,2,120,0,Withdrawn,15,0,1,1,1,1,1,1,0,1,1,0,1,0,0,10
BBB,2013J,387378,1,East Midlands Region,Lower Than A Level,80-90%,0-35,0,60,0,Withdrawn,2,1,1,0,1,0,1,1,0,0,1,1,1,1,1,2
BBB,2013J,387700,1,Ireland,A Level or Equivalent,20-30%,35-55,0,60,0,Fail,12,0,1,0,0,0,1,0,0,1,1,1,1,1,0,7
BBB,2013J,388052,1,South East Region,Lower Than A Level,60-70%,0-35,0,60,1,Pass,6,1,0,1,1,0,0,0,0,0,0,1,1,1,0,9
BBB,2013J,388432,1,Wales,Lower Than A Level,30-40%,0-35,1,70,0,Fail,6,0,1,0,1,1,1,0,1,1,0,1,0,0,0,9
BBB,2013J,388549,1,Wales,A Level or Equivalent,0-10%,0-35,2,60,0,Fail,8,1,1,1,0,0,1,0,0,1,1,1,1,0,1,3
BBB,2013J,388975,1,South East Region,A Level or Equivalent,80-90%,0-35,0,120,0,Fail,9,1,1,0,0,0,1,1,0,1,1,0,0,1,1,4
BBB,2013J,389101,1,South Region,A Level or Equivalent,80-90%,0-35,0,60,0,Distinction,12,1,1,0,0,0,0,0,0,0,1,0,0,0,1,7
BBB,2013J,389471,1,East Midlands Region,Lower Than A Level,20-Oct,0-35,2,60,1,Fail,14,0,1,0,1,1,0,0,1,0,0,1,0,0,0,5
BBB,2013J,390958,1,Wales,A Level or Equivalent,50-60%,0-35,0,60,0,Pass,10,0,1,1,1,1,1,0,1,0,0,1,0,1,1,1
BBB,2013J,392060,1,Scotland,A Level or Equivalent,20-30%,0-35,0,60,1,Distinction,7,0,1,0,0,1,1,1,1,1,0,1,0,0,0,3
BBB,2013J,392281,1,North Region,A Level or Equivalent,20-Oct,0-35,1,60,0,Fail,8,0,1,1,0,0,0,0,1,1,0,0,1,1,1,3
BBB,2013J,393327,1,East Midlands Region,A Level or Equivalent,90-100%,0-35,3,60,1,Pass,3,1,1,1,0,0,0,0,0,1,0,1,1,1,1,8
BBB,2013J,395073,1,West Midlands Region,Lower Than A Level,0-10%,0-35,1,60,1,Fail,16,0,0,1,1,1,0,0,1,1,1,1,1,0,0,10
BBB,2013J,395358,1,South West Region,Lower Than A Level,30-40%,0-35,0,60,0,Withdrawn,14,0,0,0,1,0,0,1,0,1,1,1,0,0,1,5
BBB,2013J,395715,1,East Anglian Region,A Level or Equivalent,30-40%,35-55,0,120,0,Withdrawn,5,1,1,0,0,1,1,0,0,1,0,1,1,0,1,9
BBB,2013J,396114,1,Wales,A Level or Equivalent,30-40%,0-35,0,120,0,Distinction,6,1,1,0,0,1,1,1,1,0,1,0,0,0,0,9
BBB,2013J,396256,1,South East Region,Lower Than A Level,30-40%,0-35,1,60,0,Withdrawn,9,1,1,0,1,1,1,0,1,1,0,0,0,0,0,4
BBB,2013J,397590,1,London Region,A Level or Equivalent,20-30%,0-35,0,60,1,Fail,4,1,1,1,0,0,0,1,0,0,0,1,1,1,0,8
BBB,2013J,398067,1,London Region,A Level or Equivalent,40-50%,0-35,0,60,0,Distinction,12,1,0,1,1,1,0,0,0,0,1,1,0,0,1,7
BBB,2013J,398315,1,South East Region,HE Qualification,20-Oct,0-35,1,120,0,Fail,12,1,1,0,1,0,0,0,0,1,0,1,1,0,0,7
BBB,2013J,398525,1,London Region,A Level or Equivalent,0-10%,0-35,2,60,0,Distinction,15,1,1,1,1,0,0,0,1,1,0,0,0,0,1,10
BBB,2013J,398891,0,West Midlands Region,A Level or Equivalent,60-70%,0-35,2,60,0,Pass,2,1,0,1,0,0,1,1,1,0,1,1,1,0,0,2
BBB,2013J,398956,1,Wales,Lower Than A Level,80-90%,0-35,0,120,0,Fail,14,0,0,1,1,0,0,0,0,1,0,1,1,1,1,5
BBB,2013J,401319,1,London Region,Lower Than A Level,20-30%,0-35,0,60,1,Withdrawn,11,0,0,0,0,1,0,0,1,1,1,1,0,0,0,6
BBB,2013J,402993,1,East Midlands Region,A Level or Equivalent,0-10%,0-35,0,60,0,Pass,15,0,1,0,0,0,0,1,1,0,0,0,1,1,0,10
BBB,2013J,404269,1,South West Region,A Level or Equivalent,40-50%,0-35,1,60,0,Pass,7,0,0,0,0,0,1,1,1,1,0,0,0,0,0,3
BBB,2013J,404671,1,South West Region,A Level or Equivalent,0-10%,35-55,0,60,0,Distinction,4,0,1,1,1,0,1,1,0,0,1,0,1,0,0,8
BBB,2013J,404708,1,Yorkshire Region,A Level or Equivalent,40-50%,35-55,0,60,0,Pass,13,1,0,0,0,0,1,0,1,1,0,0,0,1,0,5
BBB,2013J,405945,1,East Anglian Region,Lower Than A Level,40-50%,0-35,1,60,0,Pass,8,0,1,0,1,1,1,1,0,1,0,0,1,1,0,3
BBB,2013J,408106,1,East Anglian Region,A Level or Equivalent,30-40%,35-55,1,90,0,Fail,10,0,1,1,0,0,0,0,1,1,1,0,1,1,0,1
BBB,2013J,408975,1,Ireland,A Level or Equivalent,60-70%,0-35,0,60,0,Pass,5,1,1,1,1,0,0,0,1,0,0,1,0,0,1,9
BBB,2013J,409160,1,East Anglian Region,Lower Than A Level,20-30%,0-35,0,120,1,Fail,7,1,1,0,1,1,1,0,1,1,0,0,0,0,0,3
BBB,2013J,409698,1,Scotland,Lower Than A Level,0-10%,0-35,0,60,0,Withdrawn,7,1,1,1,0,1,1,0,0,0,1,1,1,0,0,3
BBB,2013J,409930,1,East Anglian Region,A Level or Equivalent,50-60%,0-35,0,120,0,Pass,6,1,1,1,1,1,0,1,1,0,0,1,1,1,0,9
BBB,2013J,409945,1,Wales,A Level or Equivalent,80-90%,0-35,0,180,0,Pass,13,0,0,0,1,0,0,0,1,0,1,0,1,1,0,5
BBB,2013J,410052,1,London Region,A Level or Equivalent,20-Oct,35-55,3,60,0,Pass,3,1,1,0,0,0,0,1,1,1,0,1,1,0,1,8
BBB,2013J,410281,1,Ireland,A Level or Equivalent,60-70%,35-55,1,180,0,Fail,1,0,1,1,0,0,0,0,1,1,1,1,0,1,0,2
BBB,2013J,410357,1,South Region,Lower Than A Level,40-50%,0-35,0,60,0,Distinction,8,1,0,1,0,1,1,1,1,1,1,0,1,1,0,3
BBB,2013J,410537,1,South West Region,A Level or Equivalent,40-50%,0-35,0,60,0,Pass,6,0,1,0,0,0,0,0,0,1,1,1,1,1,1,9
BBB,2013J,410842,1,Scotland,A Level or Equivalent,60-70%,0-35,0,60,0,Pass,4,1,0,0,1,1,0,1,1,1,1,0,1,0,1,8
BBB,2013J,411126,1,Wales,Lower Than A Level,40-50%,0-35,1,60,0,Fail,12,1,0,0,1,1,0,0,1,1,1,0,1,1,0,7
BBB,2013J,411226,1,South West Region,HE Qualification,90-100%,0-35,0,120,0,Withdrawn,8,0,0,0,1,1,1,0,0,1,1,1,0,0,1,3
BBB,2013J,411642,1,West Midlands Region,HE Qualification,0-10%,0-35,1,60,0,Pass,7,1,0,1,1,0,1,0,0,1,0,0,1,0,0,3
BBB,2013J,413052,1,North Region,Lower Than A Level,0-10%,0-35,3,60,1,Withdrawn,3,0,1,1,1,1,0,0,1,1,1,0,1,1,1,8
BBB,2013J,413248,0,Wales,HE Qualification,0-10%,35-55,0,60,0,Fail,5,1,0,0,0,0,0,0,1,1,0,1,1,1,0,9
BBB,2013J,414028,1,Scotland,A Level or Equivalent,70-80%,35-55,0,60,0,Distinction,10,1,1,0,1,0,1,0,1,0,1,0,0,0,0,1
BBB,2013J,414350,1,East Anglian Region,Lower Than A Level,50-60%,35-55,1,330,1,Distinction,2,0,1,1,0,1,0,1,1,0,0,1,0,1,1,2
BBB,2013J,414495,0,North Western Region,A Level or Equivalent,90-100%,0-35,0,90,0,Distinction,1,1,0,1,0,1,1,1,1,1,0,0,0,0,1,2
BBB,2013J,415216,1,South West Region,A Level or Equivalent,90-100%,0-35,0,60,0,Pass,7,0,1,0,0,0,1,1,0,1,0,0,1,1,0,3
BBB,2013J,415546,1,Ireland,HE Qualification,90-100%,0-35,0,60,0,Fail,16,0,1,1,1,0,1,0,1,0,0,0,0,1,0,10
BBB,2013J,415698,1,South East Region,A Level or Equivalent,50-60%,0-35,1,120,0,Withdrawn,8,1,0,0,1,0,0,0,1,0,1,0,1,0,1,3
BBB,2013J,417657,1,Scotland,A Level or Equivalent,60-70%,0-35,0,60,0,Fail,10,0,1,0,1,1,0,0,1,1,0,1,0,0,0,1
BBB,2013J,417677,1,East Anglian Region,Lower Than A Level,20-30%,0-35,1,60,0,Withdrawn,8,1,1,0,1,1,1,1,0,1,0,0,1,0,0,3
BBB,2013J,417785,1,North Western Region,A Level or Equivalent,60-70%,35-55,1,120,0,Fail,10,0,0,0,0,0,0,0,1,0,0,0,0,1,1,1
BBB,2013J,417967,1,London Region,A Level or Equivalent,40-50%,35-55,0,120,0,Withdrawn,2,1,0,1,0,0,1,1,1,0,1,0,0,0,0,2
BBB,2013J,419375,1,Wales,Lower Than A Level,40-50%,0-35,0,120,0,Pass,9,0,0,0,1,0,0,1,0,0,0,1,0,1,1,4
BBB,2013J,420163,1,South West Region,HE Qualification,40-50%,35-55,0,120,0,Pass,16,0,0,1,1,0,0,1,0,0,1,1,1,1,0,10
BBB,2013J,420724,1,South West Region,Lower Than A Level,80-90%,35-55,1,60,0,Fail,2,0,0,0,1,1,0,1,0,1,0,1,1,1,0,2
BBB,2013J,421018,1,West Midlands Region,HE Qualification,0-10%,0-35,0,60,0,Pass,9,1,1,1,1,0,1,1,1,0,1,1,0,1,0,4
BBB,2013J,422223,1,South East Region,A Level or Equivalent,40-50%,0-35,3,60,0,Fail,14,0,0,1,0,1,1,0,0,1,0,0,0,0,0,5
BBB,2013J,422479,1,South East Region,Lower Than A Level,90-100%,0-35,1,120,0,Pass,12,0,1,0,1,1,1,1,1,0,0,1,0,0,0,7
BBB,2013J,422505,1,London Region,Lower Than A Level,20-30%,0-35,1,60,0,Withdrawn,15,1,1,1,0,1,1,0,1,0,0,0,1,0,1,10
BBB,2013J,423399,0,Wales,A Level or Equivalent,90-100%,0-35,0,210,0,Pass,3,1,0,0,0,0,0,1,1,1,1,0,1,1,1,8
BBB,2013J,424014,1,Scotland,Lower Than A Level,80-90%,35-55,1,120,0,Withdrawn,3,1,0,0,0,0,1,1,1,0,0,0,0,1,0,8
BBB,2013J,424539,1,West Midlands Region,Lower Than A Level,0-10%,0-35,2,120,0,Pass,8,0,1,1,0,0,1,0,0,0,1,1,0,1,1,3
BBB,2013J,424637,1,West Midlands Region,HE Qualification,0-10%,35-55,2,60,0,Fail,4,0,1,0,0,1,1,1,0,1,0,0,0,0,0,8
BBB,2013J,425817,0,East Midlands Region,Lower Than A Level,0-10%,35-55,1,90,0,Fail,6,1,0,0,1,1,0,0,0,0,1,1,0,0,0,9
BBB,2013J,426458,1,Wales,Lower Than A Level,30-40%,0-35,0,180,0,Pass,10,1,0,0,0,0,1,0,0,1,1,1,0,1,0,1
BBB,2013J,427683,1,Scotland,Lower Than A Level,20-30%,0-35,0,120,0,Withdrawn,7,1,1,1,0,1,0,0,0,0,0,0,1,1,1,3
BBB,2013J,427921,1,West Midlands Region,Lower Than A Level,20-Oct,0-35,0,60,0,Pass,8,0,1,1,0,1,0,0,0,0,1,1,1,0,0,3
BBB,2013J,428323,1,Wales,A Level or Equivalent,30-40%,35-55,0,120,0,Pass,2,0,0,1,1,0,0,0,0,0,0,0,1,0,1,2
BBB,2013J,428653,0,West Midlands Region,Lower Than A Level,20-30%,0-35,0,120,0,Pass,12,1,1,1,0,1,1,0,0,1,0,0,0,1,0,7
BBB,2013J,429610,1,East Anglian Region,Lower Than A Level,50-60%,35-55,0,60,0,Distinction,1,1,1,0,0,1,0,1,1,1,0,1,0,0,1,2
BBB,2013J,430352,1,Scotland,Lower Than A Level,0-10%,0-35,0,120,0,Withdrawn,8,0,1,1,1,1,1,0,1,0,1,1,1,1,0,3
BBB,2013J,430392,1,South East Region,Lower Than A Level,20-30%,35-55,1,60,0,Pass,14,1,0,0,1,1,1,0,0,1,1,1,0,1,0,5
BBB,2013J,430708,1,Yorkshire Region,A Level or Equivalent,70-80%,0-35,0,90,0,Pass,13,1,0,0,1,0,1,1,0,0,0,1,0,0,1,5
BBB,2013J,431071,1,Ireland,Lower Than A Level,20-Oct,0-35,2,120,0,Fail,3,0,1,0,1,0,0,0,1,1,1,0,1,0,1,8
BBB,2013J,432144,1,South East Region,A Level or Equivalent,60-70%,0-35,0,60,0,Pass,14,1,0,0,1,1,1,1,0,0,1,1,0,1,0,5
BBB,2013J,432237,1,Wales,HE Qualification,30-40%,35-55,0,60,0,Pass,15,0,0,1,0,0,0,1,0,1,0,1,1,1,0,10
BBB,2013J,433280,1,Wales,A Level or Equivalent,80-90%,0-35,0,120,0,Pass,14,1,1,1,0,0,0,1,0,0,1,0,0,1,0,5
BBB,2013J,433864,0,Scotland,HE Qualification,60-70%,0-35,0,60,0,Pass,5,1,1,0,1,0,1,1,1,0,1,0,1,1,0,9
BBB,2013J,434035,1,North Western Region,Lower Than A Level,0-10%,0-35,2,120,0,Withdrawn,13,1,0,0,1,1,1,0,0,0,1,0,1,0,0,5
BBB,2013J,434397,1,West Midlands Region,A Level or Equivalent,30-40%,0-35,0,120,0,Pass,13,0,0,1,0,0,1,1,1,1,0,1,1,0,1,5
BBB,2013J,434585,1,East Anglian Region,A Level or Equivalent,70-80%,0-35,0,90,0,Pass,8,0,1,1,0,0,0,0,1,0,0,1,1,1,1,3
BBB,2013J,437030,1,Ireland,Lower Than A Level,0-10%,0-35,0,120,1,Withdrawn,13,0,1,1,0,1,1,1,0,1,0,0,0,1,0,5
BBB,2013J,438068,1,Yorkshire Region,Lower Than A Level,50-60%,35-55,0,60,0,Distinction,4,0,0,0,1,1,0,1,0,0,0,0,1,0,0,8
BBB,2013J,438551,0,Wales,Lower Than A Level,50-60%,0-35,0,60,0,Pass,10,0,0,1,1,1,1,1,0,1,0,0,1,1,0,1
BBB,2013J,439182,1,East Anglian Region,A Level or Equivalent,50-60%,0-35,0,60,0,Pass,1,1,1,0,0,0,0,1,1,0,1,0,1,0,0,2
BBB,2013J,439294,1,West Midlands Region,Lower Than A Level,0-10%,0-35,3,60,0,Fail,11,1,1,1,0,0,0,1,1,1,1,1,0,1,1,6
BBB,2013J,439684,1,London Region,A Level or Equivalent,0-10%,0-35,1,60,0,Withdrawn,7,0,1,0,1,1,1,1,1,0,1,1,1,1,1,3
BBB,2013J,440225,1,East Anglian Region,Lower Than A Level,50-60%,35-55,0,60,0,Pass,13,0,1,1,1,0,1,1,0,0,0,1,0,1,0,5
BBB,2013J,440563,1,North Western Region,Lower Than A Level,20-30%,35-55,0,60,0,Pass,13,0,1,0,0,0,1,0,0,0,1,0,1,1,0,5
BBB,2013J,440593,0,West Midlands Region,Lower Than A Level,50-60%,0-35,1,60,0,Pass,2,0,1,0,1,1,0,0,0,0,1,1,1,1,0,2
BBB,2013J,440751,0,South West Region,Lower Than A Level,20-Oct,35-55,1,60,0,Withdrawn,15,1,1,0,1,1,0,0,1,0,1,0,0,0,1,10
BBB,2013J,440765,1,North Western Region,Lower Than A Level,20-30%,0-35,2,60,0,Fail,15,1,1,1,1,1,0,0,1,1,0,0,1,1,1,10
BBB,2013J,442144,1,North Western Region,Lower Than A Level,20-Oct,0-35,2,120,0,Withdrawn,1,1,1,0,0,1,1,0,1,1,0,0,0,0,0,2
BBB,2013J,442910,1,West Midlands Region,Lower Than A Level,0-10%,0-35,2,60,0,Pass,11,0,0,1,1,1,1,1,1,0,1,0,1,1,0,6
BBB,2013J,443108,1,East Midlands Region,A Level or Equivalent,20-30%,0-35,1,60,0,Fail,7,0,1,0,0,0,1,0,0,0,0,1,0,0,0,3
BBB,2013J,443923,1,North Western Region,Lower Than A Level,20-30%,0-35,0,60,0,Withdrawn,14,0,1,1,0,0,0,0,1,0,0,0,0,0,0,5
BBB,2013J,444225,1,Yorkshire Region,A Level or Equivalent,70-80%,0-35,2,60,0,Fail,1,1,1,0,1,0,1,1,1,0,1,1,0,0,0,2
BBB,2013J,444729,1,South Region,Lower Than A Level,90-100%,0-35,1,90,0,Withdrawn,10,0,0,1,1,0,0,0,1,0,0,1,1,1,1,1
BBB,2013J,444821,1,Yorkshire Region,A Level or Equivalent,40-50%,0-35,0,60,0,Pass,11,0,0,1,1,1,1,1,1,0,0,0,0,0,1,6
BBB,2013J,444960,1,East Anglian Region,Lower Than A Level,40-50%,0-35,2,60,0,Withdrawn,13,0,1,1,0,1,1,1,1,0,0,1,1,0,0,5
BBB,2013J,445230,1,East Anglian Region,A Level or Equivalent,40-50%,35-55,0,75,0,Withdrawn,16,0,0,0,1,1,0,1,1,1,1,0,1,0,1,10
BBB,2013J,445351,1,South West Region,Lower Than A Level,60-70%,0-35,0,120,0,Withdrawn,14,0,1,1,1,1,1,0,0,1,1,0,1,1,1,5
BBB,2013J,445760,1,East Anglian Region,A Level or Equivalent,70-80%,0-35,0,60,0,Pass,14,1,1,0,1,0,1,0,1,0,0,0,1,0,1,5
BBB,2013J,446345,1,Ireland,A Level or Equivalent,20-30%,0-35,0,60,0,Fail,3,0,1,0,0,0,1,0,0,0,0,1,0,0,1,8
BBB,2013J,446873,1,North Western Region,Lower Than A Level,0-10%,0-35,0,90,0,Fail,16,0,1,0,0,1,1,1,0,0,0,1,1,1,1,10
BBB,2013J,447086,0,East Midlands Region,A Level or Equivalent,30-40%,0-35,1,60,0,Pass,14,1,1,0,1,0,0,1,0,1,1,1,1,0,1,5
BBB,2013J,447516,1,London Region,Lower Than A Level,50-60%,0-35,0,120,0,Pass,11,0,1,1,1,1,0,1,1,0,0,1,1,0,0,6
BBB,2013J,464525,0,South Region,A Level or Equivalent,20-30%,35-55,0,120,0,Pass,4,0,0,1,0,1,1,1,0,1,0,1,0,0,0,8
BBB,2013J,465730,1,Wales,A Level or Equivalent,30-40%,0-35,2,60,0,Fail,10,0,0,1,0,0,0,0,1,1,1,0,0,0,1,1
BBB,2013J,466202,1,Wales,Lower Than A Level,40-50%,0-35,3,60,0,Pass,4,0,0,1,0,0,1,1,0,0,0,1,0,0,1,8
BBB,2013J,466477,1,South Region,Lower Than A Level,40-50%,0-35,1,60,0,Pass,6,1,1,0,0,0,0,1,0,1,0,0,1,1,1,9
BBB,2013J,466800,1,Scotland,Lower Than A Level,60-70%,0-35,2,60,0,Pass,12,1,1,1,1,0,1,1,1,1,0,0,0,0,1,7
BBB,2013J,466854,1,East Midlands Region,A Level or Equivalent,50-60%,0-35,1,120,0,Fail,12,0,1,0,0,1,1,1,0,1,1,0,1,1,0,7
BBB,2013J,467179,1,East Midlands Region,Lower Than A Level,60-70%,35-55,0,100,1,Withdrawn,9,0,0,0,1,1,1,0,1,1,1,1,1,0,1,4
BBB,2013J,467330,1,South East Region,Lower Than A Level,20-Oct,35-55,2,150,1,Withdrawn,8,0,0,0,1,1,1,1,0,0,0,1,1,1,0,3
BBB,2013J,467396,1,Wales,Lower Than A Level,60-70%,0-35,1,60,0,Withdrawn,5,0,1,1,1,1,0,1,0,1,0,0,1,0,1,9
BBB,2013J,467606,1,South West Region,Lower Than A Level,50-60%,0-35,1,60,1,Withdrawn,9,0,1,0,0,0,1,1,1,0,0,0,0,0,1,4
BBB,2013J,467721,1,South Region,Lower Than A Level,20-30%,35-55,0,120,0,Withdrawn,5,0,0,0,0,1,1,1,0,0,0,1,1,1,1,9
BBB,2013J,468187,0,East Anglian Region,No Formal quals,20-30%,0-35,1,120,0,Fail,13,0,1,1,0,0,0,1,1,0,1,1,0,0,1,5
BBB,2013J,468482,1,South Region,A Level or Equivalent,40-50%,0-35,0,60,1,Withdrawn,3,0,0,0,1,1,1,0,1,1,1,1,1,0,1,8
BBB,2013J,469878,1,South East Region,A Level or Equivalent,70-80%,0-35,0,60,0,Pass,8,1,0,0,1,0,1,0,0,0,1,0,1,1,0,3
BBB,2013J,470869,1,South East Region,A Level or Equivalent,30-40%,35-55,1,60,0,Pass,9,0,1,0,0,1,1,0,1,1,0,0,0,1,1,4
BBB,2013J,471196,1,East Anglian Region,A Level or Equivalent,90-100%,35-55,0,120,0,Pass,14,0,1,0,1,1,0,1,1,1,0,0,1,1,1,5
BBB,2013J,471434,1,London Region,A Level or Equivalent,20-Oct,35-55,0,60,0,Withdrawn,7,1,1,1,1,1,1,0,0,0,0,1,0,0,0,3
BBB,2013J,471711,1,East Midlands Region,A Level or Equivalent,0-10%,35-55,1,60,0,Pass,7,0,0,0,0,0,1,0,1,0,0,0,0,0,1,3
BBB,2013J,472262,1,London Region,Lower Than A Level,60-70%,35-55,0,60,0,Fail,13,0,0,0,1,1,1,0,1,0,0,0,0,0,1,5
BBB,2013J,472327,0,East Anglian Region,Lower Than A Level,70-80%,0-35,0,120,0,Pass,14,1,1,0,1,0,1,1,0,0,1,0,1,1,0,5
BBB,2013J,473509,0,West Midlands Region,Lower Than A Level,90-100%,35-55,1,300,0,Withdrawn,4,0,0,0,1,1,1,1,0,0,1,0,1,0,0,8
BBB,2013J,474071,0,East Anglian Region,Lower Than A Level,90-100%,0-35,1,60,1,Fail,13,1,1,0,1,1,0,0,0,0,0,1,1,1,0,5
BBB,2013J,475215,1,Scotland,A Level or Equivalent,40-50%,0-35,0,120,0,Withdrawn,15,1,1,0,1,0,1,1,1,0,0,0,1,0,1,10
BBB,2013J,475241,1,Scotland,Lower Than A Level,30-40%,0-35,0,60,1,Fail,9,1,0,1,0,0,0,0,1,1,0,0,1,0,0,4
BBB,2013J,475594,1,East Midlands Region,A Level or Equivalent,80-90%,0-35,0,210,1,Fail,4,1,0,1,0,1,0,1,1,0,1,1,0,0,1,8
BBB,2013J,475682,1,Yorkshire Region,Lower Than A Level,0-10%,0-35,1,60,0,Withdrawn,10,1,1,1,1,1,1,0,0,1,1,0,1,0,0,1
BBB,2013J,476278,1,Scotland,HE Qualification,70-80%,35-55,0,60,0,Pass,14,0,0,1,0,0,0,0,0,0,0,1,0,1,0,5
BBB,2013J,476816,1,London Region,A Level or Equivalent,20-Oct,0-35,2,210,0,Fail,14,0,0,1,1,0,0,0,1,1,1,0,0,0,1,5
BBB,2013J,477319,1,South Region,HE Qualification,60-70%,35-55,0,60,0,Withdrawn,8,1,0,1,0,0,1,0,1,1,1,1,1,1,1,3
BBB,2013J,477825,1,South East Region,Lower Than A Level,40-50%,0-35,0,60,0,Pass,1,1,0,0,0,0,1,0,1,1,1,1,1,0,0,2
BBB,2013J,478069,1,Yorkshire Region,Lower Than A Level,20-Oct,35-55,0,60,0,Pass,10,1,1,0,0,1,1,0,0,1,0,0,1,1,0,1
BBB,2013J,478718,1,East Anglian Region,Lower Than A Level,30-40%,0-35,1,60,0,Fail,10,1,0,0,1,0,0,0,1,1,1,0,1,0,1,1
BBB,2013J,478967,1,Ireland,A Level or Equivalent,40-50%,35-55,1,60,0,Fail,13,1,1,1,1,0,1,1,0,1,0,0,0,0,0,5
BBB,2013J,479020,1,South Region,Lower Than A Level,20-30%,35-55,0,210,0,Pass,16,1,0,0,0,1,0,0,1,1,1,0,0,0,1,10
BBB,2013J,479170,1,Yorkshire Region,HE Qualification,20-30%,0-35,0,60,0,Pass,15,1,0,1,1,0,0,1,1,1,0,0,1,1,0,10
BBB,2013J,479305,1,London Region,Lower Than A Level,20-30%,0-35,0,60,0,Pass,9,1,1,0,0,1,0,1,1,1,1,1,0,1,0,4
BBB,2013J,479853,1,London Region,A Level or Equivalent,0-10%,35-55,0,60,0,Distinction,8,0,1,1,1,0,1,0,1,1,0,1,1,0,1,3
BBB,2013J,480667,1,West Midlands Region,A Level or Equivalent,50-60%,35-55,0,60,0,Withdrawn,15,0,0,0,0,1,1,0,1,0,0,1,0,0,0,10
BBB,2013J,480888,1,West Midlands Region,Lower Than A Level,70-80%,35-55,0,60,0,Distinction,16,0,0,1,0,1,0,1,1,0,0,0,0,0,1,10
BBB,2013J,481448,1,East Anglian Region,Lower Than A Level,60-70%,0-35,1,120,0,Fail,2,0,0,1,1,0,0,0,1,1,1,0,0,1,0,2
BBB,2013J,482356,1,Wales,Lower Than A Level,20-Oct,0-35,0,90,0,Pass,13,1,0,0,0,0,0,1,1,1,1,1,0,1,1,5
BBB,2013J,482556,1,East Anglian Region,A Level or Equivalent,90-100%,35-55,0,60,0,Withdrawn,5,0,0,1,0,0,1,0,0,1,0,0,0,0,1,9
BBB,2013J,482680,0,Scotland,A Level or Equivalent,60-70%,0-35,0,75,1,Pass,1,1,1,0,1,0,1,1,1,0,1,1,0,0,1,2
BBB,2013J,482810,1,South East Region,A Level or Equivalent,30-40%,0-35,0,60,0,Pass,10,0,1,0,1,1,0,1,1,1,1,1,0,0,0,1
BBB,2013J,483135,1,East Anglian Region,Lower Than A Level,20-30%,35-55,1,60,0,Withdrawn,10,0,1,1,0,0,1,0,0,1,0,0,0,1,1,1
BBB,2013J,483339,0,London Region,Lower Than A Level,20-Oct,35-55,1,60,0,Withdrawn,13,1,0,1,1,1,0,1,1,0,1,0,0,1,0,5
BBB,2013J,483646,1,East Midlands Region,Lower Than A Level,60-70%,35-55,0,120,0,Pass,4,1,0,0,1,0,0,1,0,0,0,0,1,0,1,8
BBB,2013J,483703,1,North Western Region,A Level or Equivalent,40-50%,0-35,0,60,0,Withdrawn,11,0,0,1,1,1,1,1,0,0,1,1,1,0,1,6
BBB,2013J,483744,1,West Midlands Region,Lower Than A Level,80-90%,0-35,0,180,1,Withdrawn,1,1,0,1,0,1,0,0,1,0,1,1,0,1,0,2
BBB,2013J,483876,1,London Region,No Formal quals,50-60%,0-35,0,120,0,Pass,14,1,0,0,0,0,1,0,1,0,1,1,0,1,0,5
BBB,2013J,484135,1,London Region,HE Qualification,70-80%,0-35,1,60,0,Pass,2,1,1,1,1,0,0,1,1,1,1,1,0,1,1,2
BBB,2013J,484301,1,East Midlands Region,A Level or Equivalent,20-Oct,0-35,0,60,1,Pass,5,1,0,0,1,1,0,1,1,0,1,1,0,0,0,9
BBB,2013J,484412,1,South West Region,A Level or Equivalent,0-10%,35-55,0,120,0,Pass,7,1,1,1,1,0,0,1,0,0,1,1,1,0,0,3
BBB,2013J,484446,1,South West Region,A Level or Equivalent,20-30%,0-35,0,180,0,Withdrawn,15,1,1,1,1,0,1,0,0,0,1,1,1,1,1,10
BBB,2013J,485006,1,Wales,Lower Than A Level,20-Oct,35-55,0,60,1,Pass,4,0,1,1,0,0,1,1,0,1,0,1,1,0,1,8
BBB,2013J,485439,1,Wales,Lower Than A Level,0-10%,35-55,1,60,1,Withdrawn,2,0,1,1,0,1,0,0,0,0,1,0,0,0,0,2
BBB,2013J,485534,1,Wales,A Level or Equivalent,0-10%,35-55,0,60,0,Distinction,11,1,1,1,1,0,1,0,1,1,1,1,0,1,0,6
BBB,2013J,485560,1,East Anglian Region,Lower Than A Level,40-50%,0-35,1,120,0,Withdrawn,11,1,0,0,1,0,0,0,1,1,0,1,1,0,1,6
BBB,2013J,485762,1,Yorkshire Region,A Level or Equivalent,20-30%,0-35,0,60,0,Pass,2,1,0,0,1,0,1,0,0,0,1,1,1,0,1,2
BBB,2013J,485772,1,Yorkshire Region,Lower Than A Level,70-80%,0-35,0,60,0,Fail,3,1,0,0,0,0,1,1,0,1,1,0,1,0,0,8
BBB,2013J,486004,1,East Anglian Region,Lower Than A Level,60-70%,0-35,0,60,0,Pass,2,1,0,0,1,1,1,1,0,0,0,0,1,0,1,2
BBB,2013J,486457,1,London Region,A Level or Equivalent,20-Oct,0-35,0,60,0,Distinction,7,1,1,1,1,1,1,0,0,0,0,1,0,0,0,3
BBB,2013J,486550,1,Wales,A Level or Equivalent,80-90%,0-35,0,60,0,Withdrawn,3,1,0,0,0,1,0,0,0,1,1,0,0,1,1,8
BBB,2013J,487214,1,Ireland,Lower Than A Level,40-50%,0-35,0,60,0,Fail,12,0,1,0,0,1,0,0,0,0,0,1,1,0,0,7
BBB,2013J,487371,1,Scotland,HE Qualification,20-Oct,35-55,0,60,0,Pass,10,0,1,1,1,1,0,1,0,0,0,0,0,0,1,1
BBB,2013J,487681,1,Wales,Lower Than A Level,0-10%,0-35,0,60,0,Pass,3,0,0,0,1,1,0,1,1,0,0,0,0,1,1,8
BBB,2013J,488176,1,West Midlands Region,A Level or Equivalent,30-40%,35-55,0,60,0,Withdrawn,10,0,1,1,0,1,0,0,1,1,0,0,0,1,0,1
BBB,2013J,488195,1,Yorkshire Region,A Level or Equivalent,30-40%,0-35,0,60,0,Pass,10,1,0,1,1,1,1,1,0,0,1,1,0,0,0,1
BBB,2013J,488427,1,East Anglian Region,Lower Than A Level,60-70%,0-35,0,60,0,Pass,8,0,1,0,0,1,1,1,0,0,1,0,0,0,1,3
BBB,2013J,488908,1,Scotland,A Level or Equivalent,90-100%,0-35,1,120,1,Withdrawn,3,0,0,1,1,0,1,0,0,0,1,0,0,0,0,8
BBB,2013J,489320,1,South Region,Lower Than A Level,70-80%,0-35,1,60,1,Pass,13,1,0,0,1,1,0,1,0,0,0,1,0,1,1,5
BBB,2013J,489889,0,West Midlands Region,A Level or Equivalent,0-10%,0-35,0,120,0,Pass,15,0,0,0,1,0,0,0,1,1,1,1,0,0,1,10
BBB,2013J,489966,1,West Midlands Region,Lower Than A Level,0-10%,0-35,0,150,0,Withdrawn,2,1,1,0,1,1,1,0,0,0,1,1,1,0,0,2
BBB,2013J,490500,1,South West Region,Lower Than A Level,0-10%,0-35,0,120,0,Fail,4,1,0,0,0,0,0,1,0,0,1,1,0,1,1,8
BBB,2013J,490677,1,Yorkshire Region,A Level or Equivalent,0-10%,35-55,0,60,0,Pass,5,0,0,1,0,1,1,0,0,0,1,1,0,0,1,9
BBB,2013J,490894,1,London Region,A Level or Equivalent,20-Oct,35-55,1,70,0,Fail,1,1,1,1,1,0,1,0,1,0,0,1,0,0,1,2
BBB,2013J,491097,1,North Region,Lower Than A Level,0-10%,0-35,1,120,1,Fail,13,1,1,0,0,0,1,0,0,1,1,1,0,0,0,5
BBB,2013J,491279,1,Scotland,Lower Than A Level,30-40%,35-55,1,60,1,Pass,14,1,1,1,0,1,0,0,1,0,0,1,1,1,0,5
BBB,2013J,491758,1,East Anglian Region,Lower Than A Level,80-90%,35-55,0,60,0,Withdrawn,16,0,0,1,1,1,0,0,1,0,0,0,0,1,0,10
BBB,2013J,491907,1,South East Region,Lower Than A Level,50-60%,0-35,1,60,0,Fail,15,1,0,0,0,1,1,1,1,1,0,1,1,0,1,10
BBB,2013J,491966,1,East Anglian Region,A Level or Equivalent,60-70%,0-35,1,60,0,Pass,3,0,0,0,1,1,0,1,1,0,0,1,0,1,0,8
BBB,2013J,492153,1,East Anglian Region,A Level or Equivalent,90-100%,35-55,0,120,1,Pass,13,1,1,0,0,0,1,0,1,0,0,0,1,1,0,5
BBB,2013J,492229,1,North Western Region,A Level or Equivalent,20-Oct,0-35,1,60,1,Withdrawn,11,0,0,0,0,1,0,1,0,0,0,1,1,1,1,6
BBB,2013J,492247,0,South East Region,Lower Than A Level,20-30%,0-35,0,60,0,Withdrawn,3,1,0,0,1,1,1,0,0,1,0,1,1,1,0,8
BBB,2013J,492286,1,London Region,Lower Than A Level,80-90%,35-55,0,60,0,Pass,9,0,1,0,1,0,1,1,1,0,0,0,0,0,1,4
BBB,2013J,492478,1,East Anglian Region,A Level or Equivalent,20-30%,0-35,0,120,0,Withdrawn,16,0,1,1,0,1,1,0,1,0,1,1,0,1,0,10
BBB,2013J,492726,1,Scotland,A Level or Equivalent,0-10%,0-35,0,60,0,Pass,15,1,1,1,1,0,1,0,0,0,1,1,1,1,1,10
BBB,2013J,493453,1,South Region,Lower Than A Level,70-80%,0-35,0,60,0,Pass,2,1,1,0,0,0,0,0,0,0,1,1,1,1,1,2
BBB,2013J,493465,1,South Region,A Level or Equivalent,70-80%,0-35,0,60,0,Pass,15,0,0,0,0,1,1,1,1,0,1,0,0,1,0,10
BBB,2013J,493672,1,Scotland,Lower Than A Level,70-80%,35-55,0,60,0,Withdrawn,4,0,1,1,1,1,0,1,1,1,0,0,0,1,1,8
BBB,2013J,493891,1,North Western Region,A Level or Equivalent,20-30%,0-35,0,60,0,Withdrawn,9,0,1,1,1,0,1,0,1,0,0,0,0,1,1,4
BBB,2013J,493999,1,South East Region,Lower Than A Level,30-40%,35-55,0,60,0,Fail,1,0,0,1,0,0,0,1,0,0,0,0,0,1,1,2
BBB,2013J,494214,1,South West Region,A Level or Equivalent,50-60%,35-55,0,60,0,Distinction,8,0,0,0,0,0,0,1,1,0,0,0,0,1,0,3
BBB,2013J,494471,1,Ireland,Lower Than A Level,80-90%,0-35,0,90,0,Fail,7,1,1,1,0,1,0,0,1,1,1,0,0,1,1,3
BBB,2013J,494789,1,Wales,HE Qualification,80-90%,0-35,0,120,0,Distinction,15,0,1,0,0,1,1,1,0,0,1,1,1,1,0,10
BBB,2013J,494896,1,East Anglian Region,Lower Than A Level,90-100%,0-35,0,120,0,Withdrawn,7,0,1,1,0,0,0,0,1,0,0,0,1,1,1,3
BBB,2013J,494960,1,London Region,A Level or Equivalent,30-40%,0-35,0,120,0,Pass,6,0,1,1,0,0,1,1,0,0,1,1,1,0,0,9
BBB,2013J,495035,1,South Region,A Level or Equivalent,70-80%,0-35,0,60,1,Pass,10,0,1,1,0,1,0,1,0,1,1,0,1,1,0,1
BBB,2013J,495449,1,South Region,Lower Than A Level,90-100%,0-35,0,120,0,Pass,16,1,1,1,0,0,0,1,1,0,1,1,1,0,1,10
BBB,2013J,495509,1,North Western Region,A Level or Equivalent,30-40%,0-35,0,60,0,Pass,11,1,1,0,0,1,1,0,0,1,1,0,0,1,0,6
BBB,2013J,495625,0,East Anglian Region,A Level or Equivalent,60-70%,0-35,0,120,1,Pass,13,1,1,0,1,1,1,0,0,1,0,1,1,1,0,5
BBB,2013J,495875,1,Yorkshire Region,Lower Than A Level,80-90%,0-35,1,60,0,Fail,16,0,0,0,1,1,0,1,1,0,0,0,1,0,0,10
BBB,2013J,495879,1,Scotland,Lower Than A Level,40-50%,35-55,0,60,0,Pass,2,1,0,1,0,0,1,1,1,1,0,1,1,1,0,2
BBB,2013J,495913,1,Wales,A Level or Equivalent,30-40%,0-35,2,60,0,Pass,11,1,1,0,1,1,1,0,1,1,1,0,1,0,0,6
BBB,2013J,496091,1,Yorkshire Region,Lower Than A Level,0-10%,0-35,1,60,0,Fail,10,1,1,0,1,1,0,0,1,1,1,1,0,1,1,1
BBB,2013J,496334,1,Yorkshire Region,A Level or Equivalent,20-Oct,0-35,0,60,0,Fail,14,1,0,0,0,0,0,1,1,1,0,1,1,0,0,5
BBB,2013J,496442,1,West Midlands Region,Lower Than A Level,70-80%,0-35,0,60,0,Pass,9,1,1,0,0,0,1,1,0,0,1,1,0,1,0,4
BBB,2013J,496764,1,Yorkshire Region,No Formal quals,30-40%,0-35,0,120,0,Distinction,16,0,0,1,1,0,1,1,0,0,0,0,1,0,1,10
BBB,2013J,497130,1,South Region,Lower Than A Level,80-90%,35-55,0,60,0,Pass,14,0,1,0,0,1,1,0,0,0,1,1,1,0,1,5
BBB,2013J,497632,1,Wales,A Level or Equivalent,90-100%,0-35,1,60,0,Pass,6,0,1,0,1,1,1,0,1,1,0,0,0,1,0,9
BBB,2013J,497925,1,East Anglian Region,Lower Than A Level,40-50%,0-35,1,60,0,Withdrawn,6,1,1,1,1,0,0,0,1,1,1,1,1,0,0,9
BBB,2013J,498543,0,Scotland,Lower Than A Level,50-60%,0-35,1,60,0,Pass,11,0,1,0,1,1,0,1,0,0,1,1,1,0,0,6
BBB,2013J,498635,0,South West Region,A Level or Equivalent,20-30%,35-55,1,60,0,Pass,2,0,1,1,0,1,1,0,1,1,1,1,0,0,0,2
BBB,2013J,498755,1,London Region,A Level or Equivalent,0-10%,0-35,0,120,0,Pass,11,0,1,1,1,1,0,0,0,0,1,1,0,1,1,6
BBB,2013J,498841,1,East Midlands Region,A Level or Equivalent,70-80%,0-35,0,120,0,Withdrawn,10,0,0,1,1,1,0,0,1,0,0,1,0,1,0,1
BBB,2013J,498892,0,Scotland,Lower Than A Level,20-30%,35-55,0,60,0,Fail,16,1,1,0,1,1,0,1,1,1,0,0,1,1,1,10
BBB,2013J,499373,1,South West Region,Lower Than A Level,40-50%,0-35,0,120,0,Withdrawn,15,1,0,0,0,0,1,1,0,0,0,1,0,0,1,10
BBB,2013J,499624,1,London Region,A Level or Equivalent,20-30%,0-35,2,60,0,Withdrawn,1,1,1,0,1,1,0,0,0,0,1,1,0,1,0,2
BBB,2013J,499822,1,Wales,HE Qualification,20-Oct,0-35,0,240,0,Withdrawn,13,1,1,1,1,0,0,1,1,0,1,1,1,0,1,5
BBB,2013J,500016,1,London Region,Lower Than A Level,40-50%,35-55,0,180,0,Pass,1,1,1,0,0,1,0,0,0,1,0,0,0,1,1,2
BBB,2013J,500135,1,East Anglian Region,A Level or Equivalent,70-80%,0-35,1,60,1,Fail,13,1,0,0,1,1,1,0,0,1,1,0,1,1,1,5
BBB,2013J,500279,1,East Anglian Region,A Level or Equivalent,60-70%,35-55,0,120,0,Withdrawn,6,1,1,0,1,0,0,0,1,1,1,0,0,1,0,9
BBB,2013J,500552,1,London Region,Lower Than A Level,60-70%,35-55,0,60,0,Pass,13,0,0,1,0,1,0,1,0,0,0,0,1,0,0,5
BBB,2013J,500625,0,South East Region,Lower Than A Level,20-Oct,0-35,0,60,0,Withdrawn,10,0,1,0,0,1,0,0,1,0,1,0,0,0,1,1
BBB,2013J,500668,1,Scotland,HE Qualification,60-70%,0-35,0,120,0,Pass,12,0,0,1,0,0,0,1,0,0,1,1,0,0,1,7
BBB,2013J,501053,1,South East Region,Lower Than A Level,20-30%,0-35,1,120,0,Fail,6,1,1,0,0,1,0,1,1,1,0,1,1,1,1,9
BBB,2013J,501208,1,South East Region,Lower Than A Level,60-70%,35-55,1,60,0,Pass,16,1,0,0,1,1,0,1,0,0,1,0,0,0,1,10
BBB,2013J,501637,1,South West Region,A Level or Equivalent,20-30%,0-35,1,120,1,Pass,12,1,1,0,0,1,1,0,1,0,0,0,0,0,1,7
BBB,2013J,501862,1,Wales,Lower Than A Level,0-10%,0-35,0,60,0,Fail,4,1,0,1,0,1,0,0,1,1,1,1,1,1,1,8
BBB,2013J,501945,1,South Region,Lower Than A Level,40-50%,35-55,0,60,0,Withdrawn,11,0,0,1,1,1,1,1,0,1,0,1,1,1,0,6
BBB,2013J,502391,0,Scotland,HE Qualification,20-Oct,35-55,1,120,0,Fail,8,1,0,1,0,0,0,0,0,0,0,1,0,1,0,3
BBB,2013J,502452,1,South West Region,A Level or Equivalent,90-100%,35-55,0,120,0,Withdrawn,3,0,0,1,0,1,1,0,0,0,1,1,0,1,1,8
BBB,2013J,502621,1,South West Region,A Level or Equivalent,50-60%,0-35,0,120,1,Withdrawn,12,1,1,1,0,1,1,0,1,1,1,0,0,0,0,7
BBB,2013J,503322,1,South West Region,Lower Than A Level,20-Oct,35-55,0,60,0,Pass,8,1,0,1,1,0,1,1,0,0,1,0,0,0,0,3
BBB,2013J,503516,1,Scotland,Lower Than A Level,70-80%,0-35,0,60,1,Fail,4,1,0,0,0,1,1,0,1,1,1,0,1,0,1,8
BBB,2013J,503804,1,Ireland,Lower Than A Level,20-Oct,0-35,0,60,0,Pass,9,0,1,0,1,0,0,1,1,1,0,1,1,1,1,4
BBB,2013J,503878,1,South West Region,Lower Than A Level,50-60%,0-35,1,180,1,Fail,16,0,0,0,1,1,0,0,0,1,0,1,1,0,1,10
BBB,2013J,504013,1,Wales,A Level or Equivalent,20-Oct,0-35,1,60,0,Pass,6,0,0,1,1,0,0,1,0,0,1,1,1,1,0,9
BBB,2013J,504022,1,North Region,A Level or Equivalent,0-10%,0-35,1,120,0,Pass,10,1,0,1,1,0,1,1,0,1,0,0,0,1,1,1
BBB,2013J,504466,1,Scotland,Lower Than A Level,50-60%,35-55,1,60,0,Pass,15,0,1,0,0,1,0,1,1,1,0,1,1,1,0,10
BBB,2013J,504635,1,Wales,HE Qualification,90-100%,0-35,0,60,0,Pass,11,1,1,0,0,1,1,1,0,0,1,0,0,0,0,6
BBB,2013J,504842,1,East Midlands Region,Lower Than A Level,20-30%,0-35,0,60,0,Withdrawn,8,1,1,1,0,1,0,0,1,0,0,1,0,0,1,3
BBB,2013J,505413,1,South Region,A Level or Equivalent,80-90%,35-55,0,60,0,Pass,9,0,1,0,1,0,1,0,1,1,0,0,0,0,0,4
BBB,2013J,505595,1,London Region,Lower Than A Level,20-Oct,0-35,2,60,1,Withdrawn,15,0,0,0,0,0,1,0,1,0,0,1,0,0,1,10
BBB,2013J,506185,1,London Region,Lower Than A Level,60-70%,0-35,0,60,0,Fail,3,0,1,0,0,0,1,0,0,1,0,0,1,0,0,8
BBB,2013J,506248,1,South East Region,Lower Than A Level,80-90%,0-35,0,60,0,Fail,10,0,0,0,0,0,1,1,1,1,0,0,0,0,1,1
BBB,2013J,506804,1,North Region,A Level or Equivalent,20-30%,0-35,0,120,0,Pass,5,0,0,0,0,0,1,1,1,1,1,1,0,1,1,9
BBB,2013J,506980,1,Scotland,A Level or Equivalent,20-30%,0-35,1,120,0,Fail,1,0,1,0,0,1,1,1,0,1,1,0,1,1,0,2
BBB,2013J,507016,1,North Western Region,A Level or Equivalent,40-50%,0-35,0,90,0,Pass,13,1,0,1,1,1,0,1,1,0,1,1,0,0,0,5
BBB,2013J,507279,1,West Midlands Region,Lower Than A Level,20-Oct,0-35,0,60,1,Fail,16,1,0,1,0,1,0,1,0,0,0,1,1,1,1,10
BBB,2013J,507387,1,East Anglian Region,A Level or Equivalent,50-60%,0-35,0,60,0,Fail,16,1,0,0,0,0,1,0,1,1,0,0,1,0,0,10
BBB,2013J,507389,1,Wales,Lower Than A Level,20-30%,35-55,0,60,0,Fail,5,0,1,1,1,0,0,0,1,0,1,0,0,1,0,9
BBB,2013J,507676,1,Yorkshire Region,No Formal quals,20-30%,0-35,2,120,0,Fail,6,1,1,0,1,1,1,1,0,0,0,0,1,1,1,9
BBB,2013J,507944,0,North Western Region,A Level or Equivalent,0-10%,35-55,0,60,0,Withdrawn,5,0,1,0,1,0,0,0,0,0,1,1,0,1,1,9
BBB,2013J,508028,1,South West Region,A Level or Equivalent,30-40%,35-55,0,60,0,Pass,3,0,0,1,1,0,0,0,1,1,0,0,1,1,1,8
BBB,2013J,508047,1,South East Region,Lower Than A Level,40-50%,35-55,0,120,1,Withdrawn,3,1,0,0,1,0,1,0,0,0,1,0,1,0,0,8
BBB,2013J,508079,1,Wales,Lower Than A Level,40-50%,0-35,0,60,0,Pass,16,1,0,1,0,0,0,0,0,0,0,0,0,0,0,10
BBB,2013J,508414,1,South West Region,Lower Than A Level,60-70%,35-55,1,60,0,Withdrawn,11,0,0,0,1,1,1,1,1,0,1,0,0,1,0,6
BBB,2013J,508422,0,Ireland,Lower Than A Level,40-50%,35-55,1,60,0,Fail,3,0,0,0,1,0,1,1,1,1,0,1,0,1,1,8
BBB,2013J,508517,1,Yorkshire Region,No Formal quals,30-40%,0-35,2,60,0,Fail,3,0,1,1,1,1,0,0,0,0,1,0,1,1,0,8
BBB,2013J,508759,1,East Anglian Region,A Level or Equivalent,30-40%,0-35,0,120,0,Withdrawn,2,1,1,1,0,1,1,0,1,0,0,1,0,1,1,2
BBB,2013J,509036,1,Scotland,A Level or Equivalent,60-70%,0-35,0,120,0,Fail,3,1,1,0,1,0,0,1,1,0,0,0,0,1,0,8
BBB,2013J,509236,1,Yorkshire Region,A Level or Equivalent,30-40%,0-35,0,180,0,Fail,10,1,1,1,0,0,0,1,1,0,0,1,1,1,0,1
BBB,2013J,509258,1,North Western Region,Lower Than A Level,60-70%,0-35,0,60,0,Fail,15,0,1,0,1,0,1,1,0,1,0,1,1,1,1,10
BBB,2013J,509390,1,South Region,A Level or Equivalent,90-100%,0-35,1,120,1,Fail,16,0,1,0,0,1,1,1,1,0,1,0,1,1,1,10
BBB,2013J,509607,1,North Region,Lower Than A Level,,0-35,1,60,0,Distinction,12,0,1,1,0,1,1,1,0,1,1,1,1,0,0,7
BBB,2013J,509845,1,West Midlands Region,A Level or Equivalent,0-10%,0-35,0,60,0,Withdrawn,10,1,0,0,1,0,0,1,0,0,0,1,1,1,0,1
BBB,2013J,509913,1,North Western Region,Lower Than A Level,20-Oct,35-55,0,60,0,Fail,4,0,0,0,0,0,0,0,0,0,0,0,0,0,1,8
BBB,2013J,510149,1,East Anglian Region,Lower Than A Level,90-100%,35-55,0,180,0,Fail,2,1,0,0,0,0,1,0,0,1,0,1,0,0,0,2
BBB,2013J,510438,1,North Western Region,A Level or Equivalent,20-30%,35-55,0,60,0,Fail,1,1,1,0,1,0,0,0,0,1,1,1,0,1,0,2
BBB,2013J,510650,1,South West Region,Lower Than A Level,70-80%,0-35,0,120,1,Withdrawn,14,1,1,0,0,0,0,1,0,1,1,0,0,0,1,5
BBB,2013J,510776,1,London Region,Lower Than A Level,20-30%,0-35,1,60,0,Fail,10,1,0,1,0,1,1,1,1,0,0,0,1,1,1,1
BBB,2013J,510868,1,London Region,A Level or Equivalent,30-40%,35-55,0,90,0,Withdrawn,1,1,0,0,0,0,0,1,1,1,1,0,0,1,0,2
BBB,2013J,511678,1,South Region,A Level or Equivalent,20-30%,0-35,0,120,0,Pass,1,1,1,1,0,0,0,0,0,0,0,1,1,0,0,2
BBB,2013J,512417,1,Scotland,A Level or Equivalent,20-Oct,0-35,1,60,0,Pass,6,0,0,1,1,1,1,1,0,0,1,1,0,0,1,9
BBB,2013J,512581,1,Scotland,Lower Than A Level,60-70%,0-35,1,60,0,Fail,14,0,1,0,1,0,1,0,0,0,0,1,1,1,1,5
BBB,2013J,512775,1,Scotland,HE Qualification,0-10%,35-55,0,90,0,Pass,11,0,0,0,1,0,0,0,0,1,0,1,1,1,0,6
BBB,2013J,512839,0,Yorkshire Region,Lower Than A Level,20-30%,0-35,0,150,0,Fail,15,1,0,0,0,1,1,0,0,1,1,0,0,1,1,10
BBB,2013J,512883,1,Wales,Lower Than A Level,20-30%,0-35,2,60,0,Withdrawn,5,0,1,1,1,1,1,0,1,1,0,1,0,1,0,9
BBB,2013J,512940,1,Wales,Lower Than A Level,30-40%,0-35,0,60,0,Pass,5,1,0,0,1,0,0,0,1,1,1,1,0,1,1,9
BBB,2013J,512977,0,North Western Region,A Level or Equivalent,0-10%,0-35,0,60,0,Pass,4,0,0,1,1,0,0,1,1,0,1,1,1,0,0,8
BBB,2013J,513076,1,North Western Region,Lower Than A Level,0-10%,0-35,0,120,1,Fail,8,1,1,1,0,1,1,1,0,1,0,0,1,1,1,3
BBB,2013J,513648,1,Yorkshire Region,A Level or Equivalent,0-10%,0-35,0,120,0,Withdrawn,1,1,1,0,0,1,1,1,0,1,1,1,0,1,0,2
BBB,2013J,513836,1,East Anglian Region,HE Qualification,40-50%,35-55,0,60,0,Withdrawn,5,1,1,0,1,0,1,1,0,1,1,0,1,1,1,9
BBB,2013J,514043,1,London Region,A Level or Equivalent,60-70%,35-55,1,60,0,Pass,9,1,1,0,1,0,1,1,0,1,0,0,1,1,0,4
BBB,2013J,514074,1,East Midlands Region,A Level or Equivalent,20-30%,35-55,0,60,0,Withdrawn,13,1,1,0,1,1,0,1,0,0,0,0,0,1,1,5
BBB,2013J,514302,1,East Anglian Region,Lower Than A Level,70-80%,35-55,0,60,0,Pass,12,0,0,0,1,0,0,1,0,0,1,1,0,0,1,7
BBB,2013J,514445,1,Wales,A Level or Equivalent,20-30%,0-35,0,120,0,Pass,8,1,1,1,0,0,0,0,0,1,0,1,0,1,0,3
BBB,2013J,514776,1,Scotland,Lower Than A Level,40-50%,0-35,2,60,1,Fail,7,0,1,0,0,1,1,1,0,1,1,0,0,0,0,3
BBB,2013J,514824,1,London Region,A Level or Equivalent,20-30%,0-35,1,60,0,Withdrawn,1,1,1,1,0,0,0,1,1,0,1,1,0,0,1,2
BBB,2013J,514864,1,West Midlands Region,Lower Than A Level,20-Oct,0-35,0,60,0,Pass,14,0,1,1,1,1,0,1,0,0,1,0,1,0,1,5
BBB,2013J,515203,1,Wales,Lower Than A Level,80-90%,0-35,0,180,0,Fail,16,0,1,0,1,0,0,0,0,1,0,0,0,1,1,10
BBB,2013J,515209,1,East Midlands Region,HE Qualification,70-80%,35-55,0,120,0,Withdrawn,12,0,0,0,1,1,0,0,1,1,0,1,1,1,1,7
BBB,2013J,515417,0,Ireland,HE Qualification,0-10%,35-55,0,180,0,Fail,5,1,0,0,1,1,1,0,0,1,1,1,1,0,0,9
BBB,2013J,515646,1,East Anglian Region,Lower Than A Level,60-70%,0-35,0,60,0,Pass,5,1,1,1,1,0,0,0,0,0,0,0,1,1,0,9
BBB,2013J,515676,1,East Midlands Region,Lower Than A Level,50-60%,0-35,0,60,0,Pass,13,0,1,1,1,1,1,1,1,1,1,0,1,0,1,5
BBB,2013J,516055,1,South West Region,A Level or Equivalent,50-60%,0-35,0,120,0,Withdrawn,11,1,0,0,1,1,1,1,1,0,0,0,1,1,0,6
BBB,2013J,516165,1,West Midlands Region,Lower Than A Level,40-50%,0-35,0,60,0,Withdrawn,16,1,0,0,0,0,1,1,1,1,1,1,0,0,0,10
BBB,2013J,516212,1,East Midlands Region,A Level or Equivalent,20-30%,0-35,0,60,0,Withdrawn,9,0,1,1,0,1,0,0,1,0,1,1,0,0,1,4
BBB,2013J,516214,1,London Region,A Level or Equivalent,40-50%,0-35,0,150,0,Withdrawn,16,0,1,1,1,0,0,0,0,1,0,0,1,1,0,10
BBB,2013J,516364,1,East Anglian Region,Lower Than A Level,70-80%,35-55,0,60,0,Withdrawn,2,1,0,1,1,0,1,1,1,0,0,0,1,0,1,2
BBB,2013J,516447,1,Scotland,Lower Than A Level,30-40%,0-35,2,120,0,Withdrawn,14,1,0,1,0,0,0,1,1,1,0,1,1,0,1,5
BBB,2013J,516926,0,North Western Region,Lower Than A Level,20-Oct,0-35,0,60,1,Fail,11,0,0,1,1,0,0,0,1,0,0,1,1,1,1,6
BBB,2013J,517000,1,North Western Region,A Level or Equivalent,20-Oct,35-55,2,60,0,Distinction,14,0,0,0,1,0,1,1,0,0,1,1,1,1,0,5
BBB,2013J,517016,1,South Region,A Level or Equivalent,80-90%,0-35,0,60,1,Fail,12,0,1,0,1,1,1,1,1,0,0,1,0,0,1,7
BBB,2013J,517075,1,South West Region,A Level or Equivalent,40-50%,0-35,0,120,0,Withdrawn,16,0,1,0,1,1,0,0,1,1,0,0,0,0,1,10
BBB,2013J,517231,1,Scotland,A Level or Equivalent,50-60%,35-55,0,60,0,Pass,8,1,1,1,1,1,1,0,0,0,0,1,1,0,0,3
BBB,2013J,517352,1,East Anglian Region,Lower Than A Level,60-70%,0-35,0,60,0,Pass,14,1,0,0,0,0,0,0,0,0,0,0,0,0,0,5
BBB,2013J,517553,1,Wales,Lower Than A Level,80-90%,0-35,1,60,0,Withdrawn,16,0,1,1,0,1,0,0,1,0,0,1,1,0,0,10
BBB,2013J,517922,1,West Midlands Region,Lower Than A Level,70-80%,0-35,0,60,0,Withdrawn,15,0,0,0,0,1,1,0,1,0,1,1,1,1,1,10
BBB,2013J,518029,1,South East Region,Lower Than A Level,80-90%,0-35,1,60,0,Withdrawn,13,0,1,1,1,1,1,1,0,1,0,1,0,0,0,5
BBB,2013J,518126,1,West Midlands Region,A Level or Equivalent,20-Oct,0-35,1,120,0,Pass,4,1,1,0,1,0,1,0,1,1,1,0,1,0,0,8
BBB,2013J,518223,0,East Anglian Region,Lower Than A Level,20-Oct,0-35,1,60,1,Pass,3,0,0,0,0,0,0,0,1,0,1,1,0,0,1,8
BBB,2013J,518258,1,South East Region,Lower Than A Level,70-80%,0-35,0,60,0,Distinction,4,0,1,1,1,0,1,0,0,0,1,1,1,0,1,8
BBB,2013J,518496,1,East Anglian Region,Lower Than A Level,70-80%,35-55,0,60,1,Pass,7,0,1,1,0,0,0,0,0,1,1,0,1,0,0,3
BBB,2013J,519294,1,East Anglian Region,Lower Than A Level,60-70%,0-35,0,60,0,Pass,9,0,0,0,0,0,1,0,1,0,1,1,1,0,1,4
BBB,2013J,519584,1,South Region,Lower Than A Level,20-30%,0-35,0,60,0,Pass,5,0,1,1,0,0,0,1,1,0,1,0,1,1,1,9
BBB,2013J,519622,1,East Midlands Region,A Level or Equivalent,80-90%,0-35,1,180,1,Fail,12,0,1,1,0,1,0,0,0,1,1,0,1,1,0,7
BBB,2013J,519751,1,Yorkshire Region,No Formal quals,20-30%,0-35,0,60,0,Withdrawn,16,1,0,1,1,1,0,1,0,0,1,1,1,0,0,10
BBB,2013J,519945,1,London Region,Lower Than A Level,60-70%,35-55,0,60,0,Withdrawn,11,1,1,0,0,0,0,1,0,0,0,1,0,0,1,6
BBB,2013J,520002,1,East Anglian Region,Lower Than A Level,70-80%,0-35,0,120,0,Pass,11,1,0,1,0,0,0,0,1,1,0,1,0,1,1,6
BBB,2013J,520006,1,East Midlands Region,A Level or Equivalent,80-90%,35-55,0,60,0,Distinction,13,0,1,1,1,0,1,1,1,0,1,1,0,1,1,5
BBB,2013J,520024,1,Yorkshire Region,A Level or Equivalent,20-Oct,0-35,0,60,0,Withdrawn,9,1,1,0,0,0,0,1,0,0,0,1,0,1,1,4
BBB,2013J,520100,1,South East Region,Lower Than A Level,90-100%,0-35,0,60,0,Fail,14,0,1,1,1,0,1,0,0,0,1,0,1,1,0,5
BBB,2013J,520153,1,West Midlands Region,Lower Than A Level,40-50%,0-35,0,240,0,Withdrawn,16,0,1,1,1,0,1,1,1,1,0,1,1,1,0,10
BBB,2013J,520286,1,Wales,Lower Than A Level,60-70%,35-55,0,60,0,Distinction,4,0,1,0,1,1,1,0,1,0,0,0,0,1,1,8
BBB,2013J,520325,1,South Region,Lower Than A Level,50-60%,0-35,0,60,0,Fail,9,1,0,1,1,0,0,1,0,0,1,0,1,1,1,4
BBB,2013J,521209,0,North Region,Lower Than A Level,0-10%,0-35,0,120,0,Withdrawn,6,0,1,0,1,0,0,1,0,0,1,0,0,0,1,9
BBB,2013J,521341,1,South Region,HE Qualification,90-100%,35-55,0,120,1,Pass,3,1,0,0,1,0,1,1,0,1,1,0,1,1,1,8
BBB,2013J,521456,1,North Western Region,A Level or Equivalent,0-10%,0-35,0,60,0,Withdrawn,4,0,1,1,1,0,1,1,1,0,1,1,0,0,1,8
BBB,2013J,521509,1,South West Region,Lower Than A Level,40-50%,0-35,0,120,0,Pass,4,1,1,0,0,1,0,1,0,0,0,1,1,0,1,8
BBB,2013J,521590,1,North Western Region,Lower Than A Level,0-10%,0-35,0,60,0,Pass,7,1,1,0,0,0,0,0,0,0,0,1,0,0,1,3
BBB,2013J,521666,1,Yorkshire Region,A Level or Equivalent,50-60%,0-35,1,120,0,Fail,14,1,1,0,0,1,1,0,0,0,0,1,1,0,0,5
BBB,2013J,521895,1,North Region,A Level or Equivalent,,0-35,0,120,0,Pass,4,1,0,1,1,0,1,0,1,1,0,1,1,0,0,8
BBB,2013J,521957,1,Ireland,Lower Than A Level,70-80%,0-35,2,120,0,Withdrawn,2,1,0,0,1,0,0,0,1,1,0,0,0,0,0,2
BBB,2013J,522426,1,Scotland,HE Qualification,70-80%,35-55,0,60,0,Pass,8,0,0,1,0,0,0,1,0,1,0,1,1,1,0,3
BBB,2013J,522434,0,Scotland,Lower Than A Level,0-10%,35-55,0,60,0,Pass,5,1,0,0,0,0,0,1,0,1,0,1,0,1,0,9
BBB,2013J,522441,0,Scotland,A Level or Equivalent,90-100%,35-55,0,60,0,Pass,2,0,0,0,0,1,1,0,1,0,0,1,0,0,1,2
BBB,2013J,522443,1,Scotland,A Level or Equivalent,40-50%,35-55,0,120,0,Fail,7,1,0,1,1,1,1,0,0,0,0,0,1,1,1,3
BBB,2013J,522446,1,Scotland,A Level or Equivalent,60-70%,35-55,0,60,0,Pass,5,1,1,0,0,0,1,1,0,0,1,0,0,0,1,9
BBB,2013J,522529,1,Scotland,A Level or Equivalent,0-10%,35-55,0,60,0,Pass,11,1,1,0,0,1,1,1,0,1,0,1,0,0,1,6
BBB,2013J,522622,1,Wales,Lower Than A Level,20-Oct,0-35,1,120,0,Pass,9,1,0,0,1,1,0,0,0,0,1,0,1,1,1,4
BBB,2013J,522650,1,East Anglian Region,Lower Than A Level,90-100%,0-35,0,60,0,Withdrawn,11,1,1,0,1,0,0,0,0,1,1,1,0,1,1,6
BBB,2013J,522714,1,Wales,A Level or Equivalent,30-40%,0-35,0,60,0,Pass,5,0,0,1,1,0,0,1,1,0,1,0,0,1,1,9
BBB,2013J,522792,1,Yorkshire Region,Lower Than A Level,60-70%,0-35,0,60,0,Pass,2,0,1,0,0,0,1,0,1,0,1,1,1,0,0,2
BBB,2013J,522889,1,Scotland,Lower Than A Level,50-60%,0-35,0,60,0,Fail,12,0,0,0,1,1,1,1,0,0,1,0,1,1,1,7
BBB,2013J,522891,1,Scotland,Lower Than A Level,50-60%,35-55,0,60,0,Pass,10,0,1,0,0,0,0,0,1,0,1,0,1,1,0,1
BBB,2013J,522894,1,Scotland,HE Qualification,30-40%,35-55,0,120,0,Pass,16,0,0,0,0,1,1,1,0,1,0,1,0,1,0,10
BBB,2013J,522899,1,Scotland,HE Qualification,50-60%,35-55,0,120,0,Fail,14,1,0,1,1,0,0,1,0,1,1,0,0,0,0,5
BBB,2013J,523331,1,London Region,Lower Than A Level,20-Oct,35-55,0,60,0,Fail,1,0,1,0,1,1,0,0,1,1,1,1,1,1,1,2
BBB,2013J,523398,1,South Region,A Level or Equivalent,60-70%,0-35,1,60,0,Fail,16,0,1,1,0,1,0,1,1,1,0,1,1,1,1,10
BBB,2013J,523466,1,Wales,A Level or Equivalent,0-10%,0-35,0,180,0,Pass,4,1,0,0,1,0,0,0,0,0,0,1,0,0,1,8
BBB,2013J,523545,1,Scotland,HE Qualification,50-60%,0-35,0,60,0,Pass,9,0,0,0,0,0,1,0,1,0,1,0,0,1,1,4
BBB,2013J,523655,1,Wales,Lower Than A Level,20-30%,0-35,0,60,0,Pass,6,0,1,0,1,0,0,0,1,1,1,1,0,0,1,9
BBB,2013J,523757,1,North Western Region,Lower Than A Level,0-10%,35-55,1,60,0,Fail,8,0,1,0,1,0,0,1,0,1,1,0,0,0,0,3
BBB,2013J,523857,1,West Midlands Region,HE Qualification,20-30%,0-35,0,120,1,Pass,14,0,0,1,0,0,0,0,0,1,0,1,0,1,0,5
BBB,2013J,523875,1,Scotland,A Level or Equivalent,50-60%,35-55,0,60,0,Distinction,9,1,1,1,0,1,0,0,0,0,0,0,0,0,0,4
BBB,2013J,523885,1,Scotland,A Level or Equivalent,20-Oct,0-35,0,60,0,Withdrawn,16,0,1,0,0,0,1,0,0,1,1,0,0,1,1,10
BBB,2013J,523928,1,London Region,A Level or Equivalent,20-Oct,35-55,0,60,0,Pass,13,0,1,1,1,0,1,0,1,0,1,1,1,0,0,5
BBB,2013J,524076,1,London Region,A Level or Equivalent,20-30%,0-35,0,60,0,Fail,12,1,0,0,1,1,0,0,0,0,1,0,1,0,0,7
BBB,2013J,524496,1,West Midlands Region,A Level or Equivalent,0-10%,35-55,1,60,0,Fail,10,0,0,0,1,0,1,1,0,1,1,0,0,0,1,1
BBB,2013J,524790,1,South East Region,A Level or Equivalent,90-100%,35-55,0,60,0,Distinction,5,1,1,1,1,0,0,0,1,1,0,0,1,0,0,9
BBB,2013J,525877,1,Scotland,Lower Than A Level,0-10%,0-35,2,60,1,Withdrawn,10,1,0,0,0,0,0,0,0,1,1,0,0,1,1,1
BBB,2013J,525885,1,South East Region,HE Qualification,40-50%,0-35,1,60,0,Fail,9,1,0,1,1,1,1,1,1,0,0,1,1,1,0,4
BBB,2013J,525974,1,East Anglian Region,Lower Than A Level,50-60%,0-35,0,60,0,Distinction,6,1,1,0,1,0,0,1,1,0,0,0,0,1,1,9
BBB,2013J,526088,1,East Anglian Region,Lower Than A Level,40-50%,0-35,0,60,0,Fail,9,1,0,0,1,1,0,1,0,1,0,1,0,0,0,4
BBB,2013J,526177,1,Scotland,Lower Than A Level,40-50%,0-35,0,75,0,Pass,13,0,1,1,0,1,1,1,1,1,1,0,0,0,1,5
BBB,2013J,526506,1,Yorkshire Region,A Level or Equivalent,60-70%,0-35,2,60,0,Withdrawn,14,0,1,1,0,0,0,0,0,0,1,0,0,1,1,5
BBB,2013J,526810,1,North Region,A Level or Equivalent,20-Oct,0-35,0,60,0,Withdrawn,9,0,1,0,0,0,1,0,0,1,0,1,0,1,1,4
BBB,2013J,527393,1,Scotland,Lower Than A Level,40-50%,0-35,0,60,0,Pass,5,0,1,0,1,1,1,0,1,1,1,1,0,1,0,9
BBB,2013J,527580,1,West Midlands Region,Lower Than A Level,80-90%,0-35,0,60,0,Pass,8,1,0,1,0,1,0,1,0,1,1,1,0,0,1,3
BBB,2013J,527636,1,Wales,A Level or Equivalent,0-10%,0-35,1,120,0,Fail,9,0,0,0,1,0,0,0,1,1,1,1,1,0,1,4
BBB,2013J,527689,1,Scotland,Lower Than A Level,20-Oct,0-35,0,60,0,Withdrawn,11,1,1,0,1,0,1,1,1,1,1,0,0,0,0,6
BBB,2013J,527799,0,London Region,A Level or Equivalent,20-Oct,35-55,1,60,0,Fail,13,1,1,1,0,1,0,0,0,0,0,0,0,1,1,5
BBB,2013J,528056,1,South West Region,A Level or Equivalent,30-40%,0-35,1,60,0,Fail,12,1,0,1,1,0,0,1,0,0,0,0,0,1,0,7
BBB,2013J,528204,1,North Western Region,Lower Than A Level,0-10%,0-35,0,60,0,Withdrawn,15,1,0,0,0,0,1,1,1,1,0,1,1,1,0,10
BBB,2013J,528464,1,South East Region,A Level or Equivalent,90-100%,0-35,2,60,0,Pass,13,0,1,1,1,1,0,1,0,0,1,0,1,0,1,5
BBB,2013J,528642,1,Wales,Lower Than A Level,40-50%,0-35,0,390,0,Withdrawn,5,1,0,1,0,1,0,0,1,1,1,1,0,0,0,9
BBB,2013J,529000,1,East Anglian Region,Lower Than A Level,60-70%,0-35,0,60,1,Fail,9,1,1,0,0,1,0,1,0,1,1,1,0,0,1,4
BBB,2013J,529163,1,South Region,Lower Than A Level,40-50%,0-35,1,60,0,Withdrawn,4,1,1,1,0,1,1,1,0,1,1,1,1,0,1,8
BBB,2013J,529597,1,East Midlands Region,Lower Than A Level,0-10%,0-35,0,120,1,Fail,1,1,1,0,1,0,0,0,0,0,1,1,0,0,1,2
BBB,2013J,529795,1,Scotland,HE Qualification,70-80%,0-35,0,60,0,Fail,3,1,1,1,1,1,1,0,1,1,1,0,0,0,0,8
BBB,2013J,530021,1,London Region,A Level or Equivalent,40-50%,0-35,0,60,0,Fail,12,0,1,0,1,1,1,1,0,1,0,1,0,1,1,7
BBB,2013J,530112,1,Scotland,Lower Than A Level,40-50%,0-35,1,60,0,Fail,15,0,0,1,1,0,0,1,0,1,1,1,1,0,1,10
BBB,2013J,530487,1,London Region,HE Qualification,40-50%,0-35,0,60,0,Pass,1,1,0,0,0,0,1,1,1,0,0,0,1,0,0,2
BBB,2013J,530514,1,East Midlands Region,Lower Than A Level,20-Oct,0-35,0,60,1,Pass,1,0,0,1,0,1,1,0,0,1,0,0,1,0,0,2
BBB,2013J,530753,1,Ireland,Lower Than A Level,0-10%,0-35,0,60,1,Fail,10,1,1,0,0,0,0,0,0,0,1,1,0,0,0,1
BBB,2013J,530841,1,North Region,A Level or Equivalent,30-40%,0-35,0,60,0,Pass,6,0,1,0,0,0,1,1,1,1,0,1,1,1,0,9
BBB,2013J,531287,1,Yorkshire Region,A Level or Equivalent,0-10%,35-55,0,60,0,Withdrawn,10,0,0,0,0,0,0,0,0,1,0,0,0,1,0,1
BBB,2013J,531384,1,Scotland,Lower Than A Level,50-60%,0-35,0,60,0,Pass,7,1,0,0,1,1,0,0,1,1,0,0,1,1,1,3
BBB,2013J,531643,1,North Western Region,A Level or Equivalent,20-Oct,35-55,0,60,0,Distinction,3,0,0,1,1,0,1,0,0,0,1,1,1,0,0,8
BBB,2013J,532114,1,Yorkshire Region,A Level or Equivalent,0-10%,35-55,0,60,0,Withdrawn,8,0,1,1,1,0,1,1,0,0,1,0,1,0,1,3
BBB,2013J,532335,1,South Region,Lower Than A Level,70-80%,0-35,0,60,0,Pass,11,1,0,0,1,0,0,0,0,0,0,0,1,1,1,6
BBB,2013J,532477,1,Scotland,A Level or Equivalent,30-40%,35-55,0,60,0,Pass,15,0,0,0,1,1,1,0,1,0,0,1,1,1,1,10
BBB,2013J,532615,1,Wales,Lower Than A Level,50-60%,35-55,0,120,0,Distinction,9,1,0,0,1,1,0,1,1,1,0,0,1,0,0,4
BBB,2013J,532739,1,Scotland,HE Qualification,30-40%,0-35,0,60,0,Pass,1,1,1,0,1,0,0,0,1,1,0,0,0,0,0,2
BBB,2013J,532750,1,London Region,A Level or Equivalent,30-40%,0-35,0,60,0,Distinction,4,1,1,0,1,1,0,0,0,0,1,0,1,0,1,8
BBB,2013J,532839,1,North Region,HE Qualification,,0-35,1,60,0,Fail,7,1,0,0,0,1,0,0,1,0,1,1,1,0,0,3
BBB,2013J,532868,1,East Anglian Region,Lower Than A Level,70-80%,0-35,0,60,0,Fail,2,1,0,0,0,0,0,0,0,0,0,1,0,0,0,2
BBB,2013J,532869,1,Yorkshire Region,Lower Than A Level,50-60%,0-35,0,60,0,Pass,16,1,0,1,0,1,1,1,0,1,0,1,1,1,0,10
BBB,2013J,533091,0,North Western Region,Lower Than A Level,80-90%,35-55,0,60,0,Distinction,2,1,0,0,0,1,0,1,1,0,0,0,0,0,0,2
BBB,2013J,533164,1,Wales,Lower Than A Level,20-Oct,0-35,1,60,0,Withdrawn,4,1,0,0,1,1,0,1,1,0,1,1,1,1,1,8
BBB,2013J,533301,1,East Anglian Region,A Level or Equivalent,70-80%,0-35,0,60,1,Pass,13,1,0,1,0,1,0,1,0,0,0,1,0,0,1,5
BBB,2013J,533414,1,East Anglian Region,Lower Than A Level,30-40%,0-35,1,120,0,Withdrawn,10,1,1,1,1,1,1,1,0,0,1,0,1,0,0,1
BBB,2013J,533449,0,Yorkshire Region,Lower Than A Level,70-80%,0-35,0,60,0,Withdrawn,8,0,0,0,1,0,1,0,0,1,0,1,0,1,0,3
BBB,2013J,534133,1,Yorkshire Region,Lower Than A Level,0-10%,0-35,0,60,0,Pass,13,0,1,1,1,0,0,0,0,0,1,0,0,0,1,5
BBB,2013J,534323,1,North Region,A Level or Equivalent,40-50%,35-55,0,60,0,Pass,8,1,1,0,0,1,0,1,0,0,0,0,0,1,1,3
BBB,2013J,534816,1,West Midlands Region,Lower Than A Level,20-Oct,0-35,1,60,0,Fail,4,0,1,1,1,0,0,1,1,1,0,0,1,1,1,8
BBB,2013J,534946,1,Yorkshire Region,A Level or Equivalent,20-Oct,0-35,0,60,0,Pass,3,0,1,1,0,1,0,1,1,0,0,0,0,0,1,8
BBB,2013J,534998,1,North Region,Lower Than A Level,,0-35,1,60,0,Pass,8,1,0,1,1,1,0,1,0,1,0,0,1,0,0,3
BBB,2013J,535168,1,North Western Region,A Level or Equivalent,20-30%,0-35,0,120,0,Withdrawn,8,1,0,1,0,0,0,0,1,1,0,0,1,0,0,3
BBB,2013J,535269,1,London Region,A Level or Equivalent,20-30%,0-35,1,60,0,Fail,16,1,1,1,0,1,0,0,0,1,0,1,0,0,1,10
BBB,2013J,535379,1,East Anglian Region,A Level or Equivalent,60-70%,0-35,0,60,0,Pass,16,1,0,1,1,1,1,1,0,0,1,0,0,1,1,10
BBB,2013J,535833,1,South West Region,Lower Than A Level,20-30%,0-35,0,60,0,Pass,11,1,0,0,0,0,1,0,0,1,1,1,0,1,0,6
BBB,2013J,536318,1,East Anglian Region,A Level or Equivalent,30-40%,35-55,0,120,0,Pass,13,1,1,0,1,1,1,1,1,0,0,1,0,1,1,5
BBB,2013J,536409,1,East Midlands Region,A Level or Equivalent,40-50%,0-35,0,120,0,Withdrawn,11,1,0,1,1,1,1,0,1,0,0,1,1,1,1,6
BBB,2013J,536487,1,Scotland,Lower Than A Level,20-30%,0-35,1,60,0,Withdrawn,11,1,1,0,0,1,1,0,1,1,1,0,1,1,1,6
BBB,2013J,536632,1,Ireland,HE Qualification,70-80%,0-35,0,60,0,Pass,2,1,0,0,0,1,1,1,0,0,1,1,0,1,1,2
BBB,2013J,536649,1,Ireland,Lower Than A Level,20-Oct,35-55,0,60,0,Fail,1,0,1,0,1,1,1,0,1,1,1,1,1,0,1,2
BBB,2013J,536660,1,Ireland,Lower Than A Level,40-50%,0-35,0,60,0,Pass,15,1,1,0,0,1,1,0,0,1,0,0,1,1,0,10
BBB,2013J,536663,0,Ireland,A Level or Equivalent,50-60%,35-55,0,60,0,Withdrawn,14,0,1,1,1,1,0,0,1,0,1,0,0,1,0,5
BBB,2013J,536664,1,Ireland,Lower Than A Level,60-70%,35-55,0,60,0,Fail,10,1,0,1,0,1,0,0,1,1,1,1,0,1,1,1
BBB,2013J,536666,1,London Region,Lower Than A Level,40-50%,0-35,0,60,0,Pass,15,0,0,1,1,0,1,1,1,0,1,0,0,1,0,10
BBB,2013J,536852,1,East Anglian Region,Lower Than A Level,40-50%,0-35,0,60,0,Fail,2,1,0,0,1,0,0,0,0,1,1,0,1,0,1,2
BBB,2013J,536992,1,South Region,A Level or Equivalent,50-60%,0-35,0,60,0,Pass,9,1,0,0,1,0,0,1,1,1,0,1,1,1,1,4
BBB,2013J,537271,1,South Region,A Level or Equivalent,80-90%,0-35,0,120,0,Fail,16,0,1,1,0,1,0,1,0,0,0,1,1,1,1,10
BBB,2013J,538210,1,West Midlands Region,Lower Than A Level,50-60%,0-35,0,60,0,Pass,7,0,0,1,1,1,0,0,0,1,1,1,0,0,1,3
BBB,2013J,539299,1,East Midlands Region,Lower Than A Level,0-10%,0-35,1,60,0,Withdrawn,9,0,0,0,1,0,1,0,0,0,1,0,0,1,0,4
BBB,2013J,539414,1,South East Region,A Level or Equivalent,60-70%,0-35,0,60,0,Withdrawn,9,0,1,1,0,0,1,0,0,0,1,0,1,0,0,4
BBB,2013J,539426,1,London Region,No Formal quals,20-30%,35-55,1,60,0,Fail,15,1,1,0,0,0,0,1,1,1,1,0,1,1,0,10
BBB,2013J,539670,0,East Anglian Region,A Level or Equivalent,0-10%,35-55,0,120,0,Fail,9,0,1,1,1,1,1,0,0,0,0,1,1,1,1,4
BBB,2013J,540005,1,West Midlands Region,A Level or Equivalent,0-10%,0-35,1,60,0,Pass,13,1,1,0,0,0,1,0,0,1,0,1,1,0,1,5
BBB,2013J,540249,0,East Anglian Region,A Level or Equivalent,0-10%,35-55,0,120,0,Fail,8,0,1,1,0,0,1,0,0,1,1,0,0,0,0,3
BBB,2013J,540293,1,Wales,Lower Than A Level,20-Oct,35-55,0,60,0,Pass,2,0,1,1,0,0,1,1,0,0,0,1,1,0,1,2
BBB,2013J,540521,1,East Anglian Region,A Level or Equivalent,30-40%,0-35,0,75,0,Pass,3,0,0,1,0,0,0,1,0,0,1,0,1,1,1,8
BBB,2013J,540602,1,South Region,Lower Than A Level,80-90%,0-35,0,60,0,Pass,4,1,0,0,0,1,1,0,1,0,0,0,0,1,0,8
BBB,2013J,540682,1,South East Region,Lower Than A Level,50-60%,0-35,0,60,0,Pass,16,1,1,0,0,0,0,1,1,1,1,1,1,1,1,10
BBB,2013J,541171,1,Wales,A Level or Equivalent,60-70%,0-35,0,120,0,Withdrawn,15,0,0,1,1,0,1,1,0,1,1,0,1,1,1,10
BBB,2013J,541274,0,Yorkshire Region,Lower Than A Level,50-60%,35-55,1,60,0,Distinction,2,0,1,1,1,0,1,0,0,1,1,0,1,0,1,2
BBB,2013J,541586,1,East Midlands Region,A Level or Equivalent,60-70%,35-55,0,60,0,Distinction,16,0,0,1,0,0,0,1,1,1,0,0,0,1,1,10
BBB,2013J,541702,1,East Anglian Region,A Level or Equivalent,90-100%,0-35,0,120,0,Distinction,11,1,0,0,0,0,1,1,1,0,0,1,0,1,1,6
BBB,2013J,541842,1,South East Region,Lower Than A Level,0-10%,0-35,0,60,0,Withdrawn,5,0,1,1,0,0,1,1,1,1,0,0,1,0,1,9
BBB,2013J,542296,1,Wales,Lower Than A Level,30-40%,35-55,1,60,0,Pass,11,0,0,0,0,1,1,0,0,0,1,1,0,1,0,6
BBB,2013J,542472,1,North Western Region,Lower Than A Level,20-30%,0-35,0,90,0,Fail,4,0,1,0,1,0,0,0,1,0,0,1,0,1,0,8
BBB,2013J,542562,1,South East Region,A Level or Equivalent,60-70%,0-35,1,270,1,Withdrawn,1,0,0,0,0,0,1,0,0,1,0,0,0,0,1,2
BBB,2013J,542574,1,East Midlands Region,Lower Than A Level,20-Oct,0-35,0,60,0,Distinction,15,0,0,0,1,0,1,0,1,0,0,1,0,0,0,10
BBB,2013J,542707,1,North Western Region,A Level or Equivalent,30-40%,0-35,0,60,0,Fail,7,1,0,1,1,0,0,0,1,0,1,1,0,0,0,3
BBB,2013J,543021,0,Scotland,Lower Than A Level,20-Oct,35-55,0,60,0,Withdrawn,8,0,1,0,0,1,1,0,1,1,1,1,0,0,0,3
BBB,2013J,543199,1,West Midlands Region,A Level or Equivalent,20-Oct,0-35,1,90,0,Withdrawn,10,0,1,1,0,0,0,1,1,0,0,0,1,1,0,1
BBB,2013J,543279,1,Yorkshire Region,A Level or Equivalent,0-10%,0-35,0,60,0,Fail,7,0,1,0,1,0,1,1,1,1,0,0,0,0,1,3
BBB,2013J,543418,1,Wales,Lower Than A Level,40-50%,0-35,0,60,0,Withdrawn,4,0,1,0,1,1,1,0,0,1,1,0,1,0,0,8
BBB,2013J,543428,1,West Midlands Region,Lower Than A Level,90-100%,35-55,1,60,0,Pass,9,0,0,1,0,1,0,1,0,0,1,0,0,1,0,4
BBB,2013J,544122,1,Wales,A Level or Equivalent,90-100%,0-35,0,60,0,Distinction,13,0,0,1,0,0,0,1,0,0,1,0,0,1,0,5
BBB,2013J,544627,1,East Anglian Region,Lower Than A Level,90-100%,0-35,1,60,0,Fail,14,1,1,1,0,1,1,0,0,1,0,0,1,0,0,5
BBB,2013J,545200,1,North Western Region,A Level or Equivalent,40-50%,35-55,0,60,0,Pass,14,1,1,0,0,0,1,1,0,1,0,1,0,0,1,5
BBB,2013J,545247,1,West Midlands Region,Lower Than A Level,0-10%,0-35,0,60,0,Fail,14,0,0,1,1,1,1,1,1,1,0,0,1,0,1,5
BBB,2013J,545297,1,East Anglian Region,Lower Than A Level,40-50%,0-35,0,60,1,Fail,5,1,1,0,0,1,1,1,1,0,0,1,0,0,1,9
BBB,2013J,545298,1,North Western Region,Lower Than A Level,0-10%,0-35,0,60,0,Pass,5,0,1,0,1,1,0,0,1,0,0,0,1,0,1,9
BBB,2013J,545443,1,North Western Region,A Level or Equivalent,0-10%,0-35,0,60,0,Pass,1,1,1,0,0,0,0,1,1,1,1,0,0,1,0,2
BBB,2013J,545462,1,West Midlands Region,A Level or Equivalent,40-50%,35-55,0,60,0,Pass,3,0,1,0,0,0,1,0,0,1,1,0,0,1,0,8
BBB,2013J,545521,0,South Region,Lower Than A Level,30-40%,35-55,1,60,1,Withdrawn,16,1,1,1,0,0,1,1,1,0,0,0,0,1,1,10
BBB,2013J,546124,1,London Region,A Level or Equivalent,20-30%,0-35,0,120,0,Withdrawn,4,0,0,1,1,0,1,1,1,0,1,1,1,1,0,8
BBB,2013J,546195,0,London Region,Lower Than A Level,0-10%,0-35,0,150,0,Fail,13,0,1,1,1,0,0,1,1,0,1,1,0,1,1,5
BBB,2013J,546196,1,North Western Region,A Level or Equivalent,20-30%,0-35,0,120,1,Pass,15,0,0,0,1,0,0,0,0,1,1,1,1,0,1,10
BBB,2013J,546941,1,South Region,A Level or Equivalent,80-90%,0-35,1,60,0,Distinction,11,1,0,0,0,1,1,0,1,0,0,1,0,1,1,6
BBB,2013J,547266,1,Yorkshire Region,HE Qualification,20-Oct,35-55,0,60,0,Withdrawn,13,0,0,0,1,0,1,0,0,1,1,1,1,0,0,5
BBB,2013J,547311,1,North Western Region,Lower Than A Level,70-80%,35-55,0,60,0,Fail,9,0,1,0,0,1,1,1,0,1,1,1,1,0,0,4
BBB,2013J,547718,1,Yorkshire Region,Lower Than A Level,60-70%,0-35,0,60,0,Withdrawn,6,1,1,1,1,0,1,0,0,1,0,0,0,0,1,9
BBB,2013J,547755,1,Wales,Lower Than A Level,90-100%,35-55,1,120,0,Withdrawn,14,0,0,0,1,0,1,0,1,1,0,1,1,1,0,5
BBB,2013J,547979,1,South East Region,No Formal quals,60-70%,0-35,0,120,0,Withdrawn,4,0,0,0,0,1,1,0,0,1,1,1,0,0,1,8
BBB,2013J,548197,1,Scotland,Lower Than A Level,20-Oct,0-35,0,60,0,Pass,1,0,1,1,1,1,0,0,0,0,0,0,0,1,0,2
BBB,2013J,548899,1,East Anglian Region,A Level or Equivalent,40-50%,0-35,0,60,0,Pass,7,0,0,1,0,1,0,1,1,1,1,1,0,0,1,3
BBB,2013J,549129,1,Yorkshire Region,HE Qualification,30-40%,0-35,1,60,0,Pass,3,0,0,0,0,1,1,1,0,0,1,1,0,1,0,8
BBB,2013J,549226,1,East Midlands Region,A Level or Equivalent,80-90%,0-35,0,60,0,Fail,2,0,1,1,1,0,0,0,1,1,1,0,1,0,1,2
BBB,2013J,549445,1,Ireland,Lower Than A Level,30-40%,35-55,0,75,0,Pass,1,0,1,0,0,1,0,0,0,1,0,1,0,1,1,2
BBB,2013J,549586,1,London Region,Lower Than A Level,50-60%,35-55,0,60,0,Pass,14,0,1,0,0,1,1,1,1,1,0,1,1,0,0,5
BBB,2013J,549745,1,North Western Region,A Level or Equivalent,70-80%,0-35,0,120,0,Withdrawn,14,0,1,0,1,0,1,1,0,0,1,1,0,0,1,5
BBB,2013J,549873,1,North Western Region,A Level or Equivalent,50-60%,0-35,1,60,0,Fail,13,0,1,0,0,0,1,0,0,0,1,0,1,0,1,5
BBB,2013J,549918,1,North Western Region,A Level or Equivalent,50-60%,0-35,0,60,0,Fail,1,0,1,1,0,1,1,1,1,1,1,0,1,1,0,2
BBB,2013J,550412,1,North Western Region,Lower Than A Level,20-Oct,0-35,0,60,0,Pass,11,1,0,0,0,0,0,0,1,0,0,0,0,0,0,6
BBB,2013J,550559,1,North Western Region,A Level or Equivalent,30-40%,0-35,0,60,0,Withdrawn,15,0,1,1,1,1,1,1,1,1,1,1,1,1,0,10
BBB,2013J,550880,1,South East Region,A Level or Equivalent,60-70%,0-35,1,60,0,Distinction,9,0,1,0,1,0,1,1,1,0,1,1,1,1,1,4
BBB,2013J,550941,1,Wales,Lower Than A Level,70-80%,0-35,1,120,1,Pass,4,1,0,1,0,0,1,0,0,1,1,0,1,0,0,8
BBB,2013J,551031,1,London Region,Lower Than A Level,20-Oct,35-55,0,60,0,Fail,14,1,0,0,0,1,0,1,0,0,0,1,1,1,0,5
BBB,2013J,551136,1,North Western Region,Lower Than A Level,20-30%,0-35,0,60,0,Withdrawn,10,0,1,1,1,0,1,1,1,1,1,0,0,1,0,1
BBB,2013J,551205,1,East Midlands Region,Lower Than A Level,70-80%,0-35,1,60,0,Pass,3,0,1,1,0,0,0,0,1,1,1,1,0,1,1,8
BBB,2013J,551219,1,Wales,A Level or Equivalent,30-40%,0-35,0,90,0,Pass,11,0,1,0,1,1,0,1,1,0,1,0,0,0,1,6
BBB,2013J,551234,1,London Region,Lower Than A Level,20-Oct,35-55,0,60,0,Pass,6,0,0,1,0,0,1,0,0,1,0,1,1,0,0,9
BBB,2013J,551347,0,Wales,Lower Than A Level,30-40%,0-35,1,60,0,Pass,1,0,0,1,0,1,0,1,1,1,0,0,0,1,1,2
BBB,2013J,551515,1,Scotland,Lower Than A Level,20-Oct,0-35,0,180,0,Withdrawn,5,1,0,1,0,0,1,1,0,0,1,0,1,0,1,9
BBB,2013J,551628,1,Yorkshire Region,Lower Than A Level,0-10%,0-35,0,120,1,Withdrawn,10,0,1,0,0,0,1,0,0,1,0,0,0,1,0,1
BBB,2013J,551802,1,London Region,A Level or Equivalent,70-80%,0-35,0,60,0,Fail,2,0,0,0,0,0,0,1,0,0,1,0,1,1,0,2
BBB,2013J,551836,0,North Region,Lower Than A Level,20-Oct,0-35,0,60,0,Pass,5,0,0,1,0,1,0,0,0,1,0,1,0,1,0,9
BBB,2013J,552116,1,West Midlands Region,Lower Than A Level,20-30%,0-35,0,60,0,Pass,7,0,0,1,0,0,1,1,0,1,0,1,1,0,0,3
BBB,2013J,552177,1,North Western Region,A Level or Equivalent,20-30%,0-35,0,60,0,Fail,8,1,1,1,1,1,1,1,1,1,1,0,1,1,1,3
BBB,2013J,552205,1,Scotland,Lower Than A Level,0-10%,0-35,1,60,0,Pass,5,1,0,1,1,0,0,1,0,1,0,0,0,1,0,9
BBB,2013J,552339,1,East Anglian Region,HE Qualification,50-60%,0-35,0,60,0,Pass,5,0,0,1,0,0,1,1,0,1,0,1,0,0,1,9
BBB,2013J,552399,1,London Region,A Level or Equivalent,30-40%,0-35,0,60,1,Distinction,4,0,1,0,1,0,0,0,1,0,0,1,1,0,1,8
BBB,2013J,552515,1,South West Region,A Level or Equivalent,30-40%,35-55,0,120,0,Pass,4,0,0,1,0,1,0,1,1,0,1,1,1,0,1,8
BBB,2013J,552622,1,West Midlands Region,Lower Than A Level,20-30%,35-55,1,60,0,Pass,12,1,0,1,0,1,1,0,1,0,1,0,1,0,0,7
BBB,2013J,552865,1,North Western Region,Lower Than A Level,0-10%,0-35,0,60,0,Withdrawn,7,0,1,0,1,0,0,0,0,0,0,1,1,0,0,3
BBB,2013J,552883,1,Yorkshire Region,HE Qualification,20-30%,0-35,0,120,0,Fail,13,0,1,1,1,0,1,1,0,0,1,1,1,0,0,5
BBB,2013J,553078,1,Wales,A Level or Equivalent,40-50%,0-35,0,60,0,Pass,11,0,1,0,0,1,0,1,0,1,0,1,1,0,0,6
BBB,2013J,553556,1,West Midlands Region,Lower Than A Level,80-90%,0-35,0,120,0,Withdrawn,11,1,0,0,0,1,0,0,0,1,1,0,1,0,0,6
BBB,2013J,553825,1,South Region,Lower Than A Level,70-80%,0-35,0,120,0,Pass,4,0,0,0,1,1,0,0,1,1,0,1,0,1,1,8
BBB,2013J,553856,0,East Anglian Region,HE Qualification,50-60%,0-35,0,60,0,Pass,15,0,0,0,0,0,0,1,0,1,0,0,1,0,0,10
BBB,2013J,553893,1,South Region,Lower Than A Level,70-80%,0-35,0,180,0,Fail,7,0,1,0,0,0,1,1,1,0,1,0,0,0,1,3
BBB,2013J,554243,1,South West Region,Lower Than A Level,60-70%,0-35,0,60,0,Fail,10,0,1,0,0,0,0,0,0,0,0,1,0,1,0,1
BBB,2013J,554297,1,Ireland,Lower Than A Level,20-30%,0-35,0,120,0,Fail,14,0,1,1,0,0,1,1,1,0,1,0,0,0,0,5
BBB,2013J,554314,1,South Region,HE Qualification,70-80%,35-55,0,120,0,Fail,13,0,1,1,1,0,0,0,0,1,1,1,1,0,0,5
BBB,2013J,554540,0,North Western Region,A Level or Equivalent,20-Oct,0-35,0,120,0,Pass,4,1,0,0,1,1,1,0,0,1,0,0,0,0,0,8
BBB,2013J,555061,1,London Region,Lower Than A Level,20-30%,0-35,0,90,1,Fail,15,0,0,0,1,1,1,0,1,0,1,0,1,0,0,10
BBB,2013J,555346,1,South West Region,Lower Than A Level,20-Oct,0-35,0,60,1,Pass,5,0,0,1,1,1,1,1,0,0,1,0,1,1,0,9
BBB,2013J,555614,1,East Midlands Region,Lower Than A Level,90-100%,35-55,1,60,0,Distinction,15,0,0,0,1,1,1,0,0,1,1,1,0,1,1,10
BBB,2013J,555721,1,South Region,A Level or Equivalent,60-70%,35-55,0,60,0,Pass,7,0,0,0,1,1,1,1,1,1,0,0,1,0,0,3
BBB,2013J,555789,1,South East Region,Lower Than A Level,70-80%,35-55,0,60,0,Withdrawn,13,0,0,0,0,1,1,1,1,0,1,0,1,1,1,5
BBB,2013J,556062,1,North Western Region,A Level or Equivalent,20-30%,0-35,0,60,0,Fail,6,1,1,1,1,0,1,0,1,1,1,1,1,1,1,9
BBB,2013J,556089,1,East Anglian Region,Lower Than A Level,30-40%,0-35,0,60,0,Distinction,8,1,0,1,0,0,0,1,0,0,1,1,1,0,0,3
BBB,2013J,556175,0,Wales,Lower Than A Level,20-Oct,35-55,1,60,0,Pass,14,1,1,1,0,0,1,0,1,0,1,0,0,1,0,5
BBB,2013J,556228,0,East Midlands Region,A Level or Equivalent,90-100%,35-55,0,60,0,Pass,10,1,1,0,0,1,0,0,1,0,1,0,1,0,1,1
BBB,2013J,556427,1,East Midlands Region,A Level or Equivalent,20-30%,0-35,0,60,0,Withdrawn,6,1,1,0,1,0,1,1,0,1,0,1,0,0,1,9
BBB,2013J,556592,1,London Region,A Level or Equivalent,50-60%,0-35,0,60,0,Pass,9,0,1,0,1,1,1,1,0,0,0,1,1,0,1,4
BBB,2013J,556637,1,East Midlands Region,Lower Than A Level,60-70%,0-35,0,60,0,Withdrawn,11,0,1,0,1,1,0,1,0,0,0,1,1,0,0,6
BBB,2013J,556738,1,East Anglian Region,Lower Than A Level,70-80%,0-35,0,120,0,Fail,2,1,0,1,1,0,0,1,0,0,0,0,0,0,0,2
BBB,2013J,556972,1,South West Region,Lower Than A Level,20-30%,0-35,0,60,0,Pass,9,1,1,0,0,0,0,1,1,0,0,0,1,0,1,4
BBB,2013J,557652,1,East Anglian Region,Lower Than A Level,70-80%,0-35,0,120,0,Fail,16,0,1,1,1,0,1,0,0,0,0,1,1,0,1,10
BBB,2013J,558035,1,South Region,A Level or Equivalent,80-90%,0-35,0,120,0,Withdrawn,5,0,0,0,1,1,1,0,0,0,0,0,0,1,0,9
BBB,2013J,558333,1,South Region,Lower Than A Level,40-50%,0-35,0,60,0,Pass,16,1,1,1,0,0,1,0,0,1,1,1,0,0,1,10
BBB,2013J,558533,1,West Midlands Region,A Level or Equivalent,0-10%,0-35,0,60,0,Pass,15,1,0,1,1,1,1,0,0,1,1,1,1,0,0,10
BBB,2013J,558661,1,North Western Region,Lower Than A Level,50-60%,0-35,0,60,0,Fail,14,0,0,1,0,0,0,1,1,0,1,0,1,1,0,5
BBB,2013J,558755,1,North Western Region,A Level or Equivalent,0-10%,35-55,0,60,0,Fail,7,0,0,1,1,0,1,0,0,1,1,0,0,1,0,3
BBB,2013J,558962,1,South West Region,Lower Than A Level,90-100%,0-35,0,60,0,Pass,7,0,0,1,1,1,1,1,0,0,0,1,1,1,0,3
BBB,2013J,558983,1,Scotland,A Level or Equivalent,50-60%,0-35,0,60,1,Fail,7,1,1,1,0,0,1,0,0,1,1,1,1,0,0,3
BBB,2013J,559139,1,East Anglian Region,A Level or Equivalent,30-40%,35-55,0,60,0,Withdrawn,14,0,0,0,1,1,1,1,0,0,1,0,1,0,0,5
BBB,2013J,559168,0,East Midlands Region,HE Qualification,60-70%,35-55,0,60,0,Pass,8,0,1,0,0,0,0,1,1,1,1,1,1,0,1,3
BBB,2013J,559344,0,South Region,A Level or Equivalent,70-80%,0-35,0,120,0,Withdrawn,12,0,1,0,1,0,1,1,1,1,0,1,0,0,1,7
BBB,2013J,559382,1,South West Region,A Level or Equivalent,80-90%,0-35,0,180,0,Pass,16,1,0,0,1,1,1,1,1,0,1,1,0,0,1,10
BBB,2013J,559414,1,Scotland,HE Qualification,0-10%,35-55,0,60,0,Pass,8,1,1,0,1,0,0,1,0,0,0,0,1,0,0,3
BBB,2013J,559584,1,West Midlands Region,A Level or Equivalent,80-90%,35-55,0,60,0,Pass,1,0,1,1,0,1,0,1,1,0,0,1,0,1,0,2
BBB,2013J,559685,1,Scotland,HE Qualification,20-30%,35-55,0,60,0,Fail,7,1,1,1,1,0,0,0,0,1,0,1,0,1,1,3
BBB,2013J,559851,1,North Region,A Level or Equivalent,70-80%,0-35,0,60,0,Pass,8,1,0,1,1,0,1,1,1,1,1,1,1,1,0,3
BBB,2013J,560030,1,London Region,Lower Than A Level,30-40%,0-35,1,120,0,Fail,6,1,1,1,1,0,0,1,1,1,0,0,1,1,1,9
BBB,2013J,560074,1,East Anglian Region,A Level or Equivalent,30-40%,0-35,0,60,1,Pass,11,0,1,0,0,0,1,0,1,1,1,0,1,0,1,6
BBB,2013J,560430,1,East Midlands Region,Lower Than A Level,60-70%,35-55,0,60,0,Fail,16,0,0,0,1,0,1,0,0,1,0,1,0,1,1,10
BBB,2013J,560490,1,South Region,A Level or Equivalent,80-90%,0-35,0,210,0,Withdrawn,4,0,1,1,0,1,1,1,0,0,0,0,1,0,1,8
BBB,2013J,560559,1,Yorkshire Region,Lower Than A Level,0-10%,0-35,0,60,0,Withdrawn,10,0,0,0,1,0,1,1,1,1,1,0,0,0,1,1
BBB,2013J,560567,1,West Midlands Region,Lower Than A Level,20-30%,0-35,0,120,0,Pass,1,1,0,1,1,0,0,1,0,0,1,1,0,1,0,2
BBB,2013J,560676,1,East Midlands Region,Lower Than A Level,60-70%,35-55,0,60,0,Fail,15,0,0,1,0,1,1,0,0,1,0,0,1,1,0,10
BBB,2013J,560773,1,South Region,A Level or Equivalent,80-90%,0-35,0,120,0,Pass,3,0,1,1,0,1,0,0,1,0,0,0,1,0,1,8
BBB,2013J,560920,1,London Region,A Level or Equivalent,30-40%,35-55,0,120,0,Withdrawn,2,0,0,1,0,1,1,1,0,1,0,0,0,1,0,2
BBB,2013J,561312,1,Yorkshire Region,A Level or Equivalent,20-Oct,0-35,0,60,0,Distinction,5,1,0,1,1,0,0,1,0,1,0,1,0,1,1,9
BBB,2013J,561457,1,North Region,Lower Than A Level,0-10%,0-35,0,150,0,Pass,8,0,0,1,1,0,0,0,0,1,1,0,1,0,1,3
BBB,2013J,561534,1,Scotland,HE Qualification,70-80%,35-55,0,60,0,Pass,6,1,1,0,0,1,0,0,1,1,1,1,1,0,1,9
BBB,2013J,561549,1,North Region,HE Qualification,40-50%,35-55,0,60,0,Fail,3,0,1,0,1,1,1,1,1,1,1,0,0,0,0,8
BBB,2013J,561591,1,North Region,A Level or Equivalent,0-10%,0-35,0,60,0,Pass,13,0,0,0,1,1,1,1,1,0,1,0,1,1,0,5
BBB,2013J,561640,1,East Anglian Region,A Level or Equivalent,80-90%,0-35,0,60,0,Distinction,3,0,1,1,0,1,1,1,1,0,1,1,1,0,0,8
BBB,2013J,561674,1,East Anglian Region,Lower Than A Level,60-70%,0-35,0,120,0,Withdrawn,6,0,1,0,0,0,1,1,0,1,1,0,1,1,1,9
BBB,2013J,561841,1,Scotland,Lower Than A Level,30-40%,0-35,0,60,0,Pass,4,0,1,0,1,0,1,1,0,0,1,0,0,0,1,8
BBB,2013J,561932,0,Yorkshire Region,HE Qualification,30-40%,35-55,0,60,0,Fail,10,1,1,1,1,0,0,0,0,1,0,0,0,1,0,1
BBB,2013J,562090,1,South Region,Lower Than A Level,40-50%,35-55,0,60,0,Pass,3,1,0,1,1,0,1,0,1,1,0,1,0,0,1,8
BBB,2013J,562270,0,North Western Region,A Level or Equivalent,20-Oct,35-55,0,120,0,Pass,9,1,1,1,0,0,1,0,0,0,1,0,0,0,1,4
BBB,2013J,562456,1,South West Region,Lower Than A Level,20-30%,0-35,0,60,0,Fail,11,0,1,0,0,1,0,0,1,0,0,1,0,0,1,6
BBB,2013J,563022,1,Yorkshire Region,Lower Than A Level,20-30%,0-35,0,120,0,Withdrawn,16,0,1,1,0,0,0,0,1,1,0,0,0,0,0,10
BBB,2013J,563063,1,North Western Region,A Level or Equivalent,80-90%,35-55,0,60,0,Withdrawn,16,1,0,1,0,1,0,0,0,1,1,1,0,1,0,10
BBB,2013J,563174,1,London Region,Lower Than A Level,0-10%,0-35,0,60,0,Fail,5,0,0,0,0,0,1,0,1,1,0,0,1,1,0,9
BBB,2013J,563374,0,Scotland,Lower Than A Level,80-90%,0-35,0,60,0,Fail,15,0,1,0,0,1,1,1,1,0,0,0,1,1,0,10
BBB,2013J,563706,1,South East Region,A Level or Equivalent,70-80%,35-55,0,60,0,Pass,9,0,1,0,0,0,0,0,0,1,1,0,0,0,0,4
BBB,2013J,563733,1,East Anglian Region,A Level or Equivalent,30-40%,35-55,0,60,0,Pass,13,1,0,0,0,0,0,0,1,0,1,1,1,0,1,5
BBB,2013J,563735,1,West Midlands Region,A Level or Equivalent,20-Oct,0-35,0,60,0,Pass,5,1,1,1,1,1,0,1,0,1,1,1,0,0,1,9
BBB,2013J,563769,1,Yorkshire Region,A Level or Equivalent,0-10%,0-35,0,60,0,Fail,10,1,1,0,0,1,0,1,0,1,0,0,1,1,1,1
BBB,2013J,563794,1,East Midlands Region,Lower Than A Level,70-80%,0-35,0,60,0,Pass,6,1,0,0,0,0,1,0,1,1,0,0,1,0,1,9
BBB,2013J,564105,1,South West Region,A Level or Equivalent,70-80%,0-35,0,60,0,Pass,4,0,1,1,1,1,0,0,1,0,1,1,0,0,0,8
BBB,2013J,564129,0,West Midlands Region,Lower Than A Level,20-Oct,35-55,0,60,0,Pass,9,1,1,1,1,0,1,1,1,1,1,0,1,0,0,4
BBB,2013J,564144,1,Wales,Lower Than A Level,60-70%,0-35,0,60,0,Pass,13,0,1,0,0,0,1,0,0,0,1,0,0,1,1,5
BBB,2013J,564245,1,Scotland,Post Graduate Qualification,50-60%,0-35,0,60,0,Pass,11,1,1,0,0,0,1,1,0,0,1,0,0,1,0,6
BBB,2013J,564268,1,East Anglian Region,A Level or Equivalent,80-90%,0-35,0,90,0,Pass,2,1,1,0,1,0,1,0,0,0,0,0,0,0,0,2
BBB,2013J,564300,1,South East Region,A Level or Equivalent,40-50%,35-55,0,120,0,Withdrawn,7,0,0,0,1,1,0,1,1,0,0,1,1,0,0,3
BBB,2013J,564596,1,Yorkshire Region,A Level or Equivalent,20-Oct,35-55,0,90,0,Withdrawn,8,0,1,1,1,1,0,0,0,1,1,1,1,0,0,3
BBB,2013J,564626,0,London Region,A Level or Equivalent,80-90%,0-35,0,60,0,Fail,8,0,1,1,1,0,1,1,1,1,0,1,0,1,1,3
BBB,2013J,564791,1,Yorkshire Region,Lower Than A Level,0-10%,0-35,0,120,0,Withdrawn,1,1,1,0,0,0,0,1,1,0,0,0,1,1,1,2
BBB,2013J,564792,0,Ireland,A Level or Equivalent,40-50%,0-35,0,60,0,Fail,6,0,1,1,1,0,0,1,1,1,0,1,0,1,1,9
BBB,2013J,564898,1,South East Region,A Level or Equivalent,30-40%,0-35,0,75,0,Distinction,8,0,1,0,1,0,0,0,1,1,1,1,1,0,1,3
BBB,2013J,564930,1,Ireland,Lower Than A Level,0-10%,0-35,0,60,0,Withdrawn,9,0,0,1,0,1,0,1,1,1,1,1,0,1,1,4
BBB,2013J,564958,1,South Region,A Level or Equivalent,40-50%,0-35,0,60,1,Pass,12,1,0,1,1,0,0,1,1,0,1,0,1,1,0,7
BBB,2013J,564972,1,East Midlands Region,Lower Than A Level,0-10%,0-35,0,120,0,Withdrawn,6,1,1,1,1,0,0,1,1,1,0,0,1,1,0,9
BBB,2013J,565035,1,Ireland,Lower Than A Level,20-Oct,0-35,0,120,0,Fail,8,1,1,1,1,0,1,1,1,0,1,1,0,0,1,3
BBB,2013J,565393,1,West Midlands Region,A Level or Equivalent,20-30%,0-35,0,60,0,Fail,10,1,0,1,0,0,1,1,0,1,0,0,0,0,1,1
BBB,2013J,565402,1,South Region,Lower Than A Level,80-90%,0-35,0,180,0,Withdrawn,8,0,1,1,0,0,0,1,1,0,0,0,0,0,1,3
BBB,2013J,565513,1,Wales,A Level or Equivalent,60-70%,0-35,0,120,0,Distinction,16,0,0,1,0,1,1,1,1,1,0,0,0,1,1,10
BBB,2013J,565518,1,South West Region,Lower Than A Level,90-100%,35-55,0,330,0,Withdrawn,5,0,0,0,1,0,0,1,1,1,1,0,1,1,1,9
BBB,2013J,565582,1,Wales,Lower Than A Level,20-Oct,0-35,0,60,0,Pass,5,1,1,0,0,1,1,0,0,0,1,0,0,1,1,9
BBB,2013J,565607,1,London Region,HE Qualification,30-40%,0-35,0,120,0,Pass,8,1,1,1,1,0,0,1,0,0,1,1,1,1,1,3
BBB,2013J,565715,1,South East Region,A Level or Equivalent,20-30%,0-35,0,60,0,Pass,11,0,0,0,1,1,1,0,0,0,0,0,0,1,0,6
BBB,2013J,565819,1,East Anglian Region,A Level or Equivalent,30-40%,35-55,0,120,0,Withdrawn,8,0,1,1,0,1,0,0,0,0,0,0,1,1,1,3
BBB,2013J,565888,1,West Midlands Region,A Level or Equivalent,20-30%,0-35,0,60,0,Pass,2,0,0,1,1,0,1,0,1,1,1,0,0,0,1,2
BBB,2013J,565919,1,Scotland,Lower Than A Level,60-70%,0-35,0,60,0,Pass,11,0,0,1,1,1,1,0,1,1,1,0,0,1,1,6
BBB,2013J,566133,1,East Anglian Region,A Level or Equivalent,60-70%,0-35,0,60,0,Distinction,7,0,1,0,1,1,1,0,1,0,1,1,1,1,0,3
BBB,2013J,566339,1,East Midlands Region,A Level or Equivalent,20-30%,0-35,0,60,1,Pass,3,0,0,1,0,1,1,0,1,1,1,0,0,1,0,8
BBB,2013J,566346,1,Scotland,HE Qualification,40-50%,35-55,0,60,0,Distinction,4,0,1,0,0,1,0,1,1,0,1,0,0,1,0,8
BBB,2013J,566358,1,East Anglian Region,A Level or Equivalent,70-80%,0-35,0,120,0,Fail,9,0,1,0,1,1,1,1,1,0,1,1,0,0,0,4
BBB,2013J,566369,1,West Midlands Region,A Level or Equivalent,20-Oct,35-55,0,60,0,Pass,6,0,1,1,0,0,0,1,1,0,1,0,1,1,0,9
BBB,2013J,566392,1,North Western Region,Lower Than A Level,20-30%,35-55,0,150,1,Fail,14,0,0,0,1,0,0,0,0,0,0,1,0,0,1,5
BBB,2013J,566407,0,East Midlands Region,A Level or Equivalent,20-30%,0-35,0,60,0,Pass,11,0,1,0,0,1,0,0,0,0,0,0,1,0,1,6
BBB,2013J,566415,1,East Midlands Region,Lower Than A Level,90-100%,0-35,0,60,0,Pass,1,1,0,1,1,1,0,1,1,1,0,1,1,1,1,2
BBB,2013J,566720,1,Wales,Lower Than A Level,0-10%,35-55,0,60,0,Pass,1,1,1,0,1,0,1,0,1,1,1,1,0,0,1,2
BBB,2013J,566813,1,East Anglian Region,A Level or Equivalent,30-40%,0-35,0,60,0,Pass,10,0,1,0,0,1,1,0,1,1,0,0,0,0,0,1
BBB,2013J,566814,1,Wales,A Level or Equivalent,60-70%,0-35,0,60,0,Pass,13,1,0,0,1,1,1,0,1,0,0,1,1,0,1,5
BBB,2013J,567013,0,East Anglian Region,Lower Than A Level,30-40%,35-55,0,60,1,Fail,9,1,1,1,0,1,0,1,0,0,0,0,0,1,0,4
BBB,2013J,567033,1,London Region,A Level or Equivalent,40-50%,0-35,0,120,1,Distinction,5,1,0,0,1,1,0,1,1,1,1,0,0,1,1,9
BBB,2013J,567059,1,East Midlands Region,Lower Than A Level,50-60%,0-35,0,120,0,Withdrawn,9,1,1,1,1,0,0,1,0,1,1,1,1,0,0,4
BBB,2013J,567145,1,North Region,Lower Than A Level,0-10%,0-35,0,60,0,Withdrawn,15,0,0,0,1,0,1,0,1,0,1,0,1,0,0,10
BBB,2013J,567160,1,East Anglian Region,A Level or Equivalent,30-40%,0-35,0,60,0,Fail,3,0,1,1,0,0,0,0,0,0,0,1,1,1,1,8
BBB,2013J,567262,0,South Region,HE Qualification,60-70%,0-35,0,60,0,Pass,15,0,1,0,0,0,1,1,0,0,0,0,1,1,0,10
BBB,2013J,567363,1,East Anglian Region,HE Qualification,50-60%,0-35,0,90,0,Pass,2,0,1,1,0,1,0,1,0,0,1,1,0,1,0,2
BBB,2013J,567402,1,East Anglian Region,A Level or Equivalent,60-70%,35-55,0,60,1,Pass,2,1,1,1,1,0,0,1,0,1,1,1,0,1,0,2
BBB,2013J,567429,1,East Midlands Region,Lower Than A Level,60-70%,0-35,0,60,0,Pass,15,0,1,0,1,1,1,0,1,1,1,1,0,1,1,10
BBB,2013J,567500,1,Ireland,A Level or Equivalent,20-Oct,0-35,0,60,0,Distinction,11,1,1,0,1,1,1,0,1,0,0,1,1,0,0,6
BBB,2013J,567598,1,North Western Region,Lower Than A Level,0-10%,0-35,0,120,0,Withdrawn,4,0,0,1,0,0,1,1,0,0,0,1,1,1,1,8
BBB,2013J,567627,1,Wales,Lower Than A Level,60-70%,0-35,0,120,0,Pass,16,0,0,0,0,0,1,1,1,1,0,1,0,0,0,10
BBB,2013J,567754,1,East Midlands Region,A Level or Equivalent,50-60%,0-35,0,120,0,Pass,13,0,0,0,1,0,1,0,0,0,0,1,1,0,0,5
BBB,2013J,567915,1,South Region,A Level or Equivalent,30-40%,35-55,0,60,0,Fail,11,1,0,1,1,0,1,0,0,0,0,1,0,1,0,6
BBB,2013J,567925,1,North Western Region,Lower Than A Level,60-70%,0-35,0,60,0,Withdrawn,6,1,1,1,1,1,0,0,0,1,1,1,0,0,0,9
BBB,2013J,567929,1,Yorkshire Region,A Level or Equivalent,20-Oct,35-55,0,60,0,Fail,9,0,0,1,0,1,1,0,1,0,1,1,0,1,1,4
BBB,2013J,567958,0,West Midlands Region,Lower Than A Level,0-10%,35-55,0,60,1,Pass,1,0,0,1,1,0,1,1,0,0,1,1,0,1,1,2
BBB,2013J,567979,1,Scotland,A Level or Equivalent,20-Oct,0-35,0,60,0,Pass,8,0,1,1,1,1,1,0,1,0,1,0,0,0,1,3
BBB,2013J,568074,1,Wales,A Level or Equivalent,40-50%,0-35,0,120,0,Pass,4,0,1,1,1,0,1,0,1,1,0,0,0,0,1,8
BBB,2013J,568293,1,London Region,HE Qualification,20-Oct,0-35,0,120,0,Withdrawn,11,0,1,0,1,1,1,0,1,1,0,0,1,1,0,6
BBB,2013J,568370,1,West Midlands Region,A Level or Equivalent,20-30%,35-55,0,120,0,Withdrawn,3,1,0,0,1,1,0,1,1,1,0,1,0,0,1,8
BBB,2013J,568474,1,South Region,A Level or Equivalent,60-70%,35-55,0,120,0,Pass,3,1,0,0,1,1,0,1,0,1,0,1,1,1,0,8
BBB,2013J,568502,1,London Region,HE Qualification,40-50%,0-35,0,120,0,Pass,15,0,0,0,0,1,0,1,1,1,0,0,1,0,0,10
BBB,2013J,568523,1,North Western Region,Lower Than A Level,20-Oct,0-35,0,60,0,Withdrawn,11,1,0,0,1,1,1,1,0,1,0,0,1,1,1,6
BBB,2013J,568533,1,North Western Region,Lower Than A Level,40-50%,0-35,0,90,0,Distinction,4,1,0,1,1,1,0,0,1,1,1,1,1,1,0,8
BBB,2013J,568609,0,London Region,HE Qualification,20-30%,55<=,0,60,0,Withdrawn,9,1,1,0,1,1,0,0,1,0,1,1,0,0,1,4
BBB,2013J,568775,1,East Midlands Region,Lower Than A Level,30-40%,0-35,0,60,0,Withdrawn,15,0,1,0,0,0,0,0,1,0,1,1,1,0,0,10
BBB,2013J,569035,1,East Anglian Region,A Level or Equivalent,50-60%,35-55,0,60,0,Pass,14,1,1,1,0,0,0,0,0,1,0,0,0,1,0,5
BBB,2013J,569141,1,Wales,Lower Than A Level,20-Oct,0-35,0,60,0,Pass,9,1,0,0,1,0,1,1,1,1,1,1,1,0,1,4
BBB,2013J,569334,1,South Region,A Level or Equivalent,30-40%,0-35,0,120,0,Fail,5,0,1,0,0,0,0,1,1,1,1,1,0,1,1,9
BBB,2013J,569426,1,Yorkshire Region,Lower Than A Level,0-10%,0-35,0,60,0,Withdrawn,13,1,1,1,1,1,0,1,1,1,1,1,1,0,1,5
BBB,2013J,569854,1,South Region,A Level or Equivalent,70-80%,0-35,0,60,0,Pass,5,0,1,0,1,1,1,0,0,0,0,1,1,0,0,9
BBB,2013J,569862,0,South East Region,HE Qualification,60-70%,0-35,0,60,0,Pass,12,0,1,1,0,1,1,0,0,0,0,1,1,0,1,7
BBB,2013J,569930,1,Yorkshire Region,A Level or Equivalent,20-Oct,0-35,0,90,0,Pass,3,0,1,0,1,0,1,1,0,1,1,1,1,1,1,8
BBB,2013J,570137,1,Scotland,Lower Than A Level,70-80%,35-55,0,60,0,Pass,14,0,1,0,0,1,0,1,0,0,1,1,0,0,1,5
BBB,2013J,570157,1,North Western Region,A Level or Equivalent,80-90%,35-55,0,60,0,Pass,1,1,1,0,0,1,0,0,1,0,0,0,1,1,1,2
BBB,2013J,570168,1,South West Region,No Formal quals,30-40%,0-35,0,90,0,Pass,16,1,0,0,1,1,1,1,1,0,1,0,0,0,1,10
BBB,2013J,570177,1,Ireland,Lower Than A Level,70-80%,0-35,0,180,0,Withdrawn,7,0,1,0,0,0,1,0,0,1,1,0,0,0,0,3
BBB,2013J,570271,1,South Region,A Level or Equivalent,90-100%,0-35,0,120,0,Pass,13,0,1,0,0,1,1,0,1,1,0,1,1,1,1,5
BBB,2013J,570287,1,Ireland,Lower Than A Level,40-50%,0-35,0,75,0,Pass,13,0,1,1,0,0,1,1,1,0,1,1,1,0,1,5
BBB,2013J,570351,0,South Region,A Level or Equivalent,0-10%,0-35,0,60,0,Pass,1,1,0,0,0,1,0,1,1,1,0,0,0,1,1,2
BBB,2013J,570519,1,East Midlands Region,A Level or Equivalent,0-10%,0-35,0,60,0,Fail,9,1,1,0,0,0,1,0,1,0,0,0,1,0,0,4
BBB,2013J,570623,1,North Region,A Level or Equivalent,50-60%,35-55,0,60,0,Pass,9,1,0,0,1,1,1,1,1,0,0,1,0,0,0,4
BBB,2013J,570759,1,London Region,A Level or Equivalent,20-Oct,0-35,0,60,0,Pass,13,1,1,1,1,1,0,0,0,1,0,1,0,0,1,5
BBB,2013J,570783,1,South Region,Lower Than A Level,30-40%,0-35,0,60,0,Pass,1,1,0,0,1,1,0,0,0,0,1,0,1,1,0,2
BBB,2013J,570862,1,South West Region,Lower Than A Level,30-40%,0-35,0,120,0,Withdrawn,7,1,1,1,1,1,0,0,1,0,0,1,1,0,1,3
BBB,2013J,570864,1,Wales,Lower Than A Level,80-90%,0-35,0,60,0,Pass,5,0,1,0,0,1,0,0,1,0,0,0,1,0,1,9
BBB,2013J,570970,0,London Region,Lower Than A Level,50-60%,35-55,0,105,1,Withdrawn,11,1,0,0,1,1,0,1,1,1,0,1,0,1,1,6
BBB,2013J,571083,1,Yorkshire Region,A Level or Equivalent,60-70%,0-35,0,60,0,Pass,6,0,0,1,0,1,1,0,1,0,0,1,1,0,0,9
BBB,2013J,571143,1,North Region,A Level or Equivalent,0-10%,35-55,0,75,0,Fail,14,1,1,1,0,1,0,1,1,0,1,1,1,0,1,5
BBB,2013J,571441,1,Scotland,HE Qualification,30-40%,35-55,0,60,0,Pass,12,0,0,0,1,0,0,1,1,0,1,0,0,1,0,7
BBB,2013J,571503,1,Wales,Lower Than A Level,20-30%,0-35,0,60,0,Pass,8,0,0,1,1,1,1,1,0,0,0,0,0,1,1,3
BBB,2013J,571516,1,South Region,A Level or Equivalent,40-50%,35-55,0,60,0,Pass,5,0,0,0,1,1,1,1,1,0,0,1,0,0,1,9
BBB,2013J,571540,1,East Anglian Region,Lower Than A Level,90-100%,0-35,0,135,0,Withdrawn,2,0,0,0,0,0,0,0,1,0,0,0,1,0,1,2
BBB,2013J,571554,0,Yorkshire Region,A Level or Equivalent,0-10%,0-35,0,60,0,Pass,8,0,0,1,0,0,1,1,0,0,0,0,0,1,1,3
BBB,2013J,571601,1,South Region,Lower Than A Level,0-10%,0-35,0,60,0,Withdrawn,15,1,0,0,0,1,1,1,0,1,1,0,0,0,1,10
BBB,2013J,571672,1,North Western Region,Lower Than A Level,0-10%,35-55,0,60,0,Fail,10,1,1,0,0,1,1,0,1,0,0,0,0,0,1,1
BBB,2013J,571681,1,Ireland,HE Qualification,0-10%,0-35,0,60,0,Pass,12,0,1,0,1,1,1,1,0,0,1,1,0,1,0,7
BBB,2013J,571693,1,Wales,Lower Than A Level,20-30%,35-55,0,60,0,Fail,2,0,0,0,1,0,1,1,1,0,0,1,0,0,0,2
BBB,2013J,571770,1,East Anglian Region,Lower Than A Level,20-Oct,0-35,0,90,0,Withdrawn,3,0,0,0,0,1,0,0,0,1,1,0,1,0,0,8
BBB,2013J,571779,1,East Midlands Region,A Level or Equivalent,60-70%,35-55,0,60,0,Pass,6,0,0,1,1,1,0,0,0,1,0,1,1,0,0,9
BBB,2013J,571794,1,East Midlands Region,A Level or Equivalent,60-70%,0-35,0,60,0,Withdrawn,14,1,0,1,1,1,0,0,1,0,0,1,1,1,0,5
BBB,2013J,571871,1,South East Region,A Level or Equivalent,30-40%,0-35,0,120,0,Pass,13,0,0,0,0,1,1,0,0,0,1,0,0,1,1,5
BBB,2013J,571885,1,Scotland,Lower Than A Level,40-50%,0-35,0,60,0,Pass,14,1,0,0,1,0,0,0,1,0,1,0,0,1,0,5
BBB,2013J,571907,1,Scotland,A Level or Equivalent,0-10%,0-35,0,60,0,Pass,15,0,1,0,0,1,0,0,0,0,0,1,1,1,1,10
BBB,2013J,572029,1,North Western Region,Lower Than A Level,20-Oct,0-35,0,120,0,Withdrawn,5,0,0,1,1,0,0,1,1,1,0,1,0,0,0,9
BBB,2013J,572051,1,East Anglian Region,A Level or Equivalent,50-60%,35-55,0,60,0,Pass,5,1,0,1,1,1,0,1,1,0,1,1,0,1,1,9
BBB,2013J,572054,1,Yorkshire Region,Lower Than A Level,30-40%,35-55,0,60,0,Withdrawn,16,0,0,1,0,1,1,0,0,0,0,0,1,1,1,10
BBB,2013J,572067,1,North Region,A Level or Equivalent,0-10%,0-35,0,60,0,Pass,15,1,0,0,1,0,1,0,1,1,0,0,0,0,0,10
BBB,2013J,572103,1,West Midlands Region,A Level or Equivalent,20-30%,0-35,0,60,0,Pass,15,0,0,1,0,0,0,0,1,0,1,0,1,0,1,10
BBB,2013J,572131,1,South West Region,A Level or Equivalent,20-Oct,0-35,0,120,0,Fail,12,1,0,1,0,1,0,0,1,0,0,1,0,1,0,7
BBB,2013J,572163,1,Wales,Lower Than A Level,0-10%,0-35,0,60,0,Withdrawn,2,1,0,1,1,1,1,0,1,1,0,1,0,1,0,2
BBB,2013J,572173,1,North Western Region,Lower Than A Level,0-10%,0-35,0,120,0,Fail,6,1,0,0,1,0,0,1,1,1,0,0,0,0,0,9
BBB,2013J,572277,0,Scotland,A Level or Equivalent,30-40%,0-35,0,60,0,Fail,8,0,0,1,0,1,1,1,1,1,1,0,1,0,1,3
BBB,2013J,572302,0,South East Region,Lower Than A Level,30-40%,0-35,0,120,0,Withdrawn,2,0,1,0,0,1,1,0,0,0,0,0,0,1,1,2
BBB,2013J,572416,1,London Region,A Level or Equivalent,30-40%,0-35,0,60,1,Pass,11,1,0,1,1,1,1,0,0,0,1,0,1,1,1,6
BBB,2013J,572436,1,North Western Region,A Level or Equivalent,20-Oct,0-35,0,180,0,Distinction,1,0,1,1,0,1,1,0,0,0,1,1,0,1,1,2
BBB,2013J,572447,1,Wales,A Level or Equivalent,30-40%,0-35,0,60,0,Pass,2,1,1,1,1,0,1,0,0,0,1,1,1,0,1,2
BBB,2013J,572495,1,Yorkshire Region,A Level or Equivalent,20-Oct,0-35,0,120,0,Withdrawn,7,0,0,1,0,1,0,0,1,1,0,1,0,0,1,3
BBB,2013J,572504,1,Yorkshire Region,A Level or Equivalent,20-Oct,0-35,0,60,0,Pass,13,0,0,1,0,1,1,1,1,1,0,0,1,0,1,5
BBB,2013J,572508,1,South Region,Lower Than A Level,20-Oct,0-35,0,60,0,Pass,10,0,0,1,0,1,1,1,0,1,0,0,0,0,0,1
BBB,2013J,572514,1,Wales,A Level or Equivalent,40-50%,0-35,0,60,0,Fail,10,1,0,1,1,1,0,0,0,1,1,0,0,0,1,1
BBB,2013J,572626,1,Yorkshire Region,A Level or Equivalent,70-80%,0-35,0,60,0,Withdrawn,16,0,0,1,0,1,1,0,1,1,0,1,0,1,0,10
BBB,2013J,572733,1,North Western Region,A Level or Equivalent,60-70%,0-35,0,120,0,Pass,8,0,1,1,0,1,1,0,0,1,1,1,1,0,1,3
BBB,2013J,572739,1,Wales,Lower Than A Level,40-50%,0-35,0,120,0,Withdrawn,15,0,1,0,1,1,0,1,1,0,1,1,0,1,1,10
BBB,2013J,572752,1,London Region,HE Qualification,90-100%,35-55,0,60,0,Pass,13,1,0,1,0,1,0,1,0,1,1,0,0,1,0,5
BBB,2013J,572765,1,North Region,Lower Than A Level,20-30%,0-35,0,60,0,Pass,2,1,0,0,1,0,1,1,0,1,0,0,1,1,1,2
BBB,2013J,572770,1,East Midlands Region,Lower Than A Level,60-70%,0-35,0,120,0,Withdrawn,7,1,1,1,0,0,0,1,0,1,1,1,0,0,0,3
BBB,2013J,572898,1,Wales,A Level or Equivalent,90-100%,0-35,0,120,0,Distinction,4,0,0,1,0,0,1,0,1,1,1,1,0,1,1,8
BBB,2013J,572918,1,South Region,A Level or Equivalent,90-100%,0-35,0,120,0,Fail,11,1,0,1,0,0,0,0,0,1,1,1,0,1,1,6
BBB,2013J,572937,1,North Western Region,A Level or Equivalent,60-70%,35-55,0,60,0,Fail,15,1,1,0,1,1,0,0,1,1,1,1,0,0,1,10
BBB,2013J,573043,1,East Anglian Region,A Level or Equivalent,20-30%,0-35,0,60,0,Pass,4,1,0,0,0,0,0,1,0,1,0,1,0,0,0,8
BBB,2013J,573063,1,North Region,Lower Than A Level,0-10%,0-35,0,60,0,Pass,14,0,1,1,1,1,0,0,0,1,1,1,1,1,0,5
BBB,2013J,573159,1,West Midlands Region,A Level or Equivalent,,0-35,0,120,0,Withdrawn,14,1,0,1,1,0,1,1,1,0,1,0,0,1,0,5
BBB,2013J,573208,1,Wales,Lower Than A Level,30-40%,0-35,0,60,1,Pass,15,0,0,1,0,0,1,1,1,1,0,0,0,0,1,10
BBB,2013J,573217,1,South Region,Lower Than A Level,90-100%,0-35,0,120,0,Fail,2,0,0,1,1,0,0,1,1,1,0,0,0,0,0,2
BBB,2013J,573223,0,South West Region,A Level or Equivalent,20-30%,35-55,0,60,0,Fail,4,1,1,1,0,1,1,1,0,0,0,1,1,0,1,8
BBB,2013J,573225,1,Wales,Lower Than A Level,50-60%,0-35,0,60,0,Fail,11,0,0,0,0,1,1,0,0,0,1,0,1,0,0,6
BBB,2013J,573275,1,Wales,Lower Than A Level,30-40%,0-35,0,60,1,Fail,5,0,0,0,0,0,0,0,0,0,0,1,1,0,1,9
BBB,2013J,573321,1,Scotland,Lower Than A Level,0-10%,0-35,0,60,0,Fail,10,1,0,1,1,1,0,1,1,1,1,0,1,1,0,1
BBB,2013J,573409,1,Yorkshire Region,A Level or Equivalent,20-Oct,0-35,0,120,1,Withdrawn,5,0,1,1,0,1,1,0,0,1,1,0,1,0,1,9
BBB,2013J,573411,1,North Western Region,A Level or Equivalent,50-60%,0-35,0,60,0,Pass,13,1,0,0,1,1,1,0,1,1,0,1,0,1,0,5
BBB,2013J,573431,1,South Region,A Level or Equivalent,20-30%,0-35,0,60,0,Withdrawn,5,0,1,0,0,1,0,0,0,1,1,1,1,0,0,9
BBB,2013J,573433,1,Wales,HE Qualification,20-30%,35-55,0,60,0,Pass,15,1,0,1,0,0,0,0,0,0,1,1,1,1,0,10
BBB,2013J,573441,1,Yorkshire Region,Lower Than A Level,0-10%,0-35,0,60,0,Withdrawn,16,0,1,0,1,0,0,0,1,0,1,0,1,1,0,10
BBB,2013J,573453,1,South Region,Lower Than A Level,40-50%,0-35,0,60,0,Pass,15,1,0,0,0,1,0,1,0,0,0,0,1,0,0,10
BBB,2013J,573485,1,London Region,Lower Than A Level,20-Oct,0-35,0,120,0,Withdrawn,9,1,1,0,1,0,1,1,0,1,0,1,0,0,0,4
BBB,2013J,573487,1,London Region,Lower Than A Level,20-Oct,0-35,0,90,0,Fail,2,1,0,0,1,1,1,0,0,1,1,1,0,1,1,2
BBB,2013J,573519,1,South East Region,A Level or Equivalent,70-80%,0-35,0,60,0,Distinction,1,1,0,1,1,1,1,0,1,0,0,0,0,0,0,2
BBB,2013J,573578,1,East Anglian Region,A Level or Equivalent,50-60%,0-35,0,60,0,Pass,7,0,1,0,0,0,1,0,0,0,1,1,0,1,1,3
BBB,2013J,573654,1,West Midlands Region,A Level or Equivalent,80-90%,0-35,0,60,0,Pass,8,0,0,1,1,1,1,1,1,1,0,1,1,0,0,3
BBB,2013J,573683,0,South Region,A Level or Equivalent,70-80%,0-35,0,60,0,Withdrawn,15,1,1,0,0,1,1,1,0,0,1,1,1,0,1,10
BBB,2013J,573694,1,Wales,A Level or Equivalent,70-80%,35-55,0,180,0,Withdrawn,10,0,1,0,1,0,0,0,0,0,1,1,1,1,1,1
BBB,2013J,573758,1,North Western Region,Lower Than A Level,0-10%,0-35,0,60,0,Withdrawn,8,1,1,1,1,1,0,1,1,1,1,0,0,0,0,3
BBB,2013J,573777,1,East Anglian Region,A Level or Equivalent,40-50%,0-35,0,120,0,Pass,7,1,0,1,0,1,1,0,0,1,0,1,0,1,1,3
BBB,2013J,573790,1,Wales,HE Qualification,50-60%,0-35,0,60,0,Pass,7,1,0,0,1,0,1,1,0,0,0,1,0,1,0,3
BBB,2013J,573810,1,Yorkshire Region,Lower Than A Level,20-Oct,0-35,0,120,0,Withdrawn,5,0,1,1,0,0,1,0,1,0,1,0,1,0,0,9
BBB,2013J,573821,1,West Midlands Region,A Level or Equivalent,50-60%,0-35,0,60,0,Pass,8,1,1,1,0,0,0,0,0,1,0,0,0,0,1,3
BBB,2013J,573831,1,East Midlands Region,Lower Than A Level,0-10%,0-35,0,60,1,Pass,12,1,1,0,1,0,0,0,1,1,0,1,0,0,0,7
BBB,2013J,573893,1,East Anglian Region,HE Qualification,20-30%,35-55,0,60,0,Fail,10,1,1,0,1,0,1,1,0,1,0,0,0,0,0,1
BBB,2013J,573986,1,West Midlands Region,Lower Than A Level,0-10%,0-35,0,60,0,Pass,3,1,0,0,1,1,0,0,1,0,0,0,0,0,1,8
BBB,2013J,574002,1,South Region,Lower Than A Level,20-30%,0-35,0,120,0,Fail,2,0,0,0,1,0,1,0,0,1,0,0,0,0,0,2
BBB,2013J,574051,1,Wales,Lower Than A Level,0-10%,35-55,0,120,0,Fail,8,1,1,1,0,1,1,0,1,1,1,1,1,1,0,3
BBB,2013J,574053,0,North Western Region,Lower Than A Level,20-30%,35-55,0,60,0,Withdrawn,16,0,0,0,1,1,0,0,0,0,1,1,0,0,1,10
BBB,2013J,574065,1,Ireland,A Level or Equivalent,40-50%,0-35,0,120,0,Distinction,3,0,1,1,1,1,0,0,1,1,0,0,1,1,0,8
BBB,2013J,574125,1,South Region,A Level or Equivalent,20-Oct,0-35,0,120,0,Pass,9,0,1,0,0,1,0,0,0,0,0,0,1,0,0,4
BBB,2013J,574146,1,East Anglian Region,Lower Than A Level,60-70%,0-35,0,60,0,Withdrawn,8,1,1,1,0,0,0,1,1,0,0,0,1,1,0,3
BBB,2013J,574194,1,North Western Region,A Level or Equivalent,20-Oct,0-35,0,60,0,Pass,8,1,0,0,0,1,0,0,1,1,1,1,1,0,1,3
BBB,2013J,574212,1,Scotland,A Level or Equivalent,50-60%,0-35,0,60,0,Distinction,4,1,1,1,1,1,0,0,1,1,0,1,1,0,1,8
BBB,2013J,574250,1,East Anglian Region,Lower Than A Level,90-100%,0-35,0,60,0,Pass,12,1,0,0,0,1,1,0,0,0,1,0,1,0,1,7
BBB,2013J,574276,1,North Western Region,Lower Than A Level,60-70%,0-35,0,120,0,Withdrawn,2,0,1,1,0,1,0,0,0,1,0,1,0,1,0,2
BBB,2013J,574319,1,North Region,Lower Than A Level,30-40%,0-35,0,120,0,Withdrawn,11,0,0,1,0,0,1,0,1,1,0,1,0,0,1,6
BBB,2013J,574320,0,Scotland,A Level or Equivalent,70-80%,35-55,0,60,0,Distinction,5,0,1,0,1,0,1,0,0,1,1,0,0,0,0,9
BBB,2013J,574348,1,East Anglian Region,A Level or Equivalent,70-80%,35-55,0,120,1,Pass,1,0,1,0,0,1,1,0,0,0,0,0,1,0,0,2
BBB,2013J,574549,1,Scotland,Lower Than A Level,0-10%,0-35,0,60,0,Pass,3,1,1,0,1,1,0,1,1,1,0,0,0,1,0,8
BBB,2013J,574591,1,North Western Region,Lower Than A Level,50-60%,35-55,0,180,0,Withdrawn,14,1,0,0,1,0,1,0,1,0,0,0,0,0,0,5
BBB,2013J,574648,1,East Anglian Region,A Level or Equivalent,40-50%,35-55,0,60,0,Distinction,3,1,1,0,0,1,1,0,0,0,0,1,1,1,0,8
BBB,2013J,574674,1,East Anglian Region,A Level or Equivalent,60-70%,0-35,0,60,0,Withdrawn,7,1,1,1,1,0,0,1,1,0,0,0,0,0,0,3
BBB,2013J,574708,0,Wales,Lower Than A Level,0-10%,0-35,0,60,1,Fail,13,1,1,1,1,0,0,0,0,1,0,1,0,0,1,5
BBB,2013J,574727,1,North Western Region,Lower Than A Level,20-Oct,0-35,0,60,0,Withdrawn,6,1,1,1,1,1,0,1,0,1,1,0,1,0,0,9
BBB,2013J,574766,1,West Midlands Region,A Level or Equivalent,0-10%,0-35,0,120,0,Fail,7,0,0,1,0,1,1,1,0,1,0,1,0,0,1,3
BBB,2013J,574783,1,East Anglian Region,No Formal quals,30-40%,0-35,0,60,0,Withdrawn,4,0,1,0,0,0,1,1,0,0,1,1,0,0,0,8
BBB,2013J,574810,1,Wales,A Level or Equivalent,90-100%,0-35,0,60,0,Withdrawn,4,0,1,1,0,1,0,1,0,0,0,0,1,1,1,8
BBB,2013J,574962,1,West Midlands Region,Lower Than A Level,30-40%,0-35,0,120,0,Withdrawn,4,0,0,1,0,1,1,1,1,0,1,1,0,0,0,8
BBB,2013J,574973,1,West Midlands Region,A Level or Equivalent,20-30%,0-35,0,180,0,Pass,3,1,1,0,0,0,1,0,0,0,1,1,0,0,1,8
BBB,2013J,574998,1,East Anglian Region,Lower Than A Level,90-100%,35-55,0,120,0,Withdrawn,9,1,0,0,0,1,0,1,1,0,0,1,1,0,0,4
BBB,2013J,575018,1,Wales,Lower Than A Level,80-90%,0-35,0,60,0,Pass,14,0,1,0,0,0,0,1,1,0,1,1,1,1,1,5
BBB,2013J,575089,1,South West Region,A Level or Equivalent,0-10%,0-35,0,120,0,Fail,11,1,0,1,1,1,0,1,1,1,1,1,0,1,1,6
BBB,2013J,575100,1,London Region,Lower Than A Level,30-40%,0-35,0,120,0,Fail,6,1,1,0,0,0,0,0,1,0,1,0,1,1,1,9
BBB,2013J,575124,0,South Region,Lower Than A Level,60-70%,35-55,0,120,0,Pass,7,0,0,1,1,0,1,0,1,0,0,1,0,0,1,3
BBB,2013J,575207,0,East Anglian Region,Lower Than A Level,20-Oct,35-55,0,120,0,Withdrawn,9,1,0,1,0,0,0,0,1,0,0,1,0,0,1,4
BBB,2013J,575281,1,South Region,Lower Than A Level,40-50%,0-35,0,60,0,Fail,10,1,0,1,1,1,0,0,1,1,0,0,0,1,1,1
BBB,2013J,575290,0,Scotland,Lower Than A Level,60-70%,35-55,0,120,1,Pass,14,0,0,1,1,1,1,0,1,0,0,1,0,1,1,5
BBB,2013J,575387,1,South Region,Lower Than A Level,40-50%,0-35,0,60,0,Pass,6,0,0,0,1,1,1,0,0,1,1,0,1,0,0,9
BBB,2013J,575421,1,London Region,A Level or Equivalent,0-10%,0-35,0,60,0,Withdrawn,14,1,1,1,0,0,1,0,1,0,0,0,1,1,1,5
BBB,2013J,575423,1,West Midlands Region,A Level or Equivalent,80-90%,0-35,0,180,0,Withdrawn,14,0,0,1,1,0,1,1,0,1,0,0,1,1,1,5
BBB,2013J,575480,1,Wales,Lower Than A Level,60-70%,0-35,0,60,0,Fail,1,1,0,1,0,1,1,1,1,1,0,0,1,1,1,2
BBB,2013J,575520,1,Yorkshire Region,Lower Than A Level,20-30%,0-35,0,180,0,Withdrawn,8,0,1,0,1,1,1,1,1,1,1,1,1,1,0,3
BBB,2013J,575560,1,East Anglian Region,A Level or Equivalent,90-100%,35-55,0,60,0,Distinction,10,0,1,1,1,1,0,0,1,0,0,1,0,1,1,1
BBB,2013J,575672,1,North Region,Lower Than A Level,20-30%,35-55,0,60,0,Withdrawn,3,1,0,0,0,0,1,0,1,0,0,0,1,1,1,8
BBB,2013J,575681,1,North Western Region,Lower Than A Level,70-80%,35-55,0,60,0,Pass,4,0,0,1,1,1,0,1,0,0,1,0,0,0,1,8
BBB,2013J,575794,1,Wales,HE Qualification,70-80%,0-35,0,60,0,Withdrawn,12,0,1,0,0,0,1,1,0,0,1,0,0,0,1,7
BBB,2013J,575897,1,Scotland,Lower Than A Level,40-50%,0-35,0,60,0,Fail,1,0,1,0,0,0,0,0,1,0,0,1,1,0,1,2
BBB,2013J,575927,1,East Midlands Region,HE Qualification,70-80%,0-35,0,120,0,Withdrawn,12,1,0,0,1,0,0,1,1,1,1,1,1,0,0,7
BBB,2013J,575929,1,South Region,Lower Than A Level,40-50%,0-35,0,120,0,Fail,8,1,1,1,1,0,0,0,1,1,0,1,1,1,1,3
BBB,2013J,575930,1,East Anglian Region,Lower Than A Level,90-100%,0-35,0,60,0,Pass,11,0,0,0,0,1,0,0,1,0,0,0,0,0,0,6
BBB,2013J,575982,0,Wales,A Level or Equivalent,40-50%,35-55,0,60,0,Fail,10,1,1,0,1,0,1,1,0,1,0,0,0,1,0,1
BBB,2013J,575992,1,London Region,A Level or Equivalent,20-30%,35-55,0,120,0,Withdrawn,8,0,1,0,0,1,0,0,1,1,0,0,0,1,1,3
BBB,2013J,576046,1,Yorkshire Region,A Level or Equivalent,40-50%,0-35,0,120,0,Withdrawn,7,1,1,1,1,0,1,0,0,1,0,0,1,1,1,3
BBB,2013J,576098,1,East Midlands Region,Lower Than A Level,30-40%,0-35,0,120,0,Withdrawn,12,1,1,1,0,1,0,0,1,1,1,0,0,0,0,7
BBB,2013J,576158,1,Wales,Lower Than A Level,0-10%,0-35,0,120,0,Pass,11,0,1,0,1,0,1,0,1,0,1,0,0,1,0,6
BBB,2013J,576226,1,Ireland,HE Qualification,60-70%,0-35,0,60,0,Fail,14,1,1,0,1,1,1,1,1,1,0,1,1,1,1,5
BBB,2013J,576375,1,North Western Region,Lower Than A Level,,0-35,0,120,0,Withdrawn,2,1,1,0,1,1,1,1,1,0,1,1,1,0,0,2
BBB,2013J,576483,1,South Region,A Level or Equivalent,70-80%,35-55,0,60,0,Pass,4,1,0,1,0,1,1,1,1,1,1,0,0,1,0,8
BBB,2013J,576513,0,South Region,Lower Than A Level,70-80%,0-35,0,60,0,Withdrawn,11,0,0,1,1,0,1,0,1,1,0,0,0,1,1,6
BBB,2013J,576524,1,Scotland,A Level or Equivalent,60-70%,0-35,0,60,0,Fail,4,0,1,0,1,0,0,0,1,1,0,0,0,1,1,8
BBB,2013J,576550,1,North Western Region,A Level or Equivalent,0-10%,0-35,0,180,0,Withdrawn,2,0,1,1,0,1,1,1,1,0,1,1,1,1,0,2
BBB,2013J,576600,1,London Region,HE Qualification,30-40%,35-55,0,60,0,Pass,10,1,1,0,0,0,0,0,0,1,1,0,1,1,1,1
BBB,2013J,576664,1,North Region,A Level or Equivalent,20-Oct,0-35,0,60,0,Withdrawn,2,0,0,0,0,0,0,1,0,0,0,0,1,1,0,2
BBB,2013J,576714,0,Ireland,Lower Than A Level,40-50%,0-35,0,60,0,Withdrawn,8,1,1,1,1,1,1,1,0,0,0,1,1,0,1,3
BBB,2013J,576815,1,North Western Region,Lower Than A Level,40-50%,0-35,0,60,0,Fail,10,1,0,0,1,0,1,0,1,1,0,1,1,0,0,1
BBB,2013J,576841,0,Yorkshire Region,Lower Than A Level,20-Oct,35-55,0,120,0,Pass,5,0,0,0,0,0,1,1,0,1,0,1,0,1,1,9
BBB,2013J,576882,1,North Western Region,Lower Than A Level,0-10%,0-35,0,150,0,Fail,10,1,1,1,0,0,1,1,1,1,1,0,1,1,0,1
BBB,2013J,576935,1,East Midlands Region,A Level or Equivalent,80-90%,0-35,0,180,0,Fail,15,0,1,0,0,0,1,1,1,0,1,0,1,1,0,10
BBB,2013J,576940,1,South Region,A Level or Equivalent,80-90%,35-55,0,60,0,Pass,4,0,0,1,1,0,1,1,0,1,0,0,1,0,0,8
BBB,2013J,576946,1,Ireland,A Level or Equivalent,20-Oct,0-35,0,60,0,Pass,15,0,0,0,0,1,0,0,1,0,0,0,1,0,0,10
BBB,2013J,576947,1,Wales,Lower Than A Level,80-90%,0-35,0,60,0,Fail,10,0,0,0,0,1,1,1,1,1,1,0,1,0,0,1
BBB,2013J,576981,1,North Region,A Level or Equivalent,0-10%,0-35,0,60,0,Pass,15,1,1,1,1,0,0,1,0,0,1,1,1,0,0,10
BBB,2013J,576983,1,Wales,Lower Than A Level,90-100%,0-35,0,60,0,Withdrawn,12,0,1,0,0,0,0,1,0,0,1,0,0,1,1,7
BBB,2013J,576985,1,South East Region,Lower Than A Level,30-40%,0-35,0,120,0,Withdrawn,10,0,0,1,1,1,0,0,0,0,0,0,0,0,1,1
BBB,2013J,576996,1,East Midlands Region,Lower Than A Level,80-90%,0-35,0,120,0,Withdrawn,7,0,1,0,1,1,1,0,1,1,1,0,0,1,0,3
BBB,2013J,577007,1,East Anglian Region,Lower Than A Level,40-50%,0-35,0,60,1,Withdrawn,10,0,1,0,1,0,0,1,1,0,1,1,1,1,0,1
BBB,2013J,577049,1,Ireland,Lower Than A Level,60-70%,35-55,0,60,0,Withdrawn,3,0,0,1,1,1,0,1,0,0,0,1,1,0,0,8
BBB,2013J,577069,1,London Region,HE Qualification,20-Oct,0-35,0,60,0,Distinction,2,0,1,0,0,1,0,0,1,1,1,0,1,1,0,2
BBB,2013J,577096,1,North Western Region,A Level or Equivalent,30-40%,0-35,0,120,0,Distinction,15,0,0,0,1,0,0,1,1,0,1,0,1,0,0,10
BBB,2013J,577099,1,West Midlands Region,Lower Than A Level,20-30%,35-55,0,60,0,Pass,9,0,0,1,0,1,1,0,1,0,0,1,1,0,0,4
BBB,2013J,577215,1,East Midlands Region,HE Qualification,20-Oct,0-35,0,60,0,Withdrawn,14,1,0,0,1,1,1,0,0,1,1,1,0,0,1,5
BBB,2013J,577239,1,Wales,Lower Than A Level,20-30%,0-35,0,60,0,Withdrawn,2,1,1,1,0,0,0,1,0,0,0,0,1,1,1,2
BBB,2013J,577256,1,West Midlands Region,A Level or Equivalent,0-10%,0-35,0,120,0,Pass,12,0,1,1,1,1,1,0,1,0,0,1,0,0,0,7
BBB,2013J,577280,1,Wales,A Level or Equivalent,40-50%,0-35,0,150,0,Pass,10,1,0,0,1,0,0,1,0,1,1,1,1,1,1,1
BBB,2013J,577286,0,East Anglian Region,Lower Than A Level,40-50%,35-55,0,120,0,Pass,16,1,1,1,0,1,0,0,0,0,1,1,1,0,0,10
BBB,2013J,577347,1,Ireland,Lower Than A Level,20-30%,35-55,0,60,0,Fail,8,0,0,0,0,0,1,0,1,0,1,0,0,0,1,3
BBB,2013J,577376,1,Ireland,A Level or Equivalent,0-10%,0-35,0,90,1,Pass,14,1,0,0,1,1,0,1,1,0,1,1,1,1,0,5
BBB,2013J,577449,0,Ireland,Lower Than A Level,60-70%,0-35,0,60,0,Withdrawn,1,0,1,1,0,1,0,1,0,1,0,1,1,0,1,2
BBB,2013J,577498,1,South Region,Lower Than A Level,20-30%,0-35,0,60,0,Fail,4,0,1,0,1,0,0,0,1,0,0,0,1,0,1,8
BBB,2013J,577648,1,North Western Region,Lower Than A Level,50-60%,35-55,0,120,0,Fail,12,0,0,0,1,0,0,1,0,1,1,0,1,0,1,7
BBB,2013J,577659,1,Ireland,Lower Than A Level,,0-35,0,60,0,Withdrawn,15,0,1,1,0,1,0,1,0,1,1,1,0,1,1,10
BBB,2013J,577680,1,Scotland,Lower Than A Level,80-90%,0-35,0,60,0,Pass,12,1,0,1,1,1,0,0,1,0,0,1,1,1,1,7
BBB,2013J,577692,1,West Midlands Region,Lower Than A Level,40-50%,0-35,0,120,0,Fail,10,0,0,1,1,0,1,0,0,1,1,0,1,1,1,1
BBB,2013J,577695,1,South West Region,A Level or Equivalent,30-40%,35-55,0,120,0,Withdrawn,4,1,0,0,0,1,1,0,0,1,1,0,0,0,1,8
BBB,2013J,577824,1,West Midlands Region,A Level or Equivalent,80-90%,35-55,0,60,0,Distinction,15,1,0,1,0,1,0,1,0,0,1,0,0,0,1,10
BBB,2013J,577905,1,South West Region,Lower Than A Level,0-10%,0-35,0,120,0,Withdrawn,3,0,0,1,1,1,0,0,0,0,0,1,0,1,0,8
BBB,2013J,577914,1,South East Region,A Level or Equivalent,50-60%,0-35,0,120,0,Distinction,4,1,1,0,0,0,0,0,0,0,1,1,1,1,0,8
BBB,2013J,577915,1,Scotland,Lower Than A Level,50-60%,35-55,0,60,0,Pass,11,0,0,0,0,1,0,0,0,0,0,0,0,0,0,6
BBB,2013J,577949,0,West Midlands Region,Lower Than A Level,,0-35,0,120,0,Fail,13,0,1,1,0,1,0,0,1,0,0,1,1,0,0,5
BBB,2013J,577965,1,Yorkshire Region,A Level or Equivalent,40-50%,0-35,0,120,0,Withdrawn,3,0,0,0,1,0,0,1,0,0,0,0,1,0,0,8
BBB,2013J,577980,1,South Region,A Level or Equivalent,0-10%,0-35,0,150,0,Pass,13,0,1,0,0,0,1,1,0,1,0,0,1,1,1,5
BBB,2013J,577992,0,South Region,HE Qualification,80-90%,0-35,0,120,0,Withdrawn,3,1,1,1,1,0,1,1,0,0,0,1,1,0,1,8
BBB,2013J,578030,1,West Midlands Region,A Level or Equivalent,0-10%,0-35,0,120,0,Distinction,2,0,0,0,0,1,0,1,1,0,1,0,1,0,1,2
BBB,2013J,578057,1,South East Region,Lower Than A Level,20-30%,0-35,0,60,0,Fail,2,0,0,0,1,0,0,1,1,1,1,0,1,1,1,2
BBB,2013J,578062,1,West Midlands Region,Lower Than A Level,20-Oct,0-35,0,60,0,Fail,1,0,0,0,1,1,1,0,1,1,0,1,0,0,1,2
BBB,2013J,578109,1,Scotland,A Level or Equivalent,20-Oct,0-35,0,60,0,Distinction,6,1,0,1,1,0,0,0,0,1,1,0,0,0,0,9
BBB,2013J,578197,1,West Midlands Region,Lower Than A Level,20-Oct,0-35,0,120,0,Pass,7,0,1,1,1,0,0,1,0,0,0,0,1,0,1,3
BBB,2013J,578264,1,North Western Region,HE Qualification,0-10%,0-35,0,120,1,Withdrawn,11,1,0,1,0,0,0,1,1,1,0,0,1,0,0,6
BBB,2013J,578362,1,East Anglian Region,A Level or Equivalent,40-50%,35-55,0,120,0,Fail,9,0,0,1,0,0,0,0,1,0,0,0,0,1,0,4
BBB,2013J,578447,0,South East Region,A Level or Equivalent,50-60%,0-35,0,60,1,Pass,3,1,1,1,0,0,1,1,1,0,0,0,0,0,1,8
BBB,2013J,578520,0,Ireland,Lower Than A Level,0-10%,0-35,0,60,0,Fail,6,0,0,1,1,1,0,0,0,0,1,0,0,1,1,9
BBB,2013J,578546,1,Yorkshire Region,A Level or Equivalent,70-80%,0-35,0,60,0,Pass,12,1,1,0,0,0,1,1,1,0,1,1,1,1,0,7
BBB,2013J,578578,1,East Midlands Region,A Level or Equivalent,80-90%,35-55,0,120,0,Pass,13,1,0,1,1,0,1,1,0,0,1,0,0,0,1,5
BBB,2013J,578598,1,West Midlands Region,A Level or Equivalent,20-30%,0-35,0,120,0,Withdrawn,7,0,0,1,0,1,1,1,1,0,1,0,1,0,1,3
BBB,2013J,578600,1,East Anglian Region,Lower Than A Level,80-90%,0-35,0,60,0,Pass,16,0,1,0,0,0,0,1,0,0,0,0,1,0,1,10
BBB,2013J,578676,1,East Anglian Region,Lower Than A Level,80-90%,0-35,0,60,0,Fail,3,0,0,1,1,1,1,1,0,1,0,0,0,1,0,8
BBB,2013J,578717,1,East Anglian Region,A Level or Equivalent,30-40%,0-35,0,60,0,Pass,9,0,0,0,0,1,1,1,0,0,0,0,0,1,1,4
BBB,2013J,578739,1,West Midlands Region,A Level or Equivalent,20-30%,0-35,0,60,0,Withdrawn,11,1,1,1,1,0,0,1,0,1,1,1,1,1,0,6
BBB,2013J,578854,1,Wales,HE Qualification,20-Oct,0-35,0,60,0,Withdrawn,5,0,0,1,1,1,0,1,1,1,1,1,1,1,1,9
BBB,2013J,578953,1,North Western Region,Lower Than A Level,20-Oct,0-35,0,120,0,Withdrawn,3,0,0,0,0,0,0,0,1,1,0,0,1,1,1,8
BBB,2013J,579046,1,South East Region,Lower Than A Level,90-100%,0-35,0,60,0,Withdrawn,12,1,0,0,0,0,1,0,1,1,0,0,1,1,1,7
BBB,2013J,579050,1,Scotland,Lower Than A Level,20-30%,0-35,0,120,0,Withdrawn,13,1,1,1,0,0,0,1,0,0,0,1,1,0,0,5
BBB,2013J,579255,1,Wales,Lower Than A Level,50-60%,0-35,0,135,0,Withdrawn,8,0,1,1,1,1,1,1,1,0,1,1,1,1,0,3
BBB,2013J,579256,1,London Region,A Level or Equivalent,20-Oct,0-35,0,60,0,Withdrawn,6,0,1,0,1,1,0,0,1,0,0,0,1,1,1,9
BBB,2013J,579259,1,London Region,Lower Than A Level,20-Oct,0-35,0,120,0,Withdrawn,16,1,0,0,0,1,1,1,1,0,0,0,0,1,0,10
BBB,2013J,579279,1,East Midlands Region,Lower Than A Level,20-30%,0-35,0,60,0,Pass,13,1,1,1,0,0,0,1,1,0,0,0,0,0,1,5
BBB,2013J,579300,1,South East Region,Lower Than A Level,70-80%,0-35,0,60,0,Withdrawn,3,1,0,1,0,1,1,1,0,0,1,1,1,0,1,8
BBB,2013J,579316,1,West Midlands Region,A Level or Equivalent,50-60%,0-35,0,60,0,Pass,5,1,1,1,0,1,1,1,0,0,0,0,0,0,0,9
BBB,2013J,579448,1,Scotland,Lower Than A Level,20-Oct,0-35,0,120,0,Withdrawn,1,0,1,1,0,1,1,0,1,1,0,1,1,1,1,2
BBB,2013J,579486,0,East Anglian Region,Lower Than A Level,20-30%,35-55,0,60,0,Withdrawn,1,0,0,0,0,1,0,1,1,0,0,0,1,0,0,2
BBB,2013J,579549,1,North Western Region,A Level or Equivalent,20-30%,0-35,0,60,0,Pass,6,0,1,1,0,1,0,0,0,0,1,0,0,1,0,9
BBB,2013J,579571,1,Yorkshire Region,Lower Than A Level,0-10%,0-35,0,60,0,Pass,10,0,1,1,1,0,0,1,0,0,0,1,0,0,0,1
BBB,2013J,579575,1,Ireland,Lower Than A Level,30-40%,0-35,0,75,0,Pass,5,0,0,0,0,1,1,0,0,1,0,1,1,0,1,9
BBB,2013J,579619,1,Ireland,Lower Than A Level,20-30%,0-35,0,90,0,Pass,9,0,1,1,1,0,0,1,0,0,0,0,1,1,1,4
BBB,2013J,579718,1,Wales,Lower Than A Level,0-10%,35-55,0,60,0,Fail,9,1,0,1,1,0,0,1,1,1,1,0,0,1,0,4
BBB,2013J,579762,1,East Midlands Region,HE Qualification,80-90%,35-55,0,60,0,Pass,5,1,1,0,1,0,1,0,1,1,1,0,0,1,1,9
BBB,2013J,580094,1,North Region,Lower Than A Level,20-Oct,0-35,0,120,0,Pass,5,1,0,1,0,1,0,1,1,1,0,0,0,0,0,9
BBB,2013J,580314,1,North Western Region,A Level or Equivalent,0-10%,35-55,0,60,0,Fail,3,1,1,0,1,1,1,1,0,1,0,0,0,1,0,8
BBB,2013J,580328,0,South Region,Lower Than A Level,80-90%,35-55,0,60,0,Withdrawn,12,1,0,1,0,0,1,0,1,1,0,1,0,1,1,7
BBB,2013J,580346,1,South East Region,A Level or Equivalent,90-100%,35-55,0,60,0,Pass,12,0,1,1,0,0,0,0,0,1,1,1,1,1,1,7
BBB,2013J,580360,1,East Anglian Region,Lower Than A Level,20-Oct,0-35,0,60,0,Pass,13,1,0,0,0,1,1,1,0,1,0,1,0,1,1,5
BBB,2013J,580412,1,North Region,Lower Than A Level,20-30%,0-35,0,120,0,Withdrawn,10,0,0,0,1,1,0,0,0,1,1,0,0,1,0,1
BBB,2013J,580497,1,North Western Region,A Level or Equivalent,20-Oct,0-35,0,60,0,Withdrawn,13,1,1,0,1,0,1,0,0,0,1,1,0,0,0,5
BBB,2013J,580540,1,South East Region,A Level or Equivalent,20-Oct,0-35,0,120,1,Pass,1,0,1,1,0,1,0,0,0,1,0,1,1,1,0,2
BBB,2013J,580592,1,West Midlands Region,Lower Than A Level,30-40%,0-35,0,60,0,Withdrawn,2,1,1,1,1,0,0,1,0,0,1,0,0,1,0,2
BBB,2013J,580612,1,North Region,Lower Than A Level,30-40%,0-35,0,60,0,Pass,12,1,0,1,1,1,0,0,1,1,1,0,1,0,0,7
BBB,2013J,580646,1,London Region,A Level or Equivalent,30-40%,0-35,0,60,0,Distinction,7,0,0,1,1,1,0,1,1,1,0,1,1,0,1,3
BBB,2013J,580654,1,West Midlands Region,HE Qualification,60-70%,0-35,0,120,0,Withdrawn,3,0,0,0,1,1,1,0,1,0,0,0,0,1,0,8
BBB,2013J,580684,1,North Western Region,A Level or Equivalent,20-Oct,0-35,0,120,0,Fail,9,1,1,0,1,0,1,0,1,1,1,0,1,1,0,4
BBB,2013J,580854,1,East Anglian Region,Lower Than A Level,20-30%,35-55,0,60,0,Withdrawn,8,1,0,0,1,1,1,1,1,0,1,0,1,1,1,3
BBB,2013J,580880,0,Ireland,A Level or Equivalent,20-30%,0-35,0,75,0,Pass,6,1,1,0,0,1,0,1,0,1,1,0,1,0,0,9
BBB,2013J,580883,1,Ireland,HE Qualification,60-70%,0-35,0,60,0,Pass,10,1,0,1,0,0,1,0,1,0,1,0,1,1,0,1
BBB,2013J,580960,1,South West Region,A Level or Equivalent,20-Oct,35-55,0,120,0,Pass,2,0,1,1,0,0,0,0,0,1,1,0,0,0,1,2
BBB,2013J,580975,1,Ireland,HE Qualification,50-60%,0-35,0,60,0,Fail,12,0,0,0,1,1,1,1,1,0,0,0,0,1,1,7
BBB,2013J,581016,1,South East Region,Lower Than A Level,40-50%,0-35,0,60,0,Withdrawn,13,1,1,0,0,1,1,0,0,0,1,1,1,0,1,5
BBB,2013J,581027,1,Wales,Lower Than A Level,30-40%,0-35,0,90,0,Fail,2,0,1,0,1,1,1,1,1,0,1,0,0,0,1,2
BBB,2013J,581038,1,East Midlands Region,Lower Than A Level,30-40%,0-35,0,120,0,Fail,4,0,1,1,1,0,1,1,1,0,1,0,1,0,0,8
BBB,2013J,581139,1,London Region,Lower Than A Level,70-80%,35-55,0,60,0,Pass,2,0,1,1,0,0,1,1,0,1,0,1,0,0,1,2
BBB,2013J,581235,1,West Midlands Region,Lower Than A Level,90-100%,0-35,0,120,0,Withdrawn,13,1,1,1,1,0,0,1,0,1,1,1,0,0,0,5
BBB,2013J,581305,1,East Midlands Region,A Level or Equivalent,50-60%,0-35,0,60,0,Fail,13,0,1,0,1,1,1,0,1,0,0,0,0,0,0,5
BBB,2013J,581431,1,Ireland,Lower Than A Level,40-50%,0-35,0,75,0,Fail,1,0,0,1,0,1,1,0,1,0,1,0,0,1,1,2
BBB,2013J,581492,1,Wales,Lower Than A Level,50-60%,35-55,0,75,0,Withdrawn,1,0,0,0,0,0,1,0,0,0,1,1,1,0,1,2
BBB,2013J,581493,1,Wales,A Level or Equivalent,20-30%,35-55,0,75,0,Withdrawn,14,1,1,1,1,0,0,0,1,1,0,0,1,0,0,5
BBB,2013J,581530,1,Scotland,A Level or Equivalent,20-30%,0-35,0,60,0,Pass,10,0,1,1,0,0,1,0,1,1,1,1,1,0,1,1
BBB,2013J,581586,1,West Midlands Region,HE Qualification,0-10%,0-35,0,120,0,Pass,3,0,0,0,0,1,0,1,1,1,0,1,1,1,0,8
BBB,2013J,581625,1,Scotland,Lower Than A Level,50-60%,0-35,0,60,0,Fail,7,1,0,1,0,1,0,1,0,1,1,0,1,0,0,3
BBB,2013J,581657,1,Yorkshire Region,Lower Than A Level,70-80%,35-55,0,60,0,Pass,4,1,1,0,0,1,0,1,0,1,1,0,0,1,0,8
BBB,2013J,581672,1,South Region,Lower Than A Level,80-90%,35-55,0,60,0,Withdrawn,15,1,0,1,0,0,0,1,1,1,0,0,1,0,1,10
BBB,2013J,581826,0,Wales,A Level or Equivalent,20-30%,0-35,0,60,1,Withdrawn,14,0,0,1,1,1,1,0,1,1,0,0,1,0,1,5
BBB,2013J,581959,1,London Region,Lower Than A Level,0-10%,0-35,0,120,0,Withdrawn,10,1,0,1,0,0,1,0,0,1,1,0,1,0,0,1
BBB,2013J,582084,1,London Region,A Level or Equivalent,20-30%,0-35,0,120,0,Withdrawn,1,1,1,1,0,1,0,0,0,0,0,1,0,1,0,2
BBB,2013J,582093,1,East Midlands Region,Lower Than A Level,50-60%,35-55,0,60,0,Fail,4,1,0,0,1,1,1,0,0,1,0,1,0,0,1,8
BBB,2013J,582123,1,South West Region,A Level or Equivalent,80-90%,0-35,0,60,0,Pass,4,0,0,0,1,1,1,1,0,0,0,1,1,1,1,8
BBB,2013J,582182,0,Wales,Lower Than A Level,70-80%,0-35,0,120,0,Fail,16,0,0,0,1,1,1,0,1,1,1,0,0,0,0,10
BBB,2013J,582184,1,North Western Region,Lower Than A Level,50-60%,0-35,0,120,0,Withdrawn,4,0,0,1,0,0,1,1,0,1,0,1,1,1,1,8
BBB,2013J,582190,1,East Anglian Region,Lower Than A Level,70-80%,0-35,0,60,0,Fail,9,0,0,1,0,1,1,1,1,0,0,0,1,1,1,4
BBB,2013J,582218,1,West Midlands Region,A Level or Equivalent,20-Oct,0-35,0,120,0,Fail,6,0,0,0,0,0,1,1,1,1,0,0,0,1,0,9
BBB,2013J,582243,1,South West Region,Lower Than A Level,70-80%,35-55,0,60,0,Withdrawn,7,1,0,0,1,1,0,1,1,0,1,0,1,1,1,3
BBB,2013J,582301,1,Wales,Lower Than A Level,80-90%,0-35,0,60,0,Fail,6,0,0,1,0,1,1,0,0,0,1,1,0,0,0,9
BBB,2013J,582305,0,Wales,Lower Than A Level,90-100%,0-35,0,120,0,Pass,3,0,0,1,1,0,1,1,1,1,0,0,0,1,1,8
BBB,2013J,582333,1,East Anglian Region,A Level or Equivalent,80-90%,0-35,0,120,0,Distinction,4,0,0,0,0,1,0,0,1,0,1,1,1,1,0,8
BBB,2013J,582390,1,Ireland,A Level or Equivalent,0-10%,0-35,0,60,0,Pass,14,0,0,0,1,0,1,1,0,0,0,0,1,0,1,5
BBB,2013J,582394,1,Wales,A Level or Equivalent,50-60%,35-55,0,75,0,Pass,13,1,0,1,0,1,1,1,1,1,1,0,1,0,0,5
BBB,2013J,582404,1,London Region,Lower Than A Level,20-30%,0-35,0,60,0,Withdrawn,2,1,0,1,1,1,0,1,0,0,1,0,0,0,1,2
BBB,2013J,582406,1,Wales,A Level or Equivalent,60-70%,0-35,0,60,0,Pass,5,1,0,0,0,0,0,0,0,0,0,0,0,0,0,9
BBB,2013J,582439,1,West Midlands Region,A Level or Equivalent,,0-35,0,60,0,Fail,9,0,0,0,0,1,1,0,0,1,1,0,1,1,0,4
BBB,2013J,582443,1,Yorkshire Region,A Level or Equivalent,70-80%,0-35,0,60,0,Withdrawn,4,0,0,0,0,0,1,0,0,1,0,0,1,1,1,8
BBB,2013J,582446,1,Yorkshire Region,HE Qualification,30-40%,35-55,0,60,0,Pass,12,0,1,0,1,1,1,1,1,0,0,0,0,1,1,7
BBB,2013J,582469,0,London Region,HE Qualification,20-30%,35-55,0,120,0,Withdrawn,12,1,0,0,1,0,1,1,1,1,0,0,1,0,0,7
BBB,2013J,582474,1,Yorkshire Region,A Level or Equivalent,40-50%,35-55,0,60,0,Pass,3,0,0,1,0,0,1,0,1,1,1,0,1,1,1,8
BBB,2013J,582574,1,Scotland,Lower Than A Level,90-100%,35-55,0,60,0,Pass,3,1,1,0,0,1,0,1,0,0,0,1,0,1,0,8
BBB,2013J,582578,1,East Midlands Region,Lower Than A Level,80-90%,0-35,0,60,0,Pass,8,0,1,0,1,1,0,1,1,0,0,0,1,1,1,3
BBB,2013J,582591,1,North Western Region,Lower Than A Level,0-10%,0-35,0,120,0,Fail,16,1,0,1,0,1,1,0,1,1,1,0,1,0,0,10
BBB,2013J,582636,1,North Region,A Level or Equivalent,0-10%,0-35,0,60,0,Pass,1,0,1,0,0,1,1,0,0,0,1,0,1,1,0,2
BBB,2013J,582650,1,London Region,A Level or Equivalent,40-50%,35-55,0,60,0,Pass,8,0,0,0,1,1,0,0,0,0,0,0,0,1,1,3
BBB,2013J,582806,1,London Region,HE Qualification,20-30%,0-35,0,60,1,Withdrawn,10,0,1,0,0,1,0,0,0,0,0,1,1,1,0,1
BBB,2013J,582833,0,Wales,Lower Than A Level,0-10%,35-55,0,60,0,Fail,11,1,0,0,0,0,1,0,0,1,1,0,0,1,1,6
BBB,2013J,582878,1,North Western Region,A Level or Equivalent,30-40%,0-35,0,60,1,Pass,6,0,0,0,0,0,1,0,0,0,1,0,0,0,0,9
BBB,2013J,582940,1,South East Region,Lower Than A Level,60-70%,35-55,0,60,0,Pass,13,0,0,0,1,0,1,0,1,0,0,0,0,1,0,5
BBB,2013J,582958,1,Wales,HE Qualification,20-30%,35-55,0,180,0,Distinction,3,0,0,0,0,0,1,0,1,1,0,1,1,0,0,8
BBB,2013J,582963,1,South West Region,A Level or Equivalent,50-60%,0-35,0,120,0,Withdrawn,1,0,0,0,0,0,1,0,1,1,0,0,0,0,1,2
BBB,2013J,582975,1,East Anglian Region,A Level or Equivalent,80-90%,0-35,0,60,0,Pass,7,1,0,1,1,1,1,1,0,1,0,1,0,0,1,3
BBB,2013J,583007,0,Wales,Lower Than A Level,0-10%,0-35,0,60,1,Fail,14,0,0,0,0,1,0,0,1,1,0,1,0,1,1,5
BBB,2013J,583012,1,South Region,Lower Than A Level,60-70%,0-35,0,60,1,Pass,13,1,1,1,1,1,1,1,1,0,1,0,1,0,0,5
BBB,2013J,583021,1,Scotland,A Level or Equivalent,60-70%,35-55,0,60,0,Withdrawn,4,0,1,1,1,0,1,1,1,1,0,0,0,1,0,8
BBB,2013J,583039,1,East Midlands Region,A Level or Equivalent,40-50%,0-35,0,60,0,Pass,14,1,1,1,1,1,0,1,0,1,1,1,1,1,1,5
BBB,2013J,583065,1,Yorkshire Region,HE Qualification,80-90%,0-35,0,60,0,Withdrawn,15,1,1,1,1,1,1,0,1,1,1,1,0,0,1,10
BBB,2013J,583098,1,East Midlands Region,Lower Than A Level,30-40%,35-55,0,60,0,Fail,5,1,0,0,0,0,0,0,1,1,1,0,0,0,1,9
BBB,2013J,583113,1,Scotland,A Level or Equivalent,40-50%,0-35,0,120,0,Fail,7,1,0,0,1,0,0,1,1,1,0,1,1,1,0,3
BBB,2013J,583142,1,East Anglian Region,Lower Than A Level,0-10%,0-35,0,60,0,Withdrawn,16,0,0,1,1,1,0,0,1,0,0,0,0,1,0,10
BBB,2013J,583170,0,South West Region,A Level or Equivalent,30-40%,0-35,0,60,0,Distinction,14,1,1,1,0,1,0,0,0,1,0,0,0,0,1,5
BBB,2013J,583179,1,London Region,Lower Than A Level,0-10%,0-35,0,60,0,Withdrawn,11,0,0,1,1,1,0,0,1,0,1,1,1,0,1,6
BBB,2013J,583191,1,London Region,A Level or Equivalent,0-10%,0-35,0,60,0,Pass,15,0,0,0,1,0,0,0,0,0,1,1,1,1,0,10
BBB,2013J,583235,1,East Anglian Region,Lower Than A Level,30-40%,0-35,0,60,0,Withdrawn,5,1,1,1,1,1,0,1,0,1,0,1,0,0,0,9
BBB,2013J,583240,1,South East Region,A Level or Equivalent,20-30%,0-35,0,120,1,Fail,16,0,0,0,0,1,0,0,0,0,1,1,0,1,0,10
BBB,2013J,583255,1,South Region,Lower Than A Level,50-60%,0-35,0,60,0,Withdrawn,12,1,0,1,0,1,1,1,1,0,0,1,0,0,1,7
BBB,2013J,583301,1,South Region,Lower Than A Level,70-80%,0-35,0,120,0,Fail,7,0,1,1,1,1,1,0,0,0,1,1,1,0,0,3
BBB,2013J,583333,1,London Region,A Level or Equivalent,20-30%,0-35,0,60,0,Withdrawn,6,0,1,0,1,0,1,0,0,0,0,0,1,1,1,9
BBB,2013J,583367,1,Yorkshire Region,A Level or Equivalent,90-100%,0-35,0,60,0,Fail,2,1,1,1,0,0,1,0,0,1,1,0,1,1,1,2
BBB,2013J,583429,0,East Anglian Region,HE Qualification,70-80%,35-55,0,90,0,Withdrawn,11,0,0,1,1,1,1,1,1,0,1,0,0,0,0,6
BBB,2013J,583433,1,Scotland,HE Qualification,80-90%,35-55,0,60,0,Pass,1,0,1,1,1,1,0,1,1,1,1,0,1,1,1,2
BBB,2013J,583459,1,South East Region,Lower Than A Level,40-50%,0-35,0,120,0,Pass,1,1,0,1,0,1,1,0,0,0,1,1,0,1,0,2
BBB,2013J,583473,0,South Region,Lower Than A Level,90-100%,35-55,0,120,0,Pass,4,0,0,0,0,1,1,1,0,1,1,0,1,0,1,8
BBB,2013J,583534,1,North Western Region,A Level or Equivalent,0-10%,0-35,0,60,0,Fail,13,0,1,1,1,0,1,1,0,0,1,1,1,1,1,5
BBB,2013J,583598,1,West Midlands Region,Lower Than A Level,70-80%,0-35,0,60,0,Fail,7,1,1,1,1,0,0,0,0,1,1,0,0,0,1,3
BBB,2013J,583609,1,East Anglian Region,Lower Than A Level,40-50%,0-35,0,90,0,Pass,4,1,0,0,0,0,1,1,0,0,0,1,1,0,0,8
BBB,2013J,583645,1,East Midlands Region,A Level or Equivalent,50-60%,0-35,0,90,0,Pass,15,1,1,1,1,0,0,0,1,0,1,1,0,0,1,10
BBB,2013J,583708,1,East Anglian Region,A Level or Equivalent,50-60%,35-55,0,60,0,Pass,8,0,1,1,0,1,1,0,0,0,0,0,0,0,1,3
BBB,2013J,583832,1,East Anglian Region,Lower Than A Level,20-30%,0-35,0,60,0,Withdrawn,5,1,0,1,1,0,1,0,0,0,1,0,0,1,0,9
BBB,2013J,583873,0,North Western Region,Lower Than A Level,50-60%,35-55,0,180,0,Pass,2,0,0,1,1,1,1,1,0,0,1,1,0,0,1,2
BBB,2013J,583964,1,London Region,Lower Than A Level,0-10%,35-55,0,60,0,Pass,11,0,1,0,1,0,1,1,1,0,1,0,1,0,0,6
BBB,2013J,583967,1,East Midlands Region,Lower Than A Level,70-80%,35-55,0,60,0,Withdrawn,4,0,1,1,0,0,0,1,1,0,0,1,1,0,1,8
BBB,2013J,583970,1,East Midlands Region,A Level or Equivalent,80-90%,0-35,0,60,0,Distinction,9,0,0,0,0,0,1,1,1,1,0,1,1,0,0,4
BBB,2013J,583977,0,Scotland,A Level or Equivalent,70-80%,35-55,0,60,0,Fail,11,0,1,0,1,0,0,1,1,1,0,1,0,1,0,6
BBB,2013J,584042,1,South West Region,Lower Than A Level,0-10%,35-55,0,120,0,Pass,8,1,0,0,0,1,1,0,0,1,0,0,0,0,0,3
BBB,2013J,584178,1,Yorkshire Region,A Level or Equivalent,20-30%,0-35,0,60,0,Pass,16,1,0,0,1,1,1,1,1,1,0,0,0,0,1,10
BBB,2013J,584223,1,South Region,A Level or Equivalent,90-100%,0-35,0,60,0,Withdrawn,16,0,0,0,1,1,1,0,0,0,0,0,0,0,0,10
BBB,2013J,584238,1,West Midlands Region,Lower Than A Level,20-Oct,0-35,0,60,0,Fail,16,1,1,0,1,1,1,0,1,0,0,0,1,0,1,10
BBB,2013J,584325,1,Wales,Lower Than A Level,30-40%,0-35,0,60,0,Withdrawn,3,0,1,0,0,1,1,1,0,1,0,0,0,1,1,8
BBB,2013J,584342,1,West Midlands Region,Lower Than A Level,20-30%,0-35,0,60,0,Withdrawn,6,1,1,1,0,0,0,0,1,1,0,0,0,1,0,9
BBB,2013J,584374,1,East Anglian Region,Lower Than A Level,30-40%,0-35,0,60,0,Withdrawn,7,1,1,0,1,0,1,1,0,1,1,1,1,0,1,3
BBB,2013J,584408,1,East Midlands Region,Lower Than A Level,60-70%,35-55,0,60,0,Fail,5,0,0,0,1,1,0,0,0,1,1,0,1,0,0,9
BBB,2013J,584534,1,London Region,Lower Than A Level,30-40%,35-55,0,120,1,Withdrawn,9,1,1,1,0,1,1,1,1,1,0,0,1,0,0,4
BBB,2013J,584580,1,Ireland,Lower Than A Level,0-10%,0-35,0,60,0,Pass,2,1,1,0,0,1,1,1,0,1,0,1,0,0,1,2
BBB,2013J,584588,1,North Western Region,Lower Than A Level,0-10%,35-55,0,60,0,Withdrawn,15,0,0,1,0,1,1,1,1,0,1,0,0,0,1,10
BBB,2013J,584611,1,East Midlands Region,A Level or Equivalent,0-10%,0-35,0,120,0,Fail,10,0,1,0,1,0,0,0,1,1,0,1,1,1,1,1
BBB,2013J,584676,1,South Region,A Level or Equivalent,30-40%,0-35,0,120,0,Withdrawn,15,0,0,1,0,0,0,0,1,0,0,1,0,1,0,10
BBB,2013J,584735,0,Wales,A Level or Equivalent,30-40%,0-35,0,60,0,Withdrawn,5,1,0,1,0,1,1,0,1,0,1,0,1,0,0,9
BBB,2013J,584762,1,East Anglian Region,Lower Than A Level,20-Oct,0-35,0,120,0,Withdrawn,3,1,0,1,0,1,0,0,1,1,1,1,1,1,0,8
BBB,2013J,584766,1,South West Region,A Level or Equivalent,70-80%,35-55,0,120,0,Pass,10,0,1,0,0,0,0,1,1,0,0,0,1,1,0,1
BBB,2013J,584813,0,South East Region,A Level or Equivalent,90-100%,0-35,0,60,0,Pass,8,1,1,1,1,0,1,1,0,0,1,1,1,0,1,3
BBB,2013J,584892,1,West Midlands Region,Lower Than A Level,0-10%,0-35,0,60,0,Withdrawn,8,0,1,0,0,0,0,1,0,1,0,0,0,1,1,3
BBB,2013J,585004,1,North Region,Lower Than A Level,20-Oct,0-35,0,120,0,Withdrawn,13,1,1,1,1,0,0,1,1,1,1,1,1,0,1,5
BBB,2013J,585074,1,London Region,Lower Than A Level,40-50%,35-55,0,60,0,Fail,1,0,1,1,0,0,0,1,0,1,1,0,1,1,0,2
BBB,2013J,585170,0,West Midlands Region,Lower Than A Level,,0-35,0,60,0,Pass,6,0,0,1,1,1,1,0,1,1,0,0,0,1,1,9
BBB,2013J,585200,1,South East Region,Lower Than A Level,60-70%,0-35,0,60,0,Distinction,14,0,1,1,1,1,1,0,1,1,1,0,1,1,0,5
BBB,2013J,585212,1,South Region,A Level or Equivalent,90-100%,0-35,0,120,0,Pass,2,1,1,1,0,1,1,1,0,1,1,1,1,1,0,2
BBB,2013J,585342,1,London Region,Lower Than A Level,30-40%,0-35,0,120,0,Withdrawn,15,1,0,1,0,1,1,0,0,1,1,0,1,0,0,10
BBB,2013J,585355,1,East Anglian Region,Lower Than A Level,70-80%,35-55,0,60,0,Fail,7,0,0,0,1,1,1,0,1,1,0,1,0,0,1,3
BBB,2013J,585406,1,Scotland,Lower Than A Level,40-50%,35-55,0,60,0,Pass,5,1,0,0,1,1,0,0,1,1,0,1,1,0,0,9
BBB,2013J,585459,1,South East Region,Lower Than A Level,20-30%,35-55,0,60,0,Withdrawn,9,0,0,1,1,1,1,0,0,1,0,1,0,0,0,4
BBB,2013J,585461,1,West Midlands Region,A Level or Equivalent,40-50%,0-35,0,60,0,Withdrawn,15,1,1,1,0,1,1,0,0,0,1,1,1,0,0,10
BBB,2013J,585603,1,Wales,A Level or Equivalent,50-60%,0-35,0,60,0,Pass,1,0,0,0,0,1,0,1,0,1,1,1,0,1,1,2
BBB,2013J,585611,1,Scotland,HE Qualification,80-90%,35-55,0,60,0,Pass,14,0,1,1,0,0,1,0,1,1,1,1,0,1,1,5
BBB,2013J,585618,1,West Midlands Region,Lower Than A Level,0-10%,0-35,0,60,0,Withdrawn,5,0,0,0,1,0,0,1,1,0,0,0,1,1,0,9
BBB,2013J,585644,0,East Anglian Region,Lower Than A Level,20-30%,35-55,0,120,0,Pass,4,1,1,0,0,1,1,0,0,0,1,0,0,1,0,8
BBB,2013J,585652,0,South Region,Lower Than A Level,90-100%,0-35,0,60,0,Pass,15,0,1,1,0,0,0,1,0,1,0,1,1,1,0,10
BBB,2013J,585693,1,South East Region,Lower Than A Level,50-60%,35-55,0,60,0,Pass,5,1,1,1,0,0,1,1,1,0,0,0,1,0,0,9
BBB,2013J,585764,1,East Midlands Region,Lower Than A Level,20-30%,0-35,0,60,1,Withdrawn,11,0,0,0,1,0,1,0,0,0,0,1,1,1,0,6
BBB,2013J,585779,1,East Midlands Region,Lower Than A Level,30-40%,0-35,0,60,0,Pass,6,1,1,1,1,0,1,1,0,0,1,1,0,0,1,9
BBB,2013J,585790,1,South East Region,HE Qualification,50-60%,35-55,0,120,0,Fail,5,1,1,1,0,1,1,0,0,0,1,1,0,0,1,9
BBB,2013J,585816,1,South East Region,Lower Than A Level,0-10%,0-35,0,120,0,Fail,10,1,0,0,0,0,1,1,0,1,0,0,0,0,1,1
BBB,2013J,585915,1,South West Region,A Level or Equivalent,20-Oct,0-35,0,60,1,Fail,12,0,0,1,1,0,1,1,1,0,1,1,1,1,1,7
BBB,2013J,585963,1,East Midlands Region,A Level or Equivalent,20-Oct,0-35,0,60,1,Fail,9,0,0,1,0,0,1,0,0,1,0,0,1,0,1,4
BBB,2013J,586072,1,Wales,Lower Than A Level,0-10%,0-35,0,60,0,Fail,3,1,0,1,1,1,1,1,0,0,1,1,0,1,0,8
BBB,2013J,586078,1,South West Region,A Level or Equivalent,70-80%,0-35,0,60,0,Pass,3,1,1,0,0,1,1,0,0,1,1,0,1,0,1,8
BBB,2013J,586145,1,East Midlands Region,A Level or Equivalent,30-40%,0-35,0,60,0,Fail,2,0,0,1,0,0,0,0,0,0,1,0,0,0,1,2
BBB,2013J,586165,1,East Midlands Region,A Level or Equivalent,60-70%,0-35,0,120,0,Fail,3,1,1,0,1,0,1,0,1,0,0,0,1,1,0,8
BBB,2013J,586346,1,North Western Region,A Level or Equivalent,0-10%,0-35,0,120,0,Pass,9,0,0,0,1,0,0,0,0,1,0,0,1,1,1,4
BBB,2013J,586393,1,South Region,Lower Than A Level,80-90%,0-35,0,60,0,Fail,4,0,0,1,1,0,0,0,0,0,0,0,0,0,1,8
BBB,2013J,586407,1,South West Region,Lower Than A Level,20-30%,0-35,0,90,0,Withdrawn,4,1,1,0,1,0,0,0,0,1,0,0,0,1,0,8
BBB,2013J,586416,1,Ireland,HE Qualification,50-60%,0-35,0,60,0,Pass,5,1,1,0,0,0,0,0,0,1,1,0,1,0,0,9
BBB,2013J,586440,1,London Region,Lower Than A Level,80-90%,0-35,0,60,0,Pass,4,1,1,0,1,1,0,1,0,0,1,0,0,0,0,8
BBB,2013J,586450,1,South Region,HE Qualification,80-90%,0-35,0,60,0,Withdrawn,11,0,1,1,1,0,1,1,1,0,1,1,0,1,0,6
BBB,2013J,586490,1,South West Region,Lower Than A Level,40-50%,0-35,0,120,0,Fail,13,0,0,1,1,0,0,1,0,0,1,1,0,0,0,5
BBB,2013J,586516,1,South East Region,A Level or Equivalent,40-50%,35-55,0,60,0,Withdrawn,15,0,0,0,1,1,1,0,0,0,0,1,1,1,1,10
BBB,2013J,586535,1,South Region,Lower Than A Level,50-60%,0-35,0,120,1,Pass,7,1,1,1,1,0,1,0,1,0,0,0,0,0,0,3
BBB,2013J,586581,1,South Region,A Level or Equivalent,90-100%,0-35,0,60,0,Pass,4,1,0,0,0,1,1,1,1,0,1,1,1,1,0,8
BBB,2013J,586720,0,London Region,Lower Than A Level,40-50%,0-35,0,120,0,Fail,11,0,0,1,0,0,0,1,0,0,1,1,1,1,1,6
BBB,2013J,586742,1,South East Region,A Level or Equivalent,40-50%,0-35,0,120,0,Pass,5,1,1,0,1,1,0,1,1,0,0,0,0,1,1,9
BBB,2013J,586836,1,West Midlands Region,Lower Than A Level,0-10%,35-55,0,60,0,Fail,15,1,1,0,1,0,0,1,0,0,1,1,0,1,1,10
BBB,2013J,586843,1,East Anglian Region,A Level or Equivalent,0-10%,0-35,0,60,0,Pass,8,0,1,0,1,1,0,1,1,0,0,1,1,1,0,3
BBB,2013J,586854,1,South East Region,A Level or Equivalent,20-30%,0-35,0,120,0,Withdrawn,12,0,0,0,0,0,1,1,0,1,0,1,1,1,1,7
BBB,2013J,586882,1,London Region,Lower Than A Level,20-Oct,0-35,0,120,0,Fail,6,0,0,0,0,1,1,0,0,0,0,0,1,1,1,9
BBB,2013J,586890,1,North Region,A Level or Equivalent,50-60%,0-35,0,60,0,Withdrawn,1,1,1,1,1,0,1,0,0,0,0,1,0,0,1,2
BBB,2013J,586928,1,West Midlands Region,Lower Than A Level,80-90%,0-35,0,120,0,Fail,13,0,1,0,1,0,0,1,1,0,0,0,0,1,1,5
BBB,2013J,586975,1,East Anglian Region,A Level or Equivalent,60-70%,35-55,0,120,1,Withdrawn,7,0,1,0,0,1,0,0,1,0,1,0,1,1,0,3
BBB,2013J,586996,1,Wales,A Level or Equivalent,90-100%,35-55,0,60,0,Distinction,9,0,0,0,1,1,1,1,0,1,0,0,0,0,0,4
BBB,2013J,587051,1,East Midlands Region,Lower Than A Level,60-70%,0-35,0,60,0,Fail,7,0,1,1,1,1,1,0,0,1,1,1,1,0,1,3
BBB,2013J,587071,1,East Anglian Region,Lower Than A Level,30-40%,0-35,0,120,1,Fail,3,1,0,0,1,1,0,0,1,0,0,1,1,1,1,8
BBB,2013J,587120,1,East Anglian Region,Lower Than A Level,50-60%,0-35,0,180,0,Withdrawn,5,1,1,0,0,1,0,1,0,0,1,1,1,1,1,9
BBB,2013J,587155,1,North Western Region,Lower Than A Level,70-80%,0-35,0,120,0,Withdrawn,5,0,1,1,0,1,0,0,1,1,1,0,0,1,1,9
BBB,2013J,587192,1,West Midlands Region,Lower Than A Level,60-70%,0-35,0,60,0,Pass,2,0,0,1,0,0,0,0,0,0,1,0,0,0,0,2
BBB,2013J,587194,1,South Region,Lower Than A Level,80-90%,0-35,0,60,0,Fail,15,1,1,1,1,0,0,0,1,0,0,1,1,1,1,10
BBB,2013J,587219,1,South West Region,A Level or Equivalent,20-30%,35-55,0,60,0,Withdrawn,1,0,1,1,0,1,1,0,1,1,1,1,0,0,0,2
BBB,2013J,587223,1,South West Region,A Level or Equivalent,40-50%,35-55,0,60,0,Distinction,14,0,0,0,0,0,1,1,1,1,1,1,1,1,1,5
BBB,2013J,587285,1,London Region,Lower Than A Level,20-30%,0-35,0,120,0,Withdrawn,7,1,1,1,0,0,1,1,0,0,1,0,0,1,1,3
BBB,2013J,587297,1,North Region,A Level or Equivalent,70-80%,0-35,0,120,0,Pass,6,0,1,1,1,0,0,1,0,0,0,0,1,1,0,9
BBB,2013J,587349,1,East Midlands Region,Lower Than A Level,80-90%,0-35,0,120,0,Withdrawn,10,0,1,0,1,1,0,0,0,0,0,1,1,1,0,1
BBB,2013J,587409,1,Wales,A Level or Equivalent,60-70%,35-55,0,120,0,Pass,16,1,1,1,0,1,0,1,0,1,0,1,0,0,0,10
BBB,2013J,587418,1,North Western Region,A Level or Equivalent,0-10%,0-35,0,60,0,Pass,11,0,0,1,1,0,0,1,0,0,1,1,1,1,1,6
BBB,2013J,587423,1,Yorkshire Region,A Level or Equivalent,20-30%,0-35,0,180,0,Distinction,5,1,1,1,1,1,0,1,0,1,0,1,1,1,1,9
BBB,2013J,587564,1,Yorkshire Region,A Level or Equivalent,20-30%,0-35,0,60,0,Pass,9,1,0,0,0,0,0,1,1,1,0,0,0,0,1,4
BBB,2013J,587623,1,South West Region,Lower Than A Level,30-40%,35-55,0,60,0,Withdrawn,9,1,0,0,1,1,1,1,1,0,1,1,0,0,1,4
BBB,2013J,587665,1,South West Region,Lower Than A Level,30-40%,0-35,0,120,0,Withdrawn,6,0,0,0,0,1,1,0,0,0,0,1,1,0,1,9
BBB,2013J,587702,1,South Region,A Level or Equivalent,20-30%,0-35,0,60,0,Pass,4,0,0,0,0,1,0,1,0,0,0,0,1,1,0,8
BBB,2013J,587722,0,Scotland,Post Graduate Qualification,20-30%,35-55,0,60,0,Distinction,8,0,0,1,0,1,0,1,1,0,1,0,0,1,0,3
BBB,2013J,587732,1,Yorkshire Region,A Level or Equivalent,20-Oct,35-55,0,60,0,Pass,14,0,0,0,1,0,1,0,1,0,0,1,0,1,1,5
BBB,2013J,587754,1,South Region,A Level or Equivalent,50-60%,0-35,0,60,0,Pass,5,0,1,1,1,0,1,1,1,0,0,0,0,1,0,9
BBB,2013J,587755,0,South Region,Lower Than A Level,20-Oct,0-35,0,60,0,Pass,13,0,0,1,0,1,1,0,1,1,1,0,0,0,0,5
BBB,2013J,587810,1,Wales,Lower Than A Level,30-40%,0-35,0,120,0,Pass,8,0,1,0,1,0,0,0,1,1,0,1,1,1,0,3
BBB,2013J,587824,1,London Region,A Level or Equivalent,60-70%,0-35,0,120,0,Fail,11,1,0,0,0,0,0,1,0,1,1,0,0,0,1,6
BBB,2013J,587838,1,Ireland,Lower Than A Level,0-10%,0-35,0,60,0,Withdrawn,3,0,1,0,1,0,1,0,1,0,0,0,0,1,1,8
BBB,2013J,587851,1,East Anglian Region,Lower Than A Level,50-60%,35-55,0,60,0,Withdrawn,13,0,1,0,0,1,1,1,0,0,1,0,1,1,1,5
BBB,2013J,587923,1,Scotland,Lower Than A Level,70-80%,0-35,0,120,1,Pass,13,0,0,1,1,0,1,0,0,1,0,1,0,0,1,5
BBB,2013J,587961,1,Yorkshire Region,Lower Than A Level,0-10%,0-35,0,60,0,Fail,7,0,0,1,1,1,1,0,0,1,1,0,0,0,0,3
BBB,2013J,587985,1,London Region,Lower Than A Level,80-90%,0-35,0,120,0,Distinction,11,1,1,1,0,0,1,0,0,1,0,0,0,1,1,6
BBB,2013J,588117,1,South East Region,A Level or Equivalent,80-90%,0-35,0,60,0,Distinction,11,0,1,0,0,0,0,0,1,0,1,1,0,1,0,6
BBB,2013J,588191,1,Yorkshire Region,Lower Than A Level,0-10%,0-35,0,60,0,Withdrawn,15,1,1,0,1,0,1,0,1,0,0,0,0,1,0,10
BBB,2013J,588194,1,East Midlands Region,Lower Than A Level,90-100%,0-35,0,60,0,Withdrawn,12,1,1,1,0,1,0,0,0,0,0,0,0,0,0,7
BBB,2013J,588205,1,London Region,Lower Than A Level,0-10%,0-35,0,60,0,Withdrawn,2,1,0,0,1,0,0,1,0,0,1,0,0,0,1,2
BBB,2013J,588252,1,West Midlands Region,Lower Than A Level,20-Oct,0-35,0,60,0,Withdrawn,3,0,1,0,0,0,1,0,1,0,0,0,0,1,0,8
BBB,2013J,588265,1,East Midlands Region,Lower Than A Level,60-70%,0-35,0,60,0,Pass,11,0,0,0,0,0,0,0,0,1,0,0,1,0,0,6
BBB,2013J,588321,1,East Anglian Region,Lower Than A Level,50-60%,35-55,0,60,0,Withdrawn,5,1,1,1,0,1,0,1,0,1,0,1,1,1,1,9
BBB,2013J,588355,1,London Region,Lower Than A Level,30-40%,35-55,0,120,0,Pass,2,1,0,0,1,0,1,1,1,0,1,1,1,1,0,2
BBB,2013J,588432,1,South West Region,A Level or Equivalent,60-70%,0-35,0,60,0,Fail,3,0,1,1,0,1,0,0,1,0,1,1,0,0,0,8
BBB,2013J,588445,1,East Anglian Region,Lower Than A Level,50-60%,0-35,0,120,0,Withdrawn,15,0,1,0,0,0,1,1,0,1,1,0,1,0,1,10
BBB,2013J,588504,1,North Western Region,Lower Than A Level,0-10%,0-35,0,120,1,Withdrawn,5,1,0,1,0,0,1,1,1,0,0,0,0,0,0,9
BBB,2013J,588642,1,London Region,A Level or Equivalent,0-10%,0-35,0,120,0,Pass,2,0,1,0,0,1,0,0,1,0,1,1,0,0,1,2
BBB,2013J,588685,1,Scotland,HE Qualification,50-60%,35-55,0,120,1,Withdrawn,9,0,0,0,0,0,0,1,1,1,1,0,1,0,1,4
BBB,2013J,588691,1,East Midlands Region,Lower Than A Level,20-30%,0-35,0,120,0,Withdrawn,13,0,1,0,1,0,0,0,1,1,1,1,1,0,0,5
BBB,2013J,588713,1,Scotland,Lower Than A Level,0-10%,0-35,0,60,0,Fail,8,0,0,0,1,1,1,1,1,1,0,1,0,0,0,3
BBB,2013J,588883,1,South West Region,A Level or Equivalent,30-40%,0-35,0,60,0,Distinction,3,0,0,1,1,0,0,0,0,1,1,1,0,1,1,8
BBB,2013J,588910,1,Wales,HE Qualification,90-100%,35-55,0,60,0,Pass,15,1,0,1,1,1,0,0,0,0,0,0,1,0,0,10
BBB,2013J,588969,1,South East Region,A Level or Equivalent,60-70%,0-35,0,180,0,Withdrawn,10,0,1,1,0,1,0,1,1,0,1,1,0,1,1,1
BBB,2013J,589067,1,South West Region,Lower Than A Level,40-50%,35-55,0,60,0,Pass,3,0,1,0,0,1,1,0,0,0,0,1,1,0,0,8
BBB,2013J,589123,1,South West Region,HE Qualification,50-60%,35-55,0,120,0,Pass,8,1,0,0,0,1,0,0,1,0,0,0,1,0,0,3
BBB,2013J,589154,1,East Anglian Region,HE Qualification,20-30%,35-55,0,60,0,Withdrawn,6,1,0,0,1,0,1,1,0,0,1,0,1,1,0,9
BBB,2013J,589216,0,Ireland,A Level or Equivalent,60-70%,0-35,0,180,0,Withdrawn,8,0,0,1,0,1,1,0,0,1,1,1,0,0,1,3
BBB,2013J,589234,1,South East Region,A Level or Equivalent,70-80%,0-35,0,120,0,Withdrawn,16,0,1,0,1,1,0,1,1,1,0,1,1,1,0,10
BBB,2013J,589239,1,Yorkshire Region,Lower Than A Level,20-Oct,0-35,0,120,0,Withdrawn,2,1,1,0,0,1,0,0,1,0,1,1,1,1,1,2
BBB,2013J,589296,0,North Western Region,Lower Than A Level,80-90%,35-55,0,90,0,Pass,4,0,1,1,0,0,1,0,0,0,1,1,1,0,1,8
BBB,2013J,589302,1,Wales,A Level or Equivalent,20-Oct,35-55,0,60,0,Pass,10,1,0,1,0,0,0,0,1,1,0,0,0,0,0,1
BBB,2013J,589411,1,Yorkshire Region,A Level or Equivalent,40-50%,0-35,0,60,0,Distinction,4,1,0,1,1,1,1,0,0,1,0,1,0,0,1,8
BBB,2013J,589471,1,South Region,Lower Than A Level,90-100%,35-55,0,90,0,Withdrawn,2,1,1,0,1,1,1,0,0,0,1,0,0,0,1,2
BBB,2013J,589508,1,South East Region,HE Qualification,20-30%,35-55,0,60,1,Distinction,6,1,0,0,0,1,0,0,0,0,1,0,1,1,0,9
BBB,2013J,589509,1,Scotland,HE Qualification,20-30%,0-35,0,90,0,Pass,15,1,0,1,0,0,0,1,0,0,0,0,1,1,1,10
BBB,2013J,589580,1,Scotland,HE Qualification,30-40%,0-35,0,60,0,Withdrawn,14,0,0,1,1,0,1,1,0,0,1,1,0,1,1,5
BBB,2013J,589810,1,South Region,A Level or Equivalent,80-90%,0-35,0,120,0,Withdrawn,14,0,1,1,0,1,1,1,0,1,0,1,1,0,0,5
BBB,2013J,589903,1,West Midlands Region,A Level or Equivalent,80-90%,0-35,0,60,0,Pass,10,1,0,0,1,1,1,1,1,0,0,0,0,1,1,1
BBB,2013J,589950,1,Wales,Lower Than A Level,20-Oct,0-35,0,60,0,Pass,13,0,1,0,1,0,0,1,1,0,1,1,1,0,1,5
BBB,2013J,590107,1,London Region,Lower Than A Level,20-30%,0-35,0,120,0,Withdrawn,13,0,1,0,0,1,0,0,0,1,1,1,0,0,0,5
BBB,2013J,590202,1,Scotland,HE Qualification,50-60%,0-35,0,60,0,Pass,5,1,0,0,1,0,0,0,0,1,0,0,1,1,0,9
BBB,2013J,590231,1,Scotland,Lower Than A Level,30-40%,0-35,0,120,0,Pass,13,1,0,1,1,1,0,1,1,0,0,1,0,0,1,5
BBB,2013J,590244,1,Scotland,HE Qualification,30-40%,0-35,0,60,0,Withdrawn,4,0,0,1,1,1,1,1,0,1,0,1,1,0,1,8
BBB,2013J,590305,1,Yorkshire Region,HE Qualification,0-10%,0-35,0,60,0,Withdrawn,9,0,1,1,1,1,1,1,0,0,1,0,0,1,1,4
BBB,2013J,590308,1,East Midlands Region,A Level or Equivalent,60-70%,0-35,0,120,0,Fail,8,1,1,1,0,1,0,1,0,0,1,1,1,0,1,3
BBB,2013J,590310,1,East Midlands Region,Lower Than A Level,0-10%,35-55,0,180,0,Withdrawn,12,1,0,0,0,1,0,1,0,1,1,1,0,0,1,7
BBB,2013J,590325,1,Scotland,Lower Than A Level,80-90%,0-35,0,60,0,Pass,3,0,0,0,1,0,0,0,0,1,1,1,1,0,1,8
BBB,2013J,590360,1,Ireland,Lower Than A Level,40-50%,0-35,0,60,0,Fail,11,1,1,1,0,1,0,1,1,0,0,0,0,1,0,6
BBB,2013J,590362,1,Scotland,A Level or Equivalent,60-70%,35-55,0,60,0,Pass,15,0,1,0,1,1,0,0,1,0,0,1,1,1,0,10
BBB,2013J,590365,1,Scotland,HE Qualification,60-70%,35-55,0,60,0,Fail,15,0,0,1,0,0,1,1,1,1,1,0,1,1,1,10
BBB,2013J,590372,1,North Region,HE Qualification,40-50%,35-55,0,120,0,Pass,2,1,1,1,1,1,1,1,1,0,1,1,1,1,1,2
BBB,2013J,590478,1,East Midlands Region,Lower Than A Level,30-40%,0-35,0,60,0,Withdrawn,10,1,0,1,0,1,0,1,1,1,0,1,1,0,1,1
BBB,2013J,590502,1,Wales,No Formal quals,30-40%,35-55,0,60,0,Fail,5,1,0,1,1,0,0,1,0,1,1,0,0,1,0,9
BBB,2013J,590625,1,Wales,Lower Than A Level,20-Oct,0-35,0,60,0,Pass,12,1,0,1,0,0,1,1,1,0,0,1,0,0,1,7
BBB,2013J,590667,1,West Midlands Region,A Level or Equivalent,30-40%,0-35,0,60,0,Distinction,5,0,1,1,0,0,0,1,1,0,1,0,0,0,0,9
BBB,2013J,590668,1,Yorkshire Region,Lower Than A Level,50-60%,35-55,0,60,0,Withdrawn,12,0,1,0,0,0,0,0,0,0,1,1,0,1,1,7
BBB,2013J,590713,1,East Midlands Region,Lower Than A Level,70-80%,0-35,0,60,0,Withdrawn,16,0,0,0,1,1,1,1,0,1,0,1,0,1,1,10
BBB,2013J,590812,1,Wales,Lower Than A Level,0-10%,35-55,0,120,0,Withdrawn,15,1,1,0,0,0,1,0,0,0,1,0,0,0,1,10
BBB,2013J,590867,0,London Region,A Level or Equivalent,40-50%,35-55,0,90,0,Fail,10,0,1,1,1,1,0,1,1,1,1,0,0,1,0,1
BBB,2013J,590923,1,North Western Region,Lower Than A Level,0-10%,0-35,0,60,0,Fail,5,1,1,0,0,0,0,0,0,0,1,1,1,0,0,9
BBB,2013J,590931,1,Ireland,A Level or Equivalent,0-10%,0-35,0,120,0,Pass,4,0,1,0,0,0,0,0,1,0,1,1,0,0,1,8
BBB,2013J,590994,1,Scotland,Lower Than A Level,60-70%,0-35,0,60,0,Distinction,10,0,0,0,1,0,0,1,1,0,0,1,0,1,0,1
BBB,2013J,591030,1,East Anglian Region,Lower Than A Level,30-40%,0-35,0,60,0,Pass,7,1,0,1,1,1,1,1,1,1,0,0,0,0,0,3
BBB,2013J,591034,1,Ireland,Lower Than A Level,50-60%,0-35,0,60,0,Fail,6,1,1,1,1,0,1,1,0,0,0,1,1,1,0,9
BBB,2013J,591223,1,Scotland,HE Qualification,20-30%,35-55,0,120,0,Pass,7,0,0,1,0,1,0,1,0,0,0,0,1,0,0,3
BBB,2013J,591257,1,Wales,Lower Than A Level,0-10%,35-55,0,60,0,Fail,2,0,1,0,1,1,0,1,0,1,1,1,0,1,0,2
BBB,2013J,591273,0,Wales,A Level or Equivalent,80-90%,35-55,0,60,0,Pass,14,1,0,1,1,1,1,0,0,0,1,1,1,0,1,5
BBB,2013J,591299,1,Wales,A Level or Equivalent,50-60%,0-35,0,60,0,Distinction,4,0,1,1,0,0,1,1,1,1,0,1,1,0,0,8
BBB,2013J,591410,1,Yorkshire Region,Lower Than A Level,30-40%,0-35,0,60,0,Fail,1,1,0,1,1,0,1,1,0,1,0,1,0,0,0,2
BBB,2013J,591414,1,Ireland,A Level or Equivalent,20-Oct,0-35,0,60,0,Pass,5,0,1,1,0,1,0,0,0,0,1,0,1,0,1,9
BBB,2013J,591420,1,Ireland,A Level or Equivalent,80-90%,0-35,0,60,0,Pass,7,0,0,0,0,0,1,0,1,0,0,1,1,1,0,3
BBB,2013J,591440,1,Yorkshire Region,Lower Than A Level,60-70%,0-35,0,60,0,Fail,1,1,0,0,0,1,1,0,0,1,1,1,0,0,1,2
BBB,2013J,591461,1,North Western Region,A Level or Equivalent,0-10%,0-35,0,60,0,Withdrawn,8,1,0,1,1,0,1,0,0,1,0,1,1,1,0,3
BBB,2013J,591501,1,South Region,A Level or Equivalent,90-100%,35-55,0,60,0,Distinction,15,1,0,0,0,0,0,1,0,0,1,0,1,1,0,10
BBB,2013J,591518,1,North Western Region,A Level or Equivalent,90-100%,35-55,0,60,0,Distinction,1,1,0,0,1,0,0,1,1,0,1,0,1,1,1,2
BBB,2013J,591558,1,Yorkshire Region,A Level or Equivalent,50-60%,35-55,0,120,0,Pass,2,1,1,1,0,1,1,0,1,1,0,1,1,0,1,2
BBB,2013J,591574,1,North Region,A Level or Equivalent,30-40%,0-35,0,120,0,Pass,3,0,1,1,1,1,1,0,1,0,0,0,1,1,0,8
BBB,2013J,591589,1,Yorkshire Region,A Level or Equivalent,0-10%,35-55,0,60,0,Pass,1,1,0,1,1,1,0,0,1,0,0,1,0,0,1,2
BBB,2013J,591591,1,West Midlands Region,A Level or Equivalent,40-50%,0-35,0,120,0,Fail,9,1,0,1,1,1,1,1,1,0,0,0,0,1,0,4
BBB,2013J,591608,1,South Region,Lower Than A Level,20-Oct,0-35,0,60,0,Fail,4,1,0,0,1,1,0,0,0,1,0,1,0,1,0,8
BBB,2013J,591721,1,South Region,A Level or Equivalent,20-30%,0-35,0,60,0,Withdrawn,15,1,1,0,0,0,1,0,1,0,0,1,1,1,1,10
BBB,2013J,591785,0,Wales,Lower Than A Level,20-30%,0-35,0,120,0,Fail,15,0,0,1,0,0,0,1,1,1,0,0,1,0,0,10
BBB,2013J,591787,1,London Region,Lower Than A Level,0-10%,35-55,0,60,0,Pass,3,1,1,1,1,1,0,0,0,0,0,0,0,1,0,8
BBB,2013J,591820,1,London Region,A Level or Equivalent,20-Oct,35-55,0,120,0,Pass,8,1,0,1,1,0,1,0,0,0,0,1,0,1,1,3
BBB,2013J,591895,1,Wales,Lower Than A Level,0-10%,0-35,0,120,1,Withdrawn,4,0,1,1,1,1,0,0,0,0,0,1,0,1,0,8
BBB,2013J,591912,1,North Western Region,A Level or Equivalent,0-10%,35-55,0,60,0,Withdrawn,13,0,1,1,1,1,0,0,1,0,1,1,0,1,0,5
BBB,2013J,591937,1,East Midlands Region,Lower Than A Level,20-30%,0-35,0,60,0,Withdrawn,11,1,0,1,0,1,1,0,1,1,0,1,1,0,0,6
BBB,2013J,591978,0,East Anglian Region,Lower Than A Level,60-70%,0-35,0,60,0,Fail,4,0,0,0,1,1,1,1,1,1,1,0,0,0,1,8
BBB,2013J,591986,0,West Midlands Region,Lower Than A Level,0-10%,0-35,0,60,0,Withdrawn,2,1,0,0,1,1,1,1,0,0,1,1,1,0,0,2
BBB,2013J,592081,1,Wales,Lower Than A Level,0-10%,0-35,0,60,0,Fail,11,0,0,0,0,0,1,1,1,0,0,1,1,0,1,6
BBB,2013J,592147,1,Scotland,HE Qualification,60-70%,35-55,0,60,0,Pass,14,1,1,1,0,0,1,0,0,0,1,1,1,1,0,5
BBB,2013J,592205,1,West Midlands Region,Lower Than A Level,0-10%,0-35,0,60,0,Pass,8,1,1,0,1,1,0,1,1,0,1,1,1,1,0,3
BBB,2013J,592256,1,East Anglian Region,Lower Than A Level,80-90%,0-35,0,60,0,Fail,9,1,0,1,0,1,0,1,1,1,0,1,0,0,1,4
BBB,2013J,592290,1,Ireland,Lower Than A Level,90-100%,0-35,0,60,0,Pass,11,0,0,0,1,0,0,1,1,0,0,1,0,1,1,6
BBB,2013J,592317,1,East Midlands Region,Lower Than A Level,40-50%,35-55,0,180,0,Pass,16,1,0,1,0,0,0,0,0,0,0,1,1,1,0,10
BBB,2013J,592322,1,Wales,Lower Than A Level,20-30%,35-55,0,120,0,Pass,4,0,1,1,0,1,1,0,0,1,1,1,1,0,0,8
BBB,2013J,592406,1,East Anglian Region,A Level or Equivalent,30-40%,35-55,0,120,0,Withdrawn,12,0,0,1,1,1,0,0,1,0,0,1,1,0,0,7
BBB,2013J,592441,1,North Western Region,A Level or Equivalent,0-10%,0-35,0,120,0,Pass,5,0,0,1,0,1,1,1,0,1,0,0,0,0,1,9
BBB,2013J,592471,0,Scotland,HE Qualification,60-70%,35-55,0,60,0,Distinction,2,0,1,1,1,0,0,1,0,0,1,0,1,0,1,2
BBB,2013J,592480,1,Scotland,HE Qualification,20-Oct,0-35,0,60,0,Pass,9,0,1,0,1,0,0,1,0,1,1,1,1,0,1,4
BBB,2013J,592496,1,South Region,A Level or Equivalent,60-70%,0-35,0,60,0,Pass,6,0,0,1,1,0,1,1,1,1,0,1,0,0,0,9
BBB,2013J,592618,1,North Western Region,A Level or Equivalent,20-30%,35-55,0,60,0,Pass,12,0,1,1,0,1,1,1,0,0,1,1,0,0,0,7
BBB,2013J,592624,1,East Anglian Region,Lower Than A Level,20-30%,0-35,0,120,1,Pass,4,0,0,0,1,0,0,1,0,1,1,0,1,0,0,8
BBB,2013J,592669,1,London Region,Lower Than A Level,20-Oct,0-35,0,60,0,Withdrawn,15,1,1,1,1,1,1,0,0,0,1,1,0,1,1,10
BBB,2013J,592683,1,North Western Region,Lower Than A Level,40-50%,0-35,0,60,0,Withdrawn,8,1,1,0,1,1,1,1,0,0,0,0,0,0,1,3
BBB,2013J,592756,1,South West Region,A Level or Equivalent,0-10%,0-35,0,120,0,Withdrawn,3,1,0,0,1,1,1,1,0,1,0,1,1,0,0,8
BBB,2013J,592772,1,West Midlands Region,Lower Than A Level,0-10%,0-35,0,60,0,Pass,16,1,1,0,1,1,1,1,0,1,1,0,1,0,1,10
BBB,2013J,592815,1,West Midlands Region,No Formal quals,0-10%,0-35,0,60,0,Withdrawn,15,1,0,1,1,0,0,1,0,0,1,0,1,1,1,10
BBB,2013J,592854,1,South West Region,A Level or Equivalent,70-80%,0-35,0,120,0,Pass,12,1,1,1,1,1,0,0,1,0,1,1,0,1,0,7
BBB,2013J,592889,1,East Anglian Region,No Formal quals,60-70%,0-35,0,60,0,Withdrawn,11,0,0,1,0,1,0,0,1,1,1,1,0,1,1,6
BBB,2013J,592900,0,Wales,HE Qualification,60-70%,0-35,0,60,0,Pass,16,0,0,1,1,1,1,0,1,1,0,1,1,0,0,10
BBB,2013J,592949,1,West Midlands Region,Lower Than A Level,40-50%,35-55,0,60,0,Withdrawn,11,0,1,1,0,0,1,1,0,1,0,0,1,1,0,6
BBB,2013J,592972,1,South East Region,Lower Than A Level,50-60%,0-35,0,120,0,Withdrawn,7,1,0,0,0,0,1,1,0,0,0,0,0,1,0,3
BBB,2013J,593023,1,South Region,HE Qualification,60-70%,35-55,0,60,0,Pass,3,0,0,1,0,0,0,0,1,1,0,0,1,1,1,8
BBB,2013J,593081,1,South East Region,A Level or Equivalent,20-Oct,0-35,0,120,0,Pass,16,1,1,0,1,1,0,1,1,0,1,1,1,1,0,10
BBB,2013J,593189,1,South Region,Lower Than A Level,70-80%,0-35,0,90,1,Fail,2,0,0,0,0,0,1,0,0,1,0,1,0,0,0,2
BBB,2013J,593266,1,South Region,Lower Than A Level,90-100%,0-35,0,60,0,Withdrawn,16,1,1,1,0,0,0,0,0,1,1,1,0,0,0,10
BBB,2013J,593281,0,Wales,A Level or Equivalent,50-60%,0-35,0,60,0,Withdrawn,15,1,1,1,1,0,0,0,0,0,0,1,0,0,0,10
BBB,2013J,593299,0,Wales,Lower Than A Level,20-30%,35-55,0,60,0,Fail,16,0,1,0,1,1,1,0,1,1,1,1,0,1,0,10
BBB,2013J,593385,1,Wales,HE Qualification,80-90%,0-35,0,120,0,Pass,13,0,0,0,1,0,0,1,1,1,1,0,1,1,0,5
BBB,2013J,593421,1,Ireland,A Level or Equivalent,20-Oct,0-35,0,60,0,Pass,10,0,0,0,1,1,1,0,0,1,0,0,1,1,0,1
BBB,2013J,593427,1,Ireland,Lower Than A Level,70-80%,35-55,0,75,0,Pass,13,0,0,0,0,1,1,0,1,0,1,1,0,1,1,5
BBB,2013J,593440,1,Ireland,Lower Than A Level,40-50%,0-35,0,60,0,Withdrawn,16,1,0,1,1,0,1,0,1,0,0,1,0,0,0,10
BBB,2013J,593441,1,Ireland,Lower Than A Level,50-60%,0-35,0,60,0,Withdrawn,7,1,0,0,0,1,0,0,1,0,0,1,0,1,1,3
BBB,2013J,593443,1,Scotland,Lower Than A Level,20-Oct,0-35,0,60,0,Withdrawn,14,1,1,1,1,1,0,1,1,0,0,0,1,1,0,5
BBB,2013J,593444,1,Ireland,Lower Than A Level,30-40%,0-35,0,60,0,Pass,2,0,1,0,0,0,1,1,0,0,0,1,0,0,1,2
BBB,2013J,593510,1,Yorkshire Region,Lower Than A Level,60-70%,0-35,0,60,0,Pass,8,0,1,1,0,0,1,0,1,0,1,0,0,1,0,3
BBB,2013J,593513,0,North Western Region,A Level or Equivalent,40-50%,0-35,0,60,0,Pass,7,0,0,1,0,1,1,0,1,1,0,0,1,0,0,3
BBB,2013J,593514,0,South East Region,A Level or Equivalent,40-50%,0-35,0,60,0,Fail,8,0,0,1,1,1,0,0,1,1,1,1,1,1,0,3
BBB,2013J,593571,0,Yorkshire Region,A Level or Equivalent,60-70%,0-35,0,60,0,Withdrawn,8,0,0,1,1,1,0,0,1,1,0,1,0,0,1,3
BBB,2013J,593593,1,South East Region,A Level or Equivalent,80-90%,0-35,0,60,0,Pass,12,1,0,0,1,0,1,1,0,0,0,0,1,0,0,7
BBB,2013J,593613,1,Yorkshire Region,A Level or Equivalent,50-60%,0-35,0,120,0,Fail,1,1,0,0,1,0,0,0,1,0,1,0,1,0,0,2
BBB,2013J,593631,1,East Anglian Region,A Level or Equivalent,30-40%,0-35,0,60,0,Pass,16,0,0,0,0,0,0,0,0,1,1,0,1,1,1,10
BBB,2013J,593685,1,Ireland,A Level or Equivalent,60-70%,35-55,0,60,0,Pass,8,1,0,1,0,0,1,0,0,1,1,1,1,1,1,3
BBB,2013J,593692,1,Ireland,Lower Than A Level,40-50%,0-35,0,60,0,Pass,5,0,1,0,0,0,0,1,1,1,0,0,0,1,0,9
BBB,2013J,593694,1,Ireland,Lower Than A Level,50-60%,35-55,0,60,0,Pass,1,0,1,0,1,1,1,1,0,1,0,1,1,1,0,2
BBB,2013J,593695,1,Ireland,Lower Than A Level,60-70%,35-55,0,75,0,Pass,4,1,0,1,0,0,0,1,0,1,0,1,0,0,1,8
BBB,2013J,593706,1,Ireland,Lower Than A Level,20-Oct,0-35,0,60,0,Fail,7,0,1,1,1,0,0,0,0,0,1,1,0,0,1,3
BBB,2013J,593707,1,Ireland,A Level or Equivalent,40-50%,35-55,0,60,0,Withdrawn,7,1,1,1,1,1,0,1,1,1,0,0,0,1,0,3
BBB,2013J,593709,1,Ireland,Lower Than A Level,20-Oct,35-55,0,60,0,Fail,12,1,1,0,0,0,0,0,1,0,1,0,0,0,1,7
BBB,2013J,593711,1,Ireland,Lower Than A Level,50-60%,35-55,0,60,0,Pass,12,0,1,0,0,1,1,0,0,1,1,0,0,1,0,7
BBB,2013J,593712,1,Ireland,Lower Than A Level,30-40%,0-35,0,60,0,Pass,6,1,0,1,1,1,0,0,1,0,1,1,1,0,0,9
BBB,2013J,593715,1,Ireland,Lower Than A Level,50-60%,35-55,0,60,0,Pass,1,0,1,1,0,1,0,1,1,0,0,0,0,0,1,2
BBB,2013J,593727,1,Ireland,Lower Than A Level,60-70%,35-55,0,75,0,Pass,6,1,1,1,0,0,1,0,1,1,0,0,1,0,0,9
BBB,2013J,593743,1,East Anglian Region,A Level or Equivalent,20-Oct,0-35,0,60,0,Pass,13,0,0,1,0,1,0,0,0,0,0,0,1,1,1,5
BBB,2013J,593798,1,Wales,Lower Than A Level,60-70%,0-35,0,60,0,Pass,9,0,0,0,0,1,0,0,1,0,0,1,1,0,0,4
BBB,2013J,593871,1,East Midlands Region,A Level or Equivalent,20-Oct,0-35,0,90,1,Pass,3,0,0,0,0,1,1,1,0,0,0,1,1,0,0,8
BBB,2013J,593875,1,Ireland,A Level or Equivalent,20-30%,0-35,0,60,0,Distinction,8,0,1,0,1,1,0,0,0,1,0,0,0,0,0,3
BBB,2013J,593898,1,South East Region,Lower Than A Level,20-30%,0-35,0,90,1,Pass,11,0,0,0,0,0,0,0,0,0,0,0,1,1,1,6
BBB,2013J,593900,1,Yorkshire Region,A Level or Equivalent,0-10%,0-35,0,60,0,Pass,12,1,0,1,0,0,1,0,0,1,0,1,0,0,1,7
BBB,2013J,593930,1,East Anglian Region,Lower Than A Level,80-90%,35-55,0,60,1,Withdrawn,15,0,1,1,0,0,1,0,0,0,1,1,0,0,1,10
BBB,2013J,594015,1,East Anglian Region,A Level or Equivalent,20-Oct,0-35,0,120,0,Pass,14,1,1,0,1,1,0,0,1,1,0,1,1,0,0,5
BBB,2013J,594038,1,East Anglian Region,A Level or Equivalent,20-Oct,35-55,0,60,0,Fail,1,0,1,1,0,0,0,1,0,1,0,1,1,0,1,2
BBB,2013J,594043,1,East Midlands Region,Lower Than A Level,30-40%,35-55,0,120,0,Withdrawn,15,0,1,1,0,0,1,0,0,0,0,1,0,0,1,10
BBB,2013J,594056,1,Scotland,A Level or Equivalent,20-30%,35-55,0,60,0,Pass,5,0,0,0,1,0,1,0,1,1,1,1,1,0,1,9
BBB,2013J,594057,0,East Midlands Region,HE Qualification,20-Oct,35-55,0,120,0,Withdrawn,7,1,1,1,1,1,1,0,0,0,0,1,1,1,0,3
BBB,2013J,594208,1,Scotland,HE Qualification,20-Oct,0-35,0,60,0,Withdrawn,13,1,1,0,1,0,0,1,0,1,1,0,1,0,1,5
BBB,2013J,594253,1,West Midlands Region,A Level or Equivalent,20-30%,0-35,0,60,0,Withdrawn,10,0,0,1,0,0,1,1,0,1,0,0,1,1,0,1
BBB,2013J,594456,1,North Western Region,Lower Than A Level,30-40%,0-35,0,60,0,Pass,10,1,1,0,1,1,1,1,1,1,1,0,0,1,0,1
BBB,2013J,594468,1,East Anglian Region,A Level or Equivalent,70-80%,35-55,0,60,1,Pass,3,1,1,1,0,1,0,1,0,0,0,0,1,0,1,8
BBB,2013J,594497,1,Wales,Lower Than A Level,0-10%,0-35,0,60,0,Fail,9,0,0,1,1,0,0,1,1,1,1,0,1,0,0,4
BBB,2013J,594529,1,Yorkshire Region,Lower Than A Level,30-40%,35-55,0,120,1,Distinction,2,0,0,0,0,1,1,0,0,0,0,1,1,1,0,2
BBB,2013J,594607,0,East Anglian Region,No Formal quals,20-30%,0-35,0,60,0,Fail,6,0,1,1,0,0,1,0,1,1,0,1,1,0,1,9
BBB,2013J,594677,1,South West Region,A Level or Equivalent,40-50%,0-35,0,60,0,Pass,12,0,1,1,1,0,1,0,1,1,1,0,0,1,1,7
BBB,2013J,594693,1,South West Region,Lower Than A Level,20-30%,35-55,0,120,0,Distinction,8,0,0,0,1,0,1,1,0,0,1,1,1,1,0,3
BBB,2013J,594697,1,West Midlands Region,A Level or Equivalent,80-90%,0-35,0,60,0,Fail,11,0,0,0,1,0,1,0,1,0,0,0,0,1,0,6
BBB,2013J,594762,1,London Region,A Level or Equivalent,20-30%,0-35,0,120,0,Pass,8,0,0,0,0,0,1,1,0,1,1,0,0,1,0,3
BBB,2013J,594774,1,South Region,A Level or Equivalent,20-30%,35-55,0,120,0,Withdrawn,2,0,0,1,1,1,1,1,1,1,1,0,0,0,1,2
BBB,2013J,594776,0,South Region,A Level or Equivalent,80-90%,0-35,0,60,0,Pass,8,1,1,0,0,1,0,0,1,1,1,1,0,0,0,3
BBB,2013J,594812,0,East Anglian Region,Lower Than A Level,40-50%,0-35,0,180,0,Withdrawn,4,1,1,0,1,1,1,1,0,1,0,1,0,0,0,8
BBB,2013J,594845,0,London Region,Lower Than A Level,20-Oct,35-55,0,60,0,Fail,16,0,0,1,0,0,0,0,1,0,0,1,0,1,1,10
BBB,2013J,594928,1,South West Region,A Level or Equivalent,20-30%,0-35,0,120,0,Pass,12,0,1,1,0,0,1,1,1,0,0,1,1,0,0,7
BBB,2013J,595010,1,London Region,Lower Than A Level,40-50%,0-35,0,120,0,Fail,12,1,0,0,1,1,1,0,0,0,0,0,1,1,1,7
BBB,2013J,595047,1,East Midlands Region,Lower Than A Level,80-90%,0-35,0,180,0,Withdrawn,1,0,1,0,0,0,1,1,0,0,0,0,1,1,1,2
BBB,2013J,595094,1,Wales,Lower Than A Level,0-10%,0-35,0,60,0,Fail,9,0,1,0,1,1,1,1,1,1,0,0,1,0,0,4
BBB,2013J,595095,1,South Region,Lower Than A Level,20-30%,0-35,0,60,0,Withdrawn,1,1,0,0,1,1,1,0,0,0,0,1,1,1,1,2
BBB,2013J,595103,1,Scotland,Lower Than A Level,20-Oct,35-55,0,60,0,Pass,15,1,0,1,0,0,1,0,0,1,0,1,1,0,0,10
BBB,2013J,595138,1,London Region,HE Qualification,30-40%,0-35,0,60,0,Pass,5,0,1,1,1,0,1,0,1,1,0,0,0,0,0,9
BBB,2013J,595232,1,South Region,A Level or Equivalent,90-100%,0-35,0,180,0,Withdrawn,6,1,0,0,1,1,1,1,0,0,1,1,0,0,1,9
BBB,2013J,595234,1,South West Region,A Level or Equivalent,70-80%,0-35,0,120,0,Withdrawn,8,1,0,1,0,1,1,1,0,0,1,1,0,0,0,3
BBB,2013J,595241,0,South West Region,Lower Than A Level,30-40%,0-35,0,60,0,Fail,6,1,1,0,0,1,1,0,1,1,0,1,0,1,1,9
BBB,2013J,595287,1,Scotland,HE Qualification,80-90%,35-55,0,120,0,Withdrawn,11,1,0,0,1,0,1,1,0,1,0,0,1,1,0,6
BBB,2013J,595295,1,South East Region,A Level or Equivalent,50-60%,0-35,0,60,0,Pass,1,0,0,1,0,1,1,0,1,0,0,1,1,0,0,2
BBB,2013J,595298,1,West Midlands Region,A Level or Equivalent,0-10%,0-35,0,60,0,Fail,4,0,1,0,1,0,1,1,0,0,0,0,0,1,0,8
BBB,2013J,595345,1,Scotland,HE Qualification,80-90%,35-55,0,60,0,Pass,7,1,1,0,0,0,1,0,1,1,0,1,0,0,0,3
BBB,2013J,595388,1,London Region,HE Qualification,20-30%,35-55,0,60,0,Withdrawn,4,0,1,1,0,1,1,0,1,0,1,0,0,0,1,8
BBB,2013J,595420,1,Wales,Lower Than A Level,30-40%,0-35,0,120,0,Withdrawn,2,1,0,0,0,1,1,1,1,1,1,0,0,0,0,2
BBB,2013J,595436,1,Wales,HE Qualification,20-Oct,0-35,0,90,0,Pass,13,0,1,0,1,1,1,1,1,1,0,1,0,1,0,5
BBB,2013J,595499,1,West Midlands Region,A Level or Equivalent,70-80%,0-35,0,60,1,Fail,1,0,1,1,1,1,1,1,0,1,0,0,0,1,1,2
BBB,2013J,595509,0,South Region,A Level or Equivalent,20-30%,0-35,0,120,0,Fail,9,1,0,1,1,0,0,0,1,0,1,0,1,1,1,4
BBB,2013J,595570,1,South East Region,A Level or Equivalent,70-80%,0-35,0,60,0,Fail,3,1,1,1,0,1,1,1,1,0,0,1,0,1,1,8
BBB,2013J,595594,1,South Region,Lower Than A Level,70-80%,0-35,0,60,0,Withdrawn,5,0,1,1,0,1,0,0,0,1,0,1,0,1,0,9
BBB,2013J,595672,1,South Region,Lower Than A Level,60-70%,0-35,0,120,1,Fail,1,0,1,1,0,1,0,1,0,0,0,1,1,1,1,2
BBB,2013J,595678,1,Wales,A Level or Equivalent,70-80%,0-35,0,60,0,Pass,13,1,0,0,0,0,0,1,0,0,1,0,0,1,1,5
BBB,2013J,595711,1,East Anglian Region,A Level or Equivalent,20-Oct,35-55,0,60,0,Fail,6,0,1,1,0,0,0,0,1,0,1,0,1,1,1,9
BBB,2013J,595791,0,East Anglian Region,A Level or Equivalent,90-100%,35-55,0,120,0,Withdrawn,15,1,1,1,1,0,0,1,0,1,1,0,1,1,0,10
BBB,2013J,595816,1,Wales,Lower Than A Level,20-Oct,35-55,0,120,0,Fail,7,0,0,1,0,1,1,0,1,0,1,1,0,0,0,3
BBB,2013J,595818,1,West Midlands Region,Lower Than A Level,20-Oct,35-55,0,120,0,Pass,6,1,1,0,1,1,1,0,0,0,1,0,0,0,1,9
BBB,2013J,595854,1,Scotland,Lower Than A Level,20-Oct,0-35,0,60,1,Pass,5,1,1,0,1,1,1,1,1,0,1,1,1,1,1,9
BBB,2013J,595874,1,West Midlands Region,A Level or Equivalent,90-100%,0-35,0,60,0,Pass,9,0,1,0,0,1,0,0,0,1,0,0,0,1,0,4
BBB,2013J,595877,1,South East Region,A Level or Equivalent,30-40%,0-35,0,120,0,Fail,10,0,1,1,0,1,0,1,1,1,0,0,0,1,0,1
BBB,2013J,595925,1,South West Region,A Level or Equivalent,80-90%,35-55,0,60,0,Pass,10,1,0,1,1,1,0,1,1,0,0,1,0,0,1,1
BBB,2013J,595959,0,Wales,Lower Than A Level,0-10%,35-55,0,60,0,Fail,4,1,1,1,0,1,1,0,0,1,0,0,0,0,1,8
BBB,2013J,596016,0,Yorkshire Region,Lower Than A Level,20-Oct,0-35,0,60,0,Fail,6,1,1,0,1,0,0,0,0,0,1,1,1,1,0,9
BBB,2013J,596017,1,Wales,A Level or Equivalent,20-30%,35-55,0,120,0,Pass,12,0,1,0,1,1,1,0,1,1,0,1,0,0,1,7
BBB,2013J,596041,1,West Midlands Region,A Level or Equivalent,20-Oct,0-35,0,120,0,Withdrawn,2,0,0,1,0,1,0,0,0,0,0,0,1,0,0,2
BBB,2013J,596095,1,Wales,A Level or Equivalent,70-80%,35-55,0,60,0,Withdrawn,7,1,1,0,1,0,1,1,1,0,1,0,0,1,0,3
BBB,2013J,596100,1,West Midlands Region,Lower Than A Level,0-10%,0-35,0,60,0,Withdrawn,7,0,0,1,1,0,1,1,0,1,1,1,0,0,1,3
BBB,2013J,596103,0,Wales,A Level or Equivalent,60-70%,35-55,0,60,0,Withdrawn,8,1,0,0,1,0,1,0,0,0,1,0,0,0,1,3
BBB,2013J,596107,1,Wales,Lower Than A Level,20-30%,0-35,0,60,0,Pass,6,0,0,1,1,1,0,1,1,0,0,0,0,1,0,9
BBB,2013J,596108,0,Wales,Lower Than A Level,30-40%,35-55,0,60,0,Pass,15,0,0,1,1,1,1,1,0,1,1,0,1,0,1,10
BBB,2013J,596112,1,Wales,A Level or Equivalent,50-60%,35-55,0,60,0,Withdrawn,6,1,1,1,0,0,0,0,0,0,0,0,0,1,0,9
BBB,2013J,596114,1,Wales,HE Qualification,40-50%,35-55,0,60,0,Pass,2,1,0,0,0,1,0,0,1,1,1,0,0,1,0,2
BBB,2013J,596144,1,East Anglian Region,A Level or Equivalent,40-50%,0-35,0,90,0,Pass,14,0,0,1,0,0,0,1,0,1,1,1,1,1,0,5
BBB,2013J,596241,0,Wales,A Level or Equivalent,0-10%,0-35,0,60,0,Withdrawn,11,0,0,1,1,0,0,1,0,0,1,1,1,0,1,6
BBB,2013J,596242,1,Wales,A Level or Equivalent,40-50%,35-55,0,60,0,Pass,14,1,1,1,1,1,0,1,1,1,1,0,1,1,0,5
BBB,2013J,596275,1,Wales,A Level or Equivalent,20-30%,0-35,0,60,0,Withdrawn,16,1,0,1,1,0,1,1,1,0,0,1,1,0,1,10
BBB,2013J,596305,1,East Anglian Region,Lower Than A Level,50-60%,35-55,0,60,0,Distinction,1,0,1,1,1,0,0,1,1,1,1,0,0,0,0,2
BBB,2013J,596360,0,London Region,HE Qualification,20-30%,0-35,0,60,0,Fail,7,0,1,1,1,1,1,1,0,1,0,1,0,0,0,3
BBB,2013J,596372,1,Wales,HE Qualification,70-80%,35-55,0,60,0,Pass,14,1,1,0,0,1,1,1,0,0,1,0,0,1,0,5
BBB,2013J,596390,1,Yorkshire Region,A Level or Equivalent,20-Oct,0-35,0,60,0,Pass,3,1,0,1,0,0,1,0,1,0,1,1,0,0,1,8
BBB,2013J,596417,1,West Midlands Region,A Level or Equivalent,0-10%,35-55,0,60,0,Pass,6,1,0,1,0,0,0,0,0,1,1,0,1,0,0,9
BBB,2013J,596451,1,East Anglian Region,A Level or Equivalent,90-100%,35-55,0,60,1,Pass,8,0,1,0,1,0,0,0,1,1,1,0,0,1,1,3
BBB,2013J,596535,1,West Midlands Region,HE Qualification,70-80%,0-35,0,60,0,Pass,13,0,0,1,1,0,1,0,0,0,1,0,0,1,0,5
BBB,2013J,596583,1,Scotland,A Level or Equivalent,60-70%,35-55,0,60,0,Fail,12,1,0,1,1,0,1,0,1,1,0,1,0,0,0,7
BBB,2013J,596596,1,Scotland,HE Qualification,80-90%,0-35,0,60,0,Fail,3,1,1,0,0,1,1,1,1,0,0,0,1,1,0,8
BBB,2013J,596641,1,London Region,Lower Than A Level,20-Oct,35-55,0,60,0,Withdrawn,6,0,1,1,0,0,1,0,1,1,1,1,0,1,1,9
BBB,2013J,596677,1,West Midlands Region,A Level or Equivalent,30-40%,0-35,0,60,0,Fail,14,0,1,0,1,1,0,0,1,0,1,1,0,0,0,5
BBB,2013J,596814,1,Yorkshire Region,A Level or Equivalent,20-Oct,0-35,0,60,0,Fail,3,0,1,1,1,0,0,1,1,0,0,1,0,1,0,8
BBB,2013J,596820,0,Yorkshire Region,A Level or Equivalent,0-10%,35-55,0,60,0,Fail,15,0,1,0,1,0,1,1,1,1,1,0,0,1,1,10
BBB,2013J,596847,1,East Anglian Region,A Level or Equivalent,40-50%,35-55,0,120,0,Distinction,5,1,1,0,1,1,0,1,1,0,0,0,1,0,1,9
BBB,2013J,596849,1,Scotland,HE Qualification,50-60%,0-35,0,60,0,Fail,8,1,0,1,1,1,1,0,1,1,1,1,1,1,0,3
BBB,2013J,596892,1,East Anglian Region,Lower Than A Level,20-Oct,35-55,0,120,0,Fail,11,1,1,1,0,0,1,0,1,1,1,1,0,0,1,6
BBB,2013J,596897,1,Wales,HE Qualification,50-60%,0-35,0,60,0,Pass,14,1,1,0,0,0,0,0,0,0,0,1,0,1,1,5
BBB,2013J,596961,1,East Midlands Region,Lower Than A Level,20-Oct,35-55,0,60,0,Fail,15,0,1,1,0,0,1,0,1,1,0,0,1,0,0,10
BBB,2013J,596964,1,North Western Region,A Level or Equivalent,20-Oct,0-35,0,60,1,Pass,8,0,1,0,1,0,0,0,0,0,0,0,0,0,1,3
BBB,2013J,596988,1,West Midlands Region,Lower Than A Level,20-30%,0-35,0,120,1,Withdrawn,1,0,0,1,0,0,1,0,0,0,0,1,0,1,0,2
BBB,2013J,597033,0,East Midlands Region,Lower Than A Level,20-30%,35-55,0,120,0,Fail,5,0,0,1,0,0,0,1,1,0,1,0,0,0,1,9
BBB,2013J,597050,0,East Midlands Region,Lower Than A Level,90-100%,0-35,0,60,0,Distinction,13,0,1,0,0,1,1,0,1,1,1,0,0,0,1,5
BBB,2013J,597078,0,North Western Region,A Level or Equivalent,20-Oct,35-55,0,60,0,Fail,5,1,0,0,1,1,1,1,0,1,1,1,0,1,0,9
BBB,2013J,597102,1,West Midlands Region,A Level or Equivalent,30-40%,0-35,0,60,0,Distinction,10,1,0,0,0,0,0,0,1,1,0,0,1,0,0,1
BBB,2013J,597109,1,North Region,A Level or Equivalent,,0-35,0,120,0,Withdrawn,13,0,0,0,1,0,1,0,0,0,1,0,1,0,0,5
BBB,2013J,597142,1,North Region,A Level or Equivalent,60-70%,35-55,0,60,0,Fail,5,1,0,1,0,0,0,0,0,1,0,1,1,1,0,9
BBB,2013J,597255,1,East Midlands Region,A Level or Equivalent,20-30%,0-35,0,60,1,Withdrawn,14,0,1,1,1,1,0,0,1,0,0,1,0,1,0,5
BBB,2013J,597286,1,Wales,A Level or Equivalent,0-10%,0-35,0,60,0,Distinction,11,0,1,1,0,1,1,0,0,1,0,1,0,1,1,6
BBB,2013J,597301,1,South West Region,Lower Than A Level,80-90%,0-35,0,120,0,Pass,8,1,0,1,0,1,0,1,1,1,0,1,0,0,1,3
BBB,2013J,597321,1,North Western Region,Lower Than A Level,0-10%,0-35,0,120,0,Withdrawn,4,1,0,0,1,0,1,0,0,0,0,0,0,0,1,8
BBB,2013J,597451,1,South East Region,A Level or Equivalent,40-50%,0-35,0,120,1,Withdrawn,7,0,1,0,0,0,1,0,1,1,0,1,1,0,0,3
BBB,2013J,597532,1,South West Region,Lower Than A Level,60-70%,0-35,0,120,0,Withdrawn,14,0,0,1,1,0,1,1,0,1,0,1,0,1,0,5
BBB,2013J,597582,1,South West Region,Lower Than A Level,40-50%,35-55,0,60,0,Fail,7,0,0,1,1,1,0,0,1,0,0,0,0,0,0,3
BBB,2013J,597689,1,West Midlands Region,Lower Than A Level,80-90%,0-35,0,60,1,Fail,2,1,0,0,0,0,0,0,1,1,1,1,1,1,0,2
BBB,2013J,597742,1,West Midlands Region,Lower Than A Level,50-60%,0-35,0,60,0,Pass,5,0,0,0,0,1,1,1,0,0,1,1,0,1,0,9
BBB,2013J,597790,1,Yorkshire Region,HE Qualification,50-60%,35-55,0,120,0,Pass,4,1,0,1,0,1,0,1,1,1,0,0,1,0,0,8
BBB,2013J,597866,1,North Region,Lower Than A Level,20-Oct,0-35,0,120,0,Fail,2,0,1,0,1,0,1,0,0,1,0,0,0,1,1,2
BBB,2013J,597878,1,Scotland,A Level or Equivalent,90-100%,0-35,0,60,0,Pass,15,1,0,1,1,1,0,1,1,1,0,0,1,1,0,10
BBB,2013J,597886,1,South Region,Lower Than A Level,90-100%,0-35,0,120,0,Distinction,12,0,0,0,1,1,0,1,0,1,1,0,1,0,0,7
BBB,2013J,597894,1,London Region,A Level or Equivalent,20-Oct,0-35,0,120,0,Pass,15,1,0,1,1,0,1,1,0,1,1,1,1,1,0,10
BBB,2013J,598000,1,North Western Region,A Level or Equivalent,80-90%,0-35,0,60,0,Pass,12,0,0,1,1,1,0,1,0,1,0,1,1,1,1,7
BBB,2013J,598199,1,East Anglian Region,A Level or Equivalent,0-10%,0-35,0,120,0,Withdrawn,8,1,1,1,1,0,1,1,0,1,0,0,1,0,0,3
BBB,2013J,598202,1,Wales,Lower Than A Level,20-30%,35-55,0,60,1,Fail,7,0,0,1,1,0,0,0,0,0,0,0,1,1,1,3
BBB,2013J,598230,1,Ireland,A Level or Equivalent,20-30%,35-55,0,60,0,Pass,5,1,0,1,0,1,0,0,0,0,1,1,0,0,1,9
BBB,2013J,598243,1,East Midlands Region,A Level or Equivalent,60-70%,0-35,0,60,0,Pass,3,1,0,0,1,0,1,0,0,1,0,0,0,0,0,8
BBB,2013J,598252,1,Ireland,Lower Than A Level,0-10%,0-35,0,120,0,Pass,10,1,0,0,1,0,0,1,0,1,0,1,1,0,1,1
BBB,2013J,598253,1,Wales,A Level or Equivalent,30-40%,0-35,0,60,0,Pass,5,1,1,1,1,1,0,1,0,1,1,1,1,1,0,9
BBB,2013J,598260,1,Ireland,A Level or Equivalent,20-30%,0-35,0,120,0,Withdrawn,12,0,0,1,1,0,0,1,0,0,0,0,1,1,0,7
BBB,2013J,598315,1,West Midlands Region,Lower Than A Level,0-10%,35-55,0,60,1,Fail,1,1,0,1,0,0,1,1,0,1,0,0,1,1,1,2
BBB,2013J,598351,1,East Anglian Region,Lower Than A Level,50-60%,0-35,0,120,0,Pass,12,1,0,0,1,1,1,0,1,1,0,0,0,0,0,7
BBB,2013J,598394,1,West Midlands Region,Lower Than A Level,20-Oct,0-35,0,60,0,Withdrawn,14,1,1,0,1,1,0,0,0,0,0,1,0,0,0,5
BBB,2013J,598462,1,South West Region,A Level or Equivalent,60-70%,35-55,0,120,0,Pass,13,0,1,1,0,0,0,0,0,0,0,0,1,0,1,5
BBB,2013J,598503,1,Scotland,Lower Than A Level,40-50%,35-55,0,60,0,Withdrawn,9,1,1,0,0,0,1,0,1,1,0,1,1,0,0,4
BBB,2013J,598538,1,Yorkshire Region,Lower Than A Level,30-40%,0-35,0,60,0,Fail,4,1,0,0,0,1,1,0,0,0,0,0,1,1,1,8
BBB,2013J,598562,0,East Anglian Region,Lower Than A Level,0-10%,0-35,0,60,0,Fail,14,0,0,0,0,0,1,1,0,1,0,0,1,0,0,5
BBB,2013J,598596,1,North Western Region,Lower Than A Level,0-10%,0-35,0,90,0,Withdrawn,2,1,0,0,1,1,1,1,0,1,1,0,1,0,0,2
BBB,2013J,598623,1,South East Region,Lower Than A Level,70-80%,0-35,0,60,0,Pass,3,0,0,1,1,1,0,1,0,1,1,0,1,1,1,8
BBB,2013J,598709,1,Yorkshire Region,A Level or Equivalent,20-30%,0-35,0,60,0,Pass,1,0,1,1,0,1,0,1,1,1,1,0,1,0,0,2
BBB,2013J,598760,1,Wales,A Level or Equivalent,50-60%,0-35,0,90,0,Pass,14,0,1,0,1,1,1,1,0,0,1,1,1,1,0,5
BBB,2013J,598865,1,South Region,Lower Than A Level,50-60%,0-35,0,60,0,Pass,3,0,1,0,0,1,0,0,0,1,1,0,1,1,1,8
BBB,2013J,598883,1,East Anglian Region,A Level or Equivalent,40-50%,0-35,0,120,0,Distinction,8,0,1,1,0,0,0,0,1,0,0,1,0,1,0,3
BBB,2013J,598901,1,South East Region,A Level or Equivalent,30-40%,35-55,0,120,1,Withdrawn,13,0,0,0,1,0,1,1,0,0,1,0,0,1,0,5
BBB,2013J,598907,1,East Midlands Region,A Level or Equivalent,40-50%,0-35,0,60,0,Pass,3,0,1,1,0,0,0,0,1,0,0,1,1,1,0,8
BBB,2013J,598914,1,South West Region,A Level or Equivalent,70-80%,0-35,0,120,0,Pass,11,1,1,0,1,1,1,1,0,1,1,1,1,1,0,6
BBB,2013J,598969,1,North Region,HE Qualification,80-90%,35-55,0,120,0,Pass,9,1,1,0,1,0,1,0,1,0,1,0,1,1,0,4
BBB,2013J,598986,1,London Region,Lower Than A Level,0-10%,35-55,0,60,0,Fail,7,0,0,0,1,1,0,0,0,1,1,0,0,1,0,3
BBB,2013J,599016,1,London Region,A Level or Equivalent,20-30%,0-35,0,60,1,Pass,2,0,1,0,0,0,0,0,1,0,1,1,0,0,1,2
BBB,2013J,599037,1,South East Region,Lower Than A Level,40-50%,35-55,0,60,1,Pass,2,0,1,0,0,0,0,0,0,0,0,1,0,1,1,2
BBB,2013J,599161,1,Scotland,Lower Than A Level,70-80%,35-55,0,120,0,Withdrawn,15,0,0,1,0,0,1,0,0,1,0,1,1,0,0,10
BBB,2013J,599230,1,South West Region,HE Qualification,60-70%,35-55,0,60,0,Distinction,13,1,1,0,1,0,0,0,0,0,0,0,1,1,1,5
BBB,2013J,599292,1,East Midlands Region,A Level or Equivalent,30-40%,0-35,0,60,0,Pass,2,1,1,0,1,0,1,1,1,0,0,1,1,0,0,2
BBB,2013J,599402,1,North Region,A Level or Equivalent,70-80%,0-35,0,60,0,Pass,5,1,1,0,1,0,1,0,1,1,1,1,1,1,0,9
BBB,2013J,599423,1,London Region,Lower Than A Level,20-Oct,0-35,0,120,1,Withdrawn,10,1,1,1,0,1,1,1,0,0,0,1,0,1,1,1
BBB,2013J,599427,1,London Region,Lower Than A Level,20-Oct,0-35,0,60,0,Fail,10,0,1,1,0,0,1,1,0,1,0,1,0,0,1,1
BBB,2013J,599432,1,East Anglian Region,A Level or Equivalent,0-10%,0-35,0,120,0,Withdrawn,5,0,0,1,1,0,1,1,0,0,0,1,0,1,0,9
BBB,2013J,599434,0,East Midlands Region,A Level or Equivalent,80-90%,0-35,0,60,0,Fail,14,0,0,1,1,0,0,1,0,1,1,1,0,1,0,5
BBB,2013J,599456,0,North Western Region,Lower Than A Level,0-10%,0-35,0,60,0,Withdrawn,8,0,0,0,0,0,1,0,0,1,1,1,0,0,0,3
BBB,2013J,599475,1,Wales,HE Qualification,80-90%,0-35,0,60,0,Withdrawn,6,0,0,1,1,1,0,0,0,0,0,1,1,0,1,9
BBB,2013J,599606,1,East Anglian Region,A Level or Equivalent,60-70%,0-35,0,60,0,Withdrawn,1,1,0,1,1,1,0,0,1,0,1,1,1,1,0,2
BBB,2013J,599639,1,West Midlands Region,A Level or Equivalent,80-90%,35-55,0,120,0,Withdrawn,7,0,0,0,1,1,0,0,0,1,1,1,0,0,1,3
BBB,2013J,599640,1,South Region,Lower Than A Level,40-50%,35-55,0,120,0,Fail,5,0,1,0,1,1,0,0,0,1,1,0,1,0,1,9
BBB,2013J,599644,1,Wales,Lower Than A Level,20-Oct,35-55,0,120,1,Fail,8,0,1,1,0,1,1,0,1,1,1,1,1,1,0,3
BBB,2013J,599709,1,Wales,A Level or Equivalent,50-60%,0-35,0,120,0,Fail,6,0,0,1,0,1,0,0,0,1,1,1,1,1,0,9
BBB,2013J,599739,1,Yorkshire Region,Lower Than A Level,30-40%,35-55,0,60,0,Pass,11,0,0,0,1,1,0,0,0,0,0,1,0,1,0,6
BBB,2013J,599748,1,South East Region,A Level or Equivalent,90-100%,0-35,0,60,0,Pass,11,0,0,1,0,1,0,1,0,1,1,0,1,0,0,6
BBB,2013J,599785,1,Scotland,HE Qualification,50-60%,35-55,0,60,0,Pass,7,0,0,0,1,0,1,0,0,0,1,0,1,1,1,3
BBB,2013J,599787,0,Scotland,A Level or Equivalent,50-60%,35-55,0,60,0,Pass,7,1,1,0,1,1,0,1,0,0,0,0,0,1,1,3
BBB,2013J,599794,1,Scotland,A Level or Equivalent,50-60%,35-55,0,60,0,Pass,1,0,1,0,0,0,1,1,0,0,0,0,1,0,1,2
BBB,2013J,599802,1,Scotland,Lower Than A Level,60-70%,35-55,0,60,0,Fail,8,1,1,0,1,1,0,0,0,1,0,1,1,1,1,3
BBB,2013J,599836,1,Yorkshire Region,A Level or Equivalent,0-10%,0-35,0,60,0,Pass,16,0,0,0,1,0,1,1,0,0,1,1,1,1,1,10
BBB,2013J,599840,1,Yorkshire Region,A Level or Equivalent,40-50%,0-35,0,60,0,Fail,12,1,0,0,1,0,1,1,0,0,1,1,1,0,1,7
BBB,2013J,599895,1,East Midlands Region,HE Qualification,30-40%,0-35,0,60,0,Pass,8,1,1,1,0,1,1,1,1,0,1,1,1,0,1,3
BBB,2013J,599908,1,East Anglian Region,Lower Than A Level,90-100%,35-55,0,120,0,Pass,7,0,0,1,1,0,1,1,1,0,0,0,1,0,0,3
BBB,2013J,599960,1,Wales,Lower Than A Level,0-10%,0-35,0,60,0,Withdrawn,8,1,0,0,1,1,1,1,0,1,0,1,1,1,1,3
BBB,2013J,600006,1,East Anglian Region,Lower Than A Level,40-50%,0-35,0,60,0,Withdrawn,13,1,1,1,0,0,1,0,0,0,1,1,0,0,1,5
BBB,2013J,600121,1,London Region,A Level or Equivalent,40-50%,0-35,0,120,1,Pass,7,0,0,0,1,0,0,1,0,1,0,1,1,1,0,3
BBB,2013J,600211,1,Yorkshire Region,Lower Than A Level,20-Oct,0-35,0,120,0,Fail,15,0,1,1,1,1,0,0,0,1,0,1,1,1,0,10
BBB,2013J,600218,1,London Region,HE Qualification,0-10%,0-35,0,60,0,Withdrawn,5,1,1,1,0,0,1,0,1,1,1,1,0,1,1,9
BBB,2013J,600254,1,West Midlands Region,Lower Than A Level,50-60%,0-35,0,120,0,Withdrawn,1,1,0,0,1,1,1,1,1,1,0,1,0,1,0,2
BBB,2013J,600263,1,Ireland,A Level or Equivalent,20-30%,0-35,0,60,0,Fail,3,1,1,1,0,1,1,0,0,1,1,0,0,0,1,8
BBB,2013J,600279,1,East Anglian Region,Lower Than A Level,50-60%,0-35,0,120,0,Pass,15,0,1,1,0,0,0,0,0,1,1,0,1,0,1,10
BBB,2013J,600370,1,South West Region,HE Qualification,70-80%,0-35,0,120,0,Pass,11,1,1,0,0,1,1,0,0,1,0,0,1,0,1,6
BBB,2013J,600407,1,North Western Region,Lower Than A Level,40-50%,0-35,0,180,0,Withdrawn,16,1,0,0,0,0,1,0,0,1,1,1,0,0,1,10
BBB,2013J,600428,1,South East Region,A Level or Equivalent,70-80%,35-55,0,120,0,Withdrawn,6,1,0,0,1,1,0,1,0,1,0,1,1,0,1,9
BBB,2013J,600449,1,South East Region,A Level or Equivalent,30-40%,0-35,0,60,0,Withdrawn,12,0,1,1,0,1,0,0,0,1,1,1,1,0,1,7
BBB,2013J,600470,1,Wales,HE Qualification,20-Oct,0-35,0,120,0,Fail,5,0,0,0,0,1,0,0,1,0,0,1,1,1,1,9
BBB,2013J,600476,1,Wales,Lower Than A Level,70-80%,0-35,0,120,1,Fail,15,0,1,1,0,1,0,0,1,1,0,0,1,1,1,10
BBB,2013J,600490,1,South East Region,A Level or Equivalent,90-100%,35-55,0,60,0,Distinction,6,0,1,0,1,0,0,1,0,1,1,0,0,0,0,9
BBB,2013J,600541,1,Scotland,Lower Than A Level,30-40%,35-55,0,60,1,Withdrawn,16,0,0,0,1,1,1,0,0,0,1,0,0,0,1,10
BBB,2013J,600579,1,South East Region,Lower Than A Level,20-30%,0-35,0,60,0,Withdrawn,11,1,0,1,0,1,0,1,0,1,1,1,0,1,0,6
BBB,2013J,600681,1,East Anglian Region,A Level or Equivalent,40-50%,0-35,0,60,0,Withdrawn,3,0,0,0,0,1,0,1,1,1,1,1,1,0,1,8
BBB,2013J,600684,1,South West Region,A Level or Equivalent,30-40%,35-55,0,60,0,Distinction,7,0,0,0,1,1,1,1,1,1,0,1,0,0,1,3
BBB,2013J,600740,1,South West Region,A Level or Equivalent,60-70%,0-35,0,60,0,Pass,5,1,1,1,0,1,0,1,1,1,0,0,0,0,1,9
BBB,2013J,600749,0,Yorkshire Region,Lower Than A Level,20-Oct,0-35,0,120,0,Fail,1,1,0,0,1,1,0,0,1,1,0,1,1,0,1,2
BBB,2013J,600770,1,East Midlands Region,Lower Than A Level,80-90%,35-55,0,60,0,Fail,15,0,1,1,1,1,0,0,1,0,0,0,1,0,0,10
BBB,2013J,600771,0,South East Region,Lower Than A Level,20-Oct,35-55,0,60,0,Pass,10,1,1,1,1,1,1,1,1,1,1,0,0,1,1,1
BBB,2013J,600833,1,Wales,Lower Than A Level,70-80%,0-35,0,120,0,Fail,8,1,1,1,1,0,0,0,1,1,1,0,0,0,1,3
BBB,2013J,600844,1,North Western Region,A Level or Equivalent,0-10%,0-35,0,60,0,Withdrawn,1,1,0,1,1,1,0,1,1,0,1,1,1,0,1,2
BBB,2013J,600845,0,Wales,Lower Than A Level,20-30%,35-55,0,60,0,Fail,13,0,0,0,1,0,0,0,1,0,1,0,0,1,1,5
BBB,2013J,600856,1,East Midlands Region,A Level or Equivalent,20-30%,0-35,0,60,1,Distinction,11,1,1,1,1,0,0,1,0,0,0,1,0,0,0,6
BBB,2013J,600966,1,South West Region,A Level or Equivalent,60-70%,0-35,0,60,0,Pass,6,1,1,0,1,0,0,0,0,0,0,0,0,0,0,9
BBB,2013J,600967,1,London Region,A Level or Equivalent,20-30%,35-55,0,120,0,Fail,9,0,0,0,1,1,1,0,0,0,1,1,0,1,0,4
BBB,2013J,600999,1,North Western Region,Lower Than A Level,20-30%,0-35,0,60,0,Fail,14,1,0,1,1,0,0,0,1,0,1,0,1,0,0,5
BBB,2013J,601243,1,South West Region,HE Qualification,30-40%,35-55,0,120,0,Distinction,3,0,0,0,1,0,0,1,1,1,0,1,0,1,0,8
BBB,2013J,601251,1,West Midlands Region,A Level or Equivalent,70-80%,0-35,0,60,0,Pass,12,0,0,0,0,0,0,0,1,1,1,0,1,1,1,7
BBB,2013J,601269,1,Wales,Lower Than A Level,20-30%,0-35,0,60,0,Pass,6,0,0,1,1,0,1,1,0,0,1,1,0,1,1,9
BBB,2013J,601346,1,East Midlands Region,A Level or Equivalent,20-30%,35-55,0,60,1,Distinction,12,1,1,1,1,1,0,1,0,1,1,0,0,0,1,7
BBB,2013J,601424,1,South Region,A Level or Equivalent,30-40%,0-35,0,90,0,Withdrawn,10,1,0,1,0,0,0,0,1,1,0,1,0,0,1,1
BBB,2013J,601455,1,Yorkshire Region,A Level or Equivalent,70-80%,0-35,0,60,0,Pass,5,1,1,0,1,0,1,0,1,1,0,0,1,0,1,9
BBB,2013J,601472,1,Ireland,Lower Than A Level,0-10%,35-55,0,60,0,Withdrawn,7,0,0,0,1,1,1,1,0,1,0,0,0,1,0,3
BBB,2013J,601491,1,London Region,HE Qualification,30-40%,0-35,0,120,0,Withdrawn,14,1,1,0,1,1,0,0,1,0,1,0,0,0,1,5
BBB,2013J,601497,1,Ireland,Lower Than A Level,20-Oct,35-55,0,60,0,Distinction,7,1,0,0,0,0,0,0,0,0,0,1,0,1,1,3
BBB,2013J,601499,1,Ireland,Lower Than A Level,20-30%,35-55,0,60,0,Pass,13,1,1,1,1,0,0,1,0,1,0,0,1,0,1,5
BBB,2013J,601504,1,Ireland,Lower Than A Level,50-60%,35-55,0,60,0,Pass,14,0,1,1,1,0,0,0,0,1,1,0,0,0,0,5
BBB,2013J,601505,1,Scotland,HE Qualification,70-80%,0-35,0,120,0,Fail,4,1,1,0,1,1,1,1,1,1,1,0,1,0,1,8
BBB,2013J,601551,1,London Region,Lower Than A Level,30-40%,0-35,0,60,1,Fail,9,1,1,1,1,1,1,1,1,1,1,0,0,1,0,4
BBB,2013J,601558,1,London Region,Lower Than A Level,0-10%,0-35,0,60,0,Fail,11,1,0,0,1,1,1,0,1,1,1,0,1,0,1,6
BBB,2013J,601635,0,South East Region,HE Qualification,70-80%,0-35,0,60,0,Pass,4,1,1,0,0,1,1,0,0,1,1,0,1,1,1,8
BBB,2013J,601655,0,Scotland,A Level or Equivalent,50-60%,35-55,0,60,0,Pass,6,0,0,0,1,0,1,0,0,1,1,0,0,0,1,9
BBB,2013J,601706,1,East Anglian Region,A Level or Equivalent,70-80%,0-35,0,60,1,Withdrawn,14,0,1,0,0,1,0,0,1,1,0,1,1,1,0,5
BBB,2013J,601885,1,West Midlands Region,A Level or Equivalent,0-10%,0-35,0,60,0,Pass,2,0,0,0,1,1,0,1,1,1,0,1,0,0,0,2
BBB,2013J,601887,1,South West Region,Lower Than A Level,30-40%,0-35,0,60,0,Pass,7,1,1,0,1,1,0,0,0,1,0,1,0,1,1,3
BBB,2013J,601896,1,Scotland,Lower Than A Level,20-30%,0-35,0,60,0,Fail,12,0,0,0,1,1,0,0,0,1,1,0,1,0,1,7
BBB,2013J,601934,1,North Western Region,Lower Than A Level,0-10%,35-55,0,180,0,Fail,3,0,1,1,0,1,0,0,1,0,1,1,1,1,1,8
BBB,2013J,601951,1,West Midlands Region,Lower Than A Level,20-Oct,0-35,0,60,0,Fail,7,0,0,1,1,1,0,1,1,0,1,0,1,0,1,3
BBB,2013J,602009,1,Wales,HE Qualification,50-60%,0-35,0,60,0,Pass,1,1,0,0,0,1,0,1,0,1,1,0,1,1,1,2
BBB,2013J,602011,1,Scotland,Lower Than A Level,30-40%,0-35,0,120,1,Withdrawn,6,1,0,1,0,0,0,1,0,0,0,0,0,1,1,9
BBB,2013J,602014,1,Wales,Lower Than A Level,20-Oct,0-35,0,60,0,Pass,3,1,0,1,0,0,1,1,0,0,1,0,0,0,1,8
BBB,2013J,602032,1,East Anglian Region,Lower Than A Level,60-70%,0-35,0,60,0,Fail,3,0,0,0,0,1,0,0,1,0,0,1,1,1,1,8
BBB,2013J,602066,0,North Western Region,A Level or Equivalent,50-60%,0-35,0,120,0,Pass,6,1,0,0,1,0,0,0,0,0,0,1,0,0,0,9
BBB,2013J,602147,1,Ireland,Lower Than A Level,0-10%,0-35,0,60,0,Pass,11,0,0,0,0,0,1,1,1,0,1,0,1,1,1,6
BBB,2013J,602245,1,Scotland,Lower Than A Level,20-Oct,35-55,0,60,0,Pass,5,1,1,0,1,0,0,0,0,1,1,0,0,0,0,9
BBB,2013J,602324,1,Scotland,HE Qualification,30-40%,0-35,0,60,0,Fail,9,1,0,1,1,0,1,0,0,0,0,0,0,1,0,4
BBB,2013J,602395,1,East Anglian Region,Lower Than A Level,90-100%,0-35,0,90,0,Pass,3,0,0,1,0,1,1,0,0,1,0,1,0,0,0,8
BBB,2013J,602458,1,Scotland,HE Qualification,20-30%,35-55,0,60,0,Pass,4,0,1,1,1,1,1,1,0,0,1,0,0,0,1,8
BBB,2013J,602483,1,East Anglian Region,Lower Than A Level,70-80%,0-35,0,60,0,Fail,1,1,0,1,0,0,1,0,0,1,1,1,0,1,1,2
BBB,2013J,602496,1,Yorkshire Region,HE Qualification,0-10%,0-35,0,60,0,Pass,1,1,1,0,1,0,0,0,0,0,1,1,1,0,1,2
BBB,2013J,602598,1,East Anglian Region,Lower Than A Level,50-60%,0-35,0,120,0,Fail,11,0,0,0,0,0,1,1,0,0,0,0,0,1,1,6
BBB,2013J,602631,1,Ireland,A Level or Equivalent,0-10%,35-55,0,60,0,Withdrawn,7,1,1,1,1,1,0,1,1,0,1,1,0,1,0,3
BBB,2013J,602634,1,Yorkshire Region,A Level or Equivalent,90-100%,0-35,0,120,0,Withdrawn,6,1,0,1,1,1,0,1,1,0,0,0,0,1,0,9
BBB,2013J,602652,1,East Anglian Region,Lower Than A Level,80-90%,0-35,0,60,0,Withdrawn,4,0,0,0,1,0,1,0,0,0,1,1,0,0,0,8
BBB,2013J,602666,1,South East Region,A Level or Equivalent,20-30%,0-35,0,120,1,Withdrawn,10,1,1,0,0,1,0,0,0,1,0,1,0,0,1,1
BBB,2013J,602739,1,North Western Region,Lower Than A Level,50-60%,0-35,0,60,0,Withdrawn,10,0,1,0,1,1,1,1,1,0,0,0,1,0,1,1
BBB,2013J,602767,1,North Western Region,Lower Than A Level,0-10%,0-35,0,60,0,Fail,9,1,1,1,1,0,1,1,0,1,1,1,1,0,1,4
BBB,2013J,602803,1,West Midlands Region,HE Qualification,40-50%,0-35,0,60,0,Withdrawn,5,0,1,0,1,1,0,1,0,1,1,0,1,0,0,9
BBB,2013J,602826,1,East Anglian Region,A Level or Equivalent,90-100%,0-35,0,240,0,Fail,5,0,1,0,0,1,0,0,0,1,1,1,0,0,1,9
BBB,2013J,602863,1,North Western Region,Lower Than A Level,20-Oct,0-35,0,60,0,Withdrawn,5,0,1,0,1,0,0,0,1,0,1,0,0,1,1,9
BBB,2013J,602971,1,East Midlands Region,A Level or Equivalent,0-10%,0-35,0,60,0,Withdrawn,10,1,0,1,1,1,0,1,0,0,0,1,1,1,1,1
BBB,2013J,603012,1,East Anglian Region,Lower Than A Level,20-30%,0-35,0,60,0,Pass,9,0,0,1,1,0,0,0,0,1,0,1,1,1,1,4
BBB,2013J,603035,1,Yorkshire Region,Lower Than A Level,50-60%,35-55,0,60,0,Pass,9,1,1,0,1,0,1,1,0,1,1,1,0,0,0,4
BBB,2013J,603036,1,Wales,HE Qualification,20-Oct,0-35,0,120,0,Pass,15,1,1,1,0,1,0,0,0,1,0,0,1,0,1,10
BBB,2013J,603038,1,Wales,HE Qualification,20-Oct,35-55,0,120,0,Pass,13,0,0,1,0,0,0,0,1,1,1,1,0,1,0,5
BBB,2013J,603052,1,East Midlands Region,Lower Than A Level,20-Oct,0-35,0,120,0,Withdrawn,12,0,1,0,0,1,1,1,0,0,0,1,1,0,0,7
BBB,2013J,603113,1,South East Region,A Level or Equivalent,20-Oct,0-35,0,120,1,Withdrawn,16,0,1,1,1,1,0,0,1,0,1,1,0,1,1,10
BBB,2013J,603123,1,South East Region,A Level or Equivalent,90-100%,0-35,0,60,0,Pass,11,0,1,1,0,1,0,1,1,0,1,0,0,0,1,6
BBB,2013J,603165,1,Wales,HE Qualification,40-50%,35-55,0,60,0,Distinction,11,0,1,1,0,1,0,1,0,1,1,1,0,0,1,6
BBB,2013J,603210,1,Scotland,A Level or Equivalent,0-10%,35-55,0,120,0,Pass,12,1,1,0,1,0,0,0,1,0,0,0,0,1,1,7
BBB,2013J,603265,1,Scotland,A Level or Equivalent,50-60%,0-35,0,60,0,Fail,11,0,1,0,0,1,1,0,0,0,1,0,0,0,0,6
BBB,2013J,603270,1,South West Region,A Level or Equivalent,20-Oct,0-35,0,60,0,Fail,1,0,0,0,1,0,1,0,0,0,0,0,1,0,0,2
BBB,2013J,603287,1,East Midlands Region,A Level or Equivalent,90-100%,0-35,0,60,0,Pass,14,1,0,0,0,0,0,0,1,1,0,1,1,0,0,5
BBB,2013J,603296,1,North Western Region,A Level or Equivalent,70-80%,0-35,0,60,0,Withdrawn,16,0,0,0,1,1,0,0,1,1,0,1,1,0,1,10
BBB,2013J,603398,1,Scotland,Lower Than A Level,40-50%,35-55,0,60,0,Pass,8,1,0,0,1,1,0,0,0,1,1,1,1,0,0,3
BBB,2013J,603440,1,South Region,A Level or Equivalent,90-100%,0-35,0,120,0,Pass,11,1,0,0,1,0,0,0,1,1,1,0,0,1,1,6
BBB,2013J,603446,1,East Anglian Region,A Level or Equivalent,60-70%,35-55,0,120,0,Pass,14,1,1,1,1,0,1,0,1,0,1,0,1,1,0,5
BBB,2013J,603471,1,South Region,A Level or Equivalent,40-50%,35-55,0,60,0,Withdrawn,15,1,1,1,1,0,0,1,1,1,0,0,1,0,1,10
BBB,2013J,603516,1,North Region,Lower Than A Level,0-10%,35-55,0,120,0,Withdrawn,14,1,1,0,1,0,0,1,0,0,1,1,0,1,1,5
BBB,2013J,603601,1,South West Region,Lower Than A Level,20-30%,35-55,0,60,0,Pass,1,0,1,0,0,1,0,1,0,0,1,0,1,1,0,2
BBB,2013J,603627,1,East Anglian Region,A Level or Equivalent,80-90%,0-35,0,120,0,Distinction,7,0,0,1,0,0,1,0,0,1,0,1,1,1,1,3
BBB,2013J,603661,1,South Region,HE Qualification,80-90%,35-55,0,60,0,Pass,7,0,0,0,0,1,0,0,1,0,0,0,0,1,0,3
BBB,2013J,603789,1,North Western Region,Lower Than A Level,20-Oct,0-35,0,60,0,Withdrawn,3,0,0,1,1,1,1,1,1,0,1,0,1,1,0,8
BBB,2013J,603818,1,South Region,Lower Than A Level,30-40%,0-35,0,120,0,Withdrawn,15,1,1,0,0,0,0,1,0,1,0,1,0,0,0,10
BBB,2013J,603908,1,Ireland,Lower Than A Level,30-40%,0-35,0,60,0,Pass,8,1,0,0,0,0,0,1,1,0,1,0,1,1,0,3
BBB,2013J,603910,1,Ireland,Lower Than A Level,40-50%,35-55,0,60,0,Withdrawn,3,0,0,1,0,0,0,0,1,1,1,0,0,1,0,8
BBB,2013J,603912,1,Yorkshire Region,Lower Than A Level,40-50%,35-55,0,60,0,Distinction,3,0,0,1,0,1,0,1,1,0,1,1,1,0,0,8
BBB,2013J,604079,1,North Western Region,A Level or Equivalent,20-Oct,0-35,0,120,1,Withdrawn,14,0,0,1,0,1,1,1,0,0,0,1,1,1,1,5
BBB,2013J,604095,1,South Region,Lower Than A Level,60-70%,0-35,0,120,0,Fail,5,0,1,1,0,0,0,1,1,1,1,1,1,1,0,9
BBB,2013J,604116,1,East Anglian Region,A Level or Equivalent,60-70%,35-55,0,60,0,Distinction,7,0,1,1,0,1,0,1,0,0,0,1,1,1,1,3
BBB,2013J,604118,1,South Region,HE Qualification,70-80%,35-55,0,120,0,Fail,10,0,0,0,1,0,1,1,1,0,1,0,1,0,0,1
BBB,2013J,604147,1,Scotland,A Level or Equivalent,50-60%,35-55,0,60,0,Fail,13,1,0,1,1,0,0,0,1,0,0,1,0,0,0,5
BBB,2013J,604151,1,South East Region,HE Qualification,70-80%,0-35,0,120,0,Distinction,5,1,0,1,1,1,0,0,0,1,0,1,0,0,0,9
BBB,2013J,604154,1,Ireland,Lower Than A Level,20-Oct,0-35,0,60,0,Pass,14,0,0,1,0,0,0,0,0,0,1,0,0,1,0,5
BBB,2013J,604161,0,Wales,Lower Than A Level,80-90%,0-35,0,120,0,Withdrawn,8,0,0,1,0,0,0,0,0,0,1,1,0,0,1,3
BBB,2013J,604187,1,West Midlands Region,A Level or Equivalent,90-100%,0-35,0,60,0,Pass,14,0,0,0,0,0,0,1,1,1,0,0,0,1,1,5
BBB,2013J,604196,1,Ireland,A Level or Equivalent,0-10%,0-35,0,60,1,Pass,3,0,1,1,1,1,0,1,0,1,1,1,1,0,0,8
BBB,2013J,604200,1,South West Region,Lower Than A Level,20-30%,0-35,0,60,0,Pass,9,1,0,1,0,1,0,1,1,0,0,0,0,1,0,4
BBB,2013J,604204,1,Ireland,Lower Than A Level,20-30%,35-55,0,60,0,Pass,8,0,1,1,0,1,1,0,1,0,0,1,1,1,0,3
BBB,2013J,604238,1,West Midlands Region,Lower Than A Level,90-100%,0-35,0,60,0,Pass,13,0,0,1,0,0,1,0,0,0,1,0,0,1,0,5
BBB,2013J,604292,1,North Western Region,A Level or Equivalent,20-Oct,35-55,0,60,0,Pass,11,1,0,1,1,0,0,0,0,0,0,1,0,0,1,6
BBB,2013J,604298,1,South West Region,Lower Than A Level,80-90%,0-35,0,60,0,Withdrawn,8,1,1,1,1,1,1,1,0,0,1,1,0,1,1,3
BBB,2013J,604315,1,West Midlands Region,A Level or Equivalent,0-10%,0-35,0,120,0,Distinction,2,1,1,0,0,1,1,0,0,1,0,1,0,1,1,2
BBB,2013J,604356,1,East Anglian Region,Lower Than A Level,40-50%,0-35,0,60,0,Pass,4,1,1,1,1,0,0,0,1,0,0,1,0,0,0,8
BBB,2013J,604523,1,East Midlands Region,A Level or Equivalent,0-10%,0-35,0,60,0,Withdrawn,10,0,1,1,1,1,0,1,0,1,0,1,0,1,0,1
BBB,2013J,604543,1,Yorkshire Region,A Level or Equivalent,20-Oct,0-35,0,60,1,Pass,2,1,1,1,0,0,0,0,1,1,1,1,1,0,0,2
BBB,2013J,604556,1,North Region,A Level or Equivalent,0-10%,0-35,0,120,0,Pass,3,1,1,0,1,0,0,1,0,1,1,0,0,1,0,8
BBB,2013J,604610,1,Yorkshire Region,Lower Than A Level,20-Oct,0-35,0,60,1,Withdrawn,13,0,1,1,0,0,0,0,1,1,0,1,1,1,0,5
BBB,2013J,604731,1,London Region,Lower Than A Level,30-40%,0-35,0,60,0,Fail,6,1,1,0,1,0,0,0,1,1,1,0,0,0,1,9
BBB,2013J,604752,1,North Region,Lower Than A Level,20-Oct,0-35,0,60,0,Fail,13,0,1,1,1,1,0,0,1,0,1,1,0,0,1,5
BBB,2013J,604916,1,Ireland,A Level or Equivalent,20-Oct,0-35,0,60,0,Pass,8,1,0,0,1,1,0,1,0,1,1,1,0,1,0,3
BBB,2013J,604917,1,Scotland,HE Qualification,60-70%,35-55,0,60,0,Pass,7,1,0,0,1,1,1,1,1,0,0,1,1,1,1,3
BBB,2013J,604919,1,South Region,A Level or Equivalent,80-90%,0-35,0,60,0,Pass,10,0,1,0,0,1,1,0,0,1,1,0,1,0,1,1
BBB,2013J,604921,1,Ireland,Lower Than A Level,0-10%,35-55,0,60,0,Fail,2,0,1,0,0,1,0,1,1,1,1,0,0,0,0,2
BBB,2013J,604923,1,Ireland,Lower Than A Level,20-Oct,35-55,0,60,0,Fail,4,0,0,0,0,0,1,0,0,1,0,0,1,1,0,8
BBB,2013J,604932,1,Ireland,A Level or Equivalent,60-70%,35-55,0,60,0,Pass,2,0,0,1,1,0,1,0,0,1,1,0,0,0,1,2
BBB,2013J,604939,1,North Western Region,Lower Than A Level,30-40%,0-35,0,60,1,Fail,2,1,0,0,0,1,0,0,1,1,1,0,0,1,0,2
BBB,2013J,604942,1,Ireland,Lower Than A Level,20-Oct,0-35,0,60,0,Pass,7,0,0,1,1,0,1,1,0,0,1,0,0,1,1,3
BBB,2013J,604951,1,South Region,Lower Than A Level,90-100%,35-55,0,60,0,Fail,2,0,0,1,0,1,0,1,1,1,1,1,0,1,0,2
BBB,2013J,604962,1,Ireland,A Level or Equivalent,20-Oct,35-55,0,120,0,Withdrawn,9,1,0,0,1,0,1,1,1,0,0,1,1,0,0,4
BBB,2013J,604966,1,Ireland,Lower Than A Level,20-30%,35-55,0,60,0,Pass,2,0,1,1,1,1,0,0,0,1,0,1,0,1,1,2
BBB,2013J,604982,1,Ireland,Lower Than A Level,20-30%,0-35,0,60,0,Pass,4,1,1,0,0,1,1,1,0,1,1,0,1,1,1,8
BBB,2013J,605009,1,West Midlands Region,A Level or Equivalent,90-100%,0-35,0,60,0,Pass,13,0,0,0,1,0,0,1,0,1,0,0,0,0,0,5
BBB,2013J,605102,1,West Midlands Region,Lower Than A Level,60-70%,0-35,0,60,0,Pass,3,0,0,0,0,1,0,0,0,0,1,1,0,1,0,8
BBB,2013J,605207,1,South East Region,Lower Than A Level,60-70%,35-55,0,120,1,Pass,14,0,1,1,1,1,1,0,0,1,1,0,0,0,1,5
BBB,2013J,605246,1,East Midlands Region,HE Qualification,30-40%,0-35,0,60,0,Pass,6,1,0,1,0,0,0,1,1,1,0,0,0,1,1,9
BBB,2013J,605255,1,Yorkshire Region,A Level or Equivalent,20-30%,0-35,0,120,0,Fail,7,1,1,0,1,1,1,1,0,0,0,1,1,1,1,3
BBB,2013J,605292,1,North Western Region,Lower Than A Level,0-10%,0-35,0,120,0,Withdrawn,2,0,1,1,1,0,1,0,1,1,0,1,1,1,0,2
BBB,2013J,605309,1,West Midlands Region,A Level or Equivalent,40-50%,0-35,0,60,0,Fail,11,1,1,1,0,1,0,1,0,0,0,1,0,0,0,6
BBB,2013J,605327,1,Ireland,Lower Than A Level,0-10%,0-35,0,60,0,Fail,2,0,1,1,0,1,0,0,1,0,0,1,0,1,1,2
BBB,2013J,605390,1,Ireland,Lower Than A Level,50-60%,35-55,0,60,0,Pass,13,0,0,0,1,0,0,0,1,0,0,0,0,1,1,5
BBB,2013J,605438,1,Scotland,Post Graduate Qualification,60-70%,35-55,0,60,0,Distinction,15,0,1,1,1,0,1,1,1,1,1,1,1,0,1,10
BBB,2013J,605494,1,North Region,Lower Than A Level,30-40%,0-35,0,120,0,Fail,16,1,1,0,0,1,1,0,1,0,0,0,1,0,1,10
BBB,2013J,605505,1,London Region,A Level or Equivalent,20-Oct,35-55,0,60,0,Withdrawn,8,0,0,1,1,0,1,1,0,1,1,0,0,0,1,3
BBB,2013J,605594,1,London Region,Lower Than A Level,30-40%,0-35,0,120,0,Fail,4,0,1,1,0,0,0,1,0,0,0,1,1,1,0,8
BBB,2013J,605595,1,East Anglian Region,Lower Than A Level,70-80%,0-35,0,60,1,Fail,2,0,1,1,1,1,1,0,0,0,0,1,0,0,1,2
BBB,2013J,605679,1,East Anglian Region,A Level or Equivalent,30-40%,0-35,0,60,0,Pass,3,0,0,1,0,0,0,0,0,1,0,0,1,0,0,8
BBB,2013J,605691,1,East Midlands Region,Lower Than A Level,60-70%,0-35,0,60,1,Withdrawn,15,1,0,0,0,0,1,0,1,0,1,1,0,0,1,10
BBB,2013J,605832,1,East Midlands Region,A Level or Equivalent,0-10%,0-35,0,60,1,Pass,10,1,1,0,0,0,0,1,1,0,0,0,0,1,1,1
BBB,2013J,605854,0,East Anglian Region,A Level or Equivalent,0-10%,35-55,0,60,0,Fail,11,0,1,1,0,1,0,0,0,1,1,1,1,1,0,6
BBB,2013J,605882,1,Ireland,A Level or Equivalent,0-10%,0-35,0,60,0,Withdrawn,12,0,1,1,0,1,0,1,0,1,1,1,0,1,0,7
BBB,2013J,605914,1,North Region,Lower Than A Level,50-60%,0-35,0,120,0,Withdrawn,8,1,0,1,0,0,0,1,1,0,1,1,1,0,0,3
BBB,2013J,605916,1,South Region,A Level or Equivalent,20-Oct,35-55,0,60,0,Pass,16,0,0,0,1,0,0,1,0,1,1,1,1,0,1,10
BBB,2013J,605930,1,Ireland,Lower Than A Level,30-40%,35-55,0,60,0,Pass,12,0,0,0,1,0,0,1,0,0,1,1,0,1,1,7
BBB,2013J,606063,1,Yorkshire Region,HE Qualification,20-30%,0-35,0,60,0,Withdrawn,1,1,0,0,1,1,0,0,0,0,1,0,0,0,0,2
BBB,2013J,606097,1,Wales,A Level or Equivalent,20-Oct,0-35,0,120,0,Pass,16,1,0,0,0,0,1,1,1,1,0,0,0,1,1,10
BBB,2013J,606179,1,South West Region,A Level or Equivalent,80-90%,0-35,0,60,0,Distinction,16,1,1,1,0,0,0,0,0,0,1,0,0,0,1,10
BBB,2013J,606194,1,South East Region,A Level or Equivalent,90-100%,35-55,0,120,0,Pass,6,1,0,1,0,0,0,0,0,0,0,1,0,1,0,9
BBB,2013J,606229,1,West Midlands Region,A Level or Equivalent,70-80%,0-35,0,120,0,Pass,15,1,1,1,1,1,1,1,0,1,0,1,1,0,1,10
BBB,2013J,606333,1,East Anglian Region,No Formal quals,30-40%,0-35,0,60,0,Withdrawn,8,1,1,0,0,0,1,1,1,1,0,0,0,1,0,3
BBB,2013J,606355,1,Yorkshire Region,A Level or Equivalent,50-60%,35-55,0,120,0,Withdrawn,15,1,0,0,0,0,0,0,1,1,1,0,1,0,1,10
BBB,2013J,606377,1,South Region,A Level or Equivalent,20-30%,0-35,0,120,0,Pass,14,0,0,0,0,0,1,1,0,0,1,1,1,0,1,5
BBB,2013J,606388,1,Scotland,HE Qualification,0-10%,0-35,0,150,0,Withdrawn,15,0,1,0,1,1,0,0,0,0,1,1,0,0,1,10
BBB,2013J,606410,0,Ireland,Lower Than A Level,20-Oct,0-35,0,60,0,Pass,16,1,1,0,0,0,0,0,1,0,0,1,1,1,1,10
BBB,2013J,606412,1,Ireland,Lower Than A Level,70-80%,0-35,0,60,0,Pass,14,0,0,0,0,0,0,1,1,1,1,0,1,0,1,5
BBB,2013J,606414,1,Ireland,A Level or Equivalent,60-70%,35-55,0,60,0,Pass,1,1,1,1,1,1,1,1,1,1,1,1,0,0,1,2
BBB,2013J,606420,1,Ireland,Lower Than A Level,70-80%,0-35,0,60,0,Pass,16,1,1,1,0,1,0,0,1,0,1,1,0,0,1,10
BBB,2013J,606422,1,Ireland,Lower Than A Level,80-90%,0-35,0,60,0,Pass,14,1,1,0,1,1,0,0,1,0,1,1,0,1,0,5
BBB,2013J,606426,1,Ireland,A Level or Equivalent,50-60%,0-35,0,60,0,Withdrawn,1,0,0,1,1,1,1,0,1,0,1,0,0,1,1,2
BBB,2013J,606450,1,Ireland,Lower Than A Level,30-40%,35-55,0,60,0,Distinction,16,1,0,1,0,0,0,0,1,0,0,0,0,1,0,10
BBB,2013J,606458,1,Ireland,Lower Than A Level,30-40%,35-55,0,60,0,Pass,2,0,1,0,1,1,1,1,1,1,1,1,0,1,1,2
BBB,2013J,606465,0,South East Region,A Level or Equivalent,70-80%,0-35,0,60,0,Pass,4,1,1,0,1,0,0,1,0,1,0,0,0,1,1,8
BBB,2013J,606477,1,London Region,Lower Than A Level,20-30%,35-55,0,60,0,Withdrawn,15,0,1,0,0,0,0,1,0,1,1,1,0,1,1,10
BBB,2013J,606546,1,East Anglian Region,Lower Than A Level,50-60%,0-35,0,60,0,Pass,14,1,1,0,0,0,0,0,1,0,1,0,0,0,0,5
BBB,2013J,606562,1,South Region,HE Qualification,40-50%,0-35,0,120,0,Distinction,11,1,0,1,0,1,0,0,1,0,0,0,0,1,0,6
BBB,2013J,606572,1,West Midlands Region,A Level or Equivalent,0-10%,35-55,0,120,0,Pass,1,1,0,1,1,1,1,1,1,0,0,0,1,1,0,2
BBB,2013J,606607,1,Ireland,Lower Than A Level,90-100%,0-35,0,60,0,Withdrawn,14,0,1,1,0,1,1,1,1,0,0,0,0,0,1,5
BBB,2013J,606627,1,Scotland,HE Qualification,50-60%,35-55,0,60,0,Withdrawn,3,1,0,0,1,1,0,1,0,0,1,0,0,0,1,8
BBB,2013J,606651,1,South West Region,Lower Than A Level,60-70%,0-35,0,120,0,Fail,12,0,1,1,1,1,0,0,1,1,0,0,1,1,1,7
BBB,2013J,606685,0,Wales,A Level or Equivalent,30-40%,0-35,0,60,0,Pass,7,1,0,1,1,0,1,0,1,0,0,1,1,1,1,3
BBB,2013J,606697,1,Scotland,Lower Than A Level,30-40%,0-35,0,60,0,Pass,9,1,1,1,0,0,0,1,0,0,0,0,0,0,1,4
BBB,2013J,606736,1,East Anglian Region,Lower Than A Level,70-80%,0-35,0,60,0,Withdrawn,16,1,1,1,1,0,0,0,0,1,0,0,0,1,1,10
BBB,2013J,606762,1,South East Region,A Level or Equivalent,40-50%,0-35,0,60,0,Fail,12,1,1,1,0,0,1,0,0,1,0,1,1,1,1,7
BBB,2013J,606797,1,North Western Region,Lower Than A Level,30-40%,0-35,0,60,0,Withdrawn,3,1,0,1,1,0,1,0,0,1,0,0,0,1,1,8
BBB,2013J,606827,1,North Western Region,A Level or Equivalent,20-Oct,0-35,0,120,0,Withdrawn,11,1,1,1,0,1,0,1,0,1,1,0,0,1,1,6
BBB,2013J,606972,1,Scotland,Lower Than A Level,0-10%,0-35,0,60,0,Withdrawn,16,0,0,0,1,0,1,0,1,0,0,0,1,1,1,10
BBB,2013J,607062,1,Scotland,Lower Than A Level,20-30%,0-35,0,60,0,Withdrawn,15,0,0,1,1,0,1,1,0,1,1,1,0,0,1,10
BBB,2013J,607080,1,Scotland,HE Qualification,40-50%,0-35,0,150,0,Withdrawn,11,1,1,0,1,1,1,1,0,0,1,1,0,0,0,6
BBB,2013J,607097,1,North Region,A Level or Equivalent,70-80%,0-35,0,120,0,Pass,6,1,1,1,1,0,1,0,0,1,1,1,0,0,1,9
BBB,2013J,607286,1,West Midlands Region,A Level or Equivalent,0-10%,0-35,0,180,0,Withdrawn,8,1,1,1,1,1,1,0,1,0,1,1,1,0,0,3
BBB,2013J,607300,1,London Region,Lower Than A Level,60-70%,0-35,0,120,0,Fail,11,0,1,0,1,0,0,1,0,0,1,0,0,0,1,6
BBB,2013J,607309,1,South East Region,A Level or Equivalent,90-100%,0-35,0,120,0,Withdrawn,7,1,0,0,0,1,0,0,0,1,0,1,0,1,1,3
BBB,2013J,607382,1,London Region,A Level or Equivalent,20-Oct,0-35,0,120,0,Fail,3,0,0,0,1,1,1,0,0,0,0,0,0,1,0,8
BBB,2013J,607398,1,South East Region,A Level or Equivalent,20-Oct,35-55,0,60,0,Fail,16,1,1,1,0,0,1,1,1,0,0,0,0,0,0,10
BBB,2013J,607493,0,Ireland,Lower Than A Level,50-60%,0-35,0,60,0,Pass,12,1,0,1,1,1,0,0,0,0,0,0,1,1,0,7
BBB,2013J,607517,1,East Midlands Region,No Formal quals,20-30%,0-35,0,60,0,Withdrawn,7,0,0,0,1,1,0,0,0,1,0,0,1,1,1,3
BBB,2013J,607607,1,North Western Region,A Level or Equivalent,30-40%,0-35,0,120,0,Withdrawn,1,0,1,0,1,1,1,1,0,1,1,0,0,0,1,2
BBB,2013J,607642,1,East Anglian Region,HE Qualification,80-90%,0-35,0,60,0,Pass,1,1,1,1,1,1,0,0,1,0,1,1,0,0,1,2
BBB,2013J,607699,1,London Region,A Level or Equivalent,40-50%,0-35,0,60,0,Fail,12,1,0,0,1,1,1,0,0,1,1,1,0,0,1,7
BBB,2013J,607725,1,South East Region,A Level or Equivalent,70-80%,0-35,0,60,0,Pass,1,0,1,1,1,1,0,1,0,0,1,1,1,0,0,2
BBB,2013J,607735,1,Scotland,Lower Than A Level,50-60%,35-55,0,60,0,Pass,2,0,0,1,0,1,1,0,0,1,0,0,1,1,1,2
BBB,2013J,607778,1,East Midlands Region,A Level or Equivalent,20-Oct,0-35,0,60,0,Pass,8,1,1,0,1,0,1,1,0,1,1,1,0,1,1,3
BBB,2013J,607804,0,Scotland,A Level or Equivalent,90-100%,35-55,0,60,0,Pass,2,0,0,0,1,1,1,0,1,1,0,1,0,1,1,2
BBB,2013J,607808,1,East Anglian Region,Lower Than A Level,50-60%,0-35,0,120,0,Fail,13,0,0,0,0,1,0,1,1,0,0,0,1,1,1,5
BBB,2013J,607848,1,North Western Region,Lower Than A Level,20-30%,0-35,0,180,0,Withdrawn,12,0,0,1,0,0,1,1,1,0,0,1,1,0,0,7
BBB,2013J,607861,1,South West Region,A Level or Equivalent,0-10%,0-35,0,60,1,Withdrawn,14,1,0,1,1,1,0,0,0,1,1,0,1,1,0,5
BBB,2013J,607887,1,South Region,Lower Than A Level,90-100%,0-35,0,60,0,Pass,12,0,0,1,0,0,0,1,1,1,1,0,1,0,0,7
BBB,2013J,607888,1,East Anglian Region,No Formal quals,40-50%,0-35,0,90,0,Withdrawn,12,0,1,1,0,0,1,0,1,1,0,1,0,0,1,7
BBB,2013J,607889,1,Wales,A Level or Equivalent,60-70%,35-55,0,60,0,Pass,7,1,1,0,1,1,1,0,1,1,0,1,0,1,1,3
BBB,2013J,607892,1,North Region,A Level or Equivalent,,35-55,0,60,0,Distinction,8,0,1,1,0,0,1,1,1,0,1,0,0,1,1,3
BBB,2013J,607909,1,Scotland,A Level or Equivalent,70-80%,35-55,0,120,0,Distinction,13,1,1,0,1,0,1,1,1,0,0,0,1,0,0,5
BBB,2013J,607914,1,North Western Region,A Level or Equivalent,20-Oct,35-55,0,60,0,Pass,9,0,0,0,0,1,0,0,1,0,1,0,1,1,0,4
BBB,2013J,607937,1,Ireland,A Level or Equivalent,50-60%,35-55,0,60,0,Pass,3,1,1,1,0,0,0,1,1,1,1,0,1,0,0,8
BBB,2013J,608000,0,Yorkshire Region,Lower Than A Level,90-100%,0-35,0,60,1,Pass,13,0,0,1,0,0,1,1,1,1,1,0,1,1,1,5
BBB,2013J,608026,1,West Midlands Region,Lower Than A Level,40-50%,35-55,0,120,0,Withdrawn,13,1,1,0,1,1,1,1,0,1,0,1,0,1,0,5
BBB,2013J,608038,1,South West Region,Lower Than A Level,70-80%,0-35,0,60,0,Withdrawn,2,1,0,1,0,1,0,1,1,1,1,0,0,0,1,2
BBB,2013J,608041,1,East Anglian Region,A Level or Equivalent,40-50%,0-35,0,60,0,Pass,12,0,1,0,1,1,1,1,0,0,1,0,0,0,0,7
BBB,2013J,608047,0,Scotland,Lower Than A Level,70-80%,35-55,0,60,0,Pass,13,0,0,1,1,1,1,0,0,1,0,1,1,1,0,5
BBB,2013J,608060,1,London Region,A Level or Equivalent,20-Oct,0-35,0,120,0,Withdrawn,14,1,1,1,1,1,0,1,0,1,1,1,0,0,1,5
BBB,2013J,608197,0,Scotland,A Level or Equivalent,60-70%,0-35,0,120,0,Fail,4,1,0,0,1,0,0,1,0,0,1,1,0,1,0,8
BBB,2013J,608264,1,South West Region,A Level or Equivalent,50-60%,0-35,0,120,0,Pass,6,1,0,0,1,0,0,1,1,0,0,0,1,0,0,9
BBB,2013J,608419,1,Wales,A Level or Equivalent,30-40%,0-35,0,60,0,Pass,8,0,1,1,0,0,1,0,1,0,1,0,1,1,0,3
BBB,2013J,608497,1,South East Region,Lower Than A Level,30-40%,0-35,0,60,0,Withdrawn,1,1,1,1,1,1,1,1,1,1,1,1,0,0,0,2
BBB,2013J,608564,1,London Region,A Level or Equivalent,20-Oct,0-35,0,60,0,Fail,15,0,1,1,0,0,1,0,1,1,0,0,0,0,1,10
BBB,2013J,608578,1,South West Region,Lower Than A Level,50-60%,0-35,0,60,0,Pass,3,1,1,1,0,1,1,0,0,1,1,1,0,0,1,8
BBB,2013J,608623,0,East Midlands Region,A Level or Equivalent,70-80%,0-35,0,60,1,Pass,8,0,1,1,0,1,0,1,1,0,0,1,1,0,0,3
BBB,2013J,608647,1,South Region,A Level or Equivalent,60-70%,35-55,0,60,0,Pass,2,1,0,1,0,1,0,1,0,1,0,1,1,1,1,2
BBB,2013J,608719,1,South East Region,Lower Than A Level,80-90%,35-55,0,120,0,Withdrawn,11,0,0,0,1,0,0,0,1,0,0,1,0,0,0,6
BBB,2013J,608738,1,West Midlands Region,Lower Than A Level,20-Oct,0-35,0,120,1,Fail,16,0,0,1,0,1,0,0,0,1,1,1,0,1,0,10
BBB,2013J,608766,1,Ireland,A Level or Equivalent,,35-55,0,120,0,Pass,14,0,0,1,0,0,0,1,1,1,1,1,0,0,0,5
BBB,2013J,608939,1,Yorkshire Region,Lower Than A Level,60-70%,0-35,0,120,0,Fail,1,0,0,1,1,0,1,1,1,1,1,1,1,1,1,2
BBB,2013J,608942,1,London Region,A Level or Equivalent,20-30%,0-35,0,120,0,Withdrawn,5,1,1,0,0,1,1,1,0,1,1,0,0,0,0,9
BBB,2013J,609010,1,Wales,A Level or Equivalent,0-10%,0-35,0,60,0,Pass,10,1,1,0,1,1,0,1,1,0,1,1,1,0,0,1
BBB,2013J,609046,0,South Region,Lower Than A Level,80-90%,0-35,0,60,0,Pass,16,0,1,0,1,1,1,0,0,0,1,0,1,1,0,10
BBB,2013J,609047,1,London Region,A Level or Equivalent,0-10%,0-35,0,60,0,Fail,15,1,1,1,0,1,1,1,1,0,1,1,0,1,1,10
BBB,2013J,609107,1,London Region,Lower Than A Level,40-50%,35-55,0,120,0,Withdrawn,1,0,0,0,1,0,1,1,0,0,1,0,1,1,0,2
BBB,2013J,609190,1,London Region,Lower Than A Level,20-Oct,0-35,0,150,0,Withdrawn,13,0,0,1,1,1,0,1,0,0,1,1,0,0,0,5
BBB,2013J,609193,1,South Region,Lower Than A Level,80-90%,0-35,0,60,0,Withdrawn,4,0,0,0,1,0,1,1,1,0,0,0,0,1,0,8
BBB,2013J,609230,1,East Midlands Region,Lower Than A Level,20-Oct,0-35,0,60,0,Withdrawn,4,1,0,0,0,0,0,0,1,0,1,0,0,0,0,8
BBB,2013J,609307,1,South East Region,A Level or Equivalent,20-Oct,0-35,0,60,0,Pass,11,1,0,1,0,0,0,0,0,1,0,0,0,0,0,6
BBB,2013J,609388,1,South West Region,Lower Than A Level,20-30%,0-35,0,60,0,Withdrawn,12,1,0,0,1,0,1,0,0,1,0,1,1,0,0,7
BBB,2013J,609422,1,Yorkshire Region,Lower Than A Level,80-90%,0-35,0,120,0,Withdrawn,11,0,1,0,1,0,1,1,1,1,1,1,1,0,1,6
BBB,2013J,609510,1,South East Region,A Level or Equivalent,70-80%,0-35,0,60,0,Fail,9,0,1,0,1,1,1,1,1,0,0,0,1,1,1,4
BBB,2013J,609679,1,South West Region,Lower Than A Level,50-60%,35-55,0,60,0,Pass,6,0,0,1,0,0,1,0,1,0,0,0,0,0,1,9
BBB,2013J,609704,1,South West Region,A Level or Equivalent,90-100%,0-35,0,60,0,Pass,2,1,0,1,1,1,0,0,1,1,1,0,0,1,0,2
BBB,2013J,609764,0,Scotland,Lower Than A Level,30-40%,0-35,0,60,0,Fail,12,0,0,1,0,0,0,1,0,0,1,1,1,0,0,7
BBB,2013J,609804,0,Scotland,HE Qualification,30-40%,35-55,0,60,0,Fail,8,0,1,0,1,1,1,1,1,1,1,0,1,0,0,3
BBB,2013J,609811,1,Scotland,HE Qualification,0-10%,0-35,0,60,0,Distinction,11,0,1,1,1,0,1,1,1,0,0,1,0,0,1,6
BBB,2013J,609812,1,Scotland,HE Qualification,90-100%,0-35,0,60,0,Pass,9,1,1,0,0,0,1,0,1,0,1,0,0,1,1,4
BBB,2013J,609815,1,Scotland,HE Qualification,80-90%,0-35,0,60,0,Pass,2,0,0,0,0,1,0,0,0,0,1,0,1,1,1,2
BBB,2013J,609817,1,Scotland,A Level or Equivalent,70-80%,0-35,0,60,0,Pass,9,0,1,0,0,1,1,0,0,0,1,0,0,1,1,4
BBB,2013J,609850,1,Scotland,Lower Than A Level,20-30%,35-55,0,60,0,Fail,5,0,1,0,1,0,0,0,0,1,0,1,1,1,1,9
BBB,2013J,609860,1,Scotland,Lower Than A Level,80-90%,35-55,0,60,0,Withdrawn,3,0,0,0,1,1,0,1,0,0,1,1,1,0,1,8
BBB,2013J,609864,1,Scotland,A Level or Equivalent,20-30%,0-35,0,60,0,Pass,11,0,0,0,1,1,0,0,0,1,1,0,0,0,1,6
BBB,2013J,609871,0,Scotland,A Level or Equivalent,20-Oct,0-35,0,60,0,Pass,9,1,0,1,1,1,1,0,1,0,0,0,0,1,1,4
BBB,2013J,609873,1,Scotland,HE Qualification,30-40%,0-35,0,120,0,Withdrawn,16,1,0,1,0,1,0,0,1,1,0,1,0,0,0,10
BBB,2013J,609887,1,East Anglian Region,No Formal quals,20-Oct,0-35,0,60,0,Fail,5,1,1,1,1,0,1,1,1,1,1,0,1,0,0,9
BBB,2013J,610032,1,London Region,A Level or Equivalent,0-10%,35-55,0,60,0,Distinction,14,1,1,1,1,1,1,1,0,1,0,1,0,0,1,5
BBB,2013J,610059,1,Ireland,A Level or Equivalent,0-10%,0-35,1,60,0,Pass,8,0,1,0,0,0,1,0,0,1,1,0,0,0,0,3
BBB,2013J,610118,0,Ireland,A Level or Equivalent,,35-55,0,60,0,Fail,3,1,1,0,0,0,1,1,0,0,1,1,0,0,1,8
BBB,2013J,610260,1,South West Region,HE Qualification,70-80%,0-35,0,60,0,Pass,3,1,0,1,0,1,0,0,0,1,0,0,0,0,0,8
BBB,2013J,610362,1,London Region,Lower Than A Level,20-30%,35-55,0,60,0,Pass,11,1,1,0,1,1,0,0,0,0,1,1,0,1,1,6
BBB,2013J,610392,1,London Region,Lower Than A Level,20-Oct,0-35,0,60,0,Withdrawn,10,0,1,0,0,0,0,1,0,1,1,0,1,0,0,1
BBB,2013J,610423,0,Wales,A Level or Equivalent,30-40%,0-35,0,60,0,Fail,1,0,0,0,0,0,1,0,1,1,0,1,1,1,1,2
BBB,2013J,610428,1,Wales,A Level or Equivalent,0-10%,35-55,0,60,0,Pass,3,1,0,0,1,0,0,1,1,1,1,1,0,0,0,8
BBB,2013J,610449,1,East Anglian Region,A Level or Equivalent,90-100%,0-35,0,120,1,Withdrawn,10,0,1,1,1,0,0,1,0,0,0,1,0,1,0,1
BBB,2013J,610553,1,East Anglian Region,A Level or Equivalent,50-60%,0-35,0,60,0,Pass,1,0,0,1,0,0,0,1,1,0,0,1,0,0,1,2
BBB,2013J,610700,1,South West Region,Lower Than A Level,60-70%,0-35,0,120,0,Fail,13,0,1,0,0,0,1,1,1,1,1,0,0,0,0,5
BBB,2013J,610725,0,Wales,A Level or Equivalent,60-70%,0-35,0,60,0,Pass,7,0,1,0,1,0,0,1,0,0,0,0,1,0,0,3
BBB,2013J,610731,1,Wales,Lower Than A Level,90-100%,35-55,0,60,0,Fail,2,0,0,0,1,1,1,0,1,1,0,1,0,0,0,2
BBB,2013J,610740,1,Wales,Lower Than A Level,40-50%,0-35,0,60,0,Fail,9,1,0,0,0,1,1,1,0,1,0,1,1,0,0,4
BBB,2013J,610744,1,Wales,Lower Than A Level,80-90%,0-35,0,60,0,Fail,15,0,1,0,1,1,1,1,0,1,0,0,1,0,0,10
BBB,2013J,610745,1,East Anglian Region,A Level or Equivalent,90-100%,35-55,0,60,0,Pass,15,1,1,0,1,1,1,1,0,0,1,1,0,1,0,10
BBB,2013J,610748,1,Wales,No Formal quals,30-40%,0-35,0,60,0,Withdrawn,6,1,0,0,1,0,0,0,1,0,1,0,1,1,1,9
BBB,2013J,610750,1,East Anglian Region,HE Qualification,80-90%,35-55,0,60,0,Distinction,15,1,1,0,1,0,0,0,0,0,1,1,1,1,1,10
BBB,2013J,610751,1,Wales,A Level or Equivalent,40-50%,35-55,0,60,0,Fail,11,1,1,0,0,1,0,1,0,1,1,0,0,1,1,6
BBB,2013J,610763,0,Wales,HE Qualification,90-100%,0-35,0,60,0,Pass,3,1,1,1,0,1,0,0,0,1,1,0,0,0,0,8
BBB,2013J,610770,1,Wales,No Formal quals,0-10%,35-55,0,60,0,Withdrawn,14,0,0,0,0,1,0,0,1,1,1,0,1,1,1,5
BBB,2013J,610772,0,Wales,HE Qualification,20-Oct,35-55,0,60,0,Fail,2,0,1,1,0,0,1,0,1,1,1,0,1,1,0,2
BBB,2013J,610776,1,Wales,A Level or Equivalent,0-10%,0-35,0,60,0,Fail,6,1,1,0,0,0,0,1,1,0,1,1,1,1,0,9
BBB,2013J,610780,1,East Midlands Region,A Level or Equivalent,0-10%,0-35,0,120,0,Fail,5,1,1,0,0,1,0,1,0,0,1,1,1,1,0,9
BBB,2013J,610783,0,North Western Region,A Level or Equivalent,20-Oct,0-35,0,120,0,Withdrawn,9,0,1,1,1,1,1,1,0,0,1,0,1,1,1,4
BBB,2013J,610802,1,Wales,A Level or Equivalent,40-50%,35-55,0,120,0,Withdrawn,15,0,0,0,0,1,0,0,0,0,1,1,1,1,0,10
BBB,2013J,610804,1,Wales,A Level or Equivalent,80-90%,0-35,0,60,0,Fail,16,0,0,1,1,1,0,0,0,0,1,1,1,0,1,10
BBB,2013J,610906,1,West Midlands Region,A Level or Equivalent,80-90%,0-35,0,60,0,Pass,5,0,0,0,0,0,1,0,1,0,1,1,1,0,1,9
BBB,2013J,611004,1,Wales,A Level or Equivalent,60-70%,0-35,0,60,0,Fail,2,0,0,1,0,0,1,1,1,0,1,0,1,1,0,2
BBB,2013J,611012,1,South Region,A Level or Equivalent,70-80%,35-55,0,60,0,Pass,7,0,1,0,0,0,0,0,0,1,1,0,1,0,1,3
BBB,2013J,611017,1,South Region,A Level or Equivalent,50-60%,0-35,0,60,0,Pass,16,1,1,0,0,1,1,0,1,0,1,1,1,1,0,10
BBB,2013J,611023,1,Wales,Lower Than A Level,60-70%,0-35,0,60,0,Pass,8,1,1,1,0,0,1,0,0,1,0,0,0,0,1,3
BBB,2013J,611046,1,North Western Region,Lower Than A Level,30-40%,0-35,0,120,1,Withdrawn,1,0,1,0,0,0,0,1,0,1,1,1,0,0,1,2
BBB,2013J,611048,0,Wales,A Level or Equivalent,70-80%,0-35,0,60,0,Fail,4,1,1,0,0,0,1,0,0,0,0,0,1,0,0,8
BBB,2013J,611051,0,Wales,HE Qualification,30-40%,35-55,0,60,0,Fail,15,0,1,0,0,1,0,1,1,1,0,0,0,0,0,10
BBB,2013J,611060,1,Wales,HE Qualification,70-80%,35-55,0,60,0,Pass,6,1,0,1,0,1,0,1,1,0,1,1,1,0,1,9
BBB,2013J,611096,0,Wales,No Formal quals,20-Oct,0-35,0,60,0,Fail,11,0,0,0,1,0,0,0,0,0,1,0,1,0,1,6
BBB,2013J,611182,1,North Western Region,Lower Than A Level,30-40%,0-35,0,60,0,Fail,3,0,1,0,1,1,1,1,0,0,0,0,1,1,1,8
BBB,2013J,611228,1,West Midlands Region,A Level or Equivalent,30-40%,0-35,0,60,0,Pass,1,0,1,1,0,1,1,1,1,1,0,1,0,1,0,2
BBB,2013J,611268,1,North Western Region,A Level or Equivalent,20-30%,35-55,0,120,0,Fail,3,0,1,1,0,1,1,1,0,0,0,0,0,1,0,8
BBB,2013J,611315,1,East Midlands Region,A Level or Equivalent,80-90%,35-55,0,60,0,Distinction,3,1,1,1,0,0,1,0,1,1,1,0,0,1,1,8
BBB,2013J,611345,1,Wales,Lower Than A Level,90-100%,0-35,0,60,0,Withdrawn,7,1,1,0,1,0,1,0,1,1,0,1,1,1,1,3
BBB,2013J,611383,1,East Midlands Region,A Level or Equivalent,40-50%,35-55,0,120,0,Distinction,5,1,0,0,0,0,0,1,0,1,0,0,1,1,1,9
BBB,2013J,611531,0,Scotland,Lower Than A Level,30-40%,35-55,0,60,0,Pass,9,1,0,0,1,0,1,0,1,0,1,1,1,0,1,4
BBB,2013J,611688,1,Ireland,Lower Than A Level,60-70%,0-35,0,60,0,Pass,6,0,0,0,0,1,0,1,1,1,1,0,0,0,0,9
BBB,2013J,611690,1,Ireland,A Level or Equivalent,80-90%,0-35,0,60,0,Pass,15,1,1,0,0,1,0,1,1,1,1,1,0,0,1,10
BBB,2013J,612050,1,Scotland,A Level or Equivalent,90-100%,0-35,0,75,0,Withdrawn,12,0,1,0,0,0,1,0,0,0,0,0,1,1,0,7
BBB,2013J,612210,1,Scotland,A Level or Equivalent,50-60%,0-35,0,60,0,Pass,6,1,0,0,0,1,0,0,0,0,1,0,1,1,1,9
BBB,2013J,612217,1,Yorkshire Region,Lower Than A Level,70-80%,35-55,0,180,0,Pass,6,0,1,0,0,0,1,0,1,0,0,1,1,0,1,9
BBB,2013J,612252,0,South East Region,A Level or Equivalent,20-Oct,35-55,0,60,0,Pass,16,0,0,0,0,0,0,0,1,1,0,1,1,0,1,10
BBB,2013J,612255,0,South East Region,Lower Than A Level,20-30%,35-55,0,60,0,Pass,2,1,1,0,1,1,0,0,1,1,0,0,1,1,0,2
BBB,2013J,612355,1,South East Region,A Level or Equivalent,30-40%,0-35,0,60,0,Pass,14,0,1,1,1,0,1,0,1,1,1,1,1,1,1,5
BBB,2013J,612361,1,South East Region,A Level or Equivalent,40-50%,35-55,0,60,0,Pass,13,1,0,1,0,1,1,1,1,1,1,1,0,1,1,5
BBB,2013J,612484,1,Ireland,A Level or Equivalent,60-70%,35-55,0,60,0,Pass,14,1,1,0,0,1,0,0,1,0,1,1,1,0,1,5
BBB,2013J,612488,1,Ireland,A Level or Equivalent,20-Oct,0-35,0,60,0,Distinction,12,1,1,0,0,1,0,0,1,0,0,0,0,0,0,7
BBB,2013J,612517,1,Ireland,A Level or Equivalent,0-10%,0-35,0,60,0,Pass,11,1,1,1,0,0,1,1,0,0,1,0,1,0,1,6
BBB,2013J,612656,1,South East Region,HE Qualification,90-100%,35-55,0,120,0,Distinction,7,0,1,0,1,1,0,1,1,0,1,1,0,1,0,3
BBB,2013J,612658,1,South East Region,HE Qualification,30-40%,0-35,0,120,0,Distinction,5,0,0,0,1,0,0,0,0,1,0,0,1,0,0,9
BBB,2013J,612661,1,South East Region,HE Qualification,90-100%,35-55,0,120,0,Distinction,6,0,1,0,1,0,0,1,0,0,0,1,1,0,1,9
BBB,2013J,612684,1,Yorkshire Region,Lower Than A Level,50-60%,0-35,0,120,0,Pass,3,1,0,1,1,1,0,1,1,0,0,0,1,0,1,8
BBB,2013J,612757,0,North Region,HE Qualification,80-90%,35-55,0,120,0,Pass,6,1,0,1,1,1,1,0,1,1,1,1,0,1,1,9
BBB,2013J,612891,1,Ireland,Lower Than A Level,30-40%,35-55,0,60,0,Pass,6,1,1,0,0,0,1,1,1,0,1,0,0,1,0,9
BBB,2013J,613051,1,Ireland,Lower Than A Level,0-10%,35-55,0,60,0,Fail,10,0,1,1,0,1,1,0,0,1,1,1,1,0,1,1
BBB,2013J,613158,1,Ireland,Lower Than A Level,70-80%,35-55,0,60,0,Pass,9,1,0,1,0,0,1,1,1,0,1,1,0,0,0,4
BBB,2013J,613159,1,Ireland,A Level or Equivalent,20-Oct,35-55,0,60,0,Withdrawn,14,0,0,0,0,1,0,0,1,0,1,0,1,1,1,5
BBB,2013J,613160,1,Ireland,A Level or Equivalent,40-50%,0-35,0,60,0,Distinction,5,0,0,0,1,1,1,1,0,1,0,1,1,0,0,9
BBB,2013J,613162,0,Ireland,A Level or Equivalent,40-50%,0-35,0,120,0,Withdrawn,10,1,0,0,1,0,1,1,0,0,0,0,0,1,0,1
BBB,2013J,613164,1,Ireland,A Level or Equivalent,40-50%,35-55,0,60,0,Distinction,14,1,0,0,1,1,1,0,1,1,0,1,1,0,1,5
BBB,2013J,613171,1,Scotland,Lower Than A Level,30-40%,35-55,0,60,0,Pass,15,1,1,0,1,1,1,1,1,1,0,0,1,0,1,10
BBB,2013J,613173,1,Scotland,A Level or Equivalent,60-70%,35-55,0,60,0,Pass,13,1,0,1,1,1,1,0,1,1,1,1,0,0,0,5
BBB,2013J,613175,1,Ireland,A Level or Equivalent,40-50%,0-35,0,60,0,Fail,7,1,0,1,0,0,1,0,0,0,1,0,1,1,1,3
BBB,2013J,613176,1,Ireland,A Level or Equivalent,50-60%,35-55,0,60,0,Withdrawn,5,0,1,1,1,1,0,0,0,1,1,1,1,1,1,9
BBB,2013J,613177,1,Ireland,A Level or Equivalent,20-30%,35-55,0,60,0,Pass,1,1,1,0,0,0,1,1,0,0,1,0,1,0,1,2
BBB,2013J,613191,1,Ireland,Lower Than A Level,20-30%,0-35,0,60,0,Withdrawn,6,1,0,0,1,0,0,0,1,1,1,0,1,1,1,9
BBB,2013J,613196,1,Ireland,Lower Than A Level,20-30%,35-55,0,60,0,Pass,1,0,1,0,1,1,1,1,1,0,1,1,1,1,0,2
BBB,2013J,613199,1,Ireland,A Level or Equivalent,0-10%,0-35,0,120,1,Withdrawn,4,0,1,0,0,0,0,1,0,1,0,0,0,1,0,8
BBB,2013J,613200,1,Ireland,Lower Than A Level,30-40%,0-35,0,60,0,Pass,11,0,1,0,1,1,0,1,0,1,1,1,0,0,1,6
BBB,2013J,613203,1,Ireland,HE Qualification,60-70%,0-35,0,60,0,Distinction,3,1,0,0,0,1,0,0,1,1,1,1,0,1,1,8
BBB,2013J,613208,1,Ireland,A Level or Equivalent,50-60%,35-55,0,60,0,Pass,6,1,0,0,0,1,1,0,0,0,0,0,0,1,0,9
BBB,2013J,613273,0,Ireland,Lower Than A Level,40-50%,35-55,0,60,0,Withdrawn,5,1,1,0,1,1,1,0,1,1,1,1,0,0,0,9
BBB,2013J,613293,1,Ireland,Lower Than A Level,20-30%,35-55,0,60,0,Pass,10,0,1,0,1,1,1,1,1,1,1,1,1,0,1,1
BBB,2013J,613298,0,Ireland,HE Qualification,80-90%,0-35,0,60,0,Withdrawn,14,0,0,1,0,1,0,1,1,0,0,1,0,1,1,5
BBB,2013J,613416,0,East Anglian Region,A Level or Equivalent,40-50%,0-35,0,60,0,Pass,1,1,0,1,1,0,1,1,1,0,0,1,0,1,1,2
BBB,2013J,613418,1,East Anglian Region,A Level or Equivalent,0-10%,0-35,0,60,0,Pass,7,0,0,0,0,1,1,1,1,1,1,1,1,1,1,3
BBB,2013J,613735,1,South East Region,HE Qualification,70-80%,35-55,0,120,0,Distinction,6,0,1,0,0,0,1,0,0,1,0,1,0,1,1,9
BBB,2013J,613738,1,South East Region,HE Qualification,30-40%,0-35,0,120,0,Pass,13,1,0,1,1,0,0,0,0,1,1,1,1,1,0,5
BBB,2013J,614013,1,Wales,A Level or Equivalent,40-50%,0-35,0,60,0,Pass,11,0,0,1,0,1,1,1,1,1,0,0,1,1,0,6
BBB,2013J,614064,1,Wales,A Level or Equivalent,40-50%,35-55,0,60,0,Pass,13,1,1,1,1,0,0,0,0,0,0,0,0,1,0,5
BBB,2013J,614068,1,Wales,Lower Than A Level,30-40%,0-35,0,60,0,Withdrawn,13,1,0,0,0,0,1,1,0,0,1,1,1,0,0,5
BBB,2013J,614072,1,Wales,A Level or Equivalent,70-80%,0-35,0,60,0,Pass,6,0,1,1,1,1,0,0,1,0,0,1,1,1,0,9
BBB,2013J,614148,1,North Western Region,HE Qualification,80-90%,35-55,0,60,0,Fail,9,1,0,0,1,1,0,1,1,0,1,1,1,0,1,4
BBB,2013J,614495,1,East Anglian Region,Post Graduate Qualification,90-100%,35-55,0,180,0,Distinction,11,0,1,1,1,1,1,1,1,1,1,0,1,1,1,6
BBB,2013J,614546,1,Yorkshire Region,A Level or Equivalent,70-80%,35-55,0,120,0,Distinction,5,0,0,0,1,0,1,1,1,1,1,1,1,0,0,9
BBB,2013J,614556,1,Yorkshire Region,A Level or Equivalent,90-100%,0-35,0,120,0,Pass,10,1,1,1,1,0,0,0,0,0,1,0,1,1,1,1
BBB,2013J,615127,1,East Midlands Region,HE Qualification,20-30%,35-55,0,120,0,Distinction,7,1,0,1,1,1,0,1,1,1,1,0,0,1,1,3
BBB,2013J,615148,1,West Midlands Region,HE Qualification,60-70%,0-35,0,120,0,Withdrawn,7,0,0,1,1,0,0,0,0,0,0,1,0,0,1,3
BBB,2013J,616342,0,Wales,A Level or Equivalent,40-50%,0-35,0,120,0,Pass,3,1,0,1,0,0,1,0,0,1,1,1,0,1,0,8
BBB,2013J,616502,0,Yorkshire Region,A Level or Equivalent,80-90%,0-35,0,60,0,Fail,11,1,0,1,1,1,1,0,1,1,1,0,1,1,1,6
BBB,2013J,616735,1,East Midlands Region,A Level or Equivalent,40-50%,35-55,0,120,0,Pass,3,0,0,1,0,0,0,0,0,1,0,0,0,1,1,8
BBB,2013J,617116,1,Wales,HE Qualification,30-40%,0-35,0,60,0,Pass,16,1,1,1,1,1,0,0,1,1,0,0,0,1,0,10
BBB,2013J,617472,1,East Midlands Region,A Level or Equivalent,0-10%,0-35,0,120,0,Pass,10,0,0,0,1,0,0,1,1,0,0,1,1,0,0,1
BBB,2013J,619082,1,Ireland,HE Qualification,70-80%,0-35,0,60,0,Pass,1,0,1,1,0,0,0,1,0,0,1,0,0,1,1,2
BBB,2013J,619941,1,East Anglian Region,HE Qualification,40-50%,35-55,0,60,0,Pass,4,0,1,0,0,0,1,1,0,0,1,1,0,1,1,8
BBB,2013J,1018682,1,South West Region,HE Qualification,40-50%,35-55,0,120,1,Fail,10,0,1,0,0,0,0,1,1,0,1,1,0,1,1,1
BBB,2013J,1105438,1,East Midlands Region,A Level or Equivalent,40-50%,35-55,0,60,0,Pass,3,0,1,0,1,1,0,0,0,0,0,1,1,1,1,8
BBB,2013J,1170618,1,South East Region,HE Qualification,70-80%,35-55,0,120,0,Distinction,15,1,1,0,0,1,0,1,1,0,0,0,1,1,1,10
BBB,2013J,1340766,1,South Region,A Level or Equivalent,60-70%,35-55,0,60,0,Distinction,5,1,0,0,1,0,1,0,1,0,1,0,0,0,1,9
BBB,2013J,1399285,1,Wales,Lower Than A Level,70-80%,35-55,0,60,0,Pass,11,1,1,1,0,0,0,1,0,0,1,0,1,1,0,6
BBB,2013J,1405594,1,North Western Region,Lower Than A Level,70-80%,35-55,0,120,0,Pass,15,1,0,1,1,0,1,1,1,0,1,0,0,1,1,10
BBB,2013J,1411627,1,West Midlands Region,Lower Than A Level,0-10%,35-55,1,180,1,Pass,16,1,1,1,0,0,0,1,0,0,0,1,0,1,0,10
BBB,2013J,1413989,1,Scotland,HE Qualification,80-90%,35-55,3,75,0,Withdrawn,1,0,0,0,0,0,0,0,0,1,0,1,1,1,1,2
BBB,2013J,1421720,0,North Western Region,HE Qualification,0-10%,35-55,2,120,0,Pass,10,1,1,0,0,1,1,1,0,0,0,1,0,1,1,1
BBB,2013J,1440341,0,Wales,Lower Than A Level,90-100%,35-55,0,60,0,Pass,3,0,1,1,1,1,1,1,0,0,0,1,1,1,0,8
BBB,2013J,1467014,0,Wales,Lower Than A Level,70-80%,35-55,0,60,0,Pass,16,1,1,1,0,0,1,1,0,1,0,0,0,1,0,10
BBB,2013J,1503056,1,South West Region,Lower Than A Level,40-50%,35-55,0,120,1,Pass,10,1,1,0,1,1,0,1,1,1,1,0,1,1,0,1
BBB,2013J,1521687,1,South Region,HE Qualification,70-80%,35-55,0,120,0,Fail,3,1,1,1,1,0,0,0,0,1,0,0,1,1,0,8
BBB,2013J,1536774,1,West Midlands Region,Lower Than A Level,20-Oct,35-55,1,60,0,Pass,3,1,0,0,0,1,1,0,1,1,1,0,0,0,0,8
BBB,2013J,1541133,1,Scotland,A Level or Equivalent,50-60%,35-55,0,150,1,Fail,4,1,1,1,0,1,1,1,1,1,0,1,1,0,0,8
BBB,2013J,1588208,1,North Western Region,Lower Than A Level,70-80%,35-55,0,120,0,Withdrawn,16,0,1,0,0,1,0,0,0,0,1,0,1,1,1,10
BBB,2013J,1594621,1,South Region,Lower Than A Level,50-60%,55<=,0,60,0,Pass,12,0,0,1,1,1,0,0,0,1,1,0,0,0,1,7
BBB,2013J,1624707,1,South Region,A Level or Equivalent,20-Oct,35-55,0,60,0,Distinction,2,0,1,1,0,0,0,0,0,0,1,0,0,0,1,2
BBB,2013J,1627017,1,North Region,HE Qualification,40-50%,35-55,0,120,0,Pass,6,0,1,0,1,0,0,0,0,0,0,1,0,1,1,9
BBB,2013J,1695710,1,East Anglian Region,A Level or Equivalent,90-100%,35-55,0,120,0,Pass,16,1,1,0,0,1,1,0,0,0,1,0,1,1,1,10
BBB,2013J,1726951,1,Wales,A Level or Equivalent,90-100%,35-55,0,60,0,Distinction,14,0,1,1,1,0,1,1,1,1,0,1,1,1,0,5
BBB,2013J,1731564,1,Ireland,Lower Than A Level,40-50%,35-55,0,60,0,Pass,6,1,0,0,1,0,1,1,1,1,0,0,0,1,1,9
BBB,2013J,1759851,1,East Midlands Region,Lower Than A Level,20-Oct,35-55,0,120,0,Withdrawn,15,1,1,1,1,0,1,1,0,1,1,0,0,0,0,10
BBB,2013J,1771053,1,West Midlands Region,Lower Than A Level,80-90%,35-55,1,60,0,Withdrawn,7,0,0,0,1,1,0,0,0,0,1,0,0,1,1,3
BBB,2013J,1778145,1,South East Region,Lower Than A Level,60-70%,35-55,0,60,1,Pass,13,0,0,0,0,0,1,0,1,0,1,1,1,1,1,5
BBB,2013J,1781804,1,London Region,Lower Than A Level,20-Oct,35-55,0,60,0,Fail,3,1,1,1,1,1,0,1,0,0,1,1,0,0,0,8
BBB,2013J,1797168,1,South West Region,Lower Than A Level,40-50%,35-55,0,60,0,Pass,6,0,0,0,0,1,1,0,1,0,1,0,0,1,1,9
BBB,2013J,1866742,1,South West Region,Lower Than A Level,40-50%,0-35,0,120,0,Withdrawn,1,1,0,1,0,1,1,0,1,0,0,0,1,0,0,2
BBB,2013J,1886295,1,South Region,A Level or Equivalent,60-70%,35-55,1,60,0,Distinction,8,0,0,0,0,0,1,1,0,1,0,1,1,1,0,3
BBB,2013J,1889565,1,South East Region,A Level or Equivalent,70-80%,35-55,0,60,0,Distinction,7,0,0,0,1,0,1,0,1,1,1,1,0,1,1,3
BBB,2013J,1903677,1,West Midlands Region,Lower Than A Level,60-70%,35-55,1,60,0,Pass,2,0,1,1,0,0,1,1,0,0,1,0,0,0,1,2
BBB,2013J,1910175,1,Scotland,A Level or Equivalent,80-90%,35-55,0,60,0,Pass,9,0,0,1,1,1,1,0,0,0,1,0,0,0,1,4
BBB,2013J,1934047,1,London Region,Lower Than A Level,60-70%,0-35,0,90,0,Withdrawn,12,1,1,1,0,0,0,0,0,0,0,1,1,0,0,7
BBB,2013J,1935487,1,West Midlands Region,Lower Than A Level,40-50%,35-55,0,60,0,Withdrawn,2,0,1,0,0,0,0,0,0,1,1,1,0,1,1,2
BBB,2013J,1939695,1,Scotland,Lower Than A Level,30-40%,35-55,2,60,1,Distinction,6,0,0,0,0,0,1,1,0,1,0,1,0,0,0,9
BBB,2013J,1941248,1,East Anglian Region,A Level or Equivalent,80-90%,35-55,0,60,0,Distinction,13,1,1,1,0,0,0,0,0,0,0,0,0,1,1,5
BBB,2013J,1946308,1,East Anglian Region,Lower Than A Level,70-80%,35-55,0,60,0,Pass,12,0,0,0,0,1,1,1,1,0,1,0,1,1,0,7
BBB,2013J,1963287,1,West Midlands Region,No Formal quals,0-10%,0-35,0,60,0,Fail,1,0,0,0,0,0,0,0,1,1,0,1,0,0,0,2
BBB,2013J,1988213,1,Yorkshire Region,A Level or Equivalent,60-70%,0-35,0,90,0,Withdrawn,8,1,1,0,0,1,1,1,1,1,1,1,1,0,1,3
BBB,2013J,1990650,1,Scotland,Lower Than A Level,40-50%,0-35,3,120,0,Fail,6,0,1,0,1,0,1,0,1,0,0,0,1,0,0,9
BBB,2013J,1993672,1,West Midlands Region,Lower Than A Level,0-10%,35-55,4,60,1,Withdrawn,1,0,1,0,1,0,0,1,0,1,0,0,1,1,0,2
BBB,2013J,1998790,0,Wales,A Level or Equivalent,30-40%,35-55,0,60,0,Fail,13,0,0,0,0,1,0,1,1,0,0,1,0,1,1,5
BBB,2013J,2001687,1,South Region,A Level or Equivalent,40-50%,35-55,0,60,1,Pass,7,1,0,1,1,0,1,1,0,0,1,1,0,0,0,3
BBB,2013J,2002046,1,South West Region,A Level or Equivalent,40-50%,35-55,0,120,0,Pass,6,1,1,0,1,1,0,0,0,1,1,0,1,0,0,9
BBB,2013J,2006283,1,Scotland,Lower Than A Level,50-60%,35-55,0,60,0,Pass,3,1,1,0,1,1,0,1,0,1,1,0,1,0,1,8
BBB,2013J,2009558,1,Wales,A Level or Equivalent,90-100%,35-55,0,60,0,Withdrawn,12,1,1,0,0,1,1,1,0,1,0,0,0,1,1,7
BBB,2013J,2022801,0,South Region,A Level or Equivalent,90-100%,35-55,0,120,0,Withdrawn,15,1,0,0,0,1,1,0,1,1,1,1,1,1,1,10
BBB,2013J,2023561,0,London Region,Lower Than A Level,30-40%,35-55,5,60,0,Withdrawn,11,1,1,1,1,0,1,0,0,1,1,0,1,0,0,6
BBB,2013J,2029037,1,West Midlands Region,Lower Than A Level,0-10%,35-55,0,60,0,Pass,10,1,0,1,0,1,0,1,0,0,1,0,1,1,0,1
BBB,2013J,2034300,1,London Region,Lower Than A Level,0-10%,35-55,1,60,0,Pass,14,0,0,1,0,1,0,0,0,0,1,1,1,1,0,5
BBB,2013J,2044036,1,South West Region,Lower Than A Level,50-60%,35-55,2,60,0,Fail,13,0,0,0,1,0,1,1,1,0,1,0,0,1,0,5
BBB,2013J,2056947,1,North Western Region,Lower Than A Level,0-10%,0-35,0,60,0,Fail,15,0,1,1,1,1,0,0,0,0,0,1,0,0,1,10
BBB,2013J,2061889,1,East Midlands Region,Lower Than A Level,60-70%,35-55,1,60,0,Pass,2,1,1,1,1,1,0,0,1,0,1,0,1,1,1,2
BBB,2013J,2062995,1,Scotland,HE Qualification,20-30%,35-55,0,60,0,Pass,2,0,0,0,1,0,1,0,1,1,0,1,1,1,1,2
BBB,2013J,2072166,1,South Region,Lower Than A Level,0-10%,0-35,0,60,1,Withdrawn,15,0,1,0,1,1,0,0,0,1,0,0,1,0,1,10
BBB,2013J,2075158,0,South Region,A Level or Equivalent,80-90%,35-55,0,60,0,Withdrawn,14,1,0,1,1,0,1,1,1,0,1,0,1,0,1,5
BBB,2013J,2075264,1,Scotland,HE Qualification,90-100%,35-55,1,75,0,Withdrawn,11,1,1,1,0,0,0,0,0,1,0,1,0,0,0,6
BBB,2013J,2078479,1,Scotland,HE Qualification,20-30%,35-55,0,60,0,Distinction,9,1,0,0,0,0,0,0,1,0,1,0,1,0,1,4
BBB,2013J,2078768,1,Wales,Lower Than A Level,0-10%,35-55,0,60,0,Pass,10,0,0,0,0,0,1,1,0,1,0,0,1,0,0,1
BBB,2013J,2082318,1,South East Region,A Level or Equivalent,20-30%,0-35,1,120,0,Withdrawn,13,1,0,1,0,1,0,0,0,1,0,1,0,1,1,5
BBB,2013J,2083576,0,Scotland,Lower Than A Level,40-50%,35-55,0,60,0,Pass,16,0,1,1,0,0,1,0,0,1,1,1,0,1,0,10
BBB,2013J,2095379,0,South West Region,Lower Than A Level,70-80%,35-55,0,60,0,Pass,10,1,0,1,0,1,1,0,1,1,0,0,0,0,1,1
BBB,2013J,2111015,1,Ireland,Lower Than A Level,70-80%,35-55,0,60,0,Pass,1,1,0,1,0,0,1,0,0,0,1,1,1,0,0,2
BBB,2013J,2111666,1,North Western Region,Lower Than A Level,0-10%,35-55,0,60,0,Withdrawn,11,0,0,1,0,0,1,1,1,0,1,0,1,0,1,6
BBB,2013J,2115711,0,Wales,Lower Than A Level,40-50%,35-55,0,120,0,Pass,2,1,0,1,1,0,1,0,0,1,0,0,0,1,0,2
BBB,2013J,2128304,1,South East Region,A Level or Equivalent,60-70%,35-55,2,120,0,Pass,7,0,1,0,1,0,1,0,1,0,0,1,0,1,1,3
BBB,2013J,2132966,1,Ireland,Lower Than A Level,50-60%,35-55,0,60,0,Pass,8,1,0,1,1,0,0,0,0,0,1,1,1,1,1,3
BBB,2013J,2140444,1,Wales,A Level or Equivalent,50-60%,35-55,1,120,0,Fail,7,0,1,1,0,0,1,1,0,0,0,0,1,1,1,3
BBB,2013J,2147687,1,South West Region,Lower Than A Level,30-40%,35-55,0,60,0,Fail,6,1,1,0,1,0,1,0,0,0,1,1,1,1,0,9
BBB,2013J,2147929,1,West Midlands Region,A Level or Equivalent,20-30%,35-55,0,120,0,Pass,3,1,0,0,1,1,0,0,0,1,0,0,1,1,1,8
BBB,2013J,2153026,1,Yorkshire Region,HE Qualification,0-10%,0-35,0,60,0,Withdrawn,12,1,0,0,0,1,1,1,1,0,0,1,1,0,0,7
BBB,2013J,2160453,1,South Region,Lower Than A Level,30-40%,35-55,0,60,0,Pass,6,1,1,1,1,1,0,1,0,0,0,1,0,1,1,9
BBB,2013J,2164944,1,South Region,Lower Than A Level,40-50%,35-55,0,60,0,Fail,16,0,0,1,0,0,1,1,1,0,0,1,0,1,1,10
BBB,2013J,2174835,1,Yorkshire Region,A Level or Equivalent,60-70%,35-55,0,60,0,Pass,11,1,0,1,1,1,1,1,0,1,0,1,0,1,1,6
BBB,2013J,2187146,1,South West Region,A Level or Equivalent,30-40%,35-55,0,120,0,Distinction,10,1,1,0,1,0,0,0,1,0,0,0,1,0,1,1
BBB,2013J,2192113,0,Scotland,HE Qualification,40-50%,35-55,0,60,1,Withdrawn,15,0,1,1,1,1,0,0,0,1,1,1,0,0,0,10
BBB,2013J,2196054,1,Scotland,A Level or Equivalent,60-70%,0-35,0,60,0,Pass,5,1,1,0,1,1,1,1,0,0,0,0,1,1,0,9
BBB,2013J,2210666,1,London Region,No Formal quals,50-60%,0-35,0,60,0,Fail,1,0,1,0,0,1,0,1,0,1,1,0,0,1,0,2
BBB,2013J,2210681,1,East Midlands Region,A Level or Equivalent,20-Oct,35-55,1,60,0,Withdrawn,13,1,1,1,1,0,0,1,1,0,0,1,0,0,1,5
BBB,2013J,2211448,1,London Region,Lower Than A Level,30-40%,0-35,1,120,0,Fail,11,0,0,1,1,1,1,1,1,0,0,0,1,1,1,6
BBB,2013J,2211630,1,East Anglian Region,A Level or Equivalent,50-60%,35-55,0,60,0,Withdrawn,5,1,1,0,1,0,1,1,0,1,1,0,0,1,0,9
BBB,2013J,2214631,0,Scotland,HE Qualification,60-70%,35-55,0,90,0,Pass,1,1,1,1,0,0,0,0,0,0,1,0,0,0,1,2
BBB,2013J,2225190,0,South Region,Lower Than A Level,50-60%,0-35,0,60,0,Fail,9,0,1,1,1,0,0,1,0,1,0,1,1,0,1,4
BBB,2013J,2226301,1,Yorkshire Region,Lower Than A Level,70-80%,0-35,1,60,0,Pass,2,0,1,1,0,0,1,1,1,1,1,0,1,0,1,2
BBB,2013J,2227004,1,London Region,A Level or Equivalent,90-100%,35-55,1,120,0,Withdrawn,11,1,1,0,1,1,1,1,1,0,1,0,0,0,1,6
BBB,2013J,2229783,1,London Region,HE Qualification,0-10%,35-55,0,60,0,Fail,15,1,0,1,1,0,1,0,0,1,0,1,0,0,1,10
BBB,2013J,2239140,1,South Region,A Level or Equivalent,30-40%,35-55,2,60,0,Fail,9,0,1,0,0,1,1,0,1,1,0,0,1,0,0,4
BBB,2013J,2242290,1,North Western Region,HE Qualification,50-60%,35-55,1,60,0,Fail,14,1,1,0,1,0,0,0,0,0,1,0,1,0,0,5
BBB,2013J,2262671,1,East Midlands Region,Lower Than A Level,40-50%,0-35,0,60,0,Fail,8,0,0,0,0,1,0,1,1,0,1,0,0,1,0,3
BBB,2013J,2266650,1,London Region,No Formal quals,20-30%,0-35,0,60,0,Fail,16,0,0,1,0,1,1,1,1,0,1,0,1,1,0,10
BBB,2013J,2271644,0,South Region,A Level or Equivalent,40-50%,35-55,0,180,0,Pass,15,0,0,0,1,1,0,1,1,1,0,1,0,0,0,10
BBB,2013J,2271743,1,Wales,A Level or Equivalent,0-10%,0-35,1,180,1,Withdrawn,14,0,0,1,0,0,0,0,0,0,0,0,1,1,0,5
BBB,2013J,2272630,1,Yorkshire Region,A Level or Equivalent,40-50%,35-55,0,60,0,Withdrawn,16,1,1,1,1,1,0,1,0,0,1,1,0,0,1,10
BBB,2013J,2273256,1,South Region,Lower Than A Level,90-100%,35-55,0,180,1,Withdrawn,9,1,0,1,0,1,0,1,1,1,0,0,0,0,1,4
BBB,2013J,2276893,1,South Region,A Level or Equivalent,50-60%,0-35,5,60,0,Withdrawn,6,0,1,0,0,1,0,1,0,0,0,0,1,1,1,9
BBB,2013J,2280314,1,South Region,A Level or Equivalent,90-100%,0-35,0,60,0,Pass,7,0,0,1,0,1,1,0,1,1,1,0,1,1,0,3
BBB,2013J,2282129,1,South West Region,Lower Than A Level,60-70%,0-35,1,60,0,Fail,11,1,1,0,0,0,0,0,1,1,0,0,1,1,1,6
BBB,2013J,2284583,1,London Region,A Level or Equivalent,40-50%,0-35,0,180,0,Pass,7,1,1,0,1,1,0,0,0,1,0,0,1,1,0,3
BBB,2013J,2291034,1,Yorkshire Region,HE Qualification,0-10%,35-55,0,120,0,Withdrawn,15,1,1,0,1,0,1,0,0,0,0,1,0,1,0,10
BBB,2013J,2294490,1,Scotland,HE Qualification,40-50%,0-35,1,180,0,Fail,3,1,1,1,0,1,1,0,1,1,1,1,0,0,0,8
BBB,2013J,2296908,1,South Region,Lower Than A Level,90-100%,0-35,0,60,0,Withdrawn,12,1,1,0,1,1,0,0,0,1,1,0,1,1,0,7
BBB,2013J,2299338,1,South East Region,A Level or Equivalent,60-70%,0-35,0,120,0,Distinction,13,0,1,0,0,0,1,1,1,1,0,1,0,0,1,5
BBB,2013J,2313615,1,South East Region,Lower Than A Level,0-10%,0-35,0,60,0,Withdrawn,8,0,1,0,1,1,0,0,0,0,1,1,1,0,0,3
BBB,2013J,2318763,1,North Western Region,A Level or Equivalent,20-Oct,0-35,0,120,0,Fail,3,1,0,1,1,1,1,1,0,0,0,1,0,0,1,8
BBB,2013J,2320306,1,South East Region,Lower Than A Level,30-40%,35-55,0,60,0,Pass,1,0,1,1,1,1,0,0,0,0,0,1,0,1,0,2
BBB,2013J,2334319,0,Scotland,Lower Than A Level,80-90%,0-35,0,60,0,Pass,13,0,0,1,0,1,1,0,0,1,0,0,0,0,1,5
BBB,2013J,2338586,1,Yorkshire Region,Lower Than A Level,50-60%,35-55,0,120,0,Distinction,13,0,0,0,1,0,0,0,1,0,1,1,1,0,0,5
BBB,2013J,2346025,1,Scotland,Lower Than A Level,50-60%,35-55,2,60,0,Fail,11,1,0,1,1,1,1,0,0,0,0,1,1,0,0,6
BBB,2013J,2349825,1,East Anglian Region,A Level or Equivalent,40-50%,0-35,0,220,0,Withdrawn,14,0,0,0,1,0,0,1,0,0,0,0,1,0,1,5
BBB,2013J,2356809,1,Ireland,A Level or Equivalent,50-60%,35-55,0,60,0,Distinction,2,0,1,1,1,0,0,0,0,0,1,1,1,0,1,2
BBB,2013J,2363875,1,Scotland,HE Qualification,50-60%,35-55,0,60,0,Pass,13,0,0,0,0,1,0,1,0,1,1,1,0,0,0,5
BBB,2013J,2382253,1,West Midlands Region,A Level or Equivalent,40-50%,0-35,1,60,0,Fail,4,1,0,1,0,0,1,0,1,0,0,0,1,0,0,8
BBB,2013J,2383103,1,West Midlands Region,Lower Than A Level,0-10%,0-35,3,60,0,Withdrawn,15,1,0,1,1,1,0,1,1,1,0,0,0,0,1,10
BBB,2013J,2390117,0,South East Region,A Level or Equivalent,90-100%,0-35,0,60,0,Distinction,15,0,1,0,1,1,1,1,0,0,1,0,0,1,0,10
BBB,2013J,2392824,1,South East Region,Lower Than A Level,50-60%,0-35,1,60,0,Pass,2,0,1,1,1,1,0,0,0,0,0,1,1,1,1,2
BBB,2013J,2396786,1,Ireland,A Level or Equivalent,20-Oct,35-55,0,60,0,Fail,7,1,1,1,1,0,0,1,0,0,1,0,1,1,1,3
BBB,2013J,2400851,1,Yorkshire Region,Lower Than A Level,30-40%,35-55,0,60,0,Pass,5,1,0,0,1,0,1,0,0,1,1,1,0,1,0,9
BBB,2013J,2411595,1,East Anglian Region,Lower Than A Level,50-60%,35-55,0,60,1,Pass,3,1,1,0,1,0,1,1,0,1,0,1,0,1,0,8
BBB,2013J,2415414,1,Scotland,HE Qualification,20-30%,0-35,0,120,0,Distinction,3,1,1,0,1,1,1,0,0,1,0,0,1,0,1,8
BBB,2013J,2416774,1,East Anglian Region,A Level or Equivalent,40-50%,35-55,0,120,0,Pass,9,1,1,0,0,0,1,1,1,1,1,1,1,1,0,4
BBB,2013J,2420909,1,West Midlands Region,A Level or Equivalent,50-60%,0-35,0,60,0,Pass,7,0,0,0,1,0,1,1,1,0,1,0,0,0,0,3
BBB,2013J,2421929,1,Yorkshire Region,Lower Than A Level,40-50%,0-35,1,195,0,Fail,1,1,1,0,0,1,1,0,1,1,0,0,0,1,1,2
BBB,2013J,2425156,1,East Anglian Region,HE Qualification,30-40%,35-55,0,180,0,Pass,9,0,1,1,0,1,0,1,1,0,0,1,0,1,0,4
BBB,2013J,2444641,1,East Anglian Region,Lower Than A Level,50-60%,35-55,0,60,1,Fail,6,1,0,1,0,1,1,0,0,1,0,1,1,1,1,9
BBB,2013J,2451269,1,Scotland,Lower Than A Level,50-60%,0-35,0,180,0,Pass,3,1,1,0,1,1,1,0,0,1,1,1,0,1,1,8
BBB,2013J,2452289,1,South East Region,Lower Than A Level,70-80%,35-55,0,60,0,Pass,10,0,1,0,0,0,1,0,0,0,1,1,0,1,1,1
BBB,2013J,2453657,1,West Midlands Region,Lower Than A Level,20-Oct,0-35,0,60,0,Fail,9,1,0,1,0,1,0,0,0,0,1,1,1,1,1,4
BBB,2013J,2455066,1,Yorkshire Region,HE Qualification,20-Oct,35-55,0,60,0,Pass,13,0,1,1,1,0,1,0,0,0,0,1,1,1,0,5
BBB,2013J,2455578,1,South Region,A Level or Equivalent,60-70%,0-35,0,120,0,Pass,9,1,1,0,0,1,0,1,0,0,1,1,0,1,0,4
BBB,2013J,2459051,1,North Western Region,Lower Than A Level,20-Oct,35-55,1,60,0,Fail,11,1,1,1,0,1,0,0,0,0,1,1,1,1,1,6
BBB,2013J,2460002,1,South Region,HE Qualification,60-70%,0-35,0,60,0,Fail,6,0,0,0,1,1,1,1,1,0,1,0,0,1,0,9
BBB,2013J,2463213,1,East Anglian Region,Lower Than A Level,60-70%,35-55,0,90,0,Pass,5,0,0,0,1,0,1,1,0,1,0,1,1,0,1,9
BBB,2013J,2463950,1,London Region,A Level or Equivalent,60-70%,0-35,1,120,0,Pass,14,0,1,0,0,1,1,1,0,1,1,1,0,0,0,5
BBB,2013J,2464683,1,East Midlands Region,A Level or Equivalent,20-30%,35-55,0,90,1,Pass,14,1,1,1,1,1,1,1,0,1,0,0,1,1,1,5
BBB,2013J,2465209,1,East Anglian Region,Lower Than A Level,30-40%,35-55,0,120,0,Withdrawn,16,0,1,1,1,1,0,1,1,0,0,1,1,0,0,10
BBB,2013J,2468280,1,Wales,A Level or Equivalent,20-30%,0-35,0,60,0,Pass,7,0,0,0,0,1,0,1,1,0,0,0,1,0,1,3
BBB,2013J,2468706,1,Scotland,HE Qualification,70-80%,35-55,0,75,0,Distinction,3,1,1,1,1,0,1,0,0,1,1,0,1,0,0,8
BBB,2013J,2473780,1,Scotland,HE Qualification,20-30%,0-35,0,60,0,Distinction,15,0,0,1,0,0,1,0,0,0,0,0,1,0,0,10
BBB,2013J,2476144,1,West Midlands Region,Lower Than A Level,0-10%,35-55,0,120,1,Withdrawn,9,1,1,1,1,1,1,0,1,0,1,0,1,1,1,4
BBB,2013J,2481657,1,South Region,Lower Than A Level,90-100%,0-35,0,60,0,Withdrawn,9,1,0,0,0,0,1,1,0,0,0,0,0,1,0,4
BBB,2013J,2487785,1,Ireland,Lower Than A Level,80-90%,0-35,0,120,0,Withdrawn,12,0,0,1,0,1,0,0,0,0,0,0,0,1,1,7
BBB,2013J,2488714,0,West Midlands Region,Lower Than A Level,90-100%,35-55,0,60,0,Withdrawn,3,0,0,0,0,0,0,0,1,1,1,0,1,0,0,8
BBB,2013J,2496235,0,Wales,HE Qualification,0-10%,35-55,0,180,0,Withdrawn,14,1,0,1,0,0,0,0,0,1,0,1,0,1,0,5
BBB,2013J,2509297,1,London Region,HE Qualification,0-10%,0-35,0,240,0,Withdrawn,14,1,0,0,0,0,1,0,0,1,1,0,0,0,1,5
BBB,2013J,2510414,0,London Region,Lower Than A Level,0-10%,35-55,0,60,0,Fail,7,0,0,0,0,1,0,0,0,0,0,1,0,1,0,3
BBB,2013J,2512392,1,Wales,Lower Than A Level,90-100%,35-55,1,60,0,Pass,14,0,0,0,1,0,1,1,1,1,1,1,1,1,0,5
BBB,2013J,2513083,1,West Midlands Region,Lower Than A Level,30-40%,0-35,1,90,0,Withdrawn,3,0,0,1,1,1,0,0,0,1,1,1,0,0,0,8
BBB,2013J,2514379,1,East Anglian Region,Lower Than A Level,70-80%,0-35,0,60,0,Fail,8,0,1,0,0,1,0,0,1,1,0,0,1,0,1,3
BBB,2013J,2518589,0,London Region,Lower Than A Level,40-50%,0-35,0,120,0,Withdrawn,8,1,0,0,0,1,1,1,1,1,1,1,1,1,1,3
BBB,2013J,2522312,0,South Region,Lower Than A Level,90-100%,35-55,0,60,0,Withdrawn,3,1,0,1,1,1,1,1,0,0,0,1,1,0,0,8
BBB,2013J,2528352,1,West Midlands Region,Lower Than A Level,20-Oct,0-35,2,60,0,Fail,11,0,0,0,0,0,1,1,1,0,1,1,0,1,1,6
BBB,2013J,2529306,1,London Region,No Formal quals,50-60%,0-35,1,60,0,Fail,2,1,1,0,0,1,0,0,0,1,0,1,1,0,1,2
BBB,2013J,2532647,1,Scotland,Lower Than A Level,40-50%,0-35,0,60,0,Fail,3,0,0,1,0,0,1,1,1,1,0,0,0,0,0,8
BBB,2013J,2539817,0,North Western Region,Lower Than A Level,0-10%,35-55,1,60,0,Withdrawn,4,1,0,1,0,0,1,1,1,1,1,1,0,1,0,8
BBB,2013J,2539858,0,South West Region,A Level or Equivalent,20-30%,35-55,0,180,0,Distinction,7,0,1,1,0,1,1,1,0,0,1,0,0,1,1,3
BBB,2013J,2540724,0,South Region,HE Qualification,40-50%,35-55,1,180,0,Distinction,9,0,0,1,1,1,1,0,1,0,0,1,0,1,0,4
BBB,2013J,2544448,1,Wales,Lower Than A Level,0-10%,0-35,0,60,0,Fail,2,1,0,1,0,0,0,1,0,0,0,0,0,0,0,2
BBB,2013J,2545488,1,North Western Region,Lower Than A Level,20-30%,35-55,1,60,0,Withdrawn,16,1,1,1,1,0,1,0,0,1,0,0,0,1,0,10
BBB,2013J,2550290,1,Wales,A Level or Equivalent,20-Oct,0-35,0,120,0,Fail,13,1,0,0,1,1,1,1,1,1,1,1,1,1,1,5
BBB,2013J,2553890,1,East Midlands Region,Lower Than A Level,70-80%,0-35,0,60,0,Pass,12,0,0,1,0,1,1,0,1,0,1,1,0,1,1,7
BBB,2013J,2557885,1,West Midlands Region,HE Qualification,60-70%,0-35,0,60,0,Withdrawn,1,1,0,1,1,0,1,1,1,0,1,1,0,0,1,2
BBB,2013J,2564744,1,South West Region,Lower Than A Level,50-60%,35-55,0,60,0,Pass,2,1,1,1,1,1,0,1,1,1,1,0,0,0,0,2
BBB,2013J,2567158,1,West Midlands Region,A Level or Equivalent,50-60%,35-55,0,180,0,Pass,4,0,1,0,0,0,0,0,1,1,1,0,1,1,0,8
BBB,2013J,2573353,1,Yorkshire Region,Lower Than A Level,20-Oct,35-55,0,60,0,Fail,15,1,0,0,0,1,0,1,1,1,1,0,1,1,0,10
BBB,2013J,2573570,1,North Western Region,A Level or Equivalent,60-70%,0-35,0,60,0,Withdrawn,3,0,0,0,0,0,1,1,1,1,0,1,0,1,0,8
BBB,2013J,2575994,1,West Midlands Region,A Level or Equivalent,0-10%,35-55,0,60,0,Fail,3,1,0,1,0,1,1,0,1,1,1,0,0,1,1,8
BBB,2013J,2578802,1,Yorkshire Region,Lower Than A Level,60-70%,0-35,0,120,0,Pass,15,0,1,0,1,0,1,1,0,0,1,0,0,1,0,10
BBB,2013J,2579673,1,South West Region,Lower Than A Level,0-10%,35-55,2,60,0,Fail,14,1,0,1,0,1,0,0,0,1,0,0,0,1,0,5
BBB,2013J,2579817,1,London Region,HE Qualification,30-40%,35-55,1,60,0,Withdrawn,3,0,1,1,0,0,0,0,0,1,1,0,1,1,0,8
BBB,2013J,2583791,1,London Region,Lower Than A Level,20-Oct,35-55,0,60,0,Fail,4,1,1,0,1,1,1,0,1,0,1,1,1,1,0,8
BBB,2013J,2584834,1,East Anglian Region,Lower Than A Level,50-60%,35-55,1,60,1,Pass,2,0,1,1,0,0,0,1,1,1,0,1,0,1,0,2
BBB,2013J,2585937,1,Scotland,A Level or Equivalent,0-10%,0-35,1,165,1,Pass,13,0,0,0,1,1,0,1,0,1,0,0,0,1,0,5
BBB,2013J,2587329,1,Yorkshire Region,A Level or Equivalent,60-70%,35-55,0,120,0,Pass,15,1,0,1,1,0,1,0,1,0,1,0,1,1,0,10
BBB,2013J,2587950,1,North Region,HE Qualification,0-10%,0-35,4,240,0,Withdrawn,15,1,0,1,0,0,0,0,1,0,1,0,1,0,1,10
BBB,2013J,2588742,1,East Midlands Region,Lower Than A Level,90-100%,0-35,2,60,0,Pass,1,1,1,0,1,1,1,1,0,1,0,1,1,1,1,2
BBB,2013J,2591421,1,London Region,A Level or Equivalent,20-Oct,35-55,1,90,0,Pass,10,0,1,0,0,0,1,1,0,0,1,1,1,1,0,1
BBB,2013J,2607641,0,Ireland,A Level or Equivalent,50-60%,0-35,0,60,0,Pass,9,0,0,0,1,0,0,1,0,0,1,0,0,0,1,4
BBB,2013J,2617839,1,Wales,A Level or Equivalent,70-80%,0-35,0,60,0,Pass,7,0,1,0,0,1,1,0,1,0,1,1,1,0,1,3
BBB,2013J,2619107,1,Scotland,A Level or Equivalent,60-70%,0-35,0,60,0,Distinction,15,0,1,0,0,1,0,0,1,1,1,1,0,1,1,10
BBB,2013J,2620279,1,Scotland,Lower Than A Level,40-50%,35-55,0,60,0,Withdrawn,12,1,1,1,1,1,0,1,1,1,0,1,0,1,1,7
BBB,2013J,2620432,1,South East Region,A Level or Equivalent,60-70%,0-35,0,120,1,Withdrawn,4,1,0,0,0,1,1,0,0,0,0,1,0,1,0,8
BBB,2013J,2625315,1,Yorkshire Region,A Level or Equivalent,30-40%,0-35,0,60,0,Fail,4,0,0,1,0,0,0,1,0,1,0,1,0,1,0,8
BBB,2013J,2625752,1,East Anglian Region,Lower Than A Level,20-30%,0-35,0,180,0,Withdrawn,12,1,0,0,0,1,1,0,0,0,0,0,1,0,0,7
BBB,2013J,2631545,1,East Anglian Region,A Level or Equivalent,60-70%,35-55,0,150,1,Fail,12,0,0,0,0,0,0,0,1,0,0,1,0,0,1,7
BBB,2013J,2632668,1,East Midlands Region,Lower Than A Level,0-10%,0-35,0,120,0,Withdrawn,8,0,1,0,0,1,0,0,0,1,0,1,0,1,0,3
BBB,2013J,2638377,0,South Region,A Level or Equivalent,30-40%,0-35,0,60,0,Pass,11,1,0,0,0,1,1,0,1,1,1,1,0,1,0,6
BBB,2013J,2638818,1,South Region,A Level or Equivalent,60-70%,0-35,0,120,0,Distinction,9,1,1,1,0,0,0,1,0,0,1,1,0,1,1,4
BBB,2013J,2642717,0,South East Region,Lower Than A Level,30-40%,35-55,0,120,0,Pass,2,0,0,1,0,0,0,1,0,0,1,0,1,1,0,2
BBB,2013J,2648206,1,South West Region,A Level or Equivalent,90-100%,0-35,0,120,0,Withdrawn,1,0,1,1,0,1,0,0,1,0,1,1,1,0,0,2
BBB,2013J,2650236,1,South East Region,Lower Than A Level,20-30%,0-35,1,60,0,Fail,15,0,1,0,1,1,0,0,0,1,1,0,1,0,1,10
BBB,2013J,2656860,1,East Anglian Region,Lower Than A Level,30-40%,0-35,3,120,1,Withdrawn,10,0,0,1,0,1,1,1,0,0,1,0,0,1,0,1
BBB,2013J,2657960,1,North Western Region,Lower Than A Level,30-40%,0-35,0,60,0,Fail,11,0,0,1,1,0,0,0,1,0,0,1,1,0,0,6
BBB,2013J,2662716,1,East Anglian Region,Lower Than A Level,50-60%,0-35,0,60,0,Fail,15,0,1,1,1,0,1,1,1,1,1,0,1,1,1,10
BBB,2013J,2664036,1,London Region,A Level or Equivalent,60-70%,0-35,0,120,0,Fail,8,1,1,1,0,0,1,1,1,0,1,0,1,1,1,3
BBB,2013J,2680344,1,Scotland,HE Qualification,80-90%,35-55,0,60,0,Pass,9,1,0,0,0,1,1,0,0,0,1,0,0,1,1,4
BBB,2013J,2680885,1,South Region,Lower Than A Level,50-60%,0-35,0,60,1,Distinction,8,0,1,1,0,1,1,0,0,1,0,1,0,0,0,3
BBB,2013J,2690077,0,Yorkshire Region,A Level or Equivalent,50-60%,35-55,2,75,0,Withdrawn,16,1,1,1,1,1,1,1,1,1,1,0,0,0,0,10
BBB,2013J,2691100,1,Yorkshire Region,Lower Than A Level,0-10%,0-35,0,120,0,Pass,6,1,0,1,1,1,1,0,0,0,1,1,0,1,0,9
BBB,2013J,2691566,1,North Region,Lower Than A Level,0-10%,0-35,0,60,0,Fail,7,1,1,1,1,0,1,1,1,0,1,1,1,0,1,3
BBB,2013J,2693772,1,London Region,Lower Than A Level,30-40%,0-35,0,60,0,Withdrawn,11,1,0,0,0,1,0,1,1,1,0,0,0,0,0,6
BBB,2014B,25629,1,Scotland,Lower Than A Level,20-30%,0-35,1,120,0,Withdrawn,4,0,0,0,0,1,0,0,1,0,1,1,0,0,1,8
BBB,2014B,25997,1,London Region,A Level or Equivalent,20-30%,0-35,2,60,0,Withdrawn,3,0,0,1,0,0,1,1,0,0,1,0,1,1,0,8
BBB,2014B,27891,0,Scotland,Lower Than A Level,0-10%,0-35,4,120,1,Fail,12,1,1,0,1,0,0,1,0,1,1,0,0,0,0,7
BBB,2014B,38941,1,East Midlands Region,A Level or Equivalent,20-Oct,0-35,0,60,0,Fail,4,1,0,1,0,0,0,1,1,1,1,1,1,1,0,8
BBB,2014B,50069,1,Scotland,A Level or Equivalent,30-40%,0-35,0,90,0,Fail,1,1,1,0,1,0,1,1,1,0,0,1,1,0,0,2
BBB,2014B,52426,1,Scotland,Lower Than A Level,70-80%,35-55,1,60,0,Fail,1,1,1,0,0,1,1,0,0,0,0,0,0,1,1,2
BBB,2014B,55968,1,Wales,Lower Than A Level,20-Oct,0-35,0,120,0,Fail,16,0,1,0,0,0,1,1,0,1,1,1,0,0,0,10
BBB,2014B,59725,1,Wales,HE Qualification,40-50%,35-55,0,120,0,Distinction,6,1,0,0,0,1,0,0,1,0,0,0,0,1,1,9
BBB,2014B,60416,1,East Anglian Region,Lower Than A Level,60-70%,0-35,1,60,0,Pass,5,0,0,1,0,0,1,1,0,0,1,1,0,1,0,9
BBB,2014B,60830,1,South Region,HE Qualification,60-70%,0-35,0,120,0,Pass,6,0,1,0,0,0,0,0,0,0,1,1,1,0,1,9
BBB,2014B,63721,1,South East Region,Lower Than A Level,80-90%,0-35,0,60,1,Distinction,9,1,0,1,1,0,1,1,1,1,1,0,0,0,0,4
BBB,2014B,64275,1,West Midlands Region,Lower Than A Level,0-10%,0-35,2,60,1,Pass,15,0,1,0,0,1,0,0,1,1,1,1,0,0,0,10
BBB,2014B,72400,1,East Anglian Region,A Level or Equivalent,60-70%,0-35,0,120,1,Distinction,8,0,0,1,1,0,1,1,1,1,1,0,0,0,0,3
BBB,2014B,75118,1,North Western Region,Lower Than A Level,0-10%,0-35,0,150,1,Withdrawn,4,1,0,1,0,0,0,1,1,1,1,1,0,1,0,8
BBB,2014B,76196,1,North Western Region,Lower Than A Level,0-10%,35-55,1,120,1,Withdrawn,13,0,1,1,1,0,1,1,0,0,1,0,0,0,1,5
BBB,2014B,78255,1,North Region,Lower Than A Level,0-10%,0-35,2,120,0,Fail,11,1,0,0,1,1,1,1,0,1,0,0,0,0,0,6
BBB,2014B,80001,1,South West Region,Lower Than A Level,30-40%,0-35,0,60,0,Fail,11,1,1,1,1,1,1,1,0,0,0,1,0,1,1,6
BBB,2014B,88340,1,Wales,Lower Than A Level,30-40%,0-35,0,60,1,Withdrawn,1,0,0,0,0,1,0,0,0,1,0,1,1,0,1,2
BBB,2014B,89092,1,Wales,Lower Than A Level,50-60%,0-35,2,60,0,Pass,11,0,1,1,1,1,0,0,0,1,1,1,1,1,0,6
BBB,2014B,89778,0,South East Region,A Level or Equivalent,70-80%,0-35,1,120,0,Distinction,11,0,0,0,0,1,0,0,1,0,0,1,0,0,1,6
BBB,2014B,90361,1,Wales,HE Qualification,20-30%,35-55,0,60,0,Pass,16,0,1,0,0,1,0,1,1,1,0,0,0,0,1,10
BBB,2014B,92274,1,East Anglian Region,Lower Than A Level,60-70%,0-35,2,120,0,Withdrawn,9,0,0,1,1,0,0,1,0,1,0,0,1,0,1,4
BBB,2014B,92341,1,North Western Region,Lower Than A Level,40-50%,0-35,2,60,0,Fail,3,0,0,1,0,0,0,1,1,0,1,1,1,0,1,8
BBB,2014B,93925,1,East Anglian Region,Lower Than A Level,70-80%,0-35,0,60,0,Withdrawn,15,0,1,1,0,0,0,1,1,0,1,0,1,0,1,10
BBB,2014B,97006,1,East Anglian Region,A Level or Equivalent,60-70%,35-55,1,60,0,Pass,16,0,0,1,1,0,1,0,0,0,0,1,0,1,0,10
BBB,2014B,97865,1,Yorkshire Region,Lower Than A Level,20-30%,0-35,3,60,0,Withdrawn,8,1,1,1,1,0,0,1,1,0,1,1,1,0,1,3
BBB,2014B,99799,1,East Midlands Region,A Level or Equivalent,20-Oct,0-35,1,120,0,Pass,15,0,0,1,0,1,1,0,0,0,0,0,0,1,0,10
BBB,2014B,103535,1,South West Region,A Level or Equivalent,40-50%,0-35,0,120,0,Pass,10,1,0,1,1,0,1,0,1,0,0,0,1,1,1,1
BBB,2014B,104238,1,East Midlands Region,Lower Than A Level,20-Oct,0-35,0,120,0,Withdrawn,7,0,0,1,0,1,1,1,1,1,1,1,0,0,0,3
BBB,2014B,107713,1,East Anglian Region,Lower Than A Level,40-50%,0-35,2,150,0,Withdrawn,3,1,0,0,1,1,1,0,1,1,0,0,1,1,0,8
BBB,2014B,108799,1,Scotland,Post Graduate Qualification,90-100%,35-55,0,75,0,Distinction,7,1,1,1,0,1,1,0,0,0,1,1,1,1,0,3
BBB,2014B,115452,1,East Anglian Region,Lower Than A Level,30-40%,0-35,1,120,0,Fail,5,0,1,0,0,0,1,1,1,0,0,1,1,0,0,9
BBB,2014B,117699,1,South Region,A Level or Equivalent,40-50%,0-35,0,120,0,Distinction,2,1,0,0,0,0,0,0,1,0,0,1,0,1,1,2
BBB,2014B,119471,1,East Midlands Region,Lower Than A Level,0-10%,35-55,1,120,0,Fail,15,1,0,1,1,1,1,0,1,1,0,0,1,0,0,10
BBB,2014B,123270,1,North Western Region,Lower Than A Level,50-60%,35-55,0,60,0,Fail,5,0,0,1,0,0,1,1,1,0,1,1,0,1,0,9
BBB,2014B,123462,0,Scotland,HE Qualification,80-90%,0-35,1,120,0,Pass,9,1,0,1,0,0,1,0,0,0,1,0,1,0,1,4
BBB,2014B,125055,1,East Midlands Region,A Level or Equivalent,0-10%,0-35,0,60,1,Pass,7,0,1,0,0,0,0,1,0,1,0,1,1,0,0,3
BBB,2014B,126608,0,Wales,A Level or Equivalent,40-50%,0-35,0,60,0,Pass,10,0,1,0,0,1,0,1,0,0,0,1,1,0,1,1
BBB,2014B,126713,1,London Region,A Level or Equivalent,0-10%,0-35,0,120,0,Pass,2,0,0,1,0,1,1,1,0,1,1,1,1,0,1,2
BBB,2014B,130013,1,East Anglian Region,A Level or Equivalent,20-30%,0-35,0,60,1,Pass,8,0,1,1,0,0,0,1,1,0,0,0,1,0,0,3
BBB,2014B,132972,1,London Region,Lower Than A Level,20-30%,0-35,0,240,0,Pass,13,1,0,0,0,0,1,0,1,0,1,1,1,0,1,5
BBB,2014B,139250,1,Scotland,A Level or Equivalent,20-30%,0-35,0,60,0,Distinction,12,1,1,0,0,1,1,0,1,0,0,1,1,0,1,7
BBB,2014B,140719,1,London Region,HE Qualification,20-30%,0-35,1,240,0,Fail,3,0,0,1,0,0,1,1,1,0,1,0,0,1,1,8
BBB,2014B,148427,1,South East Region,A Level or Equivalent,20-30%,0-35,0,120,0,Pass,8,0,1,0,0,0,1,1,0,0,0,0,1,0,0,3
BBB,2014B,155631,1,South Region,Lower Than A Level,80-90%,0-35,0,60,0,Pass,13,1,0,0,0,0,1,1,1,1,0,1,0,1,1,5
BBB,2014B,157276,1,North Western Region,A Level or Equivalent,80-90%,35-55,0,60,0,Distinction,8,0,1,1,0,1,1,1,0,0,0,0,0,1,0,3
BBB,2014B,159293,0,South East Region,A Level or Equivalent,20-30%,0-35,0,120,0,Distinction,2,1,0,0,0,1,1,0,0,0,1,0,0,0,1,2
BBB,2014B,165904,1,South Region,A Level or Equivalent,30-40%,0-35,1,120,0,Distinction,14,1,1,1,1,1,0,1,1,0,0,1,0,0,1,5
BBB,2014B,170519,1,South Region,A Level or Equivalent,20-Oct,0-35,1,120,0,Withdrawn,1,0,1,0,1,0,1,1,0,1,1,1,1,0,0,2
BBB,2014B,171751,1,South West Region,A Level or Equivalent,30-40%,35-55,0,60,0,Pass,13,1,0,0,0,1,1,0,1,1,1,1,1,1,0,5
BBB,2014B,172137,1,Wales,A Level or Equivalent,90-100%,35-55,0,60,0,Pass,6,1,0,1,1,0,0,1,0,0,0,1,0,1,0,9
BBB,2014B,183287,1,Wales,Lower Than A Level,40-50%,0-35,0,90,1,Withdrawn,3,1,0,1,1,1,1,0,1,1,1,1,0,1,0,8
BBB,2014B,185021,1,East Anglian Region,Lower Than A Level,80-90%,0-35,1,60,0,Pass,8,0,0,1,0,1,1,0,0,1,0,1,0,0,1,3
BBB,2014B,186565,1,East Midlands Region,A Level or Equivalent,20-Oct,0-35,1,120,0,Fail,1,1,0,0,1,0,1,0,0,1,1,0,0,1,1,2
BBB,2014B,187257,1,South Region,HE Qualification,50-60%,35-55,0,60,0,Pass,3,0,1,1,1,0,0,0,1,0,0,1,1,0,1,8
BBB,2014B,187601,1,South West Region,A Level or Equivalent,80-90%,35-55,0,135,0,Pass,7,0,0,0,1,1,0,1,1,0,1,0,1,1,1,3
BBB,2014B,189035,1,East Midlands Region,Lower Than A Level,60-70%,0-35,0,60,0,Pass,1,0,0,0,1,1,0,0,1,1,0,1,0,1,1,2
BBB,2014B,189986,1,Scotland,Lower Than A Level,60-70%,0-35,0,60,0,Withdrawn,5,0,0,1,1,0,1,1,1,1,0,1,1,1,1,9
BBB,2014B,190352,1,North Region,No Formal quals,20-Oct,0-35,0,60,0,Fail,16,1,1,1,0,0,1,0,0,1,0,1,0,0,0,10
BBB,2014B,190565,1,Wales,Lower Than A Level,20-30%,35-55,0,60,1,Pass,9,0,0,0,1,0,0,0,1,1,0,1,1,1,1,4
BBB,2014B,194073,1,North Western Region,A Level or Equivalent,0-10%,0-35,0,120,0,Withdrawn,10,1,1,1,0,0,0,0,1,1,0,0,0,1,1,1
BBB,2014B,200506,1,North Western Region,Lower Than A Level,30-40%,35-55,0,60,0,Withdrawn,11,0,1,0,0,0,0,0,1,0,1,0,0,0,1,6
BBB,2014B,201431,1,Wales,Lower Than A Level,50-60%,35-55,0,120,0,Pass,5,1,1,0,1,0,0,0,0,1,0,1,0,1,0,9
BBB,2014B,202394,1,Wales,A Level or Equivalent,40-50%,0-35,0,60,0,Distinction,7,1,1,0,0,0,0,1,0,1,0,1,0,0,0,3
BBB,2014B,206003,1,South East Region,A Level or Equivalent,40-50%,35-55,0,60,0,Distinction,16,0,1,0,1,0,1,0,1,1,1,1,1,0,1,10
BBB,2014B,226747,1,East Anglian Region,A Level or Equivalent,70-80%,0-35,0,60,0,Distinction,13,0,1,0,1,0,1,1,1,0,0,1,1,1,1,5
BBB,2014B,228481,1,London Region,A Level or Equivalent,80-90%,0-35,0,90,0,Pass,8,0,1,0,1,0,1,1,0,0,1,1,1,1,0,3
BBB,2014B,228784,1,Ireland,Lower Than A Level,20-Oct,0-35,3,120,0,Pass,8,1,0,1,1,1,1,0,1,1,0,0,1,1,0,3
BBB,2014B,228824,1,Wales,HE Qualification,20-30%,0-35,0,120,0,Pass,1,1,1,0,1,1,0,0,0,1,0,0,1,1,1,2
BBB,2014B,231959,1,North Region,Lower Than A Level,20-30%,35-55,2,180,0,Fail,5,0,0,1,1,1,0,1,1,1,1,1,1,1,1,9
BBB,2014B,232539,1,South East Region,Lower Than A Level,20-30%,0-35,0,60,0,Distinction,1,1,1,1,1,0,0,1,1,1,0,1,0,1,0,2
BBB,2014B,233095,1,West Midlands Region,A Level or Equivalent,50-60%,0-35,0,60,0,Pass,3,1,1,0,1,1,1,0,0,1,0,0,0,1,1,8
BBB,2014B,233102,1,South East Region,Lower Than A Level,30-40%,0-35,1,240,0,Pass,16,1,0,0,0,0,0,1,1,1,1,0,1,1,1,10
BBB,2014B,235097,1,North Western Region,Lower Than A Level,40-50%,0-35,2,120,1,Withdrawn,4,0,1,1,0,1,1,0,1,1,1,1,0,0,0,8
BBB,2014B,235380,1,South Region,Lower Than A Level,70-80%,0-35,0,60,0,Fail,16,1,0,0,0,1,0,0,0,0,1,0,1,0,1,10
BBB,2014B,235428,0,London Region,Lower Than A Level,20-30%,35-55,1,150,0,Fail,1,1,0,0,0,1,1,0,0,0,0,1,0,1,1,2
BBB,2014B,236161,1,South Region,A Level or Equivalent,90-100%,35-55,0,60,0,Pass,6,0,1,1,0,0,1,0,1,0,1,0,1,0,1,9
BBB,2014B,238519,0,South Region,Lower Than A Level,40-50%,0-35,0,120,0,Withdrawn,16,0,1,0,0,0,0,1,1,0,1,0,1,0,1,10
BBB,2014B,242390,1,London Region,Lower Than A Level,20-Oct,0-35,1,60,0,Fail,12,0,1,0,1,0,1,1,0,1,0,1,0,1,1,7
BBB,2014B,244064,1,North Western Region,A Level or Equivalent,30-40%,0-35,0,60,0,Distinction,12,1,1,0,0,1,1,0,0,0,0,0,0,1,1,7
BBB,2014B,247292,1,Wales,Lower Than A Level,40-50%,35-55,0,60,0,Pass,2,1,1,1,0,1,0,0,1,1,1,0,1,0,0,2
BBB,2014B,247513,1,East Midlands Region,HE Qualification,40-50%,35-55,0,60,0,Pass,1,0,1,0,1,1,0,0,0,1,0,0,1,0,0,2
BBB,2014B,250123,1,South Region,Lower Than A Level,0-10%,0-35,0,120,1,Distinction,9,0,0,0,1,1,1,0,0,1,1,1,0,1,1,4
BBB,2014B,252652,1,London Region,A Level or Equivalent,50-60%,35-55,2,120,0,Pass,8,0,0,1,0,0,1,1,0,1,1,1,1,1,1,3
BBB,2014B,260955,1,Yorkshire Region,Lower Than A Level,20-Oct,35-55,0,120,0,Fail,4,0,1,1,0,1,0,1,0,1,1,1,0,0,1,8
BBB,2014B,262294,1,North Western Region,Lower Than A Level,0-10%,0-35,3,120,1,Fail,3,0,0,0,1,0,1,0,1,1,1,0,1,1,1,8
BBB,2014B,263098,0,South West Region,A Level or Equivalent,20-30%,0-35,0,90,0,Withdrawn,16,1,0,1,1,1,1,0,0,0,0,1,0,1,1,10
BBB,2014B,264106,1,South Region,Lower Than A Level,90-100%,35-55,0,120,0,Pass,10,1,1,1,0,0,1,0,1,0,0,1,1,0,0,1
BBB,2014B,265958,1,North Western Region,Lower Than A Level,20-Oct,0-35,4,180,0,Fail,2,1,0,1,1,1,0,1,1,0,1,1,0,1,1,2
BBB,2014B,266744,1,South West Region,A Level or Equivalent,30-40%,0-35,1,240,0,Withdrawn,13,1,0,0,0,1,1,1,0,1,0,1,0,0,1,5
BBB,2014B,268301,0,Scotland,HE Qualification,60-70%,35-55,0,75,0,Distinction,6,1,0,1,1,0,1,1,1,0,1,0,1,0,0,9
BBB,2014B,270256,1,South East Region,A Level or Equivalent,20-Oct,0-35,0,60,0,Withdrawn,8,0,0,0,0,0,1,1,1,1,0,1,0,1,1,3
BBB,2014B,271346,1,East Anglian Region,A Level or Equivalent,90-100%,0-35,2,150,0,Withdrawn,7,0,0,0,1,1,1,0,1,0,1,1,1,0,0,3
BBB,2014B,271467,1,South West Region,A Level or Equivalent,20-30%,35-55,0,150,0,Fail,15,0,0,1,1,0,0,0,0,0,1,1,0,1,0,10
BBB,2014B,275006,1,London Region,Lower Than A Level,20-30%,0-35,1,120,0,Withdrawn,10,0,1,0,1,0,1,1,1,1,0,0,1,1,0,1
BBB,2014B,275112,1,Wales,No Formal quals,0-10%,35-55,3,120,0,Fail,14,1,1,0,0,1,0,1,1,0,0,0,0,0,0,5
BBB,2014B,279557,1,North Western Region,A Level or Equivalent,20-30%,35-55,0,60,0,Withdrawn,12,0,0,1,0,0,0,1,0,0,0,1,0,1,0,7
BBB,2014B,282161,1,East Anglian Region,Lower Than A Level,50-60%,0-35,3,120,0,Withdrawn,11,1,0,1,1,1,1,1,0,1,0,1,1,0,1,6
BBB,2014B,282713,1,London Region,HE Qualification,0-10%,35-55,0,60,0,Pass,3,0,0,0,1,1,1,0,1,1,0,0,0,0,1,8
BBB,2014B,283131,0,West Midlands Region,A Level or Equivalent,0-10%,0-35,0,60,0,Fail,15,1,0,1,0,1,0,1,0,0,1,0,0,0,0,10
BBB,2014B,283564,1,East Anglian Region,Lower Than A Level,20-Oct,0-35,0,60,0,Fail,16,1,0,0,1,1,1,1,0,0,1,1,1,1,0,10
BBB,2014B,283978,1,South West Region,A Level or Equivalent,20-30%,35-55,5,150,1,Fail,2,0,1,0,1,0,0,0,0,1,1,0,1,1,0,2
BBB,2014B,284589,1,East Anglian Region,Lower Than A Level,60-70%,0-35,0,60,0,Withdrawn,11,1,0,1,1,0,0,1,0,1,1,0,1,1,0,6
BBB,2014B,284593,1,Scotland,Post Graduate Qualification,60-70%,35-55,0,120,0,Withdrawn,8,0,0,1,0,1,1,0,1,1,0,1,0,1,1,3
BBB,2014B,285567,1,South West Region,Lower Than A Level,40-50%,35-55,0,90,0,Pass,12,1,1,0,0,1,0,1,1,0,1,0,0,0,1,7
BBB,2014B,286914,1,South Region,HE Qualification,40-50%,35-55,0,60,0,Pass,13,1,1,0,0,0,0,1,0,0,1,1,0,1,1,5
BBB,2014B,287004,1,Yorkshire Region,HE Qualification,40-50%,35-55,0,60,0,Withdrawn,12,1,1,0,0,1,0,1,1,0,1,1,0,1,1,7
BBB,2014B,288717,1,North Western Region,Lower Than A Level,20-30%,0-35,1,60,0,Withdrawn,4,0,0,1,0,0,0,0,1,1,0,1,0,0,1,8
BBB,2014B,288967,0,South East Region,Lower Than A Level,20-30%,35-55,0,60,0,Pass,11,0,1,1,1,0,0,1,1,0,1,1,1,0,0,6
BBB,2014B,289108,1,Wales,A Level or Equivalent,30-40%,35-55,1,60,0,Pass,11,1,1,0,1,1,1,1,0,0,1,0,0,1,0,6
BBB,2014B,289993,1,North Region,HE Qualification,20-Oct,0-35,0,120,0,Withdrawn,5,1,0,1,1,0,1,0,0,1,1,0,1,1,1,9
BBB,2014B,290914,0,North Region,A Level or Equivalent,0-10%,0-35,2,120,1,Distinction,5,1,0,0,0,1,1,0,1,0,1,1,1,0,0,9
BBB,2014B,291844,1,East Anglian Region,A Level or Equivalent,80-90%,0-35,0,120,0,Pass,6,1,1,0,0,1,1,0,0,0,0,1,1,1,1,9
BBB,2014B,291848,1,Wales,HE Qualification,30-40%,35-55,3,120,0,Fail,13,0,0,1,0,1,0,1,0,0,1,1,0,0,0,5
BBB,2014B,293992,1,East Midlands Region,A Level or Equivalent,90-100%,0-35,0,60,0,Pass,12,0,0,1,0,1,1,1,1,1,0,0,0,1,1,7
BBB,2014B,294513,1,Wales,HE Qualification,80-90%,0-35,0,60,0,Distinction,13,0,0,1,0,1,0,1,1,0,0,0,1,0,1,5
BBB,2014B,295728,1,Wales,Lower Than A Level,20-30%,0-35,2,120,0,Fail,12,1,1,1,1,1,1,1,0,1,1,0,0,0,0,7
BBB,2014B,296232,1,South West Region,A Level or Equivalent,80-90%,0-35,0,60,0,Pass,15,0,1,1,0,0,1,0,1,0,1,1,1,0,0,10
BBB,2014B,297179,1,North Region,Lower Than A Level,50-60%,35-55,0,60,0,Withdrawn,6,1,0,1,1,0,1,1,1,1,1,0,1,0,1,9
BBB,2014B,299027,1,Wales,Lower Than A Level,60-70%,35-55,0,120,0,Fail,14,0,0,1,1,1,0,1,0,1,1,0,0,1,1,5
BBB,2014B,299485,1,South West Region,A Level or Equivalent,60-70%,0-35,0,60,0,Withdrawn,12,0,0,0,0,1,1,1,0,0,1,1,0,0,1,7
BBB,2014B,304607,1,South Region,A Level or Equivalent,70-80%,35-55,0,60,0,Fail,12,0,0,1,1,0,1,1,1,0,1,1,0,1,0,7
BBB,2014B,305307,0,North Western Region,HE Qualification,0-10%,0-35,0,60,0,Withdrawn,10,0,1,0,1,1,0,0,1,1,0,1,0,0,0,1
BBB,2014B,305373,1,London Region,Lower Than A Level,0-10%,0-35,0,150,1,Fail,15,1,0,0,1,0,1,1,0,0,1,0,1,1,0,10
BBB,2014B,305824,1,South Region,A Level or Equivalent,90-100%,0-35,2,60,0,Withdrawn,12,0,1,0,1,1,0,1,1,0,0,0,1,1,0,7
BBB,2014B,307386,1,Ireland,HE Qualification,50-60%,0-35,2,180,0,Pass,1,0,0,1,1,1,0,1,0,1,1,1,0,1,0,2
BBB,2014B,308345,1,Yorkshire Region,A Level or Equivalent,90-100%,0-35,0,60,0,Fail,13,0,0,0,0,0,1,1,1,1,0,0,0,0,0,5
BBB,2014B,311599,1,London Region,A Level or Equivalent,90-100%,0-35,0,120,0,Pass,12,1,0,0,0,0,1,0,0,1,0,1,1,1,1,7
BBB,2014B,311889,1,Wales,HE Qualification,20-Oct,35-55,0,60,0,Fail,11,1,1,0,1,0,1,0,0,0,0,1,0,1,0,6
BBB,2014B,312275,1,London Region,Lower Than A Level,0-10%,35-55,2,60,0,Withdrawn,16,0,0,0,1,0,1,1,1,1,0,1,0,0,0,10
BBB,2014B,313246,1,South West Region,A Level or Equivalent,70-80%,0-35,0,60,0,Pass,10,0,1,0,1,1,0,1,0,1,0,1,0,1,0,1
BBB,2014B,317855,1,East Anglian Region,Lower Than A Level,30-40%,35-55,1,120,0,Withdrawn,15,0,1,0,0,1,0,0,0,0,0,0,0,0,1,10
BBB,2014B,318500,1,East Midlands Region,A Level or Equivalent,30-40%,0-35,0,60,0,Fail,15,0,1,1,1,1,0,0,0,1,0,1,0,0,1,10
BBB,2014B,318876,1,London Region,A Level or Equivalent,40-50%,35-55,0,150,0,Pass,12,1,1,1,1,1,0,0,0,1,1,0,1,1,1,7
BBB,2014B,319606,1,Ireland,A Level or Equivalent,30-40%,0-35,3,60,0,Fail,10,1,1,0,0,1,1,1,1,1,1,1,1,0,0,1
BBB,2014B,320363,1,South Region,Lower Than A Level,20-30%,35-55,0,60,0,Fail,6,0,0,1,1,1,0,0,0,1,1,1,0,1,0,9
BBB,2014B,320661,1,North Region,A Level or Equivalent,20-30%,0-35,0,180,0,Withdrawn,1,0,0,0,1,1,1,1,0,1,1,0,0,0,0,2
BBB,2014B,321121,1,West Midlands Region,Lower Than A Level,40-50%,0-35,1,120,0,Pass,16,1,1,0,1,1,1,1,1,1,1,0,1,0,0,10
BBB,2014B,321142,1,South West Region,Lower Than A Level,30-40%,0-35,1,60,0,Fail,15,1,1,0,1,0,1,0,0,0,1,1,0,1,1,10
BBB,2014B,321346,1,North Western Region,A Level or Equivalent,0-10%,0-35,0,120,1,Pass,1,0,1,1,1,1,0,0,1,1,0,1,0,0,1,2
BBB,2014B,322325,0,South Region,Lower Than A Level,70-80%,0-35,0,60,0,Fail,4,0,0,1,1,0,1,1,1,0,0,1,1,1,1,8
BBB,2014B,322509,1,South Region,A Level or Equivalent,40-50%,0-35,0,60,0,Pass,2,1,0,1,0,1,0,1,0,0,0,1,1,0,1,2
BBB,2014B,324907,1,Wales,Lower Than A Level,0-10%,35-55,0,60,0,Pass,12,1,0,0,0,0,1,1,0,0,1,0,0,0,1,7
BBB,2014B,325080,1,East Midlands Region,A Level or Equivalent,90-100%,0-35,0,120,0,Pass,16,1,1,0,1,0,0,0,0,0,0,1,0,0,0,10
BBB,2014B,325308,1,East Anglian Region,A Level or Equivalent,50-60%,0-35,0,60,0,Distinction,3,1,1,1,0,1,1,0,0,1,0,0,0,1,1,8
BBB,2014B,327003,1,South Region,HE Qualification,80-90%,0-35,0,90,0,Distinction,8,1,0,1,1,0,0,0,1,1,1,1,0,1,1,3
BBB,2014B,327641,1,East Anglian Region,Lower Than A Level,20-30%,0-35,0,60,0,Pass,8,1,1,0,1,1,1,1,0,0,1,0,0,0,0,3
BBB,2014B,331156,1,West Midlands Region,Lower Than A Level,0-10%,35-55,0,60,0,Pass,8,0,1,0,0,0,1,0,0,1,0,0,1,1,1,3
BBB,2014B,331494,1,West Midlands Region,Lower Than A Level,30-40%,0-35,1,120,0,Withdrawn,10,0,0,0,0,0,1,0,1,0,0,1,1,1,1,1
BBB,2014B,334023,1,South Region,A Level or Equivalent,70-80%,0-35,0,60,0,Pass,14,0,0,0,1,1,1,1,0,1,1,0,1,1,0,5
BBB,2014B,334565,0,Wales,Post Graduate Qualification,80-90%,35-55,1,120,0,Distinction,6,0,1,0,0,0,0,0,0,1,0,1,0,0,0,9
BBB,2014B,334981,1,South Region,A Level or Equivalent,70-80%,35-55,6,120,0,Distinction,16,1,0,0,1,1,1,1,0,0,1,1,0,1,0,10
BBB,2014B,336356,1,South West Region,A Level or Equivalent,20-Oct,0-35,0,120,0,Pass,13,0,0,1,0,1,1,1,0,0,1,1,0,0,0,5
BBB,2014B,338168,1,East Anglian Region,Lower Than A Level,70-80%,35-55,0,120,0,Fail,16,0,0,1,0,0,1,0,1,0,1,1,1,0,1,10
BBB,2014B,339381,0,West Midlands Region,A Level or Equivalent,0-10%,0-35,0,60,0,Pass,9,1,1,1,0,0,0,1,0,1,1,1,0,0,0,4
BBB,2014B,340831,0,West Midlands Region,A Level or Equivalent,30-40%,35-55,1,60,0,Pass,16,0,1,0,0,1,0,0,0,0,1,0,0,0,0,10
BBB,2014B,340962,1,Ireland,A Level or Equivalent,40-50%,0-35,0,60,0,Withdrawn,9,1,0,1,0,1,1,0,0,1,1,0,0,0,1,4
BBB,2014B,341027,0,East Midlands Region,Lower Than A Level,20-Oct,0-35,0,120,0,Withdrawn,3,1,0,0,1,1,0,0,1,0,1,0,0,1,1,8
BBB,2014B,342017,1,West Midlands Region,Lower Than A Level,0-10%,0-35,1,60,0,Fail,10,1,0,1,1,0,1,0,0,1,1,0,1,0,0,1
BBB,2014B,347864,0,West Midlands Region,A Level or Equivalent,30-40%,35-55,1,60,0,Withdrawn,7,0,1,1,1,0,1,0,0,1,0,0,1,0,1,3
BBB,2014B,348771,1,South West Region,Lower Than A Level,50-60%,0-35,0,120,0,Fail,14,1,1,1,0,0,0,0,1,0,1,1,1,0,0,5
BBB,2014B,349258,1,Wales,Lower Than A Level,20-30%,0-35,0,60,0,Fail,2,0,0,0,0,0,1,0,0,0,0,1,0,0,0,2
BBB,2014B,349401,1,South East Region,A Level or Equivalent,20-30%,0-35,0,180,1,Withdrawn,11,0,1,0,1,0,1,0,1,0,0,1,1,0,0,6
BBB,2014B,351767,1,South East Region,HE Qualification,20-30%,35-55,1,60,0,Withdrawn,14,0,0,1,1,1,0,1,1,1,1,0,0,1,0,5
BBB,2014B,352009,0,West Midlands Region,HE Qualification,0-10%,35-55,0,60,0,Fail,9,1,1,1,0,1,1,0,1,1,1,0,1,0,1,4
BBB,2014B,352953,1,Scotland,HE Qualification,50-60%,0-35,2,120,0,Withdrawn,10,0,1,0,1,0,1,0,1,1,1,0,1,1,1,1
BBB,2014B,354121,1,West Midlands Region,Lower Than A Level,20-30%,0-35,0,120,0,Withdrawn,9,0,1,1,1,1,1,1,1,1,1,0,1,0,1,4
BBB,2014B,354560,1,West Midlands Region,Lower Than A Level,20-Oct,0-35,1,120,0,Withdrawn,1,1,1,1,0,0,0,0,1,1,1,1,1,0,0,2
BBB,2014B,354984,1,South West Region,A Level or Equivalent,50-60%,0-35,0,90,0,Pass,16,0,1,0,0,1,1,0,0,0,0,0,1,0,1,10
BBB,2014B,355147,1,South East Region,A Level or Equivalent,70-80%,35-55,1,120,0,Pass,11,1,0,0,0,0,0,1,0,1,0,1,0,0,0,6
BBB,2014B,355369,1,Yorkshire Region,A Level or Equivalent,80-90%,35-55,2,60,0,Fail,7,1,0,1,0,0,0,0,1,0,1,1,1,1,0,3
BBB,2014B,355643,1,Ireland,A Level or Equivalent,60-70%,0-35,0,60,0,Pass,4,0,1,0,1,0,1,0,0,0,0,0,0,0,1,8
BBB,2014B,356386,1,South West Region,Lower Than A Level,20-30%,0-35,1,60,1,Fail,2,1,0,0,1,0,0,1,1,1,0,0,1,1,0,2
BBB,2014B,358054,1,Scotland,HE Qualification,70-80%,35-55,0,60,0,Withdrawn,5,0,1,1,1,1,1,0,1,0,1,0,1,0,0,9
BBB,2014B,358956,1,East Anglian Region,Lower Than A Level,30-40%,0-35,1,120,0,Pass,1,0,1,0,1,1,0,1,1,1,1,1,0,0,0,2
BBB,2014B,359438,1,Wales,A Level or Equivalent,20-30%,0-35,2,60,0,Distinction,2,1,0,1,1,0,0,1,0,1,1,0,1,0,1,2
BBB,2014B,360190,1,South West Region,Lower Than A Level,50-60%,0-35,1,180,0,Fail,8,1,0,1,0,1,0,1,1,0,0,1,1,1,1,3
BBB,2014B,363110,1,South East Region,A Level or Equivalent,20-30%,0-35,1,180,0,Pass,16,1,1,1,0,0,0,0,1,1,0,1,1,0,0,10
BBB,2014B,363396,1,South West Region,A Level or Equivalent,30-40%,0-35,0,60,0,Distinction,5,1,0,0,0,0,1,0,1,1,0,1,0,1,0,9
BBB,2014B,364712,1,London Region,No Formal quals,20-Oct,0-35,1,120,0,Withdrawn,9,0,0,0,1,0,0,0,1,0,0,0,0,1,0,4
BBB,2014B,365111,1,Scotland,HE Qualification,30-40%,0-35,1,75,1,Withdrawn,6,1,1,0,1,1,1,0,1,0,0,0,0,0,1,9
BBB,2014B,365488,1,Wales,A Level or Equivalent,60-70%,0-35,2,60,0,Fail,6,0,0,0,0,0,1,1,1,1,0,1,1,0,1,9
BBB,2014B,366936,1,South East Region,A Level or Equivalent,20-Oct,0-35,1,120,0,Withdrawn,5,0,1,1,0,1,1,1,1,0,1,0,0,0,1,9
BBB,2014B,367535,1,South West Region,Lower Than A Level,40-50%,0-35,0,60,0,Pass,6,1,0,1,0,0,1,0,1,1,1,1,1,1,1,9
BBB,2014B,369715,1,West Midlands Region,Lower Than A Level,0-10%,0-35,1,120,1,Pass,16,1,1,0,0,0,1,1,0,0,1,1,0,0,1,10
BBB,2014B,370008,1,Scotland,A Level or Equivalent,30-40%,0-35,2,120,0,Fail,13,0,0,0,1,1,1,0,1,0,1,0,1,1,1,5
BBB,2014B,372997,1,Wales,HE Qualification,80-90%,35-55,0,120,0,Distinction,1,0,1,0,1,0,1,0,1,1,0,1,0,1,1,2
BBB,2014B,374515,1,East Anglian Region,Lower Than A Level,40-50%,35-55,0,60,1,Withdrawn,7,0,1,1,0,0,1,1,1,0,0,1,1,1,0,3
BBB,2014B,374747,0,London Region,Lower Than A Level,50-60%,35-55,0,60,0,Pass,1,1,1,1,1,0,0,1,0,0,0,0,1,0,1,2
BBB,2014B,375711,1,Wales,A Level or Equivalent,40-50%,0-35,0,60,0,Fail,7,1,1,1,0,1,1,0,1,1,1,0,1,0,0,3
BBB,2014B,375717,1,South East Region,A Level or Equivalent,90-100%,0-35,0,120,0,Pass,9,1,0,0,0,0,0,0,0,1,0,0,0,1,1,4
BBB,2014B,376868,1,East Midlands Region,Lower Than A Level,20-Oct,0-35,4,180,0,Fail,6,0,0,0,0,0,1,1,1,1,1,1,1,1,1,9
BBB,2014B,377469,1,South East Region,Lower Than A Level,20-30%,0-35,0,60,0,Pass,14,0,1,1,1,0,1,1,1,1,1,0,1,0,1,5
BBB,2014B,377929,1,West Midlands Region,Lower Than A Level,0-10%,0-35,0,60,0,Withdrawn,12,1,1,1,1,1,0,1,1,1,1,1,1,0,1,7
BBB,2014B,379785,1,South Region,HE Qualification,90-100%,35-55,0,60,0,Withdrawn,14,1,1,0,1,0,1,1,1,0,1,1,1,0,0,5
BBB,2014B,380184,1,Yorkshire Region,A Level or Equivalent,20-Oct,0-35,0,210,0,Pass,9,0,0,1,1,1,0,1,1,0,1,0,1,0,1,4
BBB,2014B,380204,1,West Midlands Region,A Level or Equivalent,40-50%,0-35,0,60,0,Pass,14,0,1,0,1,0,0,0,1,0,0,1,1,1,0,5
BBB,2014B,381525,1,East Anglian Region,Lower Than A Level,60-70%,0-35,0,60,1,Withdrawn,6,0,0,1,1,0,0,1,1,1,0,1,1,1,1,9
BBB,2014B,381533,1,South West Region,Lower Than A Level,80-90%,0-35,0,60,0,Pass,15,1,1,1,1,0,1,0,0,0,0,1,1,1,0,10
BBB,2014B,381544,1,East Anglian Region,HE Qualification,90-100%,35-55,0,60,0,Pass,14,1,0,0,1,0,1,0,1,1,0,1,0,1,0,5
BBB,2014B,381909,1,Yorkshire Region,A Level or Equivalent,60-70%,35-55,0,120,0,Distinction,14,0,1,0,1,0,1,0,1,0,1,0,0,0,0,5
BBB,2014B,381917,1,East Anglian Region,A Level or Equivalent,20-Oct,0-35,0,60,0,Distinction,14,0,1,0,1,1,0,1,0,0,0,0,1,1,1,5
BBB,2014B,382877,1,North Region,Lower Than A Level,20-Oct,0-35,0,60,0,Withdrawn,5,1,0,1,1,1,0,0,1,1,0,1,1,1,1,9
BBB,2014B,383241,1,Scotland,HE Qualification,60-70%,0-35,0,75,0,Pass,11,0,0,0,0,0,0,1,1,0,1,0,0,1,0,6
BBB,2014B,383967,1,East Anglian Region,A Level or Equivalent,50-60%,0-35,0,90,0,Pass,10,0,1,0,0,0,1,1,1,0,0,1,0,0,0,1
BBB,2014B,384099,1,East Anglian Region,Lower Than A Level,40-50%,35-55,1,150,0,Withdrawn,3,1,0,0,0,1,0,1,1,0,1,1,0,1,1,8
BBB,2014B,384636,1,Wales,Lower Than A Level,20-30%,0-35,0,120,0,Fail,4,1,0,0,0,0,1,0,0,1,0,0,0,0,0,8
BBB,2014B,384884,1,South Region,Lower Than A Level,60-70%,0-35,0,120,1,Pass,3,0,1,1,1,0,1,0,1,1,1,1,1,0,1,8
BBB,2014B,386374,1,South Region,Lower Than A Level,20-Oct,0-35,2,60,0,Fail,15,1,0,0,1,0,0,1,1,0,0,0,0,0,0,10
BBB,2014B,387276,1,North Western Region,Lower Than A Level,50-60%,35-55,3,120,0,Withdrawn,2,1,1,1,1,0,1,1,1,0,1,1,1,1,0,2
BBB,2014B,388041,1,North Western Region,A Level or Equivalent,60-70%,0-35,2,120,0,Withdrawn,4,1,0,0,1,1,1,1,0,1,0,0,1,0,0,8
BBB,2014B,388168,1,West Midlands Region,A Level or Equivalent,20-Oct,0-35,2,60,0,Withdrawn,8,0,0,1,0,1,1,0,0,0,0,0,1,1,1,3
BBB,2014B,389249,1,Wales,A Level or Equivalent,30-40%,0-35,0,60,0,Pass,5,0,1,0,0,0,1,0,0,0,0,0,0,0,0,9
BBB,2014B,391153,1,Ireland,A Level or Equivalent,20-30%,0-35,0,120,0,Pass,15,0,0,1,1,0,1,0,0,1,0,0,1,1,1,10
BBB,2014B,391556,1,Wales,No Formal quals,0-10%,35-55,0,60,0,Fail,11,0,0,0,0,0,0,1,1,0,0,0,1,0,0,6
BBB,2014B,392604,1,South Region,Lower Than A Level,80-90%,35-55,0,90,0,Pass,12,1,1,1,1,0,1,1,0,0,0,0,1,0,1,7
BBB,2014B,392733,1,London Region,HE Qualification,0-10%,35-55,0,120,0,Fail,14,0,0,0,0,1,0,0,1,0,0,1,1,0,1,5
BBB,2014B,393131,1,Scotland,Lower Than A Level,40-50%,0-35,0,60,0,Fail,5,1,1,1,0,0,1,0,1,1,0,0,0,0,0,9
BBB,2014B,394010,0,South West Region,Lower Than A Level,60-70%,0-35,0,180,0,Withdrawn,10,0,1,1,0,0,1,0,0,0,1,1,0,1,0,1
BBB,2014B,394067,1,West Midlands Region,Lower Than A Level,70-80%,0-35,0,90,0,Distinction,10,1,0,0,0,1,1,0,1,0,0,0,0,1,0,1
BBB,2014B,394331,1,East Midlands Region,Lower Than A Level,20-Oct,0-35,0,60,0,Pass,12,1,0,1,1,0,0,0,1,1,1,0,1,0,0,7
BBB,2014B,394480,1,South Region,Lower Than A Level,60-70%,0-35,0,60,0,Fail,7,0,1,1,1,1,1,0,0,0,1,1,1,0,0,3
BBB,2014B,394520,1,North Region,Lower Than A Level,80-90%,0-35,0,120,0,Pass,3,0,0,0,0,0,0,1,0,1,0,1,0,0,1,8
BBB,2014B,395374,1,London Region,HE Qualification,30-40%,0-35,0,120,0,Pass,15,0,1,1,0,1,0,0,0,0,0,1,0,1,1,10
BBB,2014B,396456,1,Wales,HE Qualification,40-50%,0-35,0,60,0,Distinction,2,1,1,0,1,0,1,0,1,1,0,0,1,0,0,2
BBB,2014B,396799,1,South East Region,A Level or Equivalent,20-30%,0-35,0,120,0,Distinction,14,1,0,0,0,0,0,1,1,1,0,1,1,1,0,5
BBB,2014B,397312,1,Yorkshire Region,A Level or Equivalent,20-Oct,0-35,0,60,0,Fail,15,1,1,0,1,1,1,1,0,1,0,1,0,1,1,10
BBB,2014B,397747,1,South Region,Lower Than A Level,50-60%,0-35,2,60,0,Pass,12,1,0,0,0,1,0,0,0,1,0,1,0,0,1,7
BBB,2014B,397829,0,Wales,A Level or Equivalent,20-30%,0-35,0,60,0,Pass,7,1,0,0,0,0,1,0,0,0,1,0,1,1,1,3
BBB,2014B,400729,1,East Anglian Region,HE Qualification,90-100%,35-55,0,60,0,Withdrawn,1,1,0,0,0,1,1,1,1,0,0,1,0,0,1,2
BBB,2014B,401441,1,South Region,Lower Than A Level,70-80%,35-55,1,60,0,Fail,1,1,1,1,1,0,0,1,1,1,0,0,0,0,0,2
BBB,2014B,405268,1,North Western Region,A Level or Equivalent,40-50%,0-35,0,120,0,Distinction,5,1,1,1,0,1,0,0,1,1,0,1,0,1,1,9
BBB,2014B,406600,1,Wales,A Level or Equivalent,80-90%,35-55,0,60,0,Pass,3,0,0,1,1,1,1,0,0,0,1,0,1,1,0,8
BBB,2014B,406974,0,West Midlands Region,A Level or Equivalent,20-Oct,0-35,2,240,0,Fail,7,1,1,1,0,1,0,1,1,0,0,1,1,0,0,3
BBB,2014B,407545,1,South East Region,A Level or Equivalent,20-30%,0-35,0,75,0,Withdrawn,14,1,1,0,1,1,1,0,1,0,0,0,0,0,0,5
BBB,2014B,408469,1,West Midlands Region,A Level or Equivalent,50-60%,35-55,1,210,0,Withdrawn,15,1,0,0,1,1,0,0,1,1,0,1,0,1,0,10
BBB,2014B,408581,1,East Anglian Region,A Level or Equivalent,80-90%,0-35,1,180,0,Distinction,14,1,0,0,1,0,0,1,0,1,1,1,1,0,1,5
BBB,2014B,411895,1,East Anglian Region,Lower Than A Level,0-10%,0-35,3,120,0,Fail,9,1,1,0,1,0,0,1,0,1,1,0,1,0,0,4
BBB,2014B,412156,0,West Midlands Region,A Level or Equivalent,20-Oct,0-35,0,60,0,Withdrawn,15,1,1,1,0,0,1,1,1,1,0,1,0,1,1,10
BBB,2014B,415298,1,South East Region,Lower Than A Level,50-60%,0-35,1,120,0,Fail,8,0,0,0,0,1,1,0,1,1,0,1,0,1,0,3
BBB,2014B,417263,1,East Anglian Region,A Level or Equivalent,50-60%,35-55,0,60,0,Pass,6,1,0,1,1,1,1,0,0,0,0,1,0,1,1,9
BBB,2014B,417684,1,South East Region,A Level or Equivalent,20-30%,0-35,2,60,0,Distinction,8,0,0,0,1,1,1,1,0,1,1,1,1,0,1,3
BBB,2014B,420641,1,South Region,Lower Than A Level,20-Oct,0-35,0,60,0,Withdrawn,6,1,1,0,1,0,0,1,0,1,0,1,0,0,0,9
BBB,2014B,420663,1,South East Region,Lower Than A Level,80-90%,0-35,1,60,0,Pass,1,0,1,0,0,0,1,0,1,0,1,0,1,0,0,2
BBB,2014B,421326,1,Wales,Lower Than A Level,20-Oct,0-35,0,120,0,Fail,8,1,0,0,0,1,0,1,0,0,0,0,1,0,1,3
BBB,2014B,421992,1,East Anglian Region,Lower Than A Level,0-10%,0-35,2,60,0,Fail,16,1,1,1,0,0,0,1,0,0,0,0,1,1,1,10
BBB,2014B,423652,1,East Anglian Region,Lower Than A Level,70-80%,0-35,0,120,1,Distinction,3,0,1,1,1,1,0,0,1,1,1,1,0,1,0,8
BBB,2014B,424014,1,Scotland,Lower Than A Level,80-90%,35-55,2,120,0,Pass,8,0,1,1,0,0,1,0,0,0,0,0,0,1,0,3
BBB,2014B,424659,1,South Region,HE Qualification,90-100%,35-55,0,60,0,Withdrawn,10,1,0,1,1,1,0,1,0,0,1,0,1,0,1,1
BBB,2014B,424863,1,Ireland,Lower Than A Level,60-70%,0-35,4,120,0,Fail,7,0,0,0,0,1,0,1,1,1,1,1,1,0,1,3
BBB,2014B,429099,1,Yorkshire Region,A Level or Equivalent,40-50%,0-35,2,90,0,Distinction,14,0,0,0,0,0,1,1,0,0,1,0,0,1,0,5
BBB,2014B,429417,0,Scotland,Lower Than A Level,30-40%,35-55,0,60,0,Pass,8,1,1,1,1,1,0,0,0,0,0,1,0,0,0,3
BBB,2014B,429777,1,South West Region,Lower Than A Level,50-60%,0-35,0,120,1,Withdrawn,7,0,0,1,0,1,0,0,1,0,0,1,1,0,1,3
BBB,2014B,430002,0,South Region,Lower Than A Level,20-30%,0-35,0,60,0,Fail,13,1,1,1,0,1,0,1,1,1,1,0,1,0,1,5
BBB,2014B,432480,0,North Western Region,A Level or Equivalent,0-10%,35-55,0,60,0,Pass,12,1,1,1,1,1,0,1,1,1,1,1,1,0,1,7
BBB,2014B,435057,1,West Midlands Region,Lower Than A Level,0-10%,0-35,0,120,0,Fail,2,1,0,1,0,1,0,1,1,0,0,1,0,1,0,2
BBB,2014B,435282,1,South West Region,A Level or Equivalent,70-80%,35-55,2,60,1,Fail,15,1,0,1,1,1,0,1,1,0,1,1,0,0,1,10
BBB,2014B,437171,1,East Midlands Region,A Level or Equivalent,0-10%,35-55,0,60,0,Pass,14,0,0,1,0,0,0,0,0,0,0,0,0,1,0,5
BBB,2014B,437565,1,East Anglian Region,Lower Than A Level,40-50%,35-55,0,60,0,Pass,2,1,0,0,0,1,0,0,0,0,1,1,0,0,0,2
BBB,2014B,438775,1,West Midlands Region,A Level or Equivalent,20-Oct,0-35,1,60,0,Withdrawn,1,0,1,0,0,0,1,1,1,0,1,1,0,1,1,2
BBB,2014B,439109,1,West Midlands Region,Lower Than A Level,0-10%,0-35,1,60,0,Fail,2,1,0,1,0,1,1,1,0,1,1,1,1,0,0,2
BBB,2014B,439710,1,South East Region,A Level or Equivalent,70-80%,0-35,0,120,0,Distinction,1,0,1,1,0,1,0,0,0,0,0,0,0,0,1,2
BBB,2014B,439925,1,London Region,Lower Than A Level,40-50%,0-35,0,60,0,Withdrawn,13,1,1,0,0,0,1,0,1,0,1,0,0,0,0,5
BBB,2014B,440075,1,East Midlands Region,A Level or Equivalent,40-50%,0-35,1,90,0,Withdrawn,9,1,0,0,1,0,0,0,1,1,1,1,0,1,1,4
BBB,2014B,440664,1,Scotland,Lower Than A Level,0-10%,0-35,2,60,0,Withdrawn,2,0,0,0,1,0,0,1,1,1,1,1,1,1,0,2
BBB,2014B,442497,1,London Region,Lower Than A Level,0-10%,35-55,0,90,0,Fail,8,0,0,0,1,1,1,1,1,0,1,1,1,0,0,3
BBB,2014B,444221,1,Scotland,A Level or Equivalent,40-50%,0-35,0,60,0,Withdrawn,3,0,0,1,0,0,1,0,1,1,1,0,1,1,0,8
BBB,2014B,444561,1,Wales,Lower Than A Level,60-70%,0-35,1,60,0,Pass,9,0,1,0,0,0,1,0,1,1,0,1,1,1,0,4
BBB,2014B,444858,1,London Region,A Level or Equivalent,0-10%,35-55,1,120,0,Fail,8,1,1,0,0,1,1,1,1,0,0,0,1,0,1,3
BBB,2014B,444872,1,South East Region,Lower Than A Level,40-50%,35-55,0,60,0,Pass,2,1,0,0,0,1,0,1,0,1,0,0,1,0,1,2
BBB,2014B,445136,1,South East Region,HE Qualification,70-80%,35-55,0,60,0,Withdrawn,16,0,1,0,0,1,1,0,0,1,0,1,1,0,0,10
BBB,2014B,445415,1,West Midlands Region,A Level or Equivalent,40-50%,0-35,0,120,0,Pass,3,0,0,0,1,1,0,0,1,1,0,0,1,1,1,8
BBB,2014B,445494,0,South Region,HE Qualification,20-Oct,0-35,1,60,0,Pass,10,1,0,1,0,0,0,1,1,0,1,1,1,0,0,1
BBB,2014B,446296,1,Wales,Lower Than A Level,20-30%,0-35,2,180,0,Fail,16,0,0,0,0,1,1,1,1,1,1,1,1,0,0,10
BBB,2014B,446650,0,London Region,A Level or Equivalent,20-Oct,0-35,0,120,0,Pass,9,0,0,0,0,1,0,1,1,0,1,0,1,0,1,4
BBB,2014B,446755,1,South West Region,HE Qualification,30-40%,35-55,0,60,0,Distinction,7,0,1,0,0,0,0,0,0,0,1,1,1,0,0,3
BBB,2014B,447184,1,South East Region,Lower Than A Level,50-60%,0-35,0,60,0,Pass,5,1,1,0,1,0,0,0,1,0,0,0,0,0,0,9
BBB,2014B,447265,1,London Region,No Formal quals,60-70%,0-35,0,180,0,Pass,13,0,0,0,0,0,0,0,0,1,1,0,1,1,0,5
BBB,2014B,447292,1,North Western Region,HE Qualification,60-70%,35-55,1,60,0,Fail,11,0,0,0,1,1,1,0,0,0,1,1,1,0,0,6
BBB,2014B,465369,1,East Anglian Region,A Level or Equivalent,70-80%,0-35,0,120,0,Pass,12,0,1,1,1,0,0,1,0,0,0,1,1,1,1,7
BBB,2014B,466248,1,East Anglian Region,Lower Than A Level,20-30%,0-35,1,60,0,Withdrawn,8,0,0,0,1,1,0,1,0,0,0,0,0,1,1,3
BBB,2014B,466377,1,London Region,A Level or Equivalent,0-10%,0-35,0,60,0,Withdrawn,6,1,0,1,1,0,0,0,0,1,0,1,1,1,0,9
BBB,2014B,466856,1,South West Region,A Level or Equivalent,20-30%,0-35,0,180,0,Distinction,4,1,1,1,0,0,1,0,0,0,0,0,1,0,1,8
BBB,2014B,467100,1,South Region,Lower Than A Level,30-40%,0-35,0,120,0,Fail,11,1,0,0,1,1,0,1,0,0,0,1,0,0,1,6
BBB,2014B,467303,1,South West Region,A Level or Equivalent,50-60%,0-35,0,60,0,Pass,16,0,1,1,0,1,0,1,1,1,0,1,0,1,1,10
BBB,2014B,467580,1,Scotland,A Level or Equivalent,30-40%,0-35,0,120,0,Pass,15,0,1,1,0,0,1,0,1,1,0,1,1,1,0,10
BBB,2014B,468349,1,East Anglian Region,A Level or Equivalent,30-40%,0-35,1,60,0,Fail,5,1,0,0,1,0,0,0,1,0,0,1,0,1,1,9
BBB,2014B,468529,1,South Region,Lower Than A Level,70-80%,0-35,0,120,0,Withdrawn,12,1,1,1,0,0,0,0,0,0,1,1,0,0,0,7
BBB,2014B,469177,0,West Midlands Region,HE Qualification,80-90%,0-35,0,120,0,Pass,14,1,0,1,1,1,0,1,0,0,1,0,0,0,0,5
BBB,2014B,469664,1,East Midlands Region,Lower Than A Level,40-50%,0-35,0,210,0,Withdrawn,5,1,1,1,0,1,0,1,1,1,0,0,0,1,1,9
BBB,2014B,470113,1,London Region,A Level or Equivalent,0-10%,0-35,0,60,0,Pass,15,1,0,1,0,1,0,1,0,1,0,0,1,0,1,10
BBB,2014B,470331,1,Wales,A Level or Equivalent,0-10%,35-55,0,60,0,Withdrawn,12,1,0,1,0,0,1,1,1,1,0,1,1,0,0,7
BBB,2014B,470693,1,Scotland,HE Qualification,70-80%,0-35,0,60,0,Distinction,12,1,0,0,0,0,1,0,0,0,0,0,0,0,1,7
BBB,2014B,471157,0,South West Region,Lower Than A Level,20-30%,35-55,0,120,0,Fail,5,1,1,1,0,0,0,1,0,1,0,1,0,0,0,9
BBB,2014B,471925,0,Yorkshire Region,Lower Than A Level,20-30%,35-55,0,60,0,Pass,1,1,1,1,0,1,0,1,0,1,1,1,0,0,0,2
BBB,2014B,473095,1,East Midlands Region,A Level or Equivalent,40-50%,0-35,2,120,0,Withdrawn,8,1,0,1,1,0,1,1,1,0,1,1,1,0,0,3
BBB,2014B,473509,0,West Midlands Region,Lower Than A Level,90-100%,35-55,2,300,0,Fail,7,0,0,1,1,1,0,0,0,1,0,1,0,0,1,3
BBB,2014B,474607,1,South West Region,Lower Than A Level,20-30%,0-35,0,60,0,Fail,10,1,1,1,0,1,1,0,0,1,0,0,0,1,1,1
BBB,2014B,475631,1,East Midlands Region,A Level or Equivalent,90-100%,35-55,0,60,0,Withdrawn,6,0,1,0,1,0,1,1,0,0,0,0,1,1,0,9
BBB,2014B,475981,1,South Region,Lower Than A Level,30-40%,0-35,0,120,0,Pass,10,1,1,1,0,0,1,1,1,1,0,0,0,0,0,1
BBB,2014B,476037,1,South Region,Lower Than A Level,90-100%,35-55,2,180,0,Fail,4,1,1,0,0,0,1,0,1,0,0,0,0,0,0,8
BBB,2014B,477779,1,London Region,A Level or Equivalent,20-Oct,0-35,0,120,0,Fail,11,0,1,0,0,1,1,1,1,1,1,0,1,1,0,6
BBB,2014B,478242,1,Yorkshire Region,Lower Than A Level,70-80%,0-35,0,60,0,Pass,15,1,0,1,0,1,0,1,1,0,0,0,0,1,0,10
BBB,2014B,478317,1,Scotland,Lower Than A Level,0-10%,0-35,2,90,0,Fail,11,1,0,1,0,1,0,1,1,0,1,1,0,0,0,6
BBB,2014B,479738,1,West Midlands Region,Lower Than A Level,40-50%,35-55,0,130,0,Pass,11,1,1,0,0,0,0,0,0,1,0,1,0,1,1,6
BBB,2014B,480372,1,North Western Region,Lower Than A Level,20-Oct,0-35,1,120,0,Pass,13,0,0,0,0,0,1,1,1,0,0,0,1,0,1,5
BBB,2014B,480924,1,East Anglian Region,Lower Than A Level,30-40%,0-35,1,90,0,Withdrawn,1,1,0,1,1,0,0,0,0,0,1,0,0,1,0,2
BBB,2014B,481150,1,Ireland,A Level or Equivalent,20-Oct,0-35,0,120,0,Pass,14,1,0,0,0,0,1,1,0,1,1,1,1,0,0,5
BBB,2014B,481947,1,West Midlands Region,Lower Than A Level,50-60%,0-35,0,180,0,Fail,9,1,0,0,1,1,1,1,1,0,0,1,0,0,0,4
BBB,2014B,483031,1,North Western Region,A Level or Equivalent,20-30%,0-35,0,120,0,Distinction,8,0,1,0,1,0,1,0,1,1,1,1,1,1,0,3
BBB,2014B,483411,1,East Midlands Region,Lower Than A Level,20-Oct,0-35,2,120,0,Fail,3,1,0,1,1,1,1,0,0,1,0,0,0,1,0,8
BBB,2014B,483468,1,Wales,HE Qualification,90-100%,0-35,0,60,0,Pass,6,0,0,0,0,1,0,1,1,1,0,1,0,0,0,9
BBB,2014B,483485,1,Wales,Lower Than A Level,70-80%,0-35,0,60,1,Pass,2,0,0,0,0,0,1,0,1,1,0,0,1,1,1,2
BBB,2014B,483921,1,East Anglian Region,Lower Than A Level,60-70%,35-55,0,60,0,Fail,6,1,0,1,1,0,0,0,0,1,0,1,1,0,1,9
BBB,2014B,484351,1,West Midlands Region,Lower Than A Level,0-10%,0-35,0,120,0,Withdrawn,6,1,0,0,1,0,1,1,1,1,1,0,0,1,1,9
BBB,2014B,484446,1,South West Region,A Level or Equivalent,20-30%,0-35,1,180,0,Withdrawn,10,0,1,1,1,0,0,0,1,1,1,1,1,0,1,1
BBB,2014B,484821,1,South East Region,A Level or Equivalent,40-50%,35-55,0,60,0,Fail,4,1,1,0,0,0,0,0,1,1,1,0,1,1,1,8
BBB,2014B,484983,1,South West Region,Lower Than A Level,40-50%,0-35,1,120,0,Withdrawn,12,1,1,0,1,1,0,0,1,0,1,1,1,0,0,7
BBB,2014B,485180,1,South West Region,Lower Than A Level,40-50%,0-35,0,195,0,Pass,10,1,0,1,1,1,0,0,0,0,0,0,0,0,0,1
BBB,2014B,485262,1,North Region,Lower Than A Level,30-40%,35-55,0,60,0,Pass,11,1,0,1,1,1,0,0,0,0,0,0,0,1,0,6
BBB,2014B,485675,1,North Western Region,A Level or Equivalent,20-Oct,0-35,0,60,0,Fail,16,0,0,1,0,1,0,1,0,0,1,0,1,1,1,10
BBB,2014B,485980,0,East Midlands Region,Lower Than A Level,0-10%,35-55,0,270,0,Pass,8,0,0,0,0,1,0,1,0,0,1,0,0,0,1,3
BBB,2014B,486994,1,East Anglian Region,A Level or Equivalent,80-90%,0-35,0,120,0,Distinction,15,0,0,1,0,0,1,0,0,1,1,0,1,1,0,10
BBB,2014B,487002,1,South East Region,A Level or Equivalent,20-30%,0-35,0,180,0,Distinction,4,0,0,0,0,0,1,0,0,1,0,1,0,0,1,8
BBB,2014B,487226,1,West Midlands Region,A Level or Equivalent,80-90%,0-35,1,120,0,Withdrawn,3,0,1,1,1,0,0,0,1,0,0,1,0,1,1,8
BBB,2014B,487386,1,Scotland,Lower Than A Level,0-10%,35-55,0,60,0,Withdrawn,9,1,0,0,1,0,1,1,1,1,0,1,1,0,0,4
BBB,2014B,487543,0,East Anglian Region,A Level or Equivalent,30-40%,0-35,0,180,0,Pass,1,0,0,0,1,1,1,0,1,0,1,0,0,1,0,2
BBB,2014B,487573,1,North Western Region,A Level or Equivalent,20-Oct,0-35,2,120,0,Withdrawn,14,1,0,0,0,1,1,0,1,1,1,0,0,0,1,5
BBB,2014B,489198,1,South Region,Lower Than A Level,70-80%,35-55,0,120,0,Fail,11,0,0,0,0,1,0,0,0,1,1,1,0,0,1,6
BBB,2014B,490391,1,Scotland,Lower Than A Level,80-90%,0-35,0,60,0,Pass,10,1,0,1,0,1,0,1,0,1,1,0,1,1,0,1
BBB,2014B,491114,1,South Region,A Level or Equivalent,60-70%,0-35,1,120,0,Withdrawn,15,1,0,1,1,0,0,0,0,1,0,1,1,0,1,10
BBB,2014B,492468,1,West Midlands Region,A Level or Equivalent,40-50%,0-35,0,180,1,Withdrawn,9,1,1,0,0,0,1,0,1,0,0,0,1,1,1,4
BBB,2014B,492895,1,North Western Region,A Level or Equivalent,60-70%,35-55,0,60,0,Withdrawn,12,1,0,0,1,1,0,1,0,0,0,1,0,1,0,7
BBB,2014B,492928,1,Scotland,A Level or Equivalent,0-10%,0-35,0,60,0,Fail,9,0,1,0,0,0,1,1,1,1,1,1,1,0,0,4
BBB,2014B,493559,1,Scotland,A Level or Equivalent,20-30%,0-35,0,60,0,Pass,7,0,1,0,1,1,0,0,0,0,1,0,1,1,0,3
BBB,2014B,494896,1,East Anglian Region,Lower Than A Level,90-100%,0-35,1,120,0,Pass,13,1,1,0,1,1,1,1,0,0,0,1,0,1,1,5
BBB,2014B,494948,1,Yorkshire Region,A Level or Equivalent,60-70%,0-35,1,120,0,Withdrawn,7,1,1,1,0,1,0,0,0,1,0,1,0,0,0,3
BBB,2014B,495324,1,East Anglian Region,A Level or Equivalent,20-Oct,35-55,2,60,0,Withdrawn,15,0,1,1,0,1,1,1,1,1,1,0,1,0,0,10
BBB,2014B,495876,1,South East Region,Lower Than A Level,90-100%,0-35,0,60,0,Fail,14,0,1,0,1,1,1,0,0,0,0,1,1,0,0,5
BBB,2014B,495958,1,South West Region,A Level or Equivalent,20-30%,0-35,0,60,0,Withdrawn,5,0,0,1,1,1,0,0,1,0,1,0,0,1,0,9
BBB,2014B,496547,1,Scotland,A Level or Equivalent,50-60%,0-35,1,120,0,Withdrawn,8,0,0,1,0,1,1,0,0,1,0,0,0,0,1,3
BBB,2014B,497872,1,Yorkshire Region,A Level or Equivalent,40-50%,35-55,0,60,0,Withdrawn,14,1,0,1,0,1,1,1,0,0,0,1,1,1,0,5
BBB,2014B,499952,1,Scotland,A Level or Equivalent,70-80%,0-35,0,60,0,Withdrawn,6,1,1,1,0,1,1,0,0,0,1,1,1,0,1,9
BBB,2014B,500279,1,East Anglian Region,A Level or Equivalent,60-70%,35-55,1,120,0,Fail,15,1,1,1,1,0,1,0,0,1,1,1,1,1,1,10
BBB,2014B,500395,1,East Midlands Region,Lower Than A Level,20-Oct,35-55,0,60,0,Withdrawn,8,1,1,0,0,1,1,0,0,0,0,0,1,1,1,3
BBB,2014B,501095,1,South West Region,Lower Than A Level,70-80%,35-55,0,60,0,Pass,8,1,0,1,1,1,1,1,0,1,0,0,0,1,1,3
BBB,2014B,504352,1,London Region,Lower Than A Level,30-40%,0-35,0,90,0,Fail,9,1,1,1,1,1,0,1,1,1,0,1,1,1,0,4
BBB,2014B,504393,1,West Midlands Region,A Level or Equivalent,90-100%,0-35,0,60,0,Withdrawn,9,1,1,1,0,0,0,1,1,0,0,1,0,0,1,4
BBB,2014B,504967,1,East Midlands Region,Lower Than A Level,80-90%,0-35,0,60,0,Fail,14,1,0,0,0,0,0,1,1,0,1,0,1,0,0,5
BBB,2014B,505151,1,Scotland,A Level or Equivalent,0-10%,35-55,0,120,0,Withdrawn,2,1,0,1,1,1,0,1,0,1,1,1,0,1,0,2
BBB,2014B,505248,1,South Region,A Level or Equivalent,50-60%,0-35,0,60,0,Withdrawn,7,0,0,0,1,0,0,1,1,1,0,1,0,1,0,3
BBB,2014B,505899,1,Wales,A Level or Equivalent,40-50%,0-35,0,60,1,Pass,2,1,1,1,0,0,0,1,0,1,1,1,0,0,1,2
BBB,2014B,506622,1,Yorkshire Region,A Level or Equivalent,30-40%,0-35,0,120,0,Distinction,6,0,1,1,0,0,1,0,1,1,0,0,1,0,0,9
BBB,2014B,506650,1,South West Region,A Level or Equivalent,80-90%,35-55,1,120,0,Pass,4,1,1,0,1,1,1,0,0,1,1,1,0,0,1,8
BBB,2014B,507009,1,London Region,Lower Than A Level,20-30%,35-55,0,120,0,Withdrawn,10,0,0,1,0,1,0,1,0,1,1,1,0,1,1,1
BBB,2014B,507817,0,East Midlands Region,Lower Than A Level,20-Oct,0-35,2,60,0,Withdrawn,8,0,0,1,1,1,0,1,0,0,1,1,0,0,0,3
BBB,2014B,507983,1,Yorkshire Region,A Level or Equivalent,20-Oct,0-35,0,60,0,Fail,10,0,1,0,0,0,0,0,0,0,0,1,1,1,0,1
BBB,2014B,508100,0,South Region,Lower Than A Level,70-80%,0-35,0,120,0,Fail,5,1,0,1,1,1,0,0,1,1,0,1,1,1,0,9
BBB,2014B,508400,1,North Region,HE Qualification,0-10%,0-35,0,150,0,Fail,12,0,0,0,1,1,1,0,0,1,1,1,1,0,1,7
BBB,2014B,508470,0,North Western Region,Lower Than A Level,20-Oct,0-35,0,60,1,Pass,8,0,0,1,1,0,0,1,0,1,1,1,1,1,1,3
BBB,2014B,508940,1,London Region,Lower Than A Level,20-Oct,0-35,2,120,0,Pass,12,0,0,0,0,0,1,1,1,0,0,1,0,1,1,7
BBB,2014B,509696,1,East Anglian Region,A Level or Equivalent,90-100%,0-35,1,60,0,Pass,13,0,0,1,1,0,1,1,0,0,0,0,0,0,0,5
BBB,2014B,510141,1,East Anglian Region,Lower Than A Level,60-70%,0-35,2,120,1,Fail,6,1,1,0,0,1,0,0,0,0,0,1,1,0,0,9
BBB,2014B,511238,0,East Anglian Region,HE Qualification,50-60%,35-55,0,120,0,Withdrawn,10,1,0,1,0,0,0,0,0,0,1,0,1,1,0,1
BBB,2014B,511469,1,East Midlands Region,Lower Than A Level,80-90%,0-35,0,60,0,Withdrawn,3,1,1,1,0,1,1,1,0,0,1,0,1,0,0,8
BBB,2014B,511506,1,South East Region,A Level or Equivalent,40-50%,0-35,0,60,1,Fail,1,0,0,0,1,1,1,1,1,1,1,0,0,0,1,2
BBB,2014B,511901,1,Yorkshire Region,A Level or Equivalent,20-30%,0-35,0,120,0,Pass,9,1,0,1,1,0,0,0,1,0,1,1,0,1,1,4
BBB,2014B,512118,1,South East Region,Lower Than A Level,40-50%,0-35,0,60,0,Withdrawn,9,0,0,1,0,1,0,1,0,0,1,0,0,1,1,4
BBB,2014B,513077,1,Wales,Lower Than A Level,20-30%,35-55,0,120,1,Fail,2,1,1,1,0,1,0,0,1,1,1,0,1,1,1,2
BBB,2014B,514031,0,Ireland,Lower Than A Level,0-10%,0-35,1,180,1,Pass,5,1,1,0,0,1,1,0,0,1,1,0,0,0,1,9
BBB,2014B,515648,1,South East Region,Lower Than A Level,50-60%,0-35,1,60,1,Withdrawn,2,1,1,1,1,0,1,0,0,1,1,1,0,1,1,2
BBB,2014B,516601,1,South East Region,Lower Than A Level,70-80%,0-35,0,60,0,Fail,6,1,1,0,1,0,0,1,0,1,0,0,1,1,1,9
BBB,2014B,517075,1,South West Region,A Level or Equivalent,40-50%,0-35,1,120,0,Withdrawn,4,1,0,1,1,1,0,0,1,1,0,1,1,1,1,8
BBB,2014B,517679,1,Yorkshire Region,A Level or Equivalent,40-50%,35-55,0,120,0,Distinction,7,1,0,0,0,1,1,0,1,1,1,1,0,1,0,3
BBB,2014B,518711,1,North Western Region,A Level or Equivalent,20-Oct,0-35,2,60,0,Fail,10,0,0,0,1,1,0,1,0,1,1,0,0,1,0,1
BBB,2014B,519078,0,East Anglian Region,Lower Than A Level,70-80%,0-35,0,60,0,Pass,7,1,0,1,1,1,0,1,0,1,0,0,1,0,1,3
BBB,2014B,519084,1,Wales,Lower Than A Level,50-60%,0-35,1,60,0,Fail,11,1,0,1,1,1,0,1,0,0,1,0,0,0,1,6
BBB,2014B,519859,1,South East Region,A Level or Equivalent,70-80%,0-35,0,60,0,Pass,8,0,0,1,1,0,1,1,0,1,0,1,0,0,0,3
BBB,2014B,521671,1,South Region,A Level or Equivalent,70-80%,0-35,0,60,0,Fail,9,1,0,1,0,0,1,1,0,1,1,1,1,0,0,4
BBB,2014B,521957,1,Ireland,Lower Than A Level,70-80%,0-35,3,120,0,Withdrawn,10,1,1,1,1,0,1,0,1,1,0,1,1,1,0,1
BBB,2014B,522087,1,West Midlands Region,A Level or Equivalent,20-30%,0-35,0,60,0,Distinction,2,0,1,1,1,1,0,1,1,1,1,0,1,1,1,2
BBB,2014B,523021,1,West Midlands Region,Lower Than A Level,0-10%,35-55,1,180,0,Withdrawn,5,1,1,0,1,0,0,0,0,1,0,1,0,0,1,9
BBB,2014B,523247,1,East Anglian Region,Lower Than A Level,30-40%,0-35,0,120,0,Distinction,11,1,0,0,1,1,1,0,0,1,0,1,1,0,1,6
BBB,2014B,524290,1,South Region,Lower Than A Level,80-90%,0-35,1,180,0,Pass,6,0,0,0,0,1,1,0,0,1,1,0,0,1,0,9
BBB,2014B,525027,1,South East Region,A Level or Equivalent,30-40%,35-55,0,60,0,Withdrawn,3,0,1,1,1,0,0,1,0,0,0,1,0,0,0,8
BBB,2014B,525942,0,Scotland,Lower Than A Level,0-10%,0-35,1,120,1,Fail,7,0,0,1,1,1,1,0,0,1,1,1,0,1,0,3
BBB,2014B,526285,1,Scotland,A Level or Equivalent,30-40%,0-35,0,60,0,Pass,11,1,0,0,0,1,0,0,0,0,1,0,1,0,1,6
BBB,2014B,526948,1,London Region,Lower Than A Level,20-30%,35-55,0,240,0,Withdrawn,15,0,0,0,1,1,0,0,1,1,0,0,1,1,1,10
BBB,2014B,529438,0,Wales,A Level or Equivalent,50-60%,0-35,0,60,0,Fail,2,1,0,1,0,1,1,1,0,0,0,0,0,0,1,2
BBB,2014B,529439,1,East Anglian Region,Lower Than A Level,20-Oct,0-35,1,120,0,Fail,12,0,0,1,0,1,1,0,1,1,0,1,1,1,0,7
BBB,2014B,529705,1,West Midlands Region,Lower Than A Level,0-10%,0-35,1,120,0,Withdrawn,3,1,1,1,1,0,1,0,1,0,0,1,1,1,0,8
BBB,2014B,531290,1,East Anglian Region,Lower Than A Level,30-40%,0-35,0,60,0,Withdrawn,1,0,1,0,1,0,1,0,0,1,0,0,1,0,0,2
BBB,2014B,531755,1,Scotland,HE Qualification,80-90%,0-35,1,120,0,Pass,16,1,0,0,1,0,0,0,0,0,1,1,0,1,0,10
BBB,2014B,532274,1,West Midlands Region,A Level or Equivalent,20-30%,35-55,0,150,0,Fail,8,1,0,1,1,0,1,1,1,1,0,0,0,0,0,3
BBB,2014B,532468,1,North Region,Lower Than A Level,20-30%,0-35,0,180,0,Withdrawn,7,0,0,0,1,1,0,1,1,0,0,1,1,0,0,3
BBB,2014B,532617,1,East Midlands Region,A Level or Equivalent,20-Oct,0-35,0,60,0,Distinction,9,0,0,0,1,1,0,0,0,0,1,0,0,1,1,4
BBB,2014B,533077,1,North Region,Lower Than A Level,20-30%,0-35,0,90,0,Fail,6,1,0,0,0,0,0,1,0,1,0,1,0,0,1,9
BBB,2014B,533210,1,South East Region,A Level or Equivalent,50-60%,35-55,0,120,0,Distinction,12,0,0,1,0,0,0,1,1,1,0,0,0,0,1,7
BBB,2014B,533527,1,East Anglian Region,Lower Than A Level,0-10%,0-35,0,90,0,Fail,2,0,0,1,0,1,1,0,0,0,1,1,0,1,0,2
BBB,2014B,534143,1,West Midlands Region,Lower Than A Level,70-80%,0-35,0,60,0,Fail,11,0,0,0,1,1,0,0,0,1,0,1,1,0,0,6
BBB,2014B,534163,1,South West Region,Lower Than A Level,70-80%,35-55,0,120,0,Fail,7,0,1,0,0,0,1,1,1,1,1,0,1,0,1,3
BBB,2014B,534428,1,North Region,Lower Than A Level,20-30%,0-35,0,120,0,Withdrawn,9,1,0,0,0,0,1,1,1,1,0,0,1,0,1,4
BBB,2014B,534830,1,West Midlands Region,Lower Than A Level,20-Oct,35-55,1,60,0,Withdrawn,13,1,1,1,1,1,1,1,1,1,0,0,0,1,0,5
BBB,2014B,535077,1,Yorkshire Region,HE Qualification,20-30%,0-35,0,60,0,Pass,2,1,0,1,1,0,0,0,1,0,0,0,0,0,0,2
BBB,2014B,535462,1,South West Region,A Level or Equivalent,40-50%,0-35,0,60,0,Fail,7,0,1,1,1,1,1,0,1,0,0,1,0,1,1,3
BBB,2014B,535506,0,Wales,A Level or Equivalent,40-50%,0-35,1,120,0,Pass,10,0,0,1,0,0,1,0,1,1,1,1,0,0,0,1
BBB,2014B,535548,1,East Midlands Region,Lower Than A Level,20-30%,0-35,1,180,0,Pass,12,1,0,1,1,0,1,1,0,1,1,1,0,0,0,7
BBB,2014B,536286,1,South West Region,Lower Than A Level,0-10%,35-55,0,60,0,Distinction,6,1,0,0,1,0,0,1,0,0,0,0,1,1,0,9
BBB,2014B,536629,1,South Region,A Level or Equivalent,70-80%,0-35,0,180,0,Pass,11,0,1,0,1,1,1,0,0,1,0,1,1,0,0,6
BBB,2014B,536805,1,West Midlands Region,A Level or Equivalent,40-50%,0-35,0,60,0,Pass,13,1,0,1,1,0,0,1,0,0,1,1,1,1,0,5
BBB,2014B,537077,1,West Midlands Region,A Level or Equivalent,80-90%,0-35,0,60,0,Pass,14,0,0,1,0,0,0,0,0,0,0,0,0,0,0,5
BBB,2014B,537171,1,North Region,No Formal quals,,0-35,0,90,0,Pass,4,0,1,1,0,0,0,1,1,0,0,1,1,0,1,8
BBB,2014B,537373,1,Yorkshire Region,Lower Than A Level,0-10%,35-55,0,60,0,Pass,10,1,1,0,0,1,1,1,1,1,1,0,0,1,1,1
BBB,2014B,537605,0,East Midlands Region,A Level or Equivalent,0-10%,0-35,1,180,0,Fail,6,0,0,0,1,0,0,0,1,0,0,1,0,0,0,9
BBB,2014B,537698,1,East Anglian Region,Lower Than A Level,40-50%,0-35,0,60,1,Pass,4,0,0,1,0,1,0,0,1,1,1,0,0,0,0,8
BBB,2014B,538196,0,West Midlands Region,A Level or Equivalent,40-50%,35-55,1,60,0,Withdrawn,12,0,1,1,0,0,1,0,0,0,1,1,0,1,0,7
BBB,2014B,539675,1,South East Region,Lower Than A Level,30-40%,0-35,1,120,0,Fail,9,1,1,1,1,0,0,1,1,0,0,0,1,0,1,4
BBB,2014B,539894,1,Yorkshire Region,HE Qualification,80-90%,0-35,0,120,0,Pass,3,1,1,0,0,0,1,0,0,1,0,1,1,1,0,8
BBB,2014B,540558,1,East Midlands Region,Lower Than A Level,20-30%,35-55,0,120,0,Pass,10,0,0,0,1,0,0,1,1,1,0,0,0,0,1,1
BBB,2014B,541769,1,East Anglian Region,Lower Than A Level,30-40%,35-55,0,60,0,Pass,5,1,0,0,0,1,1,0,1,1,0,0,1,1,1,9
BBB,2014B,542456,1,London Region,A Level or Equivalent,40-50%,0-35,0,60,0,Withdrawn,12,1,0,0,0,0,0,0,0,0,0,1,1,0,1,7
BBB,2014B,542466,1,Scotland,A Level or Equivalent,20-30%,0-35,2,120,0,Pass,3,1,1,1,1,0,1,0,0,1,0,0,0,1,0,8
BBB,2014B,542547,1,Wales,A Level or Equivalent,20-Oct,0-35,1,180,0,Pass,16,0,1,0,1,1,1,1,0,0,1,1,1,1,1,10
BBB,2014B,542562,1,South East Region,A Level or Equivalent,60-70%,0-35,2,240,1,Withdrawn,15,1,0,1,0,0,0,1,1,0,0,1,0,1,0,10
BBB,2014B,543963,0,South East Region,Lower Than A Level,50-60%,0-35,0,180,1,Withdrawn,3,0,1,0,0,0,1,1,0,0,1,0,0,1,0,8
BBB,2014B,544050,1,Wales,A Level or Equivalent,20-30%,0-35,2,120,0,Fail,9,1,0,1,0,0,1,0,1,1,0,1,1,1,1,4
BBB,2014B,544430,0,South East Region,A Level or Equivalent,0-10%,35-55,1,60,0,Fail,16,0,1,1,1,1,1,0,1,1,1,1,0,0,1,10
BBB,2014B,545146,1,East Anglian Region,A Level or Equivalent,80-90%,0-35,0,60,0,Pass,9,1,0,0,1,0,0,0,1,1,0,1,1,1,1,4
BBB,2014B,545160,1,Scotland,Lower Than A Level,50-60%,0-35,2,180,0,Withdrawn,16,1,0,1,0,1,0,1,1,0,1,1,0,0,0,10
BBB,2014B,545196,1,South West Region,Lower Than A Level,0-10%,35-55,0,60,0,Pass,14,1,0,0,1,0,1,0,0,0,0,0,1,0,0,5
BBB,2014B,545223,1,East Midlands Region,Lower Than A Level,0-10%,0-35,1,60,0,Fail,11,0,1,1,0,1,1,1,0,1,0,0,1,1,0,6
BBB,2014B,545254,0,Ireland,Lower Than A Level,90-100%,0-35,0,60,0,Pass,5,0,1,1,1,1,0,0,0,1,0,0,1,1,1,9
BBB,2014B,546202,1,South Region,Lower Than A Level,70-80%,0-35,1,60,0,Pass,6,0,1,1,0,1,1,1,1,1,1,0,0,0,0,9
BBB,2014B,546302,1,East Midlands Region,A Level or Equivalent,20-30%,0-35,0,120,0,Fail,6,0,1,0,0,1,1,0,0,0,0,1,0,1,0,9
BBB,2014B,547018,1,East Anglian Region,A Level or Equivalent,40-50%,35-55,0,60,0,Fail,1,1,0,0,0,1,1,0,1,0,1,0,1,0,1,2
BBB,2014B,547268,1,East Anglian Region,Lower Than A Level,80-90%,0-35,0,60,1,Withdrawn,12,1,1,0,1,0,1,1,0,1,0,1,0,1,1,7
BBB,2014B,547487,1,South Region,Lower Than A Level,80-90%,0-35,0,120,0,Distinction,3,0,0,0,1,1,1,0,1,0,1,0,1,1,0,8
BBB,2014B,547556,1,South Region,Lower Than A Level,80-90%,0-35,0,120,0,Fail,6,1,0,1,0,0,0,1,1,0,1,1,0,0,1,9
BBB,2014B,548296,1,South Region,A Level or Equivalent,20-Oct,0-35,1,60,0,Fail,11,0,0,1,1,0,1,1,0,0,0,0,1,0,1,6
BBB,2014B,548445,1,East Midlands Region,Lower Than A Level,20-30%,0-35,0,60,0,Fail,5,1,0,0,0,1,1,1,0,0,1,0,1,1,0,9
BBB,2014B,548578,1,South West Region,No Formal quals,30-40%,0-35,0,90,0,Withdrawn,13,0,1,1,1,0,1,0,1,1,0,1,1,1,0,5
BBB,2014B,548844,1,London Region,Lower Than A Level,70-80%,35-55,1,120,0,Fail,13,0,0,0,1,0,1,1,0,0,0,0,0,0,1,5
BBB,2014B,549078,1,London Region,A Level or Equivalent,20-Oct,0-35,1,90,0,Fail,9,0,0,1,1,0,0,0,0,0,1,1,1,0,0,4
BBB,2014B,549087,1,Yorkshire Region,Lower Than A Level,20-30%,0-35,0,90,0,Fail,12,1,1,0,0,0,1,0,1,0,1,0,0,0,0,7
BBB,2014B,549190,1,West Midlands Region,A Level or Equivalent,0-10%,0-35,0,60,0,Pass,15,0,1,0,1,1,0,0,1,0,0,0,1,1,1,10
BBB,2014B,549892,1,East Midlands Region,Lower Than A Level,30-40%,35-55,0,60,0,Withdrawn,1,1,1,0,1,0,0,1,0,0,0,1,0,0,0,2
BBB,2014B,550269,1,Scotland,Lower Than A Level,20-Oct,0-35,1,120,0,Pass,4,1,1,0,1,1,0,0,1,1,1,0,1,0,1,8
BBB,2014B,551053,1,Wales,Lower Than A Level,20-Oct,35-55,1,120,1,Fail,16,0,0,0,1,0,1,1,0,1,0,0,0,1,0,10
BBB,2014B,551252,1,South West Region,A Level or Equivalent,70-80%,0-35,1,120,0,Distinction,6,1,1,0,1,0,0,0,1,1,0,1,0,0,1,9
BBB,2014B,551515,1,Scotland,Lower Than A Level,20-Oct,0-35,1,180,0,Pass,6,1,0,0,1,0,0,0,0,0,1,1,1,1,1,9
BBB,2014B,551718,1,South East Region,A Level or Equivalent,60-70%,0-35,0,60,0,Fail,13,1,1,1,0,1,0,1,1,1,1,0,1,1,1,5
BBB,2014B,551953,1,South West Region,HE Qualification,60-70%,35-55,0,60,0,Fail,3,0,0,0,1,1,1,1,1,1,0,1,0,1,0,8
BBB,2014B,552025,0,North Western Region,A Level or Equivalent,0-10%,0-35,2,120,0,Fail,2,1,0,0,0,0,1,1,0,1,0,1,0,1,1,2
BBB,2014B,552656,1,Ireland,A Level or Equivalent,40-50%,35-55,0,60,0,Withdrawn,15,1,1,0,1,1,1,1,0,0,1,0,1,0,1,10
BBB,2014B,552896,1,Scotland,HE Qualification,30-40%,0-35,0,90,0,Withdrawn,6,1,1,0,0,1,0,0,0,0,1,1,1,1,1,9
BBB,2014B,552931,1,Ireland,Lower Than A Level,20-Oct,0-35,2,120,1,Withdrawn,2,1,0,0,1,0,1,1,0,0,0,1,0,1,0,2
BBB,2014B,553000,1,East Midlands Region,Lower Than A Level,20-Oct,0-35,0,60,0,Withdrawn,8,1,1,0,1,1,0,1,1,1,1,1,1,0,1,3
BBB,2014B,553437,1,Wales,A Level or Equivalent,50-60%,0-35,0,60,0,Fail,15,0,0,0,1,1,1,0,0,0,0,1,1,1,0,10
BBB,2014B,553733,1,London Region,A Level or Equivalent,0-10%,0-35,0,60,0,Fail,10,0,0,1,0,0,0,1,0,0,1,0,0,1,1,1
BBB,2014B,553807,1,South East Region,Lower Than A Level,30-40%,35-55,1,180,1,Fail,14,0,1,0,0,0,0,0,0,1,0,0,0,0,0,5
BBB,2014B,553808,0,South East Region,A Level or Equivalent,60-70%,0-35,0,120,0,Pass,10,0,0,1,1,1,0,0,1,1,0,0,0,1,1,1
BBB,2014B,554004,0,East Midlands Region,HE Qualification,20-30%,35-55,1,120,0,Pass,13,1,0,0,0,1,0,1,0,1,0,1,1,1,1,5
BBB,2014B,554766,1,Ireland,Lower Than A Level,30-40%,35-55,1,60,0,Withdrawn,7,0,0,0,0,1,0,0,0,0,1,0,0,0,1,3
BBB,2014B,554969,1,North Western Region,A Level or Equivalent,50-60%,0-35,0,60,0,Distinction,15,1,0,1,0,0,1,0,1,0,1,1,0,1,0,10
BBB,2014B,555015,1,Scotland,A Level or Equivalent,40-50%,0-35,0,180,1,Distinction,4,1,0,0,0,0,0,0,1,1,1,1,1,0,0,8
BBB,2014B,555603,1,Wales,A Level or Equivalent,60-70%,0-35,1,150,0,Withdrawn,14,0,0,1,0,0,1,1,0,1,0,1,0,1,0,5
BBB,2014B,555720,1,North Western Region,Lower Than A Level,20-30%,0-35,0,60,0,Fail,3,0,0,1,1,1,1,0,1,0,1,0,0,0,0,8
BBB,2014B,555860,0,West Midlands Region,Lower Than A Level,0-10%,0-35,0,60,0,Fail,8,0,1,0,1,1,1,0,1,1,1,1,0,0,0,3
BBB,2014B,555994,0,London Region,Lower Than A Level,40-50%,0-35,0,60,0,Fail,2,0,0,1,0,1,1,1,0,0,1,0,0,0,0,2
BBB,2014B,556012,0,East Anglian Region,Lower Than A Level,20-30%,0-35,0,60,1,Fail,5,0,1,1,0,1,1,0,1,0,0,0,1,0,1,9
BBB,2014B,556853,1,South Region,A Level or Equivalent,50-60%,0-35,0,60,0,Pass,7,0,0,0,1,0,0,0,0,0,0,1,1,1,0,3
BBB,2014B,556877,1,South West Region,A Level or Equivalent,30-40%,35-55,2,120,0,Pass,14,0,0,1,1,1,0,1,0,1,0,1,0,0,1,5
BBB,2014B,557029,0,East Midlands Region,HE Qualification,20-Oct,35-55,0,130,0,Fail,7,1,0,0,1,1,1,1,1,0,1,0,1,1,0,3
BBB,2014B,557351,1,South West Region,A Level or Equivalent,50-60%,35-55,1,120,0,Fail,16,0,1,1,1,1,1,0,0,0,0,1,1,1,1,10
BBB,2014B,558084,1,Wales,Lower Than A Level,20-30%,0-35,1,120,0,Pass,8,1,0,1,0,1,0,1,0,1,1,0,1,1,1,3
BBB,2014B,558595,1,South Region,A Level or Equivalent,90-100%,0-35,0,60,1,Pass,1,1,1,1,1,0,1,0,0,0,1,0,0,0,0,2
BBB,2014B,558702,1,South West Region,A Level or Equivalent,30-40%,35-55,0,60,0,Withdrawn,6,1,1,1,1,0,1,0,0,1,1,0,0,0,1,9
BBB,2014B,558921,0,West Midlands Region,HE Qualification,50-60%,0-35,1,60,0,Distinction,2,1,1,0,0,1,1,0,1,1,0,0,1,1,0,2
BBB,2014B,559065,1,London Region,A Level or Equivalent,20-Oct,0-35,0,120,0,Fail,11,0,0,1,0,1,1,0,0,1,1,0,1,1,1,6
BBB,2014B,559090,1,South East Region,No Formal quals,60-70%,0-35,0,60,0,Withdrawn,9,1,1,1,1,0,1,1,0,1,0,1,0,1,1,4
BBB,2014B,559336,1,West Midlands Region,A Level or Equivalent,50-60%,0-35,0,60,0,Pass,4,0,0,1,0,0,1,0,0,1,1,1,0,1,1,8
BBB,2014B,559381,1,South Region,HE Qualification,90-100%,35-55,0,60,0,Pass,4,0,0,0,0,1,0,1,1,1,0,0,0,0,0,8
BBB,2014B,559467,1,East Anglian Region,A Level or Equivalent,30-40%,0-35,0,150,0,Pass,9,1,0,0,1,1,1,0,0,1,0,1,0,1,1,4
BBB,2014B,559573,1,North Western Region,A Level or Equivalent,0-10%,0-35,0,120,0,Fail,5,1,1,0,1,0,0,1,0,0,1,0,0,0,1,9
BBB,2014B,559831,1,East Midlands Region,A Level or Equivalent,50-60%,0-35,0,120,0,Pass,8,1,0,0,0,0,1,1,0,0,1,0,0,1,1,3
BBB,2014B,559861,1,South East Region,A Level or Equivalent,90-100%,0-35,0,60,0,Pass,3,0,1,1,1,1,0,0,0,0,0,1,1,1,1,8
BBB,2014B,560117,0,West Midlands Region,Lower Than A Level,40-50%,0-35,1,60,0,Fail,9,0,0,1,1,0,1,1,1,1,0,1,0,1,0,4
BBB,2014B,560238,1,Yorkshire Region,Lower Than A Level,80-90%,0-35,0,60,0,Distinction,13,1,0,1,0,0,1,0,1,1,0,1,0,1,1,5
BBB,2014B,560335,1,Scotland,Lower Than A Level,90-100%,0-35,1,60,0,Fail,2,0,0,1,0,1,1,0,0,0,0,1,1,1,0,2
BBB,2014B,560536,1,Wales,HE Qualification,50-60%,0-35,1,120,0,Pass,11,0,0,0,1,0,1,0,0,0,1,1,0,1,1,6
BBB,2014B,560636,1,East Midlands Region,HE Qualification,40-50%,35-55,0,60,0,Withdrawn,3,0,0,1,0,0,0,0,0,0,0,1,1,0,1,8
BBB,2014B,560920,1,London Region,A Level or Equivalent,30-40%,35-55,1,120,0,Withdrawn,9,0,1,1,0,0,1,0,0,1,1,1,1,1,0,4
BBB,2014B,561060,1,East Anglian Region,A Level or Equivalent,60-70%,0-35,0,120,1,Pass,13,0,0,1,0,1,1,1,1,0,1,0,1,1,0,5
BBB,2014B,561061,1,Yorkshire Region,A Level or Equivalent,40-50%,0-35,0,120,0,Pass,14,0,1,0,0,0,0,1,0,1,0,0,0,1,0,5
BBB,2014B,561674,1,East Anglian Region,Lower Than A Level,60-70%,0-35,1,120,0,Fail,10,0,0,0,1,0,0,1,0,0,1,1,0,1,0,1
BBB,2014B,561953,1,East Anglian Region,A Level or Equivalent,70-80%,0-35,0,60,0,Pass,1,1,1,1,1,1,0,0,0,0,1,1,0,0,0,2
BBB,2014B,561978,1,South West Region,A Level or Equivalent,80-90%,0-35,1,180,0,Distinction,10,1,0,1,1,0,1,1,1,0,0,0,0,1,1,1
BBB,2014B,562139,1,West Midlands Region,Lower Than A Level,0-10%,0-35,0,60,0,Withdrawn,15,1,0,0,1,0,1,1,1,1,0,0,1,0,0,10
BBB,2014B,562267,0,North Western Region,Lower Than A Level,20-Oct,35-55,0,60,0,Withdrawn,14,0,0,0,1,1,1,1,0,0,0,1,0,1,1,5
BBB,2014B,562438,1,East Midlands Region,A Level or Equivalent,20-30%,35-55,0,60,0,Withdrawn,3,1,0,1,1,0,1,1,1,1,1,1,0,1,0,8
BBB,2014B,562642,0,South West Region,Lower Than A Level,90-100%,35-55,0,60,0,Fail,3,0,0,0,1,0,1,1,1,1,1,1,1,0,1,8
BBB,2014B,562643,1,South West Region,A Level or Equivalent,50-60%,0-35,0,60,0,Withdrawn,3,0,1,0,1,1,1,1,0,1,1,1,1,0,1,8
BBB,2014B,562783,1,East Midlands Region,Lower Than A Level,40-50%,0-35,0,60,0,Withdrawn,3,0,0,1,1,1,1,1,1,1,0,0,1,0,0,8
BBB,2014B,562857,1,London Region,Lower Than A Level,20-30%,35-55,0,60,0,Pass,15,1,0,0,1,0,1,0,0,0,0,0,1,0,1,10
BBB,2014B,563413,1,South Region,A Level or Equivalent,90-100%,0-35,0,60,0,Distinction,14,1,1,1,0,0,0,1,1,1,1,1,0,0,1,5
BBB,2014B,563487,1,East Anglian Region,A Level or Equivalent,80-90%,35-55,0,75,0,Pass,4,0,1,1,1,0,1,0,0,0,0,0,0,0,1,8
BBB,2014B,563754,1,South West Region,Lower Than A Level,30-40%,0-35,1,120,0,Pass,7,1,1,0,1,1,0,0,0,1,0,1,1,1,0,3
BBB,2014B,563822,1,East Anglian Region,Lower Than A Level,40-50%,0-35,0,60,0,Fail,15,1,0,1,1,0,0,1,1,1,0,1,0,1,0,10
BBB,2014B,563945,0,Scotland,Lower Than A Level,70-80%,35-55,0,90,0,Withdrawn,1,1,0,1,1,0,1,0,0,0,0,1,0,0,1,2
BBB,2014B,563986,1,North Western Region,Lower Than A Level,20-Oct,0-35,0,75,0,Fail,10,1,1,0,0,0,1,1,0,0,0,0,1,1,0,1
BBB,2014B,563987,1,North Western Region,A Level or Equivalent,20-30%,35-55,0,120,0,Pass,4,0,0,1,1,1,0,1,0,1,0,0,1,1,1,8
BBB,2014B,564409,0,Scotland,A Level or Equivalent,30-40%,0-35,1,120,0,Pass,4,1,1,1,0,0,1,0,0,0,0,1,1,1,0,8
BBB,2014B,564460,1,Yorkshire Region,No Formal quals,0-10%,0-35,0,60,0,Withdrawn,3,0,1,1,1,0,0,1,0,1,1,1,0,0,0,8
BBB,2014B,564810,1,East Anglian Region,A Level or Equivalent,40-50%,35-55,0,120,0,Withdrawn,14,1,0,1,0,0,0,0,0,0,1,0,0,0,1,5
BBB,2014B,564906,0,North Western Region,Lower Than A Level,0-10%,35-55,0,120,0,Pass,11,0,0,1,1,0,1,1,1,0,0,1,0,0,0,6
BBB,2014B,565008,1,West Midlands Region,A Level or Equivalent,0-10%,0-35,0,120,0,Withdrawn,12,1,1,0,0,1,1,0,0,1,0,1,0,1,0,7
BBB,2014B,565009,1,East Anglian Region,Lower Than A Level,40-50%,0-35,0,60,0,Fail,8,1,1,0,1,0,0,1,1,0,0,1,0,1,1,3
BBB,2014B,565344,1,London Region,A Level or Equivalent,70-80%,35-55,0,60,0,Fail,16,1,0,0,0,1,1,0,0,0,1,0,0,0,0,10
BBB,2014B,565402,1,South Region,Lower Than A Level,80-90%,0-35,1,180,0,Withdrawn,10,1,1,0,1,0,1,1,1,1,1,0,0,1,1,1
BBB,2014B,565869,1,East Anglian Region,Lower Than A Level,50-60%,35-55,0,60,0,Pass,4,0,1,1,0,1,0,1,0,0,1,0,0,1,0,8
BBB,2014B,565988,1,North Region,Lower Than A Level,20-Oct,0-35,0,120,0,Fail,15,0,0,0,0,1,1,0,1,0,1,0,1,0,1,10
BBB,2014B,566181,1,South West Region,A Level or Equivalent,50-60%,0-35,0,60,0,Pass,14,1,0,0,1,1,1,0,1,0,1,0,1,0,1,5
BBB,2014B,566669,1,South East Region,A Level or Equivalent,30-40%,0-35,0,60,0,Pass,16,1,1,0,0,1,0,1,0,0,1,1,1,1,0,10
BBB,2014B,567048,1,East Anglian Region,A Level or Equivalent,80-90%,35-55,0,60,0,Pass,7,0,0,0,1,0,0,0,1,0,0,0,1,0,1,3
BBB,2014B,567059,1,East Midlands Region,Lower Than A Level,50-60%,0-35,1,120,0,Pass,2,0,1,1,0,0,1,0,0,0,1,0,1,0,1,2
BBB,2014B,567273,1,North Western Region,A Level or Equivalent,40-50%,0-35,0,60,1,Withdrawn,2,0,0,1,0,1,0,1,1,1,1,1,1,1,1,2
BBB,2014B,567757,1,Wales,A Level or Equivalent,20-Oct,0-35,0,60,0,Pass,2,0,0,0,0,0,1,1,1,1,1,0,1,1,0,2
BBB,2014B,567889,1,South West Region,Lower Than A Level,40-50%,35-55,0,60,0,Pass,8,0,1,0,1,0,1,0,1,1,1,1,1,1,1,3
BBB,2014B,567963,1,London Region,Lower Than A Level,30-40%,35-55,0,60,1,Pass,3,0,1,0,1,0,1,1,0,0,0,0,0,1,1,8
BBB,2014B,568042,1,East Anglian Region,Lower Than A Level,30-40%,0-35,1,120,0,Fail,7,0,0,0,1,1,0,1,1,0,1,1,1,1,1,3
BBB,2014B,568370,1,West Midlands Region,A Level or Equivalent,20-30%,35-55,1,120,0,Pass,7,1,1,1,0,0,1,1,0,0,0,1,1,1,1,3
BBB,2014B,568559,1,East Midlands Region,Lower Than A Level,90-100%,35-55,1,120,0,Pass,2,1,1,1,0,1,0,1,1,0,0,1,1,1,1,2
BBB,2014B,568968,1,South Region,Lower Than A Level,80-90%,0-35,0,60,0,Pass,9,1,1,1,0,1,1,1,0,1,1,0,0,1,1,4
BBB,2014B,569074,1,South West Region,Lower Than A Level,30-40%,35-55,0,60,0,Withdrawn,7,1,0,1,1,1,0,1,0,1,1,0,1,1,1,3
BBB,2014B,569199,1,West Midlands Region,Lower Than A Level,20-30%,0-35,0,120,0,Withdrawn,16,0,0,0,0,0,1,0,1,1,0,0,0,0,0,10
BBB,2014B,569225,1,South Region,A Level or Equivalent,40-50%,0-35,0,90,0,Pass,6,1,1,1,0,0,1,1,1,0,1,1,1,0,0,9
BBB,2014B,569660,0,London Region,Lower Than A Level,20-Oct,35-55,1,180,0,Withdrawn,9,1,0,0,0,0,1,0,1,1,1,1,0,1,1,4
BBB,2014B,569663,1,South Region,Lower Than A Level,80-90%,0-35,0,60,0,Pass,1,0,1,0,1,0,0,1,1,0,1,0,1,1,0,2
BBB,2014B,569664,0,London Region,Lower Than A Level,40-50%,35-55,0,60,0,Pass,1,1,1,0,1,0,0,1,0,1,0,0,1,1,0,2
BBB,2014B,569761,1,East Midlands Region,Lower Than A Level,0-10%,0-35,0,60,0,Pass,8,1,1,0,0,1,0,0,0,0,0,0,0,1,1,3
BBB,2014B,569864,1,London Region,Lower Than A Level,20-Oct,0-35,0,120,0,Pass,15,1,0,0,1,1,0,0,0,1,1,0,0,0,1,10
BBB,2014B,569970,1,East Midlands Region,Lower Than A Level,40-50%,0-35,0,60,0,Pass,11,0,0,1,0,1,0,0,1,0,0,0,1,0,0,6
BBB,2014B,570031,1,North Western Region,Lower Than A Level,20-30%,0-35,0,60,0,Pass,11,0,1,1,1,0,0,0,1,0,0,0,0,0,0,6
BBB,2014B,570133,1,Scotland,HE Qualification,40-50%,35-55,0,60,0,Withdrawn,2,0,1,0,1,1,0,0,1,0,0,1,1,1,0,2
BBB,2014B,570177,1,Ireland,Lower Than A Level,70-80%,0-35,1,180,0,Fail,7,0,0,0,0,0,1,0,0,0,0,1,0,1,1,3
BBB,2014B,570186,1,West Midlands Region,Lower Than A Level,0-10%,0-35,0,60,0,Withdrawn,6,0,1,0,0,0,0,0,1,0,0,1,1,0,1,9
BBB,2014B,570239,1,West Midlands Region,Lower Than A Level,20-Oct,35-55,0,120,0,Fail,4,1,0,0,0,0,1,1,1,1,0,0,0,0,1,8
BBB,2014B,570437,1,Scotland,A Level or Equivalent,0-10%,35-55,0,60,1,Distinction,9,0,1,0,1,1,0,0,1,1,0,1,1,0,1,4
BBB,2014B,570627,1,South East Region,A Level or Equivalent,90-100%,35-55,0,60,0,Distinction,9,1,0,0,1,1,1,0,0,1,0,0,1,0,0,4
BBB,2014B,570721,1,East Midlands Region,HE Qualification,20-Oct,0-35,0,60,0,Withdrawn,5,0,1,0,0,1,0,0,1,1,1,1,1,1,1,9
BBB,2014B,571223,1,East Anglian Region,Lower Than A Level,30-40%,0-35,0,60,0,Pass,6,1,0,0,1,1,1,0,1,0,0,1,0,0,1,9
BBB,2014B,571540,1,East Anglian Region,Lower Than A Level,90-100%,0-35,1,120,0,Pass,13,1,0,0,0,1,0,0,1,1,1,1,0,1,0,5
BBB,2014B,571614,1,Ireland,Lower Than A Level,20-Oct,0-35,1,180,0,Pass,8,1,0,1,1,1,1,0,0,0,0,0,1,0,0,3
BBB,2014B,571732,1,South East Region,Lower Than A Level,70-80%,35-55,1,180,0,Withdrawn,7,0,0,1,1,1,1,0,0,0,0,1,1,0,1,3
BBB,2014B,571880,1,Scotland,Lower Than A Level,30-40%,0-35,0,120,0,Pass,10,1,1,1,1,0,1,1,0,1,1,0,1,0,0,1
BBB,2014B,571897,1,East Midlands Region,A Level or Equivalent,80-90%,0-35,0,120,1,Pass,14,1,0,0,1,0,1,0,1,0,1,0,0,0,0,5
BBB,2014B,571954,0,London Region,HE Qualification,20-Oct,0-35,0,120,0,Pass,3,1,0,0,1,0,1,1,1,1,0,1,1,1,1,8
BBB,2014B,572187,1,Scotland,HE Qualification,80-90%,0-35,0,120,0,Fail,11,1,1,0,1,1,1,0,0,0,0,0,1,0,0,6
BBB,2014B,572290,0,South East Region,HE Qualification,20-30%,0-35,1,180,0,Pass,10,1,0,0,0,1,1,0,0,1,0,1,1,1,1,1
BBB,2014B,572370,1,East Midlands Region,A Level or Equivalent,40-50%,35-55,0,210,0,Withdrawn,10,0,0,1,0,0,0,0,1,1,1,0,0,1,1,1
BBB,2014B,572378,1,London Region,Lower Than A Level,20-Oct,0-35,0,240,1,Withdrawn,15,0,1,0,1,0,0,0,0,0,1,0,1,1,1,10
BBB,2014B,572987,0,Yorkshire Region,Lower Than A Level,0-10%,35-55,1,180,1,Withdrawn,2,1,1,1,1,0,0,0,0,0,1,0,1,0,1,2
BBB,2014B,573000,1,London Region,HE Qualification,20-30%,35-55,0,120,0,Withdrawn,7,1,1,1,1,1,0,1,1,1,0,1,1,1,0,3
BBB,2014B,573108,1,South Region,A Level or Equivalent,80-90%,0-35,0,120,0,Withdrawn,4,0,0,1,0,1,0,0,1,0,1,1,1,1,0,8
BBB,2014B,573323,1,South West Region,A Level or Equivalent,70-80%,0-35,0,120,0,Distinction,10,0,1,1,0,1,1,0,1,1,1,0,0,0,0,1
BBB,2014B,573488,1,East Anglian Region,Lower Than A Level,70-80%,35-55,1,120,0,Pass,3,1,1,1,0,1,0,1,1,1,1,0,0,0,1,8
BBB,2014B,573496,1,South Region,A Level or Equivalent,20-30%,0-35,1,180,0,Pass,5,1,1,1,0,1,1,0,0,0,0,0,1,0,1,9
BBB,2014B,573806,1,South East Region,A Level or Equivalent,20-30%,35-55,0,120,0,Distinction,7,0,0,0,0,0,1,0,1,1,0,0,0,0,0,3
BBB,2014B,573824,1,South East Region,Lower Than A Level,20-30%,35-55,0,120,0,Withdrawn,6,1,0,1,0,1,1,0,0,1,0,0,0,0,0,9
BBB,2014B,573851,1,East Midlands Region,Lower Than A Level,20-30%,0-35,0,120,0,Pass,11,1,0,1,1,1,0,1,0,0,1,1,0,0,1,6
BBB,2014B,573853,1,Ireland,A Level or Equivalent,,35-55,0,60,0,Pass,1,1,1,1,1,0,0,0,0,0,0,1,0,1,0,2
BBB,2014B,574057,1,London Region,Lower Than A Level,0-10%,35-55,0,60,0,Fail,6,1,1,1,1,1,1,0,0,0,1,0,0,0,1,9
BBB,2014B,574264,1,East Midlands Region,Lower Than A Level,40-50%,0-35,0,120,0,Withdrawn,11,0,0,1,0,0,0,0,1,0,1,1,1,0,0,6
BBB,2014B,574553,1,London Region,Lower Than A Level,20-30%,0-35,0,150,0,Withdrawn,7,0,0,0,1,1,0,1,0,1,1,0,1,0,0,3
BBB,2014B,574569,1,London Region,A Level or Equivalent,30-40%,0-35,0,120,0,Pass,1,1,1,1,0,1,1,1,1,0,0,1,1,1,0,2
BBB,2014B,574748,1,West Midlands Region,Lower Than A Level,0-10%,0-35,1,150,0,Withdrawn,5,0,1,0,0,0,1,0,1,1,0,0,1,0,1,9
BBB,2014B,574935,1,East Anglian Region,Lower Than A Level,40-50%,35-55,0,120,0,Withdrawn,16,1,0,1,1,1,0,0,0,0,1,0,0,0,0,10
BBB,2014B,574944,1,West Midlands Region,A Level or Equivalent,20-30%,0-35,0,60,0,Withdrawn,11,0,1,0,0,0,1,1,1,1,0,1,0,1,1,6
BBB,2014B,575251,1,Scotland,A Level or Equivalent,0-10%,35-55,0,120,1,Withdrawn,1,1,0,1,1,1,1,0,0,1,1,0,1,0,0,2
BBB,2014B,575602,1,London Region,A Level or Equivalent,70-80%,0-35,0,120,0,Pass,10,0,1,0,1,0,0,0,1,1,0,1,1,0,0,1
BBB,2014B,575680,1,South East Region,Lower Than A Level,80-90%,0-35,1,120,0,Pass,10,1,0,1,0,1,0,0,0,1,0,0,0,1,1,1
BBB,2014B,575980,1,London Region,Lower Than A Level,30-40%,0-35,0,120,0,Withdrawn,5,0,1,1,1,0,0,0,1,1,0,1,1,1,1,9
BBB,2014B,575990,1,South West Region,Lower Than A Level,20-Oct,0-35,0,60,0,Withdrawn,3,0,1,1,1,0,0,0,1,1,1,1,0,1,1,8
BBB,2014B,576179,1,North Western Region,No Formal quals,0-10%,0-35,0,60,0,Withdrawn,15,0,0,0,0,0,1,1,1,0,1,0,0,0,1,10
BBB,2014B,576375,1,North Western Region,Lower Than A Level,,0-35,1,120,0,Pass,13,1,1,0,0,1,1,0,0,1,1,0,0,0,1,5
BBB,2014B,576738,1,South Region,Lower Than A Level,60-70%,0-35,0,120,0,Distinction,10,0,1,1,1,1,1,1,1,1,0,0,1,1,0,1
BBB,2014B,577170,1,West Midlands Region,HE Qualification,20-Oct,0-35,1,150,0,Fail,8,0,0,1,0,1,1,0,0,0,1,1,1,0,1,3
BBB,2014B,577304,1,North Western Region,Lower Than A Level,20-30%,35-55,1,120,0,Fail,14,1,1,0,0,1,0,0,0,0,1,1,1,0,0,5
BBB,2014B,577527,1,South East Region,Lower Than A Level,60-70%,35-55,1,120,0,Pass,11,1,0,1,1,0,1,0,0,1,0,1,1,1,1,6
BBB,2014B,577676,1,South Region,HE Qualification,90-100%,0-35,0,60,0,Pass,1,1,0,1,1,1,0,0,0,0,0,1,0,0,0,2
BBB,2014B,577905,1,South West Region,Lower Than A Level,0-10%,0-35,1,120,0,Fail,3,0,0,0,1,0,1,0,0,0,0,1,1,0,1,8
BBB,2014B,578003,1,South West Region,HE Qualification,30-40%,0-35,0,120,0,Fail,16,1,1,1,1,0,1,1,0,1,1,0,0,0,0,10
BBB,2014B,578282,1,North Region,Lower Than A Level,30-40%,0-35,0,120,0,Fail,2,0,1,0,1,0,0,1,0,1,0,0,1,1,0,2
BBB,2014B,578574,1,East Midlands Region,Lower Than A Level,20-30%,0-35,1,120,0,Pass,14,1,1,0,1,1,0,0,0,0,0,1,0,1,0,5
BBB,2014B,579255,1,Wales,Lower Than A Level,50-60%,0-35,1,120,0,Withdrawn,6,0,1,1,0,1,0,1,0,1,1,0,0,1,0,9
BBB,2014B,579448,1,Scotland,Lower Than A Level,20-Oct,0-35,1,120,0,Withdrawn,16,1,1,1,0,1,1,0,0,1,1,1,0,1,0,10
BBB,2014B,579537,1,Ireland,A Level or Equivalent,,35-55,0,60,0,Pass,5,0,0,1,1,0,1,0,0,1,0,0,0,1,0,9
BBB,2014B,579720,1,West Midlands Region,A Level or Equivalent,0-10%,0-35,0,60,0,Fail,9,0,1,0,0,0,0,0,0,0,1,0,0,1,0,4
BBB,2014B,580688,1,South Region,A Level or Equivalent,60-70%,0-35,0,180,0,Distinction,16,0,1,0,0,1,1,1,0,1,0,1,1,1,0,10
BBB,2014B,581222,0,East Midlands Region,A Level or Equivalent,50-60%,0-35,0,240,0,Pass,15,0,1,1,1,0,0,1,0,1,1,0,0,0,0,10
BBB,2014B,581333,1,South West Region,A Level or Equivalent,70-80%,0-35,0,120,0,Withdrawn,11,1,0,0,0,0,1,0,1,0,1,1,0,1,0,6
BBB,2014B,581353,1,South West Region,Lower Than A Level,90-100%,0-35,0,180,0,Pass,4,0,1,0,1,1,1,0,0,1,1,1,0,0,0,8
BBB,2014B,581459,1,South West Region,Lower Than A Level,70-80%,0-35,1,120,0,Fail,14,0,0,0,1,1,0,0,0,1,0,0,1,1,1,5
BBB,2014B,581647,1,East Midlands Region,Lower Than A Level,20-30%,0-35,1,120,1,Withdrawn,11,1,0,1,0,0,0,1,1,0,1,0,0,1,1,6
BBB,2014B,582496,1,West Midlands Region,Lower Than A Level,0-10%,0-35,0,120,0,Withdrawn,4,1,0,0,1,1,0,1,1,1,1,1,1,1,0,8
BBB,2014B,582742,1,West Midlands Region,Lower Than A Level,20-30%,0-35,0,120,0,Fail,6,1,1,1,0,0,0,0,1,1,1,0,1,0,0,9
BBB,2014B,583102,1,East Anglian Region,A Level or Equivalent,50-60%,0-35,0,120,0,Fail,2,1,0,1,1,1,0,1,0,1,1,0,0,0,1,2
BBB,2014B,583950,1,North Western Region,Lower Than A Level,0-10%,0-35,0,60,0,Fail,10,0,0,0,0,0,1,0,1,0,0,1,1,0,1,1
BBB,2014B,584566,1,London Region,No Formal quals,20-Oct,0-35,0,60,0,Withdrawn,16,0,0,1,1,1,0,1,0,0,1,1,0,1,1,10
BBB,2014B,584632,1,West Midlands Region,Lower Than A Level,0-10%,35-55,1,180,0,Fail,12,1,1,1,0,1,1,0,1,1,1,0,1,1,1,7
BBB,2014B,584762,1,East Anglian Region,Lower Than A Level,20-Oct,0-35,1,120,0,Withdrawn,4,0,1,1,0,1,0,1,1,1,1,1,0,0,0,8
BBB,2014B,585048,0,North Western Region,HE Qualification,0-10%,0-35,0,120,0,Pass,9,0,0,1,0,1,1,1,1,0,1,1,1,0,1,4
BBB,2014B,585150,1,West Midlands Region,A Level or Equivalent,0-10%,0-35,0,60,0,Pass,12,0,1,0,0,1,0,0,1,0,0,0,0,1,1,7
BBB,2014B,585283,1,South Region,A Level or Equivalent,0-10%,0-35,0,120,0,Withdrawn,15,1,1,0,1,1,0,1,1,0,0,1,0,1,1,10
BBB,2014B,585547,1,London Region,A Level or Equivalent,50-60%,0-35,0,120,0,Pass,1,0,1,1,0,1,1,1,1,1,0,0,1,1,1,2
BBB,2014B,585727,1,East Anglian Region,A Level or Equivalent,90-100%,35-55,0,120,0,Fail,11,1,1,1,0,0,0,1,1,1,0,0,0,0,1,6
BBB,2014B,586086,1,Wales,Lower Than A Level,80-90%,35-55,0,60,0,Pass,2,0,1,1,0,1,1,1,1,0,0,1,1,1,1,2
BBB,2014B,586111,1,South Region,Lower Than A Level,40-50%,0-35,1,120,1,Fail,3,1,1,0,1,1,0,1,1,1,1,0,0,1,1,8
BBB,2014B,586133,1,London Region,A Level or Equivalent,30-40%,0-35,0,270,0,Withdrawn,11,0,1,1,0,0,1,0,0,1,0,1,1,0,1,6
BBB,2014B,586417,1,North Western Region,A Level or Equivalent,20-30%,35-55,0,60,0,Withdrawn,2,0,0,0,1,1,1,1,1,1,1,1,0,1,0,2
BBB,2014B,586435,1,London Region,Lower Than A Level,0-10%,0-35,0,120,0,Withdrawn,8,1,1,0,1,0,0,0,1,0,1,0,1,1,0,3
BBB,2014B,586712,1,East Midlands Region,A Level or Equivalent,50-60%,35-55,0,120,0,Pass,1,1,0,1,1,0,0,1,1,1,0,1,1,1,0,2
BBB,2014B,586995,1,South Region,Lower Than A Level,50-60%,0-35,0,120,0,Pass,2,0,0,0,0,1,0,0,1,1,0,0,1,0,0,2
BBB,2014B,587181,1,South Region,A Level or Equivalent,80-90%,35-55,0,60,0,Pass,8,1,1,1,1,1,0,1,0,1,0,0,0,0,1,3
BBB,2014B,587524,1,Yorkshire Region,A Level or Equivalent,30-40%,35-55,0,120,0,Distinction,13,1,1,1,1,1,1,1,1,1,0,1,1,1,0,5
BBB,2014B,587538,1,South East Region,Lower Than A Level,80-90%,35-55,0,120,0,Distinction,3,1,1,1,1,1,1,0,1,1,1,0,0,1,0,8
BBB,2014B,587780,1,North Western Region,A Level or Equivalent,50-60%,0-35,0,120,0,Pass,11,1,1,0,0,1,0,0,0,1,0,1,0,1,0,6
BBB,2014B,588039,1,South East Region,A Level or Equivalent,50-60%,35-55,0,120,0,Pass,1,1,0,0,1,1,0,1,0,0,1,1,1,0,1,2
BBB,2014B,588096,1,West Midlands Region,Lower Than A Level,80-90%,0-35,0,60,0,Withdrawn,12,0,1,0,1,0,0,1,0,1,0,1,0,0,1,7
BBB,2014B,588302,1,Scotland,A Level or Equivalent,90-100%,0-35,0,60,0,Pass,5,0,0,1,1,0,1,0,0,1,0,1,1,1,0,9
BBB,2014B,588459,1,Wales,Lower Than A Level,40-50%,0-35,1,120,0,Fail,5,1,1,0,0,0,1,1,1,0,1,0,1,0,0,9
BBB,2014B,588484,1,Yorkshire Region,A Level or Equivalent,0-10%,0-35,0,60,0,Pass,9,1,0,0,0,0,1,0,0,0,0,0,0,1,1,4
BBB,2014B,588495,1,South West Region,Lower Than A Level,30-40%,35-55,0,120,0,Withdrawn,5,0,1,1,1,1,1,1,0,0,0,0,0,1,0,9
BBB,2014B,588592,1,Wales,Lower Than A Level,20-30%,0-35,0,240,1,Withdrawn,7,1,0,1,1,0,1,0,0,1,0,1,1,0,0,3
BBB,2014B,588685,1,Scotland,HE Qualification,50-60%,35-55,1,120,1,Fail,9,1,1,1,1,1,1,0,0,1,1,0,1,1,1,4
BBB,2014B,589300,1,North Western Region,Lower Than A Level,60-70%,0-35,0,120,0,Withdrawn,13,0,0,1,0,0,0,0,1,1,0,1,1,0,0,5
BBB,2014B,589333,1,South Region,A Level or Equivalent,40-50%,0-35,0,120,0,Pass,5,0,1,0,0,1,1,1,1,1,0,1,0,0,0,9
BBB,2014B,589444,1,South West Region,A Level or Equivalent,40-50%,0-35,0,120,0,Distinction,8,0,0,1,1,1,0,1,1,1,1,1,1,1,1,3
BBB,2014B,589862,1,North Western Region,Lower Than A Level,40-50%,0-35,0,120,0,Pass,13,1,1,0,0,0,1,1,1,0,1,0,0,1,1,5
BBB,2014B,589997,1,South West Region,A Level or Equivalent,80-90%,35-55,0,60,0,Distinction,6,1,0,1,0,1,0,1,0,1,0,1,1,1,1,9
BBB,2014B,590408,1,London Region,Lower Than A Level,0-10%,0-35,0,60,1,Fail,6,1,0,1,0,1,1,0,1,0,1,0,0,0,0,9
BBB,2014B,590520,1,South West Region,No Formal quals,30-40%,0-35,0,120,0,Fail,15,1,0,1,0,1,0,1,0,1,0,1,0,1,1,10
BBB,2014B,590798,0,South Region,HE Qualification,30-40%,0-35,0,60,0,Withdrawn,9,0,1,1,0,0,0,0,0,1,0,1,1,1,1,4
BBB,2014B,590812,1,Wales,Lower Than A Level,0-10%,35-55,1,120,0,Fail,4,0,0,0,0,1,1,0,1,1,1,0,0,0,0,8
BBB,2014B,590870,1,South East Region,A Level or Equivalent,30-40%,0-35,0,60,0,Fail,12,0,1,0,1,0,0,1,1,0,1,0,1,0,1,7
BBB,2014B,591094,1,West Midlands Region,Lower Than A Level,0-10%,0-35,0,90,0,Withdrawn,7,0,1,1,1,1,1,1,0,0,0,1,1,0,1,3
BBB,2014B,591309,1,North Western Region,Lower Than A Level,0-10%,0-35,0,180,0,Withdrawn,11,1,0,0,0,0,1,0,0,0,0,0,1,0,1,6
BBB,2014B,591547,1,North Region,A Level or Equivalent,20-Oct,0-35,0,120,0,Fail,6,1,1,1,0,0,1,0,0,0,1,1,0,1,0,9
BBB,2014B,591725,1,Wales,Lower Than A Level,40-50%,0-35,1,120,0,Fail,9,0,1,1,0,1,1,1,0,1,0,0,0,1,0,4
BBB,2014B,591743,1,North Region,Lower Than A Level,30-40%,35-55,0,60,0,Fail,13,1,1,1,1,1,1,0,1,0,1,1,1,1,1,5
BBB,2014B,592193,1,South East Region,A Level or Equivalent,80-90%,35-55,0,120,0,Distinction,4,1,1,1,0,0,1,1,0,1,1,1,1,1,0,8
BBB,2014B,592602,1,South Region,Lower Than A Level,80-90%,0-35,0,120,0,Withdrawn,8,1,1,1,1,0,0,0,0,0,0,0,1,1,0,3
BBB,2014B,592725,0,West Midlands Region,A Level or Equivalent,,0-35,0,180,0,Pass,8,0,1,1,1,1,1,1,0,0,1,0,1,1,1,3
BBB,2014B,593345,1,Yorkshire Region,A Level or Equivalent,60-70%,0-35,0,240,0,Fail,7,1,0,1,1,0,1,1,1,0,1,0,1,1,0,3
BBB,2014B,593465,1,Yorkshire Region,A Level or Equivalent,60-70%,0-35,0,60,0,Withdrawn,2,1,0,1,0,0,1,0,1,1,1,1,0,1,0,2
BBB,2014B,594061,1,East Anglian Region,A Level or Equivalent,40-50%,0-35,0,60,0,Distinction,2,0,0,0,1,0,1,1,1,1,0,1,1,1,0,2
BBB,2014B,594417,1,Yorkshire Region,HE Qualification,60-70%,0-35,0,60,0,Pass,2,0,0,1,1,1,0,1,0,0,1,0,1,1,1,2
BBB,2014B,594774,1,South Region,A Level or Equivalent,20-30%,35-55,1,120,0,Fail,16,0,0,0,1,0,1,1,0,0,0,0,0,0,0,10
BBB,2014B,595047,1,East Midlands Region,Lower Than A Level,80-90%,0-35,1,180,0,Pass,12,1,1,0,1,0,0,0,1,1,0,1,0,0,0,7
BBB,2014B,596171,0,North Region,HE Qualification,80-90%,0-35,0,70,0,Distinction,1,1,1,1,1,0,1,1,0,0,0,1,0,0,0,2
BBB,2014B,596533,1,Yorkshire Region,A Level or Equivalent,20-30%,0-35,0,180,0,Pass,2,1,0,1,1,0,0,1,0,0,1,0,1,1,1,2
BBB,2014B,596602,1,Scotland,A Level or Equivalent,70-80%,0-35,0,60,0,Withdrawn,14,0,0,0,1,1,1,0,0,0,0,0,0,1,0,5
BBB,2014B,597316,1,North Western Region,Lower Than A Level,40-50%,0-35,0,120,1,Pass,14,1,1,0,1,0,0,0,0,0,0,0,1,0,0,5
BBB,2014B,597321,1,North Western Region,Lower Than A Level,0-10%,0-35,1,120,0,Fail,9,1,1,0,1,0,0,0,1,0,0,0,0,0,1,4
BBB,2014B,597610,1,Wales,Lower Than A Level,20-30%,35-55,0,75,0,Withdrawn,14,1,0,1,0,1,1,0,1,1,0,0,0,1,1,5
BBB,2014B,597730,1,East Midlands Region,A Level or Equivalent,20-Oct,0-35,0,180,0,Fail,4,0,1,1,1,0,1,1,1,1,0,0,1,1,1,8
BBB,2014B,597744,1,North Region,Lower Than A Level,0-10%,0-35,0,120,0,Withdrawn,13,1,1,0,1,1,1,0,1,1,0,0,1,0,0,5
BBB,2014B,597882,1,East Midlands Region,A Level or Equivalent,30-40%,35-55,0,150,0,Pass,7,0,1,0,1,0,1,0,0,1,1,0,1,1,1,3
BBB,2014B,598150,1,West Midlands Region,A Level or Equivalent,20-Oct,0-35,0,180,0,Withdrawn,1,0,1,0,1,0,0,1,1,0,0,0,0,1,0,2
BBB,2014B,598250,1,East Midlands Region,Lower Than A Level,40-50%,0-35,0,120,0,Withdrawn,6,0,1,0,0,0,1,0,0,1,1,1,1,0,0,9
BBB,2014B,598313,0,London Region,A Level or Equivalent,40-50%,35-55,0,120,0,Withdrawn,10,1,1,0,0,0,1,1,0,1,0,1,1,1,0,1
BBB,2014B,598415,1,South Region,Lower Than A Level,30-40%,0-35,0,120,0,Withdrawn,12,1,1,1,0,0,1,0,1,1,0,0,0,0,1,7
BBB,2014B,598451,0,East Anglian Region,Lower Than A Level,80-90%,35-55,0,120,0,Withdrawn,14,1,0,0,0,1,1,1,0,0,1,0,1,1,0,5
BBB,2014B,598495,1,Scotland,HE Qualification,0-10%,0-35,0,60,0,Fail,7,0,0,0,1,0,0,1,0,1,1,1,1,1,0,3
BBB,2014B,598614,1,Scotland,A Level or Equivalent,20-Oct,0-35,0,120,0,Pass,15,1,1,0,0,1,0,0,1,0,1,0,1,0,1,10
BBB,2014B,598624,1,East Midlands Region,A Level or Equivalent,60-70%,0-35,0,120,0,Pass,5,1,0,0,1,0,0,0,0,1,0,1,1,0,1,9
BBB,2014B,598694,1,West Midlands Region,A Level or Equivalent,90-100%,0-35,0,120,0,Pass,15,1,0,0,0,0,0,0,0,0,0,0,0,1,1,10
BBB,2014B,598836,1,West Midlands Region,A Level or Equivalent,30-40%,0-35,0,120,0,Withdrawn,7,0,0,0,0,0,0,1,1,1,1,0,0,0,0,3
BBB,2014B,598918,0,Ireland,A Level or Equivalent,40-50%,0-35,0,60,0,Distinction,14,0,1,0,0,1,0,0,0,0,0,1,1,1,1,5
BBB,2014B,599132,1,North Western Region,HE Qualification,60-70%,35-55,0,60,0,Pass,16,1,0,1,0,1,1,0,0,1,1,1,1,0,1,10
BBB,2014B,599161,1,Scotland,Lower Than A Level,70-80%,35-55,1,120,0,Fail,9,1,1,1,1,0,1,1,0,0,1,0,1,1,0,4
BBB,2014B,599202,1,Scotland,A Level or Equivalent,70-80%,0-35,1,120,0,Distinction,3,1,0,1,1,1,1,0,0,0,0,0,0,0,0,8
BBB,2014B,599207,1,Wales,Lower Than A Level,20-30%,35-55,0,60,1,Pass,14,0,1,1,1,1,1,1,1,1,1,1,1,0,1,5
BBB,2014B,599382,1,South West Region,HE Qualification,70-80%,35-55,0,180,0,Withdrawn,5,0,0,1,1,1,0,0,0,1,0,1,0,1,1,9
BBB,2014B,599430,1,Scotland,HE Qualification,20-30%,0-35,0,120,0,Withdrawn,8,1,1,1,0,1,0,0,1,0,0,0,1,1,0,3
BBB,2014B,599480,1,London Region,Lower Than A Level,30-40%,0-35,1,120,0,Withdrawn,11,0,1,0,1,0,0,1,1,1,1,1,1,1,0,6
BBB,2014B,599495,1,South West Region,A Level or Equivalent,50-60%,35-55,0,60,0,Distinction,4,1,0,1,1,1,1,1,0,1,0,0,1,1,1,8
BBB,2014B,599769,1,South Region,Lower Than A Level,60-70%,0-35,0,150,1,Fail,9,1,1,1,0,0,1,0,1,1,1,0,0,1,1,4
BBB,2014B,599990,1,East Midlands Region,A Level or Equivalent,80-90%,35-55,1,180,0,Pass,7,1,1,0,1,1,1,0,1,1,0,0,0,1,0,3
BBB,2014B,600259,1,South East Region,Lower Than A Level,20-Oct,0-35,0,120,0,Withdrawn,5,0,1,1,0,1,0,0,0,1,1,0,0,1,1,9
BBB,2014B,600407,1,North Western Region,Lower Than A Level,40-50%,0-35,1,180,0,Withdrawn,16,1,0,0,0,1,0,1,1,0,1,0,0,0,1,10
BBB,2014B,601010,0,Wales,HE Qualification,80-90%,0-35,0,60,0,Pass,14,0,1,1,1,1,1,0,1,0,0,0,0,0,1,5
BBB,2014B,601238,1,East Midlands Region,Lower Than A Level,30-40%,35-55,1,120,0,Pass,14,0,0,0,1,0,0,1,1,1,0,0,1,0,1,5
BBB,2014B,601316,1,South West Region,Lower Than A Level,40-50%,35-55,0,120,0,Withdrawn,10,1,0,0,1,1,1,1,0,1,0,0,0,0,1,1
BBB,2014B,601356,1,East Anglian Region,Lower Than A Level,60-70%,0-35,0,120,0,Distinction,6,0,0,1,1,0,0,1,1,0,1,0,0,0,1,9
BBB,2014B,601616,1,West Midlands Region,A Level or Equivalent,0-10%,0-35,0,90,0,Pass,7,1,0,0,1,1,1,1,1,0,0,0,0,1,1,3
BBB,2014B,601862,1,Wales,Lower Than A Level,60-70%,0-35,0,60,0,Pass,11,0,1,1,1,0,0,0,0,0,0,1,1,1,0,6
BBB,2014B,602011,1,Scotland,Lower Than A Level,30-40%,0-35,1,120,1,Fail,1,0,0,0,0,1,0,0,0,0,1,1,0,0,1,2
BBB,2014B,602815,1,Yorkshire Region,Lower Than A Level,30-40%,0-35,0,60,0,Fail,11,0,1,1,1,0,0,1,1,0,0,0,1,1,0,6
BBB,2014B,602898,1,London Region,Lower Than A Level,50-60%,0-35,0,60,0,Withdrawn,1,1,0,0,1,0,0,1,1,0,0,0,0,0,0,2
BBB,2014B,602929,1,South Region,Lower Than A Level,60-70%,0-35,0,60,0,Fail,13,0,0,1,0,1,0,0,0,1,0,1,1,0,1,5
BBB,2014B,602991,1,North Western Region,A Level or Equivalent,80-90%,35-55,0,60,0,Pass,2,0,0,0,0,1,1,0,1,1,0,1,0,0,1,2
BBB,2014B,603061,1,Ireland,Lower Than A Level,50-60%,35-55,0,60,0,Withdrawn,5,0,1,1,1,0,0,0,0,1,0,0,0,0,1,9
BBB,2014B,603112,1,South Region,Lower Than A Level,50-60%,0-35,0,120,0,Pass,6,0,1,1,1,0,0,0,0,0,1,1,1,1,0,9
BBB,2014B,603348,1,South Region,Lower Than A Level,40-50%,0-35,0,60,0,Withdrawn,8,0,1,0,0,0,1,0,1,0,1,1,1,0,0,3
BBB,2014B,603543,1,East Midlands Region,Lower Than A Level,40-50%,0-35,0,60,0,Fail,4,1,1,0,0,0,1,0,1,0,1,1,0,1,0,8
BBB,2014B,603739,1,South West Region,Lower Than A Level,20-30%,0-35,0,60,0,Withdrawn,10,1,0,0,0,1,0,0,1,0,0,0,1,0,0,1
BBB,2014B,603762,1,South East Region,A Level or Equivalent,50-60%,0-35,0,60,0,Distinction,14,1,0,1,1,1,1,1,1,0,0,0,1,0,0,5
BBB,2014B,603888,1,Ireland,Lower Than A Level,70-80%,35-55,0,60,0,Withdrawn,11,0,1,0,1,1,0,0,0,0,0,0,1,1,1,6
BBB,2014B,604106,1,South West Region,Lower Than A Level,30-40%,0-35,0,120,0,Pass,1,1,0,0,1,1,0,1,0,1,1,1,1,0,0,2
BBB,2014B,604267,1,East Anglian Region,A Level or Equivalent,80-90%,0-35,0,120,0,Withdrawn,15,1,0,1,0,0,1,1,1,1,1,1,1,0,0,10
BBB,2014B,604375,1,East Midlands Region,A Level or Equivalent,60-70%,0-35,0,60,0,Withdrawn,7,0,0,1,1,0,1,1,0,0,0,1,0,1,1,3
BBB,2014B,604962,1,Ireland,A Level or Equivalent,20-Oct,35-55,1,120,0,Pass,14,0,0,0,0,1,1,0,0,1,1,1,1,1,1,5
BBB,2014B,605388,1,Scotland,A Level or Equivalent,90-100%,0-35,0,60,0,Withdrawn,10,0,1,0,1,0,1,1,1,1,0,0,0,1,1,1
BBB,2014B,605474,1,Scotland,A Level or Equivalent,30-40%,0-35,0,120,0,Fail,9,0,1,0,1,0,1,0,1,0,0,0,1,0,1,4
BBB,2014B,605597,1,Scotland,HE Qualification,40-50%,0-35,1,120,0,Fail,6,0,1,0,1,1,0,0,1,0,0,1,0,1,0,9
BBB,2014B,605672,1,West Midlands Region,A Level or Equivalent,50-60%,0-35,0,120,0,Pass,3,0,1,0,0,1,0,1,1,0,0,1,0,1,0,8
BBB,2014B,605693,1,East Anglian Region,Lower Than A Level,50-60%,0-35,0,60,0,Pass,7,0,1,0,1,0,0,0,1,1,1,1,1,0,1,3
BBB,2014B,605771,1,West Midlands Region,A Level or Equivalent,40-50%,0-35,0,120,1,Withdrawn,6,0,1,0,0,1,1,1,0,1,0,0,1,1,1,9
BBB,2014B,605956,1,Yorkshire Region,A Level or Equivalent,0-10%,0-35,0,60,0,Withdrawn,5,1,1,1,1,0,0,0,1,0,0,0,0,1,0,9
BBB,2014B,605971,1,North Western Region,A Level or Equivalent,20-30%,0-35,0,120,0,Withdrawn,12,1,0,0,1,0,1,0,0,0,1,1,0,0,1,7
BBB,2014B,605996,1,Ireland,A Level or Equivalent,50-60%,0-35,0,120,0,Pass,2,1,0,1,0,1,0,1,1,1,1,0,0,0,0,2
BBB,2014B,606069,1,Wales,Lower Than A Level,30-40%,0-35,1,120,0,Pass,14,0,1,0,0,0,1,0,0,1,0,0,0,1,0,5
BBB,2014B,606075,1,Ireland,Lower Than A Level,60-70%,0-35,0,60,0,Fail,1,1,0,0,1,1,1,0,1,0,0,0,0,1,0,2
BBB,2014B,606155,1,North Western Region,Lower Than A Level,60-70%,0-35,0,60,0,Withdrawn,8,1,1,0,0,0,1,1,0,1,0,1,1,0,0,3
BBB,2014B,606313,1,Scotland,HE Qualification,60-70%,35-55,0,75,1,Pass,6,0,0,0,0,0,1,0,0,0,0,1,1,0,1,9
BBB,2014B,606335,1,North Western Region,A Level or Equivalent,40-50%,0-35,0,120,1,Withdrawn,6,1,1,0,1,0,1,0,0,1,1,1,1,1,0,9
BBB,2014B,606501,1,West Midlands Region,A Level or Equivalent,0-10%,0-35,1,120,0,Withdrawn,10,0,0,1,0,1,1,0,0,1,1,1,1,1,1,1
BBB,2014B,606529,0,West Midlands Region,A Level or Equivalent,90-100%,0-35,0,120,0,Fail,13,0,1,1,0,0,0,0,0,1,0,1,1,0,1,5
BBB,2014B,606634,1,East Midlands Region,Lower Than A Level,30-40%,35-55,0,90,0,Pass,6,0,1,1,1,0,1,0,0,0,1,0,0,0,1,9
BBB,2014B,606690,1,Yorkshire Region,HE Qualification,80-90%,0-35,0,120,0,Pass,6,1,0,1,0,1,1,0,1,1,1,0,1,1,1,9
BBB,2014B,607108,1,East Anglian Region,A Level or Equivalent,40-50%,35-55,0,120,0,Fail,6,1,1,0,0,1,0,1,1,1,0,0,1,1,1,9
BBB,2014B,607220,1,Yorkshire Region,Lower Than A Level,0-10%,0-35,0,60,0,Pass,11,1,1,1,0,1,0,0,1,0,0,1,1,1,1,6
BBB,2014B,607339,1,North Western Region,A Level or Equivalent,0-10%,0-35,0,120,0,Withdrawn,16,0,1,1,0,0,0,0,0,0,1,1,0,1,0,10
BBB,2014B,607380,1,South East Region,A Level or Equivalent,20-Oct,0-35,1,120,0,Fail,10,0,0,0,1,1,1,1,0,0,0,0,1,0,0,1
BBB,2014B,607436,1,London Region,Lower Than A Level,20-30%,35-55,0,180,1,Withdrawn,1,1,0,0,0,1,1,0,1,1,1,0,0,1,0,2
BBB,2014B,607487,1,East Anglian Region,No Formal quals,20-30%,0-35,0,60,0,Withdrawn,7,1,0,1,1,1,1,1,1,1,1,0,1,0,0,3
BBB,2014B,607529,1,Scotland,HE Qualification,50-60%,0-35,0,60,0,Pass,10,0,0,0,0,1,0,0,1,0,0,0,0,1,0,1
BBB,2014B,607646,1,London Region,Lower Than A Level,20-Oct,0-35,0,60,0,Withdrawn,3,0,0,1,1,0,0,1,0,0,0,1,1,0,0,8
BBB,2014B,607678,1,East Anglian Region,No Formal quals,30-40%,0-35,0,60,0,Pass,11,0,0,1,1,1,0,0,0,0,0,0,0,1,0,6
BBB,2014B,607848,1,North Western Region,Lower Than A Level,20-30%,0-35,1,180,0,Fail,9,1,1,0,1,1,1,0,0,1,0,1,1,0,0,4
BBB,2014B,607953,1,Yorkshire Region,Lower Than A Level,0-10%,35-55,0,60,0,Fail,11,0,1,1,1,0,0,1,1,0,1,1,0,0,1,6
BBB,2014B,607973,1,North Region,HE Qualification,30-40%,0-35,0,120,0,Withdrawn,9,0,1,1,0,1,1,0,0,1,1,1,1,0,1,4
BBB,2014B,608060,1,London Region,A Level or Equivalent,20-Oct,0-35,1,120,0,Withdrawn,15,1,1,0,0,1,1,1,0,1,0,0,0,1,0,10
BBB,2014B,608104,1,South Region,A Level or Equivalent,90-100%,35-55,0,60,0,Distinction,5,1,0,0,1,0,0,1,1,1,0,0,1,1,0,9
BBB,2014B,608110,1,South West Region,A Level or Equivalent,20-30%,0-35,0,60,0,Pass,11,0,0,1,1,0,0,1,0,0,0,1,1,0,0,6
BBB,2014B,608164,0,South West Region,HE Qualification,70-80%,35-55,0,180,0,Distinction,10,1,1,1,0,0,0,1,1,0,1,1,1,1,0,1
BBB,2014B,608407,1,North Region,Lower Than A Level,20-30%,0-35,0,120,0,Distinction,6,1,1,0,1,0,1,0,0,0,0,1,1,0,0,9
BBB,2014B,608774,1,Scotland,Lower Than A Level,0-10%,35-55,0,60,0,Withdrawn,16,1,0,1,1,0,1,0,0,0,1,1,1,0,0,10
BBB,2014B,608961,1,North Western Region,HE Qualification,20-Oct,0-35,0,60,0,Fail,1,0,1,1,0,0,0,1,0,0,1,1,0,0,1,2
BBB,2014B,609282,1,West Midlands Region,Lower Than A Level,20-Oct,35-55,1,120,0,Withdrawn,3,0,0,0,1,0,0,1,1,1,0,1,0,1,0,8
BBB,2014B,609422,1,Yorkshire Region,Lower Than A Level,80-90%,0-35,1,120,0,Withdrawn,16,0,0,1,1,1,1,0,0,1,0,1,0,0,1,10
BBB,2014B,609426,1,Wales,Lower Than A Level,20-Oct,0-35,0,120,0,Pass,6,1,1,1,0,0,1,0,0,1,1,0,1,0,1,9
BBB,2014B,609596,1,East Anglian Region,Lower Than A Level,60-70%,35-55,0,60,0,Distinction,6,1,1,0,1,0,1,0,1,1,0,1,0,1,1,9
BBB,2014B,610239,1,East Midlands Region,A Level or Equivalent,80-90%,0-35,0,120,0,Fail,15,1,0,0,0,1,1,0,1,1,0,1,0,1,0,10
BBB,2014B,610340,1,Wales,Lower Than A Level,20-30%,35-55,0,60,0,Fail,4,0,1,0,0,1,1,0,1,0,0,1,0,1,1,8
BBB,2014B,610416,1,South East Region,Lower Than A Level,30-40%,35-55,0,60,0,Pass,8,1,1,1,1,0,1,1,1,0,1,0,1,0,1,3
BBB,2014B,610494,1,Wales,Lower Than A Level,20-Oct,0-35,0,60,0,Withdrawn,9,0,0,1,1,0,1,0,1,0,0,1,0,0,0,4
BBB,2014B,610531,1,East Midlands Region,Lower Than A Level,20-30%,0-35,0,120,0,Withdrawn,12,0,1,0,0,0,1,0,1,0,1,0,1,0,0,7
BBB,2014B,610589,1,East Midlands Region,A Level or Equivalent,80-90%,0-35,0,180,1,Withdrawn,14,1,1,1,0,0,0,0,0,0,1,0,1,0,1,5
BBB,2014B,610759,1,South East Region,HE Qualification,60-70%,35-55,1,120,0,Pass,15,0,1,0,0,0,1,0,1,0,1,0,0,0,1,10
BBB,2014B,610802,1,Wales,A Level or Equivalent,40-50%,35-55,1,120,0,Fail,4,0,0,0,1,1,1,1,0,0,1,0,0,0,1,8
BBB,2014B,611233,0,South East Region,Lower Than A Level,60-70%,35-55,0,60,0,Withdrawn,10,0,0,0,1,1,0,1,0,1,0,0,0,0,0,1
BBB,2014B,611348,1,London Region,HE Qualification,20-30%,0-35,0,90,0,Pass,11,0,0,0,1,0,0,0,0,1,1,1,0,1,0,6
BBB,2014B,611475,1,South East Region,Lower Than A Level,70-80%,35-55,0,60,0,Pass,11,1,1,0,1,0,0,0,1,1,0,0,1,1,1,6
BBB,2014B,611586,1,North Western Region,Lower Than A Level,0-10%,0-35,0,120,0,Withdrawn,13,0,1,1,0,1,1,1,0,0,0,1,1,1,1,5
BBB,2014B,611649,1,West Midlands Region,A Level or Equivalent,40-50%,0-35,0,120,0,Withdrawn,1,1,1,0,0,0,1,0,1,0,1,0,1,1,1,2
BBB,2014B,611719,1,West Midlands Region,Lower Than A Level,20-Oct,0-35,0,60,0,Fail,13,1,0,1,0,1,1,0,0,1,0,1,1,1,1,5
BBB,2014B,611732,1,North Western Region,Lower Than A Level,40-50%,0-35,0,120,0,Withdrawn,6,0,1,1,1,1,1,1,0,1,1,1,0,0,1,9
BBB,2014B,611816,0,London Region,Lower Than A Level,20-30%,35-55,0,120,0,Withdrawn,8,1,1,0,0,1,0,0,1,0,0,1,1,1,1,3
BBB,2014B,611974,1,North Western Region,Lower Than A Level,0-10%,0-35,0,60,0,Withdrawn,1,0,1,1,0,1,0,0,0,1,0,0,1,0,1,2
BBB,2014B,611977,1,East Anglian Region,Lower Than A Level,80-90%,0-35,0,120,0,Withdrawn,14,0,0,0,1,0,1,0,0,1,0,1,0,1,1,5
BBB,2014B,611979,0,West Midlands Region,A Level or Equivalent,0-10%,0-35,0,60,0,Withdrawn,12,0,0,1,0,0,0,1,1,0,1,0,1,0,0,7
BBB,2014B,612082,1,Scotland,HE Qualification,50-60%,0-35,0,60,0,Distinction,11,1,0,0,0,1,1,1,1,1,1,1,1,0,1,6
BBB,2014B,612113,1,Wales,A Level or Equivalent,0-10%,35-55,0,60,0,Fail,16,0,1,1,1,0,0,1,0,0,0,1,0,1,1,10
BBB,2014B,612120,1,East Midlands Region,Lower Than A Level,70-80%,0-35,0,60,0,Fail,9,1,1,1,1,0,0,1,1,1,1,1,1,1,0,4
BBB,2014B,612212,1,East Anglian Region,A Level or Equivalent,50-60%,0-35,0,120,1,Fail,7,0,0,1,0,1,1,1,0,1,1,0,0,0,0,3
BBB,2014B,612370,1,Yorkshire Region,A Level or Equivalent,0-10%,0-35,0,60,0,Fail,11,1,1,1,0,0,0,1,0,0,1,1,0,0,1,6
BBB,2014B,612395,1,West Midlands Region,Lower Than A Level,30-40%,35-55,0,60,0,Withdrawn,7,0,0,0,0,1,1,0,0,0,1,0,0,0,1,3
BBB,2014B,612396,1,East Anglian Region,A Level or Equivalent,30-40%,0-35,0,60,0,Fail,12,1,0,0,0,0,1,0,1,0,0,0,1,0,0,7
BBB,2014B,612561,1,West Midlands Region,Lower Than A Level,60-70%,0-35,0,60,0,Withdrawn,3,1,0,0,1,0,0,0,0,1,0,1,1,1,1,8
BBB,2014B,612600,1,East Midlands Region,Lower Than A Level,20-30%,0-35,0,60,0,Fail,15,0,0,0,1,1,0,1,0,0,1,1,0,1,1,10
BBB,2014B,612721,1,South West Region,A Level or Equivalent,50-60%,35-55,0,60,0,Distinction,10,1,0,1,0,1,0,1,1,0,0,0,0,1,1,1
BBB,2014B,612756,1,Yorkshire Region,A Level or Equivalent,0-10%,0-35,0,60,0,Pass,4,1,0,1,0,0,1,0,0,0,1,1,1,1,0,8
BBB,2014B,612841,1,Wales,A Level or Equivalent,90-100%,0-35,0,60,0,Pass,8,1,0,1,1,0,0,0,0,0,0,1,0,0,1,3
BBB,2014B,612862,1,South Region,A Level or Equivalent,90-100%,0-35,0,60,0,Distinction,5,1,0,0,0,1,0,1,0,0,1,1,1,0,1,9
BBB,2014B,612919,1,Scotland,A Level or Equivalent,20-30%,35-55,0,75,0,Pass,12,1,1,1,0,1,0,0,0,0,1,1,0,1,1,7
BBB,2014B,613038,1,North Western Region,HE Qualification,50-60%,35-55,0,60,0,Pass,2,1,0,1,0,1,1,0,0,0,1,1,0,0,0,2
BBB,2014B,613047,1,Scotland,Lower Than A Level,20-30%,35-55,0,60,0,Fail,6,1,0,0,1,1,0,0,1,0,0,1,1,0,1,9
BBB,2014B,613093,1,Yorkshire Region,A Level or Equivalent,20-30%,0-35,0,60,0,Pass,10,1,1,0,0,1,1,1,0,0,0,1,0,1,0,1
BBB,2014B,613161,1,Yorkshire Region,Lower Than A Level,50-60%,0-35,0,60,0,Withdrawn,3,1,1,1,1,0,1,0,0,1,0,0,1,0,1,8
BBB,2014B,613162,0,Ireland,A Level or Equivalent,40-50%,0-35,1,120,0,Pass,14,1,1,1,0,1,1,0,1,0,0,0,1,0,1,5
BBB,2014B,613170,1,South West Region,Lower Than A Level,80-90%,0-35,0,60,0,Pass,12,0,0,1,1,0,1,0,1,1,1,0,0,0,1,7
BBB,2014B,613199,1,Ireland,A Level or Equivalent,0-10%,0-35,1,120,1,Pass,16,0,1,0,1,0,0,0,0,1,1,0,0,0,0,10
BBB,2014B,613205,1,South West Region,A Level or Equivalent,30-40%,0-35,0,60,0,Fail,6,0,0,1,0,0,1,0,1,0,1,0,1,0,0,9
BBB,2014B,613299,1,West Midlands Region,Lower Than A Level,20-30%,0-35,0,60,0,Fail,5,1,0,0,1,0,0,1,0,1,0,1,0,0,1,9
BBB,2014B,613355,0,Wales,A Level or Equivalent,60-70%,35-55,0,60,0,Pass,7,0,0,1,1,0,0,1,1,1,0,1,1,1,0,3
BBB,2014B,613426,1,Wales,Lower Than A Level,20-Oct,0-35,0,60,0,Pass,1,1,0,1,1,0,0,0,0,0,1,1,1,0,0,2
BBB,2014B,613512,1,North Western Region,Lower Than A Level,40-50%,0-35,0,60,0,Withdrawn,9,1,1,1,1,1,0,0,1,1,0,1,1,0,0,4
BBB,2014B,613559,1,London Region,HE Qualification,20-30%,0-35,0,60,0,Withdrawn,6,1,0,0,0,0,1,0,0,0,0,0,1,0,0,9
BBB,2014B,613586,1,East Anglian Region,Lower Than A Level,90-100%,35-55,0,60,0,Fail,14,0,1,0,0,0,0,0,0,1,0,0,1,1,0,5
BBB,2014B,613641,1,Yorkshire Region,HE Qualification,30-40%,0-35,0,60,0,Withdrawn,1,1,0,0,0,1,1,0,1,1,1,0,0,0,1,2
BBB,2014B,613703,1,Wales,Lower Than A Level,0-10%,0-35,0,75,1,Fail,16,0,1,0,0,1,0,0,1,0,0,1,0,0,1,10
BBB,2014B,613718,1,Ireland,A Level or Equivalent,90-100%,0-35,0,120,0,Pass,8,1,1,1,0,1,0,1,0,1,0,0,1,0,1,3
BBB,2014B,613722,1,North Western Region,Lower Than A Level,20-30%,0-35,0,60,0,Pass,15,0,1,0,1,0,1,1,1,1,1,0,1,1,0,10
BBB,2014B,613743,1,Wales,HE Qualification,70-80%,35-55,0,120,0,Pass,16,0,0,0,1,0,0,1,1,0,0,1,0,1,1,10
BBB,2014B,613791,1,Scotland,A Level or Equivalent,20-Oct,0-35,0,60,0,Withdrawn,13,1,1,0,0,1,0,0,0,0,1,1,0,1,0,5
BBB,2014B,613832,1,Yorkshire Region,Lower Than A Level,0-10%,35-55,0,120,0,Fail,13,0,0,0,0,0,0,1,1,1,1,1,0,0,0,5
BBB,2014B,613842,1,East Anglian Region,A Level or Equivalent,70-80%,0-35,0,60,0,Withdrawn,10,0,1,0,1,0,0,1,0,1,1,1,1,1,0,1
BBB,2014B,613856,1,North Western Region,Lower Than A Level,20-Oct,0-35,0,60,0,Pass,13,0,1,1,1,1,1,0,0,0,1,0,1,1,1,5
BBB,2014B,613864,1,East Anglian Region,No Formal quals,20-30%,0-35,0,60,0,Fail,4,1,1,1,1,1,0,1,0,1,1,0,0,1,1,8
BBB,2014B,613874,1,East Anglian Region,HE Qualification,30-40%,0-35,0,60,0,Pass,4,0,1,1,0,0,0,0,0,0,1,1,0,0,1,8
BBB,2014B,613881,1,Yorkshire Region,Lower Than A Level,50-60%,0-35,0,60,0,Pass,12,0,0,0,0,1,1,0,1,0,1,0,1,0,1,7
BBB,2014B,613896,1,East Midlands Region,HE Qualification,30-40%,0-35,0,60,0,Withdrawn,4,1,0,1,0,0,0,1,1,0,1,0,0,0,0,8
BBB,2014B,613932,1,Wales,Lower Than A Level,80-90%,0-35,0,60,0,Fail,14,0,1,0,1,1,1,0,0,0,0,0,0,0,1,5
BBB,2014B,613946,1,East Midlands Region,Lower Than A Level,90-100%,35-55,0,60,0,Pass,12,0,1,1,0,1,1,0,0,0,1,1,1,0,1,7
BBB,2014B,613983,1,North Western Region,A Level or Equivalent,0-10%,0-35,0,60,0,Withdrawn,3,0,0,0,1,1,0,0,1,0,0,1,1,0,0,8
BBB,2014B,614039,1,Wales,A Level or Equivalent,40-50%,35-55,0,60,0,Pass,1,0,0,0,1,0,1,0,0,0,0,1,1,0,0,2
BBB,2014B,614117,1,East Anglian Region,HE Qualification,30-40%,0-35,0,60,0,Pass,3,1,0,0,0,1,0,1,1,0,0,0,0,1,1,8
BBB,2014B,614130,1,East Midlands Region,A Level or Equivalent,70-80%,0-35,0,60,0,Pass,8,0,1,1,1,0,1,1,0,0,0,0,1,0,0,3
BBB,2014B,614212,1,East Midlands Region,Lower Than A Level,40-50%,0-35,0,90,0,Pass,2,0,0,0,0,0,0,1,1,0,0,1,1,1,0,2
BBB,2014B,614270,1,South East Region,A Level or Equivalent,50-60%,0-35,0,120,0,Withdrawn,3,1,0,1,1,1,1,0,0,0,1,0,1,0,0,8
BBB,2014B,614357,1,East Anglian Region,A Level or Equivalent,20-Oct,0-35,0,60,0,Distinction,11,1,0,0,0,1,0,1,1,0,1,0,0,0,1,6
BBB,2014B,614403,1,North Region,Lower Than A Level,60-70%,35-55,0,60,0,Fail,7,1,1,0,0,1,0,1,1,0,1,1,0,1,0,3
BBB,2014B,614561,1,South West Region,Lower Than A Level,40-50%,0-35,0,60,0,Withdrawn,7,0,1,0,0,0,0,0,0,1,1,1,1,1,1,3
BBB,2014B,614562,0,South Region,Lower Than A Level,0-10%,0-35,0,60,0,Withdrawn,16,0,0,1,1,1,1,0,1,1,0,1,1,0,0,10
BBB,2014B,614583,1,East Anglian Region,HE Qualification,30-40%,0-35,0,120,0,Distinction,4,0,1,1,0,1,1,1,0,0,0,1,1,1,0,8
BBB,2014B,614586,1,Yorkshire Region,Lower Than A Level,20-30%,0-35,0,60,0,Withdrawn,9,0,1,0,0,1,0,0,1,1,0,1,1,0,1,4
BBB,2014B,614601,0,South East Region,A Level or Equivalent,30-40%,0-35,0,60,1,Pass,4,1,1,0,1,0,1,1,1,0,1,1,0,1,0,8
BBB,2014B,614629,0,London Region,HE Qualification,0-10%,35-55,0,60,0,Distinction,12,0,1,1,1,0,0,1,0,1,1,0,1,1,0,7
BBB,2014B,614668,1,Wales,A Level or Equivalent,90-100%,0-35,0,60,0,Pass,8,0,0,0,0,0,0,0,1,1,0,1,0,1,1,3
BBB,2014B,614693,1,Wales,Lower Than A Level,60-70%,35-55,0,60,0,Pass,16,1,1,1,0,0,1,0,0,0,1,0,0,1,1,10
BBB,2014B,614728,1,South Region,A Level or Equivalent,40-50%,0-35,0,60,0,Pass,16,0,1,1,0,0,1,0,0,1,1,0,0,1,1,10
BBB,2014B,614732,0,South Region,A Level or Equivalent,40-50%,0-35,0,60,0,Pass,8,1,1,1,1,0,1,0,1,1,0,0,1,1,1,3
BBB,2014B,614734,1,South Region,A Level or Equivalent,30-40%,0-35,0,60,0,Fail,13,0,0,0,0,0,1,1,1,1,0,1,0,0,0,5
BBB,2014B,614738,0,South Region,A Level or Equivalent,60-70%,0-35,0,60,0,Distinction,10,1,1,0,1,0,0,0,1,1,1,0,0,0,1,1
BBB,2014B,614741,1,South Region,Lower Than A Level,60-70%,0-35,0,60,0,Pass,12,1,1,1,0,0,1,0,1,1,1,0,0,0,0,7
BBB,2014B,614742,1,South Region,A Level or Equivalent,40-50%,0-35,0,60,0,Pass,11,1,1,1,1,0,0,1,0,1,0,0,0,0,0,6
BBB,2014B,614744,0,South Region,A Level or Equivalent,70-80%,35-55,0,60,0,Pass,7,1,1,1,0,0,0,0,1,1,0,0,1,0,0,3
BBB,2014B,614745,0,South Region,A Level or Equivalent,70-80%,35-55,0,60,0,Pass,9,1,1,1,0,0,0,1,1,0,0,0,0,1,0,4
BBB,2014B,614813,1,Yorkshire Region,No Formal quals,0-10%,0-35,0,60,0,Withdrawn,13,0,1,0,0,0,1,1,1,0,0,0,0,0,0,5
BBB,2014B,614871,1,Yorkshire Region,Lower Than A Level,0-10%,0-35,0,60,0,Pass,16,0,0,0,0,0,0,1,1,0,1,1,0,1,0,10
BBB,2014B,614909,1,Scotland,A Level or Equivalent,30-40%,0-35,0,60,0,Distinction,10,0,1,1,0,0,0,1,0,1,0,0,0,1,0,1
BBB,2014B,615018,1,London Region,A Level or Equivalent,20-Oct,0-35,0,60,1,Withdrawn,8,0,0,0,1,0,1,1,0,0,0,0,0,1,1,3
BBB,2014B,615025,1,West Midlands Region,Lower Than A Level,20-30%,0-35,0,60,1,Pass,15,1,1,0,1,0,0,0,0,1,0,1,0,1,1,10
BBB,2014B,615028,1,Wales,A Level or Equivalent,50-60%,0-35,0,60,0,Pass,6,0,1,0,0,1,1,1,1,0,0,1,0,0,1,9
BBB,2014B,615047,1,South West Region,Lower Than A Level,30-40%,0-35,0,60,0,Withdrawn,9,1,0,0,1,1,0,1,0,0,1,1,1,1,1,4
BBB,2014B,615090,1,Yorkshire Region,Lower Than A Level,50-60%,0-35,0,60,0,Pass,1,1,0,1,0,1,0,0,1,1,0,0,1,1,0,2
BBB,2014B,615173,1,North Western Region,A Level or Equivalent,0-10%,0-35,0,60,0,Fail,10,1,0,1,1,0,1,1,0,0,1,0,1,0,1,1
BBB,2014B,615212,1,East Midlands Region,A Level or Equivalent,20-30%,0-35,0,60,0,Withdrawn,3,1,1,0,1,0,0,1,0,1,0,1,1,0,1,8
BBB,2014B,615218,1,North Western Region,Lower Than A Level,20-Oct,0-35,0,60,1,Fail,6,1,0,0,1,0,1,1,1,0,1,1,1,1,1,9
BBB,2014B,615259,1,South East Region,A Level or Equivalent,30-40%,0-35,0,120,0,Pass,9,0,1,1,0,1,0,0,1,0,1,0,0,1,0,4
BBB,2014B,615319,1,South West Region,A Level or Equivalent,80-90%,0-35,0,60,0,Fail,16,0,1,1,1,1,0,1,0,1,0,0,0,1,1,10
BBB,2014B,615443,1,South East Region,A Level or Equivalent,30-40%,0-35,0,60,0,Pass,13,0,0,0,0,1,1,0,0,0,1,0,0,1,1,5
BBB,2014B,616332,1,London Region,Lower Than A Level,20-30%,0-35,0,60,1,Withdrawn,13,0,0,0,1,1,0,0,1,0,0,0,0,0,0,5
BBB,2014B,616354,1,Wales,Lower Than A Level,0-10%,0-35,0,120,0,Fail,1,0,0,1,0,0,0,0,1,1,1,1,1,0,0,2
BBB,2014B,616361,1,East Midlands Region,Lower Than A Level,20-Oct,0-35,0,60,0,Withdrawn,1,0,0,1,0,1,0,1,1,1,1,1,0,1,0,2
BBB,2014B,616377,1,West Midlands Region,Lower Than A Level,40-50%,0-35,0,120,0,Fail,4,1,0,1,0,1,0,1,1,1,0,0,1,1,1,8
BBB,2014B,616414,1,East Midlands Region,Lower Than A Level,80-90%,0-35,0,60,0,Withdrawn,11,1,0,0,0,1,1,1,1,1,0,0,0,0,0,6
BBB,2014B,616428,1,North Western Region,HE Qualification,0-10%,0-35,0,60,0,Withdrawn,12,1,0,1,1,0,1,1,0,1,1,1,0,0,0,7
BBB,2014B,616464,1,North Western Region,A Level or Equivalent,80-90%,0-35,0,60,0,Fail,11,1,1,0,0,1,1,1,1,0,0,1,1,1,0,6
BBB,2014B,616511,1,South West Region,A Level or Equivalent,80-90%,35-55,0,60,0,Distinction,13,0,0,1,0,1,0,0,0,1,1,1,0,0,0,5
BBB,2014B,616526,1,West Midlands Region,A Level or Equivalent,20-30%,0-35,0,60,1,Fail,11,0,1,1,0,1,0,1,1,1,0,1,0,0,1,6
BBB,2014B,616536,1,South Region,Lower Than A Level,20-Oct,0-35,0,120,0,Pass,13,1,1,0,0,1,0,0,0,0,0,0,1,0,1,5
BBB,2014B,616670,1,Scotland,A Level or Equivalent,0-10%,0-35,0,60,0,Pass,13,0,0,0,1,1,0,1,1,0,0,0,0,0,1,5
BBB,2014B,616739,1,West Midlands Region,Lower Than A Level,0-10%,0-35,0,60,0,Fail,14,0,0,0,0,0,1,0,0,0,0,1,1,1,0,5
BBB,2014B,616809,1,North Western Region,Lower Than A Level,50-60%,35-55,0,60,0,Withdrawn,5,0,1,0,0,1,0,0,1,0,0,1,1,1,0,9
BBB,2014B,616816,1,London Region,A Level or Equivalent,30-40%,35-55,0,60,0,Withdrawn,9,1,1,1,0,1,1,0,1,0,1,0,0,0,1,4
BBB,2014B,616848,1,North Region,Lower Than A Level,,0-35,0,90,0,Withdrawn,6,0,0,1,0,1,1,1,0,0,0,0,1,1,0,9
BBB,2014B,616914,1,London Region,Lower Than A Level,30-40%,0-35,0,60,0,Pass,4,0,0,1,0,1,0,0,0,0,0,0,1,0,0,8
BBB,2014B,616919,1,East Anglian Region,A Level or Equivalent,80-90%,0-35,0,60,0,Distinction,12,1,1,0,1,1,0,1,0,0,0,0,1,1,1,7
BBB,2014B,617012,0,Scotland,Lower Than A Level,40-50%,0-35,0,60,0,Pass,12,1,1,1,1,1,0,1,1,1,0,0,0,0,1,7
BBB,2014B,617126,1,Scotland,HE Qualification,60-70%,35-55,0,60,0,Withdrawn,7,1,1,0,1,1,1,0,0,0,0,1,1,1,0,3
BBB,2014B,617134,1,Scotland,Lower Than A Level,70-80%,35-55,0,60,0,Withdrawn,11,1,0,0,1,0,0,0,0,1,0,0,0,1,1,6
BBB,2014B,617140,1,North Western Region,Lower Than A Level,90-100%,0-35,0,120,0,Withdrawn,5,1,0,1,0,0,0,1,0,0,1,0,1,0,0,9
BBB,2014B,617146,1,Wales,Lower Than A Level,20-30%,0-35,0,60,0,Fail,3,1,1,1,1,1,1,1,0,0,0,0,0,0,0,8
BBB,2014B,617147,1,Wales,Lower Than A Level,60-70%,0-35,0,60,0,Fail,11,1,0,1,0,0,1,1,0,0,0,0,0,0,1,6
BBB,2014B,617190,1,London Region,Lower Than A Level,50-60%,0-35,0,60,0,Pass,15,0,0,0,1,1,0,0,1,0,0,1,1,1,0,10
BBB,2014B,617225,1,North Region,Lower Than A Level,20-Oct,35-55,0,60,0,Pass,14,0,1,1,1,0,1,0,1,0,0,0,0,0,0,5
BBB,2014B,617287,1,London Region,A Level or Equivalent,20-Oct,0-35,0,60,1,Fail,7,1,1,0,0,1,0,1,1,1,1,1,1,0,1,3
BBB,2014B,617296,1,South Region,Lower Than A Level,70-80%,0-35,0,60,0,Fail,13,1,0,1,1,0,1,0,0,1,1,0,1,1,0,5
BBB,2014B,617297,1,Wales,Lower Than A Level,20-Oct,0-35,0,60,0,Withdrawn,15,1,1,1,1,1,0,0,0,0,1,0,0,1,1,10
BBB,2014B,617525,1,London Region,A Level or Equivalent,60-70%,0-35,0,120,0,Withdrawn,7,0,0,0,0,0,1,0,1,0,1,0,0,0,1,3
BBB,2014B,617556,1,North Region,A Level or Equivalent,0-10%,0-35,0,60,0,Withdrawn,6,0,1,1,0,0,0,0,0,1,0,0,0,0,0,9
BBB,2014B,617560,1,South West Region,A Level or Equivalent,70-80%,0-35,0,120,0,Pass,13,1,0,0,1,0,1,0,1,1,0,0,0,1,1,5
BBB,2014B,617576,1,Wales,A Level or Equivalent,30-40%,0-35,0,60,0,Pass,14,1,1,1,1,1,0,0,0,0,1,1,1,1,0,5
BBB,2014B,617714,1,London Region,Lower Than A Level,70-80%,0-35,0,60,0,Withdrawn,14,0,0,0,1,1,0,0,0,0,1,0,1,0,1,5
BBB,2014B,617717,1,North Western Region,A Level or Equivalent,0-10%,35-55,0,60,0,Fail,13,0,1,1,0,1,1,1,0,0,0,1,0,0,0,5
BBB,2014B,617764,1,Wales,Lower Than A Level,70-80%,0-35,0,75,0,Pass,3,0,1,1,1,1,0,1,1,1,0,1,0,1,1,8
BBB,2014B,617792,1,Yorkshire Region,A Level or Equivalent,40-50%,35-55,0,60,0,Pass,9,1,0,1,0,1,1,0,1,0,1,1,1,0,0,4
BBB,2014B,617813,1,Yorkshire Region,Lower Than A Level,30-40%,35-55,0,60,0,Pass,9,0,0,1,1,1,1,0,1,1,0,0,1,0,1,4
BBB,2014B,617843,1,East Anglian Region,Lower Than A Level,60-70%,0-35,0,60,0,Withdrawn,6,0,0,0,1,1,0,1,0,0,1,1,0,1,0,9
BBB,2014B,617905,1,East Anglian Region,A Level or Equivalent,0-10%,0-35,0,60,0,Withdrawn,1,0,1,1,0,1,1,0,0,1,0,1,1,1,0,2
BBB,2014B,617950,1,East Anglian Region,A Level or Equivalent,20-Oct,0-35,0,60,0,Withdrawn,13,1,0,1,1,0,1,0,1,0,0,1,1,1,0,5
BBB,2014B,617959,1,Yorkshire Region,HE Qualification,0-10%,0-35,0,60,0,Fail,3,0,0,1,0,1,1,1,1,1,1,1,1,1,1,8
BBB,2014B,618054,1,Yorkshire Region,Lower Than A Level,50-60%,0-35,0,60,0,Withdrawn,9,0,1,0,0,1,1,1,0,0,0,1,0,1,1,4
BBB,2014B,618108,1,Scotland,Lower Than A Level,20-30%,0-35,0,60,0,Withdrawn,6,0,1,0,1,1,0,0,1,1,1,1,1,1,0,9
BBB,2014B,618137,1,East Anglian Region,A Level or Equivalent,70-80%,0-35,0,60,0,Withdrawn,7,1,1,1,0,0,0,0,1,0,0,0,1,0,1,3
BBB,2014B,618145,1,South East Region,A Level or Equivalent,20-30%,0-35,0,60,0,Distinction,14,0,1,1,1,1,1,1,0,0,1,0,0,1,0,5
BBB,2014B,618151,1,Wales,Lower Than A Level,50-60%,35-55,0,60,1,Pass,4,0,0,1,1,0,1,1,1,0,0,0,1,1,1,8
BBB,2014B,618197,1,South East Region,Lower Than A Level,20-30%,0-35,0,60,0,Withdrawn,7,1,1,0,0,1,0,0,1,1,1,0,1,1,1,3
BBB,2014B,618205,1,Wales,Lower Than A Level,40-50%,35-55,0,60,0,Pass,14,0,0,0,0,1,1,0,0,0,1,1,0,1,1,5
BBB,2014B,618258,1,Scotland,HE Qualification,20-30%,35-55,0,60,0,Pass,1,1,1,1,0,0,0,0,1,1,0,0,0,1,0,2
BBB,2014B,618265,1,Wales,A Level or Equivalent,70-80%,35-55,0,60,0,Withdrawn,5,0,1,1,0,1,1,1,1,0,0,0,1,1,1,9
BBB,2014B,618292,1,London Region,Lower Than A Level,20-Oct,0-35,0,60,0,Withdrawn,7,0,0,0,0,1,0,0,0,0,1,0,0,1,0,3
BBB,2014B,618360,1,North Western Region,A Level or Equivalent,80-90%,0-35,0,120,0,Withdrawn,4,1,0,1,0,1,1,1,1,0,0,0,0,0,1,8
BBB,2014B,618362,1,South Region,A Level or Equivalent,20-Oct,0-35,0,60,0,Withdrawn,2,0,1,1,1,1,1,1,1,1,1,0,1,1,0,2
BBB,2014B,618399,1,London Region,A Level or Equivalent,20-Oct,0-35,0,60,0,Pass,13,1,1,0,1,0,1,0,0,1,0,1,0,1,0,5
BBB,2014B,618534,1,East Midlands Region,Lower Than A Level,40-50%,0-35,0,120,0,Fail,4,0,1,1,0,1,1,1,1,0,0,1,1,0,0,8
BBB,2014B,618539,0,Yorkshire Region,A Level or Equivalent,30-40%,0-35,0,60,1,Fail,8,1,0,1,1,0,0,0,1,0,0,0,1,1,1,3
BBB,2014B,618586,1,London Region,Lower Than A Level,20-Oct,0-35,0,60,0,Withdrawn,3,0,0,0,1,0,0,1,0,0,0,1,0,0,1,8
BBB,2014B,618631,1,Scotland,Lower Than A Level,50-60%,0-35,0,90,0,Fail,8,0,0,1,1,1,1,1,0,0,1,1,0,0,1,3
BBB,2014B,618632,1,Yorkshire Region,A Level or Equivalent,0-10%,0-35,0,60,0,Fail,1,1,0,1,1,1,0,1,1,0,1,1,1,0,0,2
BBB,2014B,618670,1,West Midlands Region,A Level or Equivalent,20-Oct,0-35,0,60,0,Pass,7,0,1,1,1,1,0,0,0,1,0,1,0,1,1,3
BBB,2014B,618673,1,North Western Region,Lower Than A Level,0-10%,0-35,0,120,1,Fail,4,1,0,0,1,0,1,1,0,1,1,0,1,1,0,8
BBB,2014B,618710,1,North Western Region,A Level or Equivalent,0-10%,0-35,0,120,0,Withdrawn,13,1,1,0,0,0,0,1,0,1,1,1,1,0,1,5
BBB,2014B,618784,1,South West Region,Lower Than A Level,50-60%,0-35,0,60,0,Withdrawn,15,1,1,1,1,0,0,0,1,0,0,1,1,0,1,10
BBB,2014B,618816,1,London Region,Lower Than A Level,0-10%,0-35,0,60,0,Fail,12,0,1,0,0,0,1,0,0,0,0,1,1,1,0,7
BBB,2014B,618858,1,London Region,Lower Than A Level,20-30%,0-35,0,60,0,Withdrawn,2,1,1,0,0,0,1,1,0,1,0,0,0,1,0,2
BBB,2014B,618869,1,North Western Region,A Level or Equivalent,30-40%,0-35,0,90,0,Fail,7,1,0,1,1,1,1,1,1,1,0,0,1,1,1,3
BBB,2014B,618870,1,West Midlands Region,A Level or Equivalent,50-60%,0-35,0,60,0,Withdrawn,1,0,1,0,1,0,0,1,1,1,1,0,1,0,1,2
BBB,2014B,618882,1,North Western Region,A Level or Equivalent,20-Oct,0-35,0,60,1,Pass,11,0,0,0,0,1,1,0,1,0,1,0,0,0,1,6
BBB,2014B,618951,1,South West Region,A Level or Equivalent,0-10%,0-35,0,60,0,Pass,16,1,1,0,0,1,1,0,1,1,0,1,1,0,1,10
BBB,2014B,618957,1,London Region,Lower Than A Level,20-Oct,0-35,0,60,0,Withdrawn,5,1,1,1,0,1,1,1,1,0,0,0,1,1,0,9
BBB,2014B,618965,1,South Region,Lower Than A Level,20-Oct,35-55,0,120,0,Fail,2,0,0,0,1,1,1,0,1,0,1,1,1,1,0,2
BBB,2014B,618981,1,Scotland,Lower Than A Level,50-60%,0-35,0,60,0,Pass,6,1,1,0,1,0,1,1,0,0,0,0,0,1,1,9
BBB,2014B,619054,1,Scotland,HE Qualification,60-70%,0-35,0,120,0,Withdrawn,14,1,1,1,1,1,0,1,1,0,1,1,0,0,1,5
BBB,2014B,619161,1,Wales,Lower Than A Level,20-30%,35-55,0,60,1,Fail,7,0,1,0,1,0,1,1,1,1,1,1,1,1,1,3
BBB,2014B,619196,1,London Region,A Level or Equivalent,0-10%,35-55,0,60,0,Pass,11,0,1,1,0,0,0,0,0,1,0,0,0,0,1,6
BBB,2014B,619207,1,East Anglian Region,A Level or Equivalent,20-Oct,0-35,0,60,0,Fail,4,1,1,1,0,0,1,1,0,0,1,0,1,0,1,8
BBB,2014B,619265,1,West Midlands Region,Lower Than A Level,30-40%,0-35,0,120,0,Withdrawn,2,0,0,0,1,1,0,0,0,1,1,1,0,1,1,2
BBB,2014B,619288,1,South West Region,Lower Than A Level,20-30%,35-55,0,60,0,Pass,2,0,1,1,0,0,1,1,1,1,1,1,1,0,0,2
BBB,2014B,619311,1,London Region,Lower Than A Level,20-Oct,0-35,0,60,0,Withdrawn,7,0,0,0,0,1,0,0,0,0,1,0,0,1,0,3
BBB,2014B,619330,0,Scotland,A Level or Equivalent,50-60%,0-35,0,60,0,Withdrawn,6,1,1,1,0,0,1,1,0,0,0,1,0,0,1,9
BBB,2014B,619471,1,Wales,HE Qualification,40-50%,0-35,0,60,0,Pass,7,0,0,0,1,1,0,1,0,1,1,1,1,0,1,3
BBB,2014B,619508,1,London Region,HE Qualification,20-30%,0-35,0,120,0,Withdrawn,5,1,0,1,0,1,0,0,1,0,1,1,1,0,0,9
BBB,2014B,619901,1,London Region,HE Qualification,20-Oct,0-35,0,60,0,Withdrawn,3,0,1,0,1,1,1,1,1,0,1,0,0,0,1,8
BBB,2014B,619980,0,Scotland,HE Qualification,70-80%,0-35,0,120,0,Fail,14,1,1,1,0,1,1,0,1,0,0,0,1,1,0,5
BBB,2014B,620018,1,South East Region,A Level or Equivalent,30-40%,0-35,0,60,0,Withdrawn,6,0,1,1,1,0,0,1,0,0,0,1,0,1,0,9
BBB,2014B,620047,1,South West Region,Lower Than A Level,20-Oct,0-35,0,60,0,Withdrawn,5,1,1,1,0,1,1,1,0,0,1,0,1,1,1,9
BBB,2014B,620072,1,Scotland,Lower Than A Level,40-50%,0-35,0,60,0,Fail,3,1,0,0,1,1,1,1,0,1,1,0,1,0,0,8
BBB,2014B,620073,1,South Region,Lower Than A Level,60-70%,35-55,0,60,0,Pass,7,1,0,0,0,0,0,0,0,1,0,0,1,0,0,3
BBB,2014B,620092,1,East Midlands Region,A Level or Equivalent,80-90%,0-35,0,60,0,Distinction,10,1,1,0,0,0,1,0,1,1,1,0,0,0,0,1
BBB,2014B,620126,1,East Anglian Region,A Level or Equivalent,90-100%,0-35,0,60,0,Withdrawn,5,0,1,0,0,1,0,1,1,0,0,0,1,1,1,9
BBB,2014B,620128,1,East Anglian Region,A Level or Equivalent,90-100%,0-35,0,60,0,Pass,1,0,0,1,1,0,0,1,0,0,0,1,0,0,0,2
BBB,2014B,620129,1,Yorkshire Region,A Level or Equivalent,40-50%,0-35,0,120,0,Pass,10,0,0,0,1,1,0,1,1,0,0,0,0,0,1,1
BBB,2014B,620175,1,London Region,A Level or Equivalent,20-Oct,0-35,0,60,0,Withdrawn,13,0,1,0,0,0,0,0,0,0,1,0,0,0,0,5
BBB,2014B,620220,1,London Region,Lower Than A Level,50-60%,35-55,0,60,0,Withdrawn,16,1,1,0,0,1,1,1,0,1,1,1,1,0,1,10
BBB,2014B,620230,1,South West Region,HE Qualification,0-10%,0-35,0,60,0,Withdrawn,13,0,1,0,0,1,1,0,0,0,1,0,0,0,0,5
BBB,2014B,620257,1,East Midlands Region,Lower Than A Level,90-100%,0-35,0,60,0,Pass,15,1,0,0,0,0,1,0,1,1,0,0,0,1,0,10
BBB,2014B,620283,1,Ireland,Lower Than A Level,30-40%,0-35,0,60,0,Fail,5,1,0,0,1,1,0,1,1,0,1,0,0,1,0,9
BBB,2014B,620289,1,Scotland,Lower Than A Level,0-10%,0-35,0,60,0,Withdrawn,14,1,1,0,0,1,0,0,0,0,0,1,0,1,0,5
BBB,2014B,620304,0,West Midlands Region,Lower Than A Level,40-50%,35-55,0,60,0,Fail,11,0,0,0,0,1,0,1,0,1,0,0,1,0,1,6
BBB,2014B,620354,1,West Midlands Region,Lower Than A Level,50-60%,35-55,0,120,0,Distinction,15,0,0,1,0,0,0,1,0,1,0,0,0,0,1,10
BBB,2014B,620389,1,London Region,A Level or Equivalent,90-100%,0-35,0,120,0,Withdrawn,15,0,0,0,1,0,0,1,0,0,1,0,0,1,1,10
BBB,2014B,620408,0,South Region,A Level or Equivalent,50-60%,0-35,0,60,1,Distinction,5,1,1,0,1,1,0,1,1,0,0,0,1,0,1,9
BBB,2014B,620409,1,Wales,Lower Than A Level,0-10%,0-35,0,60,0,Pass,12,0,1,0,0,1,0,0,1,1,0,1,1,1,1,7
BBB,2014B,620427,1,Yorkshire Region,A Level or Equivalent,60-70%,35-55,0,60,0,Distinction,10,0,0,0,0,1,0,1,1,0,0,1,1,1,1,1
BBB,2014B,620486,1,Wales,A Level or Equivalent,60-70%,35-55,0,90,0,Withdrawn,13,0,0,1,1,0,1,1,1,0,1,0,0,0,1,5
BBB,2014B,620507,1,South East Region,Lower Than A Level,60-70%,35-55,0,60,0,Withdrawn,1,1,0,0,0,0,0,0,1,1,1,0,0,1,0,2
BBB,2014B,620546,1,West Midlands Region,Lower Than A Level,0-10%,0-35,0,60,0,Withdrawn,15,1,1,1,1,0,0,0,1,1,1,1,0,0,1,10
BBB,2014B,620573,1,North Region,A Level or Equivalent,80-90%,0-35,0,60,0,Pass,8,1,1,1,0,1,0,1,0,0,1,1,1,1,1,3
BBB,2014B,620694,1,Yorkshire Region,Lower Than A Level,70-80%,0-35,0,60,0,Pass,9,1,0,1,1,0,1,1,1,0,1,1,1,0,1,4
BBB,2014B,620791,1,South Region,Lower Than A Level,50-60%,0-35,0,60,0,Withdrawn,6,0,1,1,1,0,1,1,1,0,0,1,0,1,0,9
BBB,2014B,620865,1,North Western Region,Lower Than A Level,20-Oct,0-35,0,120,0,Withdrawn,12,1,0,0,1,0,1,1,0,0,0,1,1,1,1,7
BBB,2014B,620889,1,South East Region,A Level or Equivalent,30-40%,0-35,0,60,0,Pass,15,0,1,1,1,1,1,0,1,0,1,0,1,1,0,10
BBB,2014B,620922,1,North Western Region,Lower Than A Level,20-Oct,0-35,0,60,0,Pass,12,1,0,1,0,0,1,0,1,0,0,0,0,1,0,7
BBB,2014B,620923,1,South West Region,HE Qualification,40-50%,0-35,0,60,0,Pass,8,1,1,0,1,0,1,1,0,0,1,0,1,1,1,3
BBB,2014B,620950,1,North Western Region,Lower Than A Level,30-40%,0-35,0,120,0,Withdrawn,8,0,1,0,0,1,1,1,1,0,1,1,1,1,1,3
BBB,2014B,620980,1,Scotland,Lower Than A Level,60-70%,35-55,0,60,0,Pass,12,0,1,0,1,1,1,1,0,1,0,1,1,1,1,7
BBB,2014B,621301,0,Scotland,Lower Than A Level,0-10%,35-55,0,60,0,Pass,1,1,1,1,1,1,0,0,1,1,1,0,1,1,1,2
BBB,2014B,621303,1,South West Region,A Level or Equivalent,70-80%,35-55,0,60,1,Fail,14,0,0,1,1,1,0,0,1,1,0,0,1,0,0,5
BBB,2014B,621322,0,East Midlands Region,Lower Than A Level,20-30%,35-55,0,60,1,Pass,8,1,1,0,0,0,0,1,0,1,0,0,0,1,0,3
BBB,2014B,621323,0,Scotland,A Level or Equivalent,40-50%,0-35,0,60,0,Withdrawn,6,0,1,0,1,0,0,0,1,1,1,1,0,0,1,9
BBB,2014B,621369,1,East Midlands Region,HE Qualification,20-Oct,0-35,0,60,0,Fail,7,1,0,1,0,1,1,1,0,1,1,1,0,0,0,3
BBB,2014B,621394,1,Scotland,HE Qualification,0-10%,0-35,0,60,0,Pass,8,1,1,0,0,0,1,0,0,0,1,1,1,0,0,3
BBB,2014B,621508,1,South West Region,Lower Than A Level,80-90%,0-35,0,60,0,Withdrawn,3,1,0,0,0,0,0,0,1,0,0,1,0,1,1,8
BBB,2014B,621607,1,East Midlands Region,Lower Than A Level,80-90%,0-35,0,60,0,Withdrawn,4,1,0,1,0,0,1,1,0,0,0,1,1,0,1,8
BBB,2014B,621703,1,West Midlands Region,No Formal quals,20-Oct,0-35,0,60,0,Fail,7,1,0,0,1,0,0,1,1,0,1,1,0,1,0,3
BBB,2014B,621731,1,West Midlands Region,A Level or Equivalent,0-10%,0-35,0,60,0,Withdrawn,6,1,0,1,0,1,0,0,0,1,1,1,1,1,0,9
BBB,2014B,621862,1,South Region,A Level or Equivalent,50-60%,0-35,0,60,0,Pass,10,0,1,0,1,0,1,0,0,1,0,0,1,1,1,1
BBB,2014B,621885,1,East Midlands Region,Lower Than A Level,70-80%,0-35,0,60,0,Withdrawn,13,0,0,1,0,0,0,0,0,1,1,1,1,1,1,5
BBB,2014B,621890,1,West Midlands Region,A Level or Equivalent,40-50%,35-55,0,120,0,Withdrawn,4,0,1,0,0,0,0,0,0,0,1,1,1,1,0,8
BBB,2014B,621894,0,London Region,A Level or Equivalent,40-50%,35-55,0,60,0,Pass,14,0,1,0,0,0,0,1,0,0,1,0,1,1,0,5
BBB,2014B,621905,1,East Anglian Region,A Level or Equivalent,30-40%,0-35,0,90,0,Pass,15,0,0,1,0,0,1,0,0,1,0,1,1,0,0,10
BBB,2014B,621937,1,London Region,A Level or Equivalent,20-Oct,35-55,0,60,0,Fail,13,0,1,1,1,1,0,0,1,1,1,0,0,1,1,5
BBB,2014B,622132,1,Scotland,Lower Than A Level,70-80%,0-35,0,60,0,Distinction,6,1,0,0,1,0,0,0,0,1,1,1,1,0,0,9
BBB,2014B,622180,0,South West Region,Lower Than A Level,20-Oct,0-35,0,120,0,Withdrawn,11,0,0,0,1,1,0,1,1,0,1,0,1,1,1,6
BBB,2014B,622208,1,North Region,Lower Than A Level,80-90%,0-35,0,120,0,Pass,1,0,1,0,1,1,1,0,0,1,0,1,0,0,1,2
BBB,2014B,622217,1,East Anglian Region,A Level or Equivalent,80-90%,0-35,0,60,0,Fail,5,1,0,1,0,1,1,1,0,1,0,0,0,0,0,9
BBB,2014B,622223,1,Scotland,HE Qualification,30-40%,0-35,0,60,0,Fail,15,1,0,1,1,0,0,1,0,1,0,1,1,0,1,10
BBB,2014B,622330,1,West Midlands Region,A Level or Equivalent,0-10%,0-35,0,90,0,Withdrawn,9,1,0,1,0,1,0,1,0,0,0,1,1,1,1,4
BBB,2014B,622345,1,East Midlands Region,A Level or Equivalent,40-50%,0-35,0,60,0,Pass,10,1,1,0,1,0,1,1,0,0,0,0,1,1,1,1
BBB,2014B,622466,0,South Region,A Level or Equivalent,80-90%,0-35,0,60,0,Pass,10,0,1,1,0,0,1,1,1,0,0,0,1,0,0,1
BBB,2014B,622498,1,Yorkshire Region,A Level or Equivalent,80-90%,0-35,0,120,0,Withdrawn,16,0,0,1,1,0,1,1,0,1,1,1,1,0,1,10
BBB,2014B,622505,0,Wales,HE Qualification,50-60%,35-55,0,120,0,Distinction,10,0,0,0,1,1,1,0,1,1,1,1,1,0,0,1
BBB,2014B,622538,1,East Anglian Region,Lower Than A Level,70-80%,0-35,0,60,0,Withdrawn,13,1,1,0,0,1,1,0,0,1,0,0,1,0,0,5
BBB,2014B,622604,1,South Region,A Level or Equivalent,80-90%,0-35,0,120,0,Pass,9,0,1,1,0,1,0,0,0,1,1,0,1,1,0,4
BBB,2014B,622645,1,London Region,A Level or Equivalent,20-Oct,0-35,0,120,0,Withdrawn,10,0,1,0,1,0,1,1,0,0,0,1,0,0,1,1
BBB,2014B,622715,0,South Region,A Level or Equivalent,70-80%,35-55,0,60,0,Fail,15,0,1,1,1,0,1,1,1,0,1,0,1,1,1,10
BBB,2014B,622720,1,North Western Region,Lower Than A Level,0-10%,35-55,0,60,0,Fail,12,0,0,0,1,0,0,0,1,1,1,1,1,0,0,7
BBB,2014B,622766,0,Wales,Lower Than A Level,30-40%,0-35,0,120,0,Fail,13,0,0,0,0,0,1,0,0,1,1,0,1,0,0,5
BBB,2014B,622767,1,South Region,Lower Than A Level,30-40%,0-35,0,120,0,Withdrawn,15,0,0,0,1,1,1,0,0,0,0,1,0,0,1,10
BBB,2014B,622838,1,Wales,Lower Than A Level,0-10%,0-35,0,60,0,Fail,12,1,0,0,0,0,1,1,1,1,1,1,0,0,0,7
BBB,2014B,622867,1,South Region,A Level or Equivalent,80-90%,0-35,0,60,1,Fail,10,0,1,1,0,0,1,1,1,1,0,0,1,0,1,1
BBB,2014B,622925,1,East Anglian Region,Lower Than A Level,50-60%,0-35,0,60,0,Withdrawn,7,1,1,0,1,1,0,1,0,0,0,0,0,1,1,3
BBB,2014B,622927,1,North Western Region,Lower Than A Level,0-10%,0-35,0,60,0,Fail,2,1,1,0,0,1,1,0,0,0,0,0,0,1,0,2
BBB,2014B,622974,1,East Midlands Region,A Level or Equivalent,20-30%,35-55,0,60,0,Pass,6,0,0,1,0,1,1,0,0,1,0,0,1,0,1,9
BBB,2014B,622982,1,South East Region,A Level or Equivalent,80-90%,0-35,0,60,0,Pass,13,0,1,1,0,0,0,1,1,0,1,1,1,0,0,5
BBB,2014B,623001,1,Yorkshire Region,A Level or Equivalent,80-90%,0-35,0,60,0,Withdrawn,15,1,1,0,1,0,1,0,0,1,1,1,0,1,0,10
BBB,2014B,623055,1,North Western Region,A Level or Equivalent,20-30%,0-35,0,60,1,Pass,14,0,0,1,0,1,0,0,0,0,0,1,1,1,0,5
BBB,2014B,623069,0,Scotland,Lower Than A Level,20-Oct,0-35,0,60,1,Fail,7,1,0,1,0,0,1,0,1,0,1,1,1,1,1,3
BBB,2014B,623104,0,South Region,Lower Than A Level,70-80%,0-35,0,60,0,Withdrawn,5,0,0,1,0,0,0,1,0,0,0,1,1,1,1,9
BBB,2014B,623168,1,East Midlands Region,HE Qualification,30-40%,0-35,0,120,0,Pass,7,0,0,1,0,1,1,1,0,1,0,1,0,1,1,3
BBB,2014B,623169,1,East Midlands Region,Lower Than A Level,90-100%,0-35,0,120,0,Pass,1,0,1,0,0,0,1,1,1,1,0,0,0,0,0,2
BBB,2014B,623177,1,East Anglian Region,A Level or Equivalent,70-80%,0-35,0,60,0,Fail,11,1,0,1,0,1,0,0,0,0,1,0,1,1,0,6
BBB,2014B,623240,1,South West Region,A Level or Equivalent,40-50%,35-55,0,60,0,Distinction,4,1,0,1,0,1,0,1,1,1,0,0,0,1,0,8
BBB,2014B,623295,1,East Anglian Region,A Level or Equivalent,60-70%,0-35,0,60,0,Fail,3,0,0,1,1,1,0,1,1,0,0,1,0,1,0,8
BBB,2014B,623321,0,Ireland,Lower Than A Level,90-100%,0-35,0,60,0,Fail,13,0,0,1,1,1,0,1,0,1,0,1,1,1,1,5
BBB,2014B,623333,1,Wales,Lower Than A Level,60-70%,35-55,0,60,0,Pass,8,0,1,0,0,1,0,0,0,1,1,1,0,0,1,3
BBB,2014B,623392,1,Yorkshire Region,No Formal quals,0-10%,0-35,0,60,0,Withdrawn,13,0,1,1,0,1,1,1,1,0,0,0,0,1,0,5
BBB,2014B,623406,1,West Midlands Region,Lower Than A Level,50-60%,35-55,0,60,0,Pass,1,0,1,1,0,0,0,1,0,1,1,1,0,1,0,2
BBB,2014B,623548,1,North Western Region,Lower Than A Level,50-60%,0-35,0,120,0,Withdrawn,7,0,1,1,0,0,0,1,1,1,0,1,1,1,1,3
BBB,2014B,623603,1,South Region,Lower Than A Level,40-50%,0-35,0,120,0,Fail,9,0,0,0,1,1,0,0,1,0,0,1,0,0,1,4
BBB,2014B,623622,1,North Western Region,Lower Than A Level,50-60%,0-35,0,60,0,Pass,6,0,1,1,0,1,1,0,0,0,0,0,0,1,1,9
BBB,2014B,623651,1,North Western Region,A Level or Equivalent,70-80%,0-35,0,120,0,Withdrawn,16,1,0,0,0,1,0,1,0,0,1,0,0,0,0,10
BBB,2014B,623654,1,West Midlands Region,A Level or Equivalent,80-90%,0-35,0,60,0,Distinction,7,1,1,0,1,1,1,1,1,0,1,1,0,1,0,3
BBB,2014B,623660,1,Scotland,HE Qualification,20-Oct,35-55,0,60,0,Pass,1,1,1,1,0,0,1,0,1,1,1,1,0,1,1,2
BBB,2014B,623821,1,Wales,Lower Than A Level,20-Oct,0-35,0,60,0,Fail,11,0,0,0,1,0,0,0,0,0,0,0,1,0,1,6
BBB,2014B,623845,1,South West Region,A Level or Equivalent,70-80%,35-55,0,60,0,Pass,12,1,0,1,0,0,1,0,0,0,1,1,0,1,1,7
BBB,2014B,623857,1,Wales,A Level or Equivalent,60-70%,0-35,0,60,0,Fail,7,0,1,0,1,1,1,1,1,0,0,1,0,0,1,3
BBB,2014B,623882,1,North Region,Lower Than A Level,30-40%,0-35,0,60,0,Pass,3,1,0,1,1,0,0,0,0,1,1,0,0,0,1,8
BBB,2014B,623911,1,East Anglian Region,Lower Than A Level,40-50%,35-55,0,60,0,Fail,15,1,1,1,1,1,0,1,1,1,1,1,0,1,0,10
BBB,2014B,623914,1,London Region,A Level or Equivalent,80-90%,0-35,0,120,0,Withdrawn,8,1,1,1,0,1,0,1,1,1,0,1,0,0,1,3
BBB,2014B,623935,1,South Region,A Level or Equivalent,20-30%,0-35,0,120,0,Pass,14,0,0,1,0,1,0,1,0,0,0,0,0,0,0,5
BBB,2014B,624011,1,South West Region,HE Qualification,20-Oct,0-35,0,120,0,Pass,9,1,1,0,0,0,0,1,1,1,0,1,1,0,1,4
BBB,2014B,624046,1,Yorkshire Region,A Level or Equivalent,80-90%,0-35,0,60,0,Pass,7,0,0,1,0,0,0,0,0,1,0,0,1,1,0,3
BBB,2014B,624069,1,South Region,A Level or Equivalent,50-60%,0-35,0,60,0,Pass,12,0,0,1,0,1,0,0,0,0,0,1,1,1,0,7
BBB,2014B,624196,1,Scotland,Lower Than A Level,90-100%,0-35,0,60,0,Pass,1,0,0,0,0,0,1,0,0,1,1,0,1,0,1,2
BBB,2014B,624202,1,North Region,A Level or Equivalent,20-Oct,0-35,0,120,0,Withdrawn,3,1,1,1,1,0,1,1,1,0,0,0,1,0,1,8
BBB,2014B,624298,1,London Region,Lower Than A Level,0-10%,0-35,0,60,0,Withdrawn,11,0,1,1,1,0,1,0,1,0,0,0,0,1,1,6
BBB,2014B,624306,1,East Midlands Region,Lower Than A Level,90-100%,0-35,0,60,0,Pass,10,1,1,1,1,0,0,0,0,1,0,0,1,1,1,1
BBB,2014B,624341,1,Scotland,HE Qualification,60-70%,0-35,0,120,0,Withdrawn,12,0,0,1,0,1,1,0,0,0,1,0,1,0,0,7
BBB,2014B,624350,1,East Midlands Region,Lower Than A Level,20-Oct,0-35,0,60,0,Withdrawn,14,0,0,1,0,0,0,1,1,1,1,1,0,0,0,5
BBB,2014B,624406,1,South Region,Lower Than A Level,90-100%,35-55,0,60,0,Distinction,15,1,0,1,1,1,1,1,0,1,0,1,1,1,0,10
BBB,2014B,624411,0,East Midlands Region,Lower Than A Level,20-30%,35-55,0,120,0,Withdrawn,10,1,1,1,1,0,0,0,0,1,1,1,1,1,1,1
BBB,2014B,624415,1,London Region,Lower Than A Level,20-Oct,35-55,0,60,0,Pass,6,0,1,1,0,1,1,0,1,1,1,1,1,0,1,9
BBB,2014B,624427,1,London Region,Lower Than A Level,20-Oct,35-55,0,120,1,Withdrawn,9,1,1,1,1,1,0,0,0,1,1,0,1,0,1,4
BBB,2014B,624514,1,South West Region,A Level or Equivalent,40-50%,35-55,0,60,0,Withdrawn,15,0,1,1,1,0,1,0,0,0,0,1,1,1,1,10
BBB,2014B,624518,1,London Region,A Level or Equivalent,0-10%,0-35,0,120,0,Withdrawn,5,0,0,0,0,1,0,0,0,1,0,0,0,1,1,9
BBB,2014B,624544,1,North Western Region,A Level or Equivalent,0-10%,0-35,0,90,1,Withdrawn,7,1,1,0,1,0,1,1,0,1,0,1,0,1,0,3
BBB,2014B,624549,1,London Region,Lower Than A Level,0-10%,0-35,0,60,0,Withdrawn,15,1,1,1,1,0,0,1,0,0,0,0,0,0,1,10
BBB,2014B,624567,1,Ireland,A Level or Equivalent,20-30%,0-35,0,60,0,Fail,12,1,0,0,1,0,0,0,0,0,0,1,1,0,0,7
BBB,2014B,624572,1,West Midlands Region,A Level or Equivalent,0-10%,0-35,0,180,0,Withdrawn,13,0,0,1,1,1,1,0,0,0,0,1,0,1,1,5
BBB,2014B,624592,1,West Midlands Region,Lower Than A Level,20-Oct,35-55,0,90,0,Pass,11,1,0,1,0,1,1,1,1,1,0,1,1,0,1,6
BBB,2014B,624598,1,Scotland,HE Qualification,20-Oct,0-35,0,60,0,Fail,2,0,1,1,0,0,0,0,0,1,1,1,1,0,0,2
BBB,2014B,624604,1,Scotland,A Level or Equivalent,20-30%,35-55,0,60,0,Fail,10,1,1,0,1,1,1,0,1,0,0,1,1,1,1,1
BBB,2014B,624653,1,East Anglian Region,A Level or Equivalent,30-40%,35-55,0,60,0,Pass,7,1,0,1,1,1,0,0,0,0,1,1,0,1,1,3
BBB,2014B,624661,1,Ireland,Lower Than A Level,20-Oct,0-35,0,60,1,Pass,10,1,0,1,0,1,1,1,1,1,1,1,1,1,1,1
BBB,2014B,624663,1,East Midlands Region,Lower Than A Level,30-40%,0-35,0,60,0,Withdrawn,15,1,0,0,0,0,0,1,0,1,1,1,1,1,1,10
BBB,2014B,624673,1,North Western Region,Lower Than A Level,20-Oct,0-35,0,60,0,Withdrawn,7,0,0,0,0,1,1,1,0,1,1,0,0,1,0,3
BBB,2014B,624674,1,East Anglian Region,Lower Than A Level,60-70%,0-35,0,60,0,Fail,11,1,1,1,1,0,0,0,1,1,1,1,0,0,0,6
BBB,2014B,624677,1,London Region,A Level or Equivalent,20-30%,0-35,0,60,0,Fail,14,1,1,1,0,1,1,1,1,1,0,0,0,0,0,5
BBB,2014B,624704,1,East Midlands Region,Lower Than A Level,30-40%,0-35,0,60,0,Fail,11,0,1,0,0,1,1,0,1,1,1,0,1,0,1,6
BBB,2014B,624722,1,London Region,Lower Than A Level,0-10%,35-55,0,60,0,Fail,1,0,0,0,1,1,0,1,1,0,0,0,1,1,1,2
BBB,2014B,624734,1,East Anglian Region,A Level or Equivalent,60-70%,0-35,0,60,0,Withdrawn,12,1,1,0,0,0,0,1,1,1,0,0,1,0,1,7
BBB,2014B,624738,0,Yorkshire Region,Lower Than A Level,20-Oct,0-35,0,60,0,Pass,7,1,1,0,1,0,0,0,1,1,0,1,1,1,0,3
BBB,2014B,624743,1,East Anglian Region,A Level or Equivalent,90-100%,0-35,0,60,0,Withdrawn,1,0,1,1,1,0,0,0,0,0,0,1,1,1,1,2
BBB,2014B,624799,0,South Region,A Level or Equivalent,90-100%,0-35,0,60,1,Fail,11,0,0,0,1,1,1,1,1,1,1,0,1,1,1,6
BBB,2014B,624847,1,North Western Region,A Level or Equivalent,80-90%,35-55,0,60,0,Pass,15,1,1,1,1,0,0,1,0,1,0,1,0,1,0,10
BBB,2014B,624879,1,North Western Region,A Level or Equivalent,30-40%,35-55,0,60,1,Withdrawn,6,1,1,0,0,0,1,0,0,1,1,0,1,0,1,9
BBB,2014B,624950,1,East Anglian Region,A Level or Equivalent,0-10%,0-35,0,120,0,Withdrawn,10,1,1,1,1,1,1,0,0,1,0,1,1,0,1,1
BBB,2014B,624972,1,South Region,Lower Than A Level,90-100%,35-55,0,60,0,Pass,4,1,0,1,0,0,0,1,0,0,0,0,0,0,0,8
BBB,2014B,624997,1,East Midlands Region,A Level or Equivalent,50-60%,35-55,0,60,0,Pass,4,0,1,0,1,1,1,0,0,0,1,0,0,0,0,8
BBB,2014B,625021,1,South Region,Lower Than A Level,20-Oct,35-55,0,60,0,Pass,12,0,0,1,0,1,1,1,0,0,0,0,1,0,0,7
BBB,2014B,625024,1,South Region,Lower Than A Level,70-80%,35-55,0,60,0,Pass,8,1,1,0,1,0,1,1,0,0,1,1,0,1,0,3
BBB,2014B,625027,1,London Region,Lower Than A Level,50-60%,0-35,0,60,0,Fail,10,1,0,1,0,1,1,0,0,0,1,1,1,1,0,1
BBB,2014B,625071,1,East Anglian Region,A Level or Equivalent,90-100%,0-35,0,60,0,Pass,12,1,1,0,1,1,1,1,0,1,0,1,0,1,0,7
BBB,2014B,625087,1,Scotland,HE Qualification,70-80%,0-35,0,60,0,Fail,9,0,0,0,0,0,0,1,1,0,0,1,1,0,1,4
BBB,2014B,625094,0,West Midlands Region,A Level or Equivalent,0-10%,0-35,0,60,0,Pass,9,0,1,0,1,0,0,0,1,0,1,0,0,0,0,4
BBB,2014B,625124,1,Wales,A Level or Equivalent,20-30%,0-35,0,60,0,Fail,5,1,0,0,1,0,1,0,0,0,0,1,1,0,1,9
BBB,2014B,625167,1,Wales,Lower Than A Level,20-Oct,0-35,0,60,0,Pass,1,0,0,1,1,1,0,1,1,1,0,0,1,1,1,2
BBB,2014B,625173,1,London Region,Lower Than A Level,20-Oct,0-35,0,60,0,Withdrawn,10,1,0,0,1,0,1,0,1,0,0,0,0,1,0,1
BBB,2014B,625180,1,South Region,HE Qualification,50-60%,0-35,0,60,0,Fail,1,0,1,0,1,1,0,1,0,1,0,1,0,0,1,2
BBB,2014B,625185,1,East Midlands Region,A Level or Equivalent,20-Oct,0-35,0,60,0,Pass,1,1,0,1,1,1,0,1,1,1,0,1,1,1,1,2
BBB,2014B,625202,1,North Western Region,Lower Than A Level,50-60%,35-55,0,60,0,Withdrawn,1,0,1,0,1,1,0,0,0,1,1,0,0,0,0,2
BBB,2014B,625214,1,East Midlands Region,Lower Than A Level,50-60%,0-35,0,60,0,Withdrawn,4,0,0,1,1,0,0,0,1,1,0,1,0,1,0,8
BBB,2014B,625249,1,East Anglian Region,Lower Than A Level,40-50%,0-35,0,60,0,Pass,3,0,0,0,1,1,0,1,0,1,0,0,0,0,1,8
BBB,2014B,625251,1,North Western Region,Lower Than A Level,80-90%,0-35,0,60,0,Pass,11,0,0,0,0,1,0,0,1,0,1,1,1,0,0,6
BBB,2014B,625295,0,North Western Region,A Level or Equivalent,0-10%,0-35,0,60,0,Fail,6,1,0,0,0,0,0,0,1,0,1,1,0,0,0,9
BBB,2014B,625301,1,North Western Region,HE Qualification,0-10%,0-35,0,60,0,Fail,10,1,0,1,0,1,1,1,0,0,1,0,1,1,0,1
BBB,2014B,625307,1,East Anglian Region,Lower Than A Level,30-40%,35-55,0,60,0,Withdrawn,9,0,1,1,1,0,0,1,1,1,0,0,0,0,1,4
BBB,2014B,625383,1,South West Region,Lower Than A Level,30-40%,0-35,0,60,0,Pass,2,0,1,0,1,0,1,0,0,1,1,0,0,0,0,2
BBB,2014B,625390,1,South East Region,A Level or Equivalent,60-70%,0-35,0,60,0,Pass,1,0,0,1,1,1,1,1,0,1,0,1,0,1,1,2
BBB,2014B,625444,1,East Anglian Region,A Level or Equivalent,80-90%,0-35,0,60,0,Pass,14,1,0,0,0,1,1,1,0,1,1,0,1,1,1,5
BBB,2014B,625465,1,London Region,Lower Than A Level,20-30%,0-35,0,120,0,Withdrawn,7,0,0,0,0,0,1,0,0,0,1,1,1,0,0,3
BBB,2014B,625477,1,South East Region,A Level or Equivalent,30-40%,0-35,0,60,0,Distinction,9,1,1,1,1,1,0,1,1,0,1,0,0,0,0,4
BBB,2014B,625478,1,South Region,Lower Than A Level,40-50%,35-55,0,60,0,Fail,3,1,1,0,1,0,0,1,1,0,0,0,1,1,0,8
BBB,2014B,625493,1,South East Region,A Level or Equivalent,50-60%,0-35,0,60,1,Withdrawn,6,1,1,0,1,0,0,1,0,0,1,1,1,0,0,9
BBB,2014B,625511,0,East Anglian Region,Lower Than A Level,90-100%,0-35,0,60,0,Withdrawn,5,1,1,0,0,1,1,0,1,0,1,1,0,0,0,9
BBB,2014B,625514,0,East Anglian Region,HE Qualification,50-60%,0-35,0,120,0,Pass,7,1,1,0,1,0,0,1,1,0,1,0,1,1,0,3
BBB,2014B,625578,1,East Midlands Region,Lower Than A Level,20-30%,35-55,0,60,0,Withdrawn,14,1,0,1,1,0,0,0,1,1,0,1,0,1,0,5
BBB,2014B,625581,1,North Western Region,Lower Than A Level,40-50%,0-35,0,60,0,Withdrawn,8,1,0,0,0,1,0,1,1,1,1,1,0,1,1,3
BBB,2014B,625619,1,West Midlands Region,A Level or Equivalent,30-40%,0-35,0,60,0,Withdrawn,3,1,0,1,1,0,0,0,0,1,1,0,1,0,1,8
BBB,2014B,625713,1,South East Region,Lower Than A Level,20-30%,35-55,0,120,0,Fail,2,0,0,0,1,0,1,1,1,1,0,1,1,1,0,2
BBB,2014B,625724,0,Scotland,HE Qualification,20-Oct,0-35,0,60,0,Pass,2,0,1,1,0,1,1,1,0,0,1,1,0,1,1,2
BBB,2014B,625751,1,Scotland,Lower Than A Level,50-60%,0-35,0,60,0,Withdrawn,15,1,0,1,1,1,1,1,0,0,0,0,0,1,0,10
BBB,2014B,625768,1,East Midlands Region,Lower Than A Level,20-30%,0-35,0,120,0,Fail,16,0,1,1,0,0,1,1,1,1,1,0,1,0,1,10
BBB,2014B,625816,1,London Region,A Level or Equivalent,20-30%,35-55,0,60,0,Pass,4,0,1,0,0,0,0,0,1,0,1,1,0,1,1,8
BBB,2014B,625833,1,East Anglian Region,No Formal quals,40-50%,0-35,0,60,0,Distinction,14,0,1,0,0,1,0,0,0,1,1,0,1,0,0,5
BBB,2014B,625834,1,North Western Region,Lower Than A Level,80-90%,0-35,0,60,0,Withdrawn,10,1,1,1,0,1,0,1,0,1,1,1,0,0,0,1
BBB,2014B,625853,1,East Anglian Region,A Level or Equivalent,20-Oct,0-35,0,60,0,Fail,10,1,0,1,0,1,1,1,0,1,1,0,1,1,1,1
BBB,2014B,625857,1,Yorkshire Region,Lower Than A Level,30-40%,0-35,0,60,0,Withdrawn,13,1,1,0,0,1,1,1,1,0,1,0,0,0,0,5
BBB,2014B,625879,1,Yorkshire Region,A Level or Equivalent,40-50%,0-35,0,120,0,Fail,1,0,1,0,0,0,0,0,0,1,1,1,0,1,0,2
BBB,2014B,625919,1,Yorkshire Region,A Level or Equivalent,60-70%,0-35,0,60,0,Distinction,14,1,0,1,1,0,1,1,1,0,1,0,1,1,1,5
BBB,2014B,626046,1,Yorkshire Region,Lower Than A Level,20-Oct,35-55,0,60,0,Distinction,7,1,0,0,1,0,0,0,0,0,0,1,0,0,1,3
BBB,2014B,626123,1,South West Region,Lower Than A Level,50-60%,0-35,0,60,1,Distinction,8,0,0,0,0,1,0,1,0,0,0,1,1,0,0,3
BBB,2014B,626126,1,Yorkshire Region,A Level or Equivalent,40-50%,0-35,0,60,0,Pass,3,0,0,1,1,0,0,1,0,0,0,1,0,1,1,8
BBB,2014B,626138,1,East Anglian Region,Lower Than A Level,30-40%,35-55,0,60,0,Pass,16,1,1,0,1,0,0,0,0,0,0,0,0,0,0,10
BBB,2014B,626164,1,West Midlands Region,Lower Than A Level,20-30%,0-35,0,60,0,Pass,3,1,1,1,0,1,1,0,1,0,1,1,1,1,1,8
BBB,2014B,626245,1,London Region,Lower Than A Level,20-Oct,0-35,0,60,0,Pass,15,1,0,1,1,0,0,0,1,1,0,1,1,0,0,10
BBB,2014B,626254,1,Yorkshire Region,A Level or Equivalent,20-Oct,0-35,0,120,0,Pass,7,1,1,1,1,0,1,0,1,0,1,1,1,0,0,3
BBB,2014B,626297,1,South Region,Lower Than A Level,90-100%,35-55,0,60,0,Fail,10,0,1,0,1,0,0,1,1,1,0,1,1,1,0,1
BBB,2014B,626330,1,East Midlands Region,Lower Than A Level,80-90%,0-35,0,60,0,Withdrawn,7,0,1,0,0,1,0,0,0,0,1,1,1,1,0,3
BBB,2014B,626352,1,West Midlands Region,A Level or Equivalent,0-10%,0-35,0,60,0,Pass,16,0,1,1,0,1,0,1,1,1,1,1,1,0,0,10
BBB,2014B,626365,1,Wales,A Level or Equivalent,20-30%,0-35,0,60,0,Pass,8,1,1,1,1,1,0,0,0,0,0,0,0,1,0,3
BBB,2014B,626386,1,East Midlands Region,Lower Than A Level,20-Oct,0-35,0,60,1,Withdrawn,13,0,1,0,1,0,1,0,1,0,1,1,1,1,0,5
BBB,2014B,626428,1,Wales,Lower Than A Level,40-50%,0-35,0,60,0,Fail,12,1,0,0,0,1,0,1,0,1,1,0,1,1,0,7
BBB,2014B,626442,1,South Region,Lower Than A Level,70-80%,0-35,0,60,0,Fail,9,1,1,0,0,1,1,1,0,1,0,1,1,1,1,4
BBB,2014B,626460,1,Scotland,Lower Than A Level,20-30%,0-35,0,60,0,Withdrawn,9,1,0,1,1,0,0,1,1,0,0,1,1,0,1,4
BBB,2014B,626485,1,South Region,Lower Than A Level,20-30%,0-35,0,60,0,Withdrawn,5,1,1,1,1,0,0,0,0,1,1,0,1,1,1,9
BBB,2014B,626491,1,North Region,A Level or Equivalent,50-60%,35-55,0,60,0,Distinction,7,0,1,1,0,0,0,0,0,1,0,1,0,0,0,3
BBB,2014B,626549,1,North Western Region,Lower Than A Level,20-Oct,0-35,0,60,0,Withdrawn,11,1,0,1,1,0,1,1,0,1,0,1,1,1,0,6
BBB,2014B,626555,0,West Midlands Region,Lower Than A Level,20-Oct,0-35,0,60,0,Pass,16,0,1,1,0,1,0,1,1,0,1,0,1,0,0,10
BBB,2014B,626597,1,West Midlands Region,A Level or Equivalent,20-30%,0-35,0,60,0,Withdrawn,16,0,1,0,0,1,0,1,0,0,0,1,0,0,1,10
BBB,2014B,626604,0,South Region,A Level or Equivalent,80-90%,0-35,0,60,0,Pass,14,0,0,0,1,1,0,0,1,1,0,1,0,1,0,5
BBB,2014B,626642,1,East Midlands Region,A Level or Equivalent,30-40%,0-35,0,60,0,Pass,4,1,1,1,1,0,1,0,1,0,0,1,0,0,0,8
BBB,2014B,626746,1,South Region,A Level or Equivalent,70-80%,0-35,0,60,0,Withdrawn,15,0,0,1,0,0,1,0,0,0,1,1,0,0,0,10
BBB,2014B,626750,1,East Anglian Region,Lower Than A Level,50-60%,0-35,0,60,0,Fail,3,1,0,1,0,0,0,0,1,1,0,1,1,0,0,8
BBB,2014B,626773,1,Scotland,Lower Than A Level,20-Oct,0-35,0,60,0,Withdrawn,9,1,1,1,0,0,0,0,0,1,0,0,1,1,0,4
BBB,2014B,626806,1,North Western Region,Lower Than A Level,20-30%,0-35,0,60,1,Withdrawn,12,1,1,0,0,0,1,1,1,0,0,0,0,0,1,7
BBB,2014B,626840,1,Scotland,Lower Than A Level,60-70%,35-55,0,60,0,Withdrawn,6,1,1,1,1,0,0,0,0,1,1,0,1,0,1,9
BBB,2014B,626841,1,South East Region,A Level or Equivalent,80-90%,35-55,0,60,0,Distinction,8,1,1,0,1,1,0,1,1,1,0,1,0,1,0,3
BBB,2014B,626843,1,London Region,A Level or Equivalent,0-10%,0-35,0,60,0,Pass,10,0,0,0,1,0,1,1,1,1,1,1,1,0,1,1
BBB,2014B,626872,1,East Anglian Region,A Level or Equivalent,80-90%,35-55,0,60,0,Withdrawn,11,1,1,0,0,1,1,0,1,1,0,1,1,1,1,6
BBB,2014B,626876,1,London Region,Lower Than A Level,20-30%,0-35,0,60,0,Withdrawn,15,1,1,1,1,0,1,0,1,0,0,0,1,1,1,10
BBB,2014B,626897,1,Wales,A Level or Equivalent,30-40%,0-35,0,60,0,Fail,8,1,0,0,1,0,0,0,1,0,0,0,0,0,1,3
BBB,2014B,626917,1,North Region,A Level or Equivalent,20-Oct,0-35,0,60,0,Fail,13,1,1,1,0,0,0,0,1,1,0,0,1,1,1,5
BBB,2014B,626928,1,South West Region,A Level or Equivalent,30-40%,35-55,0,60,0,Pass,11,1,1,1,0,1,1,1,0,0,0,1,0,1,1,6
BBB,2014B,626951,1,Wales,A Level or Equivalent,80-90%,35-55,0,60,0,Pass,14,0,0,0,1,0,0,1,1,1,0,1,0,0,0,5
BBB,2014B,626966,1,North Western Region,Lower Than A Level,80-90%,35-55,0,60,0,Distinction,5,1,0,1,1,1,0,1,0,0,1,1,0,1,0,9
BBB,2014B,627000,1,North Western Region,A Level or Equivalent,20-30%,0-35,0,60,0,Fail,2,0,1,1,0,1,1,1,0,0,1,1,1,0,1,2
BBB,2014B,627027,1,West Midlands Region,Lower Than A Level,50-60%,0-35,0,60,0,Pass,13,1,0,0,1,0,0,0,0,0,1,0,1,0,0,5
BBB,2014B,627094,1,North Western Region,No Formal quals,0-10%,35-55,0,60,0,Fail,9,1,1,0,0,0,1,1,1,0,1,1,1,1,1,4
BBB,2014B,627115,1,Yorkshire Region,A Level or Equivalent,20-Oct,35-55,0,120,0,Distinction,13,1,1,0,1,0,0,1,0,1,1,1,0,0,1,5
BBB,2014B,627118,1,Yorkshire Region,A Level or Equivalent,50-60%,0-35,0,120,0,Pass,16,0,1,0,1,0,0,1,1,1,0,1,0,0,1,10
BBB,2014B,627179,0,London Region,Lower Than A Level,20-Oct,35-55,0,60,0,Fail,11,1,1,0,0,0,1,0,1,1,1,1,1,1,0,6
BBB,2014B,627185,1,Wales,Lower Than A Level,90-100%,35-55,0,60,0,Pass,12,0,1,1,1,0,0,0,1,0,1,1,0,1,1,7
BBB,2014B,627190,1,Scotland,A Level or Equivalent,20-30%,35-55,0,60,0,Pass,1,1,1,1,0,1,0,0,1,1,0,0,0,0,0,2
BBB,2014B,627228,1,East Anglian Region,Lower Than A Level,50-60%,0-35,0,60,0,Withdrawn,8,0,0,1,1,0,1,0,1,1,1,0,0,0,1,3
BBB,2014B,627244,1,West Midlands Region,A Level or Equivalent,60-70%,0-35,0,60,0,Pass,8,0,1,1,1,0,0,1,0,1,1,1,1,0,1,3
BBB,2014B,627245,1,South East Region,HE Qualification,40-50%,0-35,0,90,0,Withdrawn,14,1,0,1,1,1,1,1,1,1,1,1,1,0,1,5
BBB,2014B,627252,1,North Western Region,Lower Than A Level,30-40%,0-35,0,60,1,Withdrawn,9,1,0,1,0,0,0,1,0,1,1,0,0,0,0,4
BBB,2014B,627256,1,London Region,A Level or Equivalent,20-Oct,0-35,0,60,0,Withdrawn,2,1,0,0,0,1,0,1,0,0,1,1,1,1,1,2
BBB,2014B,627270,1,Ireland,A Level or Equivalent,30-40%,0-35,0,60,0,Distinction,8,0,1,0,0,0,1,1,1,0,0,1,0,1,1,3
BBB,2014B,627277,1,East Midlands Region,Lower Than A Level,70-80%,35-55,0,160,0,Withdrawn,6,1,0,1,1,1,0,1,0,0,1,0,1,0,1,9
BBB,2014B,627285,1,Scotland,A Level or Equivalent,20-30%,0-35,0,60,0,Pass,16,1,1,1,1,1,1,0,0,0,0,1,1,0,1,10
BBB,2014B,627316,0,West Midlands Region,Lower Than A Level,70-80%,0-35,0,60,1,Withdrawn,13,1,0,1,1,1,1,1,0,1,0,0,0,0,1,5
BBB,2014B,627321,1,London Region,HE Qualification,20-30%,35-55,0,60,0,Fail,14,0,0,0,0,0,1,0,1,0,1,1,0,1,1,5
BBB,2014B,627380,1,East Anglian Region,A Level or Equivalent,90-100%,0-35,0,60,0,Pass,12,0,1,0,0,0,1,0,0,0,1,1,0,0,0,7
BBB,2014B,627388,1,South East Region,A Level or Equivalent,50-60%,0-35,0,60,0,Distinction,1,1,1,1,0,0,1,1,0,0,0,1,0,0,1,2
BBB,2014B,627403,1,South Region,A Level or Equivalent,50-60%,0-35,0,120,1,Fail,15,0,0,0,0,0,0,1,0,1,1,1,1,1,0,10
BBB,2014B,627427,1,East Midlands Region,Lower Than A Level,20-30%,0-35,0,60,0,Withdrawn,14,1,0,1,1,1,0,0,1,0,0,1,1,0,0,5
BBB,2014B,627509,1,Wales,A Level or Equivalent,30-40%,0-35,0,120,0,Pass,9,1,0,0,0,1,0,0,1,1,1,0,0,0,0,4
BBB,2014B,627528,1,London Region,A Level or Equivalent,0-10%,0-35,0,60,0,Fail,7,1,1,0,1,0,1,0,1,0,1,0,1,0,1,3
BBB,2014B,627549,1,South East Region,A Level or Equivalent,60-70%,0-35,0,60,0,Distinction,6,0,1,1,0,1,0,0,1,1,0,1,1,0,0,9
BBB,2014B,627550,1,London Region,No Formal quals,0-10%,0-35,0,60,0,Pass,10,0,0,1,0,1,1,1,1,0,0,1,0,0,1,1
BBB,2014B,627613,0,North Western Region,Lower Than A Level,90-100%,0-35,0,60,0,Fail,7,0,0,1,0,0,1,0,0,1,1,1,0,0,1,3
BBB,2014B,627647,1,South East Region,A Level or Equivalent,50-60%,0-35,0,120,0,Pass,7,0,0,0,1,0,1,0,1,0,1,1,0,1,0,3
BBB,2014B,627659,1,Wales,A Level or Equivalent,40-50%,0-35,0,60,0,Pass,1,0,1,1,1,1,0,1,0,1,1,1,0,1,0,2
BBB,2014B,627670,1,London Region,Lower Than A Level,30-40%,0-35,0,120,0,Withdrawn,14,0,1,1,0,0,0,1,0,1,0,0,0,0,0,5
BBB,2014B,627680,1,East Anglian Region,Lower Than A Level,70-80%,35-55,0,60,1,Withdrawn,16,1,0,0,1,0,0,0,1,0,0,1,0,0,0,10
BBB,2014B,627685,1,London Region,A Level or Equivalent,20-30%,0-35,0,60,0,Pass,12,0,1,0,1,1,1,0,0,0,0,1,0,0,1,7
BBB,2014B,627748,1,North Western Region,A Level or Equivalent,20-Oct,0-35,0,60,0,Withdrawn,7,0,1,0,1,1,0,1,1,1,0,1,0,0,0,3
BBB,2014B,627777,1,Yorkshire Region,Lower Than A Level,0-10%,35-55,0,60,0,Pass,15,1,1,1,1,1,0,0,0,0,1,1,0,1,1,10
BBB,2014B,627948,1,London Region,A Level or Equivalent,0-10%,0-35,0,60,0,Fail,9,0,1,0,0,0,1,0,1,0,1,0,1,1,1,4
BBB,2014B,628006,1,North Region,A Level or Equivalent,,0-35,0,60,0,Pass,12,0,1,1,1,1,1,1,1,1,1,0,0,1,0,7
BBB,2014B,628119,1,Ireland,A Level or Equivalent,60-70%,35-55,0,60,0,Fail,6,1,1,0,0,1,1,0,1,1,1,0,1,0,1,9
BBB,2014B,628142,1,East Midlands Region,A Level or Equivalent,80-90%,0-35,0,60,0,Withdrawn,1,1,0,0,0,0,0,0,1,0,1,0,1,1,1,2
BBB,2014B,628176,1,Scotland,HE Qualification,40-50%,35-55,0,60,0,Pass,8,1,1,0,1,0,0,0,1,1,1,1,0,0,1,3
BBB,2014B,628178,1,Scotland,HE Qualification,60-70%,35-55,0,60,0,Distinction,5,0,0,0,1,0,0,1,1,0,0,1,1,0,0,9
BBB,2014B,628180,1,Scotland,A Level or Equivalent,20-30%,35-55,0,60,0,Pass,12,1,1,0,1,0,0,1,1,1,0,0,1,0,1,7
BBB,2014B,628181,1,East Midlands Region,A Level or Equivalent,80-90%,35-55,0,60,0,Pass,11,0,1,0,1,1,1,1,0,1,1,0,1,1,1,6
BBB,2014B,628183,1,Scotland,A Level or Equivalent,70-80%,35-55,0,60,0,Fail,5,0,1,1,0,1,1,0,1,0,1,0,0,0,0,9
BBB,2014B,628190,1,Scotland,Lower Than A Level,60-70%,35-55,0,60,0,Pass,11,0,0,0,1,0,1,0,0,0,0,0,1,0,1,6
BBB,2014B,628287,1,East Midlands Region,A Level or Equivalent,60-70%,35-55,0,60,0,Fail,6,1,0,0,1,1,0,0,1,0,1,1,0,0,1,9
BBB,2014B,628301,1,Yorkshire Region,Lower Than A Level,40-50%,0-35,0,60,0,Distinction,2,1,1,1,0,0,0,1,1,1,1,1,0,1,0,2
BBB,2014B,628327,1,East Anglian Region,A Level or Equivalent,70-80%,0-35,0,60,0,Withdrawn,6,0,0,0,0,0,0,0,0,1,0,0,1,1,1,9
BBB,2014B,628328,1,Wales,Lower Than A Level,60-70%,0-35,0,60,0,Pass,9,0,0,1,1,1,0,0,1,0,0,0,0,0,0,4
BBB,2014B,628329,0,Yorkshire Region,A Level or Equivalent,20-30%,0-35,0,60,0,Fail,1,1,0,1,0,1,1,0,1,0,0,0,0,1,1,2
BBB,2014B,628341,1,West Midlands Region,A Level or Equivalent,80-90%,0-35,0,120,0,Withdrawn,10,0,0,1,1,0,0,1,0,1,0,1,0,1,0,1
BBB,2014B,628360,1,Ireland,Lower Than A Level,,0-35,0,60,0,Withdrawn,4,0,0,1,0,0,1,1,0,1,1,1,0,1,0,8
BBB,2014B,628379,1,South Region,Lower Than A Level,20-30%,35-55,0,60,0,Fail,10,1,1,0,1,0,0,0,1,0,0,0,1,0,0,1
BBB,2014B,628389,1,East Anglian Region,HE Qualification,90-100%,0-35,0,60,0,Distinction,11,1,1,1,1,0,0,0,0,0,0,0,0,1,1,6
BBB,2014B,628392,1,London Region,Lower Than A Level,20-Oct,0-35,0,60,0,Withdrawn,3,0,0,0,0,1,0,0,0,1,0,0,1,1,1,8
BBB,2014B,628402,1,South East Region,A Level or Equivalent,30-40%,0-35,0,60,0,Withdrawn,1,0,1,1,0,1,0,1,1,0,1,1,1,0,1,2
BBB,2014B,628411,1,West Midlands Region,HE Qualification,20-Oct,0-35,0,120,0,Fail,12,1,0,0,0,1,1,1,1,0,0,1,1,1,0,7
BBB,2014B,628423,1,Wales,A Level or Equivalent,70-80%,0-35,0,60,0,Distinction,12,0,0,0,1,0,0,0,1,1,0,1,1,1,0,7
BBB,2014B,628442,1,East Midlands Region,Lower Than A Level,20-30%,0-35,0,60,0,Withdrawn,10,0,0,0,0,0,1,1,1,1,0,0,1,0,0,1
BBB,2014B,628511,1,North Western Region,A Level or Equivalent,20-30%,0-35,0,60,0,Fail,7,0,1,0,0,1,0,1,0,0,0,0,1,0,1,3
BBB,2014B,628516,0,Scotland,Lower Than A Level,20-30%,35-55,0,60,0,Distinction,5,0,0,0,0,0,1,1,0,1,0,1,1,1,0,9
BBB,2014B,628525,1,London Region,Lower Than A Level,20-30%,0-35,0,60,0,Fail,10,1,0,1,0,1,0,1,1,0,0,1,1,1,1,1
BBB,2014B,628580,1,North Western Region,HE Qualification,0-10%,0-35,0,120,1,Distinction,6,0,0,0,0,0,1,1,0,0,1,0,1,0,0,9
BBB,2014B,628586,1,London Region,No Formal quals,50-60%,35-55,0,120,0,Fail,16,1,0,1,0,0,0,1,1,1,1,0,1,0,0,10
BBB,2014B,628616,1,East Midlands Region,A Level or Equivalent,40-50%,35-55,0,60,0,Distinction,16,0,1,0,0,1,0,1,1,1,0,0,0,0,1,10
BBB,2014B,628635,1,Scotland,Lower Than A Level,70-80%,0-35,0,60,0,Pass,8,1,0,0,1,0,0,0,1,1,1,0,0,0,0,3
BBB,2014B,628655,1,West Midlands Region,A Level or Equivalent,50-60%,0-35,0,60,0,Fail,15,0,0,1,0,1,1,1,0,0,1,0,1,0,1,10
BBB,2014B,628751,1,West Midlands Region,A Level or Equivalent,20-30%,0-35,0,60,0,Pass,12,1,1,0,1,1,0,0,0,1,1,1,0,1,1,7
BBB,2014B,628762,1,South Region,HE Qualification,70-80%,35-55,0,60,0,Withdrawn,3,1,1,0,0,0,0,0,1,0,0,1,1,0,0,8
BBB,2014B,628765,1,East Midlands Region,Lower Than A Level,40-50%,0-35,0,60,0,Withdrawn,6,0,0,0,0,1,1,0,0,0,0,1,0,0,0,9
BBB,2014B,628827,1,North Western Region,A Level or Equivalent,30-40%,0-35,0,60,1,Fail,2,1,1,0,0,0,1,0,1,0,0,1,1,0,1,2
BBB,2014B,628843,1,West Midlands Region,No Formal quals,20-Oct,0-35,0,60,0,Withdrawn,4,1,0,1,0,1,1,0,0,0,0,1,0,0,1,8
BBB,2014B,628903,1,East Midlands Region,Lower Than A Level,20-Oct,0-35,0,120,0,Fail,2,1,1,1,0,0,0,1,1,1,1,0,0,1,1,2
BBB,2014B,628941,0,Scotland,Lower Than A Level,70-80%,35-55,0,60,0,Pass,10,0,0,1,0,0,1,1,1,0,1,0,0,1,1,1
BBB,2014B,628954,1,South Region,Lower Than A Level,90-100%,0-35,0,60,0,Pass,10,1,1,1,0,1,1,0,1,1,0,1,1,0,0,1
BBB,2014B,628970,1,London Region,Lower Than A Level,20-Oct,0-35,0,60,0,Withdrawn,9,0,1,1,0,0,1,0,0,1,1,1,1,1,1,4
BBB,2014B,628982,1,Wales,HE Qualification,0-10%,0-35,0,60,0,Fail,13,1,1,0,0,1,0,1,1,0,1,0,0,1,1,5
BBB,2014B,629026,1,Scotland,HE Qualification,20-Oct,0-35,0,60,0,Pass,2,0,0,1,1,1,1,1,0,0,0,1,0,0,1,2
BBB,2014B,629029,0,West Midlands Region,Lower Than A Level,0-10%,35-55,0,150,0,Withdrawn,4,0,1,0,0,0,1,1,0,0,1,1,1,1,1,8
BBB,2014B,629037,1,Scotland,HE Qualification,40-50%,35-55,0,60,0,Pass,14,0,1,1,1,0,0,1,1,0,1,0,1,1,1,5
BBB,2014B,629040,1,South Region,A Level or Equivalent,80-90%,0-35,0,60,0,Withdrawn,11,0,1,1,0,1,1,0,0,0,0,1,1,0,0,6
BBB,2014B,629044,1,London Region,A Level or Equivalent,20-30%,0-35,0,60,0,Fail,8,0,0,0,0,1,1,1,0,0,1,1,1,1,0,3
BBB,2014B,629060,1,East Anglian Region,A Level or Equivalent,60-70%,0-35,0,60,0,Pass,11,0,0,1,0,1,0,0,0,1,1,1,0,0,0,6
BBB,2014B,629088,0,East Midlands Region,A Level or Equivalent,80-90%,0-35,0,60,0,Withdrawn,12,1,0,1,1,1,0,0,1,0,1,1,0,1,0,7
BBB,2014B,629094,1,Yorkshire Region,Lower Than A Level,70-80%,35-55,0,60,0,Fail,12,1,0,1,1,0,1,1,0,1,1,1,1,0,0,7
BBB,2014B,629103,1,East Anglian Region,A Level or Equivalent,80-90%,0-35,0,60,0,Fail,8,1,0,0,1,0,0,0,0,0,0,1,1,1,0,3
BBB,2014B,629159,1,Scotland,Lower Than A Level,0-10%,0-35,0,60,0,Fail,15,1,1,1,1,0,0,0,0,0,0,0,0,1,0,10
BBB,2014B,629240,1,South Region,Lower Than A Level,90-100%,0-35,0,60,0,Pass,6,0,1,0,0,0,1,0,0,0,1,0,1,0,0,9
BBB,2014B,629274,1,South East Region,A Level or Equivalent,80-90%,0-35,0,60,0,Pass,3,0,0,0,0,0,1,1,1,1,0,0,0,1,1,8
BBB,2014B,629340,1,Scotland,HE Qualification,0-10%,0-35,0,60,0,Withdrawn,16,1,0,0,0,1,1,0,1,1,1,1,0,0,1,10
BBB,2014B,629424,1,Wales,Lower Than A Level,40-50%,0-35,0,60,0,Withdrawn,9,0,1,1,0,1,0,0,0,1,0,1,0,1,1,4
BBB,2014B,629461,1,Scotland,A Level or Equivalent,0-10%,35-55,0,60,0,Fail,16,0,1,1,0,1,1,1,0,1,0,0,1,0,1,10
BBB,2014B,629462,1,South East Region,Lower Than A Level,20-30%,0-35,0,60,0,Withdrawn,16,1,1,0,0,0,0,0,0,0,0,0,0,0,0,10
BBB,2014B,629484,0,London Region,A Level or Equivalent,0-10%,35-55,0,60,0,Withdrawn,7,1,0,1,1,0,0,1,0,1,0,1,1,0,1,3
BBB,2014B,629490,1,Scotland,Lower Than A Level,0-10%,0-35,0,60,0,Fail,11,1,0,1,1,0,0,0,1,1,0,0,0,1,0,6
BBB,2014B,629504,0,Wales,Lower Than A Level,0-10%,0-35,0,60,0,Pass,5,1,1,0,0,0,0,0,0,0,0,1,0,0,1,9
BBB,2014B,629505,0,Wales,HE Qualification,30-40%,35-55,0,60,0,Withdrawn,13,0,1,0,0,0,0,0,1,1,0,0,1,1,0,5
BBB,2014B,629507,1,Wales,A Level or Equivalent,40-50%,0-35,0,60,0,Pass,16,0,1,1,1,0,0,1,1,0,1,0,0,0,0,10
BBB,2014B,629538,1,South Region,A Level or Equivalent,60-70%,0-35,0,60,1,Withdrawn,1,0,1,1,0,1,1,1,0,0,1,1,1,0,1,2
BBB,2014B,629554,1,Yorkshire Region,A Level or Equivalent,70-80%,0-35,0,60,0,Fail,3,0,0,1,1,1,1,1,1,0,1,1,0,0,0,8
BBB,2014B,629574,0,North Western Region,HE Qualification,0-10%,0-35,0,60,0,Withdrawn,13,1,1,0,0,1,0,1,1,0,1,1,0,0,1,5
BBB,2014B,629619,1,South Region,A Level or Equivalent,70-80%,0-35,0,60,0,Pass,8,0,1,0,0,1,1,0,1,1,0,0,1,0,1,3
BBB,2014B,629671,1,London Region,HE Qualification,20-30%,0-35,0,60,0,Withdrawn,12,0,1,0,1,0,1,1,0,1,0,0,0,1,1,7
BBB,2014B,629736,0,North Western Region,A Level or Equivalent,60-70%,0-35,0,90,0,Withdrawn,1,0,1,0,1,1,1,0,0,1,1,1,1,1,0,2
BBB,2014B,629835,0,Wales,Lower Than A Level,60-70%,0-35,0,60,0,Pass,8,0,0,0,1,0,0,1,1,1,0,0,0,0,0,3
BBB,2014B,629870,1,East Anglian Region,A Level or Equivalent,50-60%,0-35,0,60,0,Fail,1,0,0,1,1,0,1,0,0,0,1,1,0,1,1,2
BBB,2014B,629886,1,Scotland,Lower Than A Level,40-50%,35-55,0,60,0,Pass,7,0,1,1,0,1,0,1,1,0,1,1,1,1,0,3
BBB,2014B,629891,1,South West Region,A Level or Equivalent,30-40%,0-35,0,60,0,Distinction,14,1,1,1,0,1,1,1,0,1,1,1,1,0,1,5
BBB,2014B,629923,1,East Anglian Region,Lower Than A Level,0-10%,0-35,0,60,0,Fail,6,1,0,1,1,1,1,1,1,0,1,1,0,0,0,9
BBB,2014B,629971,1,East Midlands Region,A Level or Equivalent,20-30%,0-35,0,120,0,Withdrawn,15,1,1,1,0,1,0,1,0,0,1,0,0,1,0,10
BBB,2014B,629976,1,Scotland,HE Qualification,0-10%,0-35,0,60,0,Withdrawn,13,1,1,1,1,0,1,1,0,1,1,0,0,1,1,5
BBB,2014B,629983,1,South East Region,A Level or Equivalent,30-40%,0-35,0,60,0,Withdrawn,8,0,1,1,1,1,0,1,0,0,0,1,1,1,0,3
BBB,2014B,629991,1,East Anglian Region,Lower Than A Level,90-100%,0-35,0,60,0,Withdrawn,8,1,0,0,1,1,0,1,0,0,0,0,1,0,1,3
BBB,2014B,630028,1,London Region,A Level or Equivalent,20-Oct,35-55,0,120,0,Pass,11,1,0,1,0,1,0,1,0,0,0,0,1,0,1,6
BBB,2014B,630029,0,London Region,HE Qualification,20-30%,0-35,0,120,0,Pass,1,0,1,0,1,0,0,1,0,0,1,1,1,1,1,2
BBB,2014B,630030,1,West Midlands Region,Lower Than A Level,20-Oct,0-35,0,120,0,Pass,6,0,0,0,1,0,0,1,1,0,0,0,0,0,1,9
BBB,2014B,630037,1,South East Region,Lower Than A Level,50-60%,35-55,0,120,0,Withdrawn,9,0,0,1,0,0,1,1,1,0,1,1,0,0,0,4
BBB,2014B,630052,1,West Midlands Region,Lower Than A Level,0-10%,0-35,0,60,0,Distinction,15,0,1,0,1,1,1,0,1,1,1,1,1,1,0,10
BBB,2014B,630053,1,East Midlands Region,Lower Than A Level,30-40%,0-35,0,60,0,Pass,12,0,1,1,0,1,1,1,0,0,1,1,1,1,1,7
BBB,2014B,630090,1,Wales,Lower Than A Level,60-70%,0-35,0,60,1,Fail,12,0,0,1,1,1,0,0,0,0,0,1,1,0,0,7
BBB,2014B,630134,1,East Anglian Region,Lower Than A Level,80-90%,0-35,0,60,0,Withdrawn,6,0,0,1,0,0,0,0,1,1,1,1,0,1,0,9
BBB,2014B,630147,1,Scotland,Lower Than A Level,0-10%,35-55,0,60,0,Fail,1,0,0,1,0,0,0,1,1,0,1,1,1,0,0,2
BBB,2014B,630182,0,West Midlands Region,Lower Than A Level,20-30%,0-35,0,60,0,Withdrawn,1,0,1,1,0,0,0,1,0,0,0,0,0,1,0,2
BBB,2014B,630260,0,South East Region,Lower Than A Level,70-80%,0-35,0,60,0,Fail,4,0,1,1,0,0,0,1,1,1,1,0,1,1,0,8
BBB,2014B,630315,1,Wales,No Formal quals,30-40%,35-55,0,60,0,Pass,13,0,0,0,0,0,1,0,0,0,0,0,0,1,1,5
BBB,2014B,630333,1,East Anglian Region,A Level or Equivalent,30-40%,0-35,0,60,0,Pass,8,1,1,1,0,1,0,1,1,0,1,0,1,1,1,3
BBB,2014B,630340,1,East Midlands Region,Lower Than A Level,20-30%,0-35,0,60,0,Withdrawn,11,0,0,1,1,1,0,0,0,1,1,1,0,1,0,6
BBB,2014B,630345,1,South West Region,Lower Than A Level,30-40%,0-35,0,60,1,Fail,11,1,1,0,1,1,0,0,1,0,1,0,1,0,1,6
BBB,2014B,630372,1,Scotland,A Level or Equivalent,60-70%,35-55,0,60,0,Pass,3,1,0,0,0,1,0,0,0,0,1,0,0,1,1,8
BBB,2014B,630393,1,Scotland,HE Qualification,50-60%,35-55,0,60,0,Distinction,3,0,0,0,0,0,0,0,1,1,0,1,0,0,0,8
BBB,2014B,630415,1,East Anglian Region,Lower Than A Level,30-40%,0-35,0,60,0,Pass,2,1,1,0,0,0,1,0,1,1,0,1,0,1,0,2
BBB,2014B,630443,1,West Midlands Region,A Level or Equivalent,0-10%,0-35,0,120,1,Pass,12,1,1,1,0,0,1,0,1,1,0,0,1,0,1,7
BBB,2014B,630451,1,East Midlands Region,A Level or Equivalent,90-100%,35-55,0,60,0,Distinction,9,1,0,0,0,1,0,1,1,0,1,0,1,1,0,4
BBB,2014B,630476,1,North Western Region,Lower Than A Level,0-10%,35-55,0,60,1,Withdrawn,13,1,0,0,0,0,0,1,1,1,1,0,1,1,0,5
BBB,2014B,630497,1,East Midlands Region,A Level or Equivalent,20-30%,0-35,0,60,0,Fail,5,1,0,0,1,1,0,1,0,1,0,0,1,0,1,9
BBB,2014B,630549,1,West Midlands Region,A Level or Equivalent,40-50%,0-35,0,60,0,Fail,7,0,0,1,1,0,1,0,1,0,0,0,1,1,1,3
BBB,2014B,630561,1,South West Region,A Level or Equivalent,90-100%,0-35,0,60,0,Pass,1,0,0,0,1,0,0,0,0,0,0,0,0,0,0,2
BBB,2014B,630586,1,West Midlands Region,A Level or Equivalent,20-30%,0-35,0,60,1,Fail,11,1,1,1,0,0,0,0,0,0,0,1,1,1,1,6
BBB,2014B,630608,1,West Midlands Region,A Level or Equivalent,30-40%,35-55,0,120,0,Pass,11,1,1,1,1,0,1,0,1,1,0,1,1,1,0,6
BBB,2014B,630718,1,West Midlands Region,Lower Than A Level,20-Oct,0-35,0,60,0,Pass,8,0,0,0,0,1,0,0,1,1,0,0,1,1,1,3
BBB,2014B,630736,1,West Midlands Region,Lower Than A Level,40-50%,0-35,0,60,0,Pass,14,0,0,1,1,1,0,1,1,1,0,1,1,1,0,5
BBB,2014B,630763,1,South East Region,Lower Than A Level,70-80%,0-35,0,60,0,Pass,15,0,1,0,0,1,1,0,0,0,0,0,0,0,0,10
BBB,2014B,630778,1,Wales,A Level or Equivalent,90-100%,35-55,0,60,0,Pass,13,0,0,1,1,1,1,1,1,1,1,0,0,0,0,5
BBB,2014B,630794,1,Scotland,Lower Than A Level,0-10%,35-55,0,60,0,Fail,4,0,1,1,1,0,1,1,1,1,1,0,0,1,1,8
BBB,2014B,630823,1,Scotland,A Level or Equivalent,60-70%,0-35,0,60,0,Pass,4,1,1,1,0,0,0,1,1,1,0,1,1,1,1,8
BBB,2014B,630833,1,West Midlands Region,Lower Than A Level,50-60%,0-35,0,60,0,Fail,12,1,1,0,1,1,1,0,1,0,1,0,0,0,0,7
BBB,2014B,630876,1,Scotland,Lower Than A Level,70-80%,35-55,0,60,0,Pass,10,1,1,1,1,0,0,1,0,0,1,0,0,1,0,1
BBB,2014B,630902,1,South Region,Lower Than A Level,20-30%,0-35,0,60,0,Withdrawn,8,0,1,1,0,0,1,0,1,1,0,0,1,1,1,3
BBB,2014B,630920,1,Scotland,Lower Than A Level,70-80%,0-35,0,60,0,Withdrawn,5,1,0,0,0,1,0,0,1,1,0,1,1,1,0,9
BBB,2014B,630944,1,West Midlands Region,A Level or Equivalent,50-60%,0-35,0,60,0,Pass,11,0,0,1,0,1,0,1,1,0,0,0,1,1,1,6
BBB,2014B,630957,1,North Western Region,Lower Than A Level,30-40%,35-55,0,60,0,Withdrawn,15,1,0,0,0,0,1,1,1,0,1,1,0,0,0,10
BBB,2014B,630999,1,South West Region,A Level or Equivalent,90-100%,0-35,0,120,0,Withdrawn,2,1,0,0,0,0,0,1,1,0,0,1,0,1,0,2
BBB,2014B,631031,1,Scotland,HE Qualification,30-40%,35-55,0,60,0,Withdrawn,3,0,1,1,0,1,1,1,0,1,0,1,0,1,0,8
BBB,2014B,631081,1,West Midlands Region,A Level or Equivalent,80-90%,0-35,0,60,0,Pass,7,0,1,1,0,1,0,1,0,0,1,1,1,0,1,3
BBB,2014B,631082,1,North Western Region,A Level or Equivalent,20-Oct,0-35,0,60,0,Withdrawn,16,0,0,1,1,0,1,1,1,0,0,1,0,1,0,10
BBB,2014B,631086,1,East Midlands Region,A Level or Equivalent,90-100%,0-35,0,120,0,Fail,11,0,0,0,0,0,0,0,0,1,1,0,0,0,0,6
BBB,2014B,631108,1,South East Region,Lower Than A Level,90-100%,35-55,0,60,0,Pass,1,0,0,1,1,0,1,1,1,1,0,0,0,0,0,2
BBB,2014B,631109,1,East Anglian Region,No Formal quals,30-40%,0-35,0,60,0,Pass,7,0,1,0,0,0,1,1,1,0,0,0,1,1,1,3
BBB,2014B,631132,1,East Midlands Region,Lower Than A Level,20-Oct,0-35,0,60,1,Fail,1,1,0,0,0,0,1,1,0,1,1,1,1,0,1,2
BBB,2014B,631190,0,North Western Region,Lower Than A Level,0-10%,0-35,0,120,1,Withdrawn,1,1,1,1,1,0,1,1,1,1,0,1,0,1,1,2
BBB,2014B,631197,1,North Western Region,A Level or Equivalent,20-Oct,0-35,0,60,1,Withdrawn,6,0,1,0,0,1,0,1,0,0,0,1,0,0,0,9
BBB,2014B,631225,0,South East Region,A Level or Equivalent,70-80%,0-35,0,60,0,Pass,7,0,1,1,0,0,1,1,0,0,1,0,0,1,0,3
BBB,2014B,631341,1,West Midlands Region,A Level or Equivalent,20-Oct,0-35,0,60,0,Fail,16,1,0,1,0,0,0,0,0,0,1,1,0,0,0,10
BBB,2014B,631354,1,South West Region,A Level or Equivalent,20-Oct,0-35,0,120,0,Withdrawn,15,0,0,1,1,1,0,1,0,0,0,1,1,1,1,10
BBB,2014B,631384,1,East Midlands Region,No Formal quals,20-30%,0-35,0,60,0,Pass,10,0,1,0,1,1,0,1,0,1,1,1,0,1,1,1
BBB,2014B,631422,1,Scotland,Lower Than A Level,70-80%,35-55,0,60,0,Withdrawn,15,0,0,1,0,0,1,1,1,1,1,0,0,1,1,10
BBB,2014B,631441,1,North Western Region,Lower Than A Level,60-70%,35-55,0,60,0,Distinction,2,0,1,1,1,1,0,1,1,0,1,1,0,1,1,2
BBB,2014B,631442,0,South Region,Lower Than A Level,20-30%,0-35,0,60,1,Fail,5,1,1,0,1,0,1,1,0,0,1,1,0,0,0,9
BBB,2014B,631444,1,Wales,A Level or Equivalent,20-30%,0-35,0,60,0,Withdrawn,2,1,1,0,1,1,1,1,0,1,1,0,0,1,0,2
BBB,2014B,631445,1,Wales,Lower Than A Level,30-40%,35-55,0,60,0,Pass,9,0,0,0,0,1,0,1,0,0,0,1,0,1,1,4
BBB,2014B,631492,1,South East Region,HE Qualification,20-Oct,0-35,0,120,0,Pass,1,0,0,1,0,0,0,0,1,0,0,0,1,0,0,2
BBB,2014B,631515,1,South Region,A Level or Equivalent,30-40%,35-55,0,60,0,Pass,1,0,1,0,1,0,0,0,1,0,0,1,0,1,0,2
BBB,2014B,631518,1,East Anglian Region,Lower Than A Level,60-70%,0-35,0,60,0,Withdrawn,6,1,0,1,0,1,1,0,1,0,1,1,0,0,0,9
BBB,2014B,631530,1,East Midlands Region,Lower Than A Level,0-10%,0-35,0,60,0,Pass,11,0,1,1,0,1,1,0,0,0,1,0,1,1,1,6
BBB,2014B,631561,1,West Midlands Region,A Level or Equivalent,20-Oct,0-35,0,60,1,Withdrawn,13,0,0,0,0,0,0,1,0,0,0,1,0,0,0,5
BBB,2014B,631563,1,East Midlands Region,A Level or Equivalent,90-100%,0-35,0,120,1,Fail,3,1,1,1,1,1,0,1,0,0,1,0,1,0,1,8
BBB,2014B,631610,1,East Midlands Region,A Level or Equivalent,0-10%,35-55,0,60,0,Withdrawn,13,0,1,0,1,0,0,1,1,0,0,1,1,1,0,5
BBB,2014B,631613,1,London Region,Lower Than A Level,40-50%,35-55,0,60,0,Pass,9,1,1,0,1,0,1,0,0,1,1,0,0,0,0,4
BBB,2014B,631650,0,South East Region,A Level or Equivalent,30-40%,35-55,0,60,0,Fail,6,1,1,0,0,1,1,1,1,0,1,0,0,0,1,9
BBB,2014B,631679,1,Wales,HE Qualification,30-40%,35-55,0,120,0,Distinction,10,1,1,0,1,0,1,1,0,0,0,0,0,1,1,1
BBB,2014B,631724,1,South Region,A Level or Equivalent,70-80%,0-35,0,60,0,Pass,15,1,0,1,1,0,0,1,0,1,0,1,0,1,0,10
BBB,2014B,631766,1,Scotland,A Level or Equivalent,90-100%,0-35,0,60,0,Pass,11,0,1,0,0,0,1,1,0,0,0,1,1,1,0,6
BBB,2014B,631777,1,South West Region,Lower Than A Level,20-30%,35-55,0,60,0,Distinction,4,0,1,0,1,0,1,0,0,1,1,1,0,0,0,8
BBB,2014B,631848,1,West Midlands Region,A Level or Equivalent,20-30%,0-35,0,60,0,Pass,15,1,0,1,0,0,1,1,0,1,1,0,1,1,0,10
BBB,2014B,631941,1,London Region,Lower Than A Level,0-10%,0-35,0,60,0,Withdrawn,9,1,1,0,0,1,1,1,0,0,0,0,0,0,0,4
BBB,2014B,632040,1,South Region,Lower Than A Level,60-70%,0-35,0,120,0,Fail,9,1,1,0,0,1,1,0,1,0,1,0,1,1,0,4
BBB,2014B,632084,1,West Midlands Region,A Level or Equivalent,20-Oct,0-35,0,60,0,Distinction,11,1,0,1,0,1,1,0,1,1,1,1,1,1,0,6
BBB,2014B,632113,1,North Western Region,Lower Than A Level,20-Oct,0-35,0,60,0,Fail,14,0,0,1,1,1,0,0,1,1,0,1,1,0,0,5
BBB,2014B,632148,1,West Midlands Region,A Level or Equivalent,20-30%,0-35,0,60,1,Fail,12,1,1,1,1,0,0,1,0,1,0,1,0,0,1,7
BBB,2014B,632181,1,East Anglian Region,A Level or Equivalent,70-80%,0-35,0,60,0,Withdrawn,4,0,1,0,1,0,0,1,0,0,0,0,0,0,0,8
BBB,2014B,632231,1,London Region,Lower Than A Level,20-Oct,0-35,0,60,0,Fail,5,1,0,1,0,1,1,1,1,0,1,1,1,1,1,9
BBB,2014B,632254,1,South East Region,A Level or Equivalent,30-40%,0-35,0,60,0,Pass,10,0,0,1,0,1,0,0,0,1,0,0,0,0,1,1
BBB,2014B,632302,1,London Region,A Level or Equivalent,20-Oct,35-55,0,60,1,Pass,11,0,0,0,0,1,0,0,0,0,0,0,1,1,1,6
BBB,2014B,632447,1,East Anglian Region,Lower Than A Level,50-60%,0-35,0,60,0,Withdrawn,13,0,0,1,1,0,1,0,1,1,0,1,1,0,1,5
BBB,2014B,632454,1,North Western Region,A Level or Equivalent,0-10%,0-35,0,60,0,Pass,6,0,0,1,0,0,0,1,1,1,0,0,0,0,1,9
BBB,2014B,632470,1,South Region,Lower Than A Level,40-50%,0-35,0,60,0,Fail,9,0,1,1,1,0,0,1,1,0,0,1,1,0,1,4
BBB,2014B,632503,1,South East Region,Lower Than A Level,50-60%,0-35,0,60,0,Distinction,6,0,0,0,0,1,1,0,0,1,1,0,1,0,0,9
BBB,2014B,632536,1,London Region,A Level or Equivalent,40-50%,0-35,0,120,0,Fail,4,0,1,1,0,0,0,0,0,1,1,1,1,0,0,8
BBB,2014B,632547,1,East Anglian Region,A Level or Equivalent,70-80%,0-35,0,120,0,Fail,12,1,0,1,1,1,0,0,1,0,0,0,0,0,1,7
BBB,2014B,632574,1,East Midlands Region,Lower Than A Level,90-100%,0-35,0,60,0,Withdrawn,1,0,1,1,0,1,0,0,0,0,0,1,0,0,0,2
BBB,2014B,632578,0,Wales,Lower Than A Level,60-70%,35-55,0,60,0,Pass,2,0,1,1,1,1,1,0,1,1,0,0,1,1,1,2
BBB,2014B,632605,1,South Region,A Level or Equivalent,20-30%,0-35,0,120,0,Withdrawn,11,1,0,0,0,0,0,1,0,1,0,0,0,1,1,6
BBB,2014B,632618,1,East Midlands Region,A Level or Equivalent,20-30%,0-35,0,120,0,Withdrawn,11,0,0,1,0,1,0,0,1,0,0,0,0,1,0,6
BBB,2014B,632658,1,Yorkshire Region,Lower Than A Level,0-10%,0-35,0,60,0,Pass,10,1,1,1,0,1,0,0,1,1,1,1,0,1,0,1
BBB,2014B,632682,1,North Western Region,Lower Than A Level,0-10%,0-35,0,60,0,Fail,7,0,0,1,0,1,1,1,0,1,0,1,0,0,0,3
BBB,2014B,632704,1,East Midlands Region,A Level or Equivalent,0-10%,35-55,0,120,0,Pass,11,1,1,0,1,1,1,0,0,0,0,0,1,0,1,6
BBB,2014B,632712,1,Yorkshire Region,A Level or Equivalent,20-Oct,0-35,0,60,0,Fail,3,1,1,0,0,0,0,1,0,0,0,1,1,0,0,8
BBB,2014B,632752,1,East Anglian Region,A Level or Equivalent,50-60%,0-35,0,60,0,Pass,2,0,1,1,0,0,0,1,1,0,0,1,1,0,0,2
BBB,2014B,632823,1,East Anglian Region,A Level or Equivalent,70-80%,35-55,0,60,0,Pass,5,0,0,0,1,0,0,0,1,0,0,1,0,0,1,9
BBB,2014B,632847,1,East Anglian Region,Lower Than A Level,40-50%,35-55,0,60,0,Withdrawn,5,0,1,1,0,0,0,1,1,0,0,1,0,0,0,9
BBB,2014B,632869,1,South East Region,A Level or Equivalent,40-50%,0-35,0,60,0,Fail,5,1,1,1,1,0,1,1,1,0,1,0,1,1,1,9
BBB,2014B,632911,1,South East Region,A Level or Equivalent,60-70%,35-55,0,60,0,Withdrawn,4,1,1,0,0,0,0,1,0,1,1,1,1,1,0,8
BBB,2014B,633024,1,London Region,A Level or Equivalent,40-50%,35-55,0,60,0,Pass,15,1,0,1,1,0,1,1,1,1,0,0,1,1,0,10
BBB,2014B,633052,1,Ireland,Lower Than A Level,30-40%,0-35,0,60,0,Withdrawn,6,0,1,0,0,1,0,0,0,1,1,0,1,1,1,9
BBB,2014B,633130,0,Ireland,Lower Than A Level,80-90%,0-35,0,60,0,Pass,4,0,1,1,0,1,1,1,1,1,1,1,0,1,0,8
BBB,2014B,633162,1,South West Region,A Level or Equivalent,60-70%,0-35,0,60,0,Fail,1,1,0,1,0,1,1,1,1,1,1,1,1,1,0,2
BBB,2014B,633193,1,East Midlands Region,Lower Than A Level,30-40%,0-35,0,60,0,Pass,14,1,1,0,0,0,0,0,0,0,1,0,1,0,1,5
BBB,2014B,633208,0,East Anglian Region,Lower Than A Level,40-50%,0-35,0,60,0,Pass,7,1,1,0,1,0,0,1,1,0,0,1,0,1,1,3
BBB,2014B,633212,1,Wales,Lower Than A Level,80-90%,0-35,0,60,0,Pass,10,0,0,1,0,1,1,1,1,0,1,1,0,1,0,1
BBB,2014B,633228,1,West Midlands Region,A Level or Equivalent,0-10%,0-35,0,60,0,Fail,5,0,0,1,1,0,1,1,0,0,1,0,0,1,1,9
BBB,2014B,633231,1,North Region,Lower Than A Level,0-10%,0-35,0,60,0,Fail,12,1,0,0,1,0,0,1,1,0,1,0,1,0,0,7
BBB,2014B,633245,1,North Western Region,Lower Than A Level,0-10%,0-35,0,60,0,Fail,3,1,1,0,0,0,1,0,1,0,0,0,0,0,1,8
BBB,2014B,633257,0,South West Region,Lower Than A Level,40-50%,35-55,0,60,0,Fail,15,0,1,1,1,1,1,0,0,1,1,1,1,1,0,10
BBB,2014B,633378,1,North Western Region,A Level or Equivalent,40-50%,0-35,0,60,0,Withdrawn,10,0,0,1,0,0,0,1,1,1,1,0,1,0,0,1
BBB,2014B,633380,0,West Midlands Region,Lower Than A Level,20-30%,0-35,0,120,0,Fail,7,0,1,1,1,0,0,1,1,0,0,0,0,0,0,3
BBB,2014B,633386,1,Scotland,Lower Than A Level,40-50%,35-55,0,120,0,Pass,10,1,1,0,0,0,1,1,1,1,0,0,0,1,0,1
BBB,2014B,633394,1,North Western Region,A Level or Equivalent,20-30%,0-35,0,60,0,Fail,14,0,1,1,1,0,1,1,1,0,1,0,1,1,1,5
BBB,2014B,633462,1,South East Region,Lower Than A Level,20-30%,0-35,0,180,0,Withdrawn,5,1,1,1,1,0,1,1,0,1,0,1,1,1,1,9
BBB,2014B,633472,0,Wales,A Level or Equivalent,90-100%,0-35,0,60,0,Pass,3,0,1,1,1,0,0,1,1,1,0,1,1,1,1,8
BBB,2014B,633491,1,Scotland,HE Qualification,90-100%,0-35,0,60,0,Fail,7,1,0,1,0,0,0,1,1,1,0,0,0,1,1,3
BBB,2014B,633499,1,West Midlands Region,HE Qualification,0-10%,35-55,0,60,0,Pass,13,0,0,1,1,1,1,1,1,1,0,1,1,0,1,5
BBB,2014B,633560,1,South West Region,A Level or Equivalent,60-70%,0-35,0,60,0,Distinction,9,0,1,1,0,0,0,1,1,0,1,1,0,1,0,4
BBB,2014B,633570,0,South East Region,A Level or Equivalent,0-10%,35-55,0,60,0,Pass,8,0,1,0,0,0,1,1,1,1,1,0,1,1,1,3
BBB,2014B,633590,1,East Anglian Region,A Level or Equivalent,80-90%,0-35,0,60,0,Distinction,15,0,0,0,1,1,0,0,0,1,1,0,0,0,0,10
BBB,2014B,633599,1,West Midlands Region,Lower Than A Level,40-50%,0-35,0,60,0,Withdrawn,12,0,1,0,1,0,0,1,0,0,0,0,1,1,1,7
BBB,2014B,633603,1,London Region,Lower Than A Level,20-30%,35-55,0,60,0,Fail,6,0,0,1,1,0,1,0,0,1,0,1,1,1,1,9
BBB,2014B,633613,1,East Anglian Region,Lower Than A Level,20-30%,35-55,0,60,0,Withdrawn,12,1,1,0,0,0,1,1,0,1,0,0,0,1,0,7
BBB,2014B,633646,1,South Region,A Level or Equivalent,30-40%,35-55,0,60,0,Pass,13,1,0,1,1,0,0,1,1,1,1,1,0,1,1,5
BBB,2014B,633650,1,South West Region,A Level or Equivalent,80-90%,0-35,0,60,1,Pass,12,0,1,1,1,0,1,1,1,1,0,0,1,0,1,7
BBB,2014B,633669,1,East Midlands Region,A Level or Equivalent,0-10%,0-35,0,60,0,Pass,14,0,1,1,0,0,1,1,0,1,1,0,1,1,1,5
BBB,2014B,633865,1,Yorkshire Region,HE Qualification,20-Oct,0-35,0,60,0,Fail,6,0,1,0,1,0,0,0,0,0,1,1,1,1,1,9
BBB,2014B,633883,0,West Midlands Region,A Level or Equivalent,0-10%,0-35,0,60,0,Withdrawn,9,1,1,1,1,0,0,1,0,0,1,1,0,1,1,4
BBB,2014B,633890,1,East Anglian Region,Lower Than A Level,90-100%,0-35,0,60,0,Fail,8,0,0,0,0,0,0,1,0,1,0,0,1,0,0,3
BBB,2014B,633900,1,South Region,Lower Than A Level,50-60%,35-55,0,60,0,Withdrawn,14,0,0,0,0,0,0,1,0,1,0,1,1,1,0,5
BBB,2014B,633912,1,East Midlands Region,Lower Than A Level,0-10%,35-55,0,60,0,Withdrawn,14,0,1,1,1,0,0,0,1,1,1,1,0,1,0,5
BBB,2014B,633929,1,South Region,Lower Than A Level,,35-55,0,60,0,Pass,7,1,0,1,1,0,1,1,1,1,1,0,0,1,0,3
BBB,2014B,633935,1,Ireland,Lower Than A Level,,35-55,0,60,0,Pass,4,0,0,1,1,1,0,1,1,1,0,1,0,0,1,8
BBB,2014B,634058,1,South Region,HE Qualification,90-100%,0-35,0,120,0,Pass,15,0,1,0,0,0,0,0,1,0,1,1,1,0,1,10
BBB,2014B,634075,1,West Midlands Region,A Level or Equivalent,90-100%,0-35,0,120,0,Distinction,15,0,0,0,0,0,1,1,1,0,1,0,1,0,1,10
BBB,2014B,634077,1,West Midlands Region,A Level or Equivalent,90-100%,0-35,0,60,0,Pass,5,0,0,1,1,1,0,0,1,1,1,1,1,0,1,9
BBB,2014B,634164,1,East Midlands Region,A Level or Equivalent,20-Oct,0-35,0,60,0,Withdrawn,9,1,1,1,0,1,1,0,0,0,0,0,0,0,0,4
BBB,2014B,634188,1,East Anglian Region,No Formal quals,20-30%,0-35,0,60,0,Pass,9,1,0,0,1,0,1,1,1,1,1,1,1,0,1,4
BBB,2014B,634230,1,East Anglian Region,A Level or Equivalent,90-100%,35-55,0,60,0,Distinction,2,0,1,0,1,1,0,0,1,0,1,0,1,1,1,2
BBB,2014B,634265,1,South East Region,A Level or Equivalent,60-70%,0-35,0,60,0,Pass,5,0,1,1,1,1,0,0,0,0,0,1,1,0,1,9
BBB,2014B,634280,0,West Midlands Region,HE Qualification,30-40%,0-35,0,120,0,Distinction,3,1,1,1,1,1,0,0,0,1,1,1,1,0,0,8
BBB,2014B,634286,1,London Region,HE Qualification,20-30%,0-35,0,60,0,Pass,10,0,0,1,0,0,1,0,1,0,0,1,0,1,0,1
BBB,2014B,634298,0,Yorkshire Region,Lower Than A Level,0-10%,35-55,0,60,1,Withdrawn,9,1,0,0,1,0,1,0,0,1,1,0,1,0,0,4
BBB,2014B,634304,1,London Region,A Level or Equivalent,20-30%,0-35,0,60,0,Pass,7,0,1,1,0,1,0,1,0,1,1,1,1,0,0,3
BBB,2014B,634353,1,South Region,A Level or Equivalent,80-90%,0-35,0,60,0,Fail,7,1,0,0,0,1,0,0,0,1,1,0,1,1,0,3
BBB,2014B,634373,1,Scotland,Lower Than A Level,20-Oct,0-35,0,60,0,Withdrawn,13,1,0,0,1,0,1,0,1,1,1,0,1,1,1,5
BBB,2014B,634396,1,North Region,A Level or Equivalent,80-90%,0-35,0,60,0,Withdrawn,15,1,0,1,0,0,0,0,0,1,1,1,1,1,0,10
BBB,2014B,634412,1,North Western Region,A Level or Equivalent,0-10%,35-55,0,120,0,Pass,15,0,0,1,0,0,1,0,0,1,0,1,1,0,0,10
BBB,2014B,634428,0,South East Region,Lower Than A Level,70-80%,35-55,0,60,0,Withdrawn,12,1,1,1,1,1,1,0,0,0,1,1,0,1,1,7
BBB,2014B,634472,1,East Midlands Region,A Level or Equivalent,70-80%,35-55,0,120,0,Distinction,2,1,0,0,1,1,1,0,0,1,1,1,0,0,1,2
BBB,2014B,634477,1,East Anglian Region,A Level or Equivalent,20-30%,35-55,0,60,0,Pass,5,0,1,0,0,1,1,0,0,0,0,0,1,1,0,9
BBB,2014B,634481,0,East Anglian Region,A Level or Equivalent,50-60%,35-55,0,60,0,Pass,16,0,0,0,1,0,1,1,0,1,1,0,1,0,1,10
BBB,2014B,634483,1,East Anglian Region,Lower Than A Level,20-Oct,35-55,0,60,0,Pass,1,1,0,1,0,1,0,0,0,1,1,0,1,1,1,2
BBB,2014B,634486,1,East Anglian Region,HE Qualification,40-50%,35-55,0,60,0,Withdrawn,11,0,1,1,0,1,0,0,1,1,0,1,1,1,0,6
BBB,2014B,634491,1,East Anglian Region,A Level or Equivalent,70-80%,35-55,0,60,0,Pass,15,1,1,1,1,0,0,1,1,1,0,1,0,1,1,10
BBB,2014B,634606,1,North Western Region,Lower Than A Level,40-50%,0-35,0,60,0,Fail,3,1,0,0,0,1,0,1,1,0,1,0,0,1,1,8
BBB,2014B,634615,0,London Region,A Level or Equivalent,50-60%,0-35,0,60,0,Fail,6,0,0,0,0,0,1,0,1,1,1,1,1,0,1,9
BBB,2014B,634715,1,Wales,HE Qualification,40-50%,0-35,0,60,0,Distinction,12,1,0,1,0,0,1,0,1,1,1,1,0,0,0,7
BBB,2014B,634833,1,South West Region,Lower Than A Level,30-40%,35-55,0,60,0,Distinction,7,1,1,0,0,1,0,1,1,0,0,0,1,0,0,3
BBB,2014B,634851,1,West Midlands Region,A Level or Equivalent,20-Oct,0-35,0,60,0,Distinction,8,0,1,1,0,0,1,1,0,1,1,1,0,1,0,3
BBB,2014B,634876,1,Wales,Lower Than A Level,20-30%,35-55,0,60,0,Pass,6,1,0,1,0,0,1,0,0,1,1,0,1,1,0,9
BBB,2014B,634928,1,Wales,HE Qualification,20-Oct,0-35,0,60,0,Pass,16,0,0,1,1,0,0,1,1,1,1,1,1,1,1,10
BBB,2014B,634932,1,Wales,Lower Than A Level,0-10%,35-55,0,60,0,Fail,4,0,0,0,1,1,1,1,0,1,0,1,1,1,0,8
BBB,2014B,634944,1,North Region,HE Qualification,,35-55,0,60,0,Pass,1,1,1,0,1,0,0,1,0,1,1,1,0,1,0,2
BBB,2014B,634976,0,West Midlands Region,HE Qualification,40-50%,35-55,0,60,0,Distinction,11,0,0,0,0,1,1,1,0,1,0,0,1,1,0,6
BBB,2014B,635011,0,Wales,A Level or Equivalent,90-100%,0-35,0,60,0,Pass,6,1,0,1,0,1,0,0,0,1,1,1,0,0,0,9
BBB,2014B,635113,1,South Region,Lower Than A Level,80-90%,0-35,0,60,0,Pass,12,0,1,0,1,1,0,1,0,1,0,1,0,1,1,7
BBB,2014B,635122,1,South East Region,A Level or Equivalent,90-100%,0-35,0,60,0,Pass,4,1,1,0,1,1,0,1,0,1,1,0,0,1,1,8
BBB,2014B,635136,1,East Midlands Region,HE Qualification,80-90%,35-55,0,120,0,Pass,16,0,1,1,0,0,1,1,1,0,0,1,0,0,0,10
BBB,2014B,635173,1,Wales,HE Qualification,30-40%,0-35,0,120,0,Distinction,9,0,1,0,0,0,1,0,0,0,0,0,0,1,0,4
BBB,2014B,635228,1,Wales,A Level or Equivalent,60-70%,0-35,0,60,0,Pass,13,0,0,1,0,0,1,1,0,1,0,1,1,0,1,5
BBB,2014B,635230,1,Wales,A Level or Equivalent,60-70%,0-35,0,60,0,Distinction,15,0,1,0,1,0,0,1,0,1,0,0,0,0,0,10
BBB,2014B,635241,1,Wales,A Level or Equivalent,60-70%,35-55,0,60,0,Pass,14,1,1,0,1,1,1,1,0,1,1,0,0,0,1,5
BBB,2014B,635244,0,Wales,A Level or Equivalent,80-90%,35-55,0,60,0,Pass,15,0,0,1,0,1,0,0,1,1,0,0,0,0,0,10
BBB,2014B,635245,0,Wales,A Level or Equivalent,40-50%,35-55,0,60,0,Fail,3,1,1,0,0,1,1,1,0,1,1,0,1,1,0,8
BBB,2014B,635246,1,Wales,Lower Than A Level,30-40%,0-35,0,60,0,Fail,9,0,0,1,1,1,0,1,1,1,0,1,0,1,0,4
BBB,2014B,635247,0,Wales,HE Qualification,30-40%,0-35,0,60,0,Pass,3,1,0,1,1,1,1,0,0,1,0,1,0,1,1,8
BBB,2014B,635432,0,Wales,A Level or Equivalent,20-30%,35-55,0,60,0,Fail,11,0,0,1,0,1,0,1,1,1,1,0,0,0,0,6
BBB,2014B,635433,1,Wales,A Level or Equivalent,90-100%,35-55,0,60,0,Pass,4,0,0,0,1,1,1,1,1,1,0,0,1,0,0,8
BBB,2014B,635435,1,Wales,A Level or Equivalent,0-10%,0-35,0,60,0,Pass,4,1,0,1,0,0,0,1,0,1,1,0,0,0,1,8
BBB,2014B,635473,0,North Western Region,HE Qualification,70-80%,0-35,0,120,0,Fail,12,0,1,1,1,1,1,1,1,1,0,0,1,1,1,7
BBB,2014B,635591,1,Scotland,A Level or Equivalent,40-50%,0-35,0,60,0,Pass,7,1,1,1,0,0,1,1,0,0,0,1,1,1,0,3
BBB,2014B,635755,1,Wales,A Level or Equivalent,0-10%,0-35,0,60,1,Distinction,2,1,1,1,0,1,0,0,1,0,0,0,0,1,1,2
BBB,2014B,635761,1,Wales,Lower Than A Level,0-10%,0-35,0,60,0,Pass,13,0,0,1,0,1,0,1,0,1,1,0,0,1,0,5
BBB,2014B,635764,0,Wales,No Formal quals,20-Oct,0-35,0,60,0,Pass,12,1,1,0,0,0,0,1,1,0,0,0,1,1,0,7
BBB,2014B,635771,1,North Region,A Level or Equivalent,20-30%,0-35,0,60,0,Pass,13,0,1,1,0,1,0,1,0,0,0,0,1,1,1,5
BBB,2014B,635773,1,Wales,A Level or Equivalent,30-40%,0-35,0,60,0,Pass,9,0,0,0,1,1,1,0,1,0,0,1,1,0,1,4
BBB,2014B,635774,1,Wales,A Level or Equivalent,0-10%,0-35,0,60,0,Pass,14,1,1,0,1,1,0,1,1,1,0,0,0,0,0,5
BBB,2014B,635777,1,Wales,A Level or Equivalent,30-40%,0-35,0,60,0,Withdrawn,1,0,0,1,0,1,0,0,0,1,1,1,1,1,0,2
BBB,2014B,635788,1,Wales,A Level or Equivalent,20-30%,35-55,0,60,0,Pass,12,0,0,0,0,1,1,1,1,1,1,0,0,1,0,7
BBB,2014B,635793,1,Wales,Lower Than A Level,0-10%,35-55,0,60,1,Withdrawn,8,1,0,1,0,1,1,1,0,0,0,1,1,0,0,3
BBB,2014B,636271,0,Wales,HE Qualification,80-90%,0-35,0,60,0,Fail,8,1,0,1,1,0,0,1,1,0,1,0,1,0,1,3
BBB,2014B,637864,1,Wales,HE Qualification,80-90%,35-55,0,60,0,Fail,14,0,1,0,0,0,1,1,1,0,1,1,0,1,0,5
BBB,2014B,1108120,1,East Midlands Region,A Level or Equivalent,30-40%,35-55,0,60,0,Withdrawn,2,0,1,0,0,0,1,1,1,1,0,1,1,1,0,2
BBB,2014B,1127413,1,Scotland,HE Qualification,70-80%,35-55,0,120,0,Distinction,3,1,1,1,0,0,0,1,0,0,0,0,1,1,0,8
BBB,2014B,1332999,1,Wales,Lower Than A Level,30-40%,35-55,0,60,0,Distinction,11,1,1,0,1,0,0,0,0,1,1,1,1,0,0,6
BBB,2014B,1341507,1,Scotland,HE Qualification,50-60%,35-55,0,60,1,Distinction,11,0,1,1,0,0,1,0,1,0,1,0,1,0,0,6
BBB,2014B,1393589,1,South Region,A Level or Equivalent,90-100%,35-55,0,60,0,Pass,11,0,1,0,0,0,1,1,1,0,0,0,0,0,0,6
BBB,2014B,1406920,1,East Anglian Region,A Level or Equivalent,80-90%,35-55,0,60,0,Pass,13,1,1,1,0,1,1,1,0,1,0,0,0,0,1,5
BBB,2014B,1431750,0,West Midlands Region,A Level or Equivalent,60-70%,55<=,2,60,0,Fail,9,1,1,0,1,0,0,1,0,1,0,1,1,1,1,4
BBB,2014B,1453691,1,South East Region,A Level or Equivalent,20-Oct,35-55,0,60,0,Withdrawn,13,1,0,1,0,0,1,0,0,0,0,1,1,1,1,5
BBB,2014B,1502193,1,East Midlands Region,A Level or Equivalent,30-40%,35-55,0,60,0,Pass,4,0,0,0,1,1,1,0,0,1,1,1,0,0,0,8
BBB,2014B,1508708,0,South East Region,A Level or Equivalent,50-60%,35-55,0,90,1,Fail,4,0,1,0,1,0,0,1,1,1,1,1,0,1,0,8
BBB,2014B,1525567,0,Scotland,A Level or Equivalent,80-90%,35-55,0,60,0,Distinction,16,0,1,0,0,0,0,1,0,1,0,0,1,0,0,10
BBB,2014B,1536591,1,London Region,Lower Than A Level,20-Oct,35-55,1,120,0,Withdrawn,10,1,1,1,0,0,1,0,1,1,1,0,0,0,1,1
BBB,2014B,1540042,1,South Region,Lower Than A Level,,35-55,0,60,0,Distinction,14,1,0,0,1,1,0,1,1,0,0,1,1,0,1,5
BBB,2014B,1559428,1,Scotland,HE Qualification,20-Oct,35-55,0,60,0,Fail,13,1,0,0,0,0,1,0,0,0,1,0,1,0,0,5
BBB,2014B,1560989,1,Scotland,HE Qualification,0-10%,35-55,0,60,1,Withdrawn,5,1,0,0,1,0,1,0,1,0,1,0,1,1,1,9
BBB,2014B,1588208,1,North Western Region,Lower Than A Level,70-80%,35-55,1,120,0,Withdrawn,11,1,0,0,1,1,1,1,1,1,1,1,0,0,0,6
BBB,2014B,1611973,1,South West Region,A Level or Equivalent,50-60%,35-55,0,60,0,Fail,15,1,0,0,1,1,1,1,1,0,1,1,0,1,0,10
BBB,2014B,1624443,1,South Region,Lower Than A Level,30-40%,35-55,1,60,0,Pass,12,1,0,1,1,1,1,1,1,1,1,1,1,1,1,7
BBB,2014B,1625718,1,South West Region,A Level or Equivalent,0-10%,35-55,0,60,0,Distinction,8,0,0,1,1,0,1,1,0,1,0,0,1,1,0,3
BBB,2014B,1626021,1,London Region,Lower Than A Level,20-30%,35-55,0,60,0,Pass,14,0,1,0,0,1,0,1,0,1,0,0,0,1,1,5
BBB,2014B,1633695,1,South East Region,Lower Than A Level,80-90%,35-55,0,60,0,Fail,12,0,1,0,1,0,1,0,0,0,1,1,0,1,0,7
BBB,2014B,1719114,1,London Region,Lower Than A Level,40-50%,35-55,0,60,0,Pass,5,1,0,0,1,1,1,0,1,1,0,0,0,1,1,9
BBB,2014B,1730702,1,North Western Region,Lower Than A Level,70-80%,35-55,2,120,0,Fail,6,1,1,1,1,1,1,1,1,1,1,1,1,0,1,9
BBB,2014B,1732219,1,Scotland,Lower Than A Level,60-70%,35-55,0,60,1,Pass,16,0,0,0,1,1,0,0,0,1,0,1,0,1,1,10
BBB,2014B,1759851,1,East Midlands Region,Lower Than A Level,20-Oct,35-55,1,120,0,Pass,1,0,1,0,1,0,0,1,1,0,0,1,1,1,1,2
BBB,2014B,1763653,1,Yorkshire Region,A Level or Equivalent,50-60%,35-55,1,120,0,Pass,4,0,0,0,1,1,1,1,1,0,1,1,1,0,0,8
BBB,2014B,1780949,1,South East Region,A Level or Equivalent,40-50%,35-55,1,120,0,Pass,6,0,0,0,1,0,0,0,1,0,0,1,1,0,0,9
BBB,2014B,1782665,1,West Midlands Region,HE Qualification,70-80%,0-35,0,60,0,Fail,12,0,1,1,0,0,0,0,1,1,0,1,0,0,1,7
BBB,2014B,1786380,1,South East Region,A Level or Equivalent,90-100%,35-55,0,60,0,Pass,15,0,1,0,1,1,1,0,0,1,1,1,0,1,1,10
BBB,2014B,1829654,1,London Region,A Level or Equivalent,20-Oct,35-55,0,60,1,Fail,13,1,0,1,0,0,1,0,1,0,1,0,1,0,1,5
BBB,2014B,1840034,1,East Midlands Region,Lower Than A Level,20-Oct,35-55,0,60,1,Pass,12,0,1,1,1,0,0,1,0,0,0,0,0,0,0,7
BBB,2014B,1863244,1,North Western Region,A Level or Equivalent,30-40%,35-55,0,120,1,Fail,6,0,1,1,0,1,0,1,1,0,0,1,1,1,1,9
BBB,2014B,1864697,1,East Midlands Region,A Level or Equivalent,60-70%,0-35,0,60,0,Distinction,11,1,0,1,0,0,0,1,1,1,0,0,0,0,1,6
BBB,2014B,1866742,1,South West Region,Lower Than A Level,40-50%,0-35,1,120,0,Distinction,9,0,1,0,1,1,1,0,0,1,1,0,0,0,1,4
BBB,2014B,1877634,1,Wales,HE Qualification,80-90%,35-55,0,60,0,Distinction,10,0,1,0,1,1,0,0,0,0,0,1,0,0,1,1
BBB,2014B,1932474,1,North Region,HE Qualification,80-90%,35-55,0,60,0,Distinction,15,0,1,1,0,0,1,1,0,0,0,1,1,0,0,10
BBB,2014B,1933555,1,South West Region,HE Qualification,60-70%,35-55,2,60,0,Withdrawn,14,0,1,1,0,0,0,1,1,1,0,1,1,1,1,5
BBB,2014B,1934118,1,South West Region,Lower Than A Level,20-30%,35-55,0,120,0,Fail,4,0,1,1,0,1,0,0,1,0,1,1,0,0,1,8
BBB,2014B,1955634,1,East Anglian Region,HE Qualification,80-90%,35-55,0,60,0,Pass,1,0,1,1,1,0,1,1,1,0,1,0,0,0,1,2
BBB,2014B,1957682,1,South East Region,HE Qualification,80-90%,35-55,0,60,0,Distinction,10,0,0,0,1,0,1,0,0,0,0,1,0,1,0,1
BBB,2014B,1967937,0,South East Region,HE Qualification,90-100%,35-55,0,60,0,Fail,14,0,0,1,1,1,0,1,0,0,0,0,0,0,0,5
BBB,2014B,1969081,1,South Region,Lower Than A Level,,35-55,0,60,0,Withdrawn,13,1,1,1,1,0,0,0,1,0,1,1,1,0,1,5
BBB,2014B,2002415,1,London Region,A Level or Equivalent,70-80%,35-55,0,120,0,Pass,7,1,0,0,0,0,0,1,1,1,0,1,0,1,1,3
BBB,2014B,2006364,1,Scotland,Lower Than A Level,20-Oct,35-55,1,60,0,Fail,15,0,1,0,1,0,1,1,0,1,1,1,1,0,0,10
BBB,2014B,2022801,0,South Region,A Level or Equivalent,90-100%,35-55,1,120,0,Distinction,7,1,1,1,1,0,1,0,1,0,0,1,1,0,1,3
BBB,2014B,2034455,1,East Midlands Region,A Level or Equivalent,40-50%,35-55,0,60,0,Withdrawn,1,0,0,1,0,1,0,1,0,0,0,1,1,1,1,2
BBB,2014B,2052966,0,South East Region,Lower Than A Level,80-90%,35-55,2,120,0,Withdrawn,13,1,0,1,0,1,1,1,1,1,1,0,1,1,1,5
BBB,2014B,2080885,1,Wales,A Level or Equivalent,50-60%,35-55,0,60,0,Pass,15,0,0,1,1,1,0,0,1,1,1,1,0,1,0,10
BBB,2014B,2081955,1,Wales,HE Qualification,60-70%,35-55,1,60,0,Pass,16,1,0,0,1,1,1,0,1,0,1,1,1,0,0,10
BBB,2014B,2082318,1,South East Region,A Level or Equivalent,20-30%,35-55,2,120,0,Pass,11,1,0,0,1,0,0,1,1,1,1,1,0,1,0,6
BBB,2014B,2087747,1,Scotland,Lower Than A Level,0-10%,35-55,0,60,1,Pass,12,0,1,1,1,1,0,0,0,0,0,0,0,1,0,7
BBB,2014B,2094350,1,Scotland,Lower Than A Level,50-60%,35-55,0,60,0,Fail,7,0,0,1,1,1,0,0,0,1,1,1,0,1,1,3
BBB,2014B,2104426,1,Wales,Lower Than A Level,0-10%,35-55,0,60,0,Pass,13,0,1,0,1,0,0,0,1,1,0,0,0,0,1,5
BBB,2014B,2108614,1,Wales,A Level or Equivalent,50-60%,35-55,0,60,0,Distinction,15,0,1,0,1,1,1,1,1,0,0,0,0,1,1,10
BBB,2014B,2133207,1,South Region,Lower Than A Level,40-50%,0-35,0,120,1,Pass,3,1,0,1,1,1,1,1,0,0,1,1,1,0,0,8
BBB,2014B,2148859,1,East Anglian Region,Lower Than A Level,50-60%,0-35,0,60,0,Pass,7,0,0,0,1,1,0,1,0,0,0,0,1,1,0,3
BBB,2014B,2153200,1,South Region,A Level or Equivalent,90-100%,35-55,0,60,0,Fail,8,1,1,0,1,1,0,1,0,1,1,0,1,0,1,3
BBB,2014B,2164251,1,South Region,HE Qualification,80-90%,0-35,0,60,0,Distinction,5,1,0,0,0,1,1,1,0,1,0,1,1,0,0,9
BBB,2014B,2181205,1,London Region,Lower Than A Level,20-Oct,0-35,0,120,0,Pass,8,1,1,1,1,0,1,0,0,0,0,0,1,1,1,3
BBB,2014B,2184026,1,London Region,Lower Than A Level,20-30%,35-55,5,60,1,Withdrawn,14,0,0,0,1,0,1,0,0,1,1,1,0,0,1,5
BBB,2014B,2213424,1,Scotland,HE Qualification,30-40%,35-55,0,60,0,Distinction,4,0,1,0,0,1,1,1,0,0,0,1,1,1,0,8
BBB,2014B,2221869,1,Wales,HE Qualification,20-Oct,35-55,0,150,0,Fail,9,0,0,0,0,0,0,1,0,0,1,1,0,1,1,4
BBB,2014B,2230457,1,South Region,Lower Than A Level,40-50%,0-35,0,60,1,Withdrawn,7,0,1,1,1,0,1,0,1,1,1,0,0,0,1,3
BBB,2014B,2243703,1,South West Region,Lower Than A Level,30-40%,0-35,0,60,0,Pass,2,1,0,1,0,1,1,0,1,1,1,0,1,1,1,2
BBB,2014B,2246708,1,South East Region,A Level or Equivalent,60-70%,35-55,0,60,1,Withdrawn,11,0,0,1,1,0,1,1,1,1,0,0,1,0,0,6
BBB,2014B,2248122,1,Wales,A Level or Equivalent,50-60%,35-55,0,60,0,Pass,16,0,1,1,0,1,0,1,0,0,1,1,1,0,0,10
BBB,2014B,2266377,1,East Midlands Region,Lower Than A Level,30-40%,35-55,0,60,0,Fail,1,1,1,1,0,0,1,1,0,0,1,0,1,1,0,2
BBB,2014B,2271743,1,Wales,A Level or Equivalent,0-10%,0-35,2,180,1,Fail,8,0,0,0,0,1,0,0,1,1,1,0,1,0,0,3
BBB,2014B,2273828,1,North Western Region,A Level or Equivalent,20-Oct,0-35,1,60,0,Withdrawn,8,0,0,1,1,1,1,1,1,1,0,1,0,0,1,3
BBB,2014B,2277941,1,North Western Region,Lower Than A Level,0-10%,0-35,0,60,0,Withdrawn,8,0,1,0,1,1,0,1,1,0,0,1,1,0,1,3
BBB,2014B,2291760,1,London Region,A Level or Equivalent,20-30%,35-55,0,60,0,Pass,5,1,0,1,1,0,1,0,1,1,0,1,0,0,1,9
BBB,2014B,2300911,1,South West Region,Lower Than A Level,70-80%,35-55,2,180,0,Withdrawn,4,0,0,0,0,0,0,1,1,1,1,1,1,1,1,8
BBB,2014B,2300913,1,Scotland,A Level or Equivalent,0-10%,35-55,0,300,1,Fail,3,1,0,0,0,1,1,1,0,0,1,1,1,1,0,8
BBB,2014B,2303083,1,South East Region,A Level or Equivalent,90-100%,0-35,0,120,0,Fail,11,1,1,1,0,1,1,0,0,1,1,0,1,1,1,6
BBB,2014B,2308026,1,Wales,No Formal quals,0-10%,35-55,0,60,0,Pass,11,0,1,1,1,0,1,0,0,1,1,1,1,0,1,6
BBB,2014B,2308564,1,Ireland,A Level or Equivalent,50-60%,0-35,0,60,0,Pass,13,1,1,0,1,1,0,1,0,0,0,0,0,1,1,5
BBB,2014B,2315082,1,Ireland,Lower Than A Level,60-70%,0-35,0,60,0,Withdrawn,11,1,0,1,1,1,0,1,0,1,0,1,0,0,1,6
BBB,2014B,2317273,1,Wales,HE Qualification,20-30%,35-55,0,60,0,Pass,16,1,0,1,0,0,1,1,0,1,1,0,0,0,0,10
BBB,2014B,2334930,1,West Midlands Region,A Level or Equivalent,40-50%,0-35,0,120,0,Pass,12,0,0,0,1,0,0,1,1,1,0,0,0,0,1,7
BBB,2014B,2340165,1,North Western Region,A Level or Equivalent,90-100%,35-55,0,60,0,Distinction,11,1,1,1,1,1,1,1,1,1,0,1,1,1,1,6
BBB,2014B,2343413,1,London Region,A Level or Equivalent,20-Oct,0-35,1,120,0,Pass,6,1,0,0,1,0,0,1,0,0,1,0,1,1,1,9
BBB,2014B,2351235,1,South West Region,A Level or Equivalent,30-40%,35-55,0,60,0,Withdrawn,13,1,1,0,0,0,0,1,0,1,0,0,1,0,1,5
BBB,2014B,2353787,0,East Midlands Region,Lower Than A Level,40-50%,35-55,1,60,0,Withdrawn,7,1,1,0,0,1,0,1,0,1,1,0,0,0,0,3
BBB,2014B,2363561,1,East Anglian Region,Lower Than A Level,20-30%,0-35,1,90,0,Withdrawn,13,0,0,1,1,1,0,0,0,0,0,1,0,1,1,5
BBB,2014B,2372088,1,London Region,Lower Than A Level,30-40%,35-55,0,60,0,Withdrawn,5,0,0,0,1,1,0,1,0,1,0,0,0,1,1,9
BBB,2014B,2392789,1,North Western Region,A Level or Equivalent,30-40%,35-55,0,60,1,Pass,14,0,1,1,1,0,1,1,1,1,0,0,1,0,1,5
BBB,2014B,2409808,1,West Midlands Region,Lower Than A Level,60-70%,35-55,4,120,0,Withdrawn,1,0,0,0,1,1,1,0,0,0,1,0,1,1,0,2
BBB,2014B,2410331,1,West Midlands Region,Lower Than A Level,0-10%,35-55,2,60,1,Withdrawn,2,1,1,0,1,0,1,1,0,0,0,0,1,0,1,2
BBB,2014B,2417841,1,South West Region,Lower Than A Level,0-10%,35-55,0,60,1,Withdrawn,10,0,1,1,0,0,0,0,0,0,1,0,1,0,1,1
BBB,2014B,2418877,1,Ireland,Lower Than A Level,0-10%,0-35,2,120,1,Fail,1,1,0,0,1,1,1,1,0,1,0,1,0,1,1,2
BBB,2014B,2420725,1,East Midlands Region,Lower Than A Level,20-30%,35-55,0,120,0,Fail,9,0,0,0,0,0,0,1,1,1,1,1,1,1,1,4
BBB,2014B,2421428,1,East Midlands Region,Lower Than A Level,90-100%,35-55,0,60,0,Withdrawn,6,0,0,1,0,1,1,1,1,1,0,0,1,1,0,9
BBB,2014B,2436707,0,South Region,A Level or Equivalent,20-Oct,0-35,0,60,0,Fail,4,0,0,1,0,0,0,0,0,1,0,0,1,0,1,8
BBB,2014B,2437062,1,South Region,Lower Than A Level,70-80%,35-55,0,60,0,Withdrawn,3,0,1,0,1,1,0,0,1,1,0,0,0,1,0,8
BBB,2014B,2437428,1,South West Region,A Level or Equivalent,60-70%,0-35,0,90,0,Fail,1,0,0,1,1,1,1,1,1,1,0,0,0,1,0,2
BBB,2014B,2438291,1,London Region,A Level or Equivalent,20-Oct,35-55,0,120,0,Withdrawn,9,0,1,1,1,1,1,0,0,0,1,1,1,1,1,4
BBB,2014B,2439442,1,North Western Region,Lower Than A Level,20-30%,0-35,0,150,0,Withdrawn,4,1,1,1,1,0,0,1,0,1,1,0,1,1,1,8
BBB,2014B,2440756,1,Wales,HE Qualification,90-100%,35-55,0,60,0,Pass,15,1,1,0,0,1,0,0,1,0,0,0,0,1,1,10
BBB,2014B,2444501,1,East Anglian Region,A Level or Equivalent,60-70%,35-55,0,120,1,Withdrawn,8,0,1,0,1,1,0,0,0,1,1,0,0,0,1,3
BBB,2014B,2446599,1,East Anglian Region,A Level or Equivalent,70-80%,0-35,0,120,1,Pass,7,1,0,1,1,1,0,0,1,1,0,0,1,0,1,3
BBB,2014B,2476144,1,West Midlands Region,Lower Than A Level,0-10%,35-55,1,120,1,Pass,9,0,0,0,1,1,0,0,0,1,0,0,0,0,1,4
BBB,2014B,2482994,1,South Region,Lower Than A Level,90-100%,0-35,0,60,0,Withdrawn,15,0,0,1,0,1,0,1,0,0,0,1,0,1,1,10
BBB,2014B,2487785,1,Ireland,Lower Than A Level,80-90%,0-35,1,120,0,Pass,15,0,1,0,1,1,0,0,0,1,1,1,1,1,0,10
BBB,2014B,2494258,1,East Anglian Region,A Level or Equivalent,20-Oct,0-35,0,120,0,Withdrawn,13,1,1,1,1,0,0,0,0,1,1,1,1,0,1,5
BBB,2014B,2502127,1,Yorkshire Region,A Level or Equivalent,0-10%,0-35,0,60,0,Distinction,7,1,0,0,1,1,1,1,0,1,0,1,0,1,0,3
BBB,2014B,2509297,1,London Region,HE Qualification,0-10%,0-35,1,240,0,Withdrawn,5,1,1,0,0,0,0,0,1,0,1,0,0,1,1,9
BBB,2014B,2512349,1,Yorkshire Region,Lower Than A Level,40-50%,35-55,0,60,0,Withdrawn,14,1,1,0,1,0,0,0,1,1,1,0,1,1,0,5
BBB,2014B,2513954,1,South East Region,Lower Than A Level,60-70%,35-55,0,60,0,Distinction,1,1,1,1,0,1,1,1,0,1,1,1,0,0,0,2
BBB,2014B,2514044,1,North Western Region,Lower Than A Level,20-30%,35-55,0,150,0,Pass,5,0,0,1,1,0,0,1,1,0,0,0,0,1,1,9
BBB,2014B,2523350,1,West Midlands Region,HE Qualification,90-100%,35-55,0,60,0,Pass,7,0,0,0,0,0,0,1,0,1,1,0,0,1,0,3
BBB,2014B,2523430,1,London Region,A Level or Equivalent,30-40%,0-35,0,60,0,Withdrawn,13,0,1,1,1,0,1,0,0,0,0,0,0,1,1,5
BBB,2014B,2523989,1,East Anglian Region,Lower Than A Level,50-60%,0-35,0,120,0,Pass,13,0,1,0,1,0,0,0,0,0,1,0,0,0,0,5
BBB,2014B,2524295,1,London Region,HE Qualification,50-60%,35-55,0,60,0,Pass,2,1,1,1,1,0,0,0,0,1,1,1,1,1,0,2
BBB,2014B,2526784,1,South West Region,Lower Than A Level,20-30%,0-35,0,60,0,Pass,1,0,1,0,0,1,1,0,0,0,1,0,1,1,1,2
BBB,2014B,2532643,1,South West Region,A Level or Equivalent,40-50%,35-55,0,60,0,Fail,4,0,1,1,1,1,1,1,1,0,0,0,1,0,0,8
BBB,2014B,2533391,0,South West Region,Lower Than A Level,70-80%,35-55,0,60,0,Distinction,13,0,1,0,1,1,0,1,1,1,0,0,1,1,1,5
BBB,2014B,2534954,1,Wales,Lower Than A Level,0-10%,35-55,3,60,1,Pass,12,1,0,1,0,1,1,1,0,1,1,0,0,0,1,7
BBB,2014B,2538123,1,East Midlands Region,Lower Than A Level,0-10%,0-35,0,60,0,Withdrawn,9,1,1,0,1,1,1,0,0,1,0,1,0,0,1,4
BBB,2014B,2539641,0,London Region,Lower Than A Level,20-Oct,0-35,0,120,0,Pass,8,0,1,1,1,0,0,1,0,0,0,1,0,1,1,3
BBB,2014B,2541388,1,East Midlands Region,Lower Than A Level,60-70%,0-35,0,60,0,Pass,13,1,1,0,0,1,1,1,1,1,0,0,1,1,0,5
BBB,2014B,2552149,1,North Western Region,Lower Than A Level,80-90%,35-55,0,60,0,Withdrawn,9,0,1,1,1,1,0,1,1,1,1,1,0,1,0,4
BBB,2014B,2554464,1,East Midlands Region,Lower Than A Level,40-50%,0-35,0,60,0,Fail,13,1,1,1,1,0,1,1,0,0,1,1,0,1,0,5
BBB,2014B,2567352,1,West Midlands Region,Lower Than A Level,20-Oct,0-35,0,60,0,Withdrawn,16,1,1,1,0,0,0,1,0,0,1,0,0,0,1,10
BBB,2014B,2568059,1,East Midlands Region,A Level or Equivalent,60-70%,0-35,0,180,0,Pass,2,1,0,0,1,1,1,0,0,0,0,1,0,1,0,2
BBB,2014B,2570092,1,West Midlands Region,A Level or Equivalent,0-10%,0-35,0,60,0,Distinction,11,0,1,0,1,0,1,1,1,0,0,1,0,0,1,6
BBB,2014B,2571054,1,East Anglian Region,Lower Than A Level,30-40%,35-55,0,60,0,Pass,1,1,0,0,1,1,0,1,0,1,1,1,1,1,0,2
BBB,2014B,2574365,1,South West Region,Lower Than A Level,20-Oct,35-55,0,60,0,Distinction,7,1,0,1,1,1,0,0,1,0,1,1,0,0,1,3
BBB,2014B,2575914,1,North Region,Lower Than A Level,0-10%,0-35,4,120,1,Pass,5,0,1,0,0,0,0,1,1,1,0,0,1,0,0,9
BBB,2014B,2578704,1,South East Region,A Level or Equivalent,20-Oct,35-55,0,120,0,Withdrawn,4,1,0,0,1,1,1,1,1,0,1,0,1,1,0,8
BBB,2014B,2590564,1,London Region,HE Qualification,90-100%,35-55,0,90,0,Distinction,13,1,1,1,1,1,0,1,1,1,1,1,0,0,1,5
BBB,2014B,2591974,1,North Western Region,HE Qualification,70-80%,35-55,0,120,0,Distinction,12,0,1,1,0,1,1,0,0,0,0,0,0,0,1,7
BBB,2014B,2592923,0,Wales,Lower Than A Level,20-Oct,0-35,0,60,1,Fail,9,1,0,0,0,0,1,0,0,1,1,1,1,0,1,4
BBB,2014B,2597543,1,London Region,A Level or Equivalent,20-Oct,35-55,0,60,0,Pass,1,0,1,1,0,1,0,0,0,0,0,1,0,1,1,2
BBB,2014B,2602679,1,Wales,A Level or Equivalent,30-40%,35-55,0,60,0,Distinction,10,0,1,1,0,0,0,0,0,1,0,0,1,1,0,1
BBB,2014B,2605113,1,North Region,No Formal quals,20-Oct,0-35,1,60,0,Withdrawn,2,0,1,0,1,1,1,0,0,1,1,1,1,0,1,2
BBB,2014B,2609574,0,West Midlands Region,Lower Than A Level,20-30%,0-35,0,60,1,Withdrawn,15,1,1,1,0,0,0,0,1,0,0,0,1,1,0,10
BBB,2014B,2611847,1,West Midlands Region,A Level or Equivalent,0-10%,0-35,0,60,0,Fail,11,1,1,0,0,1,0,1,0,0,1,1,0,0,1,6
BBB,2014B,2625752,1,East Anglian Region,Lower Than A Level,20-30%,0-35,1,180,0,Fail,2,1,1,1,0,0,0,0,0,1,0,0,1,0,0,2
BBB,2014B,2626410,1,Wales,A Level or Equivalent,40-50%,35-55,1,60,0,Fail,2,0,0,0,0,1,0,1,0,0,0,0,0,0,1,2
BBB,2014B,2626511,1,Yorkshire Region,A Level or Equivalent,0-10%,0-35,0,60,1,Withdrawn,13,1,0,1,1,0,1,0,1,0,1,1,1,1,0,5
BBB,2014B,2632243,1,South Region,A Level or Equivalent,80-90%,0-35,0,120,0,Withdrawn,9,0,0,0,0,0,1,1,1,0,1,0,1,1,0,4
BBB,2014B,2634946,0,West Midlands Region,A Level or Equivalent,50-60%,0-35,0,180,0,Withdrawn,11,0,0,0,0,1,1,1,0,1,0,1,0,0,0,6
BBB,2014B,2636696,1,West Midlands Region,A Level or Equivalent,40-50%,0-35,0,60,0,Pass,9,0,1,1,0,0,0,1,0,1,0,0,1,1,1,4
BBB,2014B,2641657,0,North Region,A Level or Equivalent,0-10%,35-55,0,60,0,Pass,13,0,0,1,0,0,1,0,0,1,0,0,0,0,1,5
BBB,2014B,2641682,1,South West Region,Lower Than A Level,70-80%,0-35,1,60,1,Fail,5,1,0,1,0,0,1,1,1,1,0,0,1,1,1,9
BBB,2014B,2643007,1,London Region,HE Qualification,20-Oct,35-55,0,60,0,Pass,5,1,1,1,1,1,1,1,1,1,1,1,1,1,1,9
BBB,2014B,2652209,1,London Region,Lower Than A Level,20-Oct,35-55,0,60,0,Pass,14,0,0,0,1,1,0,0,0,1,0,0,1,0,0,5
BBB,2014B,2653570,1,Wales,A Level or Equivalent,80-90%,35-55,2,60,0,Fail,2,1,0,1,0,0,0,1,0,0,0,0,1,0,0,2
BBB,2014B,2659042,1,East Midlands Region,Lower Than A Level,50-60%,0-35,0,120,0,Distinction,4,1,1,0,1,1,0,0,1,1,0,1,0,0,0,8
BBB,2014B,2677541,1,Wales,Lower Than A Level,50-60%,0-35,0,75,0,Withdrawn,10,1,1,0,1,1,0,1,1,0,1,0,1,0,0,1
BBB,2014B,2681783,1,South East Region,Lower Than A Level,20-Oct,0-35,0,250,0,Pass,16,1,0,1,1,0,0,0,1,0,1,1,0,1,1,10
BBB,2014B,2683697,1,London Region,Lower Than A Level,0-10%,0-35,1,120,0,Fail,13,0,1,1,0,0,0,1,1,1,1,1,1,0,0,5
BBB,2014B,2687378,1,South Region,A Level or Equivalent,60-70%,0-35,1,120,0,Pass,14,0,1,0,1,1,0,1,0,1,1,1,0,0,1,5
BBB,2014B,2687644,0,South West Region,Lower Than A Level,20-Oct,35-55,1,60,1,Withdrawn,5,1,1,1,1,1,0,0,1,0,0,1,0,0,0,9
BBB,2014B,2690136,1,Yorkshire Region,Lower Than A Level,20-Oct,0-35,3,270,0,Fail,15,1,1,0,0,0,0,0,0,0,0,0,0,0,1,10
BBB,2014B,2690719,0,East Midlands Region,Lower Than A Level,70-80%,0-35,0,150,0,Withdrawn,9,1,1,1,0,1,1,1,0,0,1,0,1,0,0,4
BBB,2014J,26315,1,East Anglian Region,Lower Than A Level,60-70%,35-55,1,60,0,Pass,8,0,0,0,0,0,1,1,1,1,1,1,0,0,1,3
BBB,2014J,26734,0,South West Region,A Level or Equivalent,20-30%,0-35,0,90,1,Fail,7,0,0,1,0,0,1,1,0,0,1,1,1,1,1,3
BBB,2014J,32327,1,South West Region,Lower Than A Level,20-30%,0-35,2,60,0,Withdrawn,3,1,1,1,0,1,0,1,0,0,1,1,1,0,0,8
BBB,2014J,32930,1,South Region,A Level or Equivalent,40-50%,35-55,0,60,0,Pass,1,0,0,1,1,1,1,0,0,1,0,1,1,0,0,2
BBB,2014J,34431,1,Yorkshire Region,Lower Than A Level,70-80%,0-35,1,60,0,Withdrawn,11,0,0,1,1,1,1,1,1,1,0,0,0,1,0,6
BBB,2014J,34662,1,South West Region,A Level or Equivalent,60-70%,35-55,0,60,0,Withdrawn,2,0,0,1,1,0,1,0,1,1,1,1,1,0,0,2
BBB,2014J,38711,0,West Midlands Region,Lower Than A Level,0-10%,35-55,0,60,1,Withdrawn,16,0,0,1,0,0,0,1,1,0,0,1,0,1,0,10
BBB,2014J,39208,1,Wales,A Level or Equivalent,90-100%,35-55,0,120,0,Pass,13,1,1,1,1,1,1,1,1,1,0,1,0,0,0,5
BBB,2014J,41547,1,Yorkshire Region,A Level or Equivalent,40-50%,0-35,0,60,0,Pass,4,1,0,1,1,1,0,0,1,0,1,0,1,0,1,8
BBB,2014J,47891,1,Wales,Lower Than A Level,20-Oct,0-35,4,60,0,Fail,2,1,0,1,0,0,1,1,0,1,0,0,0,0,1,2
BBB,2014J,53236,1,Yorkshire Region,Lower Than A Level,60-70%,0-35,1,180,0,Withdrawn,3,1,0,0,1,0,1,1,0,1,0,1,1,1,0,8
BBB,2014J,57285,1,London Region,A Level or Equivalent,0-10%,0-35,0,60,0,Pass,14,1,1,0,1,1,1,1,0,0,1,0,1,0,0,5
BBB,2014J,58520,1,South Region,A Level or Equivalent,50-60%,35-55,0,120,1,Withdrawn,14,0,0,1,0,1,0,0,1,0,1,1,1,0,0,5
BBB,2014J,58653,1,North Western Region,Lower Than A Level,80-90%,35-55,1,120,0,Pass,3,0,1,0,1,1,0,0,0,1,0,1,1,0,1,8
BBB,2014J,59272,1,South East Region,Lower Than A Level,60-70%,0-35,0,60,0,Pass,9,1,0,0,0,1,1,1,0,0,1,0,0,0,0,4
BBB,2014J,61352,1,Yorkshire Region,A Level or Equivalent,0-10%,0-35,2,60,0,Withdrawn,15,1,0,0,0,1,0,0,0,0,0,1,1,1,0,10
BBB,2014J,63467,1,North Western Region,A Level or Equivalent,50-60%,35-55,0,120,0,Pass,9,1,1,1,0,0,1,0,0,0,1,0,0,0,0,4
BBB,2014J,65807,1,North Western Region,HE Qualification,20-Oct,0-35,2,180,0,Withdrawn,13,0,1,1,0,1,0,0,0,0,1,0,1,0,0,5
BBB,2014J,70569,1,Wales,Lower Than A Level,0-10%,0-35,3,60,0,Pass,4,0,1,1,0,1,0,0,0,0,1,0,0,1,0,8
BBB,2014J,70750,1,London Region,Lower Than A Level,50-60%,0-35,1,120,0,Withdrawn,3,0,1,0,0,1,1,0,0,0,0,0,1,1,0,8
BBB,2014J,71504,1,East Anglian Region,A Level or Equivalent,20-30%,35-55,0,120,0,Pass,2,1,1,1,1,1,1,1,0,0,1,0,0,0,1,2
BBB,2014J,72349,1,Scotland,A Level or Equivalent,0-10%,0-35,0,60,0,Withdrawn,10,0,0,1,0,0,1,1,0,1,1,1,1,0,0,1
BBB,2014J,73584,1,South West Region,Lower Than A Level,30-40%,0-35,1,60,0,Withdrawn,16,0,1,0,0,0,0,0,1,0,1,1,1,1,1,10
BBB,2014J,73874,1,Wales,Lower Than A Level,90-100%,35-55,2,60,0,Withdrawn,9,1,0,0,1,1,1,0,1,1,1,1,0,0,0,4
BBB,2014J,74574,1,Scotland,Lower Than A Level,20-Oct,0-35,0,120,1,Withdrawn,15,1,1,0,0,0,1,0,0,1,1,1,1,0,1,10
BBB,2014J,82611,1,Wales,Lower Than A Level,20-Oct,0-35,0,60,0,Withdrawn,9,0,1,0,0,0,1,0,0,1,1,0,1,1,0,4
BBB,2014J,84541,1,North Region,A Level or Equivalent,20-Oct,0-35,0,120,0,Fail,12,1,0,1,0,1,0,0,1,1,0,1,1,0,0,7
BBB,2014J,89850,1,South Region,HE Qualification,90-100%,0-35,0,120,0,Distinction,16,1,1,0,1,1,1,1,1,0,0,0,0,0,1,10
BBB,2014J,98452,0,South West Region,A Level or Equivalent,30-40%,0-35,0,120,1,Withdrawn,4,1,0,1,0,0,1,0,0,0,1,0,0,0,0,8
BBB,2014J,98842,1,South Region,Lower Than A Level,20-Oct,0-35,0,60,0,Pass,13,1,0,1,1,1,1,1,0,0,0,0,1,1,1,5
BBB,2014J,99088,1,Yorkshire Region,Lower Than A Level,20-30%,0-35,2,60,0,Withdrawn,11,1,1,0,1,0,1,0,0,0,1,1,1,1,1,6
BBB,2014J,102067,1,North Western Region,A Level or Equivalent,20-Oct,0-35,1,120,0,Withdrawn,10,0,1,1,1,0,0,0,0,0,0,0,1,0,0,1
BBB,2014J,103496,1,Ireland,Lower Than A Level,20-Oct,35-55,0,60,0,Pass,13,0,1,0,1,1,1,0,1,1,1,0,1,1,1,5
BBB,2014J,103998,1,South Region,Lower Than A Level,60-70%,0-35,0,60,0,Fail,13,1,0,1,1,1,1,0,0,0,1,1,0,0,0,5
BBB,2014J,106095,1,North Western Region,A Level or Equivalent,70-80%,0-35,0,60,0,Pass,7,0,1,1,0,0,0,0,0,1,0,1,1,1,1,3
BBB,2014J,106383,1,Scotland,HE Qualification,50-60%,35-55,0,60,0,Withdrawn,5,0,0,0,1,0,0,0,1,1,0,0,0,1,1,9
BBB,2014J,106793,0,East Anglian Region,A Level or Equivalent,60-70%,35-55,0,60,0,Fail,5,1,0,1,0,1,1,0,1,1,0,0,0,0,1,9
BBB,2014J,108859,0,South West Region,A Level or Equivalent,70-80%,0-35,0,60,1,Pass,6,0,1,0,1,1,1,1,0,1,0,1,1,0,1,9
BBB,2014J,109441,1,South East Region,A Level or Equivalent,20-30%,0-35,0,120,0,Pass,12,1,1,1,0,1,1,0,1,0,0,0,1,1,1,7
BBB,2014J,110911,1,Scotland,Lower Than A Level,80-90%,0-35,0,60,0,Pass,12,0,1,0,1,1,1,1,1,1,0,1,0,0,0,7
BBB,2014J,114402,1,South East Region,Lower Than A Level,50-60%,0-35,0,90,1,Distinction,3,0,1,1,0,0,1,0,1,1,0,1,1,1,1,8
BBB,2014J,116606,0,East Midlands Region,A Level or Equivalent,50-60%,35-55,0,60,0,Pass,9,0,0,1,0,0,1,1,1,1,1,0,1,1,1,4
BBB,2014J,117544,1,South West Region,Lower Than A Level,80-90%,35-55,0,60,0,Pass,16,1,0,1,0,0,1,1,0,0,1,1,0,0,1,10
BBB,2014J,117545,1,Wales,Lower Than A Level,20-Oct,0-35,4,120,0,Fail,2,1,1,1,0,1,0,1,0,1,0,1,1,1,0,2
BBB,2014J,118213,1,London Region,HE Qualification,20-30%,35-55,0,60,0,Fail,2,0,0,0,0,1,1,1,1,0,1,0,0,0,1,2
BBB,2014J,118877,1,Wales,Lower Than A Level,70-80%,0-35,3,60,0,Withdrawn,1,1,1,1,0,0,0,0,1,0,0,1,1,0,1,2
BBB,2014J,119437,1,West Midlands Region,Lower Than A Level,0-10%,0-35,2,60,0,Withdrawn,2,1,0,0,0,0,1,1,1,1,0,0,1,1,1,2
BBB,2014J,119444,1,East Midlands Region,Lower Than A Level,20-30%,0-35,0,120,0,Withdrawn,4,0,1,1,0,1,1,0,1,0,1,0,0,1,0,8
BBB,2014J,123087,1,West Midlands Region,A Level or Equivalent,0-10%,0-35,0,120,0,Pass,14,1,1,1,1,0,1,1,1,0,1,1,1,0,0,5
BBB,2014J,125535,1,Scotland,A Level or Equivalent,30-40%,35-55,2,120,0,Pass,13,1,1,0,1,1,0,0,0,0,1,1,0,0,1,5
BBB,2014J,125874,1,South East Region,Lower Than A Level,40-50%,35-55,1,60,1,Withdrawn,7,1,0,1,1,0,0,0,0,0,1,0,1,0,1,3
BBB,2014J,126769,1,West Midlands Region,Lower Than A Level,0-10%,0-35,1,60,0,Pass,6,0,1,1,0,1,1,1,0,1,1,0,1,1,0,9
BBB,2014J,126800,1,East Midlands Region,A Level or Equivalent,60-70%,35-55,0,120,0,Pass,14,1,0,1,1,0,1,1,1,0,1,0,1,1,1,5
BBB,2014J,132055,1,East Anglian Region,HE Qualification,90-100%,0-35,0,60,0,Withdrawn,12,0,1,0,0,0,0,1,0,1,1,1,1,0,0,7
BBB,2014J,132924,1,South West Region,Lower Than A Level,20-Oct,35-55,0,60,0,Fail,2,1,0,0,1,1,0,1,0,0,1,1,0,1,0,2
BBB,2014J,138407,1,South West Region,A Level or Equivalent,30-40%,35-55,0,60,0,Withdrawn,1,1,1,0,0,1,1,1,1,1,1,1,0,1,1,2
BBB,2014J,142324,1,East Anglian Region,Lower Than A Level,30-40%,35-55,1,120,0,Pass,13,0,0,0,0,0,1,0,0,0,1,0,0,0,0,5
BBB,2014J,145280,1,East Midlands Region,Lower Than A Level,20-30%,35-55,1,60,0,Pass,2,0,1,1,1,1,0,1,1,0,1,1,1,0,0,2
BBB,2014J,150398,1,East Midlands Region,A Level or Equivalent,90-100%,0-35,0,60,1,Distinction,5,0,0,0,0,0,0,1,1,1,0,0,0,1,0,9
BBB,2014J,151917,1,West Midlands Region,A Level or Equivalent,20-Oct,0-35,4,60,0,Pass,4,0,0,0,1,1,0,0,1,0,1,1,1,1,1,8
BBB,2014J,152973,1,Scotland,Lower Than A Level,60-70%,35-55,0,120,0,Pass,2,1,1,1,0,0,0,1,1,1,1,1,0,0,1,2
BBB,2014J,155484,1,South West Region,Lower Than A Level,60-70%,35-55,0,120,0,Distinction,13,0,1,1,1,0,0,0,0,1,0,1,1,1,0,5
BBB,2014J,156358,1,Ireland,Lower Than A Level,60-70%,0-35,2,60,0,Withdrawn,7,1,1,1,1,1,1,1,0,0,1,0,0,0,1,3
BBB,2014J,157752,1,Wales,A Level or Equivalent,0-10%,0-35,0,120,0,Fail,12,0,0,1,1,0,0,0,1,1,1,1,0,1,1,7
BBB,2014J,160026,1,West Midlands Region,A Level or Equivalent,20-30%,0-35,2,60,0,Pass,7,1,1,0,0,0,0,1,0,1,1,0,0,0,1,3
BBB,2014J,161811,1,South West Region,A Level or Equivalent,40-50%,0-35,0,60,0,Withdrawn,1,0,0,1,0,1,1,1,1,1,0,0,1,0,0,2
BBB,2014J,165099,1,East Midlands Region,Lower Than A Level,20-30%,0-35,0,180,0,Fail,8,1,0,0,1,1,0,1,0,0,0,1,0,0,0,3
BBB,2014J,165498,1,East Anglian Region,Lower Than A Level,80-90%,35-55,0,270,1,Withdrawn,10,0,1,1,1,1,1,1,0,0,0,1,1,1,0,1
BBB,2014J,169008,0,Ireland,Lower Than A Level,20-Oct,35-55,0,60,0,Pass,11,0,1,1,1,1,0,0,0,1,1,0,0,1,0,6
BBB,2014J,169400,1,Wales,HE Qualification,90-100%,0-35,0,120,0,Distinction,10,0,0,0,0,0,0,1,0,0,0,0,0,1,1,1
BBB,2014J,173163,1,South West Region,A Level or Equivalent,20-Oct,35-55,0,60,0,Fail,7,1,0,1,1,0,1,1,0,0,0,1,0,0,0,3
BBB,2014J,177554,1,South Region,A Level or Equivalent,40-50%,0-35,0,60,0,Fail,3,0,0,1,0,1,0,1,0,1,1,0,1,0,1,8
BBB,2014J,179073,1,East Anglian Region,Lower Than A Level,60-70%,0-35,1,60,0,Withdrawn,16,1,1,1,1,1,0,1,1,1,0,1,1,0,1,10
BBB,2014J,179297,1,East Midlands Region,Lower Than A Level,20-Oct,35-55,1,60,0,Fail,7,0,0,1,0,1,1,0,0,0,1,1,0,1,0,3
BBB,2014J,184234,1,Ireland,Lower Than A Level,20-Oct,0-35,1,60,0,Fail,2,1,1,1,0,0,0,1,1,0,0,1,0,1,0,2
BBB,2014J,184583,1,Wales,Lower Than A Level,40-50%,0-35,3,60,0,Fail,8,0,1,1,0,0,0,0,0,1,1,1,1,0,0,3
BBB,2014J,184972,1,Scotland,Lower Than A Level,90-100%,0-35,0,60,0,Pass,12,0,0,0,0,1,0,0,0,1,0,0,0,1,0,7
BBB,2014J,188766,1,Ireland,A Level or Equivalent,0-10%,35-55,0,120,0,Pass,8,0,0,0,1,1,1,1,0,0,1,0,0,0,1,3
BBB,2014J,191459,1,Scotland,A Level or Equivalent,60-70%,0-35,1,60,1,Fail,7,0,1,0,1,0,1,1,0,1,0,1,1,1,1,3
BBB,2014J,191746,1,Wales,Lower Than A Level,40-50%,0-35,2,90,0,Fail,12,1,0,1,0,0,1,0,0,0,0,1,1,1,0,7
BBB,2014J,191973,1,Wales,HE Qualification,60-70%,35-55,0,60,0,Pass,13,0,0,0,0,0,0,0,1,1,1,1,1,1,1,5
BBB,2014J,192944,1,East Midlands Region,Lower Than A Level,40-50%,35-55,0,60,0,Pass,12,1,1,1,1,1,1,1,1,0,0,1,1,0,1,7
BBB,2014J,193310,1,South West Region,HE Qualification,0-10%,0-35,0,120,0,Pass,3,1,1,0,0,1,0,0,0,0,0,1,0,1,0,8
BBB,2014J,195221,1,Wales,A Level or Equivalent,50-60%,0-35,1,60,0,Fail,1,0,0,0,1,0,1,1,0,1,0,0,1,0,1,2
BBB,2014J,195345,1,East Anglian Region,Lower Than A Level,90-100%,0-35,1,60,0,Pass,1,1,0,1,1,1,0,0,1,1,1,0,0,1,0,2
BBB,2014J,195940,1,Wales,Lower Than A Level,20-30%,0-35,0,60,0,Pass,6,0,1,0,0,1,0,0,1,1,0,1,0,0,1,9
BBB,2014J,197527,1,Wales,Lower Than A Level,70-80%,0-35,0,60,0,Fail,4,1,1,1,1,0,1,1,0,1,0,0,1,0,0,8
BBB,2014J,201655,1,Yorkshire Region,A Level or Equivalent,50-60%,0-35,0,60,0,Withdrawn,3,1,1,1,0,1,0,0,0,0,1,1,1,1,1,8
BBB,2014J,205978,1,Wales,Lower Than A Level,50-60%,0-35,0,60,0,Withdrawn,1,0,1,1,1,1,0,0,1,0,1,0,1,0,1,2
BBB,2014J,226839,1,South Region,A Level or Equivalent,90-100%,0-35,0,60,0,Pass,9,0,0,0,0,0,1,0,1,1,1,0,0,0,1,4
BBB,2014J,228235,1,Yorkshire Region,A Level or Equivalent,30-40%,35-55,2,60,0,Withdrawn,14,1,1,0,0,1,0,0,0,0,0,1,0,1,1,5
BBB,2014J,228909,0,North Region,Lower Than A Level,,35-55,0,60,1,Withdrawn,9,0,1,0,0,1,0,1,0,1,0,1,1,1,0,4
BBB,2014J,229326,1,West Midlands Region,Lower Than A Level,30-40%,35-55,0,60,0,Withdrawn,6,0,1,1,1,0,1,1,1,0,0,0,0,0,0,9
BBB,2014J,230383,1,Yorkshire Region,A Level or Equivalent,60-70%,0-35,0,60,0,Pass,5,1,1,0,1,0,0,0,0,0,1,1,0,0,1,9
BBB,2014J,235371,0,East Anglian Region,A Level or Equivalent,80-90%,0-35,0,60,0,Pass,10,1,0,1,1,1,0,1,1,1,1,0,1,1,1,1
BBB,2014J,237913,1,North Western Region,A Level or Equivalent,20-30%,0-35,2,60,0,Pass,13,0,0,1,1,1,1,0,0,0,1,0,0,1,0,5
BBB,2014J,238144,1,Wales,A Level or Equivalent,40-50%,35-55,3,60,0,Fail,12,1,0,0,0,1,1,0,0,0,0,0,0,1,1,7
BBB,2014J,242893,1,Yorkshire Region,No Formal quals,30-40%,0-35,2,60,0,Withdrawn,8,0,0,0,1,0,0,1,1,0,0,1,0,0,1,3
BBB,2014J,245784,1,East Anglian Region,HE Qualification,30-40%,35-55,1,60,0,Fail,4,0,1,0,1,1,1,1,0,1,0,1,0,1,1,8
BBB,2014J,247457,1,South East Region,A Level or Equivalent,80-90%,0-35,0,60,0,Distinction,2,0,1,0,0,1,0,0,1,1,0,1,1,1,1,2
BBB,2014J,247967,1,West Midlands Region,Lower Than A Level,0-10%,0-35,0,60,0,Withdrawn,16,1,1,0,0,1,1,1,0,1,1,1,0,1,1,10
BBB,2014J,249154,1,Yorkshire Region,A Level or Equivalent,0-10%,0-35,0,60,0,Fail,11,0,0,0,0,1,1,1,0,0,1,1,1,1,1,6
BBB,2014J,252863,0,East Midlands Region,Lower Than A Level,40-50%,35-55,0,60,0,Pass,15,0,0,0,1,0,0,1,0,1,1,0,0,1,1,10
BBB,2014J,254313,1,South East Region,HE Qualification,20-30%,35-55,0,240,1,Withdrawn,2,1,0,0,1,0,0,1,1,1,0,0,0,1,1,2
BBB,2014J,254612,0,Scotland,A Level or Equivalent,30-40%,0-35,3,90,0,Fail,10,0,1,0,0,1,1,0,0,1,0,0,0,0,0,1
BBB,2014J,255957,1,West Midlands Region,Lower Than A Level,20-Oct,0-35,1,60,0,Withdrawn,6,0,0,1,1,1,1,1,1,1,1,1,0,0,1,9
BBB,2014J,258268,1,East Midlands Region,HE Qualification,30-40%,0-35,0,120,0,Pass,8,0,0,1,0,1,1,0,0,1,0,1,0,0,0,3
BBB,2014J,258840,1,London Region,A Level or Equivalent,30-40%,0-35,1,60,0,Pass,11,1,1,1,1,1,0,0,0,1,0,0,1,1,0,6
BBB,2014J,260137,0,West Midlands Region,HE Qualification,20-Oct,0-35,0,60,0,Pass,1,0,1,0,1,1,1,1,1,1,0,0,0,0,0,2
BBB,2014J,260216,1,North Western Region,Lower Than A Level,20-30%,0-35,1,60,0,Fail,8,0,1,0,1,1,0,0,0,1,0,1,1,1,1,3
BBB,2014J,260777,1,North Western Region,Lower Than A Level,0-10%,0-35,2,90,0,Withdrawn,7,0,1,1,0,0,0,0,0,1,0,1,0,0,0,3
BBB,2014J,263448,1,South West Region,HE Qualification,30-40%,0-35,0,60,0,Pass,8,1,0,1,1,0,1,1,0,0,0,1,1,0,1,3
BBB,2014J,264281,0,North Western Region,A Level or Equivalent,20-30%,55<=,0,180,0,Withdrawn,11,1,1,0,1,1,0,1,0,1,1,1,0,1,0,6
BBB,2014J,264694,1,Wales,Lower Than A Level,20-30%,0-35,0,60,0,Fail,6,0,0,0,1,1,0,1,0,1,1,1,1,1,0,9
BBB,2014J,264732,1,South Region,Lower Than A Level,20-Oct,0-35,2,120,0,Withdrawn,11,1,0,0,0,1,0,0,1,1,0,0,1,0,1,6
BBB,2014J,265466,1,Ireland,A Level or Equivalent,30-40%,35-55,1,60,0,Pass,11,0,0,0,0,1,0,1,0,0,0,0,1,1,0,6
BBB,2014J,267774,1,Scotland,A Level or Equivalent,40-50%,0-35,0,60,0,Withdrawn,2,1,1,1,0,0,1,0,0,0,1,0,1,1,0,2
BBB,2014J,269510,1,East Midlands Region,A Level or Equivalent,40-50%,0-35,0,60,1,Fail,3,1,0,0,1,1,0,0,0,1,0,1,0,1,0,8
BBB,2014J,270191,1,West Midlands Region,Lower Than A Level,90-100%,0-35,0,120,0,Withdrawn,16,0,0,0,0,1,0,1,0,0,0,1,1,1,0,10
BBB,2014J,271047,1,South West Region,Lower Than A Level,90-100%,0-35,0,60,0,Withdrawn,5,1,1,1,1,1,1,0,1,0,1,1,1,1,0,9
BBB,2014J,272000,0,Yorkshire Region,HE Qualification,40-50%,0-35,0,90,0,Fail,2,0,0,0,0,1,1,0,0,0,1,1,0,1,0,2
BBB,2014J,272617,1,East Midlands Region,Lower Than A Level,20-30%,0-35,3,60,1,Withdrawn,6,0,0,1,1,0,1,0,1,0,0,1,1,1,0,9
BBB,2014J,275006,1,London Region,Lower Than A Level,20-30%,0-35,2,60,0,Pass,1,1,0,1,1,0,0,1,1,1,0,1,1,0,0,2
BBB,2014J,275180,1,East Midlands Region,Lower Than A Level,20-30%,35-55,0,60,0,Pass,8,1,1,1,1,0,1,1,1,1,1,0,0,0,0,3
BBB,2014J,275296,1,East Midlands Region,A Level or Equivalent,60-70%,0-35,2,60,0,Fail,13,0,1,1,1,0,0,1,0,1,0,0,1,0,1,5
BBB,2014J,276925,1,Wales,A Level or Equivalent,70-80%,35-55,1,60,0,Pass,10,0,0,1,1,1,1,1,1,1,0,1,0,1,0,1
BBB,2014J,277967,0,London Region,Lower Than A Level,70-80%,0-35,1,60,0,Pass,14,0,1,1,1,0,1,1,1,1,1,1,0,1,0,5
BBB,2014J,279238,0,East Anglian Region,Lower Than A Level,20-30%,0-35,0,60,0,Withdrawn,5,1,1,1,0,1,1,0,0,1,0,0,0,0,1,9
BBB,2014J,280054,1,Wales,Lower Than A Level,0-10%,0-35,0,60,0,Fail,6,0,1,1,0,0,0,1,1,0,0,0,0,1,1,9
BBB,2014J,280152,1,South East Region,A Level or Equivalent,50-60%,0-35,0,60,0,Distinction,9,1,0,0,1,1,1,0,1,0,1,0,0,1,0,4
BBB,2014J,284246,1,Ireland,A Level or Equivalent,30-40%,35-55,0,60,0,Fail,12,0,1,1,1,1,0,1,1,0,1,1,1,0,0,7
BBB,2014J,284762,1,East Midlands Region,A Level or Equivalent,20-Oct,0-35,2,60,0,Pass,10,1,0,1,0,1,1,0,1,1,1,1,1,0,1,1
BBB,2014J,285470,1,East Anglian Region,A Level or Equivalent,50-60%,0-35,0,180,0,Pass,6,1,0,0,1,1,1,0,1,0,0,0,1,0,0,9
BBB,2014J,285992,1,South West Region,A Level or Equivalent,40-50%,0-35,0,60,0,Withdrawn,10,1,0,0,1,1,1,0,1,0,1,1,1,0,0,1
BBB,2014J,286338,1,South Region,Lower Than A Level,30-40%,35-55,0,60,0,Pass,2,0,0,0,1,1,0,0,1,1,0,1,1,1,0,2
BBB,2014J,286947,1,East Midlands Region,A Level or Equivalent,30-40%,0-35,1,60,0,Pass,16,0,1,1,1,0,1,1,1,1,0,1,0,1,0,10
BBB,2014J,288086,1,North Western Region,A Level or Equivalent,40-50%,0-35,0,180,0,Pass,12,0,1,0,0,0,0,0,0,0,1,1,0,0,0,7
BBB,2014J,288655,1,North Region,A Level or Equivalent,0-10%,0-35,0,60,0,Withdrawn,16,1,1,0,1,1,1,0,0,1,0,1,0,1,0,10
BBB,2014J,290184,1,East Anglian Region,HE Qualification,90-100%,0-35,0,120,0,Pass,5,1,1,0,1,1,1,1,1,1,1,0,0,1,0,9
BBB,2014J,292813,1,East Anglian Region,A Level or Equivalent,90-100%,0-35,1,120,1,Withdrawn,13,1,1,0,0,1,0,0,0,0,0,1,0,1,0,5
BBB,2014J,293387,1,Wales,Lower Than A Level,20-30%,35-55,0,60,0,Pass,2,0,1,1,1,0,1,1,1,0,1,1,0,1,1,2
BBB,2014J,293989,1,Yorkshire Region,A Level or Equivalent,20-Oct,0-35,0,60,1,Withdrawn,7,1,1,1,0,1,1,1,0,0,0,1,1,0,0,3
BBB,2014J,294134,1,East Anglian Region,A Level or Equivalent,40-50%,0-35,0,60,0,Pass,3,1,0,1,1,0,1,0,1,0,0,0,0,0,0,8
BBB,2014J,297179,1,North Region,Lower Than A Level,50-60%,35-55,1,60,0,Pass,11,0,1,0,0,0,1,1,1,1,1,1,1,1,1,6
BBB,2014J,297685,1,South West Region,A Level or Equivalent,60-70%,35-55,0,120,0,Pass,2,0,1,1,0,1,0,0,1,1,1,1,0,1,1,2
BBB,2014J,297806,1,East Midlands Region,Lower Than A Level,40-50%,35-55,0,60,0,Fail,8,1,1,1,1,1,1,0,0,1,1,0,1,0,0,3
BBB,2014J,298187,1,Scotland,Lower Than A Level,40-50%,0-35,0,60,0,Pass,8,1,0,1,1,0,1,0,1,1,0,0,0,0,1,3
BBB,2014J,298303,1,Ireland,A Level or Equivalent,20-Oct,0-35,0,60,0,Distinction,15,0,1,1,0,1,0,0,1,1,0,1,1,0,1,10
BBB,2014J,298961,1,South Region,Lower Than A Level,30-40%,35-55,1,60,0,Pass,7,1,0,0,0,1,0,1,0,1,1,1,0,1,1,3
BBB,2014J,300819,0,South Region,HE Qualification,30-40%,0-35,0,60,0,Distinction,11,1,1,0,1,0,0,0,0,0,0,1,1,0,0,6
BBB,2014J,303165,1,Yorkshire Region,Lower Than A Level,20-Oct,35-55,0,60,0,Pass,4,0,0,0,0,1,1,1,1,0,1,1,0,0,0,8
BBB,2014J,303617,1,Wales,Lower Than A Level,0-10%,35-55,1,60,0,Pass,12,0,1,0,1,0,0,0,0,0,1,0,1,1,1,7
BBB,2014J,305909,1,South Region,A Level or Equivalent,60-70%,35-55,0,60,0,Pass,8,0,0,1,0,0,1,0,1,1,0,0,1,0,1,3
BBB,2014J,306478,1,Ireland,Lower Than A Level,80-90%,0-35,0,60,0,Pass,11,1,0,0,1,1,0,0,1,1,0,0,0,1,1,6
BBB,2014J,306880,1,Wales,Lower Than A Level,20-30%,0-35,0,90,0,Withdrawn,13,0,1,1,0,0,1,1,1,1,1,1,0,0,0,5
BBB,2014J,308775,1,North Region,A Level or Equivalent,20-Oct,35-55,0,120,0,Distinction,8,0,0,0,1,0,1,0,0,1,1,0,1,1,0,3
BBB,2014J,308850,0,Wales,Lower Than A Level,20-Oct,35-55,0,120,0,Fail,4,1,0,1,1,0,1,1,1,1,0,1,0,1,0,8
BBB,2014J,314252,0,West Midlands Region,A Level or Equivalent,20-30%,35-55,0,60,0,Pass,11,1,0,1,1,1,0,1,0,0,1,1,1,1,1,6
BBB,2014J,314675,1,North Western Region,A Level or Equivalent,70-80%,0-35,0,60,0,Pass,5,0,1,1,0,0,0,0,0,0,0,0,1,1,1,9
BBB,2014J,314801,1,North Western Region,Lower Than A Level,0-10%,0-35,1,60,0,Pass,15,0,1,0,0,1,0,1,0,1,1,1,0,1,0,10
BBB,2014J,316421,1,East Anglian Region,Lower Than A Level,20-Oct,35-55,1,60,0,Withdrawn,5,1,1,0,1,0,0,1,0,1,0,1,0,1,1,9
BBB,2014J,321450,1,Wales,Lower Than A Level,40-50%,0-35,1,120,0,Pass,1,1,1,0,0,1,1,0,1,0,1,0,0,1,1,2
BBB,2014J,322184,1,South West Region,Lower Than A Level,0-10%,0-35,0,60,0,Withdrawn,7,1,1,1,0,1,0,0,0,1,1,0,0,0,1,3
BBB,2014J,322574,1,South West Region,A Level or Equivalent,30-40%,0-35,0,60,1,Fail,6,1,0,0,0,0,0,1,1,1,0,0,1,1,1,9
BBB,2014J,327224,1,Ireland,A Level or Equivalent,60-70%,35-55,3,60,0,Fail,4,0,1,1,1,1,1,1,0,0,0,0,1,1,1,8
BBB,2014J,327940,1,East Anglian Region,A Level or Equivalent,90-100%,35-55,0,60,0,Pass,13,1,0,1,1,0,0,1,1,1,1,1,0,0,0,5
BBB,2014J,330917,1,East Midlands Region,A Level or Equivalent,30-40%,35-55,0,60,0,Pass,7,1,0,0,1,0,1,1,0,1,0,1,1,1,0,3
BBB,2014J,330981,1,Wales,A Level or Equivalent,30-40%,0-35,0,60,0,Withdrawn,2,0,1,0,0,0,1,1,0,0,1,0,0,1,0,2
BBB,2014J,335035,1,East Anglian Region,Lower Than A Level,70-80%,35-55,0,60,0,Fail,5,0,1,1,0,0,0,1,0,1,1,0,1,0,1,9
BBB,2014J,335765,1,West Midlands Region,A Level or Equivalent,0-10%,0-35,1,60,0,Withdrawn,9,0,0,0,1,0,1,0,0,0,0,1,0,0,1,4
BBB,2014J,338554,1,Scotland,HE Qualification,20-Oct,0-35,0,60,0,Pass,12,0,0,0,0,1,1,0,1,1,1,1,0,1,1,7
BBB,2014J,340216,1,South Region,A Level or Equivalent,50-60%,0-35,0,90,0,Pass,9,1,0,1,1,1,0,1,0,1,1,0,1,0,1,4
BBB,2014J,340592,1,Wales,A Level or Equivalent,0-10%,0-35,3,120,0,Fail,14,0,1,1,0,0,1,0,0,1,0,0,1,1,0,5
BBB,2014J,340899,0,Wales,Lower Than A Level,0-10%,0-35,0,60,0,Withdrawn,12,0,0,0,0,1,1,1,0,0,0,1,1,1,1,7
BBB,2014J,341611,1,North Western Region,Lower Than A Level,0-10%,0-35,1,120,0,Fail,3,1,1,0,0,1,1,0,0,0,0,1,1,1,1,8
BBB,2014J,342192,1,East Anglian Region,A Level or Equivalent,90-100%,0-35,0,90,1,Pass,14,1,1,1,0,0,0,0,1,1,1,0,1,1,1,5
BBB,2014J,343138,1,London Region,A Level or Equivalent,20-Oct,35-55,0,60,0,Fail,5,0,1,0,0,0,1,1,0,0,0,1,1,0,1,9
BBB,2014J,345128,1,East Anglian Region,A Level or Equivalent,80-90%,0-35,3,60,0,Fail,6,1,1,0,1,1,0,0,1,1,0,1,1,0,0,9
BBB,2014J,349924,1,North Region,Lower Than A Level,0-10%,0-35,1,60,0,Withdrawn,16,1,1,1,1,0,0,0,0,1,1,1,1,0,1,10
BBB,2014J,350312,1,Wales,A Level or Equivalent,30-40%,0-35,1,90,0,Fail,12,1,0,0,1,0,0,0,0,1,1,0,0,1,0,7
BBB,2014J,350797,1,London Region,Lower Than A Level,50-60%,35-55,1,60,0,Pass,6,1,0,0,1,1,0,0,0,0,1,0,0,0,1,9
BBB,2014J,351050,1,Ireland,Lower Than A Level,20-Oct,0-35,0,60,0,Pass,14,0,0,0,0,0,0,0,0,0,0,0,1,1,1,5
BBB,2014J,353617,1,Wales,Lower Than A Level,0-10%,0-35,0,60,0,Fail,9,1,1,1,0,1,0,1,0,0,0,1,0,0,0,4
BBB,2014J,357901,1,North Region,Lower Than A Level,,0-35,1,90,0,Fail,15,0,1,1,0,1,1,0,0,1,1,0,0,0,1,10
BBB,2014J,358001,1,Wales,A Level or Equivalent,60-70%,0-35,0,120,0,Pass,15,1,0,1,1,1,0,1,0,0,0,0,1,1,1,10
BBB,2014J,358204,1,Scotland,Lower Than A Level,50-60%,0-35,0,120,0,Distinction,4,0,0,1,1,0,1,1,0,0,1,0,1,1,0,8
BBB,2014J,361411,1,Scotland,HE Qualification,40-50%,35-55,0,60,0,Pass,5,0,1,0,0,0,0,0,0,0,1,0,1,0,0,9
BBB,2014J,363213,0,Scotland,A Level or Equivalent,20-30%,0-35,0,60,0,Pass,5,1,0,1,1,1,0,0,1,1,0,0,0,0,1,9
BBB,2014J,364527,1,Ireland,A Level or Equivalent,30-40%,0-35,2,60,0,Pass,10,0,0,1,1,1,1,0,1,0,1,0,0,0,0,1
BBB,2014J,365097,1,North Region,A Level or Equivalent,30-40%,0-35,0,120,0,Distinction,14,0,1,1,0,0,0,0,0,0,0,1,0,0,0,5
BBB,2014J,365111,1,Scotland,HE Qualification,30-40%,0-35,2,120,1,Fail,6,0,0,0,0,0,1,0,0,1,0,0,0,0,1,9
BBB,2014J,366479,1,East Anglian Region,A Level or Equivalent,40-50%,35-55,0,60,0,Pass,7,1,1,0,0,0,1,1,1,1,0,0,1,0,1,3
BBB,2014J,366791,1,North Western Region,Lower Than A Level,50-60%,0-35,1,120,0,Withdrawn,16,0,1,0,0,0,1,1,0,1,0,0,1,0,0,10
BBB,2014J,368521,1,North Western Region,A Level or Equivalent,40-50%,0-35,0,60,0,Pass,15,1,1,0,1,0,0,0,1,1,1,1,0,0,0,10
BBB,2014J,369234,1,Wales,Lower Than A Level,30-40%,0-35,2,60,1,Fail,1,1,1,1,1,1,0,0,1,0,1,1,0,0,1,2
BBB,2014J,372602,1,South Region,A Level or Equivalent,90-100%,0-35,0,120,0,Distinction,16,0,1,0,1,1,0,0,1,1,1,1,1,0,0,10
BBB,2014J,373174,1,West Midlands Region,A Level or Equivalent,0-10%,0-35,2,60,0,Pass,8,0,1,1,0,0,0,0,1,1,1,1,0,1,0,3
BBB,2014J,373846,1,South Region,A Level or Equivalent,40-50%,35-55,1,60,0,Withdrawn,12,0,1,0,1,1,0,0,0,0,1,1,0,1,0,7
BBB,2014J,376117,1,South Region,A Level or Equivalent,90-100%,0-35,0,60,0,Withdrawn,6,0,1,1,0,0,1,0,0,1,0,0,0,0,1,9
BBB,2014J,379212,1,North Western Region,Lower Than A Level,30-40%,35-55,0,180,0,Withdrawn,7,1,1,0,1,1,1,1,1,1,1,0,1,1,1,3
BBB,2014J,379720,1,East Midlands Region,Lower Than A Level,20-Oct,0-35,0,60,1,Pass,10,1,0,0,1,1,1,0,0,0,1,1,1,1,0,1
BBB,2014J,380515,1,London Region,Lower Than A Level,0-10%,35-55,0,120,0,Withdrawn,9,1,1,0,0,0,1,1,1,0,1,0,0,0,0,4
BBB,2014J,381882,1,East Anglian Region,A Level or Equivalent,40-50%,0-35,1,120,0,Fail,15,0,1,1,0,1,0,0,0,1,1,0,1,1,0,10
BBB,2014J,384266,1,West Midlands Region,A Level or Equivalent,0-10%,0-35,0,60,0,Withdrawn,12,0,1,0,1,1,0,0,0,1,1,1,1,1,0,7
BBB,2014J,385341,1,North Western Region,A Level or Equivalent,0-10%,0-35,0,60,0,Fail,11,0,0,0,1,0,1,0,1,0,0,1,1,0,1,6
BBB,2014J,385405,0,Ireland,A Level or Equivalent,0-10%,35-55,1,60,0,Pass,7,1,1,1,1,0,0,1,1,0,1,1,1,1,0,3
BBB,2014J,387276,1,North Western Region,Lower Than A Level,50-60%,35-55,4,60,0,Withdrawn,10,1,1,0,0,0,0,1,0,1,1,1,1,0,0,1
BBB,2014J,387406,1,Wales,Lower Than A Level,20-30%,0-35,2,60,0,Fail,6,0,0,0,1,0,1,0,1,0,1,1,1,0,1,9
BBB,2014J,387773,1,Scotland,A Level or Equivalent,20-Oct,0-35,0,120,0,Distinction,10,0,1,1,0,0,0,1,1,0,0,1,1,1,1,1
BBB,2014J,388738,0,South Region,A Level or Equivalent,20-Oct,35-55,1,60,0,Withdrawn,12,0,1,1,0,1,1,1,0,1,1,1,0,1,1,7
BBB,2014J,391937,1,South West Region,A Level or Equivalent,60-70%,35-55,0,60,0,Pass,5,1,1,0,1,0,1,1,1,1,1,0,0,0,1,9
BBB,2014J,393529,1,Scotland,HE Qualification,30-40%,0-35,3,60,0,Withdrawn,14,0,1,1,0,0,0,0,0,1,0,0,1,0,1,5
BBB,2014J,394314,1,Yorkshire Region,Lower Than A Level,0-10%,0-35,0,60,0,Withdrawn,8,0,1,1,0,0,1,1,1,0,0,1,1,1,0,3
BBB,2014J,395169,1,South East Region,Lower Than A Level,40-50%,0-35,0,60,1,Withdrawn,6,1,0,1,1,0,1,1,0,1,0,0,1,1,1,9
BBB,2014J,395320,1,South Region,HE Qualification,40-50%,35-55,1,60,0,Pass,2,0,0,1,1,0,1,1,1,0,0,1,1,0,1,2
BBB,2014J,395822,1,South West Region,A Level or Equivalent,40-50%,0-35,0,60,0,Pass,11,0,1,0,0,1,1,0,0,1,1,1,1,0,1,6
BBB,2014J,396016,1,East Anglian Region,A Level or Equivalent,60-70%,0-35,0,60,0,Fail,14,0,0,0,0,1,1,1,0,1,1,1,0,0,1,5
BBB,2014J,396673,1,South Region,A Level or Equivalent,20-30%,35-55,0,240,0,Withdrawn,11,0,0,1,0,0,1,0,0,0,1,0,0,0,0,6
BBB,2014J,397414,1,West Midlands Region,A Level or Equivalent,40-50%,0-35,2,60,1,Pass,3,0,0,1,0,1,0,0,1,0,1,0,0,0,0,8
BBB,2014J,398071,1,Yorkshire Region,A Level or Equivalent,60-70%,0-35,0,60,0,Withdrawn,2,0,1,0,0,0,1,1,0,0,0,0,1,1,1,2
BBB,2014J,398442,0,Scotland,A Level or Equivalent,70-80%,0-35,0,120,0,Pass,5,1,0,1,0,1,0,0,0,0,1,1,1,1,1,9
BBB,2014J,399737,0,East Anglian Region,A Level or Equivalent,50-60%,35-55,1,60,0,Distinction,8,0,0,0,0,1,0,1,1,0,0,1,0,1,0,3
BBB,2014J,400549,1,Wales,A Level or Equivalent,0-10%,0-35,0,120,0,Pass,13,0,1,0,0,0,1,1,0,1,0,0,0,1,1,5
BBB,2014J,401317,1,Scotland,A Level or Equivalent,20-30%,0-35,2,60,0,Pass,14,1,0,1,0,0,1,0,1,1,0,0,1,1,1,5
BBB,2014J,402180,1,Yorkshire Region,Lower Than A Level,0-10%,0-35,0,60,0,Pass,10,1,1,1,0,0,1,1,1,0,0,1,1,0,1,1
BBB,2014J,403213,1,South Region,A Level or Equivalent,20-30%,0-35,0,60,0,Pass,15,0,1,1,0,0,1,1,1,1,0,1,0,0,0,10
BBB,2014J,404121,1,Wales,Lower Than A Level,40-50%,0-35,0,60,0,Pass,2,1,0,1,1,0,1,0,1,1,0,0,1,0,0,2
BBB,2014J,404415,1,Yorkshire Region,Lower Than A Level,0-10%,0-35,1,120,0,Pass,6,0,0,0,0,0,1,1,1,1,1,1,0,0,1,9
BBB,2014J,406000,1,South East Region,Lower Than A Level,60-70%,35-55,1,60,0,Pass,4,1,1,1,0,1,0,0,1,1,1,1,1,1,1,8
BBB,2014J,409708,1,East Anglian Region,Lower Than A Level,80-90%,0-35,2,120,0,Pass,5,0,0,0,0,0,0,1,1,1,0,0,1,0,1,9
BBB,2014J,411105,1,South Region,A Level or Equivalent,20-Oct,0-35,0,120,0,Withdrawn,14,0,0,0,0,0,1,1,1,0,0,0,0,0,1,5
BBB,2014J,411150,1,Yorkshire Region,Lower Than A Level,50-60%,0-35,0,60,0,Withdrawn,9,0,1,0,1,1,1,0,1,0,1,0,1,1,1,4
BBB,2014J,412081,1,Ireland,A Level or Equivalent,30-40%,35-55,1,60,0,Pass,9,1,0,1,0,1,1,1,0,0,1,1,1,1,1,4
BBB,2014J,412343,1,Scotland,Lower Than A Level,20-Oct,0-35,0,60,1,Fail,2,1,1,1,1,1,1,0,1,0,0,1,0,0,0,2
BBB,2014J,414663,1,North Western Region,Lower Than A Level,80-90%,0-35,0,120,0,Withdrawn,8,0,0,1,1,0,0,0,0,0,1,0,0,1,1,3
BBB,2014J,417971,1,Scotland,HE Qualification,60-70%,35-55,0,120,1,Withdrawn,13,0,1,1,0,1,1,0,1,0,1,1,0,1,0,5
BBB,2014J,417978,1,Wales,HE Qualification,80-90%,35-55,0,60,0,Withdrawn,9,0,1,1,0,1,0,1,0,1,1,1,1,0,0,4
BBB,2014J,417986,1,South East Region,Lower Than A Level,30-40%,0-35,0,60,0,Pass,12,0,0,1,0,1,1,1,1,1,1,0,1,1,0,7
BBB,2014J,418077,1,Scotland,HE Qualification,40-50%,0-35,0,60,0,Pass,2,0,1,1,0,0,1,1,1,1,0,0,1,1,1,2
BBB,2014J,418206,0,North Western Region,A Level or Equivalent,30-40%,0-35,0,120,1,Withdrawn,15,1,1,0,1,0,0,1,0,1,0,1,0,0,0,10
BBB,2014J,418502,1,Yorkshire Region,A Level or Equivalent,20-Oct,0-35,0,60,0,Withdrawn,12,0,0,1,1,1,1,0,1,1,0,0,0,1,1,7
BBB,2014J,419924,1,Scotland,HE Qualification,0-10%,35-55,0,60,1,Withdrawn,5,1,0,0,0,1,1,0,1,1,1,0,1,0,0,9
BBB,2014J,420631,1,Yorkshire Region,Lower Than A Level,50-60%,35-55,0,60,0,Pass,9,1,1,1,1,0,0,1,1,0,1,0,1,1,1,4
BBB,2014J,423398,1,Scotland,HE Qualification,20-Oct,0-35,0,60,0,Pass,6,1,1,0,0,1,0,0,1,1,1,1,1,1,0,9
BBB,2014J,423613,1,West Midlands Region,HE Qualification,20-30%,0-35,0,120,1,Withdrawn,11,0,1,1,1,0,1,1,1,1,1,0,1,0,0,6
BBB,2014J,424220,0,South East Region,A Level or Equivalent,90-100%,0-35,0,120,0,Pass,12,0,0,0,0,1,1,0,0,1,0,0,0,1,1,7
BBB,2014J,424586,1,South East Region,A Level or Equivalent,20-30%,0-35,0,120,0,Withdrawn,4,1,0,0,0,1,1,0,1,1,1,0,0,1,1,8
BBB,2014J,425314,1,London Region,Lower Than A Level,40-50%,35-55,0,120,0,Withdrawn,7,1,1,1,0,0,1,0,1,0,0,0,0,1,1,3
BBB,2014J,425772,1,Yorkshire Region,Lower Than A Level,20-Oct,0-35,0,120,0,Pass,9,0,1,1,1,1,0,1,1,0,0,0,0,0,0,4
BBB,2014J,426340,1,East Midlands Region,A Level or Equivalent,40-50%,0-35,2,120,0,Withdrawn,16,1,0,0,0,0,1,0,0,0,0,1,1,1,1,10
BBB,2014J,426624,1,West Midlands Region,Lower Than A Level,90-100%,0-35,0,60,0,Distinction,16,1,1,1,0,1,1,0,1,0,1,0,0,0,0,10
BBB,2014J,430530,1,South Region,Lower Than A Level,50-60%,0-35,0,60,0,Withdrawn,9,1,1,0,1,1,1,0,0,0,1,1,1,1,1,4
BBB,2014J,433064,1,Wales,A Level or Equivalent,20-30%,0-35,0,60,0,Fail,3,0,1,1,0,1,0,1,0,1,1,0,1,0,0,8
BBB,2014J,433939,1,Yorkshire Region,Lower Than A Level,50-60%,35-55,1,60,0,Fail,4,1,1,0,1,0,0,1,0,1,0,0,0,1,0,8
BBB,2014J,435287,1,Wales,Lower Than A Level,0-10%,35-55,0,195,0,Fail,11,1,1,0,1,1,1,1,0,1,1,0,1,0,1,6
BBB,2014J,437550,1,London Region,A Level or Equivalent,30-40%,35-55,0,60,0,Pass,3,0,0,0,1,1,1,1,1,1,1,1,0,0,0,8
BBB,2014J,439677,1,North Western Region,Lower Than A Level,20-Oct,0-35,0,60,0,Pass,16,1,0,1,1,1,1,0,0,1,0,0,0,0,1,10
BBB,2014J,439806,1,Scotland,A Level or Equivalent,20-Oct,0-35,0,60,0,Distinction,8,1,1,1,1,1,0,1,0,0,0,0,0,1,1,3
BBB,2014J,440912,0,South Region,A Level or Equivalent,40-50%,35-55,0,120,1,Withdrawn,6,1,1,0,0,0,1,0,1,0,1,1,1,1,1,9
BBB,2014J,442685,1,East Midlands Region,Lower Than A Level,40-50%,35-55,0,60,0,Withdrawn,7,1,1,0,1,0,0,1,1,0,1,0,1,0,0,3
BBB,2014J,442745,1,South Region,A Level or Equivalent,40-50%,35-55,0,60,0,Withdrawn,4,1,0,0,1,0,0,1,1,1,0,0,1,0,0,8
BBB,2014J,444361,1,Scotland,A Level or Equivalent,0-10%,0-35,0,60,0,Distinction,14,1,1,0,1,1,0,1,1,1,0,1,0,1,1,5
BBB,2014J,444545,1,Scotland,Lower Than A Level,80-90%,35-55,0,60,0,Pass,13,1,1,1,0,0,0,1,1,0,0,0,1,0,0,5
BBB,2014J,444768,1,London Region,A Level or Equivalent,50-60%,0-35,0,60,0,Pass,3,1,1,1,0,1,0,1,0,0,1,0,1,0,1,8
BBB,2014J,445136,1,South East Region,HE Qualification,70-80%,35-55,1,60,0,Distinction,12,0,0,1,0,0,1,1,1,0,1,1,1,1,1,7
BBB,2014J,445647,1,South West Region,A Level or Equivalent,40-50%,0-35,0,180,0,Withdrawn,7,0,1,1,0,0,1,0,0,0,1,0,0,0,1,3
BBB,2014J,445774,0,South East Region,HE Qualification,80-90%,0-35,0,60,0,Distinction,3,0,1,1,0,0,1,1,0,1,1,1,1,1,0,8
BBB,2014J,446619,0,Ireland,A Level or Equivalent,20-30%,0-35,0,60,0,Withdrawn,16,0,0,0,1,1,0,0,1,1,1,1,0,0,1,10
BBB,2014J,447124,1,Scotland,A Level or Equivalent,40-50%,35-55,0,60,0,Pass,1,1,1,1,0,1,0,0,1,0,0,1,0,1,0,2
BBB,2014J,447324,1,Scotland,Lower Than A Level,30-40%,35-55,0,60,0,Fail,10,0,0,0,1,1,0,1,0,0,0,0,0,1,1,1
BBB,2014J,467396,1,Wales,Lower Than A Level,60-70%,0-35,2,60,0,Distinction,13,0,0,0,1,1,1,0,1,1,1,1,1,0,0,5
BBB,2014J,469579,0,London Region,Lower Than A Level,20-Oct,0-35,0,60,0,Pass,16,0,1,1,0,0,0,0,0,1,1,1,0,0,0,10
BBB,2014J,469803,0,South West Region,A Level or Equivalent,40-50%,0-35,0,120,1,Withdrawn,3,0,1,1,0,0,0,0,0,1,0,1,1,1,0,8
BBB,2014J,470464,1,West Midlands Region,A Level or Equivalent,20-Oct,0-35,0,60,1,Pass,10,1,0,0,0,0,1,0,0,0,1,1,0,0,0,1
BBB,2014J,473095,1,East Midlands Region,A Level or Equivalent,40-50%,35-55,3,120,0,Pass,12,0,1,0,1,1,1,1,0,0,1,1,1,1,0,7
BBB,2014J,473271,1,South East Region,A Level or Equivalent,60-70%,0-35,0,60,0,Pass,2,1,1,1,1,0,1,1,0,0,0,1,1,0,0,2
BBB,2014J,473444,1,North Western Region,Lower Than A Level,80-90%,0-35,0,60,0,Withdrawn,2,0,0,0,0,0,0,0,1,0,1,1,0,0,0,2
BBB,2014J,474387,1,East Midlands Region,Lower Than A Level,30-40%,35-55,0,60,0,Pass,7,1,1,0,1,1,1,0,1,0,0,1,0,0,1,3
BBB,2014J,474408,1,London Region,Lower Than A Level,20-30%,35-55,0,120,1,Pass,16,1,1,0,1,1,0,0,1,0,1,0,0,0,0,10
BBB,2014J,475363,1,Wales,A Level or Equivalent,20-30%,0-35,1,165,0,Pass,4,1,1,1,0,0,1,1,0,1,1,1,1,1,1,8
BBB,2014J,476253,1,South East Region,Lower Than A Level,40-50%,0-35,0,180,0,Withdrawn,13,1,0,0,0,0,1,0,1,1,0,1,1,1,0,5
BBB,2014J,476769,1,South East Region,A Level or Equivalent,70-80%,0-35,0,60,0,Pass,9,1,0,1,1,1,1,1,0,0,1,0,0,1,1,4
BBB,2014J,478412,1,North Western Region,A Level or Equivalent,80-90%,35-55,0,60,0,Distinction,16,0,1,1,1,0,0,1,1,0,0,0,0,0,1,10
BBB,2014J,480988,1,South Region,HE Qualification,50-60%,0-35,2,60,0,Withdrawn,9,0,0,0,0,1,0,0,0,0,0,1,1,1,0,4
BBB,2014J,481593,1,Wales,HE Qualification,70-80%,35-55,0,60,0,Distinction,7,1,1,1,0,0,1,0,1,0,0,0,0,1,0,3
BBB,2014J,481790,1,Ireland,A Level or Equivalent,80-90%,0-35,1,60,0,Pass,6,1,0,1,0,0,1,1,1,1,1,1,0,1,0,9
BBB,2014J,483315,1,North Western Region,Lower Than A Level,70-80%,0-35,0,60,0,Pass,16,1,0,1,0,0,1,1,1,0,1,0,0,1,1,10
BBB,2014J,483508,1,Ireland,Lower Than A Level,50-60%,35-55,0,60,0,Distinction,1,0,0,0,0,1,1,1,1,0,0,0,1,0,1,2
BBB,2014J,483674,1,Wales,No Formal quals,30-40%,0-35,0,60,0,Fail,7,1,0,1,0,1,1,1,1,1,0,1,1,1,1,3
BBB,2014J,484158,0,Scotland,HE Qualification,50-60%,35-55,0,120,0,Withdrawn,1,1,0,1,1,1,1,0,1,0,0,1,1,0,0,2
BBB,2014J,484252,1,Yorkshire Region,A Level or Equivalent,0-10%,0-35,0,60,0,Pass,5,0,1,0,1,0,1,0,0,1,1,0,1,0,0,9
BBB,2014J,484443,1,Wales,Lower Than A Level,50-60%,35-55,1,60,0,Fail,15,0,0,1,1,1,0,1,1,0,1,1,1,0,1,10
BBB,2014J,484490,1,South Region,A Level or Equivalent,40-50%,35-55,0,60,0,Pass,14,0,0,0,0,0,0,1,1,1,1,1,1,0,1,5
BBB,2014J,484550,1,Wales,Lower Than A Level,20-Oct,0-35,0,120,0,Fail,2,1,1,1,1,1,0,0,0,1,1,1,1,1,1,2
BBB,2014J,485439,1,Wales,Lower Than A Level,0-10%,35-55,2,60,1,Withdrawn,7,1,0,0,0,1,0,1,1,0,1,1,0,0,0,3
BBB,2014J,485853,1,Scotland,HE Qualification,20-30%,0-35,1,180,1,Withdrawn,6,0,1,0,1,1,0,0,1,1,0,0,1,1,1,9
BBB,2014J,486516,1,East Midlands Region,A Level or Equivalent,90-100%,0-35,0,60,0,Fail,1,0,1,1,1,0,0,1,0,0,0,0,0,1,0,2
BBB,2014J,488242,1,South East Region,A Level or Equivalent,50-60%,35-55,0,120,0,Withdrawn,1,0,0,0,1,1,0,0,0,1,0,1,0,0,0,2
BBB,2014J,488854,1,South East Region,Lower Than A Level,30-40%,35-55,0,60,0,Withdrawn,7,1,1,1,0,0,1,1,0,0,1,0,0,0,1,3
BBB,2014J,490299,1,South Region,Lower Than A Level,50-60%,0-35,0,60,0,Withdrawn,4,0,1,1,1,1,0,1,1,0,0,1,0,1,1,8
BBB,2014J,490648,1,North Western Region,Lower Than A Level,20-Oct,0-35,0,120,0,Fail,11,1,0,1,1,1,0,0,0,1,0,1,1,1,0,6
BBB,2014J,491001,1,South East Region,A Level or Equivalent,60-70%,0-35,0,120,0,Withdrawn,3,1,1,1,1,1,0,0,1,0,1,1,1,0,0,8
BBB,2014J,491387,0,South Region,A Level or Equivalent,80-90%,0-35,0,60,0,Distinction,2,1,0,1,1,1,0,0,1,1,0,0,1,1,1,2
BBB,2014J,492579,1,West Midlands Region,A Level or Equivalent,90-100%,0-35,0,60,0,Withdrawn,9,0,1,0,1,1,1,0,1,0,0,1,1,0,1,4
BBB,2014J,492592,1,South West Region,Lower Than A Level,20-30%,0-35,0,90,0,Distinction,15,1,0,0,1,1,0,0,1,0,1,0,0,1,0,10
BBB,2014J,492676,1,Scotland,A Level or Equivalent,60-70%,0-35,2,120,1,Pass,16,1,1,1,1,1,0,0,1,1,0,0,1,1,1,10
BBB,2014J,492979,1,East Anglian Region,A Level or Equivalent,60-70%,0-35,0,60,0,Pass,6,0,0,0,1,1,1,0,1,0,1,1,0,0,1,9
BBB,2014J,493443,1,London Region,No Formal quals,50-60%,35-55,1,60,0,Pass,3,1,1,0,0,1,0,0,1,0,0,1,0,1,0,8
BBB,2014J,493460,1,West Midlands Region,Lower Than A Level,90-100%,0-35,0,60,0,Pass,3,0,1,0,1,1,0,0,0,1,0,1,0,1,1,8
BBB,2014J,493609,1,Ireland,Lower Than A Level,20-30%,0-35,0,60,0,Withdrawn,1,1,1,0,0,0,0,0,1,0,1,0,1,1,1,2
BBB,2014J,493763,1,South Region,A Level or Equivalent,50-60%,0-35,1,60,0,Withdrawn,9,0,0,1,1,0,1,0,1,0,0,0,1,1,1,4
BBB,2014J,494212,1,West Midlands Region,Lower Than A Level,80-90%,35-55,0,60,0,Withdrawn,9,0,1,0,0,0,0,1,1,1,1,1,0,1,0,4
BBB,2014J,495239,1,Yorkshire Region,Lower Than A Level,70-80%,0-35,0,60,0,Fail,4,0,0,0,0,0,1,1,0,1,1,1,0,1,1,8
BBB,2014J,495489,1,Ireland,Lower Than A Level,0-10%,35-55,1,60,0,Fail,5,0,1,0,0,1,0,1,1,0,1,1,0,1,1,9
BBB,2014J,495522,1,London Region,A Level or Equivalent,20-Oct,0-35,0,120,0,Withdrawn,7,0,1,0,1,1,1,1,1,1,1,0,1,1,0,3
BBB,2014J,495786,0,Scotland,HE Qualification,0-10%,0-35,1,60,1,Fail,10,1,1,0,0,1,1,0,0,1,1,0,1,0,0,1
BBB,2014J,496373,1,Yorkshire Region,Lower Than A Level,40-50%,0-35,0,240,0,Withdrawn,8,1,0,1,0,0,1,0,1,1,1,1,0,1,0,3
BBB,2014J,496381,0,North Region,A Level or Equivalent,40-50%,0-35,0,60,0,Pass,10,1,1,0,0,0,1,1,1,1,1,0,0,0,1,1
BBB,2014J,497074,1,East Midlands Region,Lower Than A Level,20-Oct,35-55,0,60,0,Pass,13,1,0,0,0,0,1,1,1,0,0,0,1,0,1,5
BBB,2014J,497084,0,South East Region,Lower Than A Level,70-80%,0-35,0,60,1,Pass,14,0,1,0,0,0,1,1,0,0,1,0,0,1,0,5
BBB,2014J,498841,1,East Midlands Region,A Level or Equivalent,70-80%,0-35,1,180,0,Pass,16,0,1,1,1,0,1,0,0,0,0,0,0,1,0,10
BBB,2014J,499790,1,London Region,A Level or Equivalent,20-30%,35-55,0,60,1,Pass,1,0,1,0,0,0,1,1,1,1,1,0,0,1,0,2
BBB,2014J,499819,1,Yorkshire Region,A Level or Equivalent,20-Oct,0-35,0,60,0,Pass,2,0,0,1,0,0,1,0,1,0,1,0,0,0,1,2
BBB,2014J,500502,1,East Anglian Region,Lower Than A Level,60-70%,0-35,0,60,0,Fail,7,1,0,1,1,1,0,0,1,1,1,0,1,1,0,3
BBB,2014J,501414,1,East Midlands Region,A Level or Equivalent,30-40%,35-55,0,60,0,Withdrawn,12,1,0,0,1,1,1,0,1,0,0,1,1,1,1,7
BBB,2014J,502767,1,South East Region,A Level or Equivalent,20-30%,35-55,0,60,0,Pass,9,1,1,0,0,0,1,1,0,1,0,0,1,0,0,4
BBB,2014J,503159,1,South East Region,Lower Than A Level,30-40%,0-35,0,60,0,Withdrawn,10,1,0,1,1,1,0,1,0,1,0,1,0,0,0,1
BBB,2014J,503663,1,East Midlands Region,Lower Than A Level,60-70%,35-55,0,60,1,Withdrawn,15,1,0,1,1,0,1,0,0,0,1,0,0,0,1,10
BBB,2014J,504066,1,East Midlands Region,Lower Than A Level,50-60%,0-35,0,120,0,Withdrawn,9,0,1,0,1,0,1,1,0,0,1,0,1,1,1,4
BBB,2014J,504597,0,South Region,Lower Than A Level,70-80%,55<=,0,60,0,Pass,9,0,0,1,0,1,1,0,1,0,0,1,0,0,0,4
BBB,2014J,505595,1,London Region,Lower Than A Level,20-Oct,0-35,3,60,1,Withdrawn,5,0,1,1,0,1,1,0,0,1,0,1,1,0,0,9
BBB,2014J,505692,1,North Region,Lower Than A Level,20-Oct,0-35,0,120,0,Withdrawn,12,0,1,1,0,1,1,0,1,0,0,1,0,0,0,7
BBB,2014J,505871,1,South West Region,A Level or Equivalent,0-10%,0-35,1,60,0,Fail,9,0,0,0,0,0,0,0,1,1,1,0,0,1,1,4
BBB,2014J,505878,1,East Midlands Region,A Level or Equivalent,50-60%,0-35,0,60,0,Fail,6,0,1,1,1,1,0,0,0,1,1,0,1,1,1,9
BBB,2014J,506020,1,Scotland,HE Qualification,60-70%,0-35,2,60,0,Pass,14,0,0,0,0,1,0,0,1,1,1,0,1,1,0,5
BBB,2014J,506219,1,West Midlands Region,A Level or Equivalent,40-50%,35-55,0,120,0,Pass,15,0,0,1,1,1,1,0,0,0,0,0,0,0,1,10
BBB,2014J,506679,1,London Region,Lower Than A Level,30-40%,0-35,0,60,0,Withdrawn,10,1,1,0,1,0,1,1,1,0,0,1,0,1,1,1
BBB,2014J,507014,1,East Anglian Region,A Level or Equivalent,80-90%,0-35,0,60,0,Pass,9,0,1,1,1,1,1,1,0,1,1,1,0,1,1,4
BBB,2014J,507149,1,Yorkshire Region,HE Qualification,70-80%,35-55,0,60,0,Distinction,10,1,1,0,0,0,1,1,0,1,1,1,1,1,0,1
BBB,2014J,507386,1,Yorkshire Region,Lower Than A Level,50-60%,35-55,0,60,0,Fail,12,1,1,1,1,0,0,0,0,1,0,0,1,1,1,7
BBB,2014J,507783,1,Wales,HE Qualification,40-50%,0-35,0,60,0,Pass,7,0,0,1,1,0,1,0,0,1,1,1,0,0,0,3
BBB,2014J,508431,1,South West Region,Lower Than A Level,50-60%,35-55,0,60,0,Withdrawn,14,1,0,0,1,0,0,0,0,1,0,0,1,0,0,5
BBB,2014J,509466,1,Ireland,HE Qualification,0-10%,0-35,1,60,0,Fail,16,1,0,1,0,1,1,1,0,0,0,1,1,1,1,10
BBB,2014J,509578,1,West Midlands Region,A Level or Equivalent,20-30%,0-35,0,60,0,Pass,12,1,1,0,0,0,1,1,0,0,0,0,0,1,0,7
BBB,2014J,509935,1,Yorkshire Region,Lower Than A Level,40-50%,0-35,1,60,0,Pass,3,0,1,1,0,1,0,1,0,1,1,1,0,0,1,8
BBB,2014J,510068,1,Scotland,HE Qualification,0-10%,0-35,1,120,0,Fail,6,1,0,0,0,0,1,1,1,1,1,1,1,1,0,9
BBB,2014J,510471,1,South Region,Lower Than A Level,90-100%,35-55,0,60,0,Pass,11,0,1,1,1,0,1,0,1,1,0,0,0,1,1,6
BBB,2014J,511001,1,East Anglian Region,A Level or Equivalent,0-10%,0-35,0,180,1,Pass,16,1,0,0,0,0,1,0,0,1,1,1,0,1,0,10
BBB,2014J,511295,1,Scotland,HE Qualification,0-10%,35-55,0,60,0,Fail,16,0,0,0,0,1,1,1,1,1,0,0,1,0,0,10
BBB,2014J,511424,1,North Region,Lower Than A Level,20-30%,0-35,0,60,0,Withdrawn,5,0,0,0,0,1,1,1,0,1,1,0,1,0,0,9
BBB,2014J,511807,1,East Midlands Region,Lower Than A Level,20-Oct,35-55,0,60,0,Pass,7,0,1,0,1,0,1,1,0,1,0,1,0,1,0,3
BBB,2014J,511962,1,Yorkshire Region,A Level or Equivalent,30-40%,0-35,0,60,0,Withdrawn,16,1,1,1,1,0,1,1,1,0,1,1,0,1,1,10
BBB,2014J,512411,1,Wales,A Level or Equivalent,20-30%,0-35,0,60,0,Distinction,9,0,1,0,0,0,1,1,0,1,0,1,1,1,0,4
BBB,2014J,512493,0,London Region,A Level or Equivalent,20-Oct,35-55,0,120,0,Withdrawn,13,1,1,1,1,1,0,0,1,1,0,0,1,1,0,5
BBB,2014J,512722,1,West Midlands Region,Lower Than A Level,20-Oct,0-35,1,60,0,Pass,10,0,0,1,0,0,0,1,1,1,1,0,0,0,1,1
BBB,2014J,513250,1,Scotland,HE Qualification,80-90%,35-55,0,60,0,Fail,6,1,1,1,0,1,1,0,0,1,1,1,0,0,0,9
BBB,2014J,513751,1,North Western Region,HE Qualification,20-30%,35-55,0,60,1,Pass,9,1,0,1,0,0,1,1,1,0,1,0,1,0,0,4
BBB,2014J,514006,1,East Anglian Region,Lower Than A Level,20-30%,0-35,0,240,0,Withdrawn,1,0,0,0,0,1,1,0,0,1,1,0,1,1,1,2
BBB,2014J,514581,1,North Western Region,Lower Than A Level,20-30%,0-35,0,120,0,Withdrawn,12,1,0,1,1,0,1,1,1,0,0,0,0,0,0,7
BBB,2014J,515329,1,South Region,A Level or Equivalent,50-60%,0-35,0,120,1,Pass,11,0,0,0,0,0,1,0,0,0,1,0,1,0,0,6
BBB,2014J,515349,1,Yorkshire Region,HE Qualification,40-50%,35-55,0,120,0,Distinction,4,0,1,0,0,0,1,0,1,0,1,1,1,1,0,8
BBB,2014J,516434,1,East Anglian Region,A Level or Equivalent,90-100%,35-55,0,60,0,Pass,15,0,0,1,1,1,0,0,1,0,1,0,1,1,0,10
BBB,2014J,516588,1,Yorkshire Region,A Level or Equivalent,50-60%,0-35,0,60,0,Fail,16,0,1,1,0,1,0,1,0,1,1,1,0,1,1,10
BBB,2014J,517112,0,Yorkshire Region,HE Qualification,0-10%,0-35,1,120,0,Withdrawn,7,0,1,1,0,1,0,0,0,1,1,1,1,1,1,3
BBB,2014J,518389,0,Scotland,HE Qualification,90-100%,35-55,4,180,1,Pass,4,1,1,0,1,1,0,1,0,0,1,1,0,0,0,8
BBB,2014J,519995,1,South West Region,A Level or Equivalent,40-50%,0-35,0,240,0,Withdrawn,14,0,1,1,1,0,0,0,1,0,1,1,0,0,0,5
BBB,2014J,520024,1,Yorkshire Region,A Level or Equivalent,20-Oct,0-35,1,60,0,Pass,8,0,0,0,1,1,0,0,1,0,1,1,1,1,1,3
BBB,2014J,520076,1,West Midlands Region,Lower Than A Level,0-10%,0-35,0,120,0,Pass,7,0,0,1,0,0,0,1,1,1,1,1,1,1,0,3
BBB,2014J,520972,1,Scotland,HE Qualification,60-70%,0-35,1,60,0,Pass,11,0,0,1,0,1,1,0,0,0,0,0,0,1,1,6
BBB,2014J,521081,1,Yorkshire Region,Lower Than A Level,20-Oct,0-35,1,60,1,Pass,3,1,1,0,1,0,1,1,1,1,0,0,1,1,0,8
BBB,2014J,521164,1,South West Region,Lower Than A Level,50-60%,0-35,0,60,1,Fail,10,1,0,1,0,0,0,1,1,0,1,0,1,0,0,1
BBB,2014J,522189,1,Wales,Lower Than A Level,30-40%,0-35,3,60,0,Pass,10,1,0,1,1,0,0,0,0,1,0,1,1,1,0,1
BBB,2014J,522381,1,Scotland,Lower Than A Level,30-40%,35-55,0,60,0,Pass,6,0,1,0,1,0,0,1,0,1,0,1,1,0,0,9
BBB,2014J,522478,1,East Midlands Region,Lower Than A Level,20-Oct,35-55,0,210,1,Fail,12,0,1,1,1,0,1,0,1,0,1,1,1,0,1,7
BBB,2014J,522784,1,Wales,Lower Than A Level,0-10%,0-35,0,120,0,Withdrawn,4,1,1,0,1,1,1,1,0,0,1,0,0,0,1,8
BBB,2014J,523132,1,East Anglian Region,A Level or Equivalent,90-100%,0-35,1,60,0,Pass,10,0,0,0,1,0,1,1,0,0,0,1,1,1,0,1
BBB,2014J,523831,1,West Midlands Region,A Level or Equivalent,70-80%,0-35,0,60,0,Withdrawn,10,1,0,1,1,0,0,0,1,1,0,1,0,0,0,1
BBB,2014J,523905,1,South Region,Lower Than A Level,70-80%,35-55,0,120,0,Pass,5,1,1,0,0,1,1,1,1,1,1,1,0,1,0,9
BBB,2014J,524043,1,West Midlands Region,A Level or Equivalent,30-40%,0-35,0,60,0,Distinction,1,1,1,1,0,1,1,1,1,1,1,0,1,1,1,2
BBB,2014J,526789,1,North Western Region,Lower Than A Level,30-40%,0-35,0,120,0,Withdrawn,2,1,0,0,1,0,1,1,1,1,0,0,1,1,1,2
BBB,2014J,526844,1,North Western Region,A Level or Equivalent,60-70%,0-35,2,60,0,Withdrawn,10,1,1,0,0,0,0,0,1,1,0,1,0,1,1,1
BBB,2014J,527102,1,East Anglian Region,A Level or Equivalent,80-90%,0-35,0,120,0,Fail,15,1,0,1,0,1,1,0,1,1,0,1,1,1,0,10
BBB,2014J,527742,1,North Western Region,Lower Than A Level,80-90%,0-35,0,60,0,Fail,5,0,1,1,1,1,0,0,0,0,1,1,0,0,1,9
BBB,2014J,528432,1,North Western Region,A Level or Equivalent,20-Oct,0-35,0,60,0,Distinction,5,0,1,1,1,1,0,1,0,0,0,0,0,1,1,9
BBB,2014J,528702,1,Wales,Lower Than A Level,20-30%,0-35,1,60,0,Fail,5,1,1,0,0,1,1,1,0,0,0,1,1,1,0,9
BBB,2014J,530021,1,London Region,A Level or Equivalent,40-50%,0-35,1,60,0,Withdrawn,7,0,1,0,1,0,0,0,1,1,0,1,1,0,0,3
BBB,2014J,530772,1,Wales,A Level or Equivalent,20-30%,35-55,0,60,0,Pass,2,0,1,1,0,1,0,1,1,1,0,0,1,1,0,2
BBB,2014J,530941,1,East Anglian Region,Lower Than A Level,20-30%,0-35,0,60,0,Pass,16,0,1,1,1,0,0,1,0,1,0,0,1,0,1,10
BBB,2014J,530960,1,South West Region,HE Qualification,30-40%,0-35,0,120,0,Withdrawn,9,1,1,1,1,1,1,0,1,1,1,0,1,0,0,4
BBB,2014J,531450,1,Wales,Lower Than A Level,30-40%,35-55,0,60,0,Fail,6,0,0,0,0,0,0,1,0,0,0,1,0,1,0,9
BBB,2014J,531753,0,Scotland,Lower Than A Level,50-60%,35-55,1,60,0,Pass,4,1,1,0,0,1,1,0,0,0,1,1,0,1,1,8
BBB,2014J,531865,0,Scotland,HE Qualification,20-Oct,35-55,0,60,0,Pass,5,0,0,1,1,0,0,1,1,1,0,0,0,0,1,9
BBB,2014J,532779,1,East Anglian Region,A Level or Equivalent,20-Oct,35-55,0,60,0,Pass,8,1,0,1,1,0,1,1,1,0,1,0,0,0,0,3
BBB,2014J,532794,1,Scotland,A Level or Equivalent,70-80%,35-55,0,120,0,Withdrawn,15,0,0,0,0,1,1,0,1,0,1,0,1,1,1,10
BBB,2014J,533209,1,Wales,HE Qualification,40-50%,35-55,0,60,0,Pass,6,1,0,1,1,0,1,1,0,1,1,1,0,1,1,9
BBB,2014J,534428,1,North Region,Lower Than A Level,20-30%,0-35,1,120,0,Pass,3,0,0,0,1,0,1,0,0,1,0,0,1,0,1,8
BBB,2014J,534588,1,South Region,A Level or Equivalent,70-80%,35-55,1,120,0,Withdrawn,15,0,0,1,1,0,1,0,1,1,1,1,1,1,1,10
BBB,2014J,534715,0,North Western Region,A Level or Equivalent,0-10%,35-55,0,120,0,Pass,10,1,0,0,0,0,0,1,0,0,0,1,1,0,0,1
BBB,2014J,534884,1,Wales,Lower Than A Level,20-Oct,0-35,0,60,0,Withdrawn,12,0,1,0,0,1,0,1,1,1,1,1,1,1,0,7
BBB,2014J,535963,1,Yorkshire Region,HE Qualification,70-80%,35-55,0,60,0,Distinction,10,0,0,1,0,0,0,1,0,1,1,1,0,0,0,1
BBB,2014J,536767,1,Wales,Lower Than A Level,60-70%,0-35,0,60,1,Fail,7,1,0,1,1,1,0,0,1,0,0,0,1,1,0,3
BBB,2014J,537194,1,North Western Region,A Level or Equivalent,0-10%,35-55,0,60,0,Pass,5,0,0,1,1,1,1,1,1,0,1,0,0,0,0,9
BBB,2014J,537221,1,South West Region,A Level or Equivalent,0-10%,0-35,3,120,0,Withdrawn,3,0,1,0,0,0,1,1,0,0,0,0,1,1,1,8
BBB,2014J,537640,1,South Region,Lower Than A Level,50-60%,0-35,0,60,1,Distinction,11,1,1,1,0,0,0,1,1,0,1,1,1,1,1,6
BBB,2014J,539635,1,South East Region,HE Qualification,80-90%,35-55,0,120,0,Distinction,11,0,0,0,0,0,1,0,1,0,1,0,1,0,0,6
BBB,2014J,539657,0,West Midlands Region,Lower Than A Level,0-10%,0-35,1,120,0,Withdrawn,11,0,0,0,0,1,1,0,1,1,1,1,0,1,0,6
BBB,2014J,541123,1,North Western Region,No Formal quals,0-10%,35-55,0,120,0,Withdrawn,6,0,0,1,1,1,0,1,1,0,1,0,1,1,1,9
BBB,2014J,541171,1,Wales,A Level or Equivalent,60-70%,0-35,2,60,0,Fail,9,1,0,1,0,0,1,0,1,1,0,1,1,0,1,4
BBB,2014J,541315,1,East Midlands Region,Lower Than A Level,20-Oct,0-35,0,120,0,Fail,8,0,1,0,1,0,1,1,1,1,0,1,0,0,0,3
BBB,2014J,541476,1,Wales,A Level or Equivalent,20-Oct,35-55,0,60,0,Pass,13,1,0,1,1,1,0,1,1,0,1,0,1,1,0,5
BBB,2014J,541995,1,Yorkshire Region,Lower Than A Level,0-10%,0-35,0,60,1,Withdrawn,7,1,0,0,1,1,0,0,0,0,1,1,1,0,0,3
BBB,2014J,542164,1,Scotland,HE Qualification,0-10%,0-35,0,60,0,Pass,8,1,1,1,0,1,0,1,0,0,0,1,0,0,1,3
BBB,2014J,543439,1,South Region,A Level or Equivalent,80-90%,0-35,0,60,0,Pass,16,0,1,1,1,1,1,1,0,0,1,0,1,1,1,10
BBB,2014J,544177,1,South Region,Lower Than A Level,80-90%,0-35,0,120,0,Withdrawn,7,1,1,0,1,0,0,1,1,0,1,0,0,1,1,3
BBB,2014J,545964,1,South West Region,A Level or Equivalent,20-30%,0-35,0,120,0,Pass,11,1,0,0,1,0,1,1,0,1,1,0,0,1,0,6
BBB,2014J,546114,1,East Midlands Region,Lower Than A Level,0-10%,0-35,0,60,0,Withdrawn,16,1,1,1,0,0,0,0,1,1,0,0,0,1,1,10
BBB,2014J,546250,1,North Western Region,HE Qualification,0-10%,0-35,0,60,1,Pass,7,1,0,0,1,0,0,1,1,1,1,1,1,1,0,3
BBB,2014J,547408,1,Scotland,A Level or Equivalent,20-30%,0-35,0,120,0,Pass,6,1,1,1,1,0,0,0,1,0,1,0,0,0,0,9
BBB,2014J,547788,1,Scotland,HE Qualification,70-80%,0-35,0,60,0,Pass,13,0,0,1,1,0,0,1,0,1,0,0,0,1,0,5
BBB,2014J,549288,1,East Anglian Region,A Level or Equivalent,90-100%,0-35,0,120,0,Withdrawn,7,1,0,1,1,1,0,0,0,1,0,1,1,0,1,3
BBB,2014J,549775,1,London Region,Lower Than A Level,30-40%,0-35,0,180,0,Distinction,8,0,0,1,0,0,0,1,0,0,1,1,0,1,0,3
BBB,2014J,549839,1,London Region,A Level or Equivalent,80-90%,0-35,0,180,0,Withdrawn,1,1,1,1,0,1,0,0,0,1,0,0,1,1,1,2
BBB,2014J,550081,0,South West Region,Lower Than A Level,20-30%,35-55,0,60,0,Pass,7,0,1,0,0,1,1,0,1,1,1,0,0,0,1,3
BBB,2014J,550245,1,South Region,Lower Than A Level,70-80%,0-35,0,60,0,Pass,14,0,1,1,0,1,1,1,0,0,1,1,0,0,0,5
BBB,2014J,551000,1,Wales,A Level or Equivalent,40-50%,0-35,1,120,0,Fail,2,0,1,1,1,0,1,0,0,1,1,1,1,0,1,2
BBB,2014J,551237,1,West Midlands Region,Lower Than A Level,60-70%,35-55,0,60,0,Withdrawn,11,1,0,0,0,1,1,1,0,0,0,0,0,0,0,6
BBB,2014J,551242,1,South West Region,HE Qualification,20-30%,35-55,0,60,0,Pass,11,1,0,0,1,1,0,0,1,1,1,0,0,1,1,6
BBB,2014J,551276,1,East Anglian Region,Lower Than A Level,40-50%,0-35,0,180,0,Pass,9,1,1,0,0,0,0,0,0,0,0,0,0,1,1,4
BBB,2014J,551922,1,London Region,Lower Than A Level,40-50%,0-35,0,60,0,Pass,9,0,0,0,0,1,0,0,0,0,0,1,1,1,1,4
BBB,2014J,552698,0,South West Region,Lower Than A Level,20-Oct,35-55,0,60,1,Fail,10,0,1,0,0,0,0,1,0,1,1,1,0,0,0,1
BBB,2014J,553196,1,Scotland,Lower Than A Level,20-Oct,0-35,2,120,1,Withdrawn,14,1,0,0,1,1,0,0,1,1,0,0,0,0,0,5
BBB,2014J,554048,1,North Western Region,A Level or Equivalent,50-60%,35-55,0,60,0,Pass,1,0,1,0,0,0,1,0,1,0,0,0,0,1,0,2
BBB,2014J,554243,1,South West Region,Lower Than A Level,60-70%,0-35,1,60,0,Fail,12,1,0,0,0,1,1,1,1,1,0,1,1,1,0,7
BBB,2014J,554599,1,Wales,A Level or Equivalent,0-10%,0-35,1,60,1,Pass,2,0,1,0,1,0,1,0,1,1,0,0,1,0,0,2
BBB,2014J,555749,1,Scotland,A Level or Equivalent,90-100%,0-35,0,120,0,Pass,14,1,1,0,0,1,1,0,1,0,0,1,0,1,0,5
BBB,2014J,556290,1,East Anglian Region,Lower Than A Level,70-80%,0-35,0,120,1,Withdrawn,1,1,0,1,1,1,1,1,1,1,0,0,0,1,1,2
BBB,2014J,556644,1,East Anglian Region,A Level or Equivalent,80-90%,0-35,0,60,0,Distinction,7,0,1,1,0,0,0,0,0,1,1,0,0,0,0,3
BBB,2014J,556863,1,South West Region,A Level or Equivalent,20-30%,35-55,1,60,0,Pass,8,1,1,0,1,0,1,1,0,0,1,0,0,0,1,3
BBB,2014J,557085,1,Yorkshire Region,Lower Than A Level,20-30%,35-55,0,120,0,Withdrawn,3,0,1,1,0,1,0,1,1,1,0,1,1,1,1,8
BBB,2014J,559344,0,South Region,A Level or Equivalent,70-80%,0-35,1,120,0,Pass,5,0,1,0,0,0,0,0,1,1,0,1,0,0,1,9
BBB,2014J,559685,1,Scotland,HE Qualification,20-30%,35-55,1,60,0,Fail,3,1,1,0,1,1,1,0,1,1,0,1,0,1,0,8
BBB,2014J,559973,1,East Anglian Region,Lower Than A Level,0-10%,0-35,0,60,0,Withdrawn,5,0,1,0,1,0,1,1,0,1,0,1,1,0,0,9
BBB,2014J,560089,1,South Region,A Level or Equivalent,30-40%,35-55,1,60,0,Pass,1,1,0,0,0,1,0,0,1,0,1,1,1,0,0,2
BBB,2014J,560208,0,East Anglian Region,Lower Than A Level,40-50%,0-35,1,60,0,Pass,13,0,1,1,0,1,0,1,1,0,1,1,0,0,1,5
BBB,2014J,560597,1,North Western Region,A Level or Equivalent,20-30%,35-55,0,60,0,Distinction,3,1,1,1,0,0,1,0,0,1,1,0,1,0,0,8
BBB,2014J,560652,0,South East Region,Lower Than A Level,50-60%,35-55,0,60,0,Pass,7,0,0,0,0,1,0,0,0,0,0,0,1,0,0,3
BBB,2014J,561206,1,East Anglian Region,HE Qualification,70-80%,35-55,0,60,0,Pass,11,0,1,0,0,1,1,1,1,0,0,0,0,1,0,6
BBB,2014J,561608,1,Yorkshire Region,A Level or Equivalent,20-Oct,0-35,0,120,0,Pass,8,1,0,1,1,0,1,1,0,0,0,1,0,0,0,3
BBB,2014J,561618,1,Scotland,HE Qualification,20-Oct,0-35,0,60,0,Pass,6,1,1,0,1,0,1,1,0,0,1,1,0,1,0,9
BBB,2014J,561752,1,Yorkshire Region,Lower Than A Level,60-70%,0-35,0,60,0,Pass,15,1,0,1,0,1,0,1,1,1,0,0,1,0,0,10
BBB,2014J,561773,1,North Western Region,Lower Than A Level,50-60%,35-55,0,120,0,Withdrawn,3,1,0,1,1,0,1,1,1,1,0,0,0,0,0,8
BBB,2014J,561798,1,North Western Region,HE Qualification,20-Oct,0-35,0,60,0,Withdrawn,14,0,0,1,0,0,1,1,1,0,0,0,0,1,0,5
BBB,2014J,561979,1,East Anglian Region,A Level or Equivalent,80-90%,0-35,0,120,1,Pass,10,1,1,0,1,0,1,0,1,1,1,1,0,0,0,1
BBB,2014J,562239,1,South Region,Lower Than A Level,80-90%,0-35,0,60,0,Pass,13,1,0,1,1,0,0,0,0,1,0,0,1,1,0,5
BBB,2014J,562769,1,London Region,A Level or Equivalent,80-90%,0-35,0,120,0,Withdrawn,14,1,0,1,1,0,1,0,1,1,1,1,1,1,0,5
BBB,2014J,563027,1,South East Region,A Level or Equivalent,50-60%,0-35,0,60,0,Pass,15,0,0,0,1,0,0,0,0,1,0,0,0,0,0,10
BBB,2014J,563302,1,West Midlands Region,A Level or Equivalent,60-70%,0-35,0,60,0,Pass,4,1,0,0,1,0,0,1,0,1,0,0,0,1,0,8
BBB,2014J,563820,1,West Midlands Region,A Level or Equivalent,0-10%,0-35,0,60,1,Pass,7,1,0,1,1,1,1,1,1,0,0,0,0,1,1,3
BBB,2014J,564115,1,South East Region,Lower Than A Level,20-30%,35-55,0,60,0,Distinction,14,1,0,1,1,1,1,0,0,0,0,0,1,0,0,5
BBB,2014J,564278,1,London Region,Lower Than A Level,20-Oct,35-55,0,120,0,Pass,14,0,0,1,0,0,1,0,1,1,1,0,1,1,0,5
BBB,2014J,565182,1,Scotland,A Level or Equivalent,60-70%,35-55,1,60,0,Pass,7,0,0,0,1,0,0,0,1,0,1,1,0,1,1,3
BBB,2014J,565273,1,Yorkshire Region,A Level or Equivalent,30-40%,0-35,0,120,0,Distinction,12,0,0,0,1,1,1,1,1,1,0,0,1,1,1,7
BBB,2014J,565575,1,East Midlands Region,A Level or Equivalent,40-50%,35-55,0,60,0,Pass,13,1,1,1,0,1,0,1,0,0,0,0,0,1,0,5
BBB,2014J,565576,1,North Western Region,A Level or Equivalent,80-90%,35-55,0,60,0,Pass,11,1,1,1,1,1,0,1,1,1,0,1,1,1,1,6
BBB,2014J,565599,1,London Region,HE Qualification,0-10%,0-35,0,60,0,Distinction,5,0,1,1,1,1,0,0,1,1,1,0,1,1,0,9
BBB,2014J,568019,1,South Region,Lower Than A Level,90-100%,0-35,0,60,0,Pass,4,1,0,0,0,1,0,1,0,0,0,0,1,1,0,8
BBB,2014J,568232,1,Yorkshire Region,A Level or Equivalent,20-Oct,35-55,0,60,0,Pass,7,1,0,1,1,0,1,1,0,1,0,0,0,1,0,3
BBB,2014J,568749,1,Yorkshire Region,HE Qualification,80-90%,0-35,0,60,0,Pass,2,1,1,0,0,0,1,0,1,0,1,0,1,1,1,2
BBB,2014J,568775,1,East Midlands Region,Lower Than A Level,30-40%,0-35,1,60,0,Withdrawn,13,0,1,0,1,1,0,1,0,1,0,1,1,0,1,5
BBB,2014J,569157,1,East Anglian Region,A Level or Equivalent,80-90%,35-55,0,180,0,Withdrawn,5,1,0,1,1,0,0,0,0,1,1,0,0,1,0,9
BBB,2014J,569256,1,North Western Region,Lower Than A Level,0-10%,35-55,0,60,0,Withdrawn,2,0,1,0,0,0,1,1,0,1,1,1,0,0,0,2
BBB,2014J,569589,1,South East Region,Lower Than A Level,40-50%,35-55,0,60,0,Pass,5,1,1,0,1,1,0,1,1,1,1,1,0,0,1,9
BBB,2014J,569981,1,South Region,A Level or Equivalent,50-60%,35-55,0,60,0,Pass,16,1,1,1,0,1,1,0,1,0,1,1,0,1,1,10
BBB,2014J,570275,1,Scotland,A Level or Equivalent,70-80%,35-55,0,120,0,Pass,8,0,0,0,0,1,1,0,0,1,0,1,0,1,0,3
BBB,2014J,570484,1,East Anglian Region,HE Qualification,20-30%,0-35,0,60,0,Pass,8,1,1,1,0,0,1,0,1,0,0,0,1,1,0,3
BBB,2014J,570692,1,North Region,A Level or Equivalent,70-80%,0-35,0,60,0,Withdrawn,10,1,1,0,0,1,0,1,1,0,1,1,0,0,0,1
BBB,2014J,571334,1,West Midlands Region,Lower Than A Level,90-100%,35-55,0,60,0,Fail,5,0,1,1,1,1,0,1,0,0,0,1,0,1,1,9
BBB,2014J,571395,1,East Midlands Region,A Level or Equivalent,40-50%,0-35,0,60,1,Fail,6,1,1,1,0,1,1,0,1,1,0,0,0,0,1,9
BBB,2014J,571641,1,South Region,A Level or Equivalent,40-50%,0-35,0,120,0,Distinction,4,0,0,0,0,1,0,0,0,0,0,0,1,0,0,8
BBB,2014J,571868,1,East Midlands Region,Lower Than A Level,80-90%,0-35,1,120,0,Withdrawn,16,1,1,0,0,0,1,0,1,0,0,0,0,0,0,10
BBB,2014J,572032,1,West Midlands Region,Lower Than A Level,20-Oct,0-35,0,60,0,Pass,7,1,0,1,1,0,0,0,0,0,0,0,0,1,0,3
BBB,2014J,572101,1,North Western Region,Lower Than A Level,20-30%,35-55,0,60,0,Pass,4,1,0,0,0,0,1,0,0,1,1,1,1,1,0,8
BBB,2014J,572106,1,West Midlands Region,A Level or Equivalent,40-50%,0-35,0,90,0,Fail,14,0,0,1,1,1,1,1,0,1,1,1,1,0,0,5
BBB,2014J,572119,1,East Midlands Region,Lower Than A Level,40-50%,0-35,0,60,0,Fail,14,0,1,0,1,1,0,0,0,0,0,1,1,1,0,5
BBB,2014J,572306,1,South East Region,A Level or Equivalent,70-80%,0-35,0,60,0,Pass,12,0,0,1,1,0,1,1,1,0,0,1,0,0,0,7
BBB,2014J,572371,1,East Anglian Region,A Level or Equivalent,20-Oct,0-35,0,60,0,Withdrawn,9,0,0,0,1,0,1,0,1,0,0,0,0,1,1,4
BBB,2014J,572395,1,North Western Region,A Level or Equivalent,40-50%,0-35,0,60,0,Pass,1,0,0,1,1,0,1,1,1,0,0,0,0,0,0,2
BBB,2014J,572496,1,North Western Region,A Level or Equivalent,0-10%,0-35,0,60,1,Pass,10,1,1,1,0,1,0,0,0,0,0,0,0,1,0,1
BBB,2014J,572538,1,East Anglian Region,Lower Than A Level,80-90%,0-35,0,60,1,Pass,7,0,0,1,1,0,1,0,1,0,0,0,0,1,1,3
BBB,2014J,573130,1,East Midlands Region,A Level or Equivalent,50-60%,0-35,0,60,1,Pass,16,0,1,0,1,1,1,1,1,1,1,1,0,0,0,10
BBB,2014J,573131,1,Ireland,A Level or Equivalent,0-10%,0-35,0,60,0,Fail,12,1,1,1,1,1,0,1,0,0,1,0,0,0,1,7
BBB,2014J,573159,1,West Midlands Region,A Level or Equivalent,,0-35,1,120,0,Fail,13,1,1,0,1,1,0,1,1,1,0,1,0,1,0,5
BBB,2014J,573252,1,South East Region,Lower Than A Level,50-60%,0-35,0,60,0,Withdrawn,5,1,1,0,1,0,1,1,1,0,0,1,0,0,0,9
BBB,2014J,573297,1,Wales,Lower Than A Level,50-60%,35-55,0,60,0,Pass,9,1,0,0,0,0,0,1,0,1,0,0,0,1,0,4
BBB,2014J,573534,1,Scotland,Lower Than A Level,50-60%,0-35,0,60,0,Pass,9,0,1,1,1,0,0,1,0,1,1,1,1,1,1,4
BBB,2014J,573554,1,South East Region,Lower Than A Level,20-30%,0-35,0,120,0,Withdrawn,9,1,0,0,0,1,1,0,0,0,1,1,0,0,1,4
BBB,2014J,573713,1,East Anglian Region,A Level or Equivalent,80-90%,35-55,0,60,0,Pass,8,1,1,1,0,0,0,0,0,0,1,0,0,0,0,3
BBB,2014J,573873,1,London Region,A Level or Equivalent,20-30%,0-35,0,60,0,Fail,15,0,0,0,1,0,1,0,0,1,1,0,0,1,0,10
BBB,2014J,573934,1,Wales,Lower Than A Level,0-10%,35-55,0,60,0,Pass,15,1,0,1,1,1,0,0,0,1,1,1,1,0,1,10
BBB,2014J,574031,1,East Midlands Region,A Level or Equivalent,70-80%,0-35,0,60,0,Pass,5,0,0,1,1,1,0,0,1,0,1,0,1,1,1,9
BBB,2014J,574063,1,Yorkshire Region,Lower Than A Level,20-30%,0-35,0,60,0,Pass,4,0,0,0,1,1,1,1,1,1,0,0,1,1,0,8
BBB,2014J,574244,0,Scotland,Lower Than A Level,20-30%,0-35,0,60,0,Fail,5,0,0,0,1,0,0,1,1,0,0,1,1,1,1,9
BBB,2014J,574253,1,South Region,A Level or Equivalent,90-100%,35-55,0,60,0,Distinction,3,1,0,0,1,0,0,0,0,1,0,1,0,1,1,8
BBB,2014J,574306,1,London Region,Lower Than A Level,0-10%,0-35,0,120,0,Withdrawn,12,1,0,1,0,0,0,1,0,0,0,0,1,0,1,7
BBB,2014J,574512,1,West Midlands Region,A Level or Equivalent,30-40%,35-55,0,60,0,Pass,11,0,1,0,1,1,0,0,0,1,0,0,0,1,1,6
BBB,2014J,574841,1,South Region,A Level or Equivalent,70-80%,0-35,0,60,0,Pass,9,0,0,0,1,1,0,1,0,1,1,1,0,1,0,4
BBB,2014J,574849,1,Wales,A Level or Equivalent,80-90%,35-55,1,60,0,Pass,1,1,0,0,0,0,0,0,1,0,0,1,0,1,1,2
BBB,2014J,574865,1,South Region,A Level or Equivalent,20-30%,0-35,0,60,0,Distinction,2,0,0,0,1,1,1,1,0,1,0,0,1,0,0,2
BBB,2014J,575404,1,Wales,Lower Than A Level,60-70%,0-35,0,120,0,Fail,1,1,1,1,1,0,1,0,1,0,0,1,1,0,1,2
BBB,2014J,575630,1,East Midlands Region,Lower Than A Level,0-10%,0-35,2,120,0,Pass,6,0,0,0,1,1,1,0,1,0,1,1,0,1,0,9
BBB,2014J,575892,1,London Region,HE Qualification,20-30%,0-35,1,60,1,Withdrawn,8,0,1,1,0,1,1,1,0,0,0,1,1,1,1,3
BBB,2014J,576203,1,East Anglian Region,HE Qualification,50-60%,0-35,0,60,0,Fail,2,0,1,0,0,1,1,0,0,1,1,1,0,1,0,2
BBB,2014J,576262,1,North Western Region,A Level or Equivalent,80-90%,0-35,0,60,0,Withdrawn,10,1,1,1,0,0,0,0,0,1,1,1,0,0,0,1
BBB,2014J,576268,1,South West Region,Lower Than A Level,80-90%,0-35,0,120,0,Pass,7,0,1,1,1,0,0,1,1,0,1,1,1,1,0,3
BBB,2014J,576445,1,East Midlands Region,Lower Than A Level,20-Oct,35-55,0,120,1,Withdrawn,16,0,0,1,0,1,0,0,1,1,1,1,1,0,1,10
BBB,2014J,576689,1,East Midlands Region,A Level or Equivalent,50-60%,35-55,0,60,0,Distinction,11,1,1,1,1,1,1,0,1,0,0,1,1,0,0,6
BBB,2014J,576913,0,Ireland,A Level or Equivalent,20-Oct,0-35,0,60,0,Fail,12,0,1,0,0,1,1,1,0,0,0,1,1,1,1,7
BBB,2014J,576923,1,Yorkshire Region,Lower Than A Level,0-10%,0-35,0,60,0,Pass,7,1,0,0,1,0,1,0,0,0,1,0,0,1,0,3
BBB,2014J,577354,1,Wales,HE Qualification,70-80%,0-35,1,60,0,Withdrawn,2,1,0,1,1,0,0,0,1,1,1,1,1,0,0,2
BBB,2014J,577467,1,Wales,A Level or Equivalent,20-Oct,0-35,0,120,0,Distinction,10,1,1,1,1,1,0,1,0,1,0,0,1,1,0,1
BBB,2014J,577618,1,East Midlands Region,HE Qualification,40-50%,35-55,1,60,0,Pass,4,1,1,1,1,1,0,1,0,1,1,1,0,1,1,8
BBB,2014J,577645,1,East Anglian Region,A Level or Equivalent,50-60%,0-35,1,60,0,Distinction,3,1,0,0,0,0,0,1,0,0,0,1,0,1,0,8
BBB,2014J,577728,1,London Region,A Level or Equivalent,60-70%,35-55,0,60,0,Fail,14,0,0,0,1,1,1,1,1,1,1,0,1,1,1,5
BBB,2014J,577743,1,West Midlands Region,A Level or Equivalent,70-80%,0-35,0,120,0,Pass,11,1,1,1,1,1,0,0,1,1,0,1,1,1,1,6
BBB,2014J,577934,0,South East Region,HE Qualification,40-50%,35-55,0,120,0,Withdrawn,11,0,1,0,0,1,0,0,0,1,1,1,0,1,0,6
BBB,2014J,577965,1,Yorkshire Region,A Level or Equivalent,40-50%,0-35,1,120,0,Distinction,1,0,0,1,0,0,1,0,1,0,1,1,0,0,1,2
BBB,2014J,578132,1,East Anglian Region,HE Qualification,50-60%,0-35,0,60,0,Pass,11,1,1,0,0,1,1,1,1,1,1,0,1,0,1,6
BBB,2014J,578418,1,Scotland,A Level or Equivalent,20-30%,0-35,0,60,0,Withdrawn,4,0,0,1,0,1,1,0,0,0,1,0,1,0,1,8
BBB,2014J,578439,1,Yorkshire Region,Lower Than A Level,90-100%,0-35,0,60,0,Pass,9,1,1,0,1,0,0,0,1,0,1,1,1,1,0,4
BBB,2014J,578445,1,West Midlands Region,Lower Than A Level,0-10%,35-55,0,90,0,Withdrawn,2,1,1,0,0,0,1,1,1,0,0,0,1,1,1,2
BBB,2014J,578551,1,South East Region,A Level or Equivalent,60-70%,35-55,0,60,1,Pass,1,0,0,0,0,1,0,1,0,1,1,1,1,1,1,2
BBB,2014J,578710,1,South West Region,Lower Than A Level,30-40%,0-35,0,60,0,Pass,2,1,1,1,1,1,1,1,1,1,1,0,0,0,1,2
BBB,2014J,578861,1,South East Region,A Level or Equivalent,20-30%,35-55,0,60,0,Pass,1,0,0,0,1,0,1,1,1,1,0,1,0,1,0,2
BBB,2014J,579031,1,West Midlands Region,A Level or Equivalent,30-40%,0-35,0,180,0,Withdrawn,6,0,0,1,1,1,1,1,0,0,0,0,1,0,1,9
BBB,2014J,579161,1,North Western Region,Lower Than A Level,20-Oct,0-35,0,60,0,Pass,9,0,1,0,0,1,1,0,1,1,0,0,1,1,0,4
BBB,2014J,579201,1,Yorkshire Region,A Level or Equivalent,20-Oct,35-55,0,60,0,Withdrawn,9,0,0,0,0,0,1,1,1,1,1,1,1,0,0,4
BBB,2014J,579251,0,Wales,Lower Than A Level,0-10%,35-55,0,60,0,Fail,11,0,1,0,1,1,0,1,1,0,1,1,1,0,0,6
BBB,2014J,579409,1,East Anglian Region,Lower Than A Level,40-50%,0-35,0,60,0,Pass,6,0,0,1,1,1,0,0,1,0,1,0,1,1,0,9
BBB,2014J,579486,0,East Anglian Region,Lower Than A Level,20-30%,35-55,1,60,0,Fail,4,0,0,1,0,0,0,1,1,0,1,1,0,1,1,8
BBB,2014J,581016,1,South East Region,Lower Than A Level,40-50%,0-35,1,60,0,Pass,15,0,0,1,0,1,0,1,1,1,1,0,1,0,0,10
BBB,2014J,581118,1,East Anglian Region,A Level or Equivalent,30-40%,35-55,0,60,0,Pass,8,0,1,0,1,0,0,1,1,0,1,1,0,0,1,3
BBB,2014J,581178,1,North Western Region,Lower Than A Level,0-10%,0-35,0,60,0,Pass,10,1,0,1,0,1,1,1,1,1,0,0,1,1,0,1
BBB,2014J,581235,1,West Midlands Region,Lower Than A Level,90-100%,0-35,1,60,0,Pass,6,0,0,0,1,0,0,1,1,0,1,1,1,1,1,9
BBB,2014J,581672,1,South Region,Lower Than A Level,80-90%,35-55,1,60,0,Withdrawn,10,0,0,1,1,0,0,1,0,1,1,0,0,0,0,1
BBB,2014J,581866,1,Scotland,HE Qualification,80-90%,0-35,0,60,0,Pass,3,1,0,1,1,1,0,0,1,1,1,0,0,1,1,8
BBB,2014J,581877,1,Yorkshire Region,Lower Than A Level,40-50%,0-35,0,60,1,Pass,10,1,0,1,0,0,1,1,0,0,1,1,1,1,1,1
BBB,2014J,582040,1,South East Region,A Level or Equivalent,90-100%,0-35,0,60,0,Pass,12,0,1,1,1,0,1,1,0,0,0,0,1,0,1,7
BBB,2014J,582253,1,North Region,A Level or Equivalent,60-70%,0-35,0,60,0,Pass,2,0,1,0,1,0,1,0,0,0,0,0,1,1,1,2
BBB,2014J,582348,1,Scotland,A Level or Equivalent,20-30%,0-35,0,90,0,Fail,5,1,0,0,1,1,1,0,0,0,1,0,0,0,0,9
BBB,2014J,582460,1,East Anglian Region,A Level or Equivalent,20-30%,0-35,0,60,1,Pass,3,0,0,1,1,0,1,1,0,0,0,1,1,1,1,8
BBB,2014J,582694,1,South Region,Lower Than A Level,60-70%,0-35,0,60,1,Withdrawn,15,1,1,0,0,1,1,0,0,0,1,1,0,0,0,10
BBB,2014J,582709,1,East Anglian Region,Lower Than A Level,60-70%,35-55,0,60,0,Pass,7,0,1,1,0,1,0,1,1,0,1,0,1,1,0,3
BBB,2014J,582816,1,West Midlands Region,A Level or Equivalent,20-Oct,0-35,0,120,0,Fail,5,1,1,0,1,1,1,0,1,1,1,1,0,1,0,9
BBB,2014J,582898,1,Yorkshire Region,A Level or Equivalent,50-60%,0-35,0,60,0,Pass,16,0,0,0,1,0,0,0,1,1,1,0,1,1,1,10
BBB,2014J,582933,0,East Midlands Region,Lower Than A Level,60-70%,0-35,0,60,0,Withdrawn,11,1,0,0,0,0,0,0,0,1,1,1,1,0,0,6
BBB,2014J,582964,1,Scotland,Lower Than A Level,70-80%,35-55,0,60,0,Pass,2,1,0,1,0,0,1,1,0,0,0,1,0,1,0,2
BBB,2014J,583179,1,London Region,Lower Than A Level,0-10%,0-35,1,60,0,Withdrawn,4,0,0,1,1,1,1,1,0,1,0,0,0,0,1,8
BBB,2014J,583775,0,West Midlands Region,Lower Than A Level,20-Oct,0-35,0,120,0,Pass,14,0,0,0,1,0,0,0,1,1,0,0,1,1,0,5
BBB,2014J,583843,1,Scotland,Lower Than A Level,30-40%,0-35,2,60,0,Distinction,6,1,0,1,0,0,0,1,0,0,1,1,0,0,1,9
BBB,2014J,583954,1,Yorkshire Region,A Level or Equivalent,50-60%,35-55,0,60,0,Pass,4,0,1,1,1,1,1,1,1,0,0,0,1,1,1,8
BBB,2014J,584274,1,Yorkshire Region,A Level or Equivalent,80-90%,35-55,0,120,0,Withdrawn,11,1,0,1,1,0,1,1,1,0,0,0,0,1,1,6
BBB,2014J,584283,1,London Region,A Level or Equivalent,30-40%,0-35,0,120,0,Withdrawn,16,1,0,1,0,0,0,0,0,1,0,0,1,0,0,10
BBB,2014J,584509,1,East Midlands Region,A Level or Equivalent,20-30%,0-35,0,120,0,Pass,14,1,1,1,0,1,0,1,1,0,1,1,0,0,0,5
BBB,2014J,584539,1,Scotland,HE Qualification,20-Oct,0-35,0,60,0,Pass,16,1,0,0,0,0,1,0,0,1,0,1,0,1,0,10
BBB,2014J,584595,1,North Region,A Level or Equivalent,50-60%,35-55,0,60,0,Withdrawn,6,0,1,1,1,0,1,1,0,0,1,1,1,1,1,9
BBB,2014J,584664,1,South East Region,Lower Than A Level,20-Oct,35-55,0,120,1,Withdrawn,4,0,0,1,1,0,1,0,1,1,0,1,0,0,1,8
BBB,2014J,584733,1,South West Region,Lower Than A Level,30-40%,0-35,0,60,0,Distinction,5,1,1,1,0,1,0,1,1,1,1,0,1,0,1,9
BBB,2014J,584864,1,South West Region,A Level or Equivalent,40-50%,35-55,0,120,0,Pass,4,1,1,1,0,1,0,1,0,0,1,1,1,0,1,8
BBB,2014J,585074,1,London Region,Lower Than A Level,40-50%,35-55,1,60,0,Fail,5,0,0,0,0,1,1,1,1,0,0,0,0,0,0,9
BBB,2014J,585762,1,Wales,A Level or Equivalent,30-40%,35-55,0,60,0,Pass,6,0,1,0,0,0,1,1,1,1,0,0,0,1,1,9
BBB,2014J,585963,1,East Midlands Region,A Level or Equivalent,20-Oct,0-35,1,60,1,Withdrawn,7,0,1,1,1,1,0,1,1,0,1,1,1,1,1,3
BBB,2014J,586036,1,Ireland,A Level or Equivalent,80-90%,0-35,0,60,0,Pass,4,1,0,0,1,1,1,0,0,1,0,0,1,0,1,8
BBB,2014J,586134,1,London Region,Lower Than A Level,0-10%,35-55,0,60,0,Pass,9,1,0,1,1,0,1,0,1,0,0,0,1,0,1,4
BBB,2014J,586142,1,East Midlands Region,A Level or Equivalent,80-90%,35-55,0,60,0,Distinction,9,0,0,0,1,1,0,1,1,0,0,0,1,0,0,4
BBB,2014J,586180,1,North Western Region,A Level or Equivalent,30-40%,0-35,0,60,0,Pass,3,1,1,1,1,1,1,1,1,0,0,1,1,0,1,8
BBB,2014J,586376,1,South West Region,Lower Than A Level,40-50%,0-35,0,60,0,Pass,14,1,1,1,1,1,0,1,1,1,0,0,1,0,1,5
BBB,2014J,586398,1,West Midlands Region,A Level or Equivalent,40-50%,0-35,0,120,0,Withdrawn,3,0,0,0,1,0,0,0,0,0,1,1,0,0,0,8
BBB,2014J,586502,1,West Midlands Region,Lower Than A Level,0-10%,35-55,0,60,0,Pass,1,1,1,1,0,1,1,1,0,0,0,0,0,0,0,2
BBB,2014J,586516,1,South East Region,A Level or Equivalent,40-50%,35-55,1,60,0,Distinction,3,0,1,0,0,1,1,0,0,0,0,0,0,1,1,8
BBB,2014J,586561,1,Wales,Lower Than A Level,0-10%,35-55,0,90,1,Withdrawn,16,1,1,1,1,1,1,1,0,0,1,1,0,1,0,10
BBB,2014J,586652,1,South East Region,HE Qualification,60-70%,0-35,0,90,0,Pass,1,1,1,0,0,0,1,1,0,1,1,0,0,0,0,2
BBB,2014J,586818,1,East Anglian Region,Lower Than A Level,20-30%,0-35,0,60,1,Fail,13,1,1,0,0,0,0,0,1,1,0,0,0,1,0,5
BBB,2014J,587037,0,South East Region,HE Qualification,80-90%,0-35,0,120,0,Withdrawn,11,1,0,1,1,0,0,1,1,1,1,1,0,1,1,6
BBB,2014J,587054,1,Wales,HE Qualification,80-90%,35-55,0,60,0,Pass,12,1,0,1,1,1,1,1,1,0,0,1,0,1,0,7
BBB,2014J,587434,1,North Western Region,Lower Than A Level,20-30%,0-35,0,60,0,Withdrawn,11,0,0,0,0,0,0,1,1,1,0,1,1,0,1,6
BBB,2014J,587459,1,Wales,Lower Than A Level,20-30%,35-55,0,60,0,Pass,14,0,0,0,0,0,1,1,0,0,1,0,0,1,0,5
BBB,2014J,587860,1,North Region,A Level or Equivalent,20-30%,0-35,0,120,0,Pass,12,0,1,0,0,1,0,0,0,0,0,1,1,1,1,7
BBB,2014J,588062,1,London Region,Lower Than A Level,40-50%,35-55,0,120,0,Withdrawn,12,0,1,1,1,1,0,0,0,1,1,1,1,1,1,7
BBB,2014J,588166,1,North Western Region,A Level or Equivalent,40-50%,0-35,0,60,0,Withdrawn,1,1,1,0,1,0,1,0,0,1,1,1,1,0,0,2
BBB,2014J,588207,1,Ireland,Lower Than A Level,60-70%,35-55,2,60,0,Fail,11,0,0,1,0,0,1,1,0,1,1,1,1,0,0,6
BBB,2014J,588251,0,North Region,A Level or Equivalent,30-40%,0-35,0,60,0,Fail,7,0,1,0,1,1,1,1,0,0,0,1,0,1,1,3
BBB,2014J,588944,0,North Western Region,A Level or Equivalent,20-30%,0-35,0,60,0,Pass,16,0,1,0,1,0,0,0,1,0,1,1,1,0,1,10
BBB,2014J,588991,0,Yorkshire Region,A Level or Equivalent,20-30%,0-35,0,120,0,Fail,4,1,0,1,1,1,0,1,1,0,0,1,1,1,1,8
BBB,2014J,589133,1,South Region,Lower Than A Level,90-100%,0-35,0,60,0,Pass,6,0,0,1,0,0,0,0,0,1,0,1,0,0,0,9
BBB,2014J,589554,1,Yorkshire Region,A Level or Equivalent,90-100%,0-35,0,60,0,Pass,14,1,1,1,1,1,1,1,1,0,0,0,0,0,1,5
BBB,2014J,589621,1,South East Region,A Level or Equivalent,90-100%,35-55,0,60,0,Pass,11,0,1,0,1,0,1,1,0,1,0,0,1,1,1,6
BBB,2014J,589935,1,London Region,A Level or Equivalent,80-90%,0-35,0,120,0,Withdrawn,5,0,1,1,1,0,0,0,0,0,0,0,0,0,1,9
BBB,2014J,589968,1,East Midlands Region,Lower Than A Level,0-10%,0-35,0,60,0,Withdrawn,6,0,0,0,1,0,0,1,0,1,0,1,0,1,0,9
BBB,2014J,590086,1,Scotland,A Level or Equivalent,90-100%,0-35,0,60,0,Pass,10,0,1,0,1,1,0,0,0,0,0,0,1,0,1,1
BBB,2014J,590122,1,Scotland,A Level or Equivalent,60-70%,0-35,0,60,0,Pass,16,0,0,0,0,0,1,0,1,0,0,0,1,1,1,10
BBB,2014J,590416,1,London Region,HE Qualification,20-30%,35-55,1,60,0,Fail,13,1,1,1,1,0,0,0,1,0,1,1,0,1,1,5
BBB,2014J,590444,1,South Region,A Level or Equivalent,50-60%,35-55,0,60,0,Withdrawn,8,0,0,1,0,0,1,0,0,0,0,1,0,1,1,3
BBB,2014J,590593,1,North Western Region,Lower Than A Level,20-Oct,35-55,0,60,0,Withdrawn,16,1,0,1,1,0,1,1,0,1,0,1,0,1,1,10
BBB,2014J,590668,1,Yorkshire Region,Lower Than A Level,50-60%,35-55,1,120,0,Pass,4,1,0,0,1,0,1,0,1,0,0,1,0,1,0,8
BBB,2014J,590764,1,East Anglian Region,Lower Than A Level,90-100%,35-55,0,60,0,Withdrawn,6,0,1,0,0,1,0,1,1,1,0,1,1,0,0,9
BBB,2014J,590854,1,North Region,HE Qualification,0-10%,0-35,0,120,0,Distinction,7,0,0,1,0,1,1,1,0,1,1,0,0,1,0,3
BBB,2014J,590867,0,London Region,A Level or Equivalent,40-50%,35-55,1,90,0,Withdrawn,3,0,0,0,1,0,0,1,0,1,1,0,1,1,0,8
BBB,2014J,591159,0,South Region,Lower Than A Level,80-90%,0-35,0,60,1,Withdrawn,3,1,0,0,1,0,1,1,0,1,1,1,0,0,0,8
BBB,2014J,591986,0,West Midlands Region,Lower Than A Level,0-10%,0-35,1,120,0,Withdrawn,5,1,0,0,1,1,1,0,1,1,1,0,0,1,0,9
BBB,2014J,591999,1,Yorkshire Region,A Level or Equivalent,50-60%,0-35,0,60,0,Withdrawn,10,1,1,0,0,0,1,1,0,0,1,0,0,1,1,1
BBB,2014J,592090,1,East Midlands Region,A Level or Equivalent,20-30%,0-35,0,120,0,Withdrawn,5,1,0,1,1,0,1,1,0,0,0,1,0,1,0,9
BBB,2014J,592135,1,North Western Region,Lower Than A Level,0-10%,35-55,0,180,0,Pass,1,0,0,1,0,1,0,1,0,1,1,1,0,1,0,2
BBB,2014J,592139,1,Wales,A Level or Equivalent,50-60%,35-55,0,60,0,Distinction,10,1,1,0,1,1,1,0,1,1,1,1,1,0,1,1
BBB,2014J,592258,1,South East Region,Lower Than A Level,50-60%,35-55,0,60,0,Pass,13,0,1,0,0,0,1,1,0,1,1,1,1,0,1,5
BBB,2014J,592262,0,South West Region,Lower Than A Level,90-100%,0-35,1,60,0,Withdrawn,2,0,0,0,1,0,0,0,1,1,1,0,1,0,0,2
BBB,2014J,592733,1,East Anglian Region,HE Qualification,90-100%,0-35,0,120,0,Pass,13,1,0,0,0,0,0,1,0,1,1,1,0,0,1,5
BBB,2014J,592815,1,West Midlands Region,No Formal quals,0-10%,0-35,1,60,0,Withdrawn,5,1,1,0,1,1,1,0,1,1,0,1,0,1,1,9
BBB,2014J,593000,0,Wales,A Level or Equivalent,0-10%,35-55,0,60,0,Pass,11,0,1,0,0,1,1,1,1,0,0,1,1,0,1,6
BBB,2014J,593346,1,North Western Region,Lower Than A Level,0-10%,35-55,0,60,0,Pass,9,0,0,1,0,0,0,0,1,1,0,0,1,0,1,4
BBB,2014J,593476,1,London Region,A Level or Equivalent,0-10%,0-35,0,60,0,Pass,14,0,1,0,0,0,0,1,0,1,1,0,1,1,0,5
BBB,2014J,593583,0,Wales,Lower Than A Level,90-100%,35-55,0,120,0,Withdrawn,8,0,1,1,1,0,1,1,1,0,0,0,1,1,1,3
BBB,2014J,593791,1,South West Region,A Level or Equivalent,70-80%,35-55,0,60,0,Withdrawn,6,0,0,0,0,1,0,0,0,1,1,1,0,0,0,9
BBB,2014J,593819,1,South West Region,A Level or Equivalent,90-100%,0-35,0,60,0,Withdrawn,13,1,1,0,1,0,1,1,1,0,0,0,0,1,0,5
BBB,2014J,594083,0,Yorkshire Region,Lower Than A Level,0-10%,0-35,0,240,0,Pass,5,0,1,0,0,1,1,0,0,1,1,0,0,1,1,9
BBB,2014J,594282,1,South East Region,A Level or Equivalent,60-70%,0-35,0,120,0,Distinction,12,1,1,0,1,0,1,1,1,1,0,0,0,1,1,7
BBB,2014J,594872,1,East Anglian Region,A Level or Equivalent,50-60%,0-35,0,60,0,Pass,11,0,0,0,1,0,1,1,1,1,1,0,0,0,0,6
BBB,2014J,595018,1,Wales,HE Qualification,20-Oct,35-55,0,60,0,Withdrawn,7,0,0,0,0,1,1,0,1,0,1,1,1,1,0,3
BBB,2014J,595130,1,Wales,A Level or Equivalent,20-Oct,0-35,0,60,0,Pass,9,0,0,1,0,0,0,1,1,0,0,0,0,1,0,4
BBB,2014J,595137,1,Yorkshire Region,A Level or Equivalent,90-100%,0-35,1,60,0,Fail,16,0,0,0,0,0,0,1,1,1,0,1,1,1,0,10
BBB,2014J,595365,1,South East Region,Lower Than A Level,40-50%,0-35,0,60,0,Pass,8,1,0,0,1,1,1,1,0,1,0,1,1,1,1,3
BBB,2014J,595421,1,South East Region,A Level or Equivalent,40-50%,35-55,0,60,0,Pass,12,1,1,1,1,0,0,1,0,0,0,0,0,0,1,7
BBB,2014J,595850,0,West Midlands Region,Lower Than A Level,20-30%,0-35,0,120,0,Withdrawn,9,0,0,0,0,1,0,0,1,0,0,1,1,1,0,4
BBB,2014J,595892,1,East Anglian Region,A Level or Equivalent,60-70%,35-55,0,60,0,Pass,4,1,1,1,0,0,0,1,1,0,0,0,0,0,1,8
BBB,2014J,596072,1,West Midlands Region,A Level or Equivalent,0-10%,0-35,0,60,0,Withdrawn,4,0,0,1,0,0,1,1,1,0,0,0,1,1,1,8
BBB,2014J,596128,1,East Anglian Region,Lower Than A Level,50-60%,35-55,0,60,0,Fail,8,1,1,1,1,1,1,1,1,0,0,1,1,0,1,3
BBB,2014J,596151,1,West Midlands Region,A Level or Equivalent,70-80%,35-55,0,60,0,Fail,6,1,0,1,1,0,0,1,0,0,1,0,0,1,0,9
BBB,2014J,596496,1,West Midlands Region,HE Qualification,70-80%,0-35,0,180,0,Withdrawn,2,0,0,0,1,0,0,1,1,1,1,0,1,0,0,2
BBB,2014J,596513,1,Yorkshire Region,Lower Than A Level,0-10%,0-35,0,60,0,Pass,13,1,0,0,0,1,1,0,1,1,1,0,0,1,1,5
BBB,2014J,596728,1,Wales,A Level or Equivalent,20-Oct,0-35,0,60,0,Pass,10,0,0,1,1,1,1,0,0,0,1,1,1,1,1,1
BBB,2014J,596744,1,West Midlands Region,HE Qualification,0-10%,0-35,0,120,0,Withdrawn,2,1,0,1,0,1,0,0,1,1,1,1,1,1,1,2
BBB,2014J,596988,1,West Midlands Region,Lower Than A Level,20-30%,0-35,1,60,1,Pass,14,1,0,1,0,1,1,1,1,0,0,0,1,1,0,5
BBB,2014J,597532,1,South West Region,Lower Than A Level,60-70%,35-55,1,120,0,Withdrawn,1,0,1,0,0,0,0,1,1,0,1,0,0,0,0,2
BBB,2014J,597539,1,West Midlands Region,Lower Than A Level,40-50%,0-35,0,60,0,Fail,4,1,1,0,1,1,1,0,1,0,1,1,0,0,0,8
BBB,2014J,597744,1,North Region,Lower Than A Level,0-10%,0-35,1,60,0,Withdrawn,16,1,1,1,0,1,0,1,1,1,0,1,1,1,1,10
BBB,2014J,597853,1,Scotland,A Level or Equivalent,20-30%,0-35,0,60,0,Withdrawn,5,0,0,0,0,1,1,0,0,0,1,0,1,1,0,9
BBB,2014J,598035,1,East Midlands Region,Lower Than A Level,30-40%,0-35,0,60,0,Pass,1,1,0,1,0,0,1,0,1,0,1,1,1,1,1,2
BBB,2014J,598201,1,Wales,Lower Than A Level,0-10%,0-35,0,60,0,Pass,4,1,1,1,0,1,1,0,1,0,0,0,0,1,0,8
BBB,2014J,598282,1,Ireland,Lower Than A Level,90-100%,0-35,1,60,0,Pass,6,1,1,1,0,0,1,0,0,1,1,0,1,0,0,9
BBB,2014J,598313,0,London Region,A Level or Equivalent,40-50%,35-55,1,120,0,Pass,15,0,1,1,0,1,1,1,1,1,1,0,1,1,1,10
BBB,2014J,598317,1,East Midlands Region,A Level or Equivalent,40-50%,35-55,0,120,0,Withdrawn,2,0,0,1,1,0,1,0,1,1,0,0,0,0,1,2
BBB,2014J,598395,1,Wales,Lower Than A Level,30-40%,0-35,0,60,1,Withdrawn,1,1,1,1,0,1,0,0,0,0,0,1,0,0,0,2
BBB,2014J,598581,1,London Region,A Level or Equivalent,30-40%,0-35,0,60,0,Pass,5,0,0,0,1,0,1,1,0,0,0,0,1,1,1,9
BBB,2014J,598769,1,Wales,Lower Than A Level,20-30%,0-35,2,180,0,Fail,5,0,1,1,0,0,1,0,1,0,1,0,0,1,0,9
BBB,2014J,598837,1,Wales,Lower Than A Level,60-70%,0-35,0,60,0,Pass,9,1,1,1,0,1,0,0,0,0,1,1,1,0,0,4
BBB,2014J,599108,1,Wales,A Level or Equivalent,0-10%,0-35,0,60,0,Fail,5,1,1,1,1,1,0,0,1,1,1,1,0,1,0,9
BBB,2014J,599232,1,South West Region,A Level or Equivalent,50-60%,35-55,0,60,0,Withdrawn,4,1,1,1,1,1,0,1,0,0,1,1,0,0,0,8
BBB,2014J,599323,1,East Midlands Region,A Level or Equivalent,40-50%,0-35,0,60,1,Fail,7,0,1,0,1,1,0,0,1,0,1,0,0,0,0,3
BBB,2014J,599355,1,East Anglian Region,A Level or Equivalent,90-100%,0-35,0,120,0,Pass,2,1,1,0,0,1,0,1,1,1,0,1,0,0,1,2
BBB,2014J,599644,1,Wales,Lower Than A Level,20-Oct,35-55,1,60,1,Withdrawn,15,0,0,0,0,0,1,0,1,1,1,0,1,1,1,10
BBB,2014J,600387,1,North Region,A Level or Equivalent,,0-35,0,60,0,Distinction,10,0,1,1,0,0,0,0,0,1,0,1,0,0,1,1
BBB,2014J,600398,1,East Anglian Region,A Level or Equivalent,40-50%,0-35,0,60,0,Pass,10,1,0,0,1,0,0,1,1,1,0,1,0,0,1,1
BBB,2014J,600404,1,North Western Region,Lower Than A Level,40-50%,35-55,0,60,0,Fail,13,1,0,0,1,1,0,0,1,0,0,1,1,1,0,5
BBB,2014J,600415,1,South West Region,A Level or Equivalent,50-60%,0-35,0,60,0,Pass,7,1,0,1,1,0,1,0,0,1,1,1,0,0,1,3
BBB,2014J,600428,1,South East Region,A Level or Equivalent,70-80%,35-55,1,60,0,Pass,7,0,1,1,0,1,1,0,0,1,0,0,1,1,1,3
BBB,2014J,600463,1,West Midlands Region,A Level or Equivalent,70-80%,0-35,0,60,1,Pass,13,0,0,1,0,1,0,0,0,0,1,0,1,0,1,5
BBB,2014J,600606,1,South Region,Lower Than A Level,90-100%,35-55,0,60,1,Pass,9,0,0,0,1,0,0,1,1,0,1,0,0,1,0,4
BBB,2014J,600658,1,Wales,Lower Than A Level,40-50%,0-35,2,120,0,Fail,5,1,0,0,0,0,1,0,0,0,1,0,0,0,0,9
BBB,2014J,600664,1,Yorkshire Region,Lower Than A Level,0-10%,0-35,0,60,0,Pass,13,1,1,0,0,1,1,0,1,1,0,0,1,1,0,5
BBB,2014J,601247,0,Scotland,HE Qualification,40-50%,35-55,0,60,0,Pass,2,0,1,0,1,1,1,0,1,1,0,1,0,0,0,2
BBB,2014J,601285,1,North Western Region,A Level or Equivalent,0-10%,0-35,0,60,1,Withdrawn,13,0,0,0,0,1,1,0,1,1,1,1,0,1,1,5
BBB,2014J,601316,1,South West Region,Lower Than A Level,40-50%,35-55,1,60,0,Withdrawn,12,0,0,1,0,0,1,1,1,0,1,1,1,0,1,7
BBB,2014J,601706,1,East Anglian Region,A Level or Equivalent,70-80%,0-35,1,120,1,Pass,14,1,0,0,0,1,1,0,1,1,1,0,1,1,0,5
BBB,2014J,601803,1,North Region,A Level or Equivalent,30-40%,0-35,0,120,0,Fail,4,0,1,0,1,1,0,0,1,1,0,1,1,1,1,8
BBB,2014J,601874,1,Wales,Lower Than A Level,20-Oct,35-55,0,60,0,Fail,14,1,0,0,1,1,1,1,1,1,1,0,1,1,1,5
BBB,2014J,601882,1,South West Region,A Level or Equivalent,20-30%,0-35,0,120,1,Withdrawn,14,1,1,0,1,1,0,1,0,1,1,0,0,1,0,5
BBB,2014J,601930,1,West Midlands Region,Lower Than A Level,0-10%,0-35,0,60,0,Withdrawn,11,1,0,1,1,0,0,0,1,0,0,0,0,0,0,6
BBB,2014J,601983,1,South West Region,A Level or Equivalent,90-100%,35-55,0,60,0,Withdrawn,1,1,1,0,0,1,0,0,0,1,0,0,0,0,1,2
BBB,2014J,602109,1,Ireland,Lower Than A Level,60-70%,35-55,0,60,0,Fail,2,1,0,1,1,1,0,0,1,0,0,1,0,1,1,2
BBB,2014J,602448,1,Ireland,A Level or Equivalent,70-80%,0-35,1,60,0,Fail,15,1,0,1,1,0,1,0,0,1,1,1,0,1,0,10
BBB,2014J,602471,0,London Region,Lower Than A Level,0-10%,35-55,0,60,0,Pass,4,1,1,0,1,0,0,0,0,0,0,0,0,0,0,8
BBB,2014J,602570,1,East Anglian Region,A Level or Equivalent,20-30%,0-35,2,120,0,Fail,7,1,0,1,0,1,1,1,1,0,1,1,1,0,1,3
BBB,2014J,602666,1,South East Region,A Level or Equivalent,20-30%,0-35,1,90,1,Pass,14,1,1,1,1,0,0,0,1,1,1,0,0,1,0,5
BBB,2014J,602696,1,East Midlands Region,A Level or Equivalent,80-90%,35-55,0,60,0,Distinction,12,0,0,1,1,0,0,1,1,0,1,1,0,1,1,7
BBB,2014J,602779,1,London Region,No Formal quals,50-60%,35-55,0,300,0,Pass,11,1,0,1,1,1,1,1,0,0,1,1,1,0,0,6
BBB,2014J,602865,1,London Region,A Level or Equivalent,20-Oct,0-35,0,60,0,Pass,10,1,0,0,1,0,1,1,0,0,0,0,0,1,0,1
BBB,2014J,602943,0,East Anglian Region,Lower Than A Level,50-60%,0-35,1,60,0,Distinction,10,1,0,0,0,1,0,1,1,0,1,0,1,1,0,1
BBB,2014J,603055,1,Wales,A Level or Equivalent,50-60%,35-55,0,60,0,Pass,11,1,1,0,0,0,0,1,1,0,0,1,0,1,0,6
BBB,2014J,603113,1,South East Region,A Level or Equivalent,20-Oct,0-35,1,60,1,Pass,2,1,1,0,1,0,0,1,0,1,0,0,0,0,1,2
BBB,2014J,603121,1,Ireland,Lower Than A Level,0-10%,35-55,0,60,0,Fail,7,1,1,0,1,0,0,0,0,1,0,0,0,1,1,3
BBB,2014J,603200,1,East Anglian Region,Lower Than A Level,30-40%,0-35,0,60,0,Pass,4,1,1,1,0,1,0,0,1,0,1,0,0,0,1,8
BBB,2014J,603203,1,South East Region,A Level or Equivalent,20-30%,0-35,0,120,0,Withdrawn,9,0,1,0,1,0,0,1,1,0,0,1,0,0,1,4
BBB,2014J,603580,1,South East Region,Lower Than A Level,70-80%,35-55,0,120,0,Pass,1,1,0,1,0,1,1,0,1,0,1,1,1,1,0,2
BBB,2014J,603731,0,Scotland,A Level or Equivalent,0-10%,0-35,0,60,0,Pass,1,1,0,0,1,0,0,1,0,0,0,1,0,1,1,2
BBB,2014J,603746,1,London Region,A Level or Equivalent,60-70%,0-35,0,60,0,Pass,7,0,0,0,1,0,0,0,1,0,0,1,1,1,1,3
BBB,2014J,603921,1,East Midlands Region,Lower Than A Level,60-70%,0-35,0,180,0,Pass,9,1,1,1,0,0,1,0,1,0,0,1,1,1,0,4
BBB,2014J,604358,1,South Region,A Level or Equivalent,50-60%,0-35,0,60,0,Pass,7,1,1,1,1,1,0,0,0,1,1,0,1,0,1,3
BBB,2014J,604725,1,East Anglian Region,A Level or Equivalent,30-40%,35-55,0,60,0,Distinction,8,0,0,1,0,1,0,1,0,0,1,1,1,1,0,3
BBB,2014J,604950,1,London Region,Lower Than A Level,20-Oct,35-55,0,60,0,Pass,1,0,1,1,1,0,1,1,1,0,1,1,0,1,0,2
BBB,2014J,604990,1,East Anglian Region,Lower Than A Level,30-40%,35-55,0,120,0,Pass,1,0,0,0,0,1,0,1,0,1,0,1,1,1,1,2
BBB,2014J,605068,1,South West Region,A Level or Equivalent,20-30%,0-35,0,60,0,Pass,16,0,1,1,1,1,1,1,0,1,1,1,0,1,0,10
BBB,2014J,605089,1,West Midlands Region,A Level or Equivalent,20-Oct,0-35,0,180,1,Pass,6,0,1,0,0,0,1,1,0,1,0,1,0,1,0,9
BBB,2014J,605186,1,London Region,Lower Than A Level,20-30%,0-35,0,120,0,Fail,8,0,1,0,0,0,0,0,0,1,1,0,1,0,1,3
BBB,2014J,605243,1,East Anglian Region,HE Qualification,80-90%,0-35,0,60,0,Pass,4,1,0,0,0,0,0,1,0,0,0,0,0,0,0,8
BBB,2014J,605383,1,North Region,A Level or Equivalent,20-Oct,0-35,0,180,0,Withdrawn,8,0,0,1,0,1,0,1,0,1,1,0,0,0,0,3
BBB,2014J,605770,1,Wales,A Level or Equivalent,30-40%,0-35,0,120,0,Pass,1,1,1,1,0,0,1,1,1,0,0,0,0,0,0,2
BBB,2014J,605771,1,West Midlands Region,A Level or Equivalent,40-50%,0-35,1,60,1,Pass,4,1,1,0,1,1,1,1,1,1,0,1,1,0,0,8
BBB,2014J,605901,1,West Midlands Region,A Level or Equivalent,20-Oct,0-35,0,60,1,Withdrawn,1,1,0,0,1,1,1,0,1,0,1,1,1,0,1,2
BBB,2014J,606004,1,London Region,Lower Than A Level,20-Oct,0-35,0,120,0,Withdrawn,9,1,1,1,0,1,1,0,0,0,1,1,0,1,1,4
BBB,2014J,606027,1,South West Region,Lower Than A Level,70-80%,0-35,0,60,1,Pass,6,0,0,0,0,0,1,1,1,0,0,0,1,0,1,9
BBB,2014J,606105,1,West Midlands Region,A Level or Equivalent,20-Oct,0-35,0,60,0,Pass,6,0,1,0,0,1,1,0,0,0,0,1,0,1,0,9
BBB,2014J,606134,1,East Anglian Region,A Level or Equivalent,50-60%,0-35,0,60,0,Pass,12,0,1,1,0,0,0,0,0,0,1,1,0,0,0,7
BBB,2014J,606239,1,Scotland,HE Qualification,60-70%,35-55,0,60,0,Pass,2,0,0,0,0,0,1,1,0,0,0,0,1,0,1,2
BBB,2014J,606391,1,Yorkshire Region,Lower Than A Level,50-60%,35-55,0,60,0,Pass,6,0,1,1,0,0,1,0,0,1,0,0,1,1,0,9
BBB,2014J,606442,1,East Anglian Region,A Level or Equivalent,20-30%,0-35,0,60,0,Pass,15,1,0,1,1,0,0,1,1,1,0,0,0,0,0,10
BBB,2014J,606517,1,East Midlands Region,A Level or Equivalent,50-60%,0-35,0,60,0,Pass,6,1,0,1,1,0,0,1,0,1,1,1,0,0,1,9
BBB,2014J,606531,1,London Region,HE Qualification,20-30%,0-35,0,120,1,Fail,13,0,0,0,0,1,0,0,0,1,1,1,0,0,0,5
BBB,2014J,606535,0,West Midlands Region,Lower Than A Level,0-10%,35-55,0,60,0,Pass,16,0,0,1,0,0,0,0,0,1,0,0,0,0,0,10
BBB,2014J,606586,1,London Region,A Level or Equivalent,40-50%,0-35,0,60,0,Pass,9,1,0,0,1,1,1,0,0,1,0,1,1,1,1,4
BBB,2014J,606861,1,Yorkshire Region,A Level or Equivalent,0-10%,0-35,0,60,0,Pass,13,0,1,1,0,1,1,1,1,1,0,1,0,0,1,5
BBB,2014J,606864,1,South East Region,HE Qualification,20-Oct,0-35,0,60,0,Pass,5,0,0,0,0,1,0,1,0,1,0,1,1,1,1,9
BBB,2014J,606914,1,South East Region,A Level or Equivalent,20-30%,0-35,0,120,0,Withdrawn,6,0,0,0,0,0,0,0,0,1,0,1,0,1,1,9
BBB,2014J,607062,1,Scotland,Lower Than A Level,20-30%,0-35,1,120,0,Pass,12,0,0,0,1,0,0,0,1,1,0,0,0,0,0,7
BBB,2014J,607176,1,South West Region,A Level or Equivalent,70-80%,0-35,0,60,0,Withdrawn,10,1,0,0,0,1,0,0,0,0,1,1,1,0,1,1
BBB,2014J,607603,1,South Region,A Level or Equivalent,80-90%,0-35,1,60,0,Pass,13,0,1,0,0,1,0,0,1,0,1,1,1,0,0,5
BBB,2014J,607923,1,Wales,HE Qualification,0-10%,0-35,0,120,0,Distinction,15,0,1,1,0,1,1,1,1,1,0,0,0,1,0,10
BBB,2014J,608068,1,South Region,A Level or Equivalent,90-100%,0-35,0,120,0,Withdrawn,16,1,1,1,0,1,0,0,0,0,1,1,0,1,1,10
BBB,2014J,608134,1,Wales,Lower Than A Level,90-100%,0-35,0,60,0,Pass,9,1,1,0,0,1,0,1,0,1,0,1,0,0,1,4
BBB,2014J,608195,1,West Midlands Region,Lower Than A Level,50-60%,35-55,0,60,0,Fail,2,0,0,1,1,0,1,0,1,1,0,0,1,0,0,2
BBB,2014J,608319,1,East Anglian Region,Lower Than A Level,50-60%,0-35,1,60,1,Withdrawn,5,1,1,0,0,1,1,0,0,1,1,0,1,1,0,9
BBB,2014J,608448,1,South East Region,A Level or Equivalent,80-90%,0-35,0,60,0,Distinction,16,1,1,1,1,1,1,0,1,0,0,0,1,0,0,10
BBB,2014J,608851,1,Scotland,HE Qualification,60-70%,0-35,0,60,0,Pass,4,0,0,0,0,0,1,1,0,1,0,1,1,0,0,8
BBB,2014J,609194,1,Yorkshire Region,Lower Than A Level,0-10%,0-35,1,90,0,Pass,4,0,1,0,0,1,1,1,1,0,1,0,0,1,1,8
BBB,2014J,609203,1,West Midlands Region,Lower Than A Level,50-60%,35-55,0,60,0,Fail,4,1,1,0,1,0,0,0,1,1,1,0,1,1,1,8
BBB,2014J,609403,1,East Midlands Region,Lower Than A Level,80-90%,35-55,0,60,0,Pass,5,0,0,1,0,0,0,1,0,0,0,1,1,0,1,9
BBB,2014J,609927,0,Scotland,A Level or Equivalent,80-90%,35-55,1,60,0,Pass,1,1,1,0,1,0,1,0,1,1,1,1,1,0,0,2
BBB,2014J,610385,1,East Anglian Region,A Level or Equivalent,60-70%,0-35,0,60,1,Pass,1,0,0,1,0,0,0,0,0,0,0,0,0,1,1,2
BBB,2014J,610405,1,North Western Region,A Level or Equivalent,50-60%,0-35,0,60,0,Pass,10,0,0,1,0,0,1,1,0,0,1,1,1,1,1,1
BBB,2014J,610437,1,North Western Region,Lower Than A Level,60-70%,0-35,0,120,0,Withdrawn,15,0,0,1,1,0,1,1,1,0,0,0,1,0,1,10
BBB,2014J,610470,1,London Region,Post Graduate Qualification,20-Oct,35-55,0,60,0,Pass,12,0,1,1,1,0,0,0,1,0,0,0,0,1,0,7
BBB,2014J,610494,1,Wales,Lower Than A Level,20-Oct,0-35,1,60,0,Withdrawn,6,1,0,0,1,0,0,0,1,0,0,1,0,0,1,9
BBB,2014J,610545,1,South West Region,A Level or Equivalent,60-70%,0-35,0,60,0,Pass,14,1,1,1,0,1,0,1,1,0,1,0,0,0,0,5
BBB,2014J,611241,1,East Midlands Region,Lower Than A Level,30-40%,0-35,0,60,0,Pass,6,1,1,1,1,1,0,0,0,0,1,0,0,0,0,9
BBB,2014J,611268,1,North Western Region,A Level or Equivalent,20-30%,35-55,1,60,0,Distinction,5,0,0,0,1,0,1,0,0,1,0,0,1,0,1,9
BBB,2014J,611275,0,South Region,A Level or Equivalent,80-90%,35-55,0,60,0,Withdrawn,1,0,1,1,1,0,1,0,1,1,0,1,0,1,1,2
BBB,2014J,611329,1,London Region,HE Qualification,20-30%,0-35,0,60,0,Pass,3,1,1,0,0,1,1,1,0,1,0,1,0,0,0,8
BBB,2014J,611821,1,London Region,HE Qualification,20-30%,0-35,0,60,0,Pass,11,0,0,0,1,0,1,0,0,0,1,1,0,1,0,6
BBB,2014J,612135,1,South Region,A Level or Equivalent,90-100%,0-35,0,60,0,Distinction,13,0,1,1,0,0,0,1,0,0,0,1,1,0,0,5
BBB,2014J,612230,1,South East Region,Lower Than A Level,30-40%,0-35,0,120,0,Pass,4,1,0,1,0,0,1,0,1,1,1,1,0,1,1,8
BBB,2014J,612247,1,South East Region,Lower Than A Level,70-80%,35-55,0,60,0,Pass,10,0,0,1,0,1,0,1,1,1,0,1,0,0,0,1
BBB,2014J,612337,1,North Western Region,A Level or Equivalent,30-40%,0-35,0,120,0,Withdrawn,9,0,1,0,1,1,0,0,1,0,1,1,0,1,0,4
BBB,2014J,612473,1,East Anglian Region,A Level or Equivalent,50-60%,35-55,1,60,0,Withdrawn,15,1,1,0,0,0,1,0,0,0,1,1,0,1,1,10
BBB,2014J,612566,1,South East Region,Lower Than A Level,20-Oct,0-35,0,60,0,Pass,12,0,0,0,1,1,1,1,0,1,0,1,1,0,0,7
BBB,2014J,612750,1,Ireland,Lower Than A Level,20-Oct,0-35,1,60,1,Pass,16,0,1,0,0,1,1,1,1,0,1,1,0,1,1,10
BBB,2014J,613102,1,North Western Region,A Level or Equivalent,30-40%,35-55,0,60,0,Pass,4,1,0,0,1,1,0,0,1,0,1,0,1,1,0,8
BBB,2014J,613135,0,South West Region,A Level or Equivalent,90-100%,35-55,0,60,0,Fail,2,1,1,1,0,1,0,1,0,1,1,1,0,0,0,2
BBB,2014J,613380,1,North Region,Lower Than A Level,50-60%,0-35,0,60,0,Fail,13,0,0,1,1,1,1,1,1,1,1,0,1,1,1,5
BBB,2014J,613909,1,East Midlands Region,Lower Than A Level,60-70%,0-35,0,60,0,Pass,1,0,1,1,1,1,1,1,0,1,1,0,1,1,0,2
BBB,2014J,614159,1,East Anglian Region,A Level or Equivalent,20-30%,0-35,0,60,0,Pass,3,1,0,1,0,0,0,1,1,0,0,0,1,0,1,8
BBB,2014J,614405,0,East Anglian Region,A Level or Equivalent,50-60%,0-35,0,60,0,Withdrawn,6,1,1,0,0,0,1,0,1,0,1,0,0,0,0,9
BBB,2014J,615016,1,South East Region,Lower Than A Level,20-30%,35-55,1,120,0,Withdrawn,15,0,1,0,0,1,1,1,0,0,0,1,0,1,1,10
BBB,2014J,615165,1,Wales,A Level or Equivalent,40-50%,0-35,1,180,1,Withdrawn,11,1,1,1,1,1,0,1,0,1,0,1,0,1,0,6
BBB,2014J,615263,1,South East Region,A Level or Equivalent,50-60%,0-35,0,60,0,Withdrawn,1,0,1,1,0,1,1,0,0,0,0,1,1,0,1,2
BBB,2014J,616660,1,Scotland,HE Qualification,60-70%,35-55,0,60,0,Pass,14,1,0,0,1,0,0,1,1,1,1,0,1,1,0,5
BBB,2014J,617297,1,Wales,Lower Than A Level,20-Oct,0-35,1,150,0,Pass,7,1,1,1,1,0,1,0,0,0,0,1,1,1,1,3
BBB,2014J,617521,1,East Anglian Region,A Level or Equivalent,40-50%,0-35,0,60,0,Pass,5,1,0,0,0,0,0,0,0,0,1,0,0,0,0,9
BBB,2014J,617525,1,London Region,A Level or Equivalent,60-70%,0-35,1,60,0,Pass,14,1,1,1,0,1,1,0,0,1,1,0,1,1,1,5
BBB,2014J,617530,0,South West Region,A Level or Equivalent,90-100%,0-35,0,60,0,Pass,1,0,1,1,0,0,0,0,1,1,0,1,1,1,1,2
BBB,2014J,617671,1,South West Region,A Level or Equivalent,60-70%,0-35,0,60,0,Withdrawn,16,0,0,1,0,1,0,0,1,1,1,1,0,1,0,10
BBB,2014J,617804,0,South West Region,A Level or Equivalent,30-40%,0-35,0,120,0,Withdrawn,11,0,0,1,0,1,1,1,1,1,0,1,1,0,0,6
BBB,2014J,617811,1,Yorkshire Region,No Formal quals,0-10%,0-35,0,120,0,Withdrawn,16,0,0,0,0,0,0,1,1,0,0,1,0,1,1,10
BBB,2014J,618197,1,South East Region,Lower Than A Level,20-30%,0-35,1,60,0,Pass,16,0,1,1,0,0,1,0,0,0,1,0,0,0,0,10
BBB,2014J,618589,1,South West Region,Lower Than A Level,20-Oct,0-35,0,60,0,Fail,4,0,0,1,1,1,1,1,0,1,1,0,1,1,1,8
BBB,2014J,618734,1,East Midlands Region,Lower Than A Level,20-30%,0-35,0,120,0,Withdrawn,4,0,1,0,1,0,0,1,1,0,1,1,0,0,1,8
BBB,2014J,618858,1,London Region,Lower Than A Level,20-30%,0-35,1,60,0,Withdrawn,2,0,0,0,0,0,0,0,0,1,0,0,1,1,0,2
BBB,2014J,618960,1,West Midlands Region,Lower Than A Level,20-30%,0-35,0,60,0,Fail,10,1,1,0,1,1,1,1,0,1,0,1,1,1,1,1
BBB,2014J,618983,1,London Region,No Formal quals,50-60%,35-55,0,150,0,Fail,11,1,1,0,1,0,0,1,0,0,1,1,1,1,0,6
BBB,2014J,618994,1,Wales,A Level or Equivalent,70-80%,0-35,0,60,0,Pass,10,1,0,1,1,0,0,1,0,1,1,1,0,1,1,1
BBB,2014J,619052,0,East Anglian Region,No Formal quals,60-70%,0-35,0,60,0,Fail,11,0,0,0,1,1,0,0,1,1,0,1,0,1,0,6
BBB,2014J,619935,1,Ireland,HE Qualification,60-70%,0-35,0,120,0,Pass,3,1,0,0,1,0,1,0,1,1,0,0,0,0,0,8
BBB,2014J,620000,1,London Region,Lower Than A Level,40-50%,0-35,0,120,0,Pass,8,0,0,0,1,0,1,0,0,1,0,0,1,1,1,3
BBB,2014J,620115,1,Wales,Lower Than A Level,20-30%,0-35,0,60,0,Fail,3,0,0,0,1,0,0,1,1,1,1,1,1,1,0,8
BBB,2014J,620135,1,East Anglian Region,A Level or Equivalent,40-50%,0-35,0,120,0,Withdrawn,10,1,0,1,0,0,1,1,0,0,1,1,0,1,0,1
BBB,2014J,620550,1,London Region,A Level or Equivalent,20-30%,0-35,0,60,0,Fail,1,0,1,1,0,1,1,1,1,0,1,0,1,1,0,2
BBB,2014J,620655,1,East Midlands Region,A Level or Equivalent,20-Oct,0-35,1,120,0,Withdrawn,4,0,1,0,1,0,1,1,0,1,1,0,0,1,0,8
BBB,2014J,620698,1,East Midlands Region,A Level or Equivalent,90-100%,0-35,0,60,0,Pass,9,0,0,0,0,0,0,1,0,0,0,1,0,0,0,4
BBB,2014J,621487,1,Wales,Lower Than A Level,30-40%,0-35,1,60,0,Pass,1,1,1,1,1,0,1,1,0,1,0,0,0,1,1,2
BBB,2014J,621826,1,Wales,A Level or Equivalent,20-Oct,0-35,1,60,0,Pass,10,0,0,1,1,1,0,1,1,0,0,0,0,1,0,1
BBB,2014J,621856,1,North Western Region,A Level or Equivalent,20-Oct,0-35,0,60,0,Fail,3,1,0,0,0,1,1,0,0,0,0,1,1,0,1,8
BBB,2014J,621899,1,Wales,Lower Than A Level,40-50%,0-35,1,60,0,Withdrawn,4,1,1,0,1,0,0,1,0,0,1,0,1,0,1,8
BBB,2014J,621935,0,South East Region,HE Qualification,80-90%,35-55,0,120,0,Withdrawn,16,1,0,1,0,1,0,1,1,1,0,0,0,1,1,10
BBB,2014J,622007,1,East Anglian Region,A Level or Equivalent,40-50%,0-35,0,60,0,Fail,5,0,1,0,0,0,1,1,1,0,1,0,1,0,1,9
BBB,2014J,622117,1,London Region,A Level or Equivalent,60-70%,0-35,0,60,0,Withdrawn,6,0,1,1,0,0,0,1,1,1,0,0,0,1,1,9
BBB,2014J,622313,1,Yorkshire Region,Lower Than A Level,30-40%,0-35,0,60,0,Pass,9,0,1,0,0,0,1,1,1,0,1,0,0,0,0,4
BBB,2014J,622573,1,Wales,Lower Than A Level,70-80%,0-35,0,120,1,Pass,2,1,1,1,1,0,1,0,0,1,0,1,1,0,0,2
BBB,2014J,622722,1,South East Region,Lower Than A Level,50-60%,0-35,0,60,0,Withdrawn,2,0,0,0,1,0,1,1,1,1,0,0,1,1,0,2
BBB,2014J,623042,1,West Midlands Region,A Level or Equivalent,0-10%,0-35,1,60,0,Fail,15,0,0,0,1,1,0,0,1,0,0,1,1,1,0,10
BBB,2014J,623097,1,North Western Region,A Level or Equivalent,70-80%,0-35,0,60,0,Pass,13,1,1,1,1,1,1,0,1,0,1,1,1,0,1,5
BBB,2014J,623319,0,North Western Region,HE Qualification,0-10%,0-35,0,180,0,Withdrawn,13,1,1,0,0,1,0,0,1,1,0,1,0,1,0,5
BBB,2014J,623376,1,South West Region,A Level or Equivalent,20-30%,0-35,0,60,0,Pass,4,1,1,0,0,0,0,0,0,1,1,1,0,1,1,8
BBB,2014J,623441,1,Yorkshire Region,A Level or Equivalent,0-10%,35-55,0,60,0,Pass,15,0,1,1,0,0,0,1,1,0,1,0,0,1,1,10
BBB,2014J,623519,1,Ireland,A Level or Equivalent,90-100%,0-35,1,60,0,Pass,3,1,1,1,0,1,0,1,0,0,1,0,1,0,1,8
BBB,2014J,623648,1,London Region,A Level or Equivalent,60-70%,0-35,0,60,0,Pass,3,0,1,0,1,1,0,0,1,1,0,0,0,0,1,8
BBB,2014J,623689,1,North Region,Lower Than A Level,60-70%,0-35,0,60,0,Pass,4,1,1,1,1,0,1,1,1,1,1,0,1,1,1,8
BBB,2014J,624342,1,East Anglian Region,A Level or Equivalent,70-80%,0-35,0,90,0,Pass,9,1,0,1,1,1,1,1,1,1,1,1,1,1,0,4
BBB,2014J,624709,1,North Western Region,Lower Than A Level,20-30%,0-35,1,60,0,Fail,8,0,0,1,0,0,0,1,1,0,1,1,0,1,0,3
BBB,2014J,624795,1,North Region,No Formal quals,20-Oct,0-35,0,120,0,Withdrawn,11,1,1,0,0,1,0,0,0,1,0,1,0,1,0,6
BBB,2014J,625666,1,East Anglian Region,A Level or Equivalent,30-40%,35-55,0,60,0,Pass,6,1,1,0,0,0,1,1,0,0,1,1,1,0,1,9
BBB,2014J,625709,1,East Midlands Region,A Level or Equivalent,60-70%,35-55,0,90,0,Fail,2,0,0,1,1,0,1,0,0,0,0,1,0,1,0,2
BBB,2014J,625826,1,Wales,A Level or Equivalent,40-50%,0-35,0,60,0,Distinction,4,1,1,1,0,1,1,1,1,0,0,1,1,1,0,8
BBB,2014J,626012,0,London Region,A Level or Equivalent,90-100%,0-35,0,60,0,Pass,13,0,1,1,0,0,1,0,1,1,1,1,0,1,0,5
BBB,2014J,626075,0,Scotland,Lower Than A Level,0-10%,0-35,1,120,0,Pass,16,1,1,1,1,0,1,0,0,1,0,1,0,0,0,10
BBB,2014J,626139,1,South Region,A Level or Equivalent,20-Oct,0-35,0,60,0,Pass,1,0,1,0,0,1,1,1,0,0,1,0,0,0,0,2
BBB,2014J,626159,1,South West Region,Lower Than A Level,60-70%,35-55,0,60,1,Pass,5,1,1,0,1,0,1,0,1,1,0,0,0,0,0,9
BBB,2014J,626195,1,Scotland,Lower Than A Level,50-60%,35-55,0,60,0,Distinction,1,1,0,1,0,1,1,1,0,1,0,1,1,1,1,2
BBB,2014J,626210,1,South East Region,Lower Than A Level,50-60%,35-55,0,135,0,Fail,15,1,1,0,0,0,0,0,0,0,1,0,1,0,1,10
BBB,2014J,626597,1,West Midlands Region,A Level or Equivalent,20-30%,0-35,1,60,0,Withdrawn,13,0,0,1,0,0,1,0,0,0,0,0,0,1,1,5
BBB,2014J,626646,1,London Region,Lower Than A Level,40-50%,0-35,0,60,0,Distinction,16,1,1,1,0,0,0,0,0,0,1,0,0,0,1,10
BBB,2014J,626660,1,South West Region,Lower Than A Level,50-60%,35-55,0,120,0,Withdrawn,4,0,1,1,0,0,0,1,1,1,0,0,1,1,0,8
BBB,2014J,626740,1,Wales,HE Qualification,80-90%,0-35,1,120,0,Pass,3,0,0,1,0,0,1,0,1,1,1,0,0,1,0,8
BBB,2014J,626835,1,Ireland,Lower Than A Level,0-10%,0-35,0,60,0,Withdrawn,11,1,1,0,0,0,1,0,1,1,1,0,0,1,0,6
BBB,2014J,627119,1,East Anglian Region,No Formal quals,40-50%,0-35,1,60,0,Withdrawn,16,0,0,1,0,1,0,1,1,1,0,1,0,1,1,10
BBB,2014J,627269,1,North Western Region,No Formal quals,0-10%,35-55,0,60,0,Pass,5,1,1,0,1,1,1,0,0,1,1,0,1,0,1,9
BBB,2014J,627563,0,South East Region,HE Qualification,90-100%,55<=,0,120,0,Pass,10,0,1,0,1,0,1,0,0,0,0,1,0,0,0,1
BBB,2014J,627660,1,East Midlands Region,HE Qualification,20-Oct,0-35,0,60,0,Fail,16,0,1,1,1,0,0,0,0,1,0,0,1,1,1,10
BBB,2014J,627968,1,East Anglian Region,Lower Than A Level,60-70%,0-35,0,300,1,Fail,15,0,1,1,1,1,1,1,0,0,0,1,1,0,0,10
BBB,2014J,628388,0,East Anglian Region,HE Qualification,90-100%,35-55,0,120,0,Pass,10,0,1,0,1,1,0,0,0,0,1,0,0,1,0,1
BBB,2014J,628435,1,North Western Region,A Level or Equivalent,20-Oct,35-55,0,60,0,Withdrawn,1,1,1,0,1,1,0,1,1,0,1,0,1,0,1,2
BBB,2014J,628656,1,Scotland,HE Qualification,40-50%,0-35,0,60,0,Pass,11,0,1,1,0,1,1,1,0,1,0,0,1,1,0,6
BBB,2014J,628679,1,South Region,A Level or Equivalent,20-Oct,0-35,0,60,0,Pass,16,0,1,0,1,0,0,1,0,1,1,0,1,1,0,10
BBB,2014J,628819,1,South Region,A Level or Equivalent,0-10%,0-35,0,120,0,Withdrawn,15,0,0,0,1,1,0,0,0,1,0,0,0,0,0,10
BBB,2014J,628991,1,North Western Region,A Level or Equivalent,20-30%,0-35,0,60,0,Pass,10,1,0,1,0,1,0,1,1,1,0,0,1,1,1,1
BBB,2014J,629053,1,London Region,A Level or Equivalent,50-60%,35-55,0,120,0,Pass,14,0,0,0,0,0,1,0,1,1,0,1,0,0,0,5
BBB,2014J,629127,1,East Anglian Region,A Level or Equivalent,50-60%,35-55,0,60,0,Pass,8,0,0,1,0,1,0,0,1,1,1,0,0,0,0,3
BBB,2014J,629245,1,East Anglian Region,A Level or Equivalent,50-60%,0-35,0,60,0,Pass,12,0,0,0,1,0,0,1,0,1,0,0,1,0,0,7
BBB,2014J,629553,1,Yorkshire Region,A Level or Equivalent,0-10%,0-35,0,60,0,Pass,11,0,1,1,1,1,1,1,0,0,1,1,0,0,1,6
BBB,2014J,630274,0,North Western Region,HE Qualification,0-10%,0-35,1,60,0,Fail,13,1,0,1,0,1,0,0,0,1,1,0,0,0,0,5
BBB,2014J,630286,1,Scotland,Lower Than A Level,0-10%,0-35,0,120,0,Fail,7,0,1,1,0,1,1,1,0,1,1,1,0,0,0,3
BBB,2014J,630343,1,Yorkshire Region,Lower Than A Level,0-10%,0-35,1,120,0,Withdrawn,8,1,0,0,0,0,0,1,1,0,0,0,0,1,0,3
BBB,2014J,630404,1,Yorkshire Region,Lower Than A Level,20-Oct,0-35,0,60,0,Pass,3,0,1,0,1,1,0,0,0,1,1,0,1,1,0,8
BBB,2014J,630465,0,East Midlands Region,Lower Than A Level,0-10%,0-35,0,60,0,Withdrawn,10,1,1,0,0,0,1,1,0,0,0,0,0,0,0,1
BBB,2014J,630597,1,West Midlands Region,Lower Than A Level,0-10%,0-35,0,60,0,Pass,1,1,1,1,0,1,1,1,0,1,1,0,1,1,0,2
BBB,2014J,630697,1,East Anglian Region,A Level or Equivalent,20-30%,0-35,0,60,0,Pass,13,1,1,0,1,1,1,1,0,0,0,1,0,1,1,5
BBB,2014J,630716,1,Yorkshire Region,No Formal quals,0-10%,0-35,0,90,0,Fail,11,1,1,0,1,0,1,1,0,0,1,1,1,1,1,6
BBB,2014J,630773,1,Wales,Lower Than A Level,40-50%,0-35,0,60,0,Fail,2,0,0,1,0,0,1,0,1,1,1,0,1,0,0,2
BBB,2014J,630834,1,West Midlands Region,A Level or Equivalent,80-90%,35-55,0,120,0,Pass,14,1,0,1,0,0,0,1,1,1,0,0,1,0,0,5
BBB,2014J,631230,1,Yorkshire Region,A Level or Equivalent,20-Oct,0-35,0,60,0,Pass,10,0,1,0,0,0,0,1,1,0,1,0,0,1,1,1
BBB,2014J,631248,0,London Region,Lower Than A Level,40-50%,35-55,0,120,0,Pass,12,1,1,0,0,1,0,1,1,0,1,1,0,0,1,7
BBB,2014J,631266,1,South East Region,Lower Than A Level,60-70%,0-35,0,75,0,Fail,16,0,1,0,0,1,1,0,0,1,1,1,0,0,1,10
BBB,2014J,631416,1,Yorkshire Region,A Level or Equivalent,20-Oct,0-35,0,60,0,Pass,7,1,1,1,0,0,1,1,1,1,1,0,0,1,0,3
BBB,2014J,631561,1,West Midlands Region,A Level or Equivalent,20-Oct,0-35,1,120,1,Fail,11,1,0,0,1,1,1,1,1,1,1,1,0,1,0,6
BBB,2014J,631640,0,Wales,A Level or Equivalent,30-40%,35-55,0,60,0,Pass,1,1,1,1,0,1,1,1,1,1,1,0,1,1,0,2
BBB,2014J,631775,1,London Region,A Level or Equivalent,20-30%,35-55,0,60,0,Fail,7,1,0,1,0,1,0,1,0,0,1,0,1,1,1,3
BBB,2014J,631954,1,South Region,Lower Than A Level,50-60%,0-35,0,120,0,Pass,16,1,1,0,0,0,0,1,1,1,0,1,0,1,1,10
BBB,2014J,632144,1,West Midlands Region,HE Qualification,20-Oct,35-55,1,60,0,Withdrawn,6,0,1,1,1,1,0,0,0,1,0,0,1,0,0,9
BBB,2014J,632255,0,South Region,Lower Than A Level,90-100%,35-55,1,120,0,Withdrawn,1,0,0,0,1,0,0,0,1,0,1,0,1,1,1,2
BBB,2014J,632281,1,North Western Region,A Level or Equivalent,0-10%,35-55,0,60,0,Pass,5,0,1,1,0,1,0,0,0,0,0,1,1,0,1,9
BBB,2014J,632431,1,South West Region,Lower Than A Level,20-30%,35-55,1,60,0,Withdrawn,7,1,0,1,1,0,1,1,1,0,0,0,1,1,1,3
BBB,2014J,632473,1,Scotland,A Level or Equivalent,80-90%,35-55,0,120,0,Fail,11,1,1,0,0,0,0,1,1,1,0,1,0,0,1,6
BBB,2014J,632605,1,South Region,A Level or Equivalent,20-30%,0-35,1,60,0,Fail,11,1,0,0,1,0,1,0,0,0,1,0,0,1,1,6
BBB,2014J,632632,1,South West Region,HE Qualification,20-Oct,0-35,1,60,0,Pass,4,0,1,0,1,0,1,1,0,1,1,1,0,0,0,8
BBB,2014J,632722,1,South Region,Lower Than A Level,40-50%,0-35,0,60,0,Withdrawn,11,0,1,1,1,0,0,0,0,0,1,1,0,1,1,6
BBB,2014J,632955,0,London Region,A Level or Equivalent,20-Oct,0-35,0,60,0,Pass,11,0,0,0,1,1,0,0,1,1,0,0,1,1,0,6
BBB,2014J,633016,0,West Midlands Region,A Level or Equivalent,0-10%,0-35,1,60,0,Withdrawn,2,1,1,1,1,1,1,1,1,1,0,0,0,0,1,2
BBB,2014J,633206,1,London Region,Lower Than A Level,20-Oct,0-35,0,60,0,Fail,4,1,1,1,0,0,1,0,0,0,0,0,0,0,1,8
BBB,2014J,633902,1,Yorkshire Region,HE Qualification,0-10%,0-35,0,60,0,Pass,12,1,1,0,0,1,0,1,0,0,0,0,0,0,0,7
BBB,2014J,633949,1,South Region,A Level or Equivalent,90-100%,0-35,0,60,0,Distinction,13,0,1,0,1,1,0,1,0,0,0,0,1,1,1,5
BBB,2014J,634247,1,East Anglian Region,A Level or Equivalent,50-60%,0-35,0,60,0,Fail,13,1,0,1,1,0,0,1,0,1,1,0,0,1,0,5
BBB,2014J,634636,0,London Region,A Level or Equivalent,30-40%,0-35,0,60,0,Pass,16,0,0,1,1,0,1,1,1,0,1,0,0,1,0,10
BBB,2014J,634772,1,North Region,Lower Than A Level,20-30%,0-35,0,120,0,Pass,4,0,0,1,0,0,0,1,0,1,1,1,0,1,0,8
BBB,2014J,635251,1,London Region,HE Qualification,20-Oct,0-35,0,60,0,Withdrawn,10,0,1,0,1,1,1,1,1,1,0,1,1,0,1,1
BBB,2014J,635328,0,London Region,Lower Than A Level,0-10%,0-35,0,90,0,Fail,16,0,1,0,0,0,1,0,0,0,0,0,0,0,0,10
BBB,2014J,635425,1,West Midlands Region,Lower Than A Level,50-60%,0-35,0,60,0,Withdrawn,7,1,0,1,1,1,1,0,0,1,0,0,1,0,1,3
BBB,2014J,635452,1,Scotland,HE Qualification,20-30%,0-35,0,60,0,Pass,4,0,1,1,0,1,1,1,0,1,1,1,1,1,0,8
BBB,2014J,635561,1,Scotland,A Level or Equivalent,30-40%,0-35,0,60,0,Fail,8,0,0,0,1,0,1,1,0,0,0,0,1,0,1,3
BBB,2014J,635716,1,South West Region,A Level or Equivalent,20-Oct,0-35,0,60,0,Withdrawn,6,1,0,1,1,1,1,0,0,0,1,0,1,1,1,9
BBB,2014J,635777,1,Wales,A Level or Equivalent,30-40%,0-35,1,60,0,Pass,9,1,1,0,1,1,0,0,1,0,0,0,1,0,0,4
BBB,2014J,635890,1,Scotland,A Level or Equivalent,0-10%,0-35,0,120,0,Fail,16,1,0,1,0,0,1,1,0,1,0,0,1,0,0,10
BBB,2014J,635921,0,East Anglian Region,A Level or Equivalent,40-50%,0-35,0,120,0,Pass,9,0,1,1,0,0,1,1,1,0,1,0,0,0,1,4
BBB,2014J,635924,1,East Anglian Region,A Level or Equivalent,40-50%,0-35,0,60,0,Pass,9,1,0,0,0,0,0,0,1,0,1,1,1,1,0,4
BBB,2014J,636064,1,South Region,HE Qualification,60-70%,0-35,0,60,0,Withdrawn,10,1,0,1,0,1,0,1,1,0,1,0,0,0,0,1
BBB,2014J,636302,1,Scotland,A Level or Equivalent,50-60%,35-55,0,60,1,Pass,8,0,0,0,0,0,1,0,0,0,0,1,0,1,0,3
BBB,2014J,636525,1,Scotland,A Level or Equivalent,60-70%,0-35,0,60,0,Pass,4,1,1,0,0,0,1,0,1,1,0,0,1,0,0,8
BBB,2014J,636660,1,North Western Region,Lower Than A Level,0-10%,0-35,0,60,0,Withdrawn,14,0,1,1,1,0,1,1,1,0,1,0,1,1,1,5
BBB,2014J,636807,1,Ireland,Lower Than A Level,20-Oct,0-35,0,60,0,Withdrawn,7,1,1,1,1,0,1,1,0,1,0,0,1,1,1,3
BBB,2014J,636953,1,South East Region,HE Qualification,70-80%,0-35,0,120,0,Fail,16,1,1,1,1,0,0,0,1,1,1,1,1,0,0,10
BBB,2014J,637003,1,South East Region,Lower Than A Level,20-30%,0-35,0,60,0,Pass,5,0,0,1,0,0,0,1,0,1,1,0,0,0,1,9
BBB,2014J,637063,1,South Region,A Level or Equivalent,80-90%,0-35,0,60,0,Pass,2,1,0,1,0,0,1,1,1,0,0,0,1,1,0,2
BBB,2014J,637238,1,South East Region,HE Qualification,20-30%,35-55,0,120,0,Pass,5,1,1,0,0,0,0,1,0,1,0,0,1,1,0,9
BBB,2014J,637279,1,South East Region,Lower Than A Level,70-80%,0-35,0,120,0,Pass,13,1,1,1,1,1,1,0,1,0,0,1,1,1,0,5
BBB,2014J,637295,1,London Region,A Level or Equivalent,20-30%,0-35,0,120,1,Withdrawn,13,1,0,1,1,1,0,0,0,0,0,0,1,1,0,5
BBB,2014J,637348,1,North Western Region,A Level or Equivalent,0-10%,0-35,0,120,0,Fail,3,0,0,1,1,1,0,1,0,1,0,1,0,0,0,8
BBB,2014J,637370,1,Scotland,A Level or Equivalent,30-40%,35-55,0,60,0,Pass,11,0,0,1,1,1,1,0,0,0,0,1,1,1,0,6
BBB,2014J,637382,0,East Midlands Region,HE Qualification,50-60%,0-35,0,120,0,Pass,10,0,1,0,1,0,1,0,0,1,0,0,0,0,0,1
BBB,2014J,637388,1,South Region,Lower Than A Level,60-70%,0-35,0,60,0,Fail,8,1,0,0,0,0,1,0,0,1,0,0,0,0,0,3
BBB,2014J,637414,1,West Midlands Region,A Level or Equivalent,70-80%,35-55,0,60,0,Distinction,11,0,0,0,0,1,0,0,1,1,0,0,0,0,0,6
BBB,2014J,637586,1,West Midlands Region,A Level or Equivalent,20-Oct,0-35,0,60,0,Distinction,14,1,1,0,0,0,0,0,1,0,1,0,0,1,1,5
BBB,2014J,637715,0,South Region,Lower Than A Level,60-70%,35-55,0,60,0,Pass,2,1,0,0,0,0,0,0,0,1,0,0,1,1,0,2
BBB,2014J,637810,1,East Anglian Region,Lower Than A Level,90-100%,35-55,0,60,0,Pass,13,1,1,0,0,0,1,0,1,1,1,1,0,0,0,5
BBB,2014J,637815,1,Wales,HE Qualification,70-80%,35-55,0,60,0,Distinction,16,0,1,0,0,1,1,0,1,0,0,1,0,0,0,10
BBB,2014J,637820,1,Wales,Lower Than A Level,70-80%,35-55,0,90,0,Fail,9,1,0,1,0,1,0,0,1,1,0,0,1,1,1,4
BBB,2014J,637867,1,Wales,Lower Than A Level,50-60%,35-55,0,60,0,Fail,7,0,1,0,0,1,1,0,1,1,0,0,1,1,1,3
BBB,2014J,637903,1,Wales,Lower Than A Level,20-Oct,0-35,0,60,0,Pass,5,0,0,0,0,1,1,0,0,0,0,0,0,1,1,9
BBB,2014J,638036,1,Yorkshire Region,Lower Than A Level,20-30%,35-55,0,120,0,Withdrawn,13,0,1,1,1,1,1,1,0,1,1,0,1,1,0,5
BBB,2014J,638417,1,South West Region,A Level or Equivalent,30-40%,0-35,0,120,0,Withdrawn,13,1,1,0,1,0,1,0,0,0,1,0,0,1,0,5
BBB,2014J,638516,1,Yorkshire Region,HE Qualification,0-10%,35-55,0,60,0,Distinction,16,0,0,1,0,0,1,0,1,0,0,1,0,0,1,10
BBB,2014J,638544,1,West Midlands Region,A Level or Equivalent,20-Oct,0-35,0,120,0,Withdrawn,14,1,0,0,0,0,1,1,1,0,1,1,1,0,0,5
BBB,2014J,638554,1,East Anglian Region,HE Qualification,40-50%,0-35,0,60,0,Withdrawn,4,1,1,0,0,0,0,0,0,0,1,1,1,0,0,8
BBB,2014J,638575,1,North Western Region,HE Qualification,50-60%,0-35,0,120,0,Withdrawn,2,0,1,0,0,1,0,0,1,1,0,1,0,0,1,2
BBB,2014J,638756,1,London Region,A Level or Equivalent,30-40%,0-35,0,120,0,Pass,15,0,0,0,1,0,1,0,1,1,0,1,0,1,1,10
BBB,2014J,638818,1,West Midlands Region,A Level or Equivalent,40-50%,0-35,0,120,0,Withdrawn,12,1,0,1,0,0,0,0,1,0,1,1,0,0,1,7
BBB,2014J,638997,1,Scotland,Lower Than A Level,30-40%,35-55,0,60,1,Pass,16,0,0,1,1,0,0,1,0,0,0,0,0,0,0,10
BBB,2014J,639659,1,East Midlands Region,A Level or Equivalent,60-70%,0-35,0,120,0,Withdrawn,10,1,1,1,1,1,1,0,0,0,0,0,0,1,0,1
BBB,2014J,639663,1,Ireland,Lower Than A Level,70-80%,0-35,0,60,0,Pass,9,1,0,0,1,0,1,1,0,0,0,1,1,1,1,4
BBB,2014J,639724,1,East Midlands Region,Lower Than A Level,30-40%,0-35,0,90,0,Distinction,15,0,1,0,1,0,1,0,1,0,0,1,1,1,1,10
BBB,2014J,640225,1,Wales,Lower Than A Level,20-30%,0-35,0,60,0,Pass,8,0,1,0,1,0,1,1,1,1,0,0,1,0,0,3
BBB,2014J,640265,1,South East Region,A Level or Equivalent,60-70%,35-55,0,180,0,Withdrawn,7,0,0,0,0,1,0,1,1,0,0,1,1,0,1,3
BBB,2014J,640289,1,Yorkshire Region,A Level or Equivalent,70-80%,0-35,0,60,0,Withdrawn,4,1,0,0,0,1,1,1,1,0,0,0,0,1,1,8
BBB,2014J,640291,1,North Region,Lower Than A Level,20-Oct,0-35,0,120,0,Withdrawn,11,1,1,1,0,0,0,0,0,1,0,1,0,0,1,6
BBB,2014J,640330,0,South Region,Lower Than A Level,70-80%,55<=,0,60,0,Withdrawn,16,1,1,0,1,1,1,0,1,0,0,0,1,1,1,10
BBB,2014J,640425,1,West Midlands Region,A Level or Equivalent,50-60%,0-35,0,60,0,Pass,10,0,0,0,0,0,0,0,0,0,0,0,0,0,1,1
BBB,2014J,640455,0,Ireland,A Level or Equivalent,20-Oct,35-55,0,60,0,Fail,14,1,1,0,1,0,0,1,0,0,1,0,1,1,1,5
BBB,2014J,640501,1,London Region,A Level or Equivalent,0-10%,0-35,0,120,0,Withdrawn,1,0,1,1,0,1,0,1,0,1,0,1,1,0,0,2
BBB,2014J,640701,0,Ireland,Lower Than A Level,40-50%,35-55,0,60,0,Pass,7,1,0,0,1,1,1,0,0,0,0,1,1,0,0,3
BBB,2014J,640706,1,Yorkshire Region,A Level or Equivalent,50-60%,35-55,0,120,0,Withdrawn,8,0,1,1,0,0,0,1,1,1,0,0,0,1,1,3
BBB,2014J,640712,1,North Western Region,HE Qualification,0-10%,0-35,0,120,0,Withdrawn,9,1,0,1,0,0,0,1,1,0,1,1,1,0,0,4
BBB,2014J,640753,0,North Western Region,Lower Than A Level,20-Oct,0-35,0,60,0,Fail,8,0,0,1,1,0,0,1,0,0,0,0,1,0,1,3
BBB,2014J,641045,1,North Region,Lower Than A Level,30-40%,0-35,0,120,0,Withdrawn,9,0,0,0,1,1,0,0,0,1,0,0,1,1,0,4
BBB,2014J,641262,1,West Midlands Region,Lower Than A Level,20-30%,0-35,0,60,0,Withdrawn,9,1,1,0,0,0,1,0,0,0,1,1,1,0,0,4
BBB,2014J,641329,1,North Western Region,A Level or Equivalent,20-Oct,35-55,0,60,0,Fail,2,1,0,1,1,1,0,0,1,1,1,0,0,1,1,2
BBB,2014J,641540,1,East Midlands Region,Lower Than A Level,0-10%,0-35,0,120,1,Withdrawn,16,1,1,1,1,0,1,1,0,1,0,1,0,1,1,10
BBB,2014J,641616,1,Wales,A Level or Equivalent,20-Oct,0-35,0,60,0,Pass,6,0,1,0,1,0,0,1,0,1,1,0,0,0,0,9
BBB,2014J,641795,1,Scotland,A Level or Equivalent,80-90%,35-55,0,180,0,Withdrawn,4,0,0,1,1,0,0,0,0,1,0,0,0,0,0,8
BBB,2014J,641840,0,Ireland,A Level or Equivalent,20-Oct,0-35,0,60,0,Pass,6,0,0,0,0,1,0,0,0,1,1,1,1,0,1,9
BBB,2014J,641992,1,East Midlands Region,A Level or Equivalent,30-40%,35-55,0,60,1,Withdrawn,10,0,1,0,1,1,1,0,1,0,0,0,0,0,0,1
BBB,2014J,642067,1,South East Region,Lower Than A Level,70-80%,35-55,0,60,0,Pass,11,1,1,1,1,0,0,1,0,0,0,1,0,0,1,6
BBB,2014J,642075,0,Wales,Lower Than A Level,0-10%,0-35,0,60,0,Fail,7,0,0,0,0,0,1,0,0,0,0,1,0,0,0,3
BBB,2014J,642083,1,South East Region,A Level or Equivalent,60-70%,0-35,0,60,0,Pass,3,1,0,0,1,0,0,1,1,0,0,0,0,0,0,8
BBB,2014J,642122,1,Scotland,HE Qualification,20-30%,35-55,0,60,0,Pass,3,1,1,1,1,0,1,1,1,1,1,0,0,1,0,8
BBB,2014J,642201,1,Wales,Lower Than A Level,0-10%,0-35,0,60,0,Pass,14,0,0,1,1,1,1,1,0,1,1,1,1,0,1,5
BBB,2014J,642250,1,North Western Region,Lower Than A Level,50-60%,35-55,0,60,0,Fail,15,0,0,1,1,1,1,1,1,0,0,0,1,1,0,10
BBB,2014J,642292,1,London Region,A Level or Equivalent,20-30%,0-35,0,120,0,Withdrawn,9,1,0,0,0,1,0,0,0,1,0,0,0,1,1,4
BBB,2014J,642405,1,South West Region,A Level or Equivalent,70-80%,35-55,0,60,0,Distinction,11,1,0,0,0,0,0,1,0,0,0,0,1,1,1,6
BBB,2014J,642413,1,South West Region,Lower Than A Level,20-Oct,0-35,0,120,0,Pass,10,1,1,1,0,1,0,1,0,1,1,1,1,0,0,1
BBB,2014J,642439,1,Ireland,Lower Than A Level,,0-35,0,120,0,Withdrawn,9,0,0,0,0,1,0,1,1,1,1,1,1,1,1,4
BBB,2014J,642550,0,West Midlands Region,A Level or Equivalent,30-40%,0-35,0,60,0,Pass,1,0,0,0,0,1,0,0,1,0,0,1,0,0,0,2
BBB,2014J,642595,1,South Region,A Level or Equivalent,70-80%,35-55,0,60,0,Pass,1,1,0,1,1,0,1,1,0,0,1,0,1,0,1,2
BBB,2014J,642600,1,West Midlands Region,Lower Than A Level,40-50%,35-55,0,90,0,Pass,11,1,0,0,0,1,0,1,1,0,1,1,1,1,1,6
BBB,2014J,642633,1,Scotland,HE Qualification,70-80%,0-35,0,60,0,Fail,5,0,1,0,0,0,1,1,0,1,0,1,0,0,1,9
BBB,2014J,642698,1,East Midlands Region,Lower Than A Level,20-Oct,35-55,0,60,0,Pass,6,0,0,1,1,0,1,0,1,0,0,1,0,0,0,9
BBB,2014J,642731,1,South Region,A Level or Equivalent,60-70%,35-55,0,60,0,Withdrawn,7,0,1,0,0,0,0,1,1,0,0,1,1,0,0,3
BBB,2014J,642802,1,West Midlands Region,A Level or Equivalent,20-Oct,0-35,0,60,0,Withdrawn,9,1,1,0,0,1,1,1,1,0,0,1,0,1,0,4
BBB,2014J,642834,1,South East Region,A Level or Equivalent,80-90%,35-55,0,120,0,Pass,16,1,1,1,1,1,0,1,0,1,0,1,1,1,0,10
BBB,2014J,642836,1,South Region,HE Qualification,70-80%,0-35,0,60,0,Withdrawn,3,0,0,1,1,0,1,0,1,1,0,0,0,1,0,8
BBB,2014J,642988,1,London Region,Lower Than A Level,20-Oct,0-35,0,60,0,Fail,6,1,0,1,0,0,0,1,0,1,1,0,1,1,0,9
BBB,2014J,643172,1,London Region,HE Qualification,20-30%,35-55,0,120,0,Pass,8,0,0,1,1,1,0,0,1,1,0,1,1,0,1,3
BBB,2014J,643208,1,South West Region,Lower Than A Level,70-80%,35-55,0,60,0,Pass,1,0,1,0,0,0,1,0,1,1,0,1,1,1,0,2
BBB,2014J,643321,1,North Western Region,HE Qualification,70-80%,35-55,0,120,0,Distinction,13,0,0,0,1,1,1,0,1,0,0,0,1,1,1,5
BBB,2014J,643354,1,Wales,A Level or Equivalent,40-50%,0-35,0,60,0,Pass,1,0,0,1,1,0,1,0,0,1,1,1,0,1,0,2
BBB,2014J,643587,1,Wales,Lower Than A Level,20-Oct,0-35,0,60,0,Pass,4,0,1,1,1,1,0,1,0,1,0,1,1,0,1,8
BBB,2014J,643608,1,East Midlands Region,A Level or Equivalent,0-10%,0-35,0,60,1,Withdrawn,5,1,1,1,1,1,1,1,0,1,1,1,1,0,0,9
BBB,2014J,643953,0,Ireland,Lower Than A Level,0-10%,0-35,0,120,1,Fail,6,0,1,0,1,0,0,1,1,0,0,0,1,1,1,9
BBB,2014J,643986,0,London Region,Lower Than A Level,20-Oct,0-35,0,60,0,Pass,11,1,0,1,0,1,1,0,1,0,0,0,1,0,1,6
BBB,2014J,644069,1,Scotland,A Level or Equivalent,30-40%,0-35,0,60,0,Pass,6,0,0,1,1,1,0,1,1,1,1,1,1,1,1,9
BBB,2014J,644101,1,East Anglian Region,Lower Than A Level,20-30%,0-35,0,60,0,Withdrawn,7,0,0,1,1,0,0,0,1,1,0,1,0,0,1,3
BBB,2014J,644164,1,Yorkshire Region,Lower Than A Level,70-80%,0-35,0,90,0,Pass,4,1,1,1,0,1,0,0,0,1,0,0,0,0,0,8
BBB,2014J,644172,1,Wales,Lower Than A Level,30-40%,0-35,0,60,0,Pass,1,1,0,0,0,0,1,1,1,1,1,0,0,0,1,2
BBB,2014J,644362,1,South Region,A Level or Equivalent,50-60%,0-35,0,60,0,Pass,6,1,1,0,1,1,1,0,1,0,1,0,1,0,0,9
BBB,2014J,644482,1,West Midlands Region,Lower Than A Level,0-10%,0-35,0,60,0,Withdrawn,11,0,1,0,0,1,1,0,0,0,1,1,1,1,0,6
BBB,2014J,644484,1,South West Region,A Level or Equivalent,30-40%,35-55,0,120,0,Pass,10,0,1,0,1,1,1,0,0,0,1,1,0,1,1,1
BBB,2014J,644599,1,South East Region,HE Qualification,20-Oct,0-35,0,60,0,Pass,13,1,1,0,1,1,0,1,1,1,1,0,0,1,1,5
BBB,2014J,644793,1,Wales,Lower Than A Level,20-Oct,35-55,0,60,0,Distinction,14,0,1,1,0,0,0,0,0,1,1,0,0,0,0,5
BBB,2014J,644822,1,East Anglian Region,A Level or Equivalent,40-50%,0-35,0,120,0,Pass,16,0,1,0,0,0,0,1,1,0,0,0,0,1,0,10
BBB,2014J,644863,1,East Anglian Region,A Level or Equivalent,50-60%,0-35,0,60,0,Fail,10,0,0,1,0,0,1,0,0,0,0,1,0,0,1,1
BBB,2014J,644883,1,Wales,Lower Than A Level,30-40%,0-35,0,60,0,Withdrawn,13,0,0,1,0,0,1,1,1,1,1,0,1,1,0,5
BBB,2014J,644975,1,East Anglian Region,Lower Than A Level,40-50%,0-35,0,60,0,Withdrawn,10,1,1,1,0,1,1,0,0,1,1,0,1,1,1,1
BBB,2014J,644993,1,Scotland,HE Qualification,80-90%,35-55,0,60,0,Distinction,16,1,1,1,1,0,0,1,1,0,1,0,0,1,1,10
BBB,2014J,645042,1,South West Region,Lower Than A Level,20-30%,0-35,0,120,0,Fail,6,1,0,1,0,1,1,1,0,0,0,0,0,1,0,9
BBB,2014J,645047,1,London Region,A Level or Equivalent,30-40%,0-35,0,60,0,Pass,12,1,0,0,0,1,1,0,0,1,1,1,1,1,1,7
BBB,2014J,645052,1,West Midlands Region,Lower Than A Level,40-50%,35-55,0,120,0,Withdrawn,3,0,0,0,1,1,1,1,1,1,1,0,0,0,0,8
BBB,2014J,645098,1,Scotland,HE Qualification,30-40%,35-55,0,60,0,Pass,7,1,0,1,1,1,0,1,1,0,1,1,0,1,0,3
BBB,2014J,645183,1,London Region,Lower Than A Level,20-30%,0-35,0,60,0,Withdrawn,16,1,1,1,1,1,0,1,0,1,0,0,1,0,1,10
BBB,2014J,645248,1,East Anglian Region,Lower Than A Level,60-70%,0-35,0,60,0,Withdrawn,7,0,1,0,1,1,0,1,1,0,0,1,1,1,0,3
BBB,2014J,645256,1,South East Region,HE Qualification,90-100%,35-55,0,60,0,Distinction,1,0,0,1,1,0,1,1,0,1,1,0,1,1,1,2
BBB,2014J,645359,1,Yorkshire Region,A Level or Equivalent,20-30%,0-35,0,120,0,Pass,1,1,0,0,1,0,1,1,0,0,1,1,1,1,1,2
BBB,2014J,645370,1,Yorkshire Region,A Level or Equivalent,20-Oct,0-35,0,60,0,Pass,9,1,0,1,0,1,0,1,1,1,1,1,0,1,1,4
BBB,2014J,645371,1,East Anglian Region,Lower Than A Level,50-60%,0-35,0,60,0,Fail,2,0,1,0,1,0,0,1,0,1,0,1,1,0,0,2
BBB,2014J,645420,1,North Western Region,Lower Than A Level,80-90%,0-35,0,60,0,Fail,6,0,0,0,0,0,1,0,1,0,0,1,0,1,0,9
BBB,2014J,645510,1,West Midlands Region,Lower Than A Level,30-40%,0-35,0,60,0,Withdrawn,12,1,1,0,0,0,1,0,1,0,0,0,0,1,1,7
BBB,2014J,645639,1,London Region,Lower Than A Level,20-30%,0-35,0,60,0,Fail,14,1,1,0,0,1,0,1,0,0,1,1,1,1,0,5
BBB,2014J,645678,0,South West Region,A Level or Equivalent,40-50%,0-35,0,120,1,Pass,1,1,1,1,0,1,0,0,0,0,1,1,1,0,1,2
BBB,2014J,645753,1,Scotland,Lower Than A Level,40-50%,0-35,0,60,0,Fail,2,1,0,1,1,0,0,1,1,0,0,0,1,0,0,2
BBB,2014J,645793,1,North Western Region,Lower Than A Level,30-40%,0-35,0,60,0,Fail,9,0,1,1,1,1,1,1,1,1,0,0,0,0,1,4
BBB,2014J,645950,1,South West Region,Lower Than A Level,20-Oct,0-35,0,60,0,Pass,16,0,1,0,1,1,0,1,0,0,0,0,0,1,1,10
BBB,2014J,645996,0,West Midlands Region,A Level or Equivalent,20-30%,0-35,0,120,0,Withdrawn,2,1,1,1,0,0,0,0,1,1,0,0,1,1,1,2
BBB,2014J,646004,1,North Western Region,Lower Than A Level,20-30%,0-35,0,60,0,Withdrawn,8,0,1,0,0,0,1,1,1,1,0,0,1,0,0,3
BBB,2014J,646063,1,East Midlands Region,A Level or Equivalent,40-50%,35-55,0,60,0,Pass,13,0,0,0,1,0,0,1,0,0,1,1,1,1,0,5
BBB,2014J,646075,1,Scotland,HE Qualification,30-40%,35-55,0,120,0,Fail,6,1,1,0,1,0,0,0,0,0,1,1,1,0,1,9
BBB,2014J,646119,1,South West Region,Lower Than A Level,50-60%,35-55,0,60,0,Pass,7,1,0,0,1,1,0,1,1,1,0,0,1,0,0,3
BBB,2014J,646133,1,North Western Region,Lower Than A Level,20-30%,0-35,0,60,0,Withdrawn,7,0,1,1,1,1,0,0,1,1,0,1,0,1,0,3
BBB,2014J,646151,1,West Midlands Region,Lower Than A Level,20-30%,0-35,0,60,0,Withdrawn,2,1,0,0,0,1,1,0,0,0,1,1,0,1,1,2
BBB,2014J,646178,1,South Region,A Level or Equivalent,20-Oct,0-35,0,120,0,Fail,16,1,0,1,0,1,0,1,0,0,1,0,0,0,1,10
BBB,2014J,646202,1,Scotland,HE Qualification,90-100%,0-35,0,60,0,Pass,15,1,0,0,0,0,1,1,0,0,0,1,1,1,1,10
BBB,2014J,646260,1,South East Region,Lower Than A Level,20-30%,0-35,0,60,0,Fail,14,1,1,0,0,1,0,1,1,0,1,0,1,1,1,5
BBB,2014J,646352,1,London Region,Lower Than A Level,20-30%,35-55,0,60,0,Fail,9,1,1,0,1,1,1,1,0,1,0,0,1,1,1,4
BBB,2014J,646415,1,Yorkshire Region,A Level or Equivalent,20-Oct,0-35,0,120,0,Fail,3,1,1,1,0,1,1,0,0,1,1,1,0,1,0,8
BBB,2014J,646418,1,South West Region,A Level or Equivalent,50-60%,0-35,0,60,0,Distinction,2,1,0,0,1,1,1,1,0,1,0,0,1,0,0,2
BBB,2014J,646445,1,West Midlands Region,A Level or Equivalent,90-100%,0-35,0,60,0,Withdrawn,14,1,0,1,1,0,0,0,1,1,1,1,0,1,0,5
BBB,2014J,646455,1,North Region,Lower Than A Level,40-50%,0-35,0,60,0,Withdrawn,15,1,1,1,0,1,1,0,1,0,1,0,0,0,0,10
BBB,2014J,646482,1,North Region,Lower Than A Level,20-30%,35-55,0,60,0,Pass,6,0,0,1,1,1,1,1,0,1,0,1,0,0,0,9
BBB,2014J,646484,1,Scotland,A Level or Equivalent,50-60%,35-55,0,60,0,Pass,4,0,1,0,1,0,0,0,1,0,1,1,0,1,1,8
BBB,2014J,646515,0,North Region,Lower Than A Level,0-10%,0-35,0,120,0,Withdrawn,12,1,0,0,1,1,1,0,0,1,0,1,0,1,1,7
BBB,2014J,646579,1,West Midlands Region,A Level or Equivalent,20-Oct,0-35,0,60,0,Pass,13,0,1,0,1,1,1,1,1,1,1,1,0,1,1,5
BBB,2014J,646580,1,South West Region,A Level or Equivalent,50-60%,0-35,0,60,0,Withdrawn,11,0,1,0,0,1,0,1,0,0,0,0,0,1,0,6
BBB,2014J,646618,1,South Region,A Level or Equivalent,70-80%,0-35,0,120,0,Distinction,12,0,1,0,0,1,1,1,1,0,0,1,0,1,0,7
BBB,2014J,646636,1,London Region,Lower Than A Level,20-Oct,35-55,0,60,0,Withdrawn,14,0,0,1,1,0,0,1,1,1,1,1,1,1,1,5
BBB,2014J,646659,1,North Western Region,A Level or Equivalent,20-30%,0-35,0,60,0,Fail,1,0,1,1,1,1,0,1,1,1,1,0,0,1,0,2
BBB,2014J,646691,1,Ireland,Lower Than A Level,20-Oct,0-35,0,60,0,Fail,6,1,1,0,1,1,1,1,0,0,1,0,0,1,1,9
BBB,2014J,646770,1,South Region,A Level or Equivalent,70-80%,0-35,0,60,0,Withdrawn,5,0,1,0,1,0,1,1,1,1,0,1,0,1,1,9
BBB,2014J,646776,1,West Midlands Region,A Level or Equivalent,20-30%,0-35,0,60,0,Pass,13,1,0,0,1,1,0,1,0,1,1,1,1,0,1,5
BBB,2014J,646781,0,Ireland,A Level or Equivalent,0-10%,0-35,0,60,0,Pass,16,1,1,0,1,0,0,0,1,1,0,1,1,0,0,10
BBB,2014J,646798,1,South Region,A Level or Equivalent,90-100%,0-35,0,60,1,Pass,7,0,0,1,0,0,0,0,0,0,0,0,0,1,0,3
BBB,2014J,646844,1,East Anglian Region,A Level or Equivalent,60-70%,35-55,0,120,0,Pass,4,0,1,0,1,0,0,1,0,1,0,0,1,0,1,8
BBB,2014J,646852,1,South West Region,Lower Than A Level,80-90%,0-35,0,60,0,Withdrawn,2,1,0,0,0,1,0,0,1,1,1,1,0,1,1,2
BBB,2014J,646901,0,East Anglian Region,Lower Than A Level,20-30%,0-35,0,60,0,Pass,13,0,0,1,1,1,0,0,0,1,0,0,0,1,0,5
BBB,2014J,646906,0,West Midlands Region,Lower Than A Level,80-90%,0-35,0,60,0,Withdrawn,13,0,0,1,1,0,1,1,1,0,0,1,0,1,0,5
BBB,2014J,647056,0,London Region,Lower Than A Level,30-40%,35-55,0,60,0,Pass,6,0,1,0,0,0,1,1,0,0,0,0,1,0,0,9
BBB,2014J,647126,1,North Region,Lower Than A Level,20-Oct,0-35,0,60,0,Withdrawn,16,0,1,0,1,0,0,1,0,1,0,0,0,1,1,10
BBB,2014J,647200,1,West Midlands Region,Lower Than A Level,20-30%,0-35,0,60,0,Fail,10,0,1,1,1,0,0,1,1,0,0,1,1,1,0,1
BBB,2014J,647220,1,South West Region,Lower Than A Level,40-50%,0-35,0,120,0,Withdrawn,12,1,1,1,0,1,1,0,0,0,0,0,1,0,1,7
BBB,2014J,647312,1,London Region,HE Qualification,0-10%,35-55,0,120,0,Withdrawn,7,1,0,1,1,0,0,1,0,0,1,0,0,1,0,3
BBB,2014J,647346,1,South West Region,A Level or Equivalent,90-100%,0-35,0,60,0,Distinction,4,1,1,1,1,1,0,1,1,0,1,0,0,1,0,8
BBB,2014J,647385,1,East Anglian Region,A Level or Equivalent,40-50%,35-55,0,60,0,Distinction,6,0,1,1,0,1,1,1,0,0,1,1,1,1,0,9
BBB,2014J,647393,1,South Region,HE Qualification,90-100%,0-35,0,60,0,Pass,4,0,1,1,0,0,1,0,1,1,0,0,1,0,1,8
BBB,2014J,647395,1,East Midlands Region,A Level or Equivalent,40-50%,35-55,0,60,0,Distinction,11,1,0,0,1,1,0,1,1,1,1,1,1,0,0,6
BBB,2014J,647502,1,East Midlands Region,HE Qualification,60-70%,35-55,0,60,0,Pass,2,0,0,1,1,1,1,1,0,0,0,0,1,0,1,2
BBB,2014J,647511,1,Wales,A Level or Equivalent,50-60%,0-35,0,60,0,Fail,5,1,0,1,1,0,1,0,1,1,0,1,1,0,1,9
BBB,2014J,647553,1,Ireland,A Level or Equivalent,50-60%,0-35,0,60,0,Pass,8,1,0,1,0,1,1,0,1,0,1,1,1,0,1,3
BBB,2014J,647711,0,South West Region,Lower Than A Level,20-Oct,0-35,0,60,0,Withdrawn,6,0,1,1,1,1,1,1,1,0,0,1,0,0,0,9
BBB,2014J,647740,0,London Region,A Level or Equivalent,20-Oct,0-35,0,60,0,Withdrawn,12,0,1,0,0,1,0,0,1,0,0,0,1,0,0,7
BBB,2014J,647762,1,South East Region,Lower Than A Level,90-100%,35-55,0,60,0,Pass,16,1,0,0,0,0,0,0,0,1,0,1,1,1,1,10
BBB,2014J,647764,1,South East Region,Lower Than A Level,60-70%,35-55,0,60,0,Pass,16,0,1,1,0,1,0,0,1,1,1,1,0,0,1,10
BBB,2014J,647774,1,South East Region,Lower Than A Level,80-90%,0-35,0,120,0,Withdrawn,9,0,1,0,1,0,1,1,0,1,0,0,1,0,1,4
BBB,2014J,647803,1,Ireland,A Level or Equivalent,60-70%,0-35,0,60,0,Pass,5,0,1,0,1,1,0,0,1,1,1,0,0,1,1,9
BBB,2014J,647807,1,South West Region,Lower Than A Level,40-50%,0-35,0,60,0,Withdrawn,9,0,1,1,1,0,1,0,0,1,1,1,1,0,1,4
BBB,2014J,647864,0,South West Region,Lower Than A Level,20-Oct,35-55,0,120,0,Withdrawn,13,0,1,0,1,1,1,1,1,0,1,0,0,0,1,5
BBB,2014J,647876,1,East Anglian Region,Lower Than A Level,80-90%,0-35,0,120,0,Withdrawn,14,1,0,0,0,1,0,0,1,0,1,1,1,1,1,5
BBB,2014J,647883,1,London Region,A Level or Equivalent,20-Oct,0-35,0,60,0,Pass,14,0,1,0,0,0,1,1,0,1,1,1,1,0,0,5
BBB,2014J,647940,1,East Midlands Region,Lower Than A Level,0-10%,0-35,0,60,0,Withdrawn,14,0,0,0,0,0,1,1,0,1,1,0,1,0,0,5
BBB,2014J,647964,1,West Midlands Region,Lower Than A Level,50-60%,0-35,0,120,0,Withdrawn,16,1,1,1,0,1,1,1,1,0,0,1,1,0,1,10
BBB,2014J,647967,1,Yorkshire Region,Lower Than A Level,50-60%,0-35,0,60,0,Pass,4,1,0,0,0,0,0,1,1,1,0,0,1,1,1,8
BBB,2014J,647982,1,Wales,A Level or Equivalent,90-100%,0-35,0,120,0,Pass,11,1,1,0,0,0,0,0,1,0,1,1,1,0,1,6
BBB,2014J,647993,1,South East Region,Lower Than A Level,80-90%,0-35,0,60,0,Withdrawn,9,1,1,1,1,1,0,1,1,0,1,1,1,0,0,4
BBB,2014J,647999,1,South West Region,Lower Than A Level,70-80%,0-35,0,60,0,Withdrawn,11,0,1,1,1,1,0,1,1,0,1,1,1,0,1,6
BBB,2014J,648063,1,London Region,A Level or Equivalent,20-30%,0-35,0,120,0,Pass,15,0,1,0,1,0,0,1,1,0,0,0,1,1,0,10
BBB,2014J,648082,1,East Anglian Region,Lower Than A Level,40-50%,0-35,0,120,0,Fail,11,1,1,0,0,1,0,1,0,1,1,1,1,1,0,6
BBB,2014J,648119,1,East Midlands Region,Lower Than A Level,50-60%,0-35,0,60,0,Fail,15,0,1,1,0,1,0,1,0,1,0,0,0,1,1,10
BBB,2014J,648120,0,South Region,A Level or Equivalent,90-100%,35-55,0,60,0,Withdrawn,2,1,0,1,1,0,0,0,1,0,0,1,1,1,0,2
BBB,2014J,648127,1,Scotland,A Level or Equivalent,20-Oct,0-35,0,120,0,Withdrawn,9,0,0,1,1,1,0,0,0,0,1,1,1,1,1,4
BBB,2014J,648131,1,London Region,Lower Than A Level,20-30%,0-35,0,60,0,Fail,14,0,1,1,0,0,1,1,0,0,0,0,1,1,0,5
BBB,2014J,648135,1,West Midlands Region,A Level or Equivalent,0-10%,0-35,0,60,0,Pass,10,1,0,1,0,0,1,0,0,0,1,0,1,1,0,1
BBB,2014J,648182,1,South West Region,A Level or Equivalent,40-50%,35-55,0,60,0,Pass,8,0,1,0,1,0,0,0,1,0,1,1,0,1,0,3
BBB,2014J,648194,1,Yorkshire Region,Lower Than A Level,40-50%,0-35,0,60,0,Pass,12,1,1,1,0,0,0,0,0,1,1,1,0,1,1,7
BBB,2014J,648201,0,West Midlands Region,A Level or Equivalent,40-50%,0-35,0,60,1,Withdrawn,11,1,0,1,0,1,0,0,0,0,1,1,1,0,0,6
BBB,2014J,648203,1,London Region,A Level or Equivalent,20-Oct,0-35,0,60,0,Withdrawn,10,1,0,1,1,0,1,1,1,0,0,1,1,0,0,1
BBB,2014J,648238,1,London Region,A Level or Equivalent,20-30%,35-55,0,60,0,Withdrawn,9,0,0,0,0,0,0,0,1,1,0,1,0,1,1,4
BBB,2014J,648247,1,East Anglian Region,Lower Than A Level,30-40%,0-35,0,120,0,Withdrawn,9,1,0,1,0,1,1,1,0,1,0,1,0,0,0,4
BBB,2014J,648262,1,East Anglian Region,Lower Than A Level,50-60%,0-35,0,60,0,Pass,9,1,0,1,1,1,1,0,0,1,1,0,1,0,0,4
BBB,2014J,648310,1,East Anglian Region,Lower Than A Level,80-90%,0-35,0,60,0,Pass,12,1,1,1,1,0,1,0,1,1,0,0,1,1,0,7
BBB,2014J,648311,1,West Midlands Region,Lower Than A Level,20-30%,35-55,0,60,0,Fail,1,1,1,1,1,0,0,0,1,0,1,0,0,1,0,2
BBB,2014J,648317,1,South Region,No Formal quals,90-100%,0-35,0,150,0,Withdrawn,9,0,0,1,0,1,0,1,1,1,0,0,1,0,0,4
BBB,2014J,648335,1,Yorkshire Region,Lower Than A Level,0-10%,0-35,0,60,0,Fail,7,1,1,0,0,0,1,0,0,0,1,0,0,0,0,3
BBB,2014J,648386,1,North Region,Lower Than A Level,20-30%,35-55,0,120,0,Withdrawn,13,1,1,1,0,0,1,0,1,1,1,1,0,1,1,5
BBB,2014J,648391,1,Scotland,Lower Than A Level,30-40%,0-35,0,60,0,Fail,10,1,0,1,1,0,1,0,0,1,0,0,1,0,1,1
BBB,2014J,648416,1,North Region,A Level or Equivalent,80-90%,35-55,0,60,0,Pass,13,1,1,1,0,0,0,0,0,1,0,0,0,1,0,5
BBB,2014J,648449,1,East Anglian Region,A Level or Equivalent,60-70%,35-55,0,60,0,Distinction,15,1,1,0,0,1,1,1,0,1,1,1,0,0,0,10
BBB,2014J,648476,1,East Anglian Region,Lower Than A Level,80-90%,0-35,0,60,0,Pass,5,1,0,1,0,0,0,0,1,1,0,1,1,1,0,9
BBB,2014J,648487,0,North Region,Lower Than A Level,80-90%,0-35,0,60,0,Pass,10,1,0,1,1,1,1,0,0,1,1,1,1,0,0,1
BBB,2014J,648519,1,Wales,Lower Than A Level,80-90%,35-55,0,180,0,Withdrawn,4,0,0,1,1,0,1,1,1,1,0,1,1,1,1,8
BBB,2014J,648537,0,East Anglian Region,HE Qualification,60-70%,0-35,0,60,0,Pass,13,1,0,1,0,1,1,0,1,0,0,0,0,1,0,5
BBB,2014J,648543,1,North Region,Lower Than A Level,20-30%,0-35,0,60,0,Pass,9,0,0,0,0,1,1,0,0,0,0,0,0,1,0,4
BBB,2014J,648549,0,South East Region,HE Qualification,30-40%,0-35,0,60,0,Pass,8,0,0,0,0,1,1,0,0,0,0,1,1,0,0,3
BBB,2014J,648553,1,East Anglian Region,A Level or Equivalent,50-60%,0-35,0,60,0,Pass,7,1,0,1,0,0,0,1,1,1,1,1,1,0,1,3
BBB,2014J,648556,1,North Western Region,A Level or Equivalent,20-Oct,0-35,0,120,0,Withdrawn,7,0,0,0,0,0,1,1,1,0,1,0,0,1,1,3
BBB,2014J,648585,1,South Region,A Level or Equivalent,20-30%,0-35,0,120,0,Pass,7,1,1,1,1,0,1,1,0,0,1,0,1,1,1,3
BBB,2014J,648589,1,North Western Region,A Level or Equivalent,0-10%,35-55,0,120,0,Withdrawn,12,0,1,1,0,1,0,0,1,1,0,1,0,0,1,7
BBB,2014J,648596,1,North Western Region,Lower Than A Level,0-10%,35-55,0,60,0,Withdrawn,14,0,1,0,1,1,0,0,1,0,0,0,0,0,0,5
BBB,2014J,648640,1,West Midlands Region,A Level or Equivalent,60-70%,35-55,0,60,0,Withdrawn,10,1,0,0,0,1,0,1,1,1,1,0,0,0,1,1
BBB,2014J,648676,0,South Region,HE Qualification,70-80%,35-55,0,60,0,Withdrawn,2,1,0,1,1,0,0,1,1,1,0,0,1,1,0,2
BBB,2014J,648693,1,Scotland,A Level or Equivalent,0-10%,0-35,0,60,1,Distinction,13,0,1,0,0,0,0,1,1,0,0,1,0,1,1,5
BBB,2014J,648709,1,South Region,A Level or Equivalent,40-50%,0-35,0,120,0,Withdrawn,8,0,0,0,1,0,0,0,0,1,0,1,1,0,1,3
BBB,2014J,648713,1,North Western Region,Lower Than A Level,50-60%,0-35,0,60,0,Pass,8,1,0,0,1,1,1,1,0,0,0,0,1,1,1,3
BBB,2014J,648728,0,South West Region,A Level or Equivalent,40-50%,0-35,0,60,0,Pass,11,1,1,0,1,0,0,0,0,1,1,1,0,0,1,6
BBB,2014J,648751,0,Scotland,HE Qualification,50-60%,35-55,0,60,0,Pass,3,1,1,0,0,1,1,1,1,0,1,0,0,1,1,8
BBB,2014J,648754,1,East Anglian Region,A Level or Equivalent,70-80%,0-35,0,120,0,Withdrawn,4,0,0,1,0,0,1,0,0,0,1,1,0,0,0,8
BBB,2014J,648760,1,East Midlands Region,Lower Than A Level,80-90%,0-35,0,120,0,Pass,6,0,1,1,1,0,1,1,0,1,1,1,0,1,1,9
BBB,2014J,648778,1,Scotland,A Level or Equivalent,80-90%,0-35,0,60,0,Pass,6,1,0,1,0,1,0,1,1,1,0,1,1,0,0,9
BBB,2014J,648807,1,South Region,A Level or Equivalent,40-50%,0-35,0,120,0,Pass,9,0,1,1,1,1,1,0,0,1,1,1,1,1,1,4
BBB,2014J,648820,1,East Anglian Region,Lower Than A Level,70-80%,0-35,0,180,0,Withdrawn,7,0,0,0,0,0,1,0,0,1,1,0,1,1,0,3
BBB,2014J,648845,1,Wales,Lower Than A Level,50-60%,0-35,0,120,0,Pass,15,1,0,0,0,0,0,1,1,0,1,0,1,0,0,10
BBB,2014J,648928,1,North Region,Lower Than A Level,80-90%,0-35,0,60,0,Withdrawn,3,0,1,1,1,1,1,1,1,0,0,0,1,1,0,8
BBB,2014J,648951,1,East Midlands Region,No Formal quals,20-30%,0-35,0,60,0,Fail,3,0,0,1,0,0,0,1,0,0,0,1,0,0,1,8
BBB,2014J,648961,1,London Region,A Level or Equivalent,20-30%,0-35,0,60,0,Withdrawn,15,1,0,1,0,1,1,0,0,1,1,0,1,1,1,10
BBB,2014J,648985,1,East Anglian Region,Lower Than A Level,80-90%,0-35,0,60,0,Pass,7,1,0,1,1,1,0,1,1,1,1,0,0,1,1,3
BBB,2014J,649000,1,London Region,Lower Than A Level,0-10%,0-35,0,120,0,Withdrawn,1,1,0,1,1,0,0,1,1,1,0,0,1,0,1,2
BBB,2014J,649018,1,Ireland,A Level or Equivalent,50-60%,0-35,0,60,0,Pass,14,0,0,0,0,1,0,1,0,1,1,0,0,1,0,5
BBB,2014J,649025,1,West Midlands Region,Lower Than A Level,50-60%,35-55,0,60,0,Pass,6,1,1,1,1,1,0,1,0,0,1,1,1,1,0,9
BBB,2014J,649026,0,Ireland,Lower Than A Level,90-100%,35-55,0,120,0,Withdrawn,13,1,0,1,0,0,0,1,1,0,1,1,0,0,1,5
BBB,2014J,649027,1,Yorkshire Region,A Level or Equivalent,20-Oct,0-35,0,120,0,Fail,16,0,0,0,1,0,0,0,1,0,0,0,1,1,1,10
BBB,2014J,649110,1,West Midlands Region,A Level or Equivalent,50-60%,0-35,0,60,0,Pass,2,0,0,1,0,0,1,1,1,1,0,1,0,0,1,2
BBB,2014J,649119,1,Yorkshire Region,A Level or Equivalent,70-80%,35-55,0,60,0,Pass,1,0,0,1,0,0,0,0,0,1,0,0,1,0,0,2
BBB,2014J,649189,1,Yorkshire Region,Lower Than A Level,20-30%,35-55,0,60,0,Distinction,15,0,1,1,0,1,0,0,0,0,1,0,0,0,1,10
BBB,2014J,649209,1,East Midlands Region,Lower Than A Level,70-80%,0-35,0,120,0,Withdrawn,3,0,1,0,0,1,1,0,0,1,0,1,0,1,1,8
BBB,2014J,649221,1,South Region,Lower Than A Level,40-50%,35-55,0,60,0,Pass,7,1,1,1,1,1,0,1,1,0,0,1,1,1,0,3
BBB,2014J,649231,1,South Region,A Level or Equivalent,60-70%,0-35,0,60,0,Pass,15,1,0,1,0,0,0,0,1,1,1,0,1,1,0,10
BBB,2014J,649247,1,East Anglian Region,Lower Than A Level,50-60%,35-55,0,60,0,Withdrawn,3,1,0,0,1,1,0,0,1,0,1,0,0,0,1,8
BBB,2014J,649278,1,West Midlands Region,Lower Than A Level,60-70%,0-35,0,60,0,Withdrawn,9,0,1,1,0,1,0,0,0,0,1,0,0,1,1,4
BBB,2014J,649291,1,South Region,Lower Than A Level,50-60%,0-35,0,60,0,Pass,7,1,0,0,1,1,1,1,0,0,1,1,1,1,1,3
BBB,2014J,649345,1,East Anglian Region,HE Qualification,90-100%,35-55,0,60,0,Pass,10,0,1,0,0,0,1,0,1,0,0,0,1,1,1,1
BBB,2014J,649351,1,East Midlands Region,Lower Than A Level,70-80%,35-55,0,60,1,Withdrawn,5,0,1,0,0,1,0,1,0,0,1,1,1,1,0,9
BBB,2014J,649444,1,Yorkshire Region,A Level or Equivalent,60-70%,35-55,0,180,0,Withdrawn,2,1,1,1,0,1,1,0,0,0,1,0,1,0,1,2
BBB,2014J,649518,1,East Anglian Region,A Level or Equivalent,60-70%,0-35,0,60,0,Pass,6,1,1,1,0,0,0,0,1,0,0,0,1,1,0,9
BBB,2014J,649542,1,South Region,A Level or Equivalent,50-60%,0-35,0,60,0,Withdrawn,9,1,1,1,1,1,1,1,1,1,0,1,0,0,0,4
BBB,2014J,649543,1,East Anglian Region,Lower Than A Level,50-60%,0-35,0,60,0,Fail,13,0,1,1,0,1,0,0,1,0,0,1,1,1,0,5
BBB,2014J,649578,1,Scotland,Lower Than A Level,30-40%,0-35,0,120,0,Fail,10,0,0,0,1,1,1,1,0,1,0,0,1,0,0,1
BBB,2014J,649621,1,East Anglian Region,Lower Than A Level,80-90%,0-35,0,60,0,Fail,16,1,0,1,1,1,0,0,0,0,0,1,0,0,1,10
BBB,2014J,649638,1,South West Region,Lower Than A Level,50-60%,0-35,0,60,0,Withdrawn,14,1,1,1,1,1,0,0,1,0,1,0,0,1,0,5
BBB,2014J,649654,1,South East Region,Lower Than A Level,60-70%,35-55,0,60,0,Distinction,12,1,1,1,1,0,0,1,1,0,0,1,0,1,0,7
BBB,2014J,649686,1,London Region,Lower Than A Level,0-10%,0-35,0,60,0,Withdrawn,16,1,1,0,0,1,1,0,0,1,1,0,0,1,0,10
BBB,2014J,649692,1,Scotland,Lower Than A Level,60-70%,0-35,0,60,0,Fail,2,0,0,0,1,0,0,1,1,1,0,1,0,1,0,2
BBB,2014J,649731,1,South East Region,Lower Than A Level,40-50%,0-35,0,120,0,Withdrawn,7,0,0,0,1,0,0,1,1,0,1,1,1,0,1,3
BBB,2014J,649742,1,West Midlands Region,Lower Than A Level,30-40%,0-35,0,150,0,Pass,10,0,1,1,1,0,1,0,0,1,0,1,0,0,0,1
BBB,2014J,649749,1,Scotland,A Level or Equivalent,40-50%,0-35,0,60,0,Pass,14,0,1,1,0,1,1,0,0,1,1,0,1,1,1,5
BBB,2014J,649795,1,London Region,Lower Than A Level,20-Oct,0-35,0,60,0,Pass,10,1,1,1,1,0,0,1,0,0,0,1,1,1,0,1
BBB,2014J,649824,1,South Region,A Level or Equivalent,40-50%,0-35,0,60,0,Distinction,4,0,0,0,1,1,0,1,1,0,0,0,0,0,1,8
BBB,2014J,649886,1,Yorkshire Region,A Level or Equivalent,60-70%,0-35,0,60,0,Withdrawn,3,0,0,0,1,1,1,1,1,1,1,1,0,1,1,8
BBB,2014J,649905,1,Scotland,HE Qualification,20-30%,0-35,0,60,0,Pass,10,0,1,1,1,1,1,0,1,0,0,1,0,0,0,1
BBB,2014J,649962,1,North Western Region,Lower Than A Level,80-90%,0-35,0,60,0,Pass,1,0,1,1,0,0,0,1,1,0,1,1,0,0,1,2
BBB,2014J,649980,1,Scotland,A Level or Equivalent,20-Oct,0-35,0,120,0,Withdrawn,7,1,1,1,1,1,1,1,1,0,1,1,1,1,1,3
BBB,2014J,650050,1,East Anglian Region,Lower Than A Level,20-Oct,0-35,0,60,0,Fail,15,0,0,0,1,0,1,1,0,1,1,0,1,1,0,10
BBB,2014J,650090,1,East Anglian Region,A Level or Equivalent,80-90%,0-35,0,120,0,Withdrawn,14,0,1,1,1,0,1,0,1,1,1,0,1,0,0,5
BBB,2014J,650114,1,North Western Region,A Level or Equivalent,0-10%,35-55,0,60,0,Pass,7,0,1,0,1,0,1,0,0,1,1,0,1,1,1,3
BBB,2014J,650121,1,East Anglian Region,Lower Than A Level,40-50%,0-35,0,60,0,Withdrawn,16,1,0,0,1,1,0,0,1,0,0,1,1,0,0,10
BBB,2014J,650161,1,East Anglian Region,A Level or Equivalent,40-50%,0-35,0,60,0,Distinction,13,1,0,0,1,0,1,0,0,1,1,1,0,1,1,5
BBB,2014J,650181,1,West Midlands Region,Lower Than A Level,20-Oct,0-35,0,60,0,Withdrawn,3,0,0,1,0,0,1,1,1,1,0,1,1,0,1,8
BBB,2014J,650247,1,South East Region,A Level or Equivalent,80-90%,35-55,0,60,0,Pass,13,1,0,1,0,1,0,1,1,1,1,1,0,1,1,5
BBB,2014J,650269,1,Yorkshire Region,Lower Than A Level,50-60%,0-35,0,120,0,Pass,1,1,0,0,1,1,0,1,0,0,1,1,0,1,1,2
BBB,2014J,650354,1,Wales,A Level or Equivalent,20-Oct,0-35,0,60,0,Withdrawn,7,1,1,1,1,1,1,1,0,1,1,1,1,1,0,3
BBB,2014J,650357,1,South Region,A Level or Equivalent,20-30%,35-55,0,120,0,Withdrawn,1,0,1,1,1,0,0,1,0,1,0,0,0,0,0,2
BBB,2014J,650371,0,South East Region,Lower Than A Level,70-80%,0-35,0,60,0,Pass,11,0,0,1,1,0,0,1,1,1,0,1,1,1,1,6
BBB,2014J,650433,1,Scotland,A Level or Equivalent,20-30%,0-35,0,120,0,Fail,14,1,0,0,1,1,1,1,0,0,0,1,1,1,1,5
BBB,2014J,650451,1,Wales,Lower Than A Level,20-30%,0-35,0,60,0,Withdrawn,6,1,0,0,1,1,1,1,0,1,1,0,0,0,0,9
BBB,2014J,650517,1,London Region,Lower Than A Level,20-30%,0-35,0,120,0,Fail,7,0,1,0,0,1,0,1,0,0,1,0,1,1,0,3
BBB,2014J,650531,1,London Region,HE Qualification,20-Oct,0-35,0,180,0,Pass,2,1,1,1,0,1,0,1,1,1,1,1,1,1,1,2
BBB,2014J,650548,1,Scotland,Lower Than A Level,0-10%,0-35,0,60,0,Fail,16,0,0,1,0,1,0,1,1,0,0,1,0,1,1,10
BBB,2014J,650565,1,Ireland,Lower Than A Level,50-60%,0-35,0,60,0,Fail,7,0,0,1,1,0,0,1,0,1,1,1,1,1,0,3
BBB,2014J,650606,1,West Midlands Region,No Formal quals,20-Oct,0-35,0,60,0,Distinction,2,0,0,0,1,1,1,0,1,1,0,0,0,1,1,2
BBB,2014J,650676,1,South Region,Lower Than A Level,40-50%,0-35,0,60,0,Withdrawn,11,1,1,1,1,0,0,0,0,0,0,0,0,0,1,6
BBB,2014J,650746,1,East Anglian Region,Lower Than A Level,70-80%,0-35,0,180,0,Withdrawn,11,0,0,1,1,1,0,0,1,1,1,1,1,1,1,6
BBB,2014J,650797,1,East Anglian Region,A Level or Equivalent,50-60%,0-35,0,60,0,Pass,14,0,1,0,0,1,0,0,0,0,0,0,0,1,1,5
BBB,2014J,650953,1,South Region,Lower Than A Level,50-60%,35-55,0,60,0,Fail,3,1,1,1,1,0,1,1,0,0,0,1,0,1,1,8
BBB,2014J,650958,1,South West Region,Lower Than A Level,20-30%,0-35,0,60,0,Pass,15,0,0,0,1,0,0,1,0,1,1,1,1,0,0,10
BBB,2014J,650961,1,West Midlands Region,A Level or Equivalent,50-60%,0-35,0,60,0,Withdrawn,14,0,1,0,1,1,0,0,0,0,1,1,0,0,0,5
BBB,2014J,650964,1,South East Region,Lower Than A Level,60-70%,0-35,0,60,0,Withdrawn,5,0,0,1,0,0,1,0,1,0,0,0,0,0,0,9
BBB,2014J,650979,1,South West Region,A Level or Equivalent,0-10%,0-35,0,60,0,Pass,6,0,1,0,1,1,1,0,1,1,1,1,1,0,1,9
BBB,2014J,651004,1,West Midlands Region,Lower Than A Level,0-10%,35-55,0,120,0,Withdrawn,9,0,0,0,1,1,0,0,1,0,1,1,1,1,0,4
BBB,2014J,651008,1,Wales,HE Qualification,80-90%,0-35,0,90,0,Pass,11,1,1,0,1,1,0,1,1,1,1,1,1,1,1,6
BBB,2014J,651027,1,London Region,A Level or Equivalent,80-90%,0-35,0,60,0,Pass,4,0,1,0,0,1,0,0,1,0,0,0,0,1,1,8
BBB,2014J,651030,1,East Anglian Region,Lower Than A Level,30-40%,0-35,0,120,0,Withdrawn,15,1,1,1,1,1,0,1,1,0,0,0,1,1,0,10
BBB,2014J,651065,1,South West Region,Lower Than A Level,60-70%,0-35,0,60,0,Pass,12,0,1,0,1,0,0,1,0,1,1,0,0,0,0,7
BBB,2014J,651087,1,North Western Region,A Level or Equivalent,0-10%,0-35,0,60,0,Fail,6,1,0,1,1,0,1,0,1,1,0,0,0,1,1,9
BBB,2014J,651089,1,South Region,A Level or Equivalent,20-30%,0-35,0,120,0,Withdrawn,5,0,1,1,0,1,1,1,0,1,1,0,0,0,1,9
BBB,2014J,651148,1,Scotland,A Level or Equivalent,30-40%,0-35,0,60,0,Pass,5,0,1,0,1,1,1,0,0,0,1,0,0,1,1,9
BBB,2014J,651177,1,Scotland,A Level or Equivalent,20-30%,35-55,0,60,0,Pass,10,0,0,0,1,0,0,0,1,0,1,1,0,1,0,1
BBB,2014J,651209,1,Yorkshire Region,A Level or Equivalent,20-30%,0-35,0,60,0,Pass,2,1,1,1,0,0,1,0,1,1,1,0,0,0,0,2
BBB,2014J,651257,1,Wales,Lower Than A Level,20-30%,35-55,0,60,0,Pass,14,1,0,1,0,1,1,0,1,1,1,0,0,1,0,5
BBB,2014J,651278,1,Yorkshire Region,A Level or Equivalent,30-40%,0-35,0,60,0,Fail,2,0,0,1,1,1,0,1,0,0,0,0,1,1,0,2
BBB,2014J,651324,1,London Region,Lower Than A Level,30-40%,0-35,0,60,0,Pass,12,0,1,1,0,0,0,0,1,1,1,1,1,0,0,7
BBB,2014J,651359,1,East Anglian Region,HE Qualification,70-80%,35-55,0,120,0,Distinction,4,0,1,0,0,0,0,0,0,1,0,0,0,1,1,8
BBB,2014J,651394,1,Scotland,HE Qualification,60-70%,0-35,0,120,0,Fail,16,0,1,1,0,0,0,0,0,0,0,1,0,0,0,10
BBB,2014J,651415,1,Yorkshire Region,A Level or Equivalent,60-70%,0-35,0,120,0,Pass,9,0,0,0,1,0,0,0,0,0,1,0,1,0,1,4
BBB,2014J,651429,1,Scotland,HE Qualification,70-80%,0-35,0,60,0,Pass,13,0,0,1,1,0,0,1,0,0,0,0,0,1,1,5
BBB,2014J,651520,1,London Region,HE Qualification,0-10%,0-35,0,60,0,Withdrawn,1,1,0,1,1,1,0,0,1,0,0,1,1,0,0,2
BBB,2014J,651544,1,Yorkshire Region,Lower Than A Level,20-30%,0-35,0,120,0,Pass,14,0,0,0,1,1,0,0,0,1,0,1,1,1,0,5
BBB,2014J,651586,1,East Midlands Region,Lower Than A Level,30-40%,0-35,0,120,0,Withdrawn,15,1,1,1,1,1,1,1,1,0,1,1,0,0,0,10
BBB,2014J,651605,0,Wales,Lower Than A Level,20-Oct,35-55,0,60,0,Pass,11,0,1,0,1,1,0,1,1,0,1,0,1,0,1,6
BBB,2014J,651609,1,West Midlands Region,Lower Than A Level,0-10%,0-35,0,120,0,Withdrawn,14,1,1,0,1,1,0,1,1,1,0,0,1,0,1,5
BBB,2014J,651610,1,London Region,Lower Than A Level,40-50%,0-35,0,60,0,Withdrawn,9,0,0,1,1,0,1,0,1,1,0,0,0,0,1,4
BBB,2014J,651655,1,London Region,Lower Than A Level,20-30%,0-35,0,60,0,Pass,1,0,1,0,1,0,1,0,0,0,1,1,1,0,0,2
BBB,2014J,651659,1,London Region,Lower Than A Level,20-30%,35-55,0,120,0,Pass,13,1,0,1,0,1,0,1,1,1,1,0,1,1,1,5
BBB,2014J,651678,1,Ireland,A Level or Equivalent,20-Oct,0-35,0,120,0,Pass,3,0,0,1,1,1,1,1,0,1,0,0,1,0,1,8
BBB,2014J,651775,0,Wales,Lower Than A Level,40-50%,0-35,0,120,0,Pass,10,1,1,0,1,1,0,1,1,1,0,0,1,1,1,1
BBB,2014J,651778,0,West Midlands Region,Lower Than A Level,20-Oct,0-35,0,60,0,Fail,5,1,0,1,1,0,0,0,1,0,0,0,0,0,0,9
BBB,2014J,651798,1,North Western Region,Lower Than A Level,30-40%,0-35,0,120,0,Withdrawn,3,1,0,1,0,1,0,1,0,1,1,0,1,1,0,8
BBB,2014J,651801,1,North Western Region,A Level or Equivalent,20-Oct,0-35,0,60,0,Withdrawn,15,1,1,1,1,1,1,0,1,0,1,1,0,1,1,10
BBB,2014J,651814,0,Yorkshire Region,HE Qualification,20-Oct,0-35,0,60,0,Withdrawn,5,1,0,0,0,0,0,0,0,1,0,0,0,1,0,9
BBB,2014J,651831,0,Yorkshire Region,A Level or Equivalent,60-70%,0-35,0,120,0,Withdrawn,1,0,1,0,1,0,1,1,1,1,1,1,1,1,1,2
BBB,2014J,651863,1,South West Region,A Level or Equivalent,20-Oct,0-35,0,60,0,Pass,3,1,1,0,0,0,1,1,0,0,1,0,0,0,0,8
BBB,2014J,651883,1,Scotland,Lower Than A Level,20-30%,35-55,0,60,0,Pass,5,0,1,0,1,0,1,1,0,1,1,1,0,0,1,9
BBB,2014J,651925,1,North Western Region,A Level or Equivalent,30-40%,0-35,0,120,1,Pass,16,1,0,0,1,1,0,1,1,1,1,0,1,1,0,10
BBB,2014J,651939,1,East Anglian Region,Lower Than A Level,30-40%,0-35,0,60,0,Pass,6,1,1,0,1,1,0,0,0,1,0,1,0,0,0,9
BBB,2014J,651974,1,South East Region,A Level or Equivalent,80-90%,35-55,0,120,0,Withdrawn,15,1,1,1,0,0,1,0,1,0,1,1,0,0,0,10
BBB,2014J,651979,1,North Western Region,A Level or Equivalent,20-Oct,0-35,0,60,0,Pass,5,0,0,1,1,1,0,1,1,1,0,0,1,1,1,9
BBB,2014J,651980,1,West Midlands Region,A Level or Equivalent,50-60%,0-35,0,120,0,Distinction,6,1,1,1,1,0,1,0,0,1,1,1,0,1,1,9
BBB,2014J,651991,1,Wales,HE Qualification,40-50%,0-35,0,120,0,Pass,8,0,0,0,1,1,1,0,0,0,0,1,0,1,0,3
BBB,2014J,652006,1,North Western Region,No Formal quals,0-10%,35-55,0,120,0,Withdrawn,2,1,0,1,0,0,0,0,0,1,1,1,0,0,0,2
BBB,2014J,652017,1,North Western Region,Lower Than A Level,30-40%,0-35,0,120,0,Withdrawn,3,0,1,1,0,0,1,0,1,1,0,0,0,1,1,8
BBB,2014J,652044,0,Scotland,HE Qualification,50-60%,0-35,0,60,0,Pass,12,1,0,0,1,1,0,1,0,0,0,1,1,0,1,7
BBB,2014J,652090,1,Wales,Lower Than A Level,70-80%,35-55,0,60,0,Distinction,8,0,1,1,0,0,0,0,1,0,1,0,0,0,0,3
BBB,2014J,652105,1,Wales,Lower Than A Level,0-10%,0-35,0,60,0,Fail,3,1,0,1,1,1,1,1,0,0,0,1,0,0,1,8
BBB,2014J,652114,1,Yorkshire Region,Lower Than A Level,0-10%,35-55,0,60,0,Fail,11,1,0,0,1,1,0,0,1,0,0,0,0,1,1,6
BBB,2014J,652130,1,East Midlands Region,Lower Than A Level,0-10%,35-55,0,60,0,Withdrawn,16,0,1,1,0,0,0,1,1,0,1,1,1,0,1,10
BBB,2014J,652149,1,East Anglian Region,No Formal quals,20-30%,0-35,0,60,0,Pass,5,0,1,0,0,0,0,1,1,1,0,1,0,0,1,9
BBB,2014J,652156,0,East Anglian Region,Lower Than A Level,30-40%,0-35,0,120,0,Pass,16,1,0,0,0,0,1,0,0,0,1,0,1,0,0,10
BBB,2014J,652158,1,Yorkshire Region,Lower Than A Level,30-40%,0-35,0,120,0,Pass,5,0,0,1,1,0,0,0,0,1,0,1,1,0,0,9
BBB,2014J,652226,1,South West Region,A Level or Equivalent,60-70%,0-35,0,60,0,Pass,1,1,1,1,0,1,1,1,1,0,0,1,0,1,0,2
BBB,2014J,652288,0,South East Region,A Level or Equivalent,20-30%,0-35,0,60,0,Fail,3,1,0,0,1,0,1,1,1,0,0,0,1,0,1,8
BBB,2014J,652315,1,North Western Region,Lower Than A Level,0-10%,0-35,0,120,0,Withdrawn,5,1,0,1,1,1,0,1,1,1,0,1,0,1,1,9
BBB,2014J,652366,1,Yorkshire Region,Lower Than A Level,80-90%,35-55,0,60,0,Withdrawn,4,1,1,1,0,0,1,1,1,1,0,1,1,0,0,8
BBB,2014J,652390,1,North Western Region,A Level or Equivalent,20-30%,0-35,0,60,0,Pass,9,1,1,0,1,1,1,1,0,1,1,1,0,1,1,4
BBB,2014J,652522,1,South West Region,Lower Than A Level,70-80%,0-35,0,60,0,Fail,1,1,0,0,0,0,1,1,0,1,1,1,1,0,0,2
BBB,2014J,652533,1,Yorkshire Region,Lower Than A Level,20-Oct,0-35,0,60,0,Withdrawn,13,0,0,1,0,1,0,0,1,1,0,0,0,1,1,5
BBB,2014J,652553,1,Yorkshire Region,A Level or Equivalent,20-30%,0-35,0,60,0,Pass,1,0,0,1,1,1,0,0,0,0,0,0,1,0,1,2
BBB,2014J,652556,1,East Midlands Region,A Level or Equivalent,20-Oct,35-55,0,60,0,Fail,4,0,0,0,0,1,1,1,1,1,0,0,0,0,1,8
BBB,2014J,652558,1,West Midlands Region,Lower Than A Level,40-50%,0-35,0,60,0,Withdrawn,14,1,1,1,0,0,0,0,1,1,0,0,1,0,1,5
BBB,2014J,652572,1,Yorkshire Region,A Level or Equivalent,40-50%,35-55,0,60,0,Pass,5,0,1,1,0,1,0,0,1,0,0,1,1,1,1,9
BBB,2014J,652584,1,South West Region,A Level or Equivalent,0-10%,0-35,0,120,0,Withdrawn,9,0,0,1,1,1,0,0,0,0,1,0,0,0,0,4
BBB,2014J,652585,1,East Midlands Region,A Level or Equivalent,50-60%,0-35,0,60,0,Withdrawn,10,0,0,1,0,1,0,0,1,1,1,1,1,1,0,1
BBB,2014J,652586,1,North Western Region,Lower Than A Level,90-100%,0-35,0,60,0,Distinction,10,1,0,1,0,0,1,1,1,1,1,0,0,1,0,1
BBB,2014J,652605,1,North Western Region,HE Qualification,0-10%,0-35,0,120,0,Pass,13,0,1,0,0,0,0,1,1,0,1,0,0,1,1,5
BBB,2014J,652731,1,Ireland,A Level or Equivalent,90-100%,0-35,0,120,0,Withdrawn,15,1,1,0,0,0,0,0,0,1,0,1,1,1,1,10
BBB,2014J,652744,1,East Anglian Region,No Formal quals,60-70%,0-35,0,180,0,Withdrawn,8,0,0,0,0,0,0,1,0,1,1,1,0,1,1,3
BBB,2014J,652754,1,South Region,Lower Than A Level,70-80%,0-35,0,60,0,Withdrawn,2,1,0,0,1,1,0,1,0,1,1,0,1,1,1,2
BBB,2014J,652803,1,London Region,HE Qualification,20-Oct,0-35,0,120,0,Withdrawn,10,0,1,0,0,1,0,1,1,0,1,1,0,0,0,1
BBB,2014J,652818,1,South East Region,A Level or Equivalent,70-80%,0-35,0,60,0,Pass,13,1,0,0,1,0,0,1,1,1,1,0,1,1,0,5
BBB,2014J,652851,1,North Western Region,Lower Than A Level,0-10%,0-35,0,60,0,Pass,3,1,0,1,0,0,1,0,1,0,0,1,0,0,1,8
BBB,2014J,652886,0,South Region,A Level or Equivalent,40-50%,0-35,0,90,1,Pass,5,1,1,0,0,1,0,0,0,0,0,1,1,1,0,9
BBB,2014J,652906,1,East Anglian Region,A Level or Equivalent,30-40%,0-35,0,60,1,Withdrawn,16,0,0,1,1,0,1,0,0,1,1,1,0,0,1,10
BBB,2014J,652933,1,Yorkshire Region,Lower Than A Level,0-10%,0-35,0,240,0,Withdrawn,10,1,0,0,0,1,1,0,0,1,0,0,1,0,1,1
BBB,2014J,652969,1,Wales,A Level or Equivalent,0-10%,35-55,0,60,0,Pass,1,1,0,1,0,0,0,1,1,0,0,1,1,1,1,2
BBB,2014J,653027,1,London Region,Lower Than A Level,0-10%,0-35,0,60,1,Fail,8,0,0,1,0,1,0,0,1,1,1,1,0,0,1,3
BBB,2014J,653034,1,East Anglian Region,No Formal quals,30-40%,0-35,0,120,0,Withdrawn,12,0,1,0,1,1,0,1,0,0,0,1,1,0,0,7
BBB,2014J,653052,1,South West Region,Lower Than A Level,30-40%,0-35,0,90,0,Fail,11,0,1,1,0,1,1,1,1,0,1,1,0,1,0,6
BBB,2014J,653059,1,Scotland,Lower Than A Level,40-50%,0-35,0,60,1,Fail,12,0,1,0,0,1,1,1,0,1,0,0,1,1,1,7
BBB,2014J,653068,1,Yorkshire Region,A Level or Equivalent,0-10%,0-35,0,120,0,Pass,8,1,1,1,1,1,0,0,1,1,1,0,1,0,0,3
BBB,2014J,653086,1,East Anglian Region,A Level or Equivalent,90-100%,35-55,0,60,1,Distinction,6,0,1,0,0,0,1,1,0,0,1,0,1,0,0,9
BBB,2014J,653097,1,West Midlands Region,Lower Than A Level,20-30%,0-35,0,60,0,Withdrawn,15,1,0,0,1,1,1,1,0,1,0,1,1,0,0,10
BBB,2014J,653188,1,South East Region,Lower Than A Level,0-10%,0-35,0,60,0,Fail,9,0,1,0,0,1,0,1,0,0,1,1,0,0,0,4
BBB,2014J,653193,1,London Region,Lower Than A Level,20-30%,35-55,0,60,0,Withdrawn,14,0,1,0,1,0,1,0,1,1,0,1,1,0,0,5
BBB,2014J,653239,1,London Region,Lower Than A Level,0-10%,0-35,0,60,0,Pass,7,0,1,1,0,0,1,1,1,1,0,0,1,1,1,3
BBB,2014J,653240,1,East Anglian Region,Lower Than A Level,80-90%,0-35,0,240,0,Pass,13,0,1,0,0,1,0,1,0,0,0,0,1,0,1,5
BBB,2014J,653244,1,South East Region,Lower Than A Level,30-40%,0-35,0,60,0,Withdrawn,8,1,0,1,1,0,0,0,0,0,1,0,0,1,1,3
BBB,2014J,653262,0,South West Region,A Level or Equivalent,20-30%,0-35,0,120,0,Pass,12,1,0,1,1,0,1,1,0,0,0,1,0,1,0,7
BBB,2014J,653295,1,Wales,Lower Than A Level,20-30%,35-55,0,60,1,Withdrawn,3,0,0,0,1,0,1,0,0,0,1,0,0,1,1,8
BBB,2014J,653384,1,North Region,A Level or Equivalent,30-40%,0-35,0,120,0,Withdrawn,10,1,1,0,1,1,1,1,0,1,0,1,0,0,1,1
BBB,2014J,653385,1,North Region,A Level or Equivalent,0-10%,35-55,0,120,0,Withdrawn,2,1,1,1,0,1,0,1,1,0,0,1,0,0,0,2
BBB,2014J,653465,1,Yorkshire Region,Lower Than A Level,30-40%,0-35,0,60,0,Fail,14,1,0,0,0,0,0,1,0,0,0,1,1,1,0,5
BBB,2014J,653541,1,West Midlands Region,A Level or Equivalent,30-40%,0-35,0,120,0,Withdrawn,15,0,0,1,0,0,0,0,0,0,0,0,1,1,1,10
BBB,2014J,653551,1,South West Region,Lower Than A Level,20-Oct,0-35,0,180,0,Withdrawn,1,0,1,0,1,1,0,1,1,1,0,1,0,0,0,2
BBB,2014J,653577,1,South Region,HE Qualification,90-100%,35-55,0,60,0,Distinction,6,0,1,1,1,0,0,0,0,1,0,1,0,1,1,9
BBB,2014J,653597,1,North Region,A Level or Equivalent,70-80%,0-35,0,60,0,Fail,11,0,0,0,1,0,1,0,0,1,1,0,1,0,1,6
BBB,2014J,653633,0,East Midlands Region,Lower Than A Level,60-70%,35-55,0,60,0,Withdrawn,8,1,0,1,0,0,0,0,1,1,1,0,0,1,1,3
BBB,2014J,653664,1,London Region,A Level or Equivalent,0-10%,0-35,0,120,0,Pass,6,1,0,1,0,1,1,0,1,0,0,0,0,1,0,9
BBB,2014J,653702,1,South Region,Lower Than A Level,20-Oct,0-35,0,60,0,Pass,10,1,0,1,0,1,1,1,0,1,1,1,0,0,0,1
BBB,2014J,653730,1,East Midlands Region,Lower Than A Level,20-Oct,0-35,0,60,0,Withdrawn,2,0,0,1,0,0,1,0,0,1,0,0,0,0,0,2
BBB,2014J,653752,1,Wales,A Level or Equivalent,70-80%,0-35,0,60,0,Fail,12,1,1,0,0,0,0,1,0,1,0,0,1,1,1,7
BBB,2014J,653762,1,South West Region,Lower Than A Level,,0-35,0,60,0,Fail,13,0,1,0,0,1,0,0,1,0,1,0,0,1,1,5
BBB,2014J,653826,1,North Western Region,HE Qualification,30-40%,35-55,0,120,0,Withdrawn,9,1,0,0,1,0,0,1,0,1,1,1,0,0,0,4
BBB,2014J,653840,1,Scotland,A Level or Equivalent,50-60%,0-35,0,60,0,Pass,10,0,0,1,1,1,0,0,0,1,1,1,1,1,1,1
BBB,2014J,653870,1,North Western Region,A Level or Equivalent,20-30%,35-55,0,60,0,Pass,13,0,0,1,0,1,0,1,1,1,0,0,1,0,1,5
BBB,2014J,653944,1,Yorkshire Region,A Level or Equivalent,60-70%,0-35,0,120,0,Pass,15,1,1,1,1,0,0,0,1,0,1,0,0,0,0,10
BBB,2014J,653951,1,South East Region,HE Qualification,80-90%,0-35,0,60,0,Fail,10,0,0,0,1,0,1,1,1,0,1,0,1,1,1,1
BBB,2014J,653952,1,East Midlands Region,A Level or Equivalent,20-30%,35-55,0,150,0,Withdrawn,9,0,0,0,1,0,1,0,1,1,1,1,0,1,1,4
BBB,2014J,653958,1,London Region,A Level or Equivalent,20-30%,0-35,0,120,0,Pass,15,1,0,0,1,0,0,0,0,1,0,0,0,1,1,10
BBB,2014J,654001,0,South Region,Lower Than A Level,70-80%,0-35,0,120,0,Withdrawn,11,1,0,1,0,1,0,0,0,1,1,1,1,1,0,6
BBB,2014J,654005,1,Wales,A Level or Equivalent,40-50%,0-35,0,120,0,Pass,6,0,0,1,1,1,1,1,1,0,1,1,0,1,0,9
BBB,2014J,654043,1,Yorkshire Region,A Level or Equivalent,50-60%,0-35,0,180,0,Pass,2,1,0,1,0,0,0,0,0,0,1,1,1,1,1,2
BBB,2014J,654071,1,East Midlands Region,A Level or Equivalent,70-80%,35-55,0,60,0,Withdrawn,1,1,0,0,1,0,0,0,0,1,1,1,0,1,0,2
BBB,2014J,654206,1,East Anglian Region,Lower Than A Level,80-90%,0-35,0,120,0,Pass,16,1,1,1,1,1,1,1,0,0,1,0,1,0,1,10
BBB,2014J,654214,1,South West Region,Lower Than A Level,20-Oct,35-55,0,60,0,Withdrawn,11,1,0,1,0,1,1,0,0,1,0,0,0,0,0,6
BBB,2014J,654256,1,North Western Region,Lower Than A Level,20-30%,0-35,0,120,0,Withdrawn,13,0,1,0,1,0,0,1,1,1,0,1,1,1,1,5
BBB,2014J,654259,1,London Region,HE Qualification,0-10%,0-35,0,120,0,Withdrawn,8,1,0,0,1,1,0,1,0,0,1,0,1,1,1,3
BBB,2014J,654265,1,South East Region,A Level or Equivalent,70-80%,0-35,0,60,0,Withdrawn,15,1,1,1,0,1,1,0,0,1,0,0,1,0,0,10
BBB,2014J,654333,1,East Midlands Region,A Level or Equivalent,50-60%,0-35,0,60,0,Withdrawn,4,1,1,0,1,0,1,0,0,0,1,1,1,1,1,8
BBB,2014J,654392,1,Wales,HE Qualification,80-90%,35-55,0,60,0,Withdrawn,9,0,0,0,0,0,0,0,1,1,1,0,0,0,1,4
BBB,2014J,654404,1,Ireland,Lower Than A Level,20-Oct,0-35,0,60,0,Pass,15,0,0,0,1,0,0,1,0,0,1,1,0,1,1,10
BBB,2014J,654415,0,West Midlands Region,Lower Than A Level,20-Oct,0-35,0,60,1,Pass,11,0,1,1,1,1,0,0,0,1,0,0,1,0,1,6
BBB,2014J,654422,1,East Midlands Region,No Formal quals,0-10%,0-35,0,60,0,Withdrawn,9,1,1,1,0,0,0,0,1,0,0,1,0,1,0,4
BBB,2014J,654524,1,East Midlands Region,Lower Than A Level,50-60%,0-35,0,120,0,Pass,3,1,0,1,0,1,0,1,0,1,1,0,1,1,0,8
BBB,2014J,654545,1,Scotland,HE Qualification,0-10%,35-55,0,60,0,Fail,12,0,0,1,0,1,0,0,1,1,1,1,0,1,0,7
BBB,2014J,654585,1,London Region,HE Qualification,20-30%,0-35,0,120,0,Fail,6,1,0,0,1,1,0,0,0,1,1,1,0,0,1,9
BBB,2014J,654639,1,London Region,No Formal quals,20-30%,0-35,0,120,0,Withdrawn,10,1,0,0,0,1,1,0,1,0,1,0,0,1,0,1
BBB,2014J,654657,1,Ireland,HE Qualification,60-70%,0-35,0,60,0,Pass,3,0,0,1,1,0,0,1,1,0,1,0,1,1,1,8
BBB,2014J,654678,0,South East Region,A Level or Equivalent,60-70%,0-35,0,60,0,Withdrawn,15,0,1,0,1,1,0,0,1,0,1,1,1,0,1,10
BBB,2014J,654796,1,London Region,A Level or Equivalent,40-50%,0-35,0,120,1,Withdrawn,8,1,1,0,0,1,0,1,1,0,1,1,1,1,1,3
BBB,2014J,654856,1,West Midlands Region,Lower Than A Level,90-100%,0-35,0,120,0,Pass,2,0,0,1,1,0,0,1,0,1,0,0,1,0,0,2
BBB,2014J,654913,1,West Midlands Region,Lower Than A Level,70-80%,35-55,0,120,0,Withdrawn,9,1,1,1,1,0,0,1,0,1,1,0,1,1,1,4
BBB,2014J,654923,1,East Midlands Region,Lower Than A Level,40-50%,0-35,0,60,0,Withdrawn,15,0,1,0,1,0,1,0,0,0,0,0,0,0,0,10
BBB,2014J,654958,1,East Anglian Region,Lower Than A Level,70-80%,35-55,0,180,0,Withdrawn,1,1,1,0,0,0,0,1,0,1,0,0,0,0,1,2
BBB,2014J,655084,1,East Midlands Region,Lower Than A Level,50-60%,0-35,0,120,0,Pass,15,1,1,1,0,1,0,1,0,0,1,1,0,0,1,10
BBB,2014J,655086,1,East Anglian Region,Lower Than A Level,50-60%,35-55,0,60,0,Fail,4,0,1,1,1,1,0,1,1,1,0,1,0,0,1,8
BBB,2014J,655152,1,Scotland,HE Qualification,90-100%,0-35,0,120,0,Withdrawn,16,1,1,0,1,0,0,0,0,1,1,1,1,0,1,10
BBB,2014J,655155,1,East Anglian Region,A Level or Equivalent,90-100%,35-55,0,60,0,Withdrawn,13,0,0,0,1,1,1,1,1,0,0,0,0,0,0,5
BBB,2014J,655224,1,London Region,A Level or Equivalent,20-30%,0-35,0,60,0,Withdrawn,9,0,1,0,0,0,1,0,1,1,1,1,0,1,1,4
BBB,2014J,655230,1,East Midlands Region,A Level or Equivalent,20-30%,0-35,0,120,0,Withdrawn,16,0,1,0,1,1,1,1,1,1,1,0,0,1,1,10
BBB,2014J,655296,1,North Region,A Level or Equivalent,30-40%,0-35,0,90,0,Pass,9,1,1,0,1,1,1,0,0,1,0,1,1,1,1,4
BBB,2014J,655314,0,London Region,A Level or Equivalent,90-100%,0-35,0,120,0,Distinction,13,0,0,1,0,0,0,0,1,1,1,1,1,1,1,5
BBB,2014J,655342,1,Yorkshire Region,A Level or Equivalent,0-10%,35-55,0,60,0,Pass,10,1,1,0,0,1,0,0,1,0,1,0,0,0,1,1
BBB,2014J,655406,1,East Midlands Region,Lower Than A Level,0-10%,0-35,0,120,0,Withdrawn,13,0,0,1,1,0,0,1,0,0,0,0,0,1,0,5
BBB,2014J,655414,1,West Midlands Region,Lower Than A Level,60-70%,0-35,0,60,0,Withdrawn,9,1,0,1,0,0,0,0,0,1,1,1,0,1,0,4
BBB,2014J,655460,1,Ireland,Lower Than A Level,20-30%,0-35,0,60,0,Fail,12,0,0,0,0,0,0,0,0,0,0,0,1,0,1,7
BBB,2014J,655471,1,Wales,Lower Than A Level,20-30%,0-35,0,60,0,Fail,5,1,1,0,1,0,0,0,0,0,1,1,0,1,0,9
BBB,2014J,655546,1,Ireland,HE Qualification,,35-55,0,60,0,Pass,14,1,1,0,1,1,0,1,1,1,1,0,1,0,0,5
BBB,2014J,655547,1,Ireland,A Level or Equivalent,20-Oct,35-55,0,60,0,Pass,10,1,1,0,1,0,0,0,1,0,0,0,1,1,1,1
BBB,2014J,655572,1,Wales,Lower Than A Level,50-60%,0-35,0,60,0,Fail,7,1,0,1,0,0,1,1,1,1,0,0,0,1,0,3
BBB,2014J,655605,1,Ireland,Lower Than A Level,50-60%,35-55,0,60,0,Fail,10,0,0,0,0,0,0,1,1,0,1,1,0,0,1,1
BBB,2014J,655613,1,Ireland,Lower Than A Level,60-70%,35-55,0,60,0,Fail,15,0,1,0,0,1,1,0,1,0,0,1,1,1,0,10
BBB,2014J,655662,0,East Midlands Region,Lower Than A Level,50-60%,0-35,0,60,0,Fail,5,0,1,1,1,0,0,1,0,0,1,0,1,0,1,9
BBB,2014J,655668,0,South East Region,A Level or Equivalent,30-40%,0-35,0,60,0,Fail,15,1,1,0,0,1,0,1,1,0,1,1,0,0,0,10
BBB,2014J,655828,1,Yorkshire Region,A Level or Equivalent,20-30%,35-55,0,60,0,Pass,11,0,0,1,1,1,1,0,0,1,1,1,1,0,0,6
BBB,2014J,655829,1,Wales,A Level or Equivalent,0-10%,0-35,0,60,0,Withdrawn,4,0,0,1,1,0,0,0,0,1,1,1,1,0,0,8
BBB,2014J,655878,1,South Region,Lower Than A Level,30-40%,35-55,0,60,1,Withdrawn,5,1,1,1,1,0,0,1,0,1,0,0,0,1,1,9
BBB,2014J,655992,0,Yorkshire Region,HE Qualification,50-60%,35-55,0,60,0,Withdrawn,3,0,1,0,1,1,1,1,0,0,1,1,1,0,1,8
BBB,2014J,656067,1,East Midlands Region,Lower Than A Level,20-Oct,35-55,0,60,0,Pass,14,0,1,1,0,1,0,0,0,1,1,0,1,0,0,5
BBB,2014J,656089,1,Scotland,HE Qualification,0-10%,0-35,0,60,0,Withdrawn,13,1,0,1,0,0,1,0,1,0,0,0,0,1,1,5
BBB,2014J,656112,1,East Anglian Region,Lower Than A Level,30-40%,0-35,0,180,0,Withdrawn,16,1,0,0,0,1,0,0,1,1,1,0,0,0,1,10
BBB,2014J,656122,1,Ireland,Lower Than A Level,30-40%,35-55,0,60,0,Withdrawn,2,0,1,0,1,0,0,0,0,0,1,0,0,1,0,2
BBB,2014J,656129,1,South East Region,A Level or Equivalent,50-60%,0-35,0,120,0,Withdrawn,15,0,1,0,0,1,0,0,0,1,0,0,1,0,0,10
BBB,2014J,656181,1,Ireland,Lower Than A Level,40-50%,35-55,0,60,0,Fail,13,1,0,1,1,0,0,0,1,0,0,0,1,1,1,5
BBB,2014J,656187,0,Ireland,A Level or Equivalent,20-30%,0-35,0,60,0,Pass,3,1,0,1,1,1,1,0,1,0,1,1,1,0,0,8
BBB,2014J,656190,0,Ireland,Lower Than A Level,0-10%,0-35,0,60,0,Pass,2,0,1,1,0,0,1,1,0,0,1,1,0,0,1,2
BBB,2014J,656194,1,Ireland,Lower Than A Level,70-80%,35-55,0,120,0,Pass,2,0,1,0,0,1,0,0,1,0,1,0,0,1,1,2
BBB,2014J,656196,1,Ireland,Lower Than A Level,70-80%,0-35,0,60,0,Pass,11,0,0,1,0,0,0,1,1,0,0,1,0,1,0,6
BBB,2014J,656197,0,Scotland,HE Qualification,30-40%,0-35,0,60,0,Pass,2,1,0,0,1,0,0,0,0,1,0,0,1,0,0,2
BBB,2014J,656200,0,Ireland,Lower Than A Level,0-10%,35-55,0,60,0,Pass,12,1,1,1,0,1,1,0,0,0,1,1,1,1,0,7
BBB,2014J,656204,1,Ireland,A Level or Equivalent,50-60%,0-35,0,60,0,Withdrawn,15,0,0,1,0,1,1,1,1,0,0,1,1,1,0,10
BBB,2014J,656206,1,Ireland,Lower Than A Level,20-30%,35-55,0,60,0,Pass,15,0,1,1,0,1,0,1,1,1,0,1,1,1,1,10
BBB,2014J,656208,1,Ireland,Lower Than A Level,40-50%,0-35,0,60,0,Pass,7,1,0,0,0,0,1,1,1,0,1,0,1,1,0,3
BBB,2014J,656217,1,South Region,Lower Than A Level,20-30%,0-35,0,60,0,Pass,4,0,0,1,0,0,0,1,0,1,1,1,1,0,1,8
BBB,2014J,656222,1,East Anglian Region,A Level or Equivalent,40-50%,35-55,0,120,0,Fail,3,1,1,0,1,0,1,0,1,0,0,0,1,0,1,8
BBB,2014J,656227,1,Ireland,A Level or Equivalent,20-Oct,35-55,0,60,0,Distinction,16,0,0,1,1,0,1,1,0,0,0,1,0,0,0,10
BBB,2014J,656228,1,North Western Region,Lower Than A Level,40-50%,0-35,0,120,0,Withdrawn,1,0,1,1,1,0,1,0,1,1,0,0,1,0,1,2
BBB,2014J,656253,1,Ireland,Lower Than A Level,40-50%,0-35,0,60,0,Pass,11,0,0,0,0,0,1,1,0,0,1,1,0,0,1,6
BBB,2014J,656276,1,West Midlands Region,A Level or Equivalent,20-Oct,0-35,0,60,0,Fail,8,0,0,1,1,0,0,0,1,1,1,0,0,0,1,3
BBB,2014J,656352,1,East Anglian Region,Lower Than A Level,30-40%,35-55,0,60,0,Pass,7,0,0,0,1,0,0,0,0,1,0,0,1,1,1,3
BBB,2014J,656373,1,Wales,A Level or Equivalent,80-90%,35-55,0,60,0,Distinction,11,0,0,0,0,0,1,0,0,1,0,0,0,1,0,6
BBB,2014J,656386,1,London Region,A Level or Equivalent,20-Oct,0-35,0,60,0,Pass,2,0,0,0,1,1,0,1,1,1,0,1,0,0,1,2
BBB,2014J,656412,1,East Anglian Region,A Level or Equivalent,70-80%,0-35,0,120,0,Withdrawn,12,0,1,0,1,1,1,1,0,1,1,1,1,1,0,7
BBB,2014J,656453,1,Ireland,Lower Than A Level,40-50%,0-35,0,60,0,Withdrawn,12,0,0,0,1,1,0,0,1,1,1,0,1,0,1,7
BBB,2014J,656455,0,Ireland,A Level or Equivalent,40-50%,0-35,0,60,0,Fail,4,0,1,0,0,1,1,0,1,1,0,0,0,1,1,8
BBB,2014J,656472,1,West Midlands Region,A Level or Equivalent,60-70%,0-35,0,60,0,Withdrawn,8,1,0,1,1,0,1,1,1,0,1,1,0,1,0,3
BBB,2014J,656475,0,Ireland,HE Qualification,80-90%,35-55,0,60,0,Fail,1,1,1,1,1,1,1,1,0,0,1,1,1,1,0,2
BBB,2014J,656481,1,Ireland,A Level or Equivalent,40-50%,35-55,0,60,0,Pass,1,1,1,0,0,1,0,0,0,0,0,1,1,0,1,2
BBB,2014J,656494,1,Ireland,A Level or Equivalent,0-10%,0-35,0,60,0,Pass,4,0,1,1,1,1,1,1,0,1,1,1,0,0,0,8
BBB,2014J,656522,1,South East Region,A Level or Equivalent,20-Oct,0-35,0,60,0,Pass,8,0,0,1,0,1,1,1,0,0,1,1,0,1,1,3
BBB,2014J,656540,0,West Midlands Region,A Level or Equivalent,20-Oct,0-35,0,60,0,Pass,2,1,0,1,0,1,0,1,1,0,0,1,1,0,1,2
BBB,2014J,656549,1,Scotland,Lower Than A Level,50-60%,0-35,0,60,0,Withdrawn,10,0,0,1,0,0,0,1,1,0,1,0,0,1,1,1
BBB,2014J,656557,1,South East Region,Lower Than A Level,60-70%,35-55,0,60,0,Pass,7,0,0,0,1,1,1,1,0,0,1,1,1,1,1,3
BBB,2014J,656566,1,London Region,A Level or Equivalent,20-Oct,0-35,0,180,0,Fail,3,1,0,0,0,0,1,1,0,0,0,0,1,1,1,8
BBB,2014J,656576,1,Yorkshire Region,Lower Than A Level,0-10%,0-35,0,180,0,Withdrawn,4,1,1,1,1,0,1,0,1,1,0,0,1,0,0,8
BBB,2014J,656681,1,Wales,A Level or Equivalent,20-30%,0-35,0,60,0,Pass,9,1,0,1,0,0,0,1,1,0,0,1,0,1,0,4
BBB,2014J,656698,1,Ireland,Lower Than A Level,0-10%,35-55,0,60,0,Fail,6,1,1,0,1,1,1,0,0,0,0,0,1,0,0,9
BBB,2014J,656711,1,Ireland,Lower Than A Level,60-70%,35-55,0,60,0,Pass,3,0,1,0,0,0,1,0,0,0,1,0,0,1,1,8
BBB,2014J,656755,1,London Region,A Level or Equivalent,20-Oct,0-35,0,60,0,Fail,1,1,0,1,0,0,1,0,1,0,0,0,1,0,1,2
BBB,2014J,656784,1,Scotland,HE Qualification,20-30%,0-35,0,60,0,Fail,13,1,0,0,1,0,1,0,0,0,1,1,0,1,1,5
BBB,2014J,656873,1,East Anglian Region,A Level or Equivalent,90-100%,0-35,0,120,0,Pass,8,1,0,1,1,1,1,1,1,0,1,1,0,0,0,3
BBB,2014J,656915,1,Scotland,HE Qualification,60-70%,0-35,0,60,0,Pass,12,1,1,0,1,0,1,0,1,0,1,1,1,0,1,7
BBB,2014J,656990,0,London Region,Lower Than A Level,70-80%,35-55,0,60,0,Pass,4,1,0,0,1,1,1,0,1,0,1,1,1,1,0,8
BBB,2014J,657032,1,South Region,Lower Than A Level,50-60%,35-55,0,60,0,Pass,1,1,1,1,1,1,1,0,1,1,0,0,0,0,1,2
BBB,2014J,657099,1,South Region,A Level or Equivalent,30-40%,0-35,0,120,1,Fail,14,0,0,1,0,0,1,1,1,0,1,1,1,0,0,5
BBB,2014J,657290,1,Yorkshire Region,Lower Than A Level,20-30%,0-35,0,60,0,Pass,12,1,0,0,0,1,1,0,0,0,1,1,0,0,0,7
BBB,2014J,657293,1,Yorkshire Region,A Level or Equivalent,30-40%,0-35,0,60,0,Distinction,8,0,0,0,1,0,1,1,0,0,1,0,0,1,1,3
BBB,2014J,674201,1,West Midlands Region,A Level or Equivalent,60-70%,0-35,0,60,0,Withdrawn,1,0,0,1,0,0,0,0,1,1,0,0,1,1,1,2
BBB,2014J,674214,1,South Region,HE Qualification,40-50%,35-55,0,60,0,Pass,16,1,1,1,0,1,0,0,1,0,0,1,1,0,1,10
BBB,2014J,674276,1,Scotland,HE Qualification,30-40%,35-55,0,60,0,Pass,10,0,0,1,0,1,1,0,1,1,0,0,1,1,0,1
BBB,2014J,674280,1,Yorkshire Region,Lower Than A Level,20-Oct,35-55,0,120,0,Withdrawn,16,0,1,1,1,0,0,0,1,1,0,0,1,0,1,10
BBB,2014J,674290,1,North Region,A Level or Equivalent,80-90%,0-35,0,60,0,Distinction,14,0,0,1,0,1,0,1,0,1,0,0,1,1,1,5
BBB,2014J,674319,1,Yorkshire Region,Lower Than A Level,0-10%,0-35,0,60,0,Withdrawn,10,1,0,1,1,0,0,0,0,0,0,0,1,1,0,1
BBB,2014J,674322,0,Scotland,HE Qualification,40-50%,0-35,0,60,0,Pass,4,0,1,1,1,1,0,1,1,1,1,0,0,0,0,8
BBB,2014J,674323,1,London Region,Lower Than A Level,0-10%,0-35,0,60,0,Withdrawn,1,0,1,0,0,0,0,1,0,1,1,1,0,1,1,2
BBB,2014J,674349,1,South Region,A Level or Equivalent,30-40%,0-35,0,60,0,Distinction,4,0,1,1,1,0,0,1,1,1,1,1,0,0,1,8
BBB,2014J,674495,1,Scotland,A Level or Equivalent,20-Oct,0-35,0,60,0,Pass,7,1,1,0,1,1,0,0,1,0,1,1,1,1,1,3
BBB,2014J,674501,1,North Western Region,A Level or Equivalent,30-40%,0-35,0,60,1,Withdrawn,5,0,0,0,0,1,0,1,1,0,1,0,0,0,0,9
BBB,2014J,674502,1,South East Region,Lower Than A Level,50-60%,0-35,0,60,0,Withdrawn,1,1,1,1,0,1,1,1,0,1,0,1,0,0,1,2
BBB,2014J,674548,1,Ireland,Lower Than A Level,0-10%,35-55,0,60,0,Withdrawn,16,0,1,0,0,0,0,0,0,1,1,1,0,1,0,10
BBB,2014J,674576,1,North Western Region,A Level or Equivalent,60-70%,35-55,0,60,0,Pass,8,0,1,0,0,1,0,1,1,1,1,0,1,0,1,3
BBB,2014J,674605,1,Wales,Lower Than A Level,90-100%,35-55,0,60,0,Pass,8,0,0,1,0,0,0,1,0,0,1,0,0,0,1,3
BBB,2014J,674616,1,Yorkshire Region,A Level or Equivalent,70-80%,0-35,0,60,0,Fail,7,0,0,1,1,0,1,1,0,1,1,1,1,1,0,3
BBB,2014J,674643,0,West Midlands Region,Lower Than A Level,20-30%,0-35,0,120,0,Withdrawn,1,0,0,1,0,0,1,1,0,0,0,0,0,1,0,2
BBB,2014J,674746,1,East Anglian Region,HE Qualification,50-60%,0-35,0,120,0,Withdrawn,11,1,1,1,0,1,0,0,0,1,1,0,1,0,1,6
BBB,2014J,674748,1,West Midlands Region,A Level or Equivalent,0-10%,0-35,0,120,0,Withdrawn,4,1,1,1,1,1,0,1,1,0,1,1,0,0,1,8
BBB,2014J,674758,1,South Region,A Level or Equivalent,80-90%,0-35,0,60,0,Withdrawn,10,1,1,0,1,1,0,1,0,0,0,0,0,0,1,1
BBB,2014J,674777,1,Scotland,Lower Than A Level,20-Oct,0-35,0,60,0,Pass,11,1,1,0,0,1,0,1,0,1,0,0,0,0,1,6
BBB,2014J,674784,1,South West Region,HE Qualification,40-50%,0-35,0,120,0,Pass,13,1,1,0,0,0,1,0,0,1,0,1,1,1,0,5
BBB,2014J,674922,1,North Region,Lower Than A Level,30-40%,35-55,0,60,0,Pass,11,1,0,0,0,0,0,1,0,1,1,1,1,1,1,6
BBB,2014J,674960,1,South West Region,A Level or Equivalent,50-60%,35-55,0,60,0,Pass,1,0,1,1,0,0,1,0,1,0,0,1,0,0,1,2
BBB,2014J,675042,1,Yorkshire Region,No Formal quals,0-10%,0-35,0,60,0,Pass,13,1,1,1,1,0,0,0,1,0,0,1,1,1,1,5
BBB,2014J,675047,1,North Region,HE Qualification,30-40%,0-35,0,60,0,Withdrawn,8,1,0,0,0,0,0,1,1,0,1,1,0,0,0,3
BBB,2014J,675059,1,London Region,Lower Than A Level,0-10%,0-35,0,60,0,Fail,12,0,0,0,0,0,1,0,1,1,1,1,1,0,1,7
BBB,2014J,675085,1,Scotland,Lower Than A Level,0-10%,0-35,0,60,1,Pass,10,1,1,1,1,1,0,0,0,0,1,0,1,0,1,1
BBB,2014J,675094,1,East Midlands Region,Lower Than A Level,20-Oct,35-55,0,90,0,Withdrawn,1,1,1,1,0,0,0,1,0,0,0,0,0,0,1,2
BBB,2014J,675096,0,East Midlands Region,Lower Than A Level,0-10%,35-55,0,60,0,Withdrawn,7,0,1,0,0,0,0,1,1,0,1,0,0,0,1,3
BBB,2014J,675116,1,London Region,Lower Than A Level,30-40%,0-35,0,240,0,Withdrawn,16,1,1,0,0,0,1,1,1,1,1,1,1,0,0,10
BBB,2014J,675159,1,Scotland,Lower Than A Level,20-30%,35-55,0,60,0,Pass,14,0,1,0,1,1,0,0,1,1,0,1,1,1,1,5
BBB,2014J,675161,0,London Region,Lower Than A Level,20-Oct,0-35,0,120,1,Withdrawn,8,1,1,1,1,0,1,0,0,0,1,0,1,1,0,3
BBB,2014J,675165,1,Yorkshire Region,HE Qualification,30-40%,35-55,0,60,0,Withdrawn,7,1,1,0,1,1,0,0,0,1,0,0,0,0,0,3
BBB,2014J,675178,1,Wales,A Level or Equivalent,80-90%,0-35,0,60,0,Withdrawn,4,1,0,1,0,0,1,0,1,0,1,0,1,1,0,8
BBB,2014J,675223,1,Scotland,Lower Than A Level,0-10%,0-35,0,60,0,Pass,7,0,0,1,1,1,0,1,1,0,0,1,0,0,0,3
BBB,2014J,675231,1,Scotland,A Level or Equivalent,90-100%,0-35,0,60,0,Pass,1,0,0,1,0,1,0,0,0,1,1,0,1,0,1,2
BBB,2014J,675246,1,West Midlands Region,HE Qualification,70-80%,0-35,0,60,0,Withdrawn,9,1,0,0,0,0,0,1,1,0,1,0,0,0,0,4
BBB,2014J,675526,1,Scotland,Lower Than A Level,0-10%,35-55,0,120,0,Pass,16,1,0,1,1,0,1,0,1,1,0,0,0,0,1,10
BBB,2014J,675576,1,South East Region,Lower Than A Level,20-30%,35-55,0,60,0,Pass,14,1,0,0,1,0,1,0,1,0,1,0,1,0,0,5
BBB,2014J,675627,1,London Region,Lower Than A Level,0-10%,0-35,0,120,0,Withdrawn,9,1,1,0,1,1,0,1,0,0,1,0,0,1,0,4
BBB,2014J,675671,1,West Midlands Region,A Level or Equivalent,0-10%,35-55,0,60,0,Withdrawn,10,1,1,0,0,0,1,0,0,0,1,1,1,0,0,1
BBB,2014J,675673,1,North Region,A Level or Equivalent,80-90%,0-35,0,60,0,Withdrawn,6,1,0,0,1,0,1,0,0,0,0,1,1,0,0,9
BBB,2014J,675728,1,East Midlands Region,Lower Than A Level,40-50%,0-35,0,60,0,Fail,15,1,1,0,1,0,1,1,1,0,0,0,0,0,1,10
BBB,2014J,675750,1,West Midlands Region,Lower Than A Level,20-Oct,35-55,0,120,0,Withdrawn,8,0,0,1,0,0,1,1,1,1,1,1,0,1,1,3
BBB,2014J,675807,1,Scotland,HE Qualification,20-30%,35-55,0,60,0,Pass,14,1,1,1,0,0,1,0,1,0,0,0,0,0,1,5
BBB,2014J,675922,1,East Anglian Region,A Level or Equivalent,80-90%,0-35,0,60,0,Withdrawn,6,1,0,1,0,1,1,1,0,1,1,1,0,0,1,9
BBB,2014J,675929,1,West Midlands Region,Lower Than A Level,0-10%,0-35,0,60,0,Fail,3,0,1,0,0,1,1,0,0,0,1,0,0,1,1,8
BBB,2014J,676011,1,South West Region,A Level or Equivalent,70-80%,0-35,0,120,0,Fail,1,1,1,0,1,0,1,1,1,1,1,1,0,0,1,2
BBB,2014J,676093,1,East Midlands Region,Lower Than A Level,60-70%,0-35,0,60,0,Withdrawn,9,1,1,0,0,1,0,0,1,0,0,1,1,1,0,4
BBB,2014J,676151,1,North Western Region,Lower Than A Level,0-10%,0-35,0,60,0,Pass,1,1,1,0,1,1,1,0,1,1,0,0,0,1,1,2
BBB,2014J,676169,1,North Western Region,A Level or Equivalent,20-Oct,0-35,0,60,0,Pass,3,1,0,1,1,0,1,1,0,1,1,0,1,1,1,8
BBB,2014J,676176,1,East Anglian Region,A Level or Equivalent,70-80%,0-35,0,120,0,Pass,16,1,1,1,1,1,1,0,1,1,1,0,0,0,0,10
BBB,2014J,676258,1,South West Region,Lower Than A Level,40-50%,35-55,0,120,0,Withdrawn,12,0,0,0,0,0,1,0,0,0,1,1,1,0,1,7
BBB,2014J,676322,1,Scotland,Lower Than A Level,60-70%,0-35,0,120,0,Distinction,2,1,0,0,0,1,0,0,0,1,1,1,1,0,1,2
BBB,2014J,676350,1,London Region,Lower Than A Level,40-50%,0-35,0,60,0,Fail,15,1,1,0,1,1,0,0,0,0,0,1,1,1,1,10
BBB,2014J,676376,1,Wales,A Level or Equivalent,90-100%,0-35,0,180,0,Withdrawn,13,0,0,0,1,1,0,0,1,0,0,1,1,1,1,5
BBB,2014J,676401,1,South East Region,HE Qualification,40-50%,35-55,0,120,0,Distinction,8,0,0,1,0,1,0,1,0,1,0,0,1,1,1,3
BBB,2014J,676420,1,South West Region,Lower Than A Level,60-70%,0-35,0,90,0,Withdrawn,5,1,0,1,0,1,1,1,1,1,1,1,1,1,0,9
BBB,2014J,676428,1,South East Region,Lower Than A Level,90-100%,35-55,0,60,0,Pass,7,1,0,1,0,0,0,0,0,1,1,1,1,1,1,3
BBB,2014J,676604,1,West Midlands Region,Lower Than A Level,50-60%,0-35,0,90,0,Fail,12,0,1,0,1,0,0,0,1,0,0,0,1,0,0,7
BBB,2014J,676633,1,West Midlands Region,Lower Than A Level,20-Oct,0-35,0,120,0,Pass,16,0,1,1,0,1,0,0,0,1,1,0,1,1,0,10
BBB,2014J,676705,1,South Region,A Level or Equivalent,40-50%,0-35,0,60,0,Distinction,16,0,1,1,1,1,0,1,1,1,1,0,0,0,0,10
BBB,2014J,676750,1,South East Region,Lower Than A Level,60-70%,35-55,0,60,0,Distinction,13,1,1,1,1,0,0,1,0,0,1,1,0,0,1,5
BBB,2014J,676785,1,East Midlands Region,HE Qualification,20-30%,35-55,0,60,0,Withdrawn,4,1,0,0,0,0,0,0,0,0,0,0,1,0,1,8
BBB,2014J,676898,1,South West Region,A Level or Equivalent,70-80%,0-35,0,120,0,Pass,6,1,1,1,0,0,0,1,0,1,0,1,1,1,0,9
BBB,2014J,676948,1,Wales,Lower Than A Level,0-10%,35-55,0,60,0,Pass,6,1,0,0,0,1,1,0,1,1,0,0,0,1,1,9
BBB,2014J,676962,0,Wales,Lower Than A Level,50-60%,0-35,0,60,0,Pass,16,0,0,1,0,0,0,0,1,1,1,1,0,1,1,10
BBB,2014J,676969,1,Scotland,Lower Than A Level,0-10%,0-35,0,60,0,Fail,13,1,1,1,0,1,0,0,0,0,1,1,1,0,1,5
BBB,2014J,676973,1,West Midlands Region,A Level or Equivalent,20-Oct,0-35,0,60,0,Withdrawn,14,0,0,1,1,1,1,1,0,0,0,1,1,0,0,5
BBB,2014J,677004,1,London Region,Lower Than A Level,0-10%,35-55,0,60,0,Fail,1,1,0,1,0,0,1,0,0,1,1,0,1,1,1,2
BBB,2014J,677039,1,South West Region,Lower Than A Level,80-90%,0-35,0,60,0,Withdrawn,6,1,1,1,0,0,1,1,0,0,0,0,1,1,1,9
BBB,2014J,677154,1,London Region,Lower Than A Level,20-Oct,0-35,0,60,0,Fail,2,0,0,0,0,1,0,1,0,1,0,0,1,0,0,2
BBB,2014J,677190,1,West Midlands Region,A Level or Equivalent,30-40%,0-35,0,60,0,Withdrawn,7,0,1,1,0,1,0,0,0,1,1,1,1,1,1,3
BBB,2014J,677201,1,Scotland,Lower Than A Level,30-40%,0-35,0,120,0,Fail,5,0,0,0,0,1,1,0,1,1,0,1,1,1,1,9
BBB,2014J,677203,0,West Midlands Region,A Level or Equivalent,90-100%,35-55,0,120,0,Pass,4,0,1,1,1,1,0,1,0,0,1,1,1,0,1,8
BBB,2014J,677230,1,East Anglian Region,A Level or Equivalent,80-90%,0-35,0,60,1,Withdrawn,9,1,1,0,1,0,0,0,1,1,1,1,1,1,1,4
BBB,2014J,677338,1,East Midlands Region,A Level or Equivalent,50-60%,0-35,0,120,1,Withdrawn,8,0,1,1,0,1,1,1,1,0,1,1,1,0,1,3
BBB,2014J,677411,1,North Region,Lower Than A Level,30-40%,0-35,0,60,0,Withdrawn,1,1,0,0,0,0,1,1,1,1,1,0,1,1,0,2
BBB,2014J,677462,1,Scotland,A Level or Equivalent,0-10%,35-55,0,120,0,Pass,9,1,1,0,1,1,1,0,1,0,0,0,0,1,0,4
BBB,2014J,677498,1,Wales,A Level or Equivalent,50-60%,0-35,0,120,0,Fail,3,1,0,1,0,1,0,0,1,1,1,1,0,0,0,8
BBB,2014J,677630,1,Scotland,Lower Than A Level,60-70%,0-35,0,60,0,Fail,7,1,1,0,1,1,0,0,0,1,0,1,0,0,1,3
BBB,2014J,677706,1,West Midlands Region,Lower Than A Level,0-10%,0-35,0,180,0,Withdrawn,3,0,0,1,1,0,0,0,0,1,0,0,0,0,1,8
BBB,2014J,677744,1,London Region,A Level or Equivalent,50-60%,0-35,0,120,0,Withdrawn,14,0,1,1,1,1,1,1,1,0,1,0,0,1,0,5
BBB,2014J,677846,1,London Region,A Level or Equivalent,20-30%,0-35,0,120,0,Pass,2,0,0,0,1,0,1,1,1,1,1,0,1,0,1,2
BBB,2014J,677864,1,South West Region,HE Qualification,30-40%,35-55,0,180,0,Withdrawn,9,1,1,1,1,1,1,1,1,1,1,0,1,0,0,4
BBB,2014J,677873,1,South Region,A Level or Equivalent,,0-35,0,60,0,Pass,13,1,0,1,0,0,0,0,0,1,0,0,0,1,1,5
BBB,2014J,677877,1,East Anglian Region,Lower Than A Level,30-40%,35-55,0,60,0,Withdrawn,9,1,0,0,0,1,0,0,1,1,1,0,1,0,0,4
BBB,2014J,677879,1,East Anglian Region,A Level or Equivalent,40-50%,0-35,0,60,1,Fail,8,0,1,0,1,0,1,0,0,1,1,0,0,1,0,3
BBB,2014J,677892,1,Scotland,A Level or Equivalent,20-Oct,0-35,0,60,0,Pass,16,1,1,0,0,1,0,1,1,0,1,1,1,1,1,10
BBB,2014J,677922,1,London Region,A Level or Equivalent,30-40%,0-35,0,60,1,Pass,4,0,1,0,1,1,1,0,1,1,0,0,1,1,0,8
BBB,2014J,677950,1,East Midlands Region,Lower Than A Level,40-50%,0-35,0,60,0,Withdrawn,2,0,0,1,0,0,1,0,0,1,0,0,0,0,0,2
BBB,2014J,677997,1,East Midlands Region,Lower Than A Level,0-10%,0-35,0,60,0,Fail,15,1,1,1,1,0,0,1,1,1,0,1,0,0,1,10
BBB,2014J,678016,1,South West Region,Lower Than A Level,30-40%,0-35,0,150,0,Withdrawn,14,1,1,0,0,0,0,1,1,1,1,0,1,0,1,5
BBB,2014J,678025,1,South East Region,Lower Than A Level,50-60%,0-35,0,60,0,Pass,11,0,1,0,0,0,0,1,1,0,1,0,1,0,1,6
BBB,2014J,678038,1,East Anglian Region,A Level or Equivalent,80-90%,0-35,0,60,0,Pass,11,0,1,1,1,0,0,0,1,1,1,1,0,1,1,6
BBB,2014J,678057,1,East Midlands Region,Lower Than A Level,20-30%,0-35,0,60,0,Withdrawn,1,0,1,0,0,1,0,0,0,0,0,1,0,1,1,2
BBB,2014J,678080,1,Wales,A Level or Equivalent,20-30%,0-35,0,120,0,Fail,16,0,0,0,1,1,1,1,1,0,1,0,1,0,1,10
BBB,2014J,678085,1,East Midlands Region,Lower Than A Level,0-10%,0-35,0,120,0,Fail,9,0,0,0,0,1,1,0,1,1,1,1,1,0,1,4
BBB,2014J,678105,1,West Midlands Region,A Level or Equivalent,20-Oct,0-35,0,60,0,Pass,15,1,0,0,0,0,0,1,1,1,1,1,0,0,1,10
BBB,2014J,678107,1,Yorkshire Region,Lower Than A Level,20-30%,35-55,0,120,0,Withdrawn,11,1,0,0,1,1,1,1,0,1,1,0,0,1,0,6
BBB,2014J,678109,1,South Region,A Level or Equivalent,90-100%,0-35,0,60,0,Withdrawn,2,1,0,1,0,1,0,1,1,1,0,1,1,0,1,2
BBB,2014J,678110,1,East Anglian Region,A Level or Equivalent,60-70%,0-35,0,60,0,Pass,16,1,1,0,0,0,1,0,1,1,0,1,0,1,0,10
BBB,2014J,678114,1,North Western Region,Lower Than A Level,0-10%,0-35,0,60,0,Withdrawn,16,1,1,1,0,0,1,1,1,1,1,0,1,0,1,10
BBB,2014J,678144,1,London Region,Lower Than A Level,20-Oct,35-55,0,60,1,Fail,3,1,1,0,1,0,0,1,0,1,0,0,0,0,0,8
BBB,2014J,678212,1,Scotland,A Level or Equivalent,40-50%,35-55,0,120,0,Withdrawn,12,0,1,0,1,1,0,1,1,0,0,0,1,0,1,7
BBB,2014J,678213,1,South West Region,A Level or Equivalent,20-30%,0-35,0,60,1,Withdrawn,10,0,1,0,1,0,0,1,1,1,0,0,0,1,1,1
BBB,2014J,678244,1,London Region,A Level or Equivalent,50-60%,0-35,0,60,1,Pass,16,1,1,1,1,0,0,0,0,0,0,0,1,0,1,10
BBB,2014J,678246,1,Scotland,HE Qualification,20-30%,35-55,0,180,0,Pass,12,1,0,0,0,0,1,1,1,0,0,1,1,0,1,7
BBB,2014J,678278,1,North Western Region,A Level or Equivalent,20-30%,0-35,0,60,0,Withdrawn,12,1,1,1,0,1,0,1,1,1,1,0,1,1,1,7
BBB,2014J,678283,1,Wales,Lower Than A Level,50-60%,0-35,0,120,0,Fail,9,1,0,0,0,1,1,1,0,1,1,1,1,1,1,4
BBB,2014J,678314,1,Yorkshire Region,A Level or Equivalent,30-40%,0-35,0,120,0,Fail,4,1,0,0,0,0,1,0,1,1,1,1,1,1,1,8
BBB,2014J,678327,1,West Midlands Region,Lower Than A Level,70-80%,0-35,0,60,0,Withdrawn,14,0,0,1,1,0,1,0,0,0,1,0,1,0,1,5
BBB,2014J,678328,1,East Midlands Region,A Level or Equivalent,90-100%,0-35,0,60,0,Withdrawn,3,0,0,1,0,0,0,1,0,0,1,0,0,1,0,8
BBB,2014J,678335,1,East Anglian Region,Lower Than A Level,30-40%,0-35,0,60,0,Fail,14,1,1,1,0,1,0,0,0,1,1,1,1,0,1,5
BBB,2014J,678367,0,Scotland,Lower Than A Level,60-70%,0-35,0,60,0,Withdrawn,4,0,0,1,1,0,1,0,0,1,0,1,0,0,0,8
BBB,2014J,678373,1,East Midlands Region,HE Qualification,30-40%,0-35,0,60,0,Pass,2,1,0,0,1,0,0,0,1,0,0,1,1,1,0,2
BBB,2014J,678398,1,Yorkshire Region,A Level or Equivalent,30-40%,35-55,0,60,0,Withdrawn,3,0,0,1,0,0,1,0,0,1,1,0,1,0,1,8
BBB,2014J,678444,1,Ireland,Lower Than A Level,40-50%,35-55,0,60,0,Fail,3,1,0,0,1,1,0,1,1,1,1,1,1,1,0,8
BBB,2014J,678550,1,North Region,A Level or Equivalent,20-Oct,0-35,0,120,0,Withdrawn,9,0,0,0,1,0,1,1,1,0,1,0,0,0,1,4
BBB,2014J,678575,0,London Region,HE Qualification,30-40%,35-55,0,60,0,Withdrawn,8,0,0,1,1,0,1,1,0,1,1,0,0,0,1,3
BBB,2014J,678578,1,South West Region,HE Qualification,70-80%,35-55,0,60,0,Withdrawn,12,1,0,1,1,0,0,0,1,0,0,0,1,0,1,7
BBB,2014J,678585,1,North Region,Lower Than A Level,20-30%,0-35,0,60,0,Withdrawn,4,0,0,0,0,0,0,1,0,0,1,1,0,1,1,8
BBB,2014J,678623,1,Wales,Lower Than A Level,0-10%,35-55,0,90,1,Fail,7,0,1,1,1,1,0,0,1,1,1,0,1,1,1,3
BBB,2014J,678661,1,South Region,Lower Than A Level,40-50%,0-35,0,60,0,Pass,7,0,0,1,1,1,1,0,0,0,0,1,1,0,1,3
BBB,2014J,678680,1,South Region,A Level or Equivalent,90-100%,35-55,0,60,0,Pass,7,0,1,1,0,0,0,1,0,0,0,1,1,1,0,3
BBB,2014J,678688,1,Scotland,A Level or Equivalent,40-50%,0-35,0,120,0,Pass,12,0,0,0,1,1,1,0,1,0,0,0,1,1,1,7
BBB,2014J,678702,1,South East Region,Lower Than A Level,40-50%,0-35,0,60,1,Withdrawn,11,1,0,0,1,1,0,0,1,0,0,1,0,1,0,6
BBB,2014J,678770,1,Wales,Lower Than A Level,50-60%,0-35,0,60,0,Fail,10,1,1,1,0,1,1,1,1,1,0,1,1,1,0,1
BBB,2014J,678777,1,East Midlands Region,Lower Than A Level,40-50%,0-35,0,120,0,Withdrawn,13,1,1,0,1,0,0,1,0,0,1,0,0,0,1,5
BBB,2014J,678795,1,Yorkshire Region,A Level or Equivalent,0-10%,35-55,0,120,0,Withdrawn,4,1,1,1,0,1,1,0,1,1,1,1,0,1,1,8
BBB,2014J,678801,1,West Midlands Region,HE Qualification,20-Oct,0-35,0,60,0,Withdrawn,10,0,1,1,0,0,1,0,0,1,1,0,1,1,0,1
BBB,2014J,678815,1,North Western Region,A Level or Equivalent,70-80%,0-35,0,60,0,Distinction,9,0,0,0,0,1,0,0,0,0,0,0,0,0,1,4
BBB,2014J,678906,1,South Region,Lower Than A Level,50-60%,0-35,0,60,0,Pass,11,0,1,0,0,1,0,0,0,1,1,0,0,1,1,6
BBB,2014J,678953,0,Scotland,HE Qualification,50-60%,35-55,0,90,0,Withdrawn,4,0,1,1,1,0,0,1,0,1,0,1,1,1,1,8
BBB,2014J,678955,0,East Anglian Region,A Level or Equivalent,40-50%,0-35,0,60,0,Fail,5,1,1,0,1,1,1,0,1,1,1,0,0,0,1,9
BBB,2014J,678975,1,South Region,Lower Than A Level,80-90%,0-35,0,60,0,Withdrawn,7,1,1,0,1,0,0,0,0,1,1,0,1,0,1,3
BBB,2014J,678995,1,Yorkshire Region,A Level or Equivalent,30-40%,35-55,0,60,0,Pass,7,0,1,0,1,1,0,0,1,1,1,0,1,1,1,3
BBB,2014J,679057,0,London Region,HE Qualification,20-Oct,35-55,0,120,0,Withdrawn,12,0,1,1,1,0,0,0,0,1,1,0,1,1,0,7
BBB,2014J,679059,1,South West Region,A Level or Equivalent,60-70%,35-55,0,60,0,Pass,8,0,0,1,0,1,0,1,0,0,1,0,0,1,0,3
BBB,2014J,679174,0,South West Region,A Level or Equivalent,60-70%,0-35,0,60,0,Pass,4,1,0,1,1,1,0,1,1,1,0,1,1,0,0,8
BBB,2014J,679218,0,South East Region,Lower Than A Level,80-90%,0-35,0,60,0,Pass,1,1,0,1,0,0,1,0,0,1,1,1,0,1,1,2
BBB,2014J,679232,1,North Region,Lower Than A Level,20-Oct,0-35,0,60,0,Pass,11,0,1,0,0,1,0,0,0,1,1,1,0,0,1,6
BBB,2014J,679439,1,South East Region,Lower Than A Level,20-Oct,0-35,0,60,0,Fail,6,1,1,0,1,1,0,1,0,1,1,1,1,1,1,9
BBB,2014J,679457,1,Ireland,Lower Than A Level,80-90%,35-55,0,60,0,Fail,16,0,1,0,0,0,1,1,0,1,0,0,0,1,0,10
BBB,2014J,679504,1,South East Region,Lower Than A Level,20-30%,0-35,0,60,0,Withdrawn,3,1,0,1,0,0,1,1,0,0,1,1,0,0,0,8
BBB,2014J,679528,1,West Midlands Region,A Level or Equivalent,0-10%,0-35,0,60,0,Withdrawn,3,0,1,0,0,0,0,0,1,0,1,0,0,0,1,8
BBB,2014J,679559,1,East Anglian Region,A Level or Equivalent,20-30%,0-35,0,60,0,Pass,11,0,0,0,1,0,1,0,0,1,0,1,0,1,1,6
BBB,2014J,679568,1,East Midlands Region,Lower Than A Level,20-Oct,0-35,0,240,0,Withdrawn,10,0,1,1,1,0,0,1,0,1,1,1,0,1,0,1
BBB,2014J,679675,1,North Western Region,Lower Than A Level,0-10%,35-55,0,60,0,Withdrawn,14,1,1,0,1,0,1,1,1,0,1,1,1,1,0,5
BBB,2014J,679716,1,North Western Region,Lower Than A Level,0-10%,0-35,0,60,0,Pass,4,0,0,1,0,1,0,0,1,1,0,0,1,0,1,8
BBB,2014J,679724,1,East Anglian Region,Lower Than A Level,50-60%,0-35,0,60,0,Withdrawn,13,0,0,0,1,0,1,0,1,0,1,1,0,0,1,5
BBB,2014J,679726,1,West Midlands Region,Lower Than A Level,90-100%,0-35,0,60,0,Withdrawn,9,0,0,0,0,0,0,0,0,0,0,1,1,0,0,4
BBB,2014J,679747,1,East Midlands Region,Lower Than A Level,60-70%,0-35,0,60,0,Withdrawn,4,0,0,1,1,1,1,0,1,0,0,0,1,1,0,8
BBB,2014J,679798,0,London Region,Lower Than A Level,20-Oct,35-55,0,120,0,Pass,9,1,1,1,1,0,0,1,1,0,0,0,0,0,0,4
BBB,2014J,679828,1,Wales,A Level or Equivalent,0-10%,35-55,0,120,0,Distinction,11,1,1,1,0,0,1,0,0,0,1,1,1,1,1,6
BBB,2014J,679918,1,South West Region,Lower Than A Level,30-40%,35-55,0,60,0,Pass,14,0,0,1,1,1,0,0,1,0,0,1,1,0,1,5
BBB,2014J,679919,1,Yorkshire Region,A Level or Equivalent,0-10%,0-35,0,60,0,Withdrawn,4,0,1,0,1,1,1,0,1,1,0,1,1,1,1,8
BBB,2014J,679967,1,Ireland,A Level or Equivalent,90-100%,0-35,0,60,0,Pass,4,1,0,0,0,1,0,0,0,0,1,1,0,1,0,8
BBB,2014J,679971,1,North Western Region,Lower Than A Level,0-10%,0-35,0,60,0,Fail,1,0,1,0,1,1,0,0,0,1,1,1,0,1,0,2
BBB,2014J,679989,0,Yorkshire Region,Lower Than A Level,20-Oct,35-55,0,60,0,Withdrawn,14,1,1,1,0,1,1,0,1,0,1,0,0,1,1,5
BBB,2014J,680009,1,Yorkshire Region,Lower Than A Level,20-30%,0-35,0,60,0,Pass,15,1,1,0,1,1,1,0,0,1,1,0,1,0,0,10
BBB,2014J,680110,1,East Midlands Region,Lower Than A Level,20-30%,0-35,0,120,0,Withdrawn,2,1,1,0,1,0,1,1,1,0,0,0,0,0,1,2
BBB,2014J,680146,1,Wales,A Level or Equivalent,50-60%,0-35,0,60,0,Pass,16,0,0,0,0,1,0,1,1,1,1,0,0,1,0,10
BBB,2014J,680162,1,South Region,A Level or Equivalent,80-90%,0-35,0,60,0,Pass,4,0,0,1,0,1,0,1,1,0,0,0,1,0,1,8
BBB,2014J,680174,1,East Anglian Region,A Level or Equivalent,30-40%,0-35,0,60,0,Fail,14,1,1,1,1,1,0,0,1,1,1,0,1,0,0,5
BBB,2014J,680219,1,Yorkshire Region,A Level or Equivalent,80-90%,0-35,0,60,0,Pass,3,0,1,0,1,0,1,0,0,1,0,1,1,1,0,8
BBB,2014J,680290,0,Wales,HE Qualification,60-70%,35-55,0,60,0,Pass,2,0,1,1,0,1,1,0,1,0,1,0,0,0,1,2
BBB,2014J,680453,1,South West Region,Lower Than A Level,50-60%,0-35,0,60,1,Pass,8,0,1,1,1,0,1,1,0,1,0,1,1,0,1,3
BBB,2014J,680471,1,Scotland,HE Qualification,50-60%,0-35,0,120,1,Fail,11,0,1,1,0,1,0,1,0,0,0,1,0,1,0,6
BBB,2014J,680522,1,North Region,Lower Than A Level,0-10%,0-35,0,60,0,Withdrawn,1,0,1,1,0,1,0,0,0,0,0,1,1,1,1,2
BBB,2014J,680530,1,Wales,Lower Than A Level,60-70%,0-35,0,120,0,Pass,2,1,1,0,1,1,1,0,0,1,1,1,1,0,0,2
BBB,2014J,680541,1,South Region,A Level or Equivalent,90-100%,35-55,0,60,0,Pass,10,0,1,0,0,0,1,1,0,1,0,1,1,1,1,1
BBB,2014J,680545,1,West Midlands Region,Lower Than A Level,20-Oct,35-55,0,60,0,Pass,16,1,0,0,0,1,0,0,1,0,0,1,1,0,0,10
BBB,2014J,680559,1,North Western Region,HE Qualification,20-Oct,0-35,0,60,0,Fail,12,1,1,1,0,1,1,1,1,0,1,1,1,1,1,7
BBB,2014J,680560,1,London Region,Lower Than A Level,20-30%,0-35,0,60,0,Withdrawn,12,1,0,0,1,1,1,1,1,1,0,1,0,0,1,7
BBB,2014J,680591,0,South East Region,A Level or Equivalent,50-60%,0-35,0,60,0,Withdrawn,15,1,0,1,1,1,0,1,0,1,0,1,0,0,1,10
BBB,2014J,680723,1,East Midlands Region,A Level or Equivalent,0-10%,0-35,0,60,0,Distinction,5,1,1,0,0,0,1,0,0,1,1,1,0,0,1,9
BBB,2014J,680732,1,North Western Region,Lower Than A Level,20-Oct,0-35,0,180,0,Withdrawn,5,0,1,0,1,0,1,1,1,1,0,0,1,0,1,9
BBB,2014J,680787,1,North Region,A Level or Equivalent,50-60%,0-35,0,60,0,Pass,10,0,0,1,1,0,1,1,0,1,0,1,0,0,0,1
BBB,2014J,680798,1,East Anglian Region,A Level or Equivalent,80-90%,35-55,0,60,0,Pass,4,0,0,0,0,0,0,1,0,1,1,0,1,1,1,8
BBB,2014J,680816,1,Yorkshire Region,Lower Than A Level,0-10%,0-35,0,60,0,Withdrawn,9,0,0,0,0,1,0,0,1,1,0,1,1,0,0,4
BBB,2014J,680862,1,West Midlands Region,Lower Than A Level,20-Oct,0-35,0,60,1,Pass,14,0,0,1,1,0,1,1,0,1,0,1,0,1,1,5
BBB,2014J,680878,0,West Midlands Region,Lower Than A Level,20-30%,0-35,0,60,0,Withdrawn,7,0,0,0,1,1,1,1,0,0,1,1,1,1,0,3
BBB,2014J,680918,0,West Midlands Region,A Level or Equivalent,60-70%,0-35,0,60,0,Pass,4,0,1,1,1,0,0,0,1,1,1,0,0,1,1,8
BBB,2014J,680926,1,East Anglian Region,A Level or Equivalent,60-70%,0-35,0,60,0,Distinction,7,1,0,1,1,1,0,0,0,0,0,1,1,0,0,3
BBB,2014J,680959,1,East Anglian Region,Lower Than A Level,70-80%,0-35,0,60,0,Withdrawn,12,1,1,1,1,0,0,0,0,1,1,1,0,1,0,7
BBB,2014J,680970,1,South East Region,HE Qualification,80-90%,35-55,0,120,0,Distinction,6,1,1,0,1,0,1,1,0,1,0,1,0,0,0,9
BBB,2014J,680991,0,London Region,HE Qualification,20-30%,35-55,0,60,0,Withdrawn,13,1,0,1,0,1,0,1,1,1,0,1,0,0,0,5
BBB,2014J,681016,1,South East Region,Lower Than A Level,60-70%,0-35,0,120,0,Withdrawn,4,0,1,0,0,1,1,0,1,1,1,0,1,1,1,8
BBB,2014J,681089,1,North Western Region,Lower Than A Level,20-30%,35-55,0,120,0,Withdrawn,15,1,0,0,0,0,0,0,0,0,1,1,0,1,1,10
BBB,2014J,681150,1,South West Region,Lower Than A Level,70-80%,0-35,0,60,0,Pass,5,1,0,0,0,0,0,1,0,0,0,0,1,1,1,9
BBB,2014J,681166,1,West Midlands Region,A Level or Equivalent,60-70%,0-35,0,60,0,Withdrawn,11,1,1,0,0,0,0,0,1,0,0,0,0,0,0,6
BBB,2014J,681222,1,South East Region,HE Qualification,40-50%,35-55,0,60,0,Distinction,8,1,1,1,1,0,1,0,1,1,0,1,0,1,1,3
BBB,2014J,681289,1,East Anglian Region,A Level or Equivalent,20-Oct,0-35,0,60,0,Fail,16,1,1,1,0,0,0,1,1,1,0,1,1,0,0,10
BBB,2014J,681384,1,South West Region,HE Qualification,20-30%,35-55,0,120,0,Fail,1,0,1,1,1,0,0,1,1,0,0,1,0,1,0,2
BBB,2014J,681566,1,London Region,Lower Than A Level,20-Oct,0-35,0,60,0,Pass,5,1,0,0,1,0,1,0,0,0,1,1,0,1,1,9
BBB,2014J,681581,1,Scotland,Lower Than A Level,90-100%,35-55,0,60,0,Pass,14,0,0,0,0,1,1,0,0,1,0,1,1,1,1,5
BBB,2014J,681710,1,London Region,HE Qualification,20-30%,0-35,0,120,1,Fail,6,1,1,0,1,0,1,0,1,1,1,1,0,0,1,9
BBB,2014J,681716,1,Scotland,Lower Than A Level,60-70%,35-55,0,60,0,Distinction,7,1,1,1,1,1,0,0,1,0,1,1,1,1,0,3
BBB,2014J,681752,1,Scotland,HE Qualification,50-60%,35-55,0,120,0,Fail,2,1,0,1,1,1,0,1,0,1,1,1,1,1,1,2
BBB,2014J,681798,1,Scotland,Lower Than A Level,20-30%,35-55,0,60,0,Pass,7,0,0,0,0,1,1,0,0,1,1,0,0,1,1,3
BBB,2014J,681961,1,Wales,A Level or Equivalent,20-30%,0-35,0,240,0,Withdrawn,8,0,0,0,0,0,0,0,1,0,1,1,1,1,0,3
BBB,2014J,681964,1,Wales,Lower Than A Level,70-80%,0-35,0,120,0,Withdrawn,5,0,1,1,0,0,1,0,1,0,1,0,1,1,1,9
BBB,2014J,681971,1,West Midlands Region,Lower Than A Level,0-10%,0-35,0,60,0,Withdrawn,4,0,1,1,1,0,0,0,0,0,0,1,1,1,1,8
BBB,2014J,681984,0,Wales,A Level or Equivalent,50-60%,0-35,0,60,0,Pass,4,0,0,0,1,1,1,1,0,0,1,1,0,1,1,8
BBB,2014J,682051,1,Yorkshire Region,Lower Than A Level,70-80%,0-35,0,60,0,Pass,8,1,0,0,0,1,0,0,1,0,0,0,1,1,1,3
BBB,2014J,682056,1,Scotland,Lower Than A Level,20-30%,0-35,0,60,0,Fail,9,1,0,0,0,0,0,0,1,0,1,0,1,0,1,4
BBB,2014J,682058,1,Yorkshire Region,A Level or Equivalent,30-40%,0-35,0,60,0,Pass,14,1,1,0,0,0,0,1,1,1,1,1,0,0,0,5
BBB,2014J,682107,1,East Anglian Region,A Level or Equivalent,30-40%,0-35,0,60,0,Pass,7,0,0,1,0,1,0,0,1,1,0,1,0,1,1,3
BBB,2014J,682163,1,East Anglian Region,A Level or Equivalent,40-50%,0-35,0,60,0,Withdrawn,13,0,0,0,0,0,1,0,0,0,0,0,1,0,0,5
BBB,2014J,682223,1,Scotland,HE Qualification,50-60%,0-35,0,60,0,Distinction,10,1,1,1,0,0,1,0,1,1,1,0,1,0,0,1
BBB,2014J,682289,1,East Midlands Region,A Level or Equivalent,30-40%,35-55,0,120,1,Withdrawn,2,1,1,0,0,0,0,1,1,1,1,1,0,0,1,2
BBB,2014J,682316,0,South West Region,Lower Than A Level,50-60%,35-55,0,60,0,Pass,12,1,1,0,0,1,0,0,1,1,0,0,1,0,0,7
BBB,2014J,682343,1,Scotland,A Level or Equivalent,70-80%,35-55,0,60,0,Pass,8,0,0,0,0,1,0,1,1,1,1,1,1,1,0,3
BBB,2014J,682364,0,Scotland,Lower Than A Level,50-60%,0-35,0,60,0,Withdrawn,3,0,1,0,0,0,0,0,1,0,0,0,1,0,1,8
BBB,2014J,682366,0,Wales,Lower Than A Level,40-50%,35-55,0,120,0,Withdrawn,7,1,1,0,0,1,1,0,1,1,1,1,0,1,1,3
BBB,2014J,682375,1,South Region,Lower Than A Level,90-100%,0-35,0,120,0,Withdrawn,7,0,0,0,1,0,1,1,1,1,0,1,1,0,1,3
BBB,2014J,682409,1,London Region,A Level or Equivalent,20-30%,0-35,0,120,0,Pass,4,1,1,1,1,0,0,1,0,1,1,1,1,1,0,8
BBB,2014J,682480,1,South East Region,Lower Than A Level,80-90%,0-35,0,60,0,Pass,10,0,1,1,1,1,1,1,0,0,1,0,1,1,1,1
BBB,2014J,682483,1,East Midlands Region,Lower Than A Level,30-40%,0-35,0,60,0,Pass,6,0,0,0,0,1,0,1,1,1,1,1,1,0,1,9
BBB,2014J,682538,0,West Midlands Region,Lower Than A Level,20-Oct,0-35,0,120,0,Withdrawn,5,0,0,1,1,0,0,0,1,1,0,1,0,1,1,9
BBB,2014J,682627,1,Wales,HE Qualification,30-40%,0-35,0,60,0,Pass,16,0,1,1,1,0,0,1,1,0,0,1,1,1,1,10
BBB,2014J,682728,1,North Western Region,Lower Than A Level,20-Oct,0-35,0,120,0,Withdrawn,16,0,1,1,1,1,1,0,0,0,0,0,1,0,0,10
BBB,2014J,682731,1,East Midlands Region,Lower Than A Level,50-60%,0-35,0,180,0,Withdrawn,14,1,0,1,1,0,1,1,0,1,0,1,1,0,0,5
BBB,2014J,682887,1,East Midlands Region,A Level or Equivalent,70-80%,0-35,0,60,0,Fail,8,1,0,0,0,0,1,1,0,0,1,1,0,1,0,3
BBB,2014J,682913,1,South West Region,A Level or Equivalent,20-Oct,0-35,0,60,0,Withdrawn,4,1,1,0,0,0,0,1,1,1,0,1,0,1,0,8
BBB,2014J,683002,1,Yorkshire Region,HE Qualification,70-80%,35-55,0,60,0,Distinction,6,1,0,0,1,0,1,1,0,0,1,1,1,0,0,9
BBB,2014J,683054,1,London Region,No Formal quals,20-Oct,0-35,0,240,0,Withdrawn,12,0,1,1,1,0,1,0,1,0,0,0,0,0,1,7
BBB,2014J,683120,1,Wales,HE Qualification,60-70%,0-35,0,60,0,Pass,13,0,1,1,0,0,0,0,0,1,0,1,1,0,1,5
BBB,2014J,683140,0,North Western Region,Lower Than A Level,0-10%,35-55,0,60,1,Pass,12,0,0,0,0,0,0,1,0,0,0,1,1,1,0,7
BBB,2014J,683145,1,London Region,Lower Than A Level,70-80%,35-55,0,120,0,Pass,4,1,1,0,1,0,1,1,1,1,0,0,1,0,0,8
BBB,2014J,683164,1,South Region,A Level or Equivalent,30-40%,0-35,0,60,0,Pass,8,0,0,1,1,1,0,0,1,1,0,0,1,0,0,3
BBB,2014J,683172,1,Scotland,A Level or Equivalent,50-60%,0-35,0,240,0,Withdrawn,2,0,0,1,0,1,0,1,0,1,1,1,1,1,1,2
BBB,2014J,683202,1,Scotland,HE Qualification,50-60%,35-55,0,60,0,Pass,6,1,0,0,0,0,0,0,1,1,0,0,0,1,1,9
BBB,2014J,683275,1,South Region,A Level or Equivalent,70-80%,0-35,0,120,0,Pass,2,0,0,1,0,1,0,1,0,1,0,1,1,0,1,2
BBB,2014J,683301,1,North Western Region,Lower Than A Level,20-Oct,0-35,0,60,0,Withdrawn,1,1,1,1,1,1,1,0,0,1,1,0,0,0,0,2
BBB,2014J,683315,0,London Region,Lower Than A Level,60-70%,35-55,0,60,0,Withdrawn,8,1,1,1,1,1,1,0,0,1,0,1,1,1,1,3
BBB,2014J,683338,1,London Region,No Formal quals,0-10%,0-35,0,60,0,Withdrawn,11,1,1,1,1,1,1,1,1,0,0,1,1,1,0,6
BBB,2014J,683420,1,Wales,Lower Than A Level,40-50%,0-35,0,60,0,Pass,12,1,0,0,0,1,1,0,1,1,0,1,0,1,0,7
BBB,2014J,683465,1,Yorkshire Region,A Level or Equivalent,60-70%,0-35,0,120,0,Withdrawn,6,1,0,1,1,1,0,1,1,1,1,0,1,1,1,9
BBB,2014J,683536,1,North Western Region,Lower Than A Level,0-10%,0-35,0,120,0,Withdrawn,2,0,1,0,1,1,1,0,0,0,1,1,1,0,0,2
BBB,2014J,683548,1,Yorkshire Region,A Level or Equivalent,40-50%,0-35,0,60,0,Fail,16,0,0,1,0,1,0,1,1,0,0,1,1,1,1,10
BBB,2014J,683592,1,South Region,A Level or Equivalent,80-90%,0-35,0,60,0,Pass,4,1,0,1,1,1,1,0,1,1,0,1,1,0,1,8
BBB,2014J,683618,1,Scotland,HE Qualification,50-60%,35-55,0,60,0,Pass,8,0,1,1,1,1,1,0,1,0,0,0,1,1,1,3
BBB,2014J,683630,1,South Region,Lower Than A Level,70-80%,35-55,0,60,0,Pass,1,0,1,1,0,1,0,1,1,0,0,0,0,1,1,2
BBB,2014J,683664,1,Scotland,Lower Than A Level,30-40%,0-35,0,60,0,Pass,16,0,0,0,1,0,1,1,1,0,0,0,1,1,1,10
BBB,2014J,683705,1,Scotland,HE Qualification,50-60%,35-55,0,60,0,Pass,8,1,1,1,0,1,0,1,1,1,0,0,1,0,0,3
BBB,2014J,683742,1,East Anglian Region,Lower Than A Level,0-10%,0-35,0,60,0,Pass,11,0,0,0,1,1,0,0,0,0,1,1,0,0,0,6
BBB,2014J,683768,1,East Midlands Region,A Level or Equivalent,20-Oct,0-35,0,120,0,Withdrawn,15,0,0,0,1,0,0,1,0,1,0,0,0,0,1,10
BBB,2014J,683779,1,Wales,Lower Than A Level,20-30%,0-35,0,60,0,Pass,13,0,0,0,1,1,1,1,0,0,0,0,1,0,1,5
BBB,2014J,683783,1,West Midlands Region,HE Qualification,40-50%,0-35,0,60,0,Pass,10,0,0,0,0,0,0,1,0,1,0,1,0,0,1,1
BBB,2014J,683792,1,East Midlands Region,Lower Than A Level,50-60%,0-35,0,60,0,Withdrawn,7,0,0,1,1,1,0,0,0,0,0,0,1,1,1,3
BBB,2014J,683802,1,London Region,Lower Than A Level,0-10%,35-55,0,120,0,Withdrawn,13,1,1,0,0,1,0,0,0,0,0,1,0,1,1,5
BBB,2014J,683817,1,North Western Region,HE Qualification,20-30%,0-35,0,120,0,Distinction,11,1,0,1,0,0,0,0,1,0,0,1,0,1,1,6
BBB,2014J,683838,1,North Western Region,Lower Than A Level,50-60%,0-35,0,60,0,Fail,2,0,0,1,1,1,1,1,1,0,1,1,1,0,0,2
BBB,2014J,683935,1,Scotland,A Level or Equivalent,50-60%,0-35,0,60,0,Pass,8,1,1,0,0,0,0,0,0,0,0,0,1,0,1,3
BBB,2014J,683947,0,Wales,A Level or Equivalent,20-30%,0-35,0,240,0,Withdrawn,8,1,1,1,0,1,0,1,1,0,1,1,0,1,1,3
BBB,2014J,683987,1,East Anglian Region,A Level or Equivalent,70-80%,35-55,0,60,1,Pass,7,0,0,0,1,0,0,1,1,1,0,1,1,0,1,3
BBB,2014J,683993,1,South East Region,A Level or Equivalent,80-90%,0-35,0,120,0,Withdrawn,10,0,0,0,0,1,0,0,0,1,1,1,1,0,0,1
BBB,2014J,684055,1,South East Region,Lower Than A Level,20-30%,0-35,0,60,0,Pass,6,0,1,1,1,1,0,1,1,1,0,1,1,0,1,9
BBB,2014J,684072,1,Yorkshire Region,A Level or Equivalent,20-Oct,35-55,0,60,0,Pass,10,1,1,1,0,1,1,0,0,1,0,0,1,1,1,1
BBB,2014J,684098,1,South West Region,Lower Than A Level,60-70%,0-35,0,60,0,Fail,15,0,0,1,1,1,1,0,1,0,0,0,1,1,1,10
BBB,2014J,684184,1,Scotland,A Level or Equivalent,50-60%,0-35,0,60,0,Distinction,15,1,1,1,0,1,1,1,1,1,0,1,0,1,0,10
BBB,2014J,684250,0,Wales,HE Qualification,80-90%,0-35,0,60,0,Pass,12,0,1,1,1,1,1,1,0,0,1,1,0,0,0,7
BBB,2014J,684273,1,North Western Region,Lower Than A Level,0-10%,0-35,0,60,0,Pass,8,0,1,0,1,0,0,1,0,1,0,0,0,1,1,3
BBB,2014J,684319,0,Scotland,Post Graduate Qualification,20-30%,35-55,0,60,0,Pass,13,1,1,1,0,1,1,1,0,0,1,0,1,0,0,5
BBB,2014J,684329,1,Yorkshire Region,A Level or Equivalent,70-80%,35-55,0,60,0,Pass,3,0,1,0,0,1,1,0,0,1,1,0,0,1,0,8
BBB,2014J,684375,0,West Midlands Region,A Level or Equivalent,0-10%,0-35,0,60,1,Pass,13,0,1,1,1,1,0,0,0,1,0,1,0,1,1,5
BBB,2014J,684420,1,Yorkshire Region,A Level or Equivalent,40-50%,0-35,0,60,0,Fail,14,0,0,0,0,1,0,0,1,0,1,0,1,0,0,5
BBB,2014J,684459,0,Ireland,A Level or Equivalent,30-40%,0-35,0,60,0,Withdrawn,1,0,1,1,0,0,1,0,1,1,1,1,0,0,1,2
BBB,2014J,684467,1,South West Region,Lower Than A Level,30-40%,0-35,0,60,0,Fail,5,1,1,1,0,1,1,0,1,0,0,1,0,1,0,9
BBB,2014J,684502,1,North Region,HE Qualification,0-10%,0-35,0,120,0,Withdrawn,15,0,1,0,0,1,1,1,0,0,1,1,1,1,1,10
BBB,2014J,684525,1,West Midlands Region,Lower Than A Level,20-30%,0-35,0,120,0,Withdrawn,16,1,1,1,0,1,1,0,0,0,0,1,0,0,1,10
BBB,2014J,684607,1,South West Region,A Level or Equivalent,80-90%,0-35,0,120,0,Withdrawn,13,1,1,0,0,0,0,0,0,0,1,1,0,1,0,5
BBB,2014J,684615,1,East Midlands Region,A Level or Equivalent,50-60%,0-35,0,120,0,Distinction,15,0,0,0,1,0,1,0,0,0,0,0,0,0,0,10
BBB,2014J,684641,1,Wales,Lower Than A Level,40-50%,0-35,0,120,0,Withdrawn,7,1,0,1,0,0,1,0,0,1,0,0,0,0,0,3
BBB,2014J,684681,1,Wales,Lower Than A Level,30-40%,0-35,0,60,0,Fail,1,0,1,1,0,1,0,1,1,0,1,1,0,1,0,2
BBB,2014J,684687,1,South East Region,Lower Than A Level,30-40%,35-55,0,60,1,Pass,1,0,1,0,0,1,0,0,0,0,1,0,1,0,1,2
BBB,2014J,684704,1,Scotland,Lower Than A Level,0-10%,0-35,0,60,1,Pass,11,0,0,1,1,0,0,0,0,1,0,1,0,0,0,6
BBB,2014J,684736,1,East Anglian Region,Lower Than A Level,80-90%,35-55,0,60,0,Withdrawn,11,1,1,0,0,0,0,0,0,0,0,1,0,0,1,6
BBB,2014J,684833,1,London Region,HE Qualification,30-40%,0-35,0,120,0,Distinction,16,0,0,0,0,0,1,1,0,1,1,0,0,0,0,10
BBB,2014J,684890,1,London Region,Lower Than A Level,20-30%,0-35,0,60,0,Withdrawn,10,1,1,0,1,0,1,0,0,1,0,1,1,0,0,1
BBB,2014J,684931,1,South East Region,Lower Than A Level,60-70%,0-35,0,60,1,Pass,7,1,1,1,1,1,1,1,0,1,1,0,0,1,1,3
BBB,2014J,684971,1,London Region,Lower Than A Level,20-Oct,35-55,0,60,0,Fail,10,0,1,1,0,1,0,0,1,1,1,1,0,1,0,1
BBB,2014J,684982,1,London Region,A Level or Equivalent,50-60%,0-35,0,60,0,Withdrawn,3,1,1,0,1,0,1,0,0,0,0,1,0,0,0,8
BBB,2014J,685000,1,South Region,A Level or Equivalent,50-60%,0-35,0,60,0,Withdrawn,2,1,0,1,0,1,0,1,1,1,1,1,0,1,0,2
BBB,2014J,685009,1,South Region,Lower Than A Level,60-70%,35-55,0,60,0,Pass,3,1,0,1,0,0,1,0,1,0,0,0,0,0,0,8
BBB,2014J,685052,0,East Midlands Region,Lower Than A Level,20-Oct,0-35,0,120,0,Fail,15,1,0,1,0,1,0,1,0,1,0,1,0,0,1,10
BBB,2014J,685079,1,North Western Region,A Level or Equivalent,30-40%,0-35,0,60,0,Fail,8,1,1,0,0,0,0,0,0,0,1,1,1,0,1,3
BBB,2014J,685201,1,Scotland,A Level or Equivalent,0-10%,35-55,0,60,0,Pass,15,1,1,1,1,0,0,0,0,0,1,1,0,1,0,10
BBB,2014J,685228,1,Ireland,Lower Than A Level,20-Oct,0-35,0,90,0,Pass,12,0,0,0,0,0,1,1,0,0,1,1,0,0,1,7
BBB,2014J,685257,1,Ireland,Lower Than A Level,20-Oct,0-35,0,60,0,Fail,5,0,0,0,0,0,0,1,0,1,1,1,1,0,0,9
BBB,2014J,685267,1,East Midlands Region,A Level or Equivalent,30-40%,0-35,0,60,0,Pass,1,0,0,0,1,0,1,0,1,1,0,0,1,0,1,2
BBB,2014J,685318,1,South West Region,A Level or Equivalent,20-Oct,35-55,0,60,0,Pass,9,1,1,1,1,0,0,0,1,0,1,0,1,1,1,4
BBB,2014J,685391,1,East Anglian Region,A Level or Equivalent,20-30%,0-35,0,60,0,Pass,2,0,1,0,0,0,1,1,1,0,0,0,1,0,1,2
BBB,2014J,685453,1,Ireland,A Level or Equivalent,60-70%,0-35,0,60,0,Fail,2,1,1,1,0,0,1,1,0,1,1,1,0,1,1,2
BBB,2014J,685506,1,North Western Region,Lower Than A Level,0-10%,0-35,0,120,0,Withdrawn,16,1,0,1,1,0,0,1,0,1,1,0,1,1,1,10
BBB,2014J,685592,1,South Region,Lower Than A Level,90-100%,35-55,0,60,0,Distinction,14,1,0,1,0,0,0,0,0,1,1,0,1,0,1,5
BBB,2014J,685599,1,West Midlands Region,Lower Than A Level,20-Oct,0-35,0,60,0,Withdrawn,7,1,0,1,0,1,0,0,0,0,1,0,0,1,1,3
BBB,2014J,685602,1,Ireland,HE Qualification,,35-55,0,60,0,Withdrawn,3,1,0,0,1,1,0,1,0,0,1,1,1,1,1,8
BBB,2014J,685653,1,East Midlands Region,No Formal quals,20-30%,0-35,0,60,0,Fail,3,1,0,0,0,0,1,0,0,1,0,1,0,1,0,8
BBB,2014J,685702,1,North Region,Post Graduate Qualification,,35-55,0,60,0,Pass,11,0,0,1,1,1,0,1,0,1,0,1,1,0,1,6
BBB,2014J,685740,1,Yorkshire Region,Lower Than A Level,0-10%,0-35,0,60,0,Withdrawn,4,0,1,0,0,0,1,1,1,0,0,0,1,0,1,8
BBB,2014J,685776,1,Wales,Lower Than A Level,30-40%,0-35,0,60,0,Fail,8,0,0,1,0,1,1,0,1,0,1,0,0,0,1,3
BBB,2014J,685779,1,Wales,HE Qualification,30-40%,0-35,0,60,0,Pass,4,1,0,0,0,1,0,0,0,0,0,1,1,1,1,8
BBB,2014J,685812,1,South Region,A Level or Equivalent,90-100%,35-55,0,60,0,Distinction,14,0,0,0,1,0,0,0,0,1,1,0,1,1,0,5
BBB,2014J,685829,0,East Anglian Region,A Level or Equivalent,0-10%,35-55,0,60,0,Pass,10,1,1,0,0,0,1,0,0,1,0,0,0,1,1,1
BBB,2014J,685830,1,East Anglian Region,HE Qualification,80-90%,0-35,0,60,0,Pass,9,0,1,1,0,1,1,1,0,0,1,0,0,1,0,4
BBB,2014J,685841,1,East Anglian Region,Lower Than A Level,60-70%,0-35,0,60,0,Fail,6,0,0,0,1,1,0,1,0,1,0,0,1,0,1,9
BBB,2014J,685842,1,East Anglian Region,A Level or Equivalent,30-40%,35-55,0,120,0,Pass,14,1,1,0,1,1,0,0,0,0,0,0,1,1,1,5
BBB,2014J,685861,1,North Western Region,Lower Than A Level,20-Oct,0-35,0,60,0,Withdrawn,7,1,0,0,0,0,0,0,0,0,1,1,0,1,1,3
BBB,2014J,685900,0,Scotland,Lower Than A Level,70-80%,0-35,0,60,0,Fail,10,0,0,0,1,0,0,1,0,0,1,0,1,1,1,1
BBB,2014J,686074,1,Scotland,Lower Than A Level,60-70%,0-35,0,120,0,Pass,3,0,1,0,0,0,1,0,1,0,1,1,0,0,0,8
BBB,2014J,686093,1,London Region,HE Qualification,20-Oct,35-55,0,120,0,Withdrawn,1,1,1,0,1,0,1,0,0,1,1,0,1,0,0,2
BBB,2014J,686128,1,East Midlands Region,A Level or Equivalent,90-100%,0-35,0,60,0,Pass,2,0,1,1,1,0,0,0,1,0,0,0,0,1,0,2
BBB,2014J,686182,1,Yorkshire Region,Lower Than A Level,0-10%,0-35,0,60,0,Pass,4,1,1,0,1,0,0,1,0,0,1,1,1,0,1,8
BBB,2014J,686191,1,Scotland,Lower Than A Level,20-Oct,35-55,0,60,0,Withdrawn,2,0,0,0,0,0,1,1,0,1,0,1,0,0,0,2
BBB,2014J,686200,1,Yorkshire Region,A Level or Equivalent,60-70%,35-55,0,60,0,Distinction,5,1,0,1,1,0,1,0,1,0,0,1,0,1,0,9
BBB,2014J,686201,1,South East Region,A Level or Equivalent,20-Oct,35-55,0,60,0,Withdrawn,4,0,0,0,0,1,1,1,0,1,1,0,1,0,0,8
BBB,2014J,686266,1,South Region,Lower Than A Level,70-80%,0-35,0,60,0,Withdrawn,12,1,0,1,1,0,0,0,1,1,0,1,0,1,1,7
BBB,2014J,686286,1,East Anglian Region,A Level or Equivalent,90-100%,0-35,0,60,0,Fail,16,0,0,1,0,1,0,0,0,0,0,0,1,1,1,10
BBB,2014J,686378,0,London Region,Lower Than A Level,40-50%,0-35,0,60,0,Fail,10,0,1,0,1,1,0,1,1,0,1,1,1,1,0,1
BBB,2014J,686402,1,East Midlands Region,A Level or Equivalent,70-80%,35-55,0,120,0,Fail,15,1,1,0,1,0,1,1,0,0,0,0,1,0,1,10
BBB,2014J,686530,1,South West Region,Lower Than A Level,40-50%,0-35,0,60,0,Withdrawn,15,0,1,0,1,0,0,0,1,0,0,0,0,0,1,10
BBB,2014J,686596,1,South West Region,Lower Than A Level,20-30%,0-35,0,60,0,Fail,9,0,1,0,1,1,0,1,0,0,1,0,0,1,0,4
BBB,2014J,686633,0,East Midlands Region,Lower Than A Level,20-30%,0-35,0,60,0,Withdrawn,15,0,0,0,0,0,1,1,0,0,0,1,0,1,0,10
BBB,2014J,686667,1,Scotland,Lower Than A Level,30-40%,0-35,0,60,0,Pass,2,0,1,1,1,0,1,1,0,0,0,0,0,1,1,2
BBB,2014J,686670,1,South East Region,Lower Than A Level,30-40%,0-35,0,60,0,Pass,15,0,1,0,1,1,1,1,0,1,0,1,0,0,0,10
BBB,2014J,686688,1,West Midlands Region,Lower Than A Level,40-50%,35-55,0,60,0,Withdrawn,1,0,0,1,0,0,1,1,1,0,0,1,1,1,0,2
BBB,2014J,686703,1,Yorkshire Region,Lower Than A Level,0-10%,0-35,0,120,0,Withdrawn,9,1,1,0,1,0,0,0,1,1,1,1,1,0,1,4
BBB,2014J,686725,1,Wales,A Level or Equivalent,50-60%,0-35,0,120,0,Pass,14,0,1,1,0,1,1,0,1,1,1,0,1,1,1,5
BBB,2014J,686752,1,South East Region,A Level or Equivalent,50-60%,0-35,0,60,0,Withdrawn,11,1,0,0,0,1,1,1,1,0,1,0,0,1,1,6
BBB,2014J,686762,1,West Midlands Region,Lower Than A Level,0-10%,35-55,0,60,0,Pass,16,0,1,1,1,0,0,0,1,1,1,0,0,0,1,10
BBB,2014J,686791,0,East Anglian Region,A Level or Equivalent,60-70%,0-35,0,60,0,Pass,8,0,1,0,0,0,0,1,1,0,0,0,1,1,1,3
BBB,2014J,686822,1,East Anglian Region,A Level or Equivalent,70-80%,0-35,0,60,1,Pass,3,0,0,1,0,0,1,0,1,1,0,0,0,0,0,8
BBB,2014J,686837,1,North Western Region,HE Qualification,0-10%,0-35,0,120,0,Pass,3,1,0,1,1,0,1,1,1,0,0,0,1,0,1,8
BBB,2014J,686938,1,Scotland,Lower Than A Level,40-50%,35-55,0,60,0,Pass,6,1,1,1,1,1,0,0,0,0,0,1,1,0,0,9
BBB,2014J,686940,1,Scotland,HE Qualification,60-70%,35-55,0,60,0,Distinction,6,1,0,0,1,1,0,1,1,0,0,0,1,0,0,9
BBB,2014J,686953,1,Scotland,Lower Than A Level,40-50%,0-35,0,120,0,Fail,12,0,1,0,1,1,1,1,1,1,0,0,1,1,0,7
BBB,2014J,686987,1,East Midlands Region,Lower Than A Level,50-60%,0-35,0,60,0,Pass,8,1,0,1,1,0,0,1,1,1,1,1,1,0,1,3
BBB,2014J,687004,1,West Midlands Region,Lower Than A Level,0-10%,0-35,0,60,0,Fail,10,0,1,1,0,1,1,1,1,1,1,0,0,0,0,1
BBB,2014J,687030,1,South Region,Lower Than A Level,40-50%,0-35,0,60,0,Withdrawn,1,0,1,1,1,1,0,1,1,0,0,0,0,0,0,2
BBB,2014J,687037,1,Scotland,A Level or Equivalent,30-40%,0-35,0,60,0,Pass,15,0,1,0,0,0,1,0,1,1,1,1,1,1,0,10
BBB,2014J,687060,1,Wales,Lower Than A Level,70-80%,0-35,0,60,1,Fail,5,1,1,1,0,0,1,1,0,0,0,1,0,1,0,9
BBB,2014J,687105,1,Scotland,HE Qualification,20-Oct,0-35,0,60,0,Withdrawn,8,0,1,0,0,1,1,0,0,1,0,1,0,1,1,3
BBB,2014J,687122,1,South Region,A Level or Equivalent,80-90%,0-35,0,60,0,Pass,16,0,1,1,0,1,1,1,1,1,1,0,1,0,0,10
BBB,2014J,687154,1,South Region,Lower Than A Level,20-30%,0-35,0,60,0,Withdrawn,5,1,0,1,0,1,1,0,1,0,1,0,1,1,1,9
BBB,2014J,687157,1,Scotland,A Level or Equivalent,40-50%,0-35,0,60,0,Pass,7,1,1,0,1,1,1,0,0,1,0,0,1,0,0,3
BBB,2014J,687173,1,North Western Region,Lower Than A Level,20-Oct,0-35,0,60,0,Pass,6,0,1,0,0,1,0,0,0,0,1,1,1,0,1,9
BBB,2014J,687185,1,Scotland,A Level or Equivalent,20-30%,35-55,0,60,0,Pass,13,0,0,1,0,1,1,0,0,1,1,1,1,1,0,5
BBB,2014J,687217,1,Wales,Lower Than A Level,0-10%,0-35,0,60,0,Withdrawn,10,1,1,1,1,1,1,1,0,1,0,0,1,1,0,1
BBB,2014J,687256,0,East Midlands Region,A Level or Equivalent,70-80%,35-55,0,120,0,Withdrawn,7,0,0,0,1,1,1,0,1,0,0,1,1,0,0,3
BBB,2014J,687301,1,Wales,Lower Than A Level,20-Oct,0-35,0,60,0,Pass,9,0,1,1,1,1,0,0,0,1,0,0,1,1,1,4
BBB,2014J,687326,1,London Region,HE Qualification,40-50%,0-35,0,120,0,Fail,7,0,0,1,0,0,0,1,0,0,0,0,0,0,1,3
BBB,2014J,687369,1,West Midlands Region,Lower Than A Level,30-40%,0-35,0,60,0,Withdrawn,15,0,0,1,1,1,1,1,0,0,1,0,1,0,1,10
BBB,2014J,687378,1,East Midlands Region,A Level or Equivalent,30-40%,35-55,0,60,0,Pass,12,1,1,1,1,0,1,0,1,0,0,1,1,0,0,7
BBB,2014J,687379,1,East Midlands Region,A Level or Equivalent,50-60%,35-55,0,60,0,Pass,3,1,1,1,0,1,0,0,1,0,0,1,1,1,1,8
BBB,2014J,687402,1,Wales,A Level or Equivalent,30-40%,35-55,0,60,0,Pass,4,0,0,1,1,1,1,0,1,1,0,0,0,1,0,8
BBB,2014J,687404,1,Wales,HE Qualification,90-100%,0-35,0,60,0,Fail,13,1,1,1,1,1,1,1,0,0,0,0,0,1,1,5
BBB,2014J,687406,1,Wales,HE Qualification,50-60%,35-55,0,60,0,Pass,4,1,1,0,0,0,0,0,0,0,0,0,0,0,1,8
BBB,2014J,687421,1,East Midlands Region,Lower Than A Level,0-10%,35-55,0,60,0,Pass,6,0,1,1,1,0,1,0,1,1,1,1,1,0,0,9
BBB,2014J,687444,1,West Midlands Region,Lower Than A Level,30-40%,0-35,0,60,0,Withdrawn,4,0,1,1,0,1,0,0,0,1,1,0,0,1,1,8
BBB,2014J,687533,1,Wales,A Level or Equivalent,30-40%,0-35,0,60,0,Distinction,15,0,0,1,0,0,1,1,0,0,0,0,1,0,1,10
BBB,2014J,687566,0,South West Region,HE Qualification,30-40%,35-55,0,120,0,Distinction,5,1,1,0,0,1,0,1,1,0,0,0,1,0,0,9
BBB,2014J,687575,1,South West Region,Lower Than A Level,30-40%,35-55,0,120,0,Distinction,5,1,1,1,1,0,1,0,0,0,0,0,1,1,1,9
BBB,2014J,687578,1,London Region,Lower Than A Level,20-Oct,0-35,0,60,0,Withdrawn,4,0,1,0,0,1,0,0,1,1,0,1,0,1,1,8
BBB,2014J,687683,1,South Region,HE Qualification,50-60%,0-35,0,120,0,Pass,9,0,1,1,1,0,1,0,1,1,0,0,0,1,1,4
BBB,2014J,687688,1,Scotland,Lower Than A Level,20-Oct,0-35,0,120,0,Pass,14,1,0,1,0,0,1,1,0,1,1,0,1,1,1,5
BBB,2014J,687769,1,Scotland,HE Qualification,30-40%,0-35,0,120,0,Pass,13,0,1,0,0,0,1,0,1,1,0,0,0,1,0,5
BBB,2014J,687822,1,Scotland,A Level or Equivalent,70-80%,35-55,0,60,0,Withdrawn,4,1,1,0,1,1,1,1,0,0,0,0,1,1,0,8
BBB,2014J,687977,1,East Midlands Region,A Level or Equivalent,20-Oct,0-35,0,60,0,Withdrawn,1,1,1,1,1,0,1,0,0,0,0,0,0,1,1,2
BBB,2014J,687978,1,South West Region,Lower Than A Level,30-40%,0-35,0,60,0,Withdrawn,16,1,0,1,0,0,1,0,1,0,0,1,0,1,1,10
BBB,2014J,688000,1,East Midlands Region,A Level or Equivalent,60-70%,0-35,0,120,0,Withdrawn,13,0,0,0,0,1,0,0,0,1,1,1,1,1,0,5
BBB,2014J,688011,1,South East Region,A Level or Equivalent,60-70%,0-35,0,60,0,Pass,6,0,0,1,0,0,0,0,0,1,0,0,0,0,1,9
BBB,2014J,688106,1,London Region,A Level or Equivalent,0-10%,0-35,0,60,0,Withdrawn,4,1,1,1,1,0,0,1,0,1,1,1,0,0,0,8
BBB,2014J,688130,1,Scotland,Lower Than A Level,0-10%,0-35,0,60,1,Pass,2,1,1,0,1,1,1,1,1,0,0,1,0,0,1,2
BBB,2014J,688135,1,North Western Region,A Level or Equivalent,20-30%,0-35,0,60,0,Pass,4,0,1,0,1,0,0,1,1,0,1,1,0,1,0,8
BBB,2014J,688144,1,Scotland,A Level or Equivalent,0-10%,0-35,0,60,1,Withdrawn,8,1,1,0,0,1,1,1,0,1,0,1,0,0,1,3
BBB,2014J,688167,1,West Midlands Region,A Level or Equivalent,80-90%,0-35,0,150,0,Pass,7,0,0,1,0,0,1,0,0,0,0,0,0,0,1,3
BBB,2014J,688208,0,South West Region,Lower Than A Level,50-60%,0-35,0,120,0,Withdrawn,2,1,0,1,1,1,1,1,0,1,1,0,0,0,0,2
BBB,2014J,688263,1,East Anglian Region,Lower Than A Level,30-40%,35-55,0,60,0,Fail,13,0,1,0,1,0,0,1,0,1,0,0,1,0,0,5
BBB,2014J,688301,1,Wales,Lower Than A Level,40-50%,35-55,0,60,0,Fail,4,1,1,1,1,0,1,0,1,0,0,1,0,0,1,8
BBB,2014J,688376,1,Scotland,A Level or Equivalent,0-10%,35-55,0,60,0,Pass,3,1,0,1,1,1,1,0,0,0,1,0,1,1,1,8
BBB,2014J,688398,1,Yorkshire Region,Lower Than A Level,0-10%,0-35,0,60,0,Fail,12,0,1,1,0,1,1,0,1,0,1,0,0,0,1,7
BBB,2014J,688513,1,North Western Region,A Level or Equivalent,40-50%,0-35,0,60,0,Pass,5,0,0,1,1,1,0,0,1,0,0,0,1,1,0,9
BBB,2014J,688519,0,East Anglian Region,Lower Than A Level,60-70%,35-55,0,60,0,Pass,3,0,0,1,1,1,1,1,0,1,1,1,0,1,0,8
BBB,2014J,688522,1,Wales,Lower Than A Level,30-40%,0-35,0,120,0,Withdrawn,15,1,0,1,0,0,1,0,0,1,1,0,1,1,1,10
BBB,2014J,688545,1,Scotland,Lower Than A Level,40-50%,35-55,0,60,0,Withdrawn,5,1,1,1,0,1,0,0,1,1,0,0,0,0,0,9
BBB,2014J,688599,1,North Western Region,Lower Than A Level,0-10%,0-35,0,60,0,Fail,8,1,1,1,1,0,0,0,1,1,0,1,0,1,0,3
BBB,2014J,688600,1,London Region,Lower Than A Level,50-60%,0-35,0,120,0,Withdrawn,13,0,1,0,0,1,1,1,1,0,0,1,0,0,0,5
BBB,2014J,688638,1,South West Region,Lower Than A Level,70-80%,0-35,0,60,0,Pass,10,0,1,1,0,0,0,0,0,1,0,1,1,0,1,1
BBB,2014J,688710,1,East Anglian Region,A Level or Equivalent,70-80%,0-35,0,120,0,Withdrawn,10,1,0,1,0,0,0,0,0,0,1,0,0,1,0,1
BBB,2014J,688927,1,East Anglian Region,Lower Than A Level,40-50%,0-35,0,120,0,Withdrawn,15,0,1,1,0,1,0,0,0,0,1,1,0,1,1,10
BBB,2014J,688954,0,South Region,Lower Than A Level,50-60%,35-55,0,60,0,Pass,4,1,1,1,0,1,1,1,0,0,1,1,1,1,0,8
BBB,2014J,688997,1,Yorkshire Region,Lower Than A Level,20-30%,35-55,0,180,0,Withdrawn,8,1,1,1,0,0,0,0,1,0,1,0,1,1,1,3
BBB,2014J,689069,1,East Anglian Region,A Level or Equivalent,20-30%,0-35,0,60,1,Fail,14,0,0,1,0,1,0,1,0,0,0,1,0,1,1,5
BBB,2014J,689089,1,Ireland,Lower Than A Level,20-Oct,0-35,0,60,0,Fail,13,1,0,0,0,1,1,0,1,0,0,0,1,1,0,5
BBB,2014J,689094,1,Ireland,A Level or Equivalent,20-Oct,0-35,0,60,0,Pass,14,1,1,1,0,0,1,0,1,0,1,1,0,0,0,5
BBB,2014J,689095,1,Ireland,Lower Than A Level,20-30%,35-55,0,60,0,Pass,7,1,0,0,1,1,1,1,1,0,1,1,0,0,0,3
BBB,2014J,689097,1,Ireland,A Level or Equivalent,50-60%,35-55,0,60,0,Pass,6,0,1,0,0,1,1,0,0,0,1,1,0,0,1,9
BBB,2014J,689107,1,Ireland,Lower Than A Level,40-50%,35-55,0,60,0,Fail,12,0,0,0,1,1,1,0,1,1,1,1,0,1,0,7
BBB,2014J,689112,1,Ireland,Lower Than A Level,20-30%,35-55,0,60,0,Withdrawn,13,1,0,1,1,0,0,1,1,0,0,1,0,0,0,5
BBB,2014J,689113,1,Ireland,Lower Than A Level,50-60%,35-55,0,60,0,Pass,12,0,0,1,1,1,0,1,0,0,0,1,1,1,1,7
BBB,2014J,689124,1,Ireland,Lower Than A Level,30-40%,35-55,0,60,0,Pass,3,1,1,1,0,0,0,0,1,0,0,1,1,0,1,8
BBB,2014J,689129,1,Ireland,A Level or Equivalent,30-40%,0-35,0,60,0,Pass,14,0,1,0,1,0,0,1,1,1,0,0,1,1,0,5
BBB,2014J,689131,1,Scotland,A Level or Equivalent,90-100%,0-35,0,60,1,Pass,5,1,0,0,0,0,1,1,1,1,0,0,0,1,1,9
BBB,2014J,689132,1,Ireland,Lower Than A Level,70-80%,35-55,0,60,0,Pass,11,1,1,1,1,1,0,1,1,1,0,0,0,0,0,6
BBB,2014J,689139,1,Ireland,Lower Than A Level,50-60%,35-55,0,60,0,Pass,9,1,0,0,1,0,1,0,0,1,0,1,0,0,0,4
BBB,2014J,689141,0,Ireland,A Level or Equivalent,30-40%,0-35,0,60,0,Pass,13,1,1,1,0,0,0,0,0,0,0,0,0,1,1,5
BBB,2014J,689147,1,Ireland,A Level or Equivalent,30-40%,0-35,0,60,0,Pass,1,0,0,1,1,1,1,1,1,1,1,1,0,0,1,2
BBB,2014J,689148,1,Ireland,A Level or Equivalent,60-70%,0-35,0,60,0,Distinction,4,1,0,0,0,0,0,1,1,0,1,1,1,0,1,8
BBB,2014J,689157,1,Ireland,A Level or Equivalent,20-Oct,0-35,0,60,0,Pass,7,1,0,0,1,1,1,0,0,1,1,0,1,1,0,3
BBB,2014J,689173,1,Ireland,Lower Than A Level,50-60%,35-55,0,60,0,Withdrawn,14,1,1,1,1,0,0,0,0,1,1,1,1,1,0,5
BBB,2014J,689178,1,Ireland,Lower Than A Level,90-100%,0-35,0,60,0,Fail,11,1,0,0,0,0,0,0,0,1,0,1,0,0,0,6
BBB,2014J,689180,1,Ireland,A Level or Equivalent,40-50%,35-55,0,60,0,Withdrawn,14,1,0,1,0,0,1,0,0,0,0,1,1,0,0,5
BBB,2014J,689185,1,Ireland,A Level or Equivalent,40-50%,35-55,0,60,0,Fail,1,0,1,1,1,0,1,1,1,0,1,0,1,1,1,2
BBB,2014J,689187,1,East Midlands Region,Lower Than A Level,50-60%,35-55,0,60,0,Pass,3,1,0,0,0,0,1,1,1,0,1,0,0,1,0,8
BBB,2014J,689228,1,Ireland,Lower Than A Level,80-90%,35-55,0,60,0,Fail,16,0,0,0,1,1,1,1,0,1,1,0,0,1,1,10
BBB,2014J,689230,1,Ireland,A Level or Equivalent,40-50%,35-55,0,120,0,Pass,6,1,0,1,1,1,1,0,0,0,0,1,0,1,1,9
BBB,2014J,689265,1,Ireland,Lower Than A Level,0-10%,0-35,0,60,0,Pass,6,0,0,1,0,1,1,1,1,1,1,0,1,0,1,9
BBB,2014J,689267,1,Ireland,Lower Than A Level,60-70%,35-55,0,60,0,Pass,4,0,0,0,0,0,1,0,0,0,1,0,0,0,1,8
BBB,2014J,689274,1,Ireland,Lower Than A Level,70-80%,35-55,0,60,0,Pass,8,1,1,1,1,0,0,1,1,0,1,1,0,1,1,3
BBB,2014J,689287,1,West Midlands Region,A Level or Equivalent,20-30%,0-35,0,60,0,Distinction,4,1,0,1,0,0,1,1,0,0,1,1,0,0,0,8
BBB,2014J,689298,0,North Western Region,Lower Than A Level,30-40%,0-35,0,120,1,Fail,11,1,0,1,0,1,1,0,0,1,0,0,1,0,1,6
BBB,2014J,689329,1,London Region,Lower Than A Level,30-40%,0-35,0,60,1,Fail,4,0,0,0,1,1,1,1,0,1,1,0,1,1,1,8
BBB,2014J,689333,1,West Midlands Region,A Level or Equivalent,20-30%,0-35,0,150,0,Pass,15,1,1,1,0,0,0,1,1,1,1,0,1,1,0,10
BBB,2014J,689350,1,South Region,Lower Than A Level,70-80%,0-35,0,120,0,Withdrawn,10,0,1,0,1,0,1,0,1,1,1,0,0,0,1,1
BBB,2014J,689397,1,Ireland,A Level or Equivalent,90-100%,0-35,0,60,0,Fail,3,1,0,0,1,1,0,1,1,0,0,1,0,1,0,8
BBB,2014J,689406,0,North Western Region,Lower Than A Level,30-40%,35-55,0,60,0,Pass,15,0,1,1,0,1,0,1,1,1,1,0,0,1,1,10
BBB,2014J,689478,1,East Midlands Region,Lower Than A Level,20-30%,35-55,0,120,0,Withdrawn,7,0,1,0,0,0,1,0,1,0,1,1,1,1,0,3
BBB,2014J,689487,1,East Anglian Region,Lower Than A Level,80-90%,0-35,0,60,0,Fail,14,1,1,1,0,0,1,0,1,1,1,0,1,0,0,5
BBB,2014J,689493,1,Scotland,A Level or Equivalent,50-60%,0-35,0,60,0,Withdrawn,14,0,1,0,1,1,0,1,0,1,0,1,0,0,1,5
BBB,2014J,689563,1,West Midlands Region,Lower Than A Level,60-70%,0-35,0,120,0,Pass,2,1,0,1,0,1,0,0,0,1,1,0,1,0,1,2
BBB,2014J,689628,1,Yorkshire Region,Lower Than A Level,0-10%,0-35,0,60,0,Withdrawn,1,1,1,1,1,0,1,1,1,1,0,1,1,1,1,2
BBB,2014J,689662,1,South West Region,Lower Than A Level,70-80%,35-55,0,60,0,Pass,1,1,1,0,1,1,1,0,1,0,0,1,1,0,1,2
BBB,2014J,689665,1,South West Region,Lower Than A Level,20-30%,0-35,0,60,0,Pass,4,0,0,0,1,1,1,1,1,1,0,0,1,1,0,8
BBB,2014J,689727,1,South West Region,A Level or Equivalent,50-60%,0-35,0,60,1,Pass,11,1,0,1,0,0,1,1,1,1,1,0,1,1,0,6
BBB,2014J,689768,1,London Region,A Level or Equivalent,30-40%,0-35,0,60,0,Pass,2,1,1,1,1,0,0,1,0,0,1,1,0,1,0,2
BBB,2014J,689775,1,London Region,Lower Than A Level,20-Oct,0-35,0,60,0,Fail,2,0,1,0,0,0,1,1,1,0,1,1,0,0,1,2
BBB,2014J,689778,1,South Region,Lower Than A Level,20-30%,0-35,0,120,0,Withdrawn,9,1,0,1,1,0,1,0,1,1,1,1,0,0,0,4
BBB,2014J,689808,1,North Western Region,A Level or Equivalent,40-50%,0-35,0,120,0,Withdrawn,8,1,1,0,0,0,0,0,1,0,1,1,0,0,0,3
BBB,2014J,689828,0,South Region,A Level or Equivalent,90-100%,0-35,0,60,0,Pass,7,1,1,0,0,0,0,1,1,1,1,0,1,1,1,3
BBB,2014J,689896,1,South Region,HE Qualification,70-80%,35-55,0,60,0,Withdrawn,13,1,0,1,0,0,1,0,0,1,0,1,1,1,0,5
BBB,2014J,689925,1,East Midlands Region,Lower Than A Level,30-40%,0-35,0,60,0,Withdrawn,1,1,0,1,0,1,0,1,1,0,0,1,1,0,1,2
BBB,2014J,689936,1,East Midlands Region,A Level or Equivalent,30-40%,0-35,0,60,0,Pass,6,0,0,0,0,0,0,0,1,1,0,1,0,1,0,9
BBB,2014J,689952,0,London Region,A Level or Equivalent,20-Oct,0-35,0,120,0,Withdrawn,1,0,1,1,1,0,0,1,0,1,1,1,0,0,0,2
BBB,2014J,689975,1,Ireland,Lower Than A Level,50-60%,0-35,0,60,0,Pass,6,1,0,1,0,1,1,1,1,0,0,0,1,1,0,9
BBB,2014J,690003,0,Ireland,Lower Than A Level,60-70%,0-35,0,60,0,Pass,8,0,1,0,0,0,0,0,0,0,1,0,0,0,1,3
BBB,2014J,690089,1,Ireland,Lower Than A Level,20-Oct,35-55,0,60,0,Pass,4,1,1,0,0,1,0,0,1,1,0,0,1,1,0,8
BBB,2014J,690102,0,Ireland,Lower Than A Level,20-Oct,35-55,0,60,0,Withdrawn,2,1,1,0,1,0,0,1,0,0,0,0,1,0,1,2
BBB,2014J,690116,1,Ireland,A Level or Equivalent,40-50%,35-55,0,60,0,Pass,8,1,0,0,1,0,1,1,0,0,1,0,0,0,1,3
BBB,2014J,690211,1,South Region,A Level or Equivalent,80-90%,0-35,0,120,0,Pass,11,1,0,0,0,0,1,0,0,1,0,0,1,0,0,6
BBB,2014J,690235,1,North Western Region,Lower Than A Level,70-80%,0-35,0,120,0,Withdrawn,3,0,1,1,0,0,0,1,0,1,1,1,1,0,1,8
BBB,2014J,690318,0,Wales,Lower Than A Level,60-70%,35-55,0,60,0,Pass,10,1,1,1,1,1,0,0,0,0,0,1,0,0,1,1
BBB,2014J,690319,1,Wales,HE Qualification,90-100%,35-55,0,60,0,Pass,15,1,0,0,1,1,0,0,1,0,0,1,1,1,0,10
BBB,2014J,690329,1,East Anglian Region,Lower Than A Level,90-100%,0-35,0,120,0,Withdrawn,16,1,1,0,1,1,1,0,0,1,0,0,1,0,1,10
BBB,2014J,690359,1,London Region,Post Graduate Qualification,20-30%,35-55,0,120,0,Distinction,4,1,1,1,0,1,1,0,0,0,0,1,1,0,1,8
BBB,2014J,690366,0,South Region,A Level or Equivalent,90-100%,0-35,0,60,0,Withdrawn,2,1,1,1,0,0,1,1,0,1,1,1,0,0,0,2
BBB,2014J,690384,1,West Midlands Region,Lower Than A Level,50-60%,0-35,0,120,0,Pass,12,1,0,1,0,0,1,1,1,1,1,0,0,1,1,7
BBB,2014J,690430,0,West Midlands Region,Lower Than A Level,30-40%,0-35,0,60,0,Withdrawn,3,0,0,0,0,0,0,0,0,1,1,0,0,0,0,8
BBB,2014J,690469,1,Scotland,A Level or Equivalent,40-50%,0-35,0,60,0,Pass,13,0,0,1,0,0,1,1,0,0,0,0,1,0,0,5
BBB,2014J,690548,1,Yorkshire Region,A Level or Equivalent,20-30%,0-35,0,60,0,Fail,15,0,1,1,1,1,0,1,0,1,0,1,0,1,1,10
BBB,2014J,690554,1,North Region,Lower Than A Level,20-30%,0-35,0,60,0,Withdrawn,7,1,0,0,1,0,0,0,1,1,1,0,1,1,1,3
BBB,2014J,690766,1,South East Region,HE Qualification,80-90%,0-35,0,120,0,Pass,12,0,0,1,0,1,1,0,0,1,0,1,0,1,1,7
BBB,2014J,690767,1,West Midlands Region,A Level or Equivalent,40-50%,0-35,0,60,0,Fail,2,1,0,1,1,1,0,0,1,1,1,1,0,0,0,2
BBB,2014J,690825,1,Yorkshire Region,HE Qualification,20-Oct,0-35,0,120,0,Withdrawn,9,1,0,1,1,0,1,1,0,0,1,0,1,1,0,4
BBB,2014J,690902,1,North Western Region,Lower Than A Level,20-30%,35-55,0,180,1,Pass,5,1,0,0,1,1,1,0,0,0,1,1,0,0,0,9
BBB,2014J,690940,1,East Midlands Region,Lower Than A Level,20-30%,0-35,0,60,0,Withdrawn,6,1,1,0,0,0,0,0,0,0,1,0,0,0,1,9
BBB,2014J,690967,1,East Midlands Region,Lower Than A Level,20-30%,0-35,0,60,1,Pass,14,0,1,0,1,0,1,0,1,1,1,1,1,0,0,5
BBB,2014J,691006,1,Scotland,Lower Than A Level,60-70%,35-55,0,60,0,Fail,15,1,0,0,1,0,0,0,1,0,0,1,0,0,1,10
BBB,2014J,691026,1,East Anglian Region,A Level or Equivalent,80-90%,0-35,0,60,0,Pass,14,0,0,0,0,0,0,0,0,0,1,0,0,1,1,5
BBB,2014J,691028,1,East Midlands Region,A Level or Equivalent,0-10%,35-55,0,180,0,Withdrawn,13,0,0,0,1,0,1,0,1,0,0,0,0,0,1,5
BBB,2014J,691094,1,West Midlands Region,Lower Than A Level,0-10%,0-35,0,120,0,Pass,6,0,1,0,0,1,0,0,1,1,0,0,0,0,1,9
BBB,2014J,691106,1,Wales,A Level or Equivalent,70-80%,0-35,0,60,0,Pass,14,1,0,0,1,0,1,0,0,1,0,1,1,1,0,5
BBB,2014J,691122,0,East Anglian Region,A Level or Equivalent,60-70%,0-35,0,60,0,Pass,7,0,1,0,1,1,1,0,1,1,0,0,0,1,0,3
BBB,2014J,691272,1,East Anglian Region,HE Qualification,40-50%,0-35,0,120,0,Withdrawn,2,0,1,0,1,0,1,1,0,1,0,1,0,1,1,2
BBB,2014J,691286,1,North Region,Lower Than A Level,20-Oct,0-35,0,60,0,Withdrawn,15,1,0,1,1,1,1,1,1,0,0,1,0,0,1,10
BBB,2014J,691312,1,Ireland,A Level or Equivalent,70-80%,0-35,0,60,0,Pass,15,1,0,0,1,0,1,1,1,1,1,1,1,1,0,10
BBB,2014J,691343,0,West Midlands Region,A Level or Equivalent,0-10%,0-35,0,180,0,Withdrawn,6,1,0,0,0,1,0,1,1,0,0,0,0,1,1,9
BBB,2014J,691353,1,Ireland,Lower Than A Level,20-30%,0-35,0,60,0,Withdrawn,3,0,0,0,1,0,0,1,1,1,1,0,0,0,1,8
BBB,2014J,691367,0,South East Region,A Level or Equivalent,80-90%,0-35,0,120,0,Withdrawn,6,0,0,0,1,0,1,1,0,0,1,1,1,0,1,9
BBB,2014J,691411,1,East Anglian Region,A Level or Equivalent,30-40%,0-35,0,120,0,Withdrawn,7,1,1,1,1,0,0,1,1,0,1,0,0,1,0,3
BBB,2014J,691413,1,Wales,HE Qualification,60-70%,0-35,0,60,0,Distinction,2,0,0,1,0,0,1,1,0,1,1,0,0,1,1,2
BBB,2014J,691509,1,London Region,A Level or Equivalent,20-Oct,0-35,0,120,0,Withdrawn,11,0,1,1,0,1,0,0,1,1,0,1,0,0,0,6
BBB,2014J,691514,1,Wales,Lower Than A Level,20-30%,0-35,0,60,0,Pass,14,0,0,1,1,1,0,1,1,1,0,1,1,0,1,5
BBB,2014J,691663,1,East Midlands Region,A Level or Equivalent,0-10%,0-35,0,120,0,Withdrawn,5,0,1,0,1,0,0,0,0,1,0,0,0,1,0,9
BBB,2014J,691683,1,East Midlands Region,Lower Than A Level,20-Oct,35-55,0,60,0,Pass,3,0,1,1,0,0,0,1,1,1,0,0,1,0,1,8
BBB,2014J,691717,1,East Anglian Region,A Level or Equivalent,50-60%,0-35,0,60,0,Pass,13,1,1,1,0,1,1,0,0,0,1,1,1,1,0,5
BBB,2014J,691815,1,East Anglian Region,A Level or Equivalent,20-30%,35-55,0,90,0,Withdrawn,14,0,0,1,1,0,0,0,0,0,0,1,0,0,1,5
BBB,2014J,691835,0,North Western Region,HE Qualification,80-90%,0-35,0,120,0,Distinction,7,1,1,1,1,0,1,0,1,1,1,0,0,1,0,3
BBB,2014J,691851,0,West Midlands Region,A Level or Equivalent,20-30%,0-35,0,60,0,Pass,7,1,1,0,0,1,0,1,1,1,0,0,0,1,1,3
BBB,2014J,691856,1,West Midlands Region,A Level or Equivalent,70-80%,0-35,0,60,0,Pass,6,0,0,1,1,0,1,1,0,1,1,1,0,1,1,9
BBB,2014J,691867,1,London Region,A Level or Equivalent,50-60%,0-35,0,60,0,Withdrawn,14,0,0,0,1,0,0,1,1,1,1,0,0,1,0,5
BBB,2014J,691869,1,North Region,Lower Than A Level,20-Oct,0-35,0,60,0,Pass,11,1,0,1,1,1,1,1,0,1,1,0,0,0,0,6
BBB,2014J,691907,1,Ireland,HE Qualification,50-60%,0-35,0,60,0,Pass,1,1,1,0,0,0,0,0,1,1,1,1,0,1,0,2
BBB,2014J,691997,1,London Region,A Level or Equivalent,0-10%,0-35,0,60,0,Fail,6,1,0,1,0,1,1,1,0,0,1,0,1,0,0,9
BBB,2014J,692164,1,Scotland,Lower Than A Level,0-10%,0-35,0,60,1,Pass,1,1,0,0,1,1,1,0,1,1,0,0,1,0,0,2
BBB,2014J,692175,1,Scotland,Lower Than A Level,60-70%,0-35,0,60,0,Fail,2,1,0,0,1,1,0,1,0,1,1,1,1,1,1,2
BBB,2014J,692181,1,Wales,HE Qualification,30-40%,0-35,0,120,0,Pass,1,0,0,0,0,1,0,0,0,0,0,1,1,1,1,2
BBB,2014J,692196,1,Wales,HE Qualification,40-50%,0-35,0,120,0,Distinction,5,0,0,0,1,1,1,0,1,0,1,0,0,0,1,9
BBB,2014J,692207,1,Ireland,Lower Than A Level,50-60%,0-35,0,60,0,Pass,4,1,1,0,1,0,1,1,1,0,0,0,0,1,1,8
BBB,2014J,692215,1,West Midlands Region,HE Qualification,20-Oct,0-35,0,120,0,Distinction,4,0,1,0,0,0,0,1,1,0,1,0,1,1,0,8
BBB,2014J,692355,1,Scotland,A Level or Equivalent,60-70%,0-35,0,120,0,Pass,5,0,0,1,0,0,0,0,0,1,1,1,0,1,1,9
BBB,2014J,692384,1,East Anglian Region,Lower Than A Level,40-50%,0-35,0,60,1,Withdrawn,14,0,0,1,0,1,1,1,0,1,1,0,0,0,1,5
BBB,2014J,692392,1,South East Region,Lower Than A Level,20-Oct,0-35,0,120,0,Withdrawn,5,1,1,1,1,0,1,0,0,0,0,0,0,0,0,9
BBB,2014J,692473,1,Wales,Lower Than A Level,50-60%,0-35,0,60,0,Pass,3,1,0,0,0,1,1,0,1,1,1,1,1,0,1,8
BBB,2014J,692474,1,Wales,Lower Than A Level,40-50%,0-35,0,60,0,Fail,5,0,1,1,0,0,1,1,0,0,0,0,0,0,0,9
BBB,2014J,692479,1,Wales,Lower Than A Level,80-90%,0-35,0,60,0,Withdrawn,14,1,0,1,1,1,0,0,1,0,0,1,1,1,1,5
BBB,2014J,692482,0,Wales,Lower Than A Level,50-60%,0-35,0,60,0,Fail,4,1,1,0,1,1,1,0,1,0,1,0,0,1,0,8
BBB,2014J,692484,1,Wales,HE Qualification,20-30%,35-55,0,60,0,Pass,8,0,0,1,0,0,1,0,0,1,0,0,1,1,0,3
BBB,2014J,692496,1,Wales,Lower Than A Level,20-30%,0-35,0,60,0,Fail,14,1,1,1,1,1,1,0,0,1,0,1,0,1,0,5
BBB,2014J,692502,1,North Western Region,HE Qualification,0-10%,0-35,0,60,0,Pass,10,0,1,0,1,0,1,0,0,1,1,1,0,1,0,1
BBB,2014J,692515,1,Wales,Lower Than A Level,0-10%,0-35,0,60,0,Fail,7,1,1,1,0,1,0,1,1,0,0,0,0,1,0,3
BBB,2014J,692518,1,Wales,A Level or Equivalent,0-10%,35-55,0,60,0,Pass,12,0,1,0,1,1,0,0,0,0,0,0,1,0,1,7
BBB,2014J,692521,1,Wales,A Level or Equivalent,50-60%,0-35,0,60,0,Fail,8,0,1,0,0,0,0,1,0,0,1,0,1,0,1,3
BBB,2014J,692522,1,Wales,A Level or Equivalent,20-30%,0-35,0,60,0,Pass,1,0,1,1,1,1,1,1,0,1,0,1,1,1,1,2
BBB,2014J,692525,0,Wales,A Level or Equivalent,70-80%,0-35,0,60,0,Fail,13,1,0,0,0,0,1,0,1,0,1,0,1,0,1,5
BBB,2014J,692528,1,Wales,Lower Than A Level,40-50%,35-55,0,60,0,Withdrawn,10,0,0,1,1,1,1,1,0,1,0,0,1,0,0,1
BBB,2014J,692532,1,Wales,HE Qualification,20-Oct,35-55,0,60,0,Withdrawn,5,0,1,0,0,1,0,0,0,0,1,0,0,1,1,9
BBB,2014J,692537,1,Wales,A Level or Equivalent,30-40%,0-35,0,60,0,Withdrawn,6,1,0,0,1,1,1,1,0,1,0,0,0,0,0,9
BBB,2014J,692540,0,Wales,A Level or Equivalent,20-30%,35-55,0,60,0,Withdrawn,4,0,1,0,1,0,0,1,1,1,0,1,1,0,0,8
BBB,2014J,692542,1,Wales,A Level or Equivalent,90-100%,0-35,0,60,0,Withdrawn,10,0,0,1,0,1,1,1,0,1,1,1,1,1,1,1
BBB,2014J,692544,1,Wales,Lower Than A Level,20-Oct,35-55,0,60,0,Pass,5,1,1,1,0,1,1,1,1,0,1,1,1,1,0,9
BBB,2014J,692547,1,Wales,Lower Than A Level,0-10%,35-55,0,60,0,Fail,15,0,1,0,1,1,1,0,0,0,0,1,1,1,1,10
BBB,2014J,692553,1,Wales,Lower Than A Level,20-30%,0-35,0,60,1,Fail,14,0,0,1,0,1,0,0,1,0,0,0,1,0,1,5
BBB,2014J,692572,1,Yorkshire Region,Lower Than A Level,70-80%,0-35,0,60,0,Pass,11,1,1,0,0,1,1,1,1,0,1,0,1,0,1,6
BBB,2014J,692609,1,South Region,A Level or Equivalent,80-90%,35-55,0,60,1,Distinction,12,0,1,1,1,1,1,1,1,1,1,1,1,1,1,7
BBB,2014J,692625,1,South Region,A Level or Equivalent,50-60%,35-55,0,60,0,Withdrawn,12,0,0,1,0,1,0,0,0,0,1,0,0,1,0,7
BBB,2014J,692629,0,East Midlands Region,Lower Than A Level,80-90%,0-35,0,60,0,Withdrawn,13,1,1,0,1,0,1,1,1,1,1,0,1,1,1,5
BBB,2014J,692647,1,Wales,Lower Than A Level,40-50%,0-35,0,90,0,Withdrawn,11,0,1,0,0,1,0,1,1,0,0,1,0,0,1,6
BBB,2014J,692805,1,Scotland,Lower Than A Level,20-Oct,35-55,0,60,0,Pass,1,0,1,0,1,0,1,0,0,1,1,0,1,1,0,2
BBB,2014J,692826,1,West Midlands Region,Lower Than A Level,20-Oct,35-55,0,60,0,Fail,12,1,1,1,0,0,1,0,0,1,0,0,0,1,1,7
BBB,2014J,692827,1,South East Region,HE Qualification,80-90%,35-55,0,60,0,Pass,11,0,0,1,0,0,1,0,1,0,1,0,0,1,1,6
BBB,2014J,692855,1,Scotland,A Level or Equivalent,30-40%,0-35,0,120,0,Withdrawn,5,0,1,0,0,1,1,0,0,1,0,1,0,0,1,9
BBB,2014J,692871,1,South Region,Lower Than A Level,20-30%,0-35,0,60,0,Withdrawn,11,0,0,0,0,1,0,1,0,0,1,0,0,0,1,6
BBB,2014J,692897,1,East Anglian Region,Lower Than A Level,40-50%,0-35,0,60,0,Withdrawn,14,1,1,1,1,0,1,0,1,0,0,1,1,1,0,5
BBB,2014J,692907,1,West Midlands Region,HE Qualification,40-50%,0-35,0,60,0,Pass,12,1,1,0,0,0,1,0,1,1,0,0,0,1,1,7
BBB,2014J,692908,1,East Anglian Region,A Level or Equivalent,20-Oct,35-55,0,120,0,Pass,5,1,0,1,1,1,0,1,0,1,1,0,0,0,1,9
BBB,2014J,692914,1,South Region,A Level or Equivalent,20-30%,0-35,0,120,0,Withdrawn,1,1,0,1,0,1,1,1,1,0,0,0,0,0,1,2
BBB,2014J,692918,1,North Region,A Level or Equivalent,,0-35,0,120,0,Pass,3,0,1,0,0,0,1,0,1,0,1,0,0,1,1,8
BBB,2014J,692920,1,South East Region,A Level or Equivalent,90-100%,0-35,0,60,0,Pass,2,0,1,0,0,0,0,0,0,1,1,1,0,0,1,2
BBB,2014J,692936,1,Wales,Lower Than A Level,20-30%,0-35,0,60,0,Fail,1,1,1,1,1,0,1,1,0,0,1,1,1,1,0,2
BBB,2014J,692943,1,Wales,Lower Than A Level,50-60%,0-35,0,60,0,Pass,4,1,0,0,0,0,0,1,0,1,1,0,1,1,1,8
BBB,2014J,692961,1,East Anglian Region,A Level or Equivalent,0-10%,0-35,0,120,0,Withdrawn,11,0,1,1,0,1,0,1,1,1,1,0,0,1,0,6
BBB,2014J,693091,1,Wales,A Level or Equivalent,80-90%,35-55,0,120,0,Pass,5,1,1,0,0,0,1,1,0,1,0,1,1,1,0,9
BBB,2014J,693098,0,South East Region,A Level or Equivalent,90-100%,0-35,0,60,0,Pass,1,0,0,1,1,0,0,0,1,1,0,0,1,0,1,2
BBB,2014J,693116,0,East Anglian Region,Lower Than A Level,70-80%,0-35,0,120,0,Withdrawn,7,0,0,1,0,0,0,1,0,1,1,0,0,0,0,3
BBB,2014J,693127,0,East Anglian Region,A Level or Equivalent,50-60%,0-35,0,120,0,Withdrawn,14,1,0,0,0,1,1,0,0,0,1,1,0,1,0,5
BBB,2014J,693213,1,Scotland,HE Qualification,90-100%,35-55,0,60,0,Distinction,11,0,0,0,0,1,1,1,1,0,1,0,0,1,0,6
BBB,2014J,693230,1,Ireland,Lower Than A Level,60-70%,0-35,0,60,0,Pass,13,1,1,0,0,1,0,1,1,1,1,1,0,0,0,5
BBB,2014J,693269,1,South Region,A Level or Equivalent,50-60%,0-35,0,90,1,Withdrawn,6,0,1,0,0,0,0,0,1,1,0,0,1,1,1,9
BBB,2014J,693297,1,London Region,Lower Than A Level,0-10%,35-55,0,120,0,Fail,15,1,1,0,1,1,1,0,1,0,1,0,0,0,0,10
BBB,2014J,693333,0,East Anglian Region,Lower Than A Level,90-100%,35-55,0,120,0,Withdrawn,9,1,0,1,0,0,1,0,1,1,0,1,0,0,1,4
BBB,2014J,693352,1,South West Region,Lower Than A Level,60-70%,0-35,0,60,0,Withdrawn,12,0,0,0,1,1,0,0,1,1,1,0,1,1,0,7
BBB,2014J,693380,0,West Midlands Region,HE Qualification,20-Oct,0-35,0,60,0,Pass,4,1,1,0,0,1,1,0,0,0,1,0,0,0,0,8
BBB,2014J,693514,1,South West Region,Lower Than A Level,70-80%,0-35,0,120,0,Pass,13,1,1,0,1,1,0,1,0,0,1,1,1,1,1,5
BBB,2014J,693615,0,London Region,Lower Than A Level,20-30%,35-55,0,60,0,Withdrawn,1,1,1,0,1,1,1,0,0,1,1,0,1,1,1,2
BBB,2014J,693620,1,East Anglian Region,A Level or Equivalent,80-90%,0-35,0,60,0,Withdrawn,6,1,1,1,1,0,1,1,1,0,0,1,0,1,0,9
BBB,2014J,693635,0,South Region,A Level or Equivalent,80-90%,0-35,0,60,0,Fail,9,1,1,0,0,0,1,1,0,1,0,0,0,1,0,4
BBB,2014J,693643,1,London Region,No Formal quals,20-30%,0-35,0,60,0,Withdrawn,16,1,0,0,0,1,0,0,1,0,1,1,0,0,0,10
BBB,2014J,693682,1,East Anglian Region,Lower Than A Level,40-50%,0-35,0,60,0,Pass,13,0,0,0,0,0,0,1,0,1,1,1,1,1,1,5
BBB,2014J,693692,1,North Region,A Level or Equivalent,0-10%,0-35,0,60,0,Fail,10,0,1,1,1,0,0,0,0,1,0,0,0,1,0,1
BBB,2014J,693709,1,West Midlands Region,Lower Than A Level,30-40%,0-35,0,60,0,Withdrawn,4,0,1,1,1,1,1,0,0,0,1,0,0,1,1,8
BBB,2014J,693744,1,London Region,No Formal quals,20-30%,0-35,0,60,0,Withdrawn,13,0,1,1,1,0,0,1,0,1,0,0,1,0,1,5
BBB,2014J,693752,1,Ireland,Lower Than A Level,60-70%,0-35,0,60,0,Pass,11,0,1,1,1,0,0,0,1,1,0,0,1,1,1,6
BBB,2014J,693793,1,East Anglian Region,Lower Than A Level,60-70%,0-35,0,60,0,Pass,13,1,1,1,0,0,0,1,1,0,0,1,1,0,0,5
BBB,2014J,693871,1,Scotland,Lower Than A Level,70-80%,0-35,0,120,0,Fail,14,1,1,1,0,1,0,1,1,1,0,0,0,0,1,5
BBB,2014J,693899,1,North Western Region,Lower Than A Level,50-60%,35-55,0,60,0,Fail,14,0,1,0,1,1,0,0,1,1,1,1,1,1,0,5
BBB,2014J,693934,1,Scotland,Lower Than A Level,20-30%,0-35,0,120,0,Withdrawn,4,0,1,1,0,0,0,0,0,1,1,0,0,1,0,8
BBB,2014J,693983,1,West Midlands Region,Lower Than A Level,40-50%,0-35,0,60,0,Withdrawn,4,0,0,0,1,1,1,0,0,1,1,1,0,0,0,8
BBB,2014J,694001,1,West Midlands Region,A Level or Equivalent,20-30%,0-35,0,180,0,Withdrawn,11,0,0,1,1,1,0,0,1,0,0,0,1,1,1,6
BBB,2014J,694003,1,North Western Region,Lower Than A Level,20-30%,0-35,0,60,0,Withdrawn,15,1,1,0,0,1,0,1,0,1,0,1,0,0,1,10
BBB,2014J,694078,1,East Anglian Region,Lower Than A Level,70-80%,0-35,0,90,0,Pass,12,1,0,1,0,0,1,1,1,0,1,0,1,0,1,7
BBB,2014J,694155,1,Wales,A Level or Equivalent,80-90%,0-35,0,120,0,Fail,7,0,0,1,1,0,0,0,0,0,1,1,1,1,1,3
BBB,2014J,694190,0,Wales,A Level or Equivalent,20-30%,0-35,0,60,1,Pass,2,1,1,0,1,1,0,1,1,0,0,1,1,0,0,2
BBB,2014J,694222,1,South East Region,Lower Than A Level,20-Oct,0-35,0,60,0,Withdrawn,5,0,0,0,0,1,0,0,1,1,0,0,0,1,0,9
BBB,2014J,694329,1,Ireland,HE Qualification,50-60%,0-35,0,60,0,Withdrawn,5,1,0,0,0,1,0,0,0,0,0,0,0,0,0,9
BBB,2014J,694338,1,South Region,HE Qualification,90-100%,35-55,0,60,0,Pass,11,0,1,1,0,1,0,1,1,1,1,1,1,1,1,6
BBB,2014J,694339,1,Ireland,A Level or Equivalent,20-Oct,35-55,0,60,0,Withdrawn,4,0,1,0,1,1,0,1,1,0,1,0,1,1,1,8
BBB,2014J,694341,1,Ireland,Lower Than A Level,60-70%,35-55,0,60,0,Pass,7,1,0,0,1,0,0,0,0,0,0,1,0,0,0,3
BBB,2014J,694342,1,South Region,HE Qualification,60-70%,35-55,0,60,0,Pass,16,0,1,0,1,1,0,1,1,1,1,0,0,0,1,10
BBB,2014J,694349,1,Scotland,A Level or Equivalent,20-30%,0-35,0,60,0,Pass,14,1,0,0,0,1,0,1,0,1,0,1,1,1,1,5
BBB,2014J,694380,1,Ireland,HE Qualification,60-70%,0-35,0,60,0,Withdrawn,10,1,1,0,0,1,1,1,1,0,0,0,1,0,1,1
BBB,2014J,694404,1,East Anglian Region,Lower Than A Level,90-100%,0-35,0,60,0,Fail,1,1,1,0,1,1,0,1,0,0,1,1,1,0,1,2
BBB,2014J,694448,1,East Midlands Region,A Level or Equivalent,20-Oct,0-35,0,60,0,Withdrawn,12,1,0,1,1,0,1,1,0,1,0,0,0,0,0,7
BBB,2014J,694458,1,London Region,A Level or Equivalent,20-Oct,0-35,0,60,0,Withdrawn,11,1,0,1,0,1,1,1,0,0,1,1,1,1,1,6
BBB,2014J,694473,1,Ireland,Lower Than A Level,80-90%,35-55,0,60,0,Pass,15,1,1,1,1,0,1,0,0,0,1,1,1,0,1,10
BBB,2014J,694476,0,Ireland,A Level or Equivalent,30-40%,0-35,0,60,0,Withdrawn,9,0,1,0,1,1,1,0,0,1,1,1,1,0,0,4
BBB,2014J,694490,1,Ireland,A Level or Equivalent,50-60%,35-55,0,60,0,Pass,12,1,0,0,1,0,0,1,1,0,1,0,0,1,0,7
BBB,2014J,694526,1,Ireland,Lower Than A Level,80-90%,0-35,0,60,0,Pass,13,0,0,1,0,0,0,1,0,0,0,1,1,0,0,5
BBB,2014J,694554,1,East Anglian Region,A Level or Equivalent,0-10%,0-35,0,120,1,Withdrawn,5,1,0,0,1,1,1,0,1,1,1,1,0,0,0,9
BBB,2014J,694561,1,East Midlands Region,A Level or Equivalent,60-70%,0-35,0,60,0,Pass,5,0,0,1,1,1,1,1,0,0,1,1,1,1,0,9
BBB,2014J,694576,1,East Anglian Region,A Level or Equivalent,70-80%,35-55,0,60,0,Fail,12,0,0,1,1,0,1,0,0,0,0,0,1,1,0,7
BBB,2014J,694616,1,South Region,Lower Than A Level,40-50%,0-35,0,120,0,Withdrawn,16,0,1,0,1,0,0,0,0,1,0,0,1,0,1,10
BBB,2014J,694682,1,East Midlands Region,Lower Than A Level,20-Oct,35-55,0,180,1,Withdrawn,4,0,0,0,1,1,0,1,0,0,1,0,1,0,1,8
BBB,2014J,694706,1,North Region,A Level or Equivalent,80-90%,0-35,0,60,0,Pass,9,0,0,1,1,0,1,1,0,0,1,1,0,0,0,4
BBB,2014J,694792,1,East Anglian Region,Lower Than A Level,20-30%,0-35,0,120,0,Pass,4,0,0,0,0,1,0,0,1,0,0,0,0,0,1,8
BBB,2014J,694823,0,Scotland,HE Qualification,90-100%,0-35,0,60,0,Pass,6,0,1,1,0,1,1,0,1,1,1,1,0,0,1,9
BBB,2014J,694857,1,South Region,Lower Than A Level,50-60%,0-35,0,60,0,Fail,10,0,0,1,0,0,0,1,0,0,1,1,1,1,0,1
BBB,2014J,694951,0,Yorkshire Region,A Level or Equivalent,60-70%,0-35,0,120,0,Withdrawn,3,1,0,0,1,0,1,1,0,0,0,0,0,0,0,8
BBB,2014J,694974,1,West Midlands Region,Lower Than A Level,20-30%,0-35,0,120,0,Withdrawn,11,0,1,0,1,1,0,1,1,0,0,0,0,0,0,6
BBB,2014J,694981,0,Ireland,A Level or Equivalent,30-40%,0-35,0,60,0,Pass,10,1,1,1,0,0,0,1,1,0,0,1,1,0,0,1
BBB,2014J,694983,1,West Midlands Region,Lower Than A Level,90-100%,35-55,0,60,0,Pass,1,0,1,0,1,0,0,0,1,0,1,0,0,1,1,2
BBB,2014J,695001,0,Ireland,Lower Than A Level,40-50%,0-35,0,60,0,Pass,4,1,1,1,1,0,1,1,0,0,1,0,1,1,0,8
BBB,2014J,695014,1,Ireland,Lower Than A Level,20-30%,0-35,0,60,0,Pass,3,1,0,1,0,1,0,1,0,1,0,0,1,0,1,8
BBB,2014J,695015,1,Ireland,A Level or Equivalent,0-10%,0-35,0,60,0,Fail,15,1,1,0,1,0,1,1,0,0,1,1,1,1,0,10
BBB,2014J,695021,1,Ireland,A Level or Equivalent,70-80%,0-35,0,60,0,Pass,12,1,0,0,1,1,1,1,0,0,0,1,1,1,1,7
BBB,2014J,695027,1,Ireland,A Level or Equivalent,30-40%,35-55,0,60,0,Pass,16,0,1,0,1,1,1,1,0,0,0,1,0,0,0,10
BBB,2014J,695031,1,Ireland,HE Qualification,0-10%,0-35,0,60,0,Pass,7,0,0,1,1,1,1,1,0,1,1,1,0,1,1,3
BBB,2014J,695035,0,Ireland,A Level or Equivalent,70-80%,0-35,0,60,0,Withdrawn,4,1,0,0,0,0,1,0,0,0,0,1,1,1,0,8
BBB,2014J,695044,1,Ireland,A Level or Equivalent,20-Oct,0-35,0,60,0,Pass,13,0,1,1,0,0,1,0,1,0,0,0,1,1,0,5
BBB,2014J,695047,1,Ireland,Lower Than A Level,40-50%,35-55,0,60,0,Pass,7,1,1,0,1,0,0,1,1,0,1,1,0,1,0,3
BBB,2014J,695049,0,Ireland,Lower Than A Level,0-10%,0-35,0,60,1,Pass,13,0,0,1,1,0,0,1,0,1,1,0,0,1,0,5
BBB,2014J,695051,1,Ireland,A Level or Equivalent,20-Oct,0-35,0,120,0,Withdrawn,5,0,0,1,0,1,0,1,1,0,1,1,1,0,1,9
BBB,2014J,695054,1,Ireland,A Level or Equivalent,20-Oct,0-35,0,60,0,Distinction,1,1,1,1,1,0,0,0,0,0,0,0,0,1,0,2
BBB,2014J,695070,1,Ireland,Lower Than A Level,70-80%,0-35,0,60,0,Pass,16,1,0,1,1,1,0,1,1,0,0,0,0,1,1,10
BBB,2014J,695075,1,Ireland,A Level or Equivalent,30-40%,0-35,0,60,0,Pass,16,1,0,0,0,1,0,0,1,1,0,0,0,1,0,10
BBB,2014J,695084,1,Ireland,A Level or Equivalent,20-30%,0-35,0,60,0,Pass,14,1,0,0,0,1,1,1,1,1,1,0,1,0,1,5
BBB,2014J,695125,1,Ireland,Lower Than A Level,30-40%,35-55,0,60,0,Withdrawn,11,1,1,0,1,0,0,1,0,0,0,1,1,1,1,6
BBB,2014J,695144,1,Ireland,A Level or Equivalent,30-40%,0-35,0,60,0,Pass,8,1,1,1,1,1,0,0,1,1,1,1,1,1,0,3
BBB,2014J,695148,1,Ireland,Lower Than A Level,70-80%,0-35,0,60,0,Pass,11,1,0,1,0,1,0,0,0,1,0,1,1,0,0,6
BBB,2014J,695186,1,Wales,A Level or Equivalent,60-70%,0-35,0,60,0,Fail,4,1,1,0,1,1,0,0,1,0,1,0,0,1,0,8
BBB,2014J,695205,0,Ireland,A Level or Equivalent,30-40%,0-35,0,60,0,Distinction,5,0,1,1,1,1,1,0,1,0,0,1,1,1,0,9
BBB,2014J,695235,1,Ireland,Lower Than A Level,20-30%,0-35,0,60,0,Pass,4,0,0,0,0,1,0,0,1,0,1,0,0,1,0,8
BBB,2014J,695247,1,Ireland,A Level or Equivalent,40-50%,35-55,0,60,0,Distinction,5,1,0,1,1,1,0,1,0,0,1,1,1,0,0,9
BBB,2014J,695256,1,Ireland,Lower Than A Level,20-30%,0-35,0,60,0,Pass,15,1,1,0,0,1,0,0,1,0,0,1,0,0,0,10
BBB,2014J,695259,0,Ireland,A Level or Equivalent,50-60%,0-35,0,60,0,Pass,16,0,1,0,0,0,0,0,0,1,1,0,1,1,1,10
BBB,2014J,695278,1,Ireland,Lower Than A Level,20-Oct,35-55,0,60,0,Pass,16,1,1,1,0,0,0,0,1,1,1,0,0,0,0,10
BBB,2014J,695298,0,London Region,Lower Than A Level,30-40%,35-55,0,60,0,Withdrawn,5,1,0,0,1,0,0,1,0,1,1,0,1,0,1,9
BBB,2014J,695356,1,South Region,Lower Than A Level,40-50%,0-35,0,60,1,Withdrawn,9,0,1,1,0,1,0,1,0,0,1,1,1,0,0,4
BBB,2014J,695405,1,South East Region,Lower Than A Level,40-50%,35-55,0,60,1,Fail,4,1,1,1,0,0,0,0,0,1,0,1,1,1,1,8
BBB,2014J,695411,1,South Region,Lower Than A Level,80-90%,0-35,0,120,0,Withdrawn,12,0,1,0,1,1,1,0,0,0,0,0,0,1,1,7
BBB,2014J,695434,1,East Midlands Region,HE Qualification,70-80%,0-35,0,60,0,Fail,9,0,0,0,1,1,0,0,1,0,1,1,0,0,0,4
BBB,2014J,695461,0,Ireland,Lower Than A Level,0-10%,0-35,0,60,0,Withdrawn,3,1,0,0,1,1,0,0,1,0,0,0,0,1,1,8
BBB,2014J,695475,1,Ireland,A Level or Equivalent,0-10%,35-55,0,60,0,Distinction,7,0,0,0,0,1,1,0,1,1,1,1,0,1,1,3
BBB,2014J,695484,0,Ireland,A Level or Equivalent,80-90%,0-35,0,60,0,Pass,2,1,1,1,0,1,0,0,0,0,1,0,0,1,0,2
BBB,2014J,695510,1,Ireland,A Level or Equivalent,0-10%,35-55,0,60,0,Pass,8,0,0,0,0,1,1,0,0,1,1,1,0,1,0,3
BBB,2014J,695516,1,East Anglian Region,Lower Than A Level,30-40%,0-35,0,60,0,Withdrawn,14,1,0,0,1,0,0,0,1,0,1,0,0,0,0,5
BBB,2014J,695528,1,Ireland,A Level or Equivalent,0-10%,0-35,0,60,0,Withdrawn,6,1,1,1,1,1,0,0,1,1,1,1,0,0,0,9
BBB,2014J,695535,1,Ireland,Lower Than A Level,0-10%,35-55,0,60,0,Pass,6,1,0,1,0,0,1,1,1,0,1,0,1,0,0,9
BBB,2014J,695613,1,Yorkshire Region,A Level or Equivalent,60-70%,0-35,0,60,0,Pass,14,0,1,1,1,1,1,1,0,1,0,1,0,0,1,5
BBB,2014J,695631,0,North Western Region,A Level or Equivalent,20-Oct,35-55,0,60,1,Pass,8,1,0,0,0,0,0,0,0,1,0,1,0,0,1,3
BBB,2014J,695654,1,South Region,A Level or Equivalent,90-100%,0-35,0,60,0,Pass,10,1,0,1,0,0,1,1,0,0,1,1,1,0,1,1
BBB,2014J,695695,1,North Western Region,HE Qualification,70-80%,35-55,0,60,0,Withdrawn,7,1,0,1,1,0,1,0,0,1,0,0,1,0,1,3
BBB,2014J,695941,1,London Region,No Formal quals,0-10%,0-35,0,60,0,Withdrawn,7,1,0,0,1,1,1,1,0,0,1,0,1,0,1,3
BBB,2014J,695972,1,Ireland,A Level or Equivalent,0-10%,35-55,0,60,0,Pass,7,1,1,0,0,1,0,1,1,1,1,1,0,1,1,3
BBB,2014J,695981,1,East Midlands Region,Lower Than A Level,80-90%,0-35,0,60,0,Withdrawn,13,0,1,0,0,0,0,1,1,0,0,1,0,0,1,5
BBB,2014J,695982,1,East Midlands Region,Lower Than A Level,80-90%,35-55,0,60,0,Withdrawn,9,1,0,1,1,0,1,1,0,1,1,1,1,1,0,4
BBB,2014J,696007,1,East Anglian Region,A Level or Equivalent,60-70%,0-35,0,60,0,Pass,5,0,0,1,0,1,1,1,0,0,0,1,0,1,0,9
BBB,2014J,696152,1,London Region,Lower Than A Level,20-30%,35-55,0,60,0,Pass,4,1,0,1,1,0,0,1,0,1,0,0,1,1,1,8
BBB,2014J,696203,0,Ireland,Lower Than A Level,20-Oct,35-55,0,60,0,Pass,10,1,0,0,1,0,1,1,0,0,1,0,1,1,0,1
BBB,2014J,696301,1,South West Region,A Level or Equivalent,30-40%,35-55,0,60,0,Pass,9,0,1,0,1,0,0,0,0,1,0,1,0,0,0,4
BBB,2014J,696316,1,North Region,A Level or Equivalent,20-Oct,0-35,0,120,0,Withdrawn,12,1,1,0,0,1,1,1,1,0,0,0,0,1,0,7
BBB,2014J,696348,1,South West Region,Lower Than A Level,0-10%,35-55,0,60,1,Fail,11,1,1,0,1,1,1,1,1,0,0,0,1,1,0,6
BBB,2014J,696440,1,Ireland,A Level or Equivalent,40-50%,0-35,0,60,0,Pass,3,0,1,0,1,1,0,1,1,1,1,0,1,0,1,8
BBB,2014J,696481,1,West Midlands Region,A Level or Equivalent,0-10%,35-55,0,60,0,Withdrawn,12,0,0,0,1,0,1,0,0,1,1,0,0,1,1,7
BBB,2014J,696527,0,Wales,Lower Than A Level,0-10%,0-35,0,120,1,Withdrawn,5,1,1,1,0,0,0,0,0,0,0,1,0,0,1,9
BBB,2014J,696569,1,Ireland,Lower Than A Level,0-10%,0-35,0,60,0,Fail,10,0,1,1,1,1,0,1,1,0,0,1,0,0,0,1
BBB,2014J,696595,0,East Anglian Region,Lower Than A Level,60-70%,0-35,0,60,0,Withdrawn,9,1,1,0,0,1,1,0,1,1,0,1,1,0,1,4
BBB,2014J,696616,1,South East Region,HE Qualification,70-80%,35-55,0,120,0,Pass,3,1,0,1,0,1,1,1,0,1,0,1,1,0,1,8
BBB,2014J,696634,1,South Region,A Level or Equivalent,70-80%,0-35,0,60,1,Withdrawn,1,0,0,1,0,0,1,1,1,0,0,1,0,0,0,2
BBB,2014J,696684,1,North Western Region,Lower Than A Level,50-60%,0-35,0,120,0,Pass,15,1,0,1,0,1,0,0,1,0,1,1,1,1,1,10
BBB,2014J,696692,1,Wales,A Level or Equivalent,60-70%,35-55,0,60,0,Withdrawn,4,0,1,0,0,1,0,0,0,0,1,1,0,0,0,8
BBB,2014J,696716,0,East Anglian Region,Lower Than A Level,60-70%,35-55,0,120,0,Withdrawn,4,1,0,0,1,1,1,0,1,0,0,0,0,0,1,8
BBB,2014J,696724,1,North Western Region,Lower Than A Level,0-10%,0-35,0,60,0,Pass,2,1,0,1,0,0,1,1,0,0,1,1,1,0,1,2
BBB,2014J,696799,1,London Region,HE Qualification,20-30%,0-35,0,60,0,Fail,9,1,0,0,0,0,1,0,1,1,1,1,0,0,0,4
BBB,2014J,696803,1,South West Region,HE Qualification,60-70%,35-55,0,120,0,Withdrawn,10,1,0,1,0,0,1,0,1,1,0,1,1,1,0,1
BBB,2014J,696804,1,Wales,A Level or Equivalent,70-80%,0-35,0,60,0,Pass,16,0,0,0,0,1,0,1,1,1,1,0,0,1,1,10
BBB,2014J,696844,1,East Anglian Region,HE Qualification,50-60%,0-35,0,120,0,Pass,14,0,0,0,0,0,0,0,0,1,0,1,1,0,0,5
BBB,2014J,696850,1,Wales,HE Qualification,70-80%,0-35,0,120,0,Distinction,3,0,1,0,1,1,1,1,1,0,1,1,1,1,0,8
BBB,2014J,696890,1,Scotland,A Level or Equivalent,60-70%,35-55,0,120,0,Withdrawn,12,0,0,0,1,1,1,0,1,0,0,1,1,1,1,7
BBB,2014J,697065,1,South East Region,Lower Than A Level,50-60%,0-35,0,60,1,Withdrawn,16,0,1,1,1,0,1,1,1,1,1,1,0,1,1,10
BBB,2014J,697119,1,South Region,A Level or Equivalent,70-80%,0-35,0,60,0,Withdrawn,13,1,0,1,1,0,0,1,0,0,0,1,0,1,1,5
BBB,2014J,697136,1,South East Region,Lower Than A Level,20-30%,0-35,0,120,0,Withdrawn,1,1,1,0,1,1,0,0,0,0,1,0,0,1,1,2
BBB,2014J,697148,1,Wales,A Level or Equivalent,60-70%,35-55,0,60,0,Withdrawn,10,0,0,1,1,0,0,0,0,0,1,0,0,1,1,1
BBB,2014J,697298,1,Yorkshire Region,A Level or Equivalent,20-30%,0-35,0,120,0,Withdrawn,14,0,1,0,0,0,1,1,1,1,0,0,0,0,0,5
BBB,2014J,697319,1,East Anglian Region,Lower Than A Level,40-50%,35-55,0,60,0,Withdrawn,2,1,1,0,0,1,0,1,1,0,1,0,1,0,1,2
BBB,2014J,697337,1,East Anglian Region,No Formal quals,60-70%,0-35,0,60,0,Withdrawn,4,0,1,0,0,1,1,1,0,1,0,0,0,1,1,8
BBB,2014J,697345,1,North Region,A Level or Equivalent,30-40%,0-35,0,60,0,Fail,16,1,1,0,1,1,0,1,1,0,0,0,0,1,0,10
BBB,2014J,697417,0,West Midlands Region,Lower Than A Level,0-10%,0-35,0,60,0,Pass,7,1,0,1,0,1,1,0,1,1,0,1,1,0,1,3
BBB,2014J,697428,0,East Midlands Region,Lower Than A Level,70-80%,35-55,0,60,0,Fail,3,1,1,0,0,1,1,1,1,1,0,0,0,0,1,8
BBB,2014J,697514,1,East Anglian Region,Lower Than A Level,30-40%,0-35,0,60,0,Withdrawn,7,1,1,0,0,0,0,0,1,1,1,1,1,0,1,3
BBB,2014J,697525,0,South Region,Lower Than A Level,80-90%,35-55,0,60,0,Fail,7,0,1,1,0,1,1,0,1,1,1,0,0,1,1,3
BBB,2014J,697542,1,North Western Region,Lower Than A Level,20-Oct,0-35,0,60,0,Fail,16,1,1,1,1,0,1,1,1,1,1,1,0,1,1,10
BBB,2014J,697561,1,East Anglian Region,Lower Than A Level,60-70%,0-35,0,60,0,Fail,16,0,1,0,1,0,1,1,0,0,0,1,1,0,0,10
BBB,2014J,697562,1,North Region,Lower Than A Level,20-30%,0-35,0,120,0,Pass,9,1,0,0,1,0,0,1,0,0,1,0,0,0,1,4
BBB,2014J,697574,0,South Region,A Level or Equivalent,40-50%,35-55,0,60,0,Pass,2,1,0,1,1,1,0,1,0,1,0,1,0,0,1,2
BBB,2014J,697578,1,West Midlands Region,A Level or Equivalent,40-50%,0-35,0,60,0,Distinction,15,0,1,1,0,0,1,0,0,1,1,1,0,1,0,10
BBB,2014J,697649,1,North Western Region,Lower Than A Level,40-50%,35-55,0,60,0,Pass,10,0,1,0,1,0,1,0,1,1,0,0,1,1,0,1
BBB,2014J,697653,1,Scotland,A Level or Equivalent,50-60%,0-35,0,120,0,Withdrawn,2,1,1,0,0,1,1,1,1,1,0,0,0,1,1,2
BBB,2014J,697754,1,South West Region,A Level or Equivalent,40-50%,35-55,0,120,0,Distinction,8,0,0,0,0,0,0,0,1,0,0,0,0,0,0,3
BBB,2014J,697857,1,South West Region,Lower Than A Level,20-30%,0-35,0,60,0,Pass,12,0,1,1,0,1,0,0,1,0,1,1,0,0,1,7
BBB,2014J,697868,1,London Region,A Level or Equivalent,40-50%,0-35,0,150,0,Withdrawn,1,0,0,1,1,1,1,0,1,1,0,1,1,1,0,2
BBB,2014J,697893,1,East Anglian Region,Lower Than A Level,50-60%,0-35,0,120,0,Withdrawn,3,1,0,0,1,0,0,1,0,0,1,0,1,0,1,8
BBB,2014J,697909,1,South Region,Lower Than A Level,70-80%,0-35,0,60,0,Withdrawn,2,0,0,1,1,1,1,0,1,1,1,1,0,1,1,2
BBB,2014J,697912,0,North Western Region,Lower Than A Level,80-90%,35-55,0,120,0,Fail,5,0,1,1,0,1,1,1,1,1,1,1,1,1,0,9
BBB,2014J,697959,1,Wales,A Level or Equivalent,30-40%,0-35,0,60,0,Pass,5,1,1,0,0,1,0,1,1,1,1,1,1,0,0,9
BBB,2014J,697960,1,Wales,Lower Than A Level,40-50%,0-35,0,60,0,Pass,14,0,1,1,0,1,0,1,0,0,1,1,0,1,0,5
BBB,2014J,697964,1,Wales,A Level or Equivalent,50-60%,0-35,0,60,0,Distinction,11,1,0,0,0,1,1,0,1,0,0,1,0,0,1,6
BBB,2014J,698010,1,Yorkshire Region,Lower Than A Level,20-Oct,0-35,0,60,0,Fail,12,1,0,0,1,1,0,1,0,1,1,0,0,0,0,7
BBB,2014J,698025,1,North Region,Lower Than A Level,20-30%,0-35,0,60,0,Withdrawn,16,1,1,0,0,1,1,1,1,0,0,0,1,1,0,10
BBB,2014J,698170,1,South Region,HE Qualification,60-70%,35-55,0,120,0,Distinction,11,1,1,1,1,0,1,1,0,1,0,0,1,0,0,6
BBB,2014J,698180,1,East Midlands Region,A Level or Equivalent,60-70%,0-35,0,60,0,Pass,15,1,1,0,0,1,0,0,1,0,1,0,0,1,1,10
BBB,2014J,698198,1,Wales,Lower Than A Level,20-30%,35-55,0,60,0,Fail,9,1,0,0,0,1,0,0,0,1,1,0,1,1,0,4
BBB,2014J,698199,1,Wales,A Level or Equivalent,20-Oct,0-35,0,60,0,Pass,13,1,0,1,1,0,0,1,1,1,1,0,0,1,1,5
BBB,2014J,698200,1,Wales,Lower Than A Level,70-80%,35-55,0,60,0,Fail,2,0,0,0,1,0,0,0,0,1,1,1,0,1,1,2
BBB,2014J,698201,1,Wales,Lower Than A Level,50-60%,35-55,0,60,0,Pass,8,1,1,1,1,1,0,1,1,0,0,0,0,1,1,3
BBB,2014J,698203,1,Wales,HE Qualification,30-40%,0-35,0,60,0,Pass,15,0,0,1,1,1,0,1,0,0,1,0,1,1,1,10
BBB,2014J,698204,1,Wales,Lower Than A Level,20-Oct,35-55,0,60,0,Pass,3,0,1,0,0,0,0,1,1,1,0,1,0,0,1,8
BBB,2014J,698205,1,Wales,Lower Than A Level,30-40%,35-55,0,60,0,Withdrawn,8,1,1,0,0,1,0,1,0,1,0,1,1,1,0,3
BBB,2014J,698206,1,Wales,Lower Than A Level,80-90%,35-55,0,60,0,Pass,7,0,1,0,1,0,1,1,1,1,1,0,1,0,0,3
BBB,2014J,698207,1,Wales,HE Qualification,20-30%,0-35,0,60,0,Distinction,3,1,1,0,1,1,0,0,1,1,0,1,1,0,1,8
BBB,2014J,698208,1,Wales,A Level or Equivalent,50-60%,35-55,0,60,0,Fail,3,0,0,0,1,0,1,1,1,1,0,1,1,0,0,8
BBB,2014J,698256,1,West Midlands Region,Lower Than A Level,70-80%,0-35,0,60,0,Distinction,5,0,0,0,1,1,0,1,0,1,1,1,1,0,0,9
BBB,2014J,698345,1,North Region,Lower Than A Level,50-60%,35-55,0,60,0,Pass,1,0,1,1,0,1,0,0,0,1,1,1,0,0,0,2
BBB,2014J,698352,1,Yorkshire Region,A Level or Equivalent,0-10%,0-35,0,60,0,Withdrawn,12,0,1,0,0,0,0,1,1,0,0,0,0,1,1,7
BBB,2014J,698357,1,South Region,A Level or Equivalent,90-100%,0-35,0,60,0,Withdrawn,16,0,0,0,0,1,1,1,1,1,0,0,1,0,1,10
BBB,2014J,698362,1,North Region,HE Qualification,30-40%,0-35,0,120,0,Distinction,8,0,1,0,1,1,0,0,0,1,0,0,0,0,0,3
BBB,2014J,698369,1,Yorkshire Region,A Level or Equivalent,20-Oct,0-35,0,120,0,Distinction,12,1,1,1,0,1,1,0,1,1,1,0,1,1,1,7
BBB,2014J,698420,1,East Midlands Region,HE Qualification,70-80%,35-55,0,120,0,Distinction,7,1,0,0,1,1,1,1,0,0,1,1,1,1,0,3
BBB,2014J,698432,1,South East Region,Lower Than A Level,20-30%,0-35,0,60,0,Withdrawn,16,1,1,0,0,0,1,1,1,0,1,1,1,0,0,10
BBB,2014J,698463,1,East Midlands Region,HE Qualification,30-40%,0-35,0,120,0,Distinction,11,0,0,1,1,0,1,1,0,1,1,0,1,0,0,6
BBB,2014J,698471,1,South Region,HE Qualification,20-30%,0-35,0,120,0,Distinction,2,0,1,1,1,1,1,1,1,0,0,0,0,0,1,2
BBB,2014J,698490,1,South Region,A Level or Equivalent,50-60%,0-35,0,60,0,Withdrawn,3,1,0,1,0,1,0,1,1,1,1,1,1,1,0,8
BBB,2014J,698494,1,North Region,A Level or Equivalent,0-10%,0-35,0,60,0,Pass,12,1,1,0,1,1,1,1,0,1,1,0,0,1,1,7
BBB,2014J,698498,1,East Midlands Region,A Level or Equivalent,30-40%,0-35,0,60,0,Withdrawn,6,0,1,1,1,1,1,1,0,0,0,0,0,0,0,9
BBB,2014J,698507,1,Wales,HE Qualification,60-70%,0-35,0,120,0,Distinction,5,0,0,0,0,1,0,0,1,0,0,0,0,0,1,9
BBB,2014J,698509,1,Wales,HE Qualification,30-40%,35-55,0,120,0,Distinction,5,1,0,1,1,0,0,0,1,1,0,0,0,0,1,9
BBB,2014J,698586,1,Yorkshire Region,Lower Than A Level,40-50%,0-35,0,120,1,Withdrawn,2,1,0,0,1,1,1,1,1,0,1,0,1,0,1,2
BBB,2014J,699007,1,London Region,A Level or Equivalent,30-40%,0-35,0,120,0,Distinction,15,1,0,1,1,0,0,1,1,1,0,0,0,1,0,10
BBB,2014J,699153,1,Wales,Lower Than A Level,80-90%,0-35,0,60,0,Pass,6,1,0,1,1,0,1,0,0,1,0,1,0,0,1,9
BBB,2014J,699435,1,East Midlands Region,HE Qualification,70-80%,0-35,0,120,0,Pass,2,1,0,0,0,1,0,0,1,0,1,1,1,1,0,2
BBB,2014J,699436,1,East Midlands Region,HE Qualification,60-70%,35-55,0,120,0,Distinction,13,1,1,1,0,0,1,1,1,0,0,1,0,0,0,5
BBB,2014J,699437,1,East Midlands Region,HE Qualification,70-80%,35-55,0,120,0,Pass,16,1,0,1,1,1,0,1,0,1,1,1,0,1,1,10
BBB,2014J,699488,1,Wales,A Level or Equivalent,20-30%,35-55,0,120,0,Distinction,6,1,1,1,0,0,0,0,1,1,0,1,1,1,0,9
BBB,2014J,699493,1,West Midlands Region,Lower Than A Level,90-100%,35-55,0,120,0,Withdrawn,5,0,0,1,0,1,1,0,0,0,0,1,1,1,1,9
BBB,2014J,699498,1,Yorkshire Region,Lower Than A Level,70-80%,35-55,0,60,0,Pass,9,1,0,1,1,1,0,1,1,1,0,0,1,0,0,4
BBB,2014J,699503,1,Ireland,Lower Than A Level,50-60%,0-35,0,60,0,Pass,7,1,0,1,0,0,1,0,1,1,0,1,0,0,0,3
BBB,2014J,699651,1,Yorkshire Region,HE Qualification,60-70%,0-35,0,120,0,Distinction,3,0,1,1,1,1,0,0,0,0,0,0,0,1,1,8
BBB,2014J,699656,0,Yorkshire Region,HE Qualification,30-40%,0-35,0,120,0,Distinction,7,0,0,0,0,1,1,0,0,0,0,0,1,1,0,3
BBB,2014J,699875,1,Ireland,Lower Than A Level,20-30%,35-55,0,60,0,Withdrawn,10,0,0,1,0,0,1,1,1,1,1,0,0,0,0,1
BBB,2014J,700079,0,South Region,A Level or Equivalent,0-10%,0-35,0,120,0,Distinction,6,0,0,1,0,0,1,0,1,1,1,0,0,1,1,9
BBB,2014J,700086,1,Wales,Lower Than A Level,60-70%,35-55,0,60,0,Pass,5,1,0,0,0,0,1,0,1,1,0,0,0,1,1,9
BBB,2014J,700441,1,South Region,HE Qualification,80-90%,35-55,0,120,0,Pass,6,0,1,0,1,0,0,1,0,1,0,0,0,0,1,9
BBB,2014J,700458,1,Wales,HE Qualification,20-30%,0-35,0,60,0,Fail,1,1,1,0,1,1,0,1,0,0,1,1,1,0,0,2
BBB,2014J,700815,0,East Anglian Region,HE Qualification,30-40%,0-35,0,120,0,Fail,12,0,1,0,1,0,0,1,1,0,1,1,0,0,1,7
BBB,2014J,700820,1,South Region,HE Qualification,40-50%,0-35,0,120,0,Distinction,5,1,0,0,1,0,1,0,1,0,1,1,1,0,1,9
BBB,2014J,1118432,1,North Western Region,HE Qualification,30-40%,35-55,0,60,0,Distinction,3,1,0,1,1,1,1,1,0,0,1,1,1,0,0,8
BBB,2014J,1419671,1,West Midlands Region,Lower Than A Level,70-80%,35-55,0,60,0,Fail,13,0,1,1,0,1,1,1,1,0,1,1,0,0,1,5
BBB,2014J,1432518,0,Scotland,Lower Than A Level,60-70%,35-55,0,120,1,Fail,7,1,1,1,1,0,0,0,0,1,0,1,0,0,1,3
BBB,2014J,1453140,0,East Midlands Region,A Level or Equivalent,50-60%,35-55,1,90,0,Withdrawn,12,0,1,1,1,1,1,1,1,1,0,0,0,1,0,7
BBB,2014J,1486048,1,East Midlands Region,HE Qualification,30-40%,35-55,0,120,0,Withdrawn,12,1,0,1,0,1,1,0,1,0,1,1,1,1,0,7
BBB,2014J,1526770,1,Ireland,Lower Than A Level,50-60%,35-55,0,90,0,Distinction,2,0,1,0,1,0,0,1,1,1,0,0,1,1,1,2
BBB,2014J,1533277,1,Yorkshire Region,Lower Than A Level,40-50%,35-55,0,60,0,Pass,13,0,1,0,1,0,1,0,0,0,1,0,1,0,0,5
BBB,2014J,1536122,1,Ireland,A Level or Equivalent,20-30%,35-55,1,120,0,Distinction,13,1,0,1,1,1,1,1,1,0,0,1,1,1,1,5
BBB,2014J,1536591,1,London Region,Lower Than A Level,20-Oct,35-55,2,120,0,Fail,14,1,1,0,0,0,0,1,1,0,0,0,0,0,1,5
BBB,2014J,1547646,1,Yorkshire Region,A Level or Equivalent,80-90%,35-55,0,60,0,Distinction,6,1,1,0,0,0,0,0,0,1,1,1,0,0,0,9
BBB,2014J,1560989,1,Scotland,HE Qualification,0-10%,35-55,1,150,1,Fail,10,1,1,0,1,1,0,0,1,0,1,0,0,1,0,1
BBB,2014J,1563696,1,East Midlands Region,A Level or Equivalent,40-50%,35-55,0,60,0,Pass,7,1,0,0,1,0,1,0,1,0,1,0,1,1,0,3
BBB,2014J,1564706,0,Wales,HE Qualification,20-30%,35-55,0,60,0,Pass,10,1,1,0,1,0,0,0,1,0,0,1,0,1,0,1
BBB,2014J,1585768,1,Wales,A Level or Equivalent,80-90%,35-55,0,60,0,Fail,3,1,0,1,0,0,0,0,1,1,1,0,1,1,0,8
BBB,2014J,1623795,1,Wales,Lower Than A Level,60-70%,35-55,0,60,0,Distinction,10,0,1,0,0,1,1,1,0,1,1,0,0,1,1,1
BBB,2014J,1656979,0,South Region,A Level or Equivalent,60-70%,35-55,0,60,0,Distinction,4,1,1,0,1,1,1,1,0,0,0,0,1,1,1,8
BBB,2014J,1664280,1,East Anglian Region,A Level or Equivalent,60-70%,35-55,0,60,0,Pass,5,0,0,1,0,1,1,1,1,0,0,1,1,1,1,9
BBB,2014J,1723749,1,West Midlands Region,A Level or Equivalent,60-70%,35-55,0,120,0,Pass,7,0,0,0,0,1,1,0,0,1,0,1,0,1,0,3
BBB,2014J,1732956,1,Wales,No Formal quals,30-40%,35-55,0,120,0,Pass,5,1,1,0,0,1,1,1,1,0,0,0,0,1,1,9
BBB,2014J,1733023,1,Scotland,HE Qualification,50-60%,35-55,0,60,1,Distinction,2,1,0,1,1,0,1,1,0,1,1,0,0,1,1,2
BBB,2014J,1752834,1,East Midlands Region,Lower Than A Level,30-40%,35-55,0,180,0,Pass,6,1,0,1,0,1,1,0,0,0,0,0,0,1,0,9
BBB,2014J,1757561,1,Scotland,Lower Than A Level,40-50%,35-55,1,60,0,Fail,11,0,0,0,0,0,1,1,0,1,0,1,0,1,0,6
BBB,2014J,1784816,1,West Midlands Region,A Level or Equivalent,20-Oct,35-55,0,120,0,Pass,10,0,0,0,0,1,0,0,1,1,1,0,0,1,0,1
BBB,2014J,1813493,0,Yorkshire Region,Lower Than A Level,30-40%,35-55,0,60,0,Fail,9,1,1,1,0,1,1,0,0,1,0,0,1,0,0,4
BBB,2014J,1832218,1,Scotland,HE Qualification,60-70%,35-55,1,60,0,Pass,4,0,1,1,0,1,0,0,1,1,0,1,0,1,1,8
BBB,2014J,1835389,1,North Western Region,HE Qualification,80-90%,35-55,0,60,0,Pass,2,0,0,1,1,1,1,1,1,1,1,0,0,1,0,2
BBB,2014J,1843123,1,Scotland,HE Qualification,80-90%,35-55,0,60,0,Pass,6,1,0,0,0,1,1,1,1,1,0,1,1,1,1,9
BBB,2014J,1874935,1,South Region,A Level or Equivalent,40-50%,35-55,0,120,0,Distinction,15,0,1,1,0,1,0,1,1,0,0,1,0,1,0,10
BBB,2014J,1888723,1,North Western Region,Lower Than A Level,30-40%,35-55,0,60,0,Withdrawn,3,0,1,0,1,0,1,0,1,0,1,1,1,0,1,8
BBB,2014J,1891028,1,South Region,A Level or Equivalent,20-Oct,35-55,1,60,0,Fail,12,1,0,1,0,0,1,0,0,1,0,1,1,1,1,7
BBB,2014J,1903095,1,East Anglian Region,Lower Than A Level,20-Oct,35-55,0,60,0,Pass,9,1,1,1,0,0,1,1,1,0,0,0,0,1,0,4
BBB,2014J,1926542,1,Scotland,Post Graduate Qualification,80-90%,0-35,0,60,0,Pass,6,0,1,0,0,1,0,1,0,1,1,0,1,1,1,9
BBB,2014J,1928536,1,London Region,Lower Than A Level,50-60%,0-35,0,60,0,Withdrawn,14,0,0,0,0,0,1,0,0,1,0,1,1,0,1,5
BBB,2014J,1929491,1,East Midlands Region,HE Qualification,20-30%,35-55,0,60,0,Withdrawn,1,0,1,1,0,1,1,0,0,1,1,1,0,0,1,2
BBB,2014J,1937822,1,North Region,HE Qualification,20-30%,35-55,0,60,0,Distinction,1,1,0,1,0,0,0,0,0,1,0,0,1,0,0,2
BBB,2014J,1972832,1,Wales,A Level or Equivalent,80-90%,0-35,0,120,0,Distinction,5,0,1,1,1,0,1,0,0,0,0,1,1,1,0,9
BBB,2014J,1989014,1,Scotland,HE Qualification,60-70%,35-55,0,60,0,Pass,5,1,1,0,1,0,0,0,0,1,0,1,1,1,0,9
BBB,2014J,1993672,1,West Midlands Region,Lower Than A Level,0-10%,35-55,5,60,1,Fail,8,0,0,0,0,1,1,0,0,0,1,0,0,1,0,3
BBB,2014J,2003628,1,South Region,A Level or Equivalent,60-70%,35-55,0,60,0,Withdrawn,16,1,1,1,0,1,1,1,0,1,0,1,0,0,0,10
BBB,2014J,2009239,1,South East Region,A Level or Equivalent,80-90%,35-55,2,120,0,Pass,2,1,1,1,1,0,1,0,0,0,0,0,0,0,1,2
BBB,2014J,2035574,1,East Midlands Region,Lower Than A Level,80-90%,35-55,0,120,0,Pass,11,1,1,0,1,1,0,1,1,1,1,1,1,0,1,6
BBB,2014J,2045569,1,Yorkshire Region,Lower Than A Level,0-10%,35-55,0,60,0,Withdrawn,2,1,0,1,1,1,0,0,1,0,0,1,1,1,0,2
BBB,2014J,2049740,1,London Region,Lower Than A Level,20-Oct,35-55,0,60,0,Fail,9,1,0,0,0,1,0,1,1,0,1,1,1,0,1,4
BBB,2014J,2051809,0,London Region,HE Qualification,20-Oct,35-55,0,120,0,Withdrawn,7,0,0,0,1,0,1,1,0,1,1,1,0,1,1,3
BBB,2014J,2091096,0,West Midlands Region,Lower Than A Level,30-40%,35-55,0,60,0,Pass,6,1,1,0,1,1,1,1,1,1,0,0,1,1,1,9
BBB,2014J,2091193,0,West Midlands Region,Lower Than A Level,80-90%,35-55,0,60,0,Pass,1,1,0,0,1,1,1,0,0,1,1,1,0,1,1,2
BBB,2014J,2093092,1,East Anglian Region,HE Qualification,70-80%,35-55,0,120,0,Withdrawn,9,0,0,1,1,0,0,0,0,0,0,1,0,0,1,4
BBB,2014J,2103305,1,East Anglian Region,Lower Than A Level,40-50%,35-55,0,120,1,Withdrawn,13,1,1,0,1,1,1,1,0,1,0,1,1,0,1,5
BBB,2014J,2108914,1,East Midlands Region,Lower Than A Level,80-90%,35-55,0,120,0,Withdrawn,8,0,0,1,1,1,0,0,0,0,1,0,1,1,1,3
BBB,2014J,2115250,1,North Western Region,Lower Than A Level,80-90%,35-55,0,60,0,Distinction,2,0,0,1,1,0,1,0,0,0,1,0,1,0,1,2
BBB,2014J,2145101,1,Scotland,Lower Than A Level,0-10%,0-35,0,120,0,Withdrawn,9,0,1,0,0,0,1,1,1,1,1,0,0,0,0,4
BBB,2014J,2149487,1,Scotland,HE Qualification,40-50%,35-55,0,60,0,Pass,16,0,1,1,0,0,1,0,1,1,0,1,0,1,1,10
BBB,2014J,2159336,1,South West Region,A Level or Equivalent,50-60%,35-55,1,60,0,Withdrawn,3,0,1,1,0,0,1,0,1,0,1,0,0,1,1,8
BBB,2014J,2169127,1,South West Region,A Level or Equivalent,0-10%,0-35,0,60,0,Withdrawn,4,0,1,0,1,0,0,1,1,1,1,1,0,0,1,8
BBB,2014J,2172163,1,Ireland,Lower Than A Level,80-90%,35-55,1,120,0,Pass,11,0,1,0,1,1,0,1,0,1,1,0,0,0,0,6
BBB,2014J,2177423,1,East Anglian Region,Lower Than A Level,50-60%,35-55,3,60,0,Withdrawn,4,1,0,0,0,1,1,0,0,1,1,1,1,1,0,8
BBB,2014J,2187308,1,North Western Region,HE Qualification,0-10%,0-35,0,120,0,Pass,7,0,1,1,1,0,1,0,1,0,1,1,1,0,1,3
BBB,2014J,2192113,0,Scotland,HE Qualification,40-50%,35-55,1,60,1,Withdrawn,11,1,0,1,1,1,0,0,0,1,0,0,1,1,1,6
BBB,2014J,2207474,1,South West Region,Lower Than A Level,50-60%,35-55,0,60,0,Pass,4,0,1,0,1,1,1,0,1,0,1,0,1,0,0,8
BBB,2014J,2213814,1,South West Region,Lower Than A Level,0-10%,35-55,0,60,1,Withdrawn,3,0,0,1,0,0,1,0,1,0,1,1,0,0,0,8
BBB,2014J,2216682,0,Ireland,A Level or Equivalent,90-100%,0-35,0,60,0,Pass,4,1,0,1,0,1,0,0,1,1,1,0,0,1,1,8
BBB,2014J,2216778,1,East Anglian Region,A Level or Equivalent,80-90%,35-55,0,60,0,Pass,5,0,0,1,0,0,0,1,1,0,0,1,1,1,1,9
BBB,2014J,2218789,1,East Anglian Region,A Level or Equivalent,20-30%,0-35,0,120,0,Withdrawn,14,1,1,1,1,0,1,1,1,1,1,1,0,0,0,5
BBB,2014J,2227568,1,London Region,Lower Than A Level,20-30%,35-55,0,60,0,Distinction,15,0,0,1,1,1,0,1,1,1,1,1,0,0,0,10
BBB,2014J,2228010,1,Scotland,Lower Than A Level,50-60%,35-55,0,60,0,Pass,12,1,1,1,1,0,0,1,0,0,1,0,1,0,0,7
BBB,2014J,2228601,1,South West Region,A Level or Equivalent,60-70%,35-55,0,120,0,Distinction,8,1,0,1,1,0,1,1,0,0,0,1,1,1,0,3
BBB,2014J,2229783,1,London Region,HE Qualification,0-10%,35-55,1,60,0,Pass,15,1,0,0,1,0,0,0,0,1,0,0,0,1,1,10
BBB,2014J,2232976,1,Wales,A Level or Equivalent,40-50%,0-35,0,60,1,Withdrawn,10,0,0,0,1,0,1,0,1,0,1,0,0,1,0,1
BBB,2014J,2237567,1,South East Region,A Level or Equivalent,70-80%,35-55,0,90,0,Withdrawn,8,0,0,1,0,1,0,0,1,1,0,1,0,0,1,3
BBB,2014J,2239766,1,East Midlands Region,Lower Than A Level,40-50%,35-55,0,120,0,Withdrawn,5,0,0,1,1,0,0,0,0,0,1,0,1,0,1,9
BBB,2014J,2241250,1,Scotland,Lower Than A Level,90-100%,35-55,0,60,0,Fail,7,0,0,0,1,0,0,0,1,0,0,0,1,0,1,3
BBB,2014J,2242067,1,Yorkshire Region,HE Qualification,50-60%,35-55,0,60,0,Pass,12,1,1,1,0,0,0,0,1,0,1,0,1,1,0,7
BBB,2014J,2248243,1,South West Region,Lower Than A Level,20-30%,35-55,0,60,0,Pass,2,1,0,1,1,1,0,1,1,0,0,1,1,0,0,2
BBB,2014J,2251500,0,North Western Region,Lower Than A Level,40-50%,35-55,0,60,1,Fail,8,1,0,0,0,1,0,1,1,0,1,1,0,0,0,3
BBB,2014J,2263129,1,Scotland,A Level or Equivalent,80-90%,35-55,0,120,0,Fail,16,1,1,1,1,0,0,0,1,0,0,1,0,0,0,10
BBB,2014J,2264569,1,London Region,A Level or Equivalent,30-40%,35-55,0,60,0,Withdrawn,1,0,0,1,1,0,1,1,1,0,1,0,0,1,1,2
BBB,2014J,2269561,1,South West Region,HE Qualification,0-10%,0-35,0,60,0,Fail,5,0,1,1,1,0,0,0,1,0,0,1,0,1,0,9
BBB,2014J,2276854,1,West Midlands Region,Lower Than A Level,30-40%,35-55,3,180,0,Withdrawn,8,1,0,0,0,1,0,0,0,1,0,1,1,1,1,3
BBB,2014J,2278390,0,West Midlands Region,A Level or Equivalent,60-70%,35-55,0,60,0,Fail,2,1,0,1,0,0,1,1,1,0,1,1,0,1,1,2
BBB,2014J,2281286,1,South West Region,Lower Than A Level,20-30%,0-35,0,60,0,Pass,13,0,0,1,0,1,1,0,0,0,1,1,1,0,0,5
BBB,2014J,2285017,1,Scotland,A Level or Equivalent,20-Oct,0-35,0,60,0,Withdrawn,15,1,1,0,0,1,1,0,0,1,1,1,1,0,0,10
BBB,2014J,2292824,0,South Region,Lower Than A Level,60-70%,0-35,0,60,0,Withdrawn,4,0,0,1,1,1,0,1,1,1,1,1,1,1,0,8
BBB,2014J,2296716,1,Wales,A Level or Equivalent,20-Oct,35-55,0,60,0,Fail,4,1,0,0,1,1,0,0,0,0,1,0,1,1,0,8
BBB,2014J,2299745,1,Scotland,HE Qualification,50-60%,0-35,0,60,0,Fail,8,0,1,0,1,1,0,0,1,0,1,1,0,0,0,3
BBB,2014J,2318161,1,South Region,A Level or Equivalent,,35-55,0,60,0,Pass,11,1,1,0,0,1,0,1,1,1,0,0,0,0,0,6
BBB,2014J,2321660,0,South Region,Lower Than A Level,60-70%,0-35,0,60,0,Pass,13,1,1,0,1,0,1,1,0,1,0,1,1,1,0,5
BBB,2014J,2326401,1,South Region,Lower Than A Level,40-50%,0-35,0,60,0,Withdrawn,7,1,0,1,1,0,0,1,0,1,0,1,0,0,0,3
BBB,2014J,2333415,1,Scotland,A Level or Equivalent,80-90%,35-55,0,120,0,Pass,14,0,1,0,0,0,0,0,1,0,0,0,1,0,0,5
BBB,2014J,2344216,0,London Region,Lower Than A Level,0-10%,35-55,0,120,0,Withdrawn,1,0,1,0,1,1,0,0,0,0,0,0,1,0,1,2
BBB,2014J,2346145,1,North Western Region,A Level or Equivalent,60-70%,35-55,0,60,0,Pass,8,0,1,0,1,1,1,1,1,1,1,0,1,1,0,3
BBB,2014J,2349805,1,East Anglian Region,Lower Than A Level,50-60%,35-55,0,60,0,Fail,15,0,0,0,1,0,0,0,0,0,0,0,1,1,0,10
BBB,2014J,2353764,1,West Midlands Region,Lower Than A Level,30-40%,35-55,0,120,0,Pass,10,0,1,1,0,0,1,1,1,1,0,0,1,0,1,1
BBB,2014J,2357372,1,East Midlands Region,Lower Than A Level,20-30%,0-35,0,180,0,Withdrawn,1,0,0,0,0,1,0,0,0,1,1,0,0,0,0,2
BBB,2014J,2363168,1,East Anglian Region,A Level or Equivalent,50-60%,35-55,0,60,0,Pass,10,0,0,1,0,0,1,1,1,0,1,1,1,0,0,1
BBB,2014J,2375759,1,North Western Region,Lower Than A Level,,0-35,1,60,0,Distinction,8,1,0,1,1,1,0,0,0,1,0,0,1,0,1,3
BBB,2014J,2385665,1,East Anglian Region,Lower Than A Level,20-30%,35-55,0,60,0,Pass,14,1,0,0,0,0,0,0,1,1,1,0,1,1,1,5
BBB,2014J,2386867,1,Ireland,Lower Than A Level,40-50%,35-55,1,60,0,Withdrawn,6,1,0,0,1,0,0,0,0,0,0,1,1,0,1,9
BBB,2014J,2394741,1,East Anglian Region,Lower Than A Level,40-50%,35-55,1,60,0,Fail,1,0,0,1,0,0,1,1,1,1,0,1,0,1,1,2
BBB,2014J,2399380,1,South West Region,Lower Than A Level,20-30%,35-55,0,180,1,Withdrawn,10,1,0,0,1,1,1,1,0,0,0,1,0,1,0,1
BBB,2014J,2401304,1,South West Region,Lower Than A Level,60-70%,0-35,1,60,0,Pass,6,1,0,0,0,0,1,0,0,1,1,1,1,1,1,9
BBB,2014J,2407594,1,London Region,A Level or Equivalent,50-60%,35-55,0,120,0,Pass,5,0,0,1,0,1,1,1,1,1,1,1,0,0,1,9
BBB,2014J,2410544,0,Wales,HE Qualification,50-60%,35-55,0,60,0,Pass,8,1,0,1,0,0,1,1,0,1,1,0,0,0,1,3
BBB,2014J,2414945,0,Scotland,A Level or Equivalent,40-50%,0-35,0,60,1,Fail,9,0,1,0,1,1,1,0,1,0,1,1,0,0,1,4
BBB,2014J,2423078,0,London Region,A Level or Equivalent,0-10%,35-55,2,60,0,Fail,5,0,1,1,1,0,0,1,0,0,1,1,0,0,1,9
BBB,2014J,2426442,1,North Region,A Level or Equivalent,20-Oct,35-55,0,60,0,Withdrawn,7,0,1,0,1,1,0,1,0,1,1,1,1,0,0,3
BBB,2014J,2426864,1,East Midlands Region,A Level or Equivalent,0-10%,35-55,0,60,0,Pass,10,0,1,1,0,1,0,1,1,0,0,1,1,0,0,1
BBB,2014J,2428341,1,South East Region,A Level or Equivalent,40-50%,35-55,0,60,0,Pass,1,1,0,0,1,0,1,0,0,0,1,1,1,1,0,2
BBB,2014J,2432551,0,Scotland,A Level or Equivalent,0-10%,35-55,0,60,0,Fail,2,1,0,0,0,0,1,0,0,1,1,1,1,0,0,2
BBB,2014J,2436711,1,East Midlands Region,A Level or Equivalent,60-70%,35-55,0,60,0,Pass,4,1,1,0,1,1,1,0,1,1,1,1,0,0,0,8
BBB,2014J,2444705,1,North Western Region,Lower Than A Level,0-10%,35-55,3,60,0,Pass,8,0,0,1,0,1,1,0,1,0,0,0,1,1,1,3
BBB,2014J,2446694,0,Scotland,Lower Than A Level,0-10%,35-55,0,60,0,Fail,13,1,1,0,0,1,0,0,1,1,0,1,0,0,1,5
BBB,2014J,2448699,1,East Anglian Region,A Level or Equivalent,80-90%,35-55,0,120,0,Fail,12,1,1,0,1,1,0,1,1,0,0,1,0,1,0,7
BBB,2014J,2449399,1,East Midlands Region,HE Qualification,50-60%,35-55,0,60,0,Pass,9,1,0,1,0,0,0,1,1,1,1,1,0,0,1,4
BBB,2014J,2454351,1,East Anglian Region,Lower Than A Level,40-50%,35-55,0,90,0,Withdrawn,15,0,0,0,0,0,1,0,1,1,0,0,0,1,0,10
BBB,2014J,2459279,1,South East Region,A Level or Equivalent,60-70%,35-55,0,120,0,Fail,14,0,1,1,1,0,1,1,0,1,0,1,1,1,1,5
BBB,2014J,2462576,1,Scotland,HE Qualification,60-70%,0-35,1,60,0,Pass,2,1,0,0,1,1,1,0,1,1,1,1,1,1,0,2
BBB,2014J,2464901,1,Yorkshire Region,A Level or Equivalent,20-30%,0-35,0,120,1,Withdrawn,2,0,1,1,0,1,1,0,0,0,0,0,0,0,1,2
BBB,2014J,2475591,1,Yorkshire Region,HE Qualification,30-40%,35-55,0,120,0,Pass,14,1,1,0,0,0,0,1,1,0,0,1,0,0,1,5
BBB,2014J,2482994,1,South Region,Lower Than A Level,90-100%,0-35,1,60,0,Fail,10,1,1,0,1,1,0,1,0,0,1,0,1,0,0,1
BBB,2014J,2486159,1,Wales,A Level or Equivalent,20-30%,35-55,1,60,0,Pass,9,0,1,1,1,0,1,1,1,1,1,1,1,1,0,4
BBB,2014J,2487430,1,Wales,A Level or Equivalent,20-Oct,0-35,0,60,0,Pass,14,1,1,1,0,1,1,1,1,0,0,0,0,1,0,5
BBB,2014J,2487573,1,South East Region,Lower Than A Level,90-100%,35-55,0,150,0,Pass,4,1,0,0,1,1,1,0,1,0,1,1,0,1,1,8
BBB,2014J,2494258,1,East Anglian Region,A Level or Equivalent,20-Oct,0-35,1,60,0,Pass,15,0,1,1,0,1,1,0,0,1,0,1,0,1,0,10
BBB,2014J,2497189,1,Scotland,A Level or Equivalent,30-40%,0-35,1,120,1,Withdrawn,11,0,1,1,0,0,1,1,0,0,0,0,1,1,1,6
BBB,2014J,2497624,1,Scotland,Lower Than A Level,60-70%,35-55,0,120,1,Pass,2,1,1,0,1,0,1,0,1,0,0,0,0,0,0,2
BBB,2014J,2511519,1,Ireland,A Level or Equivalent,30-40%,35-55,0,60,0,Distinction,15,0,0,0,1,1,0,1,1,1,0,0,0,1,0,10
BBB,2014J,2520290,1,Scotland,A Level or Equivalent,30-40%,35-55,0,60,0,Pass,13,1,0,0,0,0,1,1,0,1,0,1,1,1,1,5
BBB,2014J,2520649,1,Ireland,Lower Than A Level,80-90%,35-55,0,60,0,Pass,4,1,1,1,0,0,1,1,0,0,0,0,1,1,1,8
BBB,2014J,2537934,0,East Anglian Region,HE Qualification,90-100%,55<=,0,120,0,Fail,15,0,1,0,1,1,1,0,0,0,1,1,1,1,1,10
BBB,2014J,2542310,1,London Region,Lower Than A Level,40-50%,0-35,2,60,0,Fail,6,1,1,1,1,1,0,0,0,1,0,1,1,0,1,9
BBB,2014J,2545047,1,East Anglian Region,A Level or Equivalent,70-80%,0-35,0,120,0,Pass,15,1,0,1,0,0,1,0,1,1,1,1,0,0,0,10
BBB,2014J,2552708,0,South East Region,Lower Than A Level,40-50%,35-55,1,60,0,Pass,3,1,1,1,1,1,0,1,0,1,0,0,0,1,1,8
BBB,2014J,2559992,1,Scotland,Lower Than A Level,80-90%,0-35,1,120,0,Fail,14,0,0,1,0,1,1,1,0,0,0,1,1,1,1,5
BBB,2014J,2567715,0,West Midlands Region,A Level or Equivalent,20-Oct,35-55,0,120,0,Fail,4,1,0,0,1,1,1,0,0,0,0,1,1,1,0,8
BBB,2014J,2570396,1,South Region,A Level or Equivalent,70-80%,35-55,1,60,0,Pass,15,1,1,1,0,1,0,1,1,1,1,1,0,0,1,10
BBB,2014J,2576637,1,East Midlands Region,A Level or Equivalent,20-30%,0-35,0,120,0,Distinction,8,1,1,1,1,0,0,0,0,1,0,1,0,0,1,3
BBB,2014J,2578532,1,South Region,Lower Than A Level,20-Oct,0-35,0,120,0,Pass,3,1,1,0,0,1,0,0,0,0,1,1,0,1,0,8
BBB,2014J,2580626,1,South East Region,HE Qualification,80-90%,35-55,1,60,0,Distinction,10,0,1,0,0,1,0,1,1,1,0,0,1,0,1,1
BBB,2014J,2594368,1,Ireland,A Level or Equivalent,0-10%,0-35,0,60,1,Pass,9,0,0,0,0,0,1,1,0,0,1,1,0,1,1,4
BBB,2014J,2599784,1,South West Region,HE Qualification,30-40%,0-35,0,60,0,Pass,3,0,1,0,0,1,1,0,1,0,1,1,1,0,1,8
BBB,2014J,2603061,1,East Midlands Region,Lower Than A Level,60-70%,35-55,0,120,0,Withdrawn,1,0,0,0,0,1,0,1,1,0,1,0,0,1,1,2
BBB,2014J,2603534,1,South East Region,A Level or Equivalent,20-Oct,35-55,0,60,1,Withdrawn,6,0,1,1,0,1,0,1,1,0,1,1,0,1,1,9
BBB,2014J,2609768,1,London Region,HE Qualification,40-50%,0-35,0,60,0,Withdrawn,4,1,1,1,0,0,1,1,0,1,0,0,1,0,1,8
BBB,2014J,2610170,1,Scotland,Lower Than A Level,60-70%,0-35,0,60,0,Withdrawn,10,1,1,0,0,0,0,0,0,0,1,1,1,1,0,1
BBB,2014J,2610745,1,Wales,A Level or Equivalent,20-30%,0-35,0,60,0,Pass,10,1,1,0,0,1,0,1,1,1,0,0,0,0,1,1
BBB,2014J,2611512,1,Wales,Lower Than A Level,30-40%,0-35,0,60,0,Fail,16,0,1,1,0,1,0,0,0,1,0,1,0,0,0,10
BBB,2014J,2614271,1,West Midlands Region,A Level or Equivalent,0-10%,35-55,1,120,0,Withdrawn,6,1,1,0,0,0,0,1,1,0,1,0,0,1,1,9
BBB,2014J,2614777,1,Scotland,HE Qualification,50-60%,35-55,0,60,0,Pass,12,0,0,1,1,1,1,0,1,0,1,1,1,1,1,7
BBB,2014J,2622652,1,South East Region,Lower Than A Level,30-40%,35-55,0,60,0,Pass,10,1,1,1,1,1,0,1,1,0,0,1,1,1,0,1
BBB,2014J,2623656,1,West Midlands Region,A Level or Equivalent,20-Oct,0-35,3,60,0,Pass,14,0,1,0,0,1,0,1,0,0,0,1,0,1,1,5
BBB,2014J,2627398,1,South Region,Lower Than A Level,90-100%,0-35,0,60,0,Withdrawn,7,0,0,0,1,1,0,1,1,0,0,1,1,0,0,3
BBB,2014J,2627493,1,South Region,A Level or Equivalent,80-90%,0-35,0,120,0,Withdrawn,8,0,1,1,0,1,0,0,0,1,0,0,0,0,0,3
BBB,2014J,2629503,1,West Midlands Region,Lower Than A Level,80-90%,0-35,1,240,1,Withdrawn,2,0,0,1,0,1,1,0,0,1,0,1,1,0,1,2
BBB,2014J,2631298,1,North Western Region,Lower Than A Level,30-40%,0-35,0,60,0,Withdrawn,1,0,1,0,0,1,0,0,1,0,1,0,1,1,1,2
BBB,2014J,2634319,1,East Anglian Region,HE Qualification,40-50%,35-55,0,60,0,Distinction,5,1,0,1,0,0,0,0,1,0,1,1,0,1,0,9
BBB,2014J,2638403,1,Scotland,A Level or Equivalent,0-10%,35-55,0,60,0,Pass,12,0,0,1,1,0,0,1,0,0,1,1,1,1,0,7
BBB,2014J,2660510,1,Yorkshire Region,Lower Than A Level,0-10%,0-35,0,60,1,Pass,9,0,1,1,0,1,1,1,1,0,0,0,1,1,0,4
BBB,2014J,2670300,1,East Midlands Region,Lower Than A Level,0-10%,35-55,0,60,0,Pass,5,1,0,0,1,1,0,0,0,1,1,0,0,1,1,9
BBB,2014J,2677541,1,Wales,Lower Than A Level,50-60%,0-35,1,120,0,Distinction,15,0,1,0,1,0,1,1,0,1,1,0,1,0,1,10
BBB,2014J,2681505,1,South Region,HE Qualification,80-90%,35-55,0,60,0,Pass,15,0,1,1,1,0,0,1,1,0,0,0,0,1,1,10
BBB,2014J,2681940,1,Scotland,A Level or Equivalent,30-40%,35-55,5,60,0,Pass,9,0,1,1,0,1,1,1,0,0,0,1,0,1,1,4
BBB,2014J,2682693,0,North Region,Lower Than A Level,80-90%,0-35,0,120,0,Fail,16,1,0,0,0,0,1,0,1,1,0,1,1,0,1,10
BBB,2014J,2684107,1,Yorkshire Region,A Level or Equivalent,20-Oct,35-55,0,120,0,Withdrawn,14,1,1,1,0,1,1,0,1,1,1,0,1,1,1,5
BBB,2014J,2685247,1,Ireland,A Level or Equivalent,20-30%,0-35,0,60,0,Distinction,2,1,1,1,1,1,1,0,1,0,0,1,0,1,1,2
BBB,2014J,2687739,1,West Midlands Region,A Level or Equivalent,20-30%,35-55,0,120,0,Withdrawn,1,0,1,0,1,1,1,0,0,0,1,1,1,1,1,2
BBB,2014J,2687858,1,West Midlands Region,Lower Than A Level,80-90%,35-55,0,120,0,Pass,9,1,0,0,0,1,1,1,0,0,0,1,1,1,1,4
BBB,2014J,2688495,1,East Anglian Region,Lower Than A Level,30-40%,35-55,0,60,0,Distinction,13,0,1,0,1,1,1,1,1,0,1,0,1,1,1,5
BBB,2014J,2688945,1,South Region,HE Qualification,40-50%,35-55,0,60,0,Pass,10,0,1,0,1,1,0,1,1,0,1,0,1,0,0,1
BBB,2014J,2692969,1,Scotland,HE Qualification,80-90%,35-55,0,75,0,Pass,1,1,1,0,1,0,1,1,0,1,0,1,0,0,0,2
BBB,2014J,2694919,1,East Anglian Region,Lower Than A Level,60-70%,35-55,0,120,1,Pass,16,1,1,1,1,0,1,1,1,1,1,1,1,1,1,10
BBB,2014J,2698577,1,Wales,Lower Than A Level,50-60%,35-55,0,60,0,Fail,11,1,1,1,0,0,1,1,0,0,1,0,0,0,0,6
BBB,2014J,2698588,1,Yorkshire Region,HE Qualification,30-40%,0-35,0,120,0,Distinction,4,0,1,0,1,0,1,0,0,0,1,0,1,1,0,8
BBB,2014J,2698591,1,Wales,Lower Than A Level,90-100%,35-55,0,180,0,Withdrawn,12,1,0,1,0,0,1,1,0,1,0,0,1,0,0,7
CCC,2014B,28418,1,West Midlands Region,A Level or Equivalent,20-30%,0-35,0,30,0,Fail,13,0,1,1,1,0,0,0,1,1,1,1,0,1,1,5
CCC,2014B,29764,0,East Anglian Region,A Level or Equivalent,50-60%,0-35,0,90,0,Distinction,3,0,0,0,1,0,1,1,1,0,0,0,1,0,1,8
CCC,2014B,29820,0,East Anglian Region,HE Qualification,40-50%,0-35,0,60,0,Pass,5,1,1,0,0,1,0,1,1,1,0,0,1,1,1,9
CCC,2014B,40333,0,North Region,HE Qualification,0-10%,35-55,0,30,0,Withdrawn,13,0,1,0,0,0,1,1,1,1,0,0,0,0,1,5
CCC,2014B,40604,0,Ireland,A Level or Equivalent,,35-55,0,30,0,Pass,2,0,1,1,0,1,0,1,0,1,1,1,1,0,1,2
CCC,2014B,42638,0,Scotland,HE Qualification,90-100%,35-55,0,60,0,Pass,8,1,1,1,1,1,1,0,1,0,0,1,0,0,0,3
CCC,2014B,45664,0,Yorkshire Region,HE Qualification,60-70%,0-35,0,60,0,Withdrawn,10,0,0,1,0,1,0,0,0,1,1,0,1,1,0,1
CCC,2014B,46605,0,East Anglian Region,HE Qualification,60-70%,35-55,0,60,0,Distinction,4,1,1,1,1,1,0,1,0,1,0,0,0,0,0,8
CCC,2014B,49119,0,Ireland,HE Qualification,,0-35,0,90,0,Distinction,6,1,0,1,1,0,1,0,0,1,0,0,0,1,1,9
CCC,2014B,50263,0,West Midlands Region,HE Qualification,80-90%,35-55,0,60,0,Withdrawn,2,0,1,1,1,0,1,1,1,1,0,0,1,1,0,2
CCC,2014B,51576,1,London Region,Lower Than A Level,20-Oct,0-35,0,90,0,Withdrawn,13,1,1,0,1,1,1,0,0,0,0,0,0,0,1,5
CCC,2014B,54391,0,South West Region,Lower Than A Level,20-Oct,0-35,0,60,0,Withdrawn,12,1,0,0,0,1,1,0,1,1,1,0,1,1,1,7
CCC,2014B,57340,1,East Anglian Region,A Level or Equivalent,20-30%,0-35,0,120,0,Pass,15,1,1,1,1,0,1,0,0,0,0,0,1,1,0,10
CCC,2014B,59541,0,East Anglian Region,A Level or Equivalent,40-50%,0-35,0,30,1,Withdrawn,10,1,0,1,0,0,1,0,1,0,1,1,0,0,1,1
CCC,2014B,62278,0,West Midlands Region,A Level or Equivalent,30-40%,0-35,0,40,0,Fail,11,0,1,1,1,0,0,0,0,1,0,1,0,0,0,6
CCC,2014B,64296,0,Scotland,HE Qualification,20-30%,0-35,0,60,0,Fail,8,0,0,1,1,0,1,1,1,1,1,0,1,1,1,3
CCC,2014B,66254,1,Ireland,A Level or Equivalent,,0-35,0,30,0,Fail,9,1,0,1,0,1,1,1,1,1,0,1,0,1,1,4
CCC,2014B,69489,0,South West Region,Lower Than A Level,80-90%,0-35,0,150,0,Withdrawn,11,1,1,0,0,1,0,0,1,0,1,0,0,0,0,6
CCC,2014B,69494,1,Yorkshire Region,No Formal quals,20-30%,0-35,0,80,0,Withdrawn,1,1,1,0,0,1,0,0,0,0,1,0,0,1,1,2
CCC,2014B,69703,0,Yorkshire Region,Lower Than A Level,20-30%,0-35,0,120,0,Pass,1,1,1,0,1,1,0,1,1,0,1,0,1,0,1,2
CCC,2014B,70381,0,Scotland,HE Qualification,30-40%,35-55,0,30,0,Pass,12,0,1,0,1,0,1,0,0,0,0,1,1,0,0,7
CCC,2014B,70771,0,Scotland,HE Qualification,40-50%,0-35,0,60,0,Withdrawn,1,0,0,1,0,0,1,0,1,1,0,1,0,0,0,2
CCC,2014B,74290,0,Scotland,Lower Than A Level,20-Oct,0-35,0,60,0,Withdrawn,12,1,0,0,0,0,1,1,1,1,1,0,1,1,1,7
CCC,2014B,75454,0,South West Region,A Level or Equivalent,80-90%,0-35,0,120,0,Pass,3,0,1,1,1,0,1,0,1,0,0,0,0,0,0,8
CCC,2014B,75469,0,East Midlands Region,A Level or Equivalent,80-90%,0-35,0,210,0,Withdrawn,5,0,1,1,1,0,0,1,1,0,0,1,0,0,1,9
CCC,2014B,75728,1,South West Region,HE Qualification,30-40%,35-55,0,30,0,Fail,4,0,0,1,0,0,1,0,0,0,0,0,1,0,1,8
CCC,2014B,79461,0,Scotland,A Level or Equivalent,70-80%,0-35,0,90,0,Withdrawn,11,0,1,1,0,1,1,1,0,1,0,0,1,1,1,6
CCC,2014B,80329,0,South Region,Lower Than A Level,80-90%,0-35,0,120,0,Withdrawn,1,0,1,1,0,1,0,1,0,0,1,1,1,1,1,2
CCC,2014B,82575,0,West Midlands Region,HE Qualification,80-90%,0-35,0,30,0,Distinction,7,1,1,0,0,0,0,0,0,1,0,0,1,0,0,3
CCC,2014B,83219,1,West Midlands Region,A Level or Equivalent,0-10%,0-35,0,60,0,Pass,10,1,1,1,0,1,0,1,1,1,1,0,1,0,0,1
CCC,2014B,83453,0,West Midlands Region,HE Qualification,40-50%,35-55,0,30,0,Withdrawn,6,1,0,1,0,0,1,0,1,1,0,0,0,1,1,9
CCC,2014B,84299,0,London Region,A Level or Equivalent,20-30%,0-35,0,120,0,Withdrawn,6,0,1,0,1,0,1,0,1,0,1,0,1,0,1,9
CCC,2014B,86047,1,Wales,HE Qualification,20-30%,0-35,0,30,0,Withdrawn,12,0,0,1,1,0,1,1,0,0,1,1,0,1,0,7
CCC,2014B,88758,0,North Region,Post Graduate Qualification,,35-55,0,330,0,Withdrawn,6,0,1,0,0,1,0,1,1,1,1,0,0,1,0,9
CCC,2014B,94484,0,West Midlands Region,Lower Than A Level,20-30%,35-55,0,120,1,Pass,4,0,0,1,1,0,1,1,0,1,0,0,0,1,0,8
CCC,2014B,95906,1,East Midlands Region,A Level or Equivalent,50-60%,0-35,0,120,0,Pass,14,1,1,0,0,1,1,1,0,1,0,1,1,0,1,5
CCC,2014B,96538,0,North Region,Lower Than A Level,0-10%,0-35,0,60,0,Fail,9,0,1,1,0,0,0,0,1,0,1,1,0,0,0,4
CCC,2014B,97486,0,North Western Region,HE Qualification,70-80%,35-55,0,60,0,Withdrawn,7,1,0,0,0,1,0,1,0,1,1,0,1,0,0,3
CCC,2014B,100621,0,West Midlands Region,A Level or Equivalent,50-60%,35-55,0,60,0,Withdrawn,12,0,1,0,1,0,0,0,0,0,1,0,0,1,0,7
CCC,2014B,105523,0,Scotland,HE Qualification,60-70%,35-55,0,90,0,Pass,8,1,1,0,1,0,0,1,0,1,1,0,1,1,1,3
CCC,2014B,107028,0,East Midlands Region,Lower Than A Level,20-Oct,0-35,0,90,0,Withdrawn,8,1,0,1,1,0,1,0,0,0,1,1,0,0,1,3
CCC,2014B,107339,1,Scotland,HE Qualification,20-Oct,0-35,0,60,0,Pass,12,0,0,1,1,0,0,1,0,1,1,0,1,1,1,7
CCC,2014B,108834,0,West Midlands Region,A Level or Equivalent,20-Oct,0-35,0,90,0,Withdrawn,13,1,0,1,1,0,0,0,0,0,0,0,0,1,0,5
CCC,2014B,108947,0,Scotland,Lower Than A Level,0-10%,0-35,0,120,0,Withdrawn,3,1,1,1,1,0,1,0,0,1,1,1,0,1,1,8
CCC,2014B,116174,0,London Region,A Level or Equivalent,40-50%,35-55,0,90,0,Withdrawn,14,0,1,1,0,1,1,0,1,1,0,1,1,0,0,5
CCC,2014B,116518,0,London Region,HE Qualification,30-40%,0-35,0,80,0,Pass,5,1,0,0,0,0,1,1,1,1,0,0,0,1,0,9
CCC,2014B,117232,0,Ireland,A Level or Equivalent,20-30%,0-35,0,90,0,Pass,6,1,0,0,1,1,1,1,0,1,0,0,1,0,1,9
CCC,2014B,118098,0,East Midlands Region,HE Qualification,60-70%,0-35,0,30,0,Fail,14,1,0,1,1,1,1,1,1,1,0,0,1,1,0,5
CCC,2014B,119353,0,North Region,A Level or Equivalent,30-40%,35-55,0,90,0,Withdrawn,10,1,0,1,0,0,1,0,0,0,1,1,1,1,1,1
CCC,2014B,119729,0,East Anglian Region,HE Qualification,90-100%,35-55,0,30,0,Withdrawn,2,0,1,0,0,0,1,1,1,0,1,0,1,0,1,2
CCC,2014B,122392,0,London Region,A Level or Equivalent,20-Oct,35-55,0,60,0,Pass,1,1,0,0,0,1,0,1,1,0,0,0,1,1,0,2
CCC,2014B,123598,0,Scotland,A Level or Equivalent,50-60%,0-35,0,90,1,Withdrawn,7,1,1,1,1,0,0,1,0,1,1,0,0,1,1,3
CCC,2014B,124124,1,Scotland,Lower Than A Level,20-30%,0-35,0,60,0,Withdrawn,13,1,0,1,0,0,0,1,1,1,1,0,1,1,0,5
CCC,2014B,124193,0,East Anglian Region,HE Qualification,40-50%,35-55,0,30,0,Distinction,10,0,0,1,0,1,0,0,0,1,1,1,0,1,0,1
CCC,2014B,126337,0,West Midlands Region,Lower Than A Level,20-30%,0-35,0,75,0,Withdrawn,4,0,0,0,1,0,0,1,1,0,1,1,0,0,1,8
CCC,2014B,126394,0,Wales,A Level or Equivalent,90-100%,0-35,0,120,0,Pass,4,0,1,0,0,0,0,1,1,0,0,1,1,1,1,8
CCC,2014B,126395,0,London Region,A Level or Equivalent,20-30%,0-35,0,30,1,Pass,2,1,0,0,0,0,0,0,1,1,1,1,0,0,1,2
CCC,2014B,128510,1,Scotland,Lower Than A Level,50-60%,0-35,0,180,0,Withdrawn,15,0,0,0,1,1,1,0,0,0,1,0,0,0,0,10
CCC,2014B,129198,1,North Western Region,HE Qualification,20-30%,35-55,0,150,1,Withdrawn,9,1,1,1,0,0,1,0,0,1,0,1,0,0,1,4
CCC,2014B,129638,1,London Region,Lower Than A Level,30-40%,35-55,0,30,0,Withdrawn,16,1,0,1,0,1,1,0,1,1,0,1,0,1,0,10
CCC,2014B,129878,0,East Midlands Region,Lower Than A Level,40-50%,35-55,0,45,0,Fail,3,1,0,1,0,1,1,0,0,1,0,1,1,1,1,8
CCC,2014B,131145,0,South West Region,A Level or Equivalent,40-50%,0-35,0,90,0,Distinction,3,1,0,1,1,1,0,1,1,0,1,0,1,0,1,8
CCC,2014B,131695,1,East Midlands Region,Lower Than A Level,0-10%,0-35,0,120,0,Withdrawn,12,0,0,0,0,0,0,0,1,1,1,1,0,0,1,7
CCC,2014B,131933,0,Scotland,Post Graduate Qualification,60-70%,35-55,0,30,0,Withdrawn,3,0,0,1,0,1,0,1,1,1,0,0,1,1,0,8
CCC,2014B,132191,0,West Midlands Region,A Level or Equivalent,50-60%,0-35,0,60,1,Withdrawn,3,1,1,0,0,0,1,0,0,0,0,1,0,0,1,8
CCC,2014B,133104,0,London Region,Lower Than A Level,20-Oct,0-35,0,120,1,Distinction,7,1,0,1,1,1,1,0,0,0,0,1,0,0,1,3
CCC,2014B,134025,0,London Region,A Level or Equivalent,60-70%,0-35,0,60,0,Withdrawn,14,0,1,0,0,0,1,1,0,1,0,1,0,0,0,5
CCC,2014B,135330,0,Scotland,HE Qualification,90-100%,35-55,0,60,0,Fail,8,1,1,1,1,1,1,0,0,0,0,1,0,0,0,3
CCC,2014B,135792,0,South West Region,Lower Than A Level,50-60%,0-35,0,60,0,Fail,4,0,0,0,1,0,1,1,0,1,1,1,1,0,1,8
CCC,2014B,139190,0,East Midlands Region,Lower Than A Level,50-60%,0-35,0,150,0,Withdrawn,5,0,1,0,0,0,1,1,1,0,0,1,0,0,0,9
CCC,2014B,142935,1,London Region,Lower Than A Level,20-Oct,35-55,0,60,0,Pass,13,0,1,1,0,0,0,1,1,1,0,0,0,1,0,5
CCC,2014B,145282,0,Yorkshire Region,Lower Than A Level,60-70%,0-35,0,60,0,Distinction,10,1,1,1,1,1,1,1,1,0,1,0,0,0,0,1
CCC,2014B,146125,0,Yorkshire Region,Lower Than A Level,80-90%,0-35,0,60,0,Withdrawn,10,0,0,1,0,1,1,1,1,0,0,0,1,0,1,1
CCC,2014B,147675,0,West Midlands Region,A Level or Equivalent,70-80%,35-55,0,30,0,Withdrawn,2,0,1,1,1,0,0,1,1,1,0,0,0,0,1,2
CCC,2014B,151549,0,West Midlands Region,Lower Than A Level,70-80%,35-55,0,30,0,Fail,16,0,1,0,0,1,1,0,0,1,1,1,1,0,1,10
CCC,2014B,152428,1,West Midlands Region,A Level or Equivalent,20-30%,0-35,0,120,0,Pass,4,1,1,0,0,0,1,1,0,0,0,1,0,1,1,8
CCC,2014B,152962,1,East Anglian Region,A Level or Equivalent,80-90%,35-55,0,30,0,Pass,6,1,0,1,1,1,1,0,0,0,0,0,0,0,1,9
CCC,2014B,153687,1,South Region,A Level or Equivalent,60-70%,35-55,0,400,0,Withdrawn,13,1,1,1,1,1,0,1,0,1,1,0,0,0,1,5
CCC,2014B,153788,0,North Western Region,No Formal quals,20-30%,0-35,0,90,0,Withdrawn,15,0,0,1,1,0,0,1,1,0,0,1,0,1,1,10
CCC,2014B,155067,0,North Western Region,Lower Than A Level,0-10%,35-55,0,45,0,Fail,7,0,1,1,1,1,1,0,1,0,0,1,1,1,0,3
CCC,2014B,155963,0,North Region,A Level or Equivalent,20-Oct,0-35,0,60,0,Distinction,10,0,1,1,1,0,1,1,0,1,0,1,1,0,0,1
CCC,2014B,157310,1,Yorkshire Region,Lower Than A Level,40-50%,0-35,0,210,0,Withdrawn,11,1,1,0,1,1,0,1,0,1,1,1,0,0,1,6
CCC,2014B,160300,0,East Anglian Region,A Level or Equivalent,20-Oct,35-55,0,60,0,Pass,7,1,1,0,0,0,1,0,0,1,0,1,1,0,0,3
CCC,2014B,162650,0,West Midlands Region,HE Qualification,40-50%,35-55,0,30,0,Fail,15,1,1,1,0,1,0,0,1,1,0,0,0,1,0,10
CCC,2014B,165647,1,Scotland,A Level or Equivalent,30-40%,0-35,0,120,0,Withdrawn,11,0,0,1,1,1,0,1,1,0,1,1,0,0,0,6
CCC,2014B,165733,0,Scotland,A Level or Equivalent,20-30%,0-35,0,90,1,Withdrawn,14,1,0,0,1,1,1,1,0,0,1,0,1,0,0,5
CCC,2014B,166160,1,South Region,HE Qualification,80-90%,0-35,0,30,0,Distinction,12,0,1,0,0,0,0,0,1,1,0,0,0,0,0,7
CCC,2014B,167791,0,North Western Region,A Level or Equivalent,20-30%,35-55,0,60,0,Pass,4,1,1,1,1,1,1,0,0,1,0,1,0,1,0,8
CCC,2014B,168178,0,London Region,A Level or Equivalent,40-50%,35-55,0,30,1,Pass,16,0,1,1,0,0,0,0,0,0,1,1,1,0,0,10
CCC,2014B,169380,0,East Midlands Region,A Level or Equivalent,50-60%,35-55,0,60,0,Pass,13,0,0,0,1,0,0,1,1,1,0,1,0,0,1,5
CCC,2014B,170025,1,East Anglian Region,HE Qualification,90-100%,0-35,0,60,0,Withdrawn,12,0,1,1,0,0,1,0,0,1,0,0,0,1,0,7
CCC,2014B,170864,0,Scotland,HE Qualification,90-100%,35-55,0,60,1,Distinction,9,1,0,0,1,1,1,1,0,0,1,0,1,1,1,4
CCC,2014B,171896,1,South East Region,A Level or Equivalent,40-50%,0-35,0,60,0,Withdrawn,11,0,0,0,1,1,1,0,0,0,0,1,0,0,0,6
CCC,2014B,172301,0,East Midlands Region,Lower Than A Level,0-10%,0-35,0,60,0,Withdrawn,10,0,0,1,0,1,0,0,0,1,1,0,0,0,0,1
CCC,2014B,172965,0,Scotland,Post Graduate Qualification,60-70%,35-55,0,150,0,Distinction,15,0,0,0,1,0,0,0,0,0,1,0,1,1,1,10
CCC,2014B,174807,1,South West Region,HE Qualification,20-30%,35-55,0,90,0,Withdrawn,10,0,0,1,1,1,0,0,1,0,0,1,0,1,1,1
CCC,2014B,175490,1,South Region,HE Qualification,40-50%,0-35,0,60,0,Distinction,8,1,1,0,1,0,1,0,0,1,0,0,1,1,0,3
CCC,2014B,177967,0,Scotland,A Level or Equivalent,0-10%,0-35,0,30,0,Pass,16,0,0,1,0,0,0,0,1,1,0,1,0,0,1,10
CCC,2014B,178072,0,South East Region,A Level or Equivalent,0-10%,0-35,0,60,0,Withdrawn,13,1,1,0,0,1,1,1,0,1,0,0,0,0,0,5
CCC,2014B,178496,0,North Region,HE Qualification,,0-35,0,30,0,Distinction,5,1,0,0,0,1,0,1,1,0,1,0,1,0,1,9
CCC,2014B,178654,1,Scotland,HE Qualification,60-70%,35-55,0,30,0,Withdrawn,6,1,0,1,1,0,0,0,1,0,0,0,1,0,0,9
CCC,2014B,179904,0,North Western Region,A Level or Equivalent,70-80%,0-35,0,90,0,Fail,11,0,1,1,0,1,1,0,1,0,0,0,1,0,0,6
CCC,2014B,180976,0,North Region,Lower Than A Level,,35-55,0,30,0,Pass,3,0,0,1,1,0,1,1,0,1,0,1,0,1,1,8
CCC,2014B,183331,0,Ireland,Lower Than A Level,0-10%,0-35,0,90,0,Withdrawn,8,0,1,0,0,0,1,1,1,1,1,0,0,0,0,3
CCC,2014B,187435,1,South Region,Lower Than A Level,50-60%,35-55,0,90,0,Distinction,7,1,0,0,1,1,1,0,0,1,0,0,0,0,0,3
CCC,2014B,189428,1,South Region,Lower Than A Level,80-90%,0-35,0,30,1,Pass,3,1,1,0,0,1,0,1,0,0,0,0,1,1,1,8
CCC,2014B,189624,0,West Midlands Region,A Level or Equivalent,60-70%,0-35,0,150,0,Pass,11,1,0,1,1,0,0,1,0,1,0,0,0,0,0,6
CCC,2014B,191000,0,Scotland,Post Graduate Qualification,80-90%,0-35,0,60,0,Withdrawn,9,1,1,1,1,1,0,1,1,1,0,0,0,0,0,4
CCC,2014B,191797,1,North Western Region,A Level or Equivalent,80-90%,0-35,0,30,0,Pass,14,1,0,1,1,1,0,0,1,0,1,0,1,0,0,5
CCC,2014B,193163,0,Scotland,HE Qualification,70-80%,35-55,0,90,0,Fail,6,1,1,0,1,1,0,1,1,1,1,1,0,0,1,9
CCC,2014B,194377,1,Wales,A Level or Equivalent,90-100%,0-35,0,60,0,Withdrawn,8,1,0,1,1,1,0,0,1,0,1,1,1,0,0,3
CCC,2014B,197486,0,Wales,HE Qualification,60-70%,0-35,0,60,0,Withdrawn,11,0,1,1,0,1,1,1,0,0,1,1,0,0,0,6
CCC,2014B,198902,0,London Region,Lower Than A Level,0-10%,0-35,0,60,0,Fail,13,1,1,0,1,1,0,0,1,1,0,0,0,1,1,5
CCC,2014B,200372,0,Scotland,HE Qualification,20-30%,35-55,0,120,0,Withdrawn,14,1,1,1,0,0,1,0,1,1,0,0,1,1,1,5
CCC,2014B,201327,0,North Western Region,HE Qualification,90-100%,35-55,0,30,0,Fail,7,0,0,0,1,1,1,1,1,0,0,1,1,1,0,3
CCC,2014B,203707,0,East Anglian Region,A Level or Equivalent,30-40%,0-35,0,150,0,Withdrawn,15,1,1,0,0,1,1,0,1,1,0,0,0,0,1,10
CCC,2014B,204725,0,South Region,A Level or Equivalent,90-100%,0-35,0,30,0,Pass,6,0,1,0,0,0,0,1,1,1,0,1,0,1,1,9
CCC,2014B,205398,0,London Region,A Level or Equivalent,20-30%,35-55,0,60,0,Fail,7,0,1,1,0,1,1,1,1,0,1,0,0,1,0,3
CCC,2014B,205425,0,East Anglian Region,A Level or Equivalent,50-60%,0-35,0,60,0,Distinction,16,0,1,0,0,1,0,0,0,0,1,0,0,1,1,10
CCC,2014B,206245,0,North Western Region,HE Qualification,0-10%,35-55,0,40,0,Pass,2,0,1,1,1,1,1,1,0,1,1,0,0,0,1,2
CCC,2014B,206599,0,South West Region,A Level or Equivalent,90-100%,0-35,0,90,0,Fail,10,1,1,0,0,1,0,0,0,1,1,1,0,1,0,1
CCC,2014B,227192,0,London Region,Lower Than A Level,60-70%,0-35,0,60,0,Pass,12,1,1,0,0,0,1,1,0,0,1,1,0,1,1,7
CCC,2014B,227752,1,Yorkshire Region,Lower Than A Level,0-10%,35-55,0,30,0,Fail,14,1,0,1,1,0,1,0,1,0,0,1,0,0,0,5
CCC,2014B,227833,1,South Region,A Level or Equivalent,60-70%,35-55,0,60,0,Withdrawn,4,1,0,1,0,0,0,1,0,0,1,1,0,0,0,8
CCC,2014B,228153,0,West Midlands Region,Lower Than A Level,30-40%,0-35,0,90,0,Fail,4,0,0,0,0,0,0,1,0,0,0,1,0,1,0,8
CCC,2014B,228743,0,South East Region,Lower Than A Level,40-50%,35-55,0,90,0,Fail,6,1,0,1,1,1,1,0,1,0,0,0,1,1,1,9
CCC,2014B,229499,0,East Midlands Region,A Level or Equivalent,50-60%,0-35,0,90,0,Fail,8,1,1,1,1,0,0,0,1,1,0,0,0,0,1,3
CCC,2014B,230340,0,London Region,A Level or Equivalent,20-30%,0-35,0,60,0,Withdrawn,9,0,0,1,1,1,1,0,1,1,1,0,1,0,1,4
CCC,2014B,230761,0,North Region,A Level or Equivalent,80-90%,0-35,0,180,0,Fail,14,0,0,0,1,0,1,1,0,1,0,0,0,1,0,5
CCC,2014B,231339,1,Scotland,Post Graduate Qualification,80-90%,0-35,0,60,0,Distinction,14,1,0,1,1,0,0,1,0,1,1,0,1,1,1,5
CCC,2014B,232833,0,East Midlands Region,A Level or Equivalent,90-100%,0-35,0,60,0,Withdrawn,1,1,1,1,0,1,1,1,0,1,1,1,1,1,0,2
CCC,2014B,233444,0,London Region,Lower Than A Level,0-10%,0-35,0,60,0,Withdrawn,12,0,1,1,1,1,0,1,0,0,1,0,1,0,0,7
CCC,2014B,234068,0,East Anglian Region,Lower Than A Level,80-90%,35-55,0,90,0,Fail,2,1,1,1,1,0,0,1,0,0,1,1,0,1,1,2
CCC,2014B,234311,0,Scotland,A Level or Equivalent,20-30%,0-35,0,60,0,Fail,2,0,1,1,0,0,0,1,1,0,1,1,1,0,0,2
CCC,2014B,234740,0,West Midlands Region,Lower Than A Level,0-10%,0-35,0,30,0,Withdrawn,10,1,0,1,1,1,1,0,1,0,1,0,1,1,0,1
CCC,2014B,235175,0,East Midlands Region,Lower Than A Level,40-50%,0-35,0,90,1,Withdrawn,12,0,0,0,0,0,0,0,1,0,0,1,1,0,1,7
CCC,2014B,236205,0,Ireland,HE Qualification,,35-55,0,30,0,Pass,7,0,0,1,0,0,1,1,1,0,0,1,0,0,1,3
CCC,2014B,236620,0,South Region,A Level or Equivalent,30-40%,35-55,0,60,0,Pass,6,0,0,1,1,1,1,1,1,0,0,0,1,0,0,9
CCC,2014B,237934,0,Scotland,HE Qualification,80-90%,0-35,0,60,0,Fail,15,0,0,1,0,1,1,1,1,1,0,1,0,0,1,10
CCC,2014B,239707,0,Wales,A Level or Equivalent,50-60%,35-55,0,60,0,Withdrawn,3,1,0,0,1,1,1,0,0,1,1,0,1,1,1,8
CCC,2014B,241955,0,South West Region,HE Qualification,30-40%,0-35,0,60,0,Fail,2,0,1,0,0,0,0,0,1,0,1,0,0,0,0,2
CCC,2014B,242778,0,Scotland,HE Qualification,90-100%,35-55,0,90,0,Withdrawn,15,1,1,0,0,0,1,0,1,0,1,0,0,1,0,10
CCC,2014B,242858,0,East Midlands Region,A Level or Equivalent,20-30%,0-35,0,60,0,Pass,6,1,1,0,0,0,1,1,1,1,0,0,1,0,1,9
CCC,2014B,243351,0,West Midlands Region,A Level or Equivalent,0-10%,0-35,0,90,0,Withdrawn,3,0,1,0,1,0,1,0,0,0,1,1,1,0,1,8
CCC,2014B,244902,0,East Anglian Region,A Level or Equivalent,80-90%,0-35,0,30,0,Withdrawn,14,1,0,1,1,0,1,0,1,1,0,0,1,0,1,5
CCC,2014B,244977,0,East Anglian Region,A Level or Equivalent,50-60%,0-35,0,60,0,Pass,14,0,1,1,1,0,1,0,1,1,0,0,0,0,0,5
CCC,2014B,245217,0,East Midlands Region,A Level or Equivalent,50-60%,0-35,0,235,0,Withdrawn,15,0,0,1,0,0,1,1,1,0,1,1,1,1,0,10
CCC,2014B,245494,0,Scotland,HE Qualification,60-70%,35-55,0,90,0,Withdrawn,15,1,0,1,1,0,0,1,0,1,1,1,1,0,0,10
CCC,2014B,246248,1,South West Region,HE Qualification,40-50%,0-35,0,60,0,Fail,13,0,1,1,0,1,1,0,0,1,1,1,0,1,0,5
CCC,2014B,247819,0,South East Region,Lower Than A Level,30-40%,0-35,0,60,0,Pass,10,1,0,1,1,0,0,1,0,1,1,0,1,0,0,1
CCC,2014B,248252,1,Yorkshire Region,HE Qualification,0-10%,35-55,0,90,0,Withdrawn,12,0,1,1,0,1,1,1,1,0,1,0,1,1,0,7
CCC,2014B,250092,0,North Western Region,A Level or Equivalent,40-50%,0-35,0,60,0,Fail,15,1,1,0,0,0,1,0,1,1,0,1,1,1,0,10
CCC,2014B,251385,1,East Anglian Region,A Level or Equivalent,80-90%,0-35,0,60,0,Distinction,13,0,1,1,1,1,0,0,1,1,1,1,0,0,0,5
CCC,2014B,253859,0,Scotland,A Level or Equivalent,90-100%,0-35,0,30,0,Distinction,6,0,0,0,1,0,1,0,1,1,1,1,1,0,1,9
CCC,2014B,255140,0,West Midlands Region,A Level or Equivalent,70-80%,0-35,0,120,0,Withdrawn,5,0,1,1,0,0,1,0,1,1,1,1,1,0,1,9
CCC,2014B,255310,0,East Midlands Region,HE Qualification,80-90%,0-35,0,90,0,Pass,16,1,0,1,1,1,0,1,0,1,0,1,1,0,0,10
CCC,2014B,256532,0,South Region,A Level or Equivalent,50-60%,35-55,0,70,0,Withdrawn,14,1,1,0,0,1,1,0,1,0,1,0,1,1,1,5
CCC,2014B,260062,0,Scotland,HE Qualification,90-100%,0-35,0,150,0,Withdrawn,16,0,0,1,0,0,1,1,1,0,1,1,1,1,0,10
CCC,2014B,260949,1,East Anglian Region,A Level or Equivalent,40-50%,0-35,0,150,0,Pass,15,1,1,0,1,1,0,1,0,1,0,1,0,1,0,10
CCC,2014B,261042,0,London Region,Lower Than A Level,60-70%,0-35,0,120,0,Fail,1,1,1,0,1,1,1,0,1,0,0,0,0,1,0,2
CCC,2014B,261265,0,East Anglian Region,Lower Than A Level,70-80%,0-35,0,120,0,Fail,6,1,1,1,0,1,1,1,0,1,1,1,1,1,0,9
CCC,2014B,261615,0,Yorkshire Region,HE Qualification,20-30%,0-35,0,60,0,Pass,10,0,0,1,0,0,0,1,1,1,0,1,1,1,0,1
CCC,2014B,262391,1,Yorkshire Region,A Level or Equivalent,20-Oct,0-35,0,240,1,Withdrawn,2,0,1,1,1,0,0,1,0,0,1,0,0,1,1,2
CCC,2014B,264159,0,South West Region,A Level or Equivalent,40-50%,35-55,0,30,0,Pass,13,1,1,0,0,1,0,0,1,0,1,1,0,0,0,5
CCC,2014B,264285,0,London Region,A Level or Equivalent,20-30%,0-35,0,60,0,Withdrawn,7,1,0,1,0,0,0,0,1,1,0,0,1,1,0,3
CCC,2014B,266040,0,East Anglian Region,A Level or Equivalent,20-30%,0-35,0,60,0,Withdrawn,9,0,1,0,1,0,0,1,0,0,1,1,1,0,0,4
CCC,2014B,266558,0,Yorkshire Region,A Level or Equivalent,30-40%,0-35,0,90,1,Withdrawn,14,1,1,1,1,0,1,0,1,0,1,0,1,1,0,5
CCC,2014B,266915,0,North Western Region,Lower Than A Level,60-70%,35-55,0,60,0,Withdrawn,5,0,0,1,1,1,1,1,0,1,0,1,0,1,1,9
CCC,2014B,267118,1,South West Region,Lower Than A Level,30-40%,0-35,0,90,1,Withdrawn,12,1,0,1,1,0,0,0,1,0,1,1,0,1,0,7
CCC,2014B,268018,0,London Region,Lower Than A Level,40-50%,0-35,0,60,0,Withdrawn,14,0,1,0,1,1,1,0,1,1,1,0,1,1,1,5
CCC,2014B,268127,1,East Anglian Region,A Level or Equivalent,70-80%,35-55,0,60,0,Withdrawn,12,0,0,1,1,1,1,0,1,0,1,1,1,1,0,7
CCC,2014B,269676,0,North Western Region,Lower Than A Level,20-30%,35-55,0,90,0,Pass,5,0,0,0,1,0,1,0,1,1,1,1,1,1,1,9
CCC,2014B,272103,0,Scotland,A Level or Equivalent,30-40%,35-55,0,90,1,Withdrawn,5,0,1,0,1,1,0,1,1,0,1,1,0,1,0,9
CCC,2014B,277577,1,London Region,A Level or Equivalent,80-90%,35-55,0,120,0,Withdrawn,6,0,0,1,1,1,1,0,1,0,1,1,0,0,1,9
CCC,2014B,277809,0,South East Region,A Level or Equivalent,40-50%,35-55,0,60,0,Withdrawn,11,1,0,0,1,0,0,0,1,0,0,1,1,0,0,6
CCC,2014B,278861,0,Wales,A Level or Equivalent,40-50%,0-35,0,60,0,Withdrawn,10,1,0,0,1,0,1,0,0,1,1,1,0,0,0,1
CCC,2014B,279868,1,Yorkshire Region,HE Qualification,30-40%,0-35,0,120,0,Pass,15,1,1,0,1,0,0,1,1,1,0,0,1,1,1,10
CCC,2014B,279883,0,East Midlands Region,A Level or Equivalent,0-10%,0-35,0,150,0,Withdrawn,15,1,1,0,0,1,1,0,0,1,0,0,1,0,0,10
CCC,2014B,281261,0,Ireland,HE Qualification,80-90%,0-35,0,30,0,Withdrawn,15,1,1,0,0,1,1,0,1,1,0,0,0,0,0,10
CCC,2014B,281801,0,Wales,Post Graduate Qualification,80-90%,35-55,0,30,0,Distinction,10,0,1,1,0,1,1,1,1,0,1,0,0,0,0,1
CCC,2014B,282193,0,North Western Region,No Formal quals,20-30%,0-35,0,30,0,Pass,7,0,0,1,0,0,0,1,0,1,0,1,0,1,1,3
CCC,2014B,283798,0,London Region,Lower Than A Level,40-50%,35-55,0,60,0,Pass,10,1,1,0,1,1,1,1,0,0,0,1,1,1,1,1
CCC,2014B,284812,0,Ireland,HE Qualification,80-90%,35-55,0,30,0,Distinction,12,0,0,1,0,0,0,0,0,1,0,0,1,1,0,7
CCC,2014B,285170,0,London Region,A Level or Equivalent,20-Oct,35-55,0,60,0,Pass,13,1,1,1,1,1,0,0,0,1,0,0,1,0,0,5
CCC,2014B,285475,0,Yorkshire Region,HE Qualification,30-40%,0-35,0,160,0,Pass,2,0,0,1,1,0,0,1,1,0,0,1,0,1,0,2
CCC,2014B,289009,0,Yorkshire Region,HE Qualification,20-Oct,35-55,0,150,0,Pass,14,0,0,0,1,0,0,0,1,1,1,1,0,0,1,5
CCC,2014B,289397,0,South East Region,A Level or Equivalent,60-70%,0-35,0,60,1,Withdrawn,3,1,1,1,0,0,0,0,0,0,0,0,1,1,0,8
CCC,2014B,290382,0,London Region,Lower Than A Level,20-Oct,0-35,0,60,0,Withdrawn,5,0,1,0,1,1,0,0,0,1,0,0,0,0,0,9
CCC,2014B,291805,1,Wales,HE Qualification,20-Oct,0-35,0,30,0,Pass,9,1,0,1,1,1,0,1,0,1,0,1,1,1,1,4
CCC,2014B,294578,0,London Region,HE Qualification,20-30%,0-35,0,60,0,Withdrawn,10,1,0,0,1,1,1,0,0,0,1,0,0,0,1,1
CCC,2014B,295893,0,East Midlands Region,A Level or Equivalent,20-Oct,0-35,0,60,1,Withdrawn,7,1,0,1,0,0,1,1,1,0,0,0,0,0,0,3
CCC,2014B,296411,0,East Midlands Region,A Level or Equivalent,80-90%,0-35,0,30,0,Pass,2,0,1,1,0,0,0,1,1,0,1,1,1,0,1,2
CCC,2014B,298040,1,South Region,HE Qualification,80-90%,35-55,0,30,0,Pass,1,1,1,0,1,1,1,1,0,0,1,1,0,1,0,2
CCC,2014B,300059,0,South Region,A Level or Equivalent,40-50%,0-35,0,180,1,Pass,6,1,1,1,1,0,1,0,0,1,1,0,0,1,0,9
CCC,2014B,300594,0,East Midlands Region,A Level or Equivalent,70-80%,0-35,0,60,1,Withdrawn,2,1,0,0,0,0,1,0,1,1,0,0,0,1,1,2
CCC,2014B,300611,0,North Western Region,HE Qualification,0-10%,0-35,0,120,0,Withdrawn,6,0,0,0,0,1,0,0,1,0,1,1,0,1,1,9
CCC,2014B,301232,0,South West Region,HE Qualification,60-70%,0-35,0,30,0,Pass,2,1,1,0,1,1,1,0,0,1,0,0,0,1,1,2
CCC,2014B,305783,0,East Anglian Region,Lower Than A Level,70-80%,0-35,0,60,0,Withdrawn,10,1,0,1,1,0,0,0,1,1,0,1,0,1,1,1
CCC,2014B,305876,0,Scotland,HE Qualification,50-60%,0-35,0,120,1,Fail,15,0,0,1,0,1,1,0,1,0,1,0,0,1,0,10
CCC,2014B,305974,0,West Midlands Region,A Level or Equivalent,0-10%,0-35,0,120,0,Withdrawn,16,0,1,0,1,1,0,1,1,0,0,0,0,0,0,10
CCC,2014B,306150,0,Scotland,A Level or Equivalent,80-90%,0-35,0,90,0,Withdrawn,1,1,1,1,1,1,0,1,0,1,0,0,0,0,0,2
CCC,2014B,308391,0,West Midlands Region,A Level or Equivalent,30-40%,0-35,0,60,0,Withdrawn,1,0,0,1,1,0,1,1,1,1,0,0,1,1,0,2
CCC,2014B,308918,1,London Region,HE Qualification,20-30%,35-55,0,135,0,Fail,3,1,1,0,0,0,0,0,1,0,0,0,0,1,0,8
CCC,2014B,309118,0,South Region,HE Qualification,70-80%,0-35,0,120,0,Pass,6,1,1,0,0,0,0,0,0,1,0,1,0,1,1,9
CCC,2014B,309515,1,Scotland,Post Graduate Qualification,90-100%,35-55,0,60,0,Withdrawn,6,0,0,0,1,0,0,0,0,0,0,1,0,1,1,9
CCC,2014B,310088,0,Ireland,Lower Than A Level,50-60%,0-35,0,60,0,Withdrawn,14,1,0,1,0,1,1,0,1,1,1,1,1,0,0,5
CCC,2014B,311616,0,South West Region,HE Qualification,80-90%,0-35,0,30,0,Pass,3,0,0,1,1,0,0,0,0,0,0,0,0,0,0,8
CCC,2014B,312886,1,South East Region,Lower Than A Level,80-90%,0-35,0,60,0,Fail,3,0,1,0,0,0,1,0,1,1,0,0,0,0,1,8
CCC,2014B,314555,1,South Region,A Level or Equivalent,30-40%,0-35,0,120,1,Withdrawn,7,1,1,1,0,0,1,0,1,1,0,1,0,0,1,3
CCC,2014B,315322,0,East Midlands Region,A Level or Equivalent,20-30%,0-35,0,60,0,Withdrawn,14,1,1,1,1,0,0,1,0,1,1,0,1,1,1,5
CCC,2014B,315728,0,North Region,HE Qualification,30-40%,0-35,0,30,0,Pass,8,1,1,0,1,1,1,1,0,1,1,1,1,1,1,3
CCC,2014B,316061,0,North Western Region,Lower Than A Level,0-10%,0-35,0,180,1,Fail,7,0,1,1,1,0,1,1,1,0,1,0,0,1,1,3
CCC,2014B,316227,0,West Midlands Region,HE Qualification,50-60%,35-55,0,30,0,Distinction,10,0,1,0,1,1,1,1,0,0,0,0,0,1,0,1
CCC,2014B,318574,0,North Western Region,A Level or Equivalent,40-50%,0-35,0,90,0,Withdrawn,14,1,1,0,1,0,1,0,0,1,1,1,0,0,1,5
CCC,2014B,319042,0,London Region,A Level or Equivalent,20-Oct,35-55,0,180,0,Fail,5,1,0,1,0,0,0,0,1,1,0,1,0,0,1,9
CCC,2014B,320153,1,Yorkshire Region,Lower Than A Level,80-90%,0-35,0,30,0,Withdrawn,15,1,1,1,0,0,0,0,1,0,1,0,0,1,1,10
CCC,2014B,321112,0,North Region,A Level or Equivalent,0-10%,0-35,0,60,0,Withdrawn,14,1,0,1,0,1,1,1,0,0,1,0,1,1,0,5
CCC,2014B,324257,0,London Region,A Level or Equivalent,0-10%,0-35,0,60,0,Fail,10,1,1,1,1,0,1,1,0,0,1,1,0,0,1,1
CCC,2014B,325497,1,South West Region,A Level or Equivalent,20-30%,0-35,0,150,0,Withdrawn,2,1,0,0,0,1,0,0,0,0,1,1,0,1,1,2
CCC,2014B,328261,0,West Midlands Region,A Level or Equivalent,60-70%,0-35,0,30,0,Fail,14,0,0,0,0,1,0,1,0,1,1,1,1,0,0,5
CCC,2014B,329673,0,North Region,Lower Than A Level,,35-55,0,60,0,Pass,3,1,0,1,0,1,1,1,1,1,0,0,1,0,1,8
CCC,2014B,330862,0,North Region,A Level or Equivalent,,0-35,0,150,0,Fail,7,1,0,0,0,1,1,0,1,0,0,1,1,1,1,3
CCC,2014B,330994,0,East Midlands Region,Lower Than A Level,50-60%,0-35,0,30,0,Withdrawn,16,0,1,1,0,1,0,1,1,0,0,0,1,0,0,10
CCC,2014B,335553,0,West Midlands Region,HE Qualification,20-30%,0-35,0,60,0,Withdrawn,5,0,0,0,1,1,0,0,0,0,1,1,1,1,1,9
CCC,2014B,335648,1,South East Region,Lower Than A Level,90-100%,0-35,0,150,0,Fail,3,0,1,0,0,1,1,1,1,0,0,0,0,0,1,8
CCC,2014B,336398,0,North Western Region,A Level or Equivalent,20-30%,35-55,0,60,0,Distinction,7,0,0,1,0,0,0,0,0,1,1,0,1,0,0,3
CCC,2014B,336695,1,East Midlands Region,A Level or Equivalent,0-10%,0-35,0,135,0,Withdrawn,2,0,0,0,1,0,1,0,0,0,1,1,1,1,0,2
CCC,2014B,338604,0,Scotland,A Level or Equivalent,80-90%,0-35,0,210,0,Pass,5,0,1,1,0,0,0,0,1,0,0,1,0,0,1,9
CCC,2014B,338731,0,Yorkshire Region,Lower Than A Level,20-Oct,35-55,0,30,0,Withdrawn,13,1,1,0,0,0,1,1,1,0,0,0,0,0,0,5
CCC,2014B,338854,0,Wales,HE Qualification,40-50%,35-55,0,150,0,Withdrawn,9,1,1,0,0,0,1,0,0,1,0,1,1,1,0,4
CCC,2014B,339353,0,East Midlands Region,A Level or Equivalent,70-80%,0-35,0,120,0,Withdrawn,1,1,0,0,1,0,0,0,0,1,1,1,1,1,1,2
CCC,2014B,342089,0,North Region,HE Qualification,,35-55,0,90,0,Fail,15,0,1,0,0,0,1,0,1,0,0,1,1,0,1,10
CCC,2014B,342957,0,Scotland,Lower Than A Level,80-90%,0-35,0,60,0,Fail,7,0,1,0,0,0,1,1,0,0,1,1,1,1,0,3
CCC,2014B,342974,0,East Anglian Region,Lower Than A Level,50-60%,0-35,0,60,0,Pass,9,0,1,0,1,1,1,0,0,1,0,1,1,0,0,4
CCC,2014B,344367,0,North Region,Lower Than A Level,30-40%,0-35,0,90,0,Fail,13,0,1,0,1,1,1,0,0,1,1,0,0,1,1,5
CCC,2014B,344396,1,Wales,A Level or Equivalent,50-60%,0-35,0,30,0,Fail,8,1,0,1,1,0,0,1,0,1,1,1,0,1,1,3
CCC,2014B,345256,0,Scotland,HE Qualification,70-80%,0-35,0,30,0,Pass,9,0,1,1,0,0,0,1,1,0,0,1,1,0,1,4
CCC,2014B,347257,0,North Western Region,Lower Than A Level,90-100%,0-35,0,120,0,Withdrawn,6,1,1,1,0,0,0,0,1,1,0,1,1,0,0,9
CCC,2014B,347518,0,Scotland,A Level or Equivalent,20-Oct,35-55,0,120,0,Withdrawn,5,1,1,1,0,1,1,0,0,0,0,0,0,0,0,9
CCC,2014B,347764,0,South East Region,Lower Than A Level,0-10%,0-35,0,90,0,Fail,7,1,0,1,0,0,1,1,1,0,1,1,1,1,0,3
CCC,2014B,348050,0,London Region,A Level or Equivalent,40-50%,0-35,0,90,0,Fail,6,0,0,0,1,1,1,1,1,0,1,1,0,1,0,9
CCC,2014B,348159,1,London Region,HE Qualification,0-10%,0-35,0,30,0,Pass,9,1,0,0,1,0,1,0,0,0,0,0,1,0,0,4
CCC,2014B,349069,0,South West Region,Lower Than A Level,0-10%,0-35,0,60,0,Fail,7,0,0,1,0,1,0,1,0,1,0,0,0,1,0,3
CCC,2014B,351328,1,North Region,Lower Than A Level,0-10%,0-35,0,60,0,Withdrawn,8,0,0,1,1,0,0,1,1,1,1,0,1,1,1,3
CCC,2014B,351577,0,Scotland,A Level or Equivalent,50-60%,0-35,0,90,0,Pass,1,1,1,0,1,0,0,1,1,1,1,1,1,1,1,2
CCC,2014B,351775,1,Scotland,HE Qualification,40-50%,35-55,0,90,0,Pass,13,1,1,0,0,0,0,1,1,0,0,0,1,0,0,5
CCC,2014B,353066,0,East Midlands Region,A Level or Equivalent,30-40%,0-35,0,90,0,Withdrawn,15,0,0,0,1,1,1,0,1,1,0,1,0,1,1,10
CCC,2014B,353660,0,West Midlands Region,A Level or Equivalent,60-70%,0-35,0,30,0,Withdrawn,14,0,1,1,1,0,0,1,1,0,1,1,1,1,0,5
CCC,2014B,353804,0,North Western Region,HE Qualification,30-40%,35-55,0,60,0,Withdrawn,10,1,1,1,1,0,0,0,0,0,0,1,0,1,0,1
CCC,2014B,353979,0,London Region,Lower Than A Level,20-30%,0-35,0,90,0,Withdrawn,11,0,0,0,1,0,0,1,0,0,0,0,0,0,0,6
CCC,2014B,354607,1,Wales,Lower Than A Level,20-30%,35-55,0,120,0,Pass,10,0,0,1,1,0,0,0,0,1,0,0,1,0,0,1
CCC,2014B,355143,0,North Western Region,A Level or Equivalent,70-80%,35-55,0,30,0,Fail,16,1,1,0,0,1,1,0,1,0,0,0,1,0,0,10
CCC,2014B,356274,0,Scotland,A Level or Equivalent,20-Oct,0-35,0,90,0,Fail,15,1,1,0,1,1,1,1,1,0,0,0,1,1,0,10
CCC,2014B,356523,0,West Midlands Region,Lower Than A Level,0-10%,0-35,0,60,0,Withdrawn,2,0,1,0,0,0,1,1,1,0,0,1,1,1,1,2
CCC,2014B,357176,0,South West Region,HE Qualification,50-60%,35-55,0,90,0,Pass,5,0,0,0,0,0,1,0,0,1,1,1,1,0,0,9
CCC,2014B,357214,1,South West Region,Lower Than A Level,20-Oct,0-35,0,60,1,Withdrawn,13,0,1,0,0,0,1,1,1,1,0,1,1,0,1,5
CCC,2014B,357485,0,South West Region,A Level or Equivalent,30-40%,35-55,0,60,0,Withdrawn,2,1,0,0,1,0,1,0,1,1,1,1,0,0,1,2
CCC,2014B,357851,0,East Anglian Region,Lower Than A Level,50-60%,0-35,0,90,1,Withdrawn,14,1,0,1,0,0,0,1,0,0,0,0,0,0,0,5
CCC,2014B,357942,1,East Anglian Region,Lower Than A Level,50-60%,0-35,0,70,0,Withdrawn,2,1,0,1,1,1,0,1,0,0,1,0,0,1,1,2
CCC,2014B,358075,1,South West Region,A Level or Equivalent,80-90%,0-35,0,60,0,Withdrawn,7,0,0,0,0,0,0,0,1,0,0,1,0,1,0,3
CCC,2014B,359114,1,Yorkshire Region,A Level or Equivalent,0-10%,0-35,0,60,1,Pass,11,0,1,0,0,1,0,0,1,0,0,0,0,1,1,6
CCC,2014B,359460,1,South East Region,A Level or Equivalent,60-70%,0-35,0,90,1,Withdrawn,16,0,1,0,1,1,1,0,0,1,1,0,0,1,1,10
CCC,2014B,360547,0,South Region,A Level or Equivalent,70-80%,0-35,0,30,0,Withdrawn,3,0,0,0,1,1,0,1,0,1,0,1,1,0,0,8
CCC,2014B,361410,1,London Region,A Level or Equivalent,60-70%,0-35,0,145,0,Pass,4,0,0,0,0,0,0,0,1,0,0,1,0,0,1,8
CCC,2014B,362223,1,South Region,A Level or Equivalent,60-70%,0-35,0,60,0,Pass,2,0,1,1,1,1,1,0,1,0,1,0,0,0,0,2
CCC,2014B,362661,0,North Western Region,A Level or Equivalent,30-40%,0-35,0,90,0,Withdrawn,3,1,0,0,0,0,0,1,1,0,0,1,0,1,1,8
CCC,2014B,363374,0,Wales,Lower Than A Level,40-50%,35-55,0,30,0,Fail,3,0,0,0,1,0,1,1,1,1,1,1,1,0,1,8
CCC,2014B,363773,1,South East Region,A Level or Equivalent,70-80%,35-55,0,90,0,Pass,5,1,0,1,0,0,1,0,1,1,1,1,0,0,0,9
CCC,2014B,363906,0,North Western Region,HE Qualification,0-10%,35-55,0,30,0,Fail,10,1,1,1,1,1,1,1,0,1,0,0,1,1,1,1
CCC,2014B,363939,0,West Midlands Region,Lower Than A Level,30-40%,0-35,0,60,0,Fail,12,0,0,1,1,0,0,1,1,0,1,1,1,0,1,7
CCC,2014B,364920,0,Scotland,HE Qualification,50-60%,0-35,0,60,0,Withdrawn,13,0,0,1,1,1,0,0,0,0,1,0,1,0,0,5
CCC,2014B,365993,0,South West Region,A Level or Equivalent,80-90%,0-35,0,90,0,Fail,5,1,0,0,0,1,1,1,1,0,0,1,1,0,1,9
CCC,2014B,366310,0,North Region,Lower Than A Level,20-30%,0-35,0,30,0,Pass,13,0,1,1,1,0,0,0,0,1,1,0,0,1,0,5
CCC,2014B,366424,1,South Region,HE Qualification,20-30%,0-35,0,135,0,Withdrawn,5,1,0,0,0,1,0,0,1,1,1,1,1,0,1,9
CCC,2014B,366872,1,South East Region,Lower Than A Level,20-30%,0-35,0,120,0,Withdrawn,13,0,0,1,0,1,1,1,0,0,1,0,0,1,1,5
CCC,2014B,367807,0,South West Region,Lower Than A Level,30-40%,0-35,0,60,0,Withdrawn,13,0,0,1,1,0,0,1,0,0,1,0,1,0,1,5
CCC,2014B,368483,0,North Western Region,HE Qualification,0-10%,0-35,0,60,0,Withdrawn,11,1,0,0,0,0,0,1,0,1,0,1,0,1,0,6
CCC,2014B,368876,0,East Midlands Region,Lower Than A Level,90-100%,0-35,0,60,0,Fail,5,0,1,0,1,1,0,0,1,1,1,0,1,1,0,9
CCC,2014B,369908,0,Scotland,HE Qualification,70-80%,35-55,0,60,0,Withdrawn,9,1,1,0,0,1,1,1,0,1,1,1,1,0,1,4
CCC,2014B,370336,0,East Midlands Region,Lower Than A Level,30-40%,0-35,0,150,0,Fail,9,1,1,0,1,0,0,1,0,1,0,0,1,0,0,4
CCC,2014B,371113,0,East Anglian Region,Lower Than A Level,50-60%,0-35,0,60,1,Withdrawn,5,0,1,0,1,0,0,0,0,1,1,1,0,1,0,9
CCC,2014B,371526,0,London Region,A Level or Equivalent,80-90%,0-35,0,150,0,Pass,8,1,1,0,0,1,1,1,1,1,0,0,1,1,1,3
CCC,2014B,371901,1,London Region,HE Qualification,30-40%,0-35,0,30,0,Pass,8,1,0,0,0,1,1,1,1,0,0,1,0,0,0,3
CCC,2014B,372812,0,South East Region,A Level or Equivalent,20-30%,0-35,0,60,0,Withdrawn,1,1,1,0,1,0,0,1,0,0,1,0,1,1,1,2
CCC,2014B,374028,0,London Region,Lower Than A Level,40-50%,0-35,0,30,0,Distinction,13,0,0,1,1,0,1,0,0,1,1,0,0,1,1,5
CCC,2014B,374055,1,Yorkshire Region,A Level or Equivalent,60-70%,35-55,0,90,0,Withdrawn,15,1,1,0,0,1,0,0,0,1,1,1,0,1,0,10
CCC,2014B,374756,0,South West Region,A Level or Equivalent,50-60%,0-35,0,60,0,Distinction,16,1,1,0,0,0,1,0,1,0,0,0,1,1,1,10
CCC,2014B,375688,0,North Western Region,A Level or Equivalent,60-70%,35-55,0,90,0,Withdrawn,1,0,0,1,0,0,1,1,0,0,0,1,1,1,0,2
CCC,2014B,376701,0,South West Region,A Level or Equivalent,20-30%,0-35,0,90,0,Withdrawn,7,0,1,0,1,0,0,0,1,1,0,1,1,0,1,3
CCC,2014B,378920,0,West Midlands Region,Lower Than A Level,20-30%,0-35,0,60,0,Pass,15,0,1,0,0,1,0,0,1,0,0,1,0,1,1,10
CCC,2014B,379406,1,London Region,A Level or Equivalent,40-50%,0-35,0,90,0,Withdrawn,14,1,1,0,0,1,0,0,0,1,0,0,0,0,0,5
CCC,2014B,381240,0,East Anglian Region,A Level or Equivalent,40-50%,0-35,0,30,0,Fail,13,1,0,0,0,0,1,1,1,1,1,0,1,0,1,5
CCC,2014B,381927,1,North Western Region,A Level or Equivalent,40-50%,0-35,0,30,0,Distinction,1,0,0,1,0,1,1,1,0,0,1,0,0,0,1,2
CCC,2014B,383015,1,Scotland,HE Qualification,40-50%,35-55,0,150,1,Withdrawn,15,1,0,0,0,1,1,1,1,1,1,0,0,0,0,10
CCC,2014B,383140,0,West Midlands Region,A Level or Equivalent,50-60%,0-35,0,30,0,Pass,11,1,0,1,1,1,0,1,0,0,1,0,1,1,1,6
CCC,2014B,383158,0,Scotland,HE Qualification,90-100%,0-35,0,30,0,Pass,10,1,0,0,1,0,0,0,1,1,0,0,1,0,0,1
CCC,2014B,383311,0,North Region,A Level or Equivalent,60-70%,0-35,0,60,0,Fail,7,0,0,0,0,0,1,0,1,0,0,0,0,1,0,3
CCC,2014B,383347,0,North Region,Post Graduate Qualification,,55<=,0,60,0,Distinction,5,0,0,1,0,1,1,1,1,1,0,0,0,0,1,9
CCC,2014B,383372,1,Scotland,Lower Than A Level,0-10%,35-55,0,90,0,Pass,15,0,0,0,0,0,0,0,1,0,1,1,0,1,1,10
CCC,2014B,383971,1,South Region,A Level or Equivalent,,0-35,0,60,0,Fail,11,0,1,1,1,0,0,0,0,0,1,1,0,1,0,6
CCC,2014B,385120,0,South West Region,Lower Than A Level,0-10%,35-55,0,90,0,Withdrawn,12,0,0,1,1,0,1,1,1,1,0,1,0,0,1,7
CCC,2014B,385387,1,North Region,HE Qualification,,0-35,0,90,0,Distinction,1,0,0,0,0,0,1,0,1,1,1,1,1,1,1,2
CCC,2014B,385980,0,London Region,A Level or Equivalent,60-70%,0-35,0,90,0,Withdrawn,15,0,1,1,1,0,0,0,1,1,0,0,1,0,0,10
CCC,2014B,386121,0,London Region,Lower Than A Level,0-10%,0-35,0,90,0,Withdrawn,1,0,1,0,0,1,1,0,1,0,1,1,0,1,0,2
CCC,2014B,386189,0,East Anglian Region,Lower Than A Level,90-100%,0-35,0,120,0,Withdrawn,12,0,0,0,0,1,0,1,1,0,1,1,0,0,1,7
CCC,2014B,386671,0,North Western Region,Lower Than A Level,30-40%,0-35,0,150,0,Withdrawn,6,0,1,1,0,1,1,1,1,0,0,0,0,0,1,9
CCC,2014B,387009,1,Wales,A Level or Equivalent,20-Oct,0-35,0,60,0,Pass,4,0,0,0,1,0,1,0,0,0,0,0,0,0,0,8
CCC,2014B,388538,0,East Anglian Region,HE Qualification,70-80%,0-35,0,30,0,Pass,16,1,1,1,0,1,1,0,1,1,0,1,1,1,1,10
CCC,2014B,388708,0,London Region,HE Qualification,60-70%,0-35,0,30,0,Withdrawn,8,1,0,0,0,0,0,1,0,0,0,1,0,1,1,3
CCC,2014B,388750,1,East Anglian Region,A Level or Equivalent,90-100%,35-55,0,210,1,Withdrawn,13,0,1,1,1,1,0,1,0,1,1,1,1,1,0,5
CCC,2014B,389680,0,North Region,Lower Than A Level,,0-35,0,150,0,Withdrawn,13,1,0,0,0,0,1,0,0,1,1,1,1,0,0,5
CCC,2014B,390233,0,South Region,Lower Than A Level,50-60%,35-55,0,60,1,Withdrawn,14,1,1,1,0,0,1,1,0,1,1,0,1,0,1,5
CCC,2014B,391343,0,West Midlands Region,Lower Than A Level,20-30%,0-35,0,150,0,Fail,4,1,1,1,0,1,0,1,1,1,0,0,0,1,0,8
CCC,2014B,391419,0,South East Region,A Level or Equivalent,20-Oct,35-55,0,30,0,Fail,15,0,1,1,0,1,0,0,0,0,0,1,1,0,0,10
CCC,2014B,392289,0,South East Region,A Level or Equivalent,50-60%,0-35,0,30,0,Withdrawn,10,1,0,1,1,0,0,0,0,0,0,0,0,0,0,1
CCC,2014B,392526,1,East Anglian Region,A Level or Equivalent,30-40%,35-55,0,30,0,Pass,6,1,1,0,0,0,0,0,1,0,1,1,1,0,0,9
CCC,2014B,394311,0,London Region,Lower Than A Level,80-90%,0-35,0,30,0,Pass,13,1,1,1,0,1,0,1,0,1,1,1,1,0,1,5
CCC,2014B,394341,0,South East Region,A Level or Equivalent,20-Oct,35-55,0,90,0,Fail,10,1,0,0,1,0,1,0,0,0,1,1,0,1,0,1
CCC,2014B,394791,1,North Western Region,Lower Than A Level,40-50%,0-35,0,90,1,Withdrawn,1,0,0,1,0,0,1,0,1,1,1,1,0,0,0,2
CCC,2014B,395164,0,Yorkshire Region,A Level or Equivalent,20-30%,0-35,0,150,1,Withdrawn,4,0,1,0,1,1,0,0,0,0,0,0,0,1,0,8
CCC,2014B,396825,0,Ireland,A Level or Equivalent,50-60%,0-35,0,80,0,Pass,7,0,1,1,1,1,1,1,0,1,1,1,1,1,0,3
CCC,2014B,397149,0,South Region,Lower Than A Level,20-Oct,0-35,0,90,0,Withdrawn,12,1,1,1,1,1,0,0,0,0,1,0,1,0,1,7
CCC,2014B,397506,1,South Region,Lower Than A Level,90-100%,0-35,0,120,0,Pass,16,1,0,0,0,0,0,1,1,0,0,1,1,1,0,10
CCC,2014B,397797,0,South Region,A Level or Equivalent,40-50%,0-35,0,60,0,Withdrawn,7,1,1,0,0,1,1,1,0,0,0,0,1,1,0,3
CCC,2014B,398487,0,South East Region,A Level or Equivalent,50-60%,0-35,0,30,0,Fail,3,0,1,1,0,1,1,0,1,1,0,0,1,1,1,8
CCC,2014B,398877,0,London Region,Lower Than A Level,20-30%,0-35,0,90,0,Withdrawn,8,0,1,0,0,0,0,0,1,0,1,1,1,1,1,3
CCC,2014B,399863,0,West Midlands Region,A Level or Equivalent,30-40%,0-35,0,270,0,Withdrawn,1,1,0,0,0,1,0,1,1,0,0,0,1,0,0,2
CCC,2014B,400063,0,Wales,Lower Than A Level,30-40%,0-35,0,90,0,Withdrawn,12,0,0,0,1,1,0,0,0,1,0,1,0,0,1,7
CCC,2014B,401296,1,East Anglian Region,A Level or Equivalent,20-30%,35-55,0,60,0,Pass,15,0,1,0,1,0,1,0,0,1,1,1,0,0,0,10
CCC,2014B,401903,0,Wales,A Level or Equivalent,30-40%,0-35,0,60,0,Pass,12,0,0,1,0,0,0,0,1,1,1,0,1,1,1,7
CCC,2014B,403085,0,East Midlands Region,Lower Than A Level,90-100%,35-55,0,60,0,Pass,16,1,1,1,0,0,1,0,0,1,0,0,1,0,0,10
CCC,2014B,404239,0,Scotland,A Level or Equivalent,40-50%,0-35,0,60,1,Fail,7,1,0,0,0,0,0,0,0,0,0,1,0,1,0,3
CCC,2014B,405192,1,East Midlands Region,A Level or Equivalent,60-70%,0-35,0,90,0,Withdrawn,5,1,0,0,1,0,1,0,0,0,0,1,0,1,0,9
CCC,2014B,406265,0,Scotland,Lower Than A Level,40-50%,0-35,0,30,1,Withdrawn,13,1,1,1,0,1,0,1,1,1,1,0,1,1,0,5
CCC,2014B,406337,1,North Region,A Level or Equivalent,0-10%,0-35,0,30,0,Withdrawn,3,1,1,1,0,1,1,1,1,0,0,1,0,1,0,8
CCC,2014B,406846,0,South West Region,Lower Than A Level,40-50%,0-35,0,30,0,Fail,9,0,0,0,1,1,1,1,1,1,1,0,1,1,1,4
CCC,2014B,406908,0,Yorkshire Region,Lower Than A Level,30-40%,0-35,0,90,0,Fail,6,1,0,0,0,0,1,1,0,1,0,0,0,0,0,9
CCC,2014B,406937,1,South Region,Lower Than A Level,90-100%,35-55,0,60,0,Withdrawn,10,0,0,1,1,1,0,1,0,1,0,0,1,1,1,1
CCC,2014B,407453,0,East Anglian Region,A Level or Equivalent,40-50%,0-35,0,60,0,Withdrawn,7,0,1,1,0,1,1,1,0,0,1,0,1,0,1,3
CCC,2014B,407818,0,South Region,HE Qualification,20-30%,35-55,0,30,0,Fail,4,0,1,0,1,1,1,1,0,0,1,1,1,1,1,8
CCC,2014B,408371,0,East Midlands Region,A Level or Equivalent,20-30%,0-35,0,30,0,Withdrawn,9,0,0,0,1,0,0,0,1,1,0,1,0,0,0,4
CCC,2014B,408413,0,Wales,A Level or Equivalent,30-40%,0-35,0,60,0,Fail,15,1,1,0,0,1,0,1,1,1,0,1,0,0,1,10
CCC,2014B,409540,0,North Western Region,HE Qualification,30-40%,0-35,0,30,0,Withdrawn,1,0,1,1,0,0,1,0,1,0,0,1,1,1,0,2
CCC,2014B,410203,1,South Region,HE Qualification,70-80%,35-55,0,30,0,Pass,3,1,0,1,0,0,1,1,0,0,0,0,1,0,1,8
CCC,2014B,410407,0,South Region,HE Qualification,90-100%,35-55,0,30,0,Distinction,15,1,0,1,1,1,1,1,0,1,1,0,1,0,0,10
CCC,2014B,410699,0,Yorkshire Region,HE Qualification,80-90%,0-35,0,30,0,Pass,2,1,0,1,0,1,1,1,0,0,0,0,0,0,0,2
CCC,2014B,410886,1,Scotland,A Level or Equivalent,90-100%,0-35,0,90,0,Withdrawn,2,0,1,1,1,1,0,0,1,1,1,0,0,0,1,2
CCC,2014B,412258,1,South East Region,A Level or Equivalent,70-80%,0-35,0,40,0,Distinction,11,0,1,1,0,0,1,1,1,1,0,0,0,1,1,6
CCC,2014B,412268,0,South Region,Lower Than A Level,30-40%,35-55,0,30,0,Withdrawn,7,1,1,0,1,0,0,1,1,0,0,1,1,0,0,3
CCC,2014B,412284,0,East Midlands Region,A Level or Equivalent,80-90%,0-35,0,150,1,Fail,9,1,0,0,0,1,1,1,0,1,1,1,0,0,1,4
CCC,2014B,413083,0,Yorkshire Region,HE Qualification,0-10%,35-55,0,60,0,Fail,7,1,1,0,1,1,0,0,1,0,1,1,1,1,1,3
CCC,2014B,416500,0,South East Region,A Level or Equivalent,90-100%,0-35,0,90,0,Withdrawn,3,0,0,0,0,1,0,0,0,1,1,0,0,1,0,8
CCC,2014B,416689,1,Scotland,A Level or Equivalent,70-80%,0-35,0,120,0,Pass,2,0,0,0,0,0,1,1,1,1,0,1,1,0,1,2
CCC,2014B,416860,1,East Midlands Region,A Level or Equivalent,20-30%,0-35,0,60,0,Withdrawn,7,1,0,1,1,0,1,0,1,0,0,1,1,0,0,3
CCC,2014B,417820,0,London Region,A Level or Equivalent,90-100%,0-35,0,60,0,Pass,7,1,0,1,1,0,0,1,1,0,0,1,0,0,0,3
CCC,2014B,418224,1,Ireland,HE Qualification,,35-55,0,60,0,Fail,1,1,1,1,0,1,0,0,1,1,0,0,0,0,1,2
CCC,2014B,418623,0,South West Region,A Level or Equivalent,30-40%,0-35,0,90,1,Pass,13,0,0,1,0,0,1,0,0,1,0,0,0,0,1,5
CCC,2014B,418971,0,East Midlands Region,Lower Than A Level,40-50%,0-35,0,60,0,Withdrawn,2,1,0,1,0,1,1,0,1,0,1,1,0,0,1,2
CCC,2014B,419233,1,Wales,HE Qualification,80-90%,0-35,0,120,0,Fail,3,1,1,1,0,1,1,0,1,0,1,0,0,1,1,8
CCC,2014B,419536,0,West Midlands Region,A Level or Equivalent,70-80%,35-55,0,60,0,Withdrawn,11,1,1,0,0,0,1,0,1,1,0,0,0,1,1,6
CCC,2014B,420345,0,East Midlands Region,Lower Than A Level,0-10%,0-35,0,60,0,Pass,14,0,0,0,0,1,0,1,0,0,0,0,0,1,1,5
CCC,2014B,420428,0,South Region,HE Qualification,50-60%,35-55,0,60,0,Withdrawn,5,1,1,0,1,0,0,0,0,0,0,0,0,1,0,9
CCC,2014B,420528,0,Ireland,A Level or Equivalent,70-80%,35-55,0,90,0,Distinction,16,1,0,0,0,1,0,1,0,0,1,0,1,0,0,10
CCC,2014B,420935,0,South West Region,HE Qualification,40-50%,35-55,0,30,0,Distinction,8,0,1,0,0,1,0,1,0,0,0,1,0,1,0,3
CCC,2014B,421209,1,London Region,HE Qualification,20-30%,0-35,0,60,1,Pass,16,0,0,0,0,0,0,1,0,0,0,0,0,0,0,10
CCC,2014B,421712,0,North Western Region,A Level or Equivalent,0-10%,0-35,0,90,0,Withdrawn,16,0,1,1,1,1,0,0,0,0,1,0,0,1,0,10
CCC,2014B,423879,0,South Region,A Level or Equivalent,40-50%,35-55,0,30,0,Distinction,4,0,1,1,0,0,1,0,1,1,1,0,1,0,0,8
CCC,2014B,424082,0,Scotland,HE Qualification,70-80%,0-35,0,30,0,Pass,8,1,0,1,0,1,0,0,1,1,0,0,0,0,0,3
CCC,2014B,424112,1,Ireland,A Level or Equivalent,,0-35,0,60,0,Pass,4,0,1,0,0,1,0,0,0,0,1,0,1,1,1,8
CCC,2014B,424950,0,West Midlands Region,Lower Than A Level,80-90%,0-35,0,45,0,Pass,11,0,1,1,1,0,0,0,1,0,1,0,0,0,0,6
CCC,2014B,425287,0,London Region,Post Graduate Qualification,30-40%,35-55,0,90,0,Withdrawn,15,0,0,0,1,1,1,0,0,0,0,1,0,1,0,10
CCC,2014B,425714,0,South Region,Lower Than A Level,20-Oct,0-35,0,60,0,Withdrawn,1,1,1,1,1,0,1,1,0,1,1,0,1,0,0,2
CCC,2014B,426610,1,Scotland,A Level or Equivalent,50-60%,0-35,0,120,1,Pass,16,1,0,1,1,1,0,0,0,1,0,1,1,0,1,10
CCC,2014B,426616,1,Scotland,HE Qualification,90-100%,0-35,0,60,1,Fail,16,0,0,1,1,1,0,0,1,1,0,0,1,0,0,10
CCC,2014B,429065,0,Scotland,Lower Than A Level,70-80%,35-55,0,30,0,Fail,6,0,1,0,1,0,0,1,1,1,1,1,1,1,1,9
CCC,2014B,429185,1,North Region,A Level or Equivalent,,0-35,0,90,0,Distinction,13,0,0,0,1,0,0,0,0,1,0,1,1,1,0,5
CCC,2014B,429220,1,Yorkshire Region,Lower Than A Level,20-30%,0-35,0,60,0,Withdrawn,15,1,0,1,0,1,0,1,0,1,0,0,1,0,0,10
CCC,2014B,430686,0,West Midlands Region,A Level or Equivalent,,0-35,0,90,0,Pass,15,1,1,1,1,0,0,0,1,1,1,0,1,0,1,10
CCC,2014B,431014,0,East Anglian Region,A Level or Equivalent,50-60%,0-35,0,90,0,Fail,14,0,0,1,0,0,1,0,1,0,0,1,0,0,1,5
CCC,2014B,431386,0,East Anglian Region,A Level or Equivalent,90-100%,0-35,0,60,0,Pass,12,0,1,1,0,1,1,0,0,0,1,0,1,1,0,7
CCC,2014B,432278,0,East Anglian Region,A Level or Equivalent,90-100%,0-35,0,90,0,Withdrawn,4,1,0,1,0,1,1,1,1,1,0,0,1,1,0,8
CCC,2014B,432718,1,East Anglian Region,A Level or Equivalent,80-90%,35-55,0,90,0,Withdrawn,16,0,1,1,0,0,0,1,0,1,0,1,1,1,0,10
CCC,2014B,434562,0,South West Region,A Level or Equivalent,30-40%,35-55,0,60,0,Pass,1,1,1,1,1,1,1,0,1,1,0,1,0,1,1,2
CCC,2014B,434573,0,West Midlands Region,A Level or Equivalent,0-10%,0-35,0,60,0,Fail,16,1,1,1,1,0,0,1,1,0,1,0,1,0,1,10
CCC,2014B,435271,0,South Region,Lower Than A Level,40-50%,0-35,0,90,0,Withdrawn,12,0,0,1,0,0,1,1,1,0,0,0,1,0,1,7
CCC,2014B,436058,0,North Western Region,A Level or Equivalent,20-Oct,0-35,0,30,0,Pass,9,1,1,0,0,1,0,1,0,0,1,1,1,1,1,4
CCC,2014B,437432,1,Yorkshire Region,Lower Than A Level,90-100%,0-35,0,75,0,Withdrawn,5,0,0,0,1,1,0,0,1,1,0,1,0,0,0,9
CCC,2014B,438313,0,West Midlands Region,A Level or Equivalent,20-30%,0-35,0,180,0,Withdrawn,11,1,0,0,1,1,0,0,1,1,1,0,1,1,0,6
CCC,2014B,438796,0,South Region,Post Graduate Qualification,90-100%,35-55,0,120,0,Pass,13,0,0,1,1,0,0,1,1,0,1,0,1,0,0,5
CCC,2014B,439669,0,Yorkshire Region,A Level or Equivalent,60-70%,0-35,0,60,0,Withdrawn,12,0,0,0,0,0,1,1,1,1,0,0,1,0,1,7
CCC,2014B,440171,1,Scotland,HE Qualification,40-50%,0-35,0,60,0,Withdrawn,2,0,0,0,1,0,0,0,1,1,1,1,0,0,0,2
CCC,2014B,440297,1,Wales,A Level or Equivalent,90-100%,0-35,0,170,0,Withdrawn,14,1,0,1,1,1,1,0,1,0,1,1,0,1,1,5
CCC,2014B,440323,1,London Region,Lower Than A Level,0-10%,0-35,0,30,1,Withdrawn,5,1,1,0,1,0,0,0,0,1,0,0,1,0,0,9
CCC,2014B,440591,1,West Midlands Region,Lower Than A Level,0-10%,0-35,0,100,1,Withdrawn,2,0,0,0,1,1,0,0,1,0,1,0,1,0,1,2
CCC,2014B,440905,0,West Midlands Region,A Level or Equivalent,90-100%,0-35,0,30,0,Fail,14,0,0,1,0,0,0,0,0,0,1,0,1,0,1,5
CCC,2014B,441540,0,South East Region,Lower Than A Level,80-90%,0-35,0,60,0,Withdrawn,13,1,0,1,0,1,0,0,0,0,1,0,1,1,1,5
CCC,2014B,441606,0,East Midlands Region,Lower Than A Level,20-Oct,0-35,0,180,0,Withdrawn,11,1,0,0,0,0,0,0,0,1,1,1,0,0,1,6
CCC,2014B,442530,0,South East Region,Lower Than A Level,90-100%,0-35,0,120,1,Withdrawn,1,0,1,1,0,1,1,1,0,1,1,1,0,1,0,2
CCC,2014B,442954,0,North Region,A Level or Equivalent,20-Oct,0-35,0,60,0,Withdrawn,6,0,1,1,1,0,1,1,0,1,1,0,1,0,1,9
CCC,2014B,445777,0,Scotland,HE Qualification,80-90%,0-35,0,30,0,Distinction,2,0,1,0,1,1,1,1,0,1,0,1,1,0,0,2
CCC,2014B,445917,0,North Western Region,HE Qualification,90-100%,0-35,0,90,0,Distinction,3,0,0,0,0,1,1,0,1,0,1,0,1,0,0,8
CCC,2014B,445972,0,East Anglian Region,Post Graduate Qualification,90-100%,0-35,0,60,0,Distinction,15,0,0,0,1,0,0,0,0,1,1,0,0,0,0,10
CCC,2014B,446295,0,Wales,Lower Than A Level,20-30%,0-35,0,60,0,Fail,4,1,0,1,1,0,0,0,1,1,0,0,0,0,1,8
CCC,2014B,446628,0,North Western Region,Lower Than A Level,80-90%,0-35,0,90,0,Withdrawn,8,1,1,1,1,0,1,1,1,0,1,1,0,0,0,3
CCC,2014B,447306,1,London Region,HE Qualification,30-40%,0-35,0,30,0,Fail,3,1,0,0,0,0,1,0,0,0,1,0,1,1,1,8
CCC,2014B,464236,0,London Region,HE Qualification,90-100%,55<=,0,70,0,Withdrawn,13,1,0,1,1,0,1,1,1,0,0,0,1,1,1,5
CCC,2014B,464724,0,South Region,Lower Than A Level,,35-55,0,60,0,Withdrawn,3,1,0,1,0,0,0,0,1,0,0,1,1,0,1,8
CCC,2014B,465194,0,North Western Region,A Level or Equivalent,50-60%,0-35,0,120,0,Withdrawn,16,1,1,1,1,0,1,0,0,1,1,0,0,1,1,10
CCC,2014B,465406,0,North Western Region,A Level or Equivalent,60-70%,0-35,0,60,0,Pass,2,0,1,0,1,1,0,0,1,1,0,1,1,1,1,2
CCC,2014B,465517,0,West Midlands Region,Lower Than A Level,30-40%,0-35,0,45,0,Withdrawn,7,1,0,0,0,1,0,1,1,0,0,0,0,1,1,3
CCC,2014B,465719,0,Scotland,Lower Than A Level,0-10%,0-35,0,210,0,Fail,14,0,1,1,0,1,0,1,1,0,1,0,1,0,1,5
CCC,2014B,465764,1,East Midlands Region,Lower Than A Level,30-40%,35-55,0,130,1,Withdrawn,1,1,1,1,1,0,1,1,0,0,1,1,1,0,1,2
CCC,2014B,465843,0,West Midlands Region,A Level or Equivalent,0-10%,0-35,0,120,0,Fail,13,0,0,1,1,1,1,0,1,0,0,1,0,0,0,5
CCC,2014B,466289,0,Ireland,Lower Than A Level,60-70%,0-35,0,30,0,Pass,10,1,0,1,0,1,0,1,0,1,0,1,1,0,0,1
CCC,2014B,466714,0,South West Region,A Level or Equivalent,40-50%,0-35,0,120,1,Withdrawn,9,0,0,0,1,1,0,1,0,0,1,0,0,0,0,4
CCC,2014B,467230,0,East Anglian Region,A Level or Equivalent,0-10%,0-35,0,90,0,Pass,10,1,0,1,0,0,0,0,1,1,1,0,1,0,0,1
CCC,2014B,467753,0,Ireland,Post Graduate Qualification,,35-55,0,30,0,Withdrawn,15,0,1,1,0,1,0,0,0,0,0,0,1,1,0,10
CCC,2014B,467894,1,West Midlands Region,A Level or Equivalent,0-10%,0-35,0,60,0,Fail,9,0,0,0,0,0,0,1,1,1,0,0,1,1,1,4
CCC,2014B,468753,0,West Midlands Region,A Level or Equivalent,20-Oct,0-35,0,60,0,Fail,13,1,1,0,1,1,0,0,0,0,1,0,1,0,0,5
CCC,2014B,469113,0,South East Region,A Level or Equivalent,90-100%,35-55,0,60,0,Withdrawn,4,0,0,1,1,1,0,1,1,1,1,0,0,1,1,8
CCC,2014B,469732,0,East Midlands Region,Lower Than A Level,30-40%,0-35,0,30,0,Withdrawn,15,0,0,0,1,0,1,1,0,0,0,1,1,1,0,10
CCC,2014B,469761,1,South West Region,A Level or Equivalent,90-100%,0-35,0,60,0,Distinction,1,0,1,0,1,1,1,0,0,0,1,0,0,1,1,2
CCC,2014B,470002,0,Wales,HE Qualification,70-80%,35-55,0,90,0,Withdrawn,11,1,0,1,0,1,0,0,1,1,0,1,1,0,1,6
CCC,2014B,471018,0,West Midlands Region,Lower Than A Level,60-70%,35-55,0,60,0,Withdrawn,6,0,0,0,1,1,0,1,1,0,1,0,1,1,0,9
CCC,2014B,471580,0,Yorkshire Region,Lower Than A Level,80-90%,0-35,0,90,0,Withdrawn,1,1,0,0,1,1,0,0,0,0,0,0,1,1,0,2
CCC,2014B,471657,0,North Western Region,Lower Than A Level,0-10%,35-55,0,30,0,Pass,4,1,0,0,0,1,1,0,0,0,0,0,1,1,1,8
CCC,2014B,471979,0,South West Region,Lower Than A Level,30-40%,0-35,0,60,0,Pass,4,0,1,0,1,1,1,0,1,0,1,1,1,1,0,8
CCC,2014B,472087,0,East Midlands Region,HE Qualification,30-40%,0-35,0,60,0,Pass,5,0,1,1,1,1,0,0,0,0,1,0,0,0,0,9
CCC,2014B,472309,1,London Region,Post Graduate Qualification,20-30%,35-55,0,60,0,Withdrawn,6,0,1,1,0,0,1,0,0,1,1,1,1,0,0,9
CCC,2014B,472856,0,Wales,HE Qualification,30-40%,0-35,0,90,0,Withdrawn,12,0,0,0,0,1,1,0,0,1,0,0,0,0,0,7
CCC,2014B,473965,0,East Midlands Region,A Level or Equivalent,60-70%,35-55,0,60,0,Pass,3,0,1,0,0,0,0,1,1,0,1,1,1,0,1,8
CCC,2014B,474283,0,South Region,A Level or Equivalent,80-90%,0-35,0,120,0,Fail,5,1,1,1,0,1,0,0,1,1,1,1,0,1,0,9
CCC,2014B,474377,0,North Region,Lower Than A Level,,35-55,0,120,0,Withdrawn,4,1,1,0,1,0,1,0,1,0,1,0,0,1,0,8
CCC,2014B,474759,1,South Region,Lower Than A Level,90-100%,35-55,0,30,1,Fail,4,1,1,0,1,0,0,0,0,1,0,1,0,0,1,8
CCC,2014B,475149,0,East Midlands Region,HE Qualification,80-90%,0-35,0,30,0,Withdrawn,4,0,1,0,0,1,0,1,0,0,0,1,0,0,0,8
CCC,2014B,475443,0,West Midlands Region,Lower Than A Level,20-Oct,0-35,0,60,0,Withdrawn,13,1,1,0,0,1,0,1,0,0,1,0,0,0,1,5
CCC,2014B,475556,0,East Midlands Region,A Level or Equivalent,90-100%,0-35,0,30,0,Withdrawn,10,0,0,1,0,1,0,0,1,0,0,1,0,1,0,1
CCC,2014B,475945,1,Yorkshire Region,HE Qualification,70-80%,35-55,0,90,0,Pass,6,0,1,0,0,0,1,0,1,1,1,0,1,0,0,9
CCC,2014B,476108,1,East Midlands Region,Lower Than A Level,80-90%,0-35,0,30,0,Distinction,12,0,0,1,1,0,1,0,1,1,1,1,0,0,1,7
CCC,2014B,476868,1,Wales,Lower Than A Level,20-Oct,35-55,0,60,1,Withdrawn,8,0,1,0,0,0,1,1,1,0,1,0,0,1,1,3
CCC,2014B,476937,0,South East Region,Lower Than A Level,60-70%,35-55,0,60,0,Fail,11,1,1,1,1,0,1,0,0,1,1,0,0,1,0,6
CCC,2014B,477067,1,South Region,A Level or Equivalent,80-90%,0-35,0,30,0,Pass,15,1,1,0,1,1,0,1,1,0,1,0,0,0,1,10
CCC,2014B,478025,0,South West Region,No Formal quals,20-30%,0-35,0,60,0,Withdrawn,2,0,1,0,0,1,1,0,1,0,1,1,1,0,1,2
CCC,2014B,478212,0,Scotland,HE Qualification,20-30%,0-35,0,90,0,Fail,9,0,1,0,1,0,0,1,1,0,1,1,1,1,1,4
CCC,2014B,478550,0,East Anglian Region,A Level or Equivalent,20-Oct,0-35,0,60,0,Fail,14,0,1,0,1,1,0,0,1,0,0,0,1,0,0,5
CCC,2014B,478977,1,North Western Region,HE Qualification,0-10%,0-35,0,60,0,Withdrawn,16,0,0,0,1,1,0,0,0,0,1,1,1,1,0,10
CCC,2014B,479607,0,Wales,A Level or Equivalent,20-30%,35-55,0,180,0,Fail,10,0,0,1,1,1,1,0,1,0,0,0,1,1,1,1
CCC,2014B,479714,0,Yorkshire Region,Lower Than A Level,60-70%,0-35,0,90,0,Withdrawn,10,1,1,0,1,0,1,1,1,0,0,1,1,1,1,1
CCC,2014B,479725,0,North Western Region,Lower Than A Level,20-30%,0-35,0,60,0,Fail,8,1,1,1,1,1,1,0,1,1,0,1,0,0,1,3
CCC,2014B,479753,1,Scotland,A Level or Equivalent,20-30%,0-35,0,60,1,Withdrawn,7,0,1,1,0,0,1,0,0,0,0,0,1,0,1,3
CCC,2014B,480604,0,North Western Region,A Level or Equivalent,60-70%,35-55,0,45,0,Withdrawn,12,1,1,0,0,1,1,0,1,0,1,0,0,1,0,7
CCC,2014B,480928,0,Yorkshire Region,Lower Than A Level,90-100%,0-35,0,150,1,Withdrawn,12,0,0,1,0,1,1,1,0,1,1,1,0,0,1,7
CCC,2014B,480929,0,South West Region,HE Qualification,60-70%,35-55,0,60,0,Distinction,4,1,1,0,0,0,0,0,0,1,1,1,1,0,1,8
CCC,2014B,480943,0,South Region,Lower Than A Level,90-100%,0-35,0,30,0,Pass,1,0,1,0,1,0,1,0,0,0,1,1,1,0,0,2
CCC,2014B,481024,1,London Region,A Level or Equivalent,20-30%,35-55,0,90,0,Withdrawn,4,1,1,1,1,0,1,0,1,0,0,1,1,0,0,8
CCC,2014B,482280,0,East Anglian Region,Lower Than A Level,90-100%,0-35,0,60,0,Pass,11,1,0,1,0,1,0,1,0,0,1,0,0,1,0,6
CCC,2014B,482745,0,South East Region,A Level or Equivalent,70-80%,0-35,0,60,0,Fail,6,0,0,0,0,1,1,1,1,1,1,1,1,1,1,9
CCC,2014B,483108,1,North Western Region,A Level or Equivalent,80-90%,0-35,0,120,0,Withdrawn,7,0,1,0,1,1,0,0,0,0,1,0,1,0,0,3
CCC,2014B,483267,0,West Midlands Region,HE Qualification,80-90%,35-55,0,60,0,Withdrawn,3,0,0,1,1,0,1,0,0,0,1,0,0,1,1,8
CCC,2014B,483275,0,South East Region,A Level or Equivalent,80-90%,0-35,0,90,0,Pass,5,1,1,0,0,1,0,0,1,1,1,1,1,1,0,9
CCC,2014B,483666,1,Wales,Lower Than A Level,60-70%,35-55,0,60,0,Withdrawn,9,0,1,0,1,1,1,0,1,1,1,1,1,0,0,4
CCC,2014B,484174,0,South West Region,Lower Than A Level,20-30%,0-35,0,90,0,Withdrawn,2,0,0,1,0,0,0,0,1,0,0,0,1,0,0,2
CCC,2014B,484305,0,East Anglian Region,Lower Than A Level,20-Oct,0-35,0,150,0,Withdrawn,12,1,0,0,1,1,0,0,0,1,1,0,1,1,0,7
CCC,2014B,484464,1,London Region,No Formal quals,20-Oct,0-35,0,60,0,Pass,9,0,1,0,0,1,1,1,0,0,1,0,0,0,1,4
CCC,2014B,484787,1,North Western Region,A Level or Equivalent,70-80%,0-35,0,90,0,Withdrawn,12,1,0,0,0,0,1,0,1,0,1,0,1,0,0,7
CCC,2014B,485312,0,Scotland,HE Qualification,80-90%,0-35,0,90,0,Distinction,12,1,0,1,0,0,0,1,0,1,0,1,0,0,0,7
CCC,2014B,485374,1,Scotland,A Level or Equivalent,60-70%,0-35,0,60,0,Pass,1,1,1,0,0,1,1,1,0,0,1,1,1,0,1,2
CCC,2014B,485594,1,West Midlands Region,A Level or Equivalent,30-40%,0-35,0,180,0,Withdrawn,3,1,1,0,1,0,1,0,1,1,1,0,0,1,0,8
CCC,2014B,485604,1,London Region,A Level or Equivalent,20-30%,0-35,0,30,0,Distinction,6,1,0,0,0,0,0,0,1,0,0,1,0,0,1,9
CCC,2014B,485944,0,North Western Region,Lower Than A Level,40-50%,0-35,0,30,0,Fail,3,1,1,0,0,0,1,0,0,1,0,0,0,0,1,8
CCC,2014B,486378,0,East Midlands Region,Lower Than A Level,50-60%,0-35,0,120,0,Withdrawn,4,1,1,0,0,1,0,0,1,1,1,1,1,1,0,8
CCC,2014B,486737,0,North Western Region,Lower Than A Level,20-Oct,0-35,0,60,1,Withdrawn,1,1,1,1,1,0,0,0,1,1,1,1,0,1,1,2
CCC,2014B,487494,0,South Region,No Formal quals,50-60%,0-35,0,60,0,Withdrawn,13,1,0,0,1,0,0,1,1,0,0,0,0,1,0,5
CCC,2014B,487570,1,East Anglian Region,A Level or Equivalent,90-100%,35-55,0,60,0,Withdrawn,4,1,1,0,1,0,1,0,1,0,1,0,1,1,1,8
CCC,2014B,487629,0,North Western Region,A Level or Equivalent,20-Oct,0-35,0,30,0,Fail,1,0,0,1,1,0,1,0,1,1,0,1,1,0,0,2
CCC,2014B,488431,0,North Region,Lower Than A Level,,0-35,0,90,1,Pass,10,0,0,0,0,0,1,0,0,1,1,1,1,0,1,1
CCC,2014B,489309,0,North Region,A Level or Equivalent,,35-55,0,120,0,Withdrawn,14,0,1,1,0,1,0,1,0,1,1,0,0,1,0,5
CCC,2014B,489929,0,South East Region,Lower Than A Level,60-70%,35-55,0,60,0,Pass,5,0,0,1,1,0,1,1,0,1,0,1,0,0,0,9
CCC,2014B,490024,0,South Region,A Level or Equivalent,70-80%,0-35,0,90,0,Pass,9,1,0,1,1,1,1,1,1,1,0,0,1,1,1,4
CCC,2014B,490081,0,East Anglian Region,Lower Than A Level,50-60%,0-35,0,75,0,Pass,15,1,1,1,1,0,0,0,0,0,1,1,1,1,0,10
CCC,2014B,490282,0,South East Region,A Level or Equivalent,60-70%,35-55,0,60,1,Pass,7,1,1,0,0,0,1,1,0,0,1,1,1,0,1,3
CCC,2014B,490297,0,Scotland,Lower Than A Level,20-Oct,0-35,0,150,1,Withdrawn,10,0,1,1,1,0,0,0,0,1,0,1,1,0,1,1
CCC,2014B,490587,0,Wales,Lower Than A Level,20-30%,0-35,0,120,1,Fail,14,0,0,0,0,0,1,1,1,0,0,0,0,1,0,5
CCC,2014B,490662,0,South West Region,A Level or Equivalent,50-60%,0-35,0,60,0,Fail,2,0,1,1,1,1,1,0,0,1,0,1,0,0,1,2
CCC,2014B,490665,0,Scotland,HE Qualification,20-30%,0-35,0,120,1,Withdrawn,3,1,0,1,0,0,1,1,1,0,0,1,1,0,0,8
CCC,2014B,490768,0,Yorkshire Region,Lower Than A Level,50-60%,0-35,0,60,0,Withdrawn,4,0,1,1,0,0,1,1,0,0,0,0,0,1,1,8
CCC,2014B,490769,1,South East Region,A Level or Equivalent,50-60%,0-35,0,60,0,Withdrawn,8,1,1,0,0,1,0,0,1,1,0,0,0,0,0,3
CCC,2014B,491170,0,London Region,A Level or Equivalent,20-Oct,0-35,0,30,0,Withdrawn,6,1,0,1,0,1,1,1,1,0,0,1,0,1,0,9
CCC,2014B,491232,0,South East Region,Lower Than A Level,50-60%,0-35,0,60,1,Fail,11,1,0,1,1,1,1,1,1,1,0,0,1,0,0,6
CCC,2014B,491742,0,North Western Region,Lower Than A Level,50-60%,0-35,0,60,0,Fail,11,0,1,1,0,1,0,0,1,0,0,1,1,0,0,6
CCC,2014B,491843,1,South East Region,Lower Than A Level,40-50%,0-35,0,30,1,Withdrawn,4,0,1,1,1,0,1,1,1,1,1,1,1,0,1,8
CCC,2014B,492357,0,East Midlands Region,A Level or Equivalent,70-80%,35-55,0,30,0,Withdrawn,6,0,0,1,1,1,1,1,1,1,1,1,1,0,1,9
CCC,2014B,492900,0,South West Region,A Level or Equivalent,70-80%,0-35,0,60,1,Pass,10,1,1,0,0,1,1,0,1,0,0,1,1,0,0,1
CCC,2014B,493793,0,South Region,A Level or Equivalent,40-50%,0-35,0,180,1,Withdrawn,13,1,1,0,0,0,1,0,1,0,0,0,1,0,0,5
CCC,2014B,493822,1,North Western Region,HE Qualification,20-30%,0-35,0,30,0,Withdrawn,13,1,1,0,0,1,1,0,1,1,1,1,1,0,1,5
CCC,2014B,493988,0,East Anglian Region,A Level or Equivalent,50-60%,0-35,0,60,0,Withdrawn,2,0,0,1,0,1,1,0,0,1,0,0,1,0,1,2
CCC,2014B,494389,1,London Region,A Level or Equivalent,30-40%,0-35,0,120,1,Fail,1,0,0,1,1,0,1,1,0,0,1,1,1,1,0,2
CCC,2014B,494919,1,Scotland,A Level or Equivalent,20-Oct,0-35,0,60,1,Pass,13,1,1,0,1,1,0,0,1,0,0,0,0,1,1,5
CCC,2014B,495320,0,West Midlands Region,Lower Than A Level,20-30%,0-35,0,60,0,Pass,14,1,0,0,0,1,0,1,1,0,0,0,1,1,0,5
CCC,2014B,496108,0,East Anglian Region,Lower Than A Level,60-70%,0-35,0,60,0,Withdrawn,14,0,1,0,1,0,1,0,0,0,1,1,0,0,0,5
CCC,2014B,497047,1,South East Region,Lower Than A Level,80-90%,0-35,0,60,0,Withdrawn,9,1,0,1,0,0,0,1,0,0,0,1,1,1,1,4
CCC,2014B,497080,0,South East Region,Lower Than A Level,90-100%,0-35,0,30,0,Withdrawn,12,0,0,0,1,0,0,0,1,0,1,1,1,0,0,7
CCC,2014B,498043,0,Yorkshire Region,A Level or Equivalent,60-70%,0-35,0,60,0,Fail,4,1,1,0,0,0,1,0,0,1,1,0,1,1,0,8
CCC,2014B,498138,0,Ireland,Lower Than A Level,70-80%,0-35,0,60,0,Fail,14,0,0,1,1,0,0,1,1,0,0,1,1,0,1,5
CCC,2014B,498225,0,South Region,HE Qualification,70-80%,35-55,0,90,0,Withdrawn,15,0,0,0,1,1,1,0,0,0,1,1,1,0,0,10
CCC,2014B,498741,0,Yorkshire Region,HE Qualification,0-10%,0-35,0,30,0,Fail,13,0,0,0,1,1,0,1,0,0,0,1,0,1,1,5
CCC,2014B,500001,0,East Anglian Region,HE Qualification,40-50%,0-35,0,60,0,Withdrawn,5,0,1,1,1,1,0,0,0,1,1,0,1,0,1,9
CCC,2014B,500006,0,Yorkshire Region,A Level or Equivalent,20-30%,0-35,0,60,1,Fail,6,0,0,0,0,0,1,1,0,1,0,0,1,0,1,9
CCC,2014B,500189,0,Scotland,A Level or Equivalent,80-90%,0-35,0,60,0,Withdrawn,6,1,1,1,0,0,1,0,0,0,0,1,1,1,0,9
CCC,2014B,500597,0,West Midlands Region,A Level or Equivalent,0-10%,35-55,0,30,0,Fail,12,0,1,1,1,0,1,1,0,1,1,0,0,0,0,7
CCC,2014B,501339,0,South West Region,Lower Than A Level,20-30%,0-35,0,30,1,Withdrawn,13,1,0,1,0,1,1,1,0,1,0,0,1,1,0,5
CCC,2014B,501443,0,West Midlands Region,HE Qualification,20-30%,0-35,0,30,0,Fail,4,1,0,1,0,0,1,0,1,0,1,0,1,1,0,8
CCC,2014B,501652,1,Wales,A Level or Equivalent,50-60%,0-35,0,120,0,Fail,13,0,0,0,1,0,0,0,0,0,0,1,0,0,1,5
CCC,2014B,502465,0,North Western Region,A Level or Equivalent,20-Oct,35-55,0,30,0,Pass,2,1,1,1,1,0,0,0,1,1,1,1,0,1,0,2
CCC,2014B,502466,0,London Region,Lower Than A Level,0-10%,35-55,0,150,0,Withdrawn,12,1,1,1,1,0,1,0,0,0,0,1,0,1,0,7
CCC,2014B,502554,0,South Region,HE Qualification,90-100%,35-55,0,60,0,Distinction,3,1,1,0,0,1,1,1,1,1,1,0,1,0,1,8
CCC,2014B,502833,0,Scotland,Lower Than A Level,30-40%,0-35,0,90,0,Fail,8,0,1,1,0,1,0,0,0,1,1,0,1,0,0,3
CCC,2014B,502868,0,Yorkshire Region,A Level or Equivalent,70-80%,35-55,0,60,0,Pass,9,0,0,1,1,1,0,0,0,1,0,0,1,0,1,4
CCC,2014B,502929,0,London Region,Lower Than A Level,20-Oct,35-55,0,60,0,Withdrawn,6,1,0,1,1,0,1,0,0,1,0,1,0,1,0,9
CCC,2014B,503469,0,Yorkshire Region,A Level or Equivalent,90-100%,0-35,0,90,0,Fail,15,1,0,0,0,1,1,0,0,1,0,1,0,1,0,10
CCC,2014B,503872,0,North Western Region,A Level or Equivalent,70-80%,0-35,0,60,0,Withdrawn,12,0,0,1,1,0,0,0,0,1,1,0,1,1,0,7
CCC,2014B,504057,1,North Region,A Level or Equivalent,20-30%,0-35,0,60,1,Withdrawn,9,0,0,0,0,1,0,1,0,0,1,0,1,0,0,4
CCC,2014B,505235,0,East Midlands Region,HE Qualification,60-70%,0-35,0,30,0,Withdrawn,10,1,0,1,1,1,1,0,0,0,0,1,0,0,1,1
CCC,2014B,505520,0,East Anglian Region,A Level or Equivalent,70-80%,0-35,0,90,0,Withdrawn,12,1,0,0,1,0,1,0,1,1,0,0,1,0,1,7
CCC,2014B,505767,0,Scotland,HE Qualification,30-40%,0-35,0,60,0,Pass,6,0,0,1,0,0,0,1,0,0,1,1,0,1,1,9
CCC,2014B,505815,0,Yorkshire Region,A Level or Equivalent,40-50%,0-35,0,90,1,Withdrawn,11,1,1,1,0,1,0,0,1,0,0,1,0,1,0,6
CCC,2014B,505967,1,East Midlands Region,Lower Than A Level,30-40%,35-55,0,90,0,Withdrawn,13,1,0,0,1,1,0,0,0,0,0,1,0,0,1,5
CCC,2014B,506206,1,North Western Region,Lower Than A Level,40-50%,0-35,0,30,1,Distinction,12,0,0,0,1,0,1,1,1,1,0,0,0,1,0,7
CCC,2014B,506380,0,South Region,HE Qualification,90-100%,35-55,0,60,0,Withdrawn,4,1,0,1,1,1,0,1,0,0,1,0,0,0,1,8
CCC,2014B,507034,0,South Region,Post Graduate Qualification,90-100%,35-55,0,60,0,Pass,1,0,1,1,1,0,0,0,0,0,1,0,0,1,0,2
CCC,2014B,507388,0,North Western Region,HE Qualification,50-60%,35-55,0,30,0,Withdrawn,10,0,1,1,0,1,1,1,1,1,1,0,0,1,0,1
CCC,2014B,507523,0,Scotland,HE Qualification,80-90%,0-35,0,60,0,Pass,7,0,0,1,1,1,1,0,1,1,1,1,0,0,1,3
CCC,2014B,507671,1,North Western Region,A Level or Equivalent,20-30%,0-35,0,60,0,Withdrawn,16,0,1,1,0,0,1,1,1,1,1,0,0,1,0,10
CCC,2014B,507801,0,Yorkshire Region,A Level or Equivalent,20-Oct,0-35,0,30,0,Withdrawn,15,1,0,0,1,1,0,0,0,0,1,1,0,0,0,10
CCC,2014B,508025,1,West Midlands Region,A Level or Equivalent,70-80%,0-35,0,120,0,Withdrawn,7,1,0,0,0,1,1,1,1,1,1,0,1,0,0,3
CCC,2014B,508848,0,West Midlands Region,A Level or Equivalent,40-50%,35-55,0,120,0,Withdrawn,15,0,1,1,1,0,0,0,0,0,1,0,1,1,0,10
CCC,2014B,509029,1,North Region,A Level or Equivalent,0-10%,0-35,0,60,0,Pass,11,1,0,0,0,0,0,0,0,1,0,0,0,1,1,6
CCC,2014B,509102,0,South East Region,A Level or Equivalent,70-80%,0-35,0,150,0,Pass,6,0,0,1,1,0,0,0,0,1,0,1,0,0,0,9
CCC,2014B,509122,0,West Midlands Region,A Level or Equivalent,20-Oct,0-35,0,30,0,Withdrawn,6,0,0,1,1,1,0,1,0,0,1,1,0,1,1,9
CCC,2014B,509183,1,East Midlands Region,Lower Than A Level,70-80%,35-55,0,120,0,Distinction,9,1,1,0,0,0,0,0,0,0,1,1,0,0,0,4
CCC,2014B,509649,0,London Region,A Level or Equivalent,30-40%,0-35,0,60,0,Fail,14,1,0,1,1,1,0,0,0,0,1,0,1,1,0,5
CCC,2014B,509839,0,North Region,Post Graduate Qualification,,0-35,0,30,0,Pass,16,1,1,1,1,0,1,1,0,0,1,1,0,1,0,10
CCC,2014B,510070,1,Scotland,HE Qualification,20-30%,0-35,0,90,0,Withdrawn,2,0,1,0,0,0,0,0,1,0,0,0,1,0,1,2
CCC,2014B,510694,0,North Western Region,Lower Than A Level,40-50%,0-35,0,60,0,Withdrawn,1,0,1,0,1,1,0,1,0,1,1,0,1,0,0,2
CCC,2014B,510914,0,Wales,HE Qualification,60-70%,35-55,0,60,0,Withdrawn,4,1,1,1,1,1,0,0,1,0,1,1,1,0,0,8
CCC,2014B,511473,1,Scotland,A Level or Equivalent,60-70%,0-35,0,60,0,Pass,4,1,0,1,1,1,1,1,0,1,0,0,1,1,0,8
CCC,2014B,511657,0,South Region,A Level or Equivalent,80-90%,0-35,0,60,0,Fail,6,1,1,0,1,0,0,0,0,1,0,1,1,0,0,9
CCC,2014B,512353,0,East Anglian Region,A Level or Equivalent,30-40%,0-35,0,150,0,Fail,14,0,1,0,1,1,0,1,1,1,1,0,0,1,1,5
CCC,2014B,512475,0,Scotland,Post Graduate Qualification,90-100%,35-55,0,30,0,Distinction,11,1,1,1,0,1,0,1,0,1,1,1,0,1,1,6
CCC,2014B,512582,0,North Region,Lower Than A Level,80-90%,0-35,0,60,0,Withdrawn,8,0,1,1,1,0,0,1,1,1,1,0,0,1,1,3
CCC,2014B,513638,1,London Region,A Level or Equivalent,0-10%,0-35,0,60,0,Distinction,9,0,1,0,0,1,0,1,1,0,0,0,0,0,1,4
CCC,2014B,513854,0,East Anglian Region,Lower Than A Level,20-Oct,35-55,0,90,0,Withdrawn,11,1,1,1,0,1,1,0,0,0,0,0,0,1,0,6
CCC,2014B,513934,0,London Region,Lower Than A Level,50-60%,0-35,0,60,0,Withdrawn,2,1,1,1,0,1,1,1,1,0,1,0,0,1,0,2
CCC,2014B,513969,1,South East Region,A Level or Equivalent,40-50%,0-35,0,90,0,Withdrawn,16,0,1,0,0,1,1,0,0,1,1,1,0,1,0,10
CCC,2014B,513997,0,South East Region,Lower Than A Level,50-60%,0-35,0,60,0,Withdrawn,15,1,0,0,1,0,1,1,0,0,0,0,1,1,0,10
CCC,2014B,514000,0,East Midlands Region,A Level or Equivalent,20-Oct,0-35,0,30,0,Fail,3,1,0,1,0,1,0,0,1,0,0,0,1,1,1,8
CCC,2014B,514186,1,Scotland,HE Qualification,50-60%,35-55,0,90,1,Fail,11,0,0,1,0,1,0,0,0,0,0,1,1,1,1,6
CCC,2014B,515046,0,South West Region,Lower Than A Level,30-40%,0-35,0,60,1,Pass,1,1,0,0,1,0,0,0,0,0,0,0,0,0,0,2
CCC,2014B,515107,0,North Region,A Level or Equivalent,,35-55,0,60,0,Pass,8,0,0,0,0,0,1,1,1,0,1,0,0,1,0,3
CCC,2014B,515278,0,London Region,A Level or Equivalent,20-30%,35-55,0,30,0,Fail,15,0,1,1,0,0,1,1,0,1,1,1,1,0,1,10
CCC,2014B,515515,0,South West Region,A Level or Equivalent,70-80%,35-55,0,60,0,Fail,6,0,1,0,1,0,0,0,0,0,0,0,0,0,0,9
CCC,2014B,515774,0,Scotland,A Level or Equivalent,20-30%,35-55,0,60,0,Pass,13,1,0,1,0,1,1,0,1,0,0,0,1,1,0,5
CCC,2014B,515936,0,North Western Region,Lower Than A Level,0-10%,0-35,0,180,1,Withdrawn,7,1,1,0,1,0,1,0,0,0,0,0,0,0,0,3
CCC,2014B,516024,0,South Region,Lower Than A Level,40-50%,0-35,0,60,0,Pass,9,1,0,1,1,0,0,1,1,0,1,0,1,1,0,4
CCC,2014B,516238,0,South West Region,Lower Than A Level,20-30%,0-35,0,60,0,Distinction,4,1,1,0,0,0,1,0,0,0,1,0,0,1,1,8
CCC,2014B,516496,0,Scotland,Lower Than A Level,70-80%,0-35,0,30,0,Pass,1,1,0,0,0,1,0,0,0,0,1,0,0,1,1,2
CCC,2014B,516685,0,West Midlands Region,A Level or Equivalent,20-Oct,0-35,0,60,0,Withdrawn,13,1,0,1,0,0,1,0,1,0,1,1,1,0,0,5
CCC,2014B,516726,0,East Anglian Region,A Level or Equivalent,80-90%,0-35,0,60,0,Distinction,14,1,1,0,1,0,1,1,0,0,1,1,1,0,0,5
CCC,2014B,517999,1,North Region,Lower Than A Level,,35-55,0,40,0,Distinction,9,0,0,0,0,1,1,1,1,1,1,1,0,1,1,4
CCC,2014B,518116,0,South Region,Lower Than A Level,20-Oct,0-35,0,60,0,Fail,2,1,0,0,0,1,0,1,1,1,1,0,0,1,0,2
CCC,2014B,518330,1,South West Region,A Level or Equivalent,60-70%,0-35,0,90,0,Withdrawn,5,1,0,1,1,0,0,0,1,0,1,1,1,1,1,9
CCC,2014B,518363,0,South East Region,HE Qualification,80-90%,0-35,0,150,0,Pass,10,1,1,1,0,0,1,0,1,1,0,0,0,1,0,1
CCC,2014B,518862,0,East Anglian Region,A Level or Equivalent,30-40%,0-35,0,60,0,Pass,11,1,0,1,0,0,0,0,1,0,0,1,1,0,0,6
CCC,2014B,519544,1,West Midlands Region,Lower Than A Level,30-40%,0-35,0,60,0,Pass,10,1,0,0,0,1,1,0,1,1,0,0,0,1,0,1
CCC,2014B,519589,0,Wales,A Level or Equivalent,20-30%,0-35,0,60,0,Fail,8,1,1,1,0,1,1,1,0,0,0,1,1,0,0,3
CCC,2014B,520332,0,Scotland,A Level or Equivalent,20-Oct,0-35,0,60,0,Withdrawn,15,1,0,1,1,1,0,1,1,0,0,0,0,1,1,10
CCC,2014B,520377,1,South Region,A Level or Equivalent,60-70%,0-35,0,30,0,Pass,10,0,0,1,1,1,0,1,0,0,0,0,0,0,0,1
CCC,2014B,520588,0,East Anglian Region,Lower Than A Level,60-70%,35-55,0,60,0,Fail,10,0,0,1,1,0,1,1,0,0,1,0,0,1,0,1
CCC,2014B,521051,0,North Western Region,A Level or Equivalent,20-Oct,0-35,0,60,0,Pass,9,1,0,0,0,0,0,0,0,0,0,0,1,1,0,4
CCC,2014B,521297,0,South East Region,A Level or Equivalent,30-40%,0-35,0,60,1,Pass,1,1,1,1,0,1,0,1,1,0,0,1,1,1,1,2
CCC,2014B,521542,0,Scotland,A Level or Equivalent,60-70%,35-55,0,90,0,Fail,16,1,1,0,1,1,0,0,0,0,1,1,0,1,1,10
CCC,2014B,521601,1,East Anglian Region,A Level or Equivalent,50-60%,0-35,0,60,0,Withdrawn,10,0,1,1,1,0,1,1,1,1,0,1,1,0,0,1
CCC,2014B,521614,0,South Region,HE Qualification,80-90%,35-55,0,60,0,Distinction,10,1,0,0,0,1,0,1,0,1,1,0,1,0,0,1
CCC,2014B,522312,0,Yorkshire Region,A Level or Equivalent,80-90%,0-35,0,90,0,Pass,13,1,0,1,1,1,1,1,0,1,1,1,1,1,0,5
CCC,2014B,522484,0,West Midlands Region,A Level or Equivalent,30-40%,0-35,0,60,0,Fail,2,1,1,1,1,1,0,1,0,0,0,0,1,1,1,2
CCC,2014B,522682,0,West Midlands Region,Lower Than A Level,0-10%,0-35,0,60,0,Withdrawn,3,1,1,0,1,0,0,0,1,1,0,0,1,1,1,8
CCC,2014B,523061,0,North Western Region,A Level or Equivalent,0-10%,0-35,0,120,0,Pass,1,0,1,1,0,1,1,1,1,1,0,1,1,0,0,2
CCC,2014B,523079,0,Ireland,A Level or Equivalent,90-100%,0-35,0,60,0,Pass,2,0,0,1,1,0,0,1,0,1,1,1,0,1,1,2
CCC,2014B,523239,0,Wales,Lower Than A Level,20-30%,0-35,0,60,0,Withdrawn,4,1,0,0,0,1,1,1,0,1,0,0,1,1,1,8
CCC,2014B,523271,1,Wales,HE Qualification,0-10%,35-55,0,30,0,Withdrawn,11,1,0,0,1,1,0,1,0,1,1,0,1,1,0,6
CCC,2014B,523335,0,Ireland,HE Qualification,50-60%,0-35,0,30,0,Withdrawn,12,0,1,0,1,1,0,0,1,1,1,0,0,1,1,7
CCC,2014B,523710,0,East Midlands Region,A Level or Equivalent,80-90%,0-35,0,30,0,Fail,5,0,1,0,1,1,1,0,1,1,0,1,1,1,0,9
CCC,2014B,524128,0,Scotland,Lower Than A Level,70-80%,0-35,0,60,0,Distinction,3,0,0,0,0,1,0,1,0,0,0,0,0,1,1,8
CCC,2014B,524295,1,West Midlands Region,A Level or Equivalent,40-50%,0-35,0,60,0,Pass,6,0,1,1,0,1,0,0,0,0,0,0,1,0,1,9
CCC,2014B,524378,1,North Western Region,A Level or Equivalent,40-50%,35-55,0,60,0,Pass,4,1,1,1,0,1,1,0,0,1,0,0,0,1,0,8
CCC,2014B,524386,0,West Midlands Region,A Level or Equivalent,70-80%,0-35,0,120,0,Fail,2,0,1,1,0,0,0,1,1,1,1,1,1,0,1,2
CCC,2014B,525332,0,London Region,Lower Than A Level,80-90%,0-35,0,60,1,Fail,5,1,0,0,1,0,0,1,1,0,1,1,0,1,1,9
CCC,2014B,525832,1,Scotland,HE Qualification,50-60%,35-55,0,60,0,Pass,13,1,0,1,1,1,1,1,0,0,1,0,1,1,0,5
CCC,2014B,526073,0,North Western Region,A Level or Equivalent,40-50%,0-35,0,60,0,Withdrawn,9,1,1,0,0,1,1,1,0,0,0,0,0,1,1,4
CCC,2014B,526235,0,Yorkshire Region,HE Qualification,40-50%,0-35,0,90,0,Withdrawn,7,0,0,1,1,1,1,1,0,0,0,0,1,1,1,3
CCC,2014B,526547,1,Wales,HE Qualification,20-30%,0-35,0,90,0,Withdrawn,11,1,1,1,1,0,0,1,0,1,0,0,0,1,0,6
CCC,2014B,526564,0,Wales,HE Qualification,40-50%,35-55,0,90,0,Withdrawn,7,1,0,0,1,1,1,0,1,1,0,0,0,0,1,3
CCC,2014B,526876,0,Scotland,Lower Than A Level,60-70%,0-35,0,60,0,Fail,1,1,0,0,0,0,1,0,1,0,1,1,0,1,0,2
CCC,2014B,526927,0,Scotland,A Level or Equivalent,20-Oct,0-35,0,120,0,Pass,11,1,0,0,1,0,1,1,0,0,1,0,0,0,0,6
CCC,2014B,527771,0,Yorkshire Region,Lower Than A Level,40-50%,0-35,0,60,0,Fail,2,0,0,0,0,0,1,0,1,0,0,0,1,1,0,2
CCC,2014B,527826,1,Wales,HE Qualification,30-40%,0-35,0,90,0,Distinction,14,0,1,0,0,0,0,0,1,0,1,0,0,1,0,5
CCC,2014B,527964,0,East Anglian Region,A Level or Equivalent,90-100%,0-35,0,30,0,Pass,14,1,1,1,1,0,1,0,0,0,0,0,0,1,1,5
CCC,2014B,528021,0,South Region,Lower Than A Level,90-100%,0-35,0,60,0,Withdrawn,16,0,0,0,1,1,1,1,1,0,0,1,1,1,0,10
CCC,2014B,528023,0,West Midlands Region,Lower Than A Level,20-30%,0-35,0,90,0,Fail,10,0,1,1,1,1,1,0,1,1,0,1,0,1,0,1
CCC,2014B,528066,0,Ireland,HE Qualification,70-80%,35-55,0,60,0,Pass,7,1,1,0,1,1,0,1,0,0,0,1,1,1,1,3
CCC,2014B,528083,0,South East Region,A Level or Equivalent,90-100%,0-35,0,60,0,Withdrawn,8,1,0,1,0,1,0,0,1,0,0,0,0,0,0,3
CCC,2014B,528892,0,South West Region,A Level or Equivalent,30-40%,0-35,0,90,0,Pass,2,1,1,1,0,1,0,1,0,0,0,1,0,1,1,2
CCC,2014B,529025,0,South Region,A Level or Equivalent,30-40%,35-55,0,60,0,Pass,5,0,1,1,0,1,0,0,0,0,1,1,0,0,0,9
CCC,2014B,529073,0,North Western Region,Lower Than A Level,60-70%,0-35,0,90,0,Withdrawn,10,0,0,0,1,1,0,0,0,1,1,0,1,1,1,1
CCC,2014B,529078,0,South Region,HE Qualification,60-70%,0-35,0,60,0,Fail,8,1,1,1,1,0,1,1,0,1,0,0,0,1,1,3
CCC,2014B,529153,0,South Region,Lower Than A Level,40-50%,0-35,0,30,0,Withdrawn,11,1,1,0,1,1,1,1,0,0,0,0,0,1,0,6
CCC,2014B,529434,0,East Anglian Region,Lower Than A Level,80-90%,0-35,0,30,0,Pass,11,0,1,0,0,1,0,0,1,1,0,0,1,1,1,6
CCC,2014B,530113,0,South West Region,A Level or Equivalent,50-60%,0-35,0,120,0,Withdrawn,7,0,1,0,1,1,1,0,0,0,1,0,0,0,1,3
CCC,2014B,530270,0,South Region,A Level or Equivalent,50-60%,0-35,0,150,0,Withdrawn,11,0,0,1,0,0,1,0,0,1,1,1,0,0,1,6
CCC,2014B,530481,0,South Region,Lower Than A Level,50-60%,0-35,0,30,0,Withdrawn,2,0,0,0,0,1,1,0,1,0,1,0,1,0,0,2
CCC,2014B,530650,0,London Region,HE Qualification,20-Oct,0-35,0,90,0,Pass,3,1,1,1,1,0,1,0,1,1,0,1,0,0,1,8
CCC,2014B,530936,0,North Western Region,A Level or Equivalent,70-80%,0-35,0,30,0,Withdrawn,10,0,0,1,1,0,0,0,0,1,1,1,0,1,1,1
CCC,2014B,531047,0,South West Region,Lower Than A Level,80-90%,0-35,0,60,0,Withdrawn,8,1,0,1,0,1,1,0,0,1,1,1,1,1,1,3
CCC,2014B,531075,0,North Region,Lower Than A Level,20-30%,35-55,0,60,0,Withdrawn,16,1,1,0,1,0,1,0,1,0,0,1,1,1,1,10
CCC,2014B,532020,0,Scotland,HE Qualification,30-40%,0-35,0,90,0,Pass,3,1,1,0,1,0,0,1,0,1,1,0,0,1,0,8
CCC,2014B,532252,0,Ireland,Lower Than A Level,,35-55,0,30,0,Withdrawn,7,1,0,1,0,1,0,1,0,1,0,0,0,0,0,3
CCC,2014B,532350,0,South Region,HE Qualification,90-100%,35-55,0,30,0,Pass,6,1,0,0,1,1,0,1,0,0,1,0,0,1,1,9
CCC,2014B,532440,0,South East Region,Lower Than A Level,60-70%,0-35,0,150,0,Withdrawn,7,0,0,0,0,1,0,0,1,0,0,1,1,0,0,3
CCC,2014B,532531,0,London Region,Lower Than A Level,0-10%,0-35,0,120,0,Fail,8,1,0,1,1,1,1,0,0,1,0,1,0,0,1,3
CCC,2014B,532565,0,Yorkshire Region,Lower Than A Level,90-100%,0-35,0,120,0,Withdrawn,1,0,1,0,1,0,1,0,1,1,1,1,0,1,0,2
CCC,2014B,532718,0,North Western Region,HE Qualification,20-30%,35-55,0,30,0,Pass,10,0,0,0,0,1,1,0,0,0,0,0,0,1,1,1
CCC,2014B,532859,0,Scotland,HE Qualification,20-30%,0-35,0,180,0,Fail,11,0,1,0,1,1,1,0,1,0,1,1,0,1,1,6
CCC,2014B,533004,0,West Midlands Region,HE Qualification,20-30%,0-35,0,60,0,Fail,6,1,0,1,0,0,1,0,0,1,1,1,0,0,0,9
CCC,2014B,533311,0,South East Region,A Level or Equivalent,30-40%,0-35,0,60,0,Withdrawn,5,0,1,0,1,0,1,1,0,1,1,1,1,0,1,9
CCC,2014B,534047,0,Ireland,HE Qualification,,35-55,0,30,0,Withdrawn,12,1,0,0,0,0,0,1,1,1,0,0,1,0,1,7
CCC,2014B,534074,0,East Anglian Region,HE Qualification,70-80%,35-55,0,60,0,Withdrawn,10,1,0,1,0,0,1,0,1,1,1,1,0,0,1,1
CCC,2014B,535047,0,South East Region,A Level or Equivalent,30-40%,0-35,0,30,0,Pass,9,1,1,1,0,0,1,1,1,0,1,0,1,1,0,4
CCC,2014B,535590,0,North Western Region,Lower Than A Level,30-40%,0-35,0,90,1,Withdrawn,7,1,1,0,1,0,1,1,0,0,1,1,0,1,1,3
CCC,2014B,535682,0,Wales,Lower Than A Level,50-60%,0-35,0,30,0,Fail,4,0,1,1,1,0,0,1,1,1,1,1,0,1,1,8
CCC,2014B,536032,0,Wales,A Level or Equivalent,20-30%,0-35,0,30,0,Fail,14,0,0,0,0,0,1,1,1,0,1,0,1,1,1,5
CCC,2014B,536170,0,North Western Region,HE Qualification,90-100%,35-55,0,90,0,Distinction,12,0,1,1,0,1,0,1,1,1,1,1,0,0,1,7
CCC,2014B,536261,0,West Midlands Region,A Level or Equivalent,40-50%,0-35,0,60,0,Pass,10,1,0,0,0,1,1,1,0,0,0,0,1,1,1,1
CCC,2014B,536435,0,North Western Region,A Level or Equivalent,20-Oct,0-35,0,90,0,Fail,5,0,0,1,1,0,1,1,1,1,1,1,0,1,0,9
CCC,2014B,536536,0,North Region,Lower Than A Level,,0-35,0,60,0,Withdrawn,13,1,0,1,1,1,1,0,0,1,1,1,1,1,1,5
CCC,2014B,537322,0,Scotland,A Level or Equivalent,70-80%,35-55,0,90,0,Pass,3,0,1,1,1,1,0,1,0,0,1,0,1,0,0,8
CCC,2014B,537603,0,East Anglian Region,Lower Than A Level,60-70%,0-35,0,60,0,Fail,4,0,0,1,1,0,0,0,0,1,1,0,0,0,1,8
CCC,2014B,537606,1,London Region,A Level or Equivalent,60-70%,0-35,0,60,0,Fail,8,0,0,0,1,0,1,0,0,1,0,0,0,1,1,3
CCC,2014B,537622,1,North Western Region,A Level or Equivalent,0-10%,0-35,0,90,1,Withdrawn,13,0,1,1,0,0,1,0,0,0,1,0,0,0,0,5
CCC,2014B,537654,0,North Region,A Level or Equivalent,40-50%,0-35,0,30,1,Withdrawn,4,1,1,1,0,0,1,1,1,0,0,0,0,1,1,8
CCC,2014B,537658,1,Wales,Lower Than A Level,20-30%,0-35,0,90,0,Fail,5,1,0,1,1,0,0,1,1,1,0,1,1,0,0,9
CCC,2014B,538887,0,South West Region,Lower Than A Level,80-90%,35-55,0,60,0,Withdrawn,10,1,1,0,1,1,0,0,0,1,0,0,1,1,0,1
CCC,2014B,539328,0,Ireland,A Level or Equivalent,0-10%,0-35,0,60,0,Withdrawn,15,1,0,0,1,1,0,0,1,0,0,0,1,0,0,10
CCC,2014B,539514,1,North Region,Lower Than A Level,,0-35,0,30,0,Fail,1,0,1,1,1,1,0,0,1,1,0,0,1,0,0,2
CCC,2014B,539695,0,North Western Region,Lower Than A Level,30-40%,0-35,0,60,1,Withdrawn,4,0,1,1,1,0,0,1,1,1,1,0,0,0,1,8
CCC,2014B,539784,0,London Region,A Level or Equivalent,90-100%,0-35,0,60,0,Pass,5,0,1,1,0,1,1,1,1,1,0,0,1,1,1,9
CCC,2014B,539971,1,Wales,HE Qualification,0-10%,0-35,0,90,0,Pass,13,1,0,1,0,0,0,0,0,1,0,0,0,1,0,5
CCC,2014B,540509,0,South East Region,Lower Than A Level,30-40%,0-35,0,60,0,Withdrawn,9,1,1,0,1,1,0,0,0,1,0,0,0,0,0,4
CCC,2014B,540686,0,North Western Region,Lower Than A Level,20-Oct,0-35,0,60,0,Pass,11,0,1,0,1,0,0,1,1,0,0,0,0,1,1,6
CCC,2014B,540937,0,Yorkshire Region,HE Qualification,0-10%,0-35,0,60,0,Withdrawn,1,0,1,0,1,0,1,0,0,1,1,1,1,0,0,2
CCC,2014B,541003,0,South Region,A Level or Equivalent,90-100%,0-35,0,60,0,Fail,11,0,1,1,0,1,1,1,1,1,0,0,0,1,0,6
CCC,2014B,541184,0,North Region,A Level or Equivalent,20-Oct,0-35,0,30,0,Withdrawn,14,1,1,0,1,1,0,1,0,0,0,1,0,0,1,5
CCC,2014B,542050,0,West Midlands Region,HE Qualification,60-70%,0-35,0,60,0,Withdrawn,14,1,0,0,0,1,1,1,0,0,0,0,0,0,1,5
CCC,2014B,542721,1,West Midlands Region,A Level or Equivalent,30-40%,0-35,0,60,0,Fail,9,1,1,1,1,0,1,0,0,0,0,1,0,1,0,4
CCC,2014B,543170,0,North Western Region,Lower Than A Level,0-10%,0-35,0,90,1,Pass,13,1,1,0,1,1,1,0,1,0,1,0,1,1,0,5
CCC,2014B,543417,0,East Midlands Region,A Level or Equivalent,0-10%,0-35,0,60,0,Withdrawn,7,0,1,0,0,0,1,1,0,0,1,1,1,1,0,3
CCC,2014B,543475,0,South West Region,A Level or Equivalent,60-70%,0-35,0,60,0,Fail,15,0,1,0,0,1,0,1,1,1,1,0,1,0,1,10
CCC,2014B,543571,0,North Region,Lower Than A Level,70-80%,0-35,0,60,0,Withdrawn,16,1,1,0,1,0,1,0,1,0,1,1,0,1,1,10
CCC,2014B,543628,0,North Western Region,HE Qualification,0-10%,35-55,0,90,0,Withdrawn,13,1,0,1,1,1,0,1,1,1,1,0,0,0,0,5
CCC,2014B,543678,0,London Region,A Level or Equivalent,0-10%,0-35,0,90,0,Pass,8,1,0,1,1,1,1,0,0,0,0,1,0,0,0,3
CCC,2014B,543924,0,South Region,A Level or Equivalent,20-Oct,0-35,0,60,0,Fail,8,1,0,0,0,0,1,0,1,0,1,0,0,1,0,3
CCC,2014B,543948,0,South West Region,Lower Than A Level,30-40%,0-35,0,60,0,Pass,2,1,0,1,1,1,1,1,1,1,0,1,0,1,0,2
CCC,2014B,544075,0,North Region,A Level or Equivalent,,35-55,0,30,0,Withdrawn,16,0,0,0,1,0,0,0,1,1,0,0,0,0,1,10
CCC,2014B,544090,0,South East Region,A Level or Equivalent,30-40%,0-35,0,120,0,Fail,12,0,1,1,0,1,0,1,1,0,1,0,1,1,1,7
CCC,2014B,544467,0,Yorkshire Region,Lower Than A Level,60-70%,35-55,0,60,0,Withdrawn,13,0,0,0,1,0,1,0,1,0,1,1,0,1,1,5
CCC,2014B,544490,0,South Region,A Level or Equivalent,90-100%,0-35,0,90,0,Pass,9,1,1,1,1,0,0,1,0,1,1,0,0,1,0,4
CCC,2014B,544594,0,London Region,A Level or Equivalent,90-100%,0-35,0,90,0,Distinction,14,0,0,0,0,1,0,1,0,1,1,1,0,1,1,5
CCC,2014B,544791,0,Scotland,A Level or Equivalent,20-30%,0-35,0,60,0,Withdrawn,8,1,1,0,1,1,0,0,0,0,0,1,1,1,0,3
CCC,2014B,544839,0,Wales,A Level or Equivalent,40-50%,35-55,0,60,0,Distinction,15,0,1,0,0,0,0,0,1,1,0,0,0,0,1,10
CCC,2014B,545045,0,North Western Region,Lower Than A Level,90-100%,0-35,0,60,0,Fail,1,0,1,0,1,1,1,1,1,1,1,1,1,1,0,2
CCC,2014B,545740,0,South West Region,A Level or Equivalent,30-40%,0-35,0,60,0,Pass,9,1,1,0,1,1,0,1,1,0,1,1,0,1,0,4
CCC,2014B,545747,0,East Anglian Region,HE Qualification,70-80%,35-55,0,60,0,Pass,12,0,1,1,0,1,0,0,1,1,0,0,0,0,0,7
CCC,2014B,546400,1,Scotland,A Level or Equivalent,60-70%,0-35,0,120,0,Withdrawn,3,0,1,0,0,1,0,1,0,1,1,1,0,1,1,8
CCC,2014B,546675,1,Ireland,A Level or Equivalent,70-80%,0-35,0,90,0,Withdrawn,14,0,1,1,0,0,0,1,0,0,1,1,1,0,1,5
CCC,2014B,546830,1,London Region,A Level or Equivalent,30-40%,0-35,0,90,0,Withdrawn,15,0,0,1,1,1,1,1,0,1,1,0,1,1,0,10
CCC,2014B,546954,0,London Region,HE Qualification,20-Oct,0-35,0,30,0,Withdrawn,8,1,1,1,1,1,0,0,1,0,1,1,0,0,1,3
CCC,2014B,547287,0,South East Region,HE Qualification,80-90%,35-55,0,30,0,Distinction,11,1,1,0,1,1,1,1,1,1,0,1,1,0,1,6
CCC,2014B,547332,1,West Midlands Region,HE Qualification,20-30%,35-55,0,60,0,Withdrawn,5,0,0,1,0,0,0,0,0,0,1,0,0,1,1,9
CCC,2014B,547413,1,North Western Region,No Formal quals,0-10%,0-35,0,90,0,Fail,9,0,1,1,0,1,0,0,1,1,1,0,0,0,1,4
CCC,2014B,547571,0,South East Region,A Level or Equivalent,30-40%,0-35,0,30,0,Withdrawn,1,0,1,0,1,1,1,1,1,0,0,0,1,1,0,2
CCC,2014B,547685,0,Scotland,A Level or Equivalent,40-50%,0-35,0,60,0,Withdrawn,15,1,1,1,1,1,1,0,0,1,1,1,1,1,0,10
CCC,2014B,547816,1,North Western Region,Lower Than A Level,60-70%,0-35,0,210,0,Withdrawn,11,0,0,0,1,0,0,0,1,1,0,1,1,0,0,6
CCC,2014B,547986,1,West Midlands Region,A Level or Equivalent,0-10%,0-35,0,30,0,Withdrawn,10,0,1,1,0,1,0,1,1,0,0,0,1,1,1,1
CCC,2014B,548261,0,East Anglian Region,Lower Than A Level,50-60%,35-55,0,120,0,Fail,12,0,0,0,0,0,1,1,0,1,1,1,0,0,0,7
CCC,2014B,548383,1,London Region,HE Qualification,30-40%,0-35,0,30,0,Withdrawn,4,1,0,0,1,0,1,1,1,0,0,1,1,0,1,8
CCC,2014B,548386,0,London Region,HE Qualification,30-40%,0-35,0,60,0,Distinction,16,0,1,0,1,0,0,1,1,0,1,1,0,0,1,10
CCC,2014B,548509,0,London Region,HE Qualification,70-80%,35-55,0,30,0,Distinction,15,0,1,1,0,0,0,0,1,1,1,0,0,0,1,10
CCC,2014B,548602,0,South Region,A Level or Equivalent,60-70%,0-35,0,60,0,Pass,15,1,1,0,1,1,1,1,1,1,0,1,1,1,1,10
CCC,2014B,548677,0,Ireland,A Level or Equivalent,70-80%,35-55,0,60,0,Pass,1,0,0,0,1,0,0,0,1,0,1,1,0,1,1,2
CCC,2014B,548764,0,East Anglian Region,A Level or Equivalent,30-40%,0-35,0,60,0,Fail,8,0,0,1,1,1,1,0,0,0,0,0,0,1,1,3
CCC,2014B,548854,0,North Region,Post Graduate Qualification,,35-55,0,60,0,Pass,1,0,0,0,1,0,0,1,1,1,1,1,1,1,1,2
CCC,2014B,548926,1,East Anglian Region,A Level or Equivalent,70-80%,0-35,0,120,0,Withdrawn,14,0,1,1,1,1,0,0,1,0,0,1,0,0,0,5
CCC,2014B,549636,1,East Midlands Region,A Level or Equivalent,40-50%,0-35,0,60,1,Withdrawn,1,0,0,0,1,1,1,1,1,1,0,0,0,0,1,2
CCC,2014B,549928,0,South West Region,A Level or Equivalent,50-60%,0-35,0,90,0,Fail,4,0,1,0,1,1,0,0,1,1,1,1,1,1,1,8
CCC,2014B,549951,1,North Region,A Level or Equivalent,80-90%,0-35,0,90,0,Pass,12,0,1,1,0,1,0,1,0,0,0,1,0,1,1,7
CCC,2014B,550092,0,East Anglian Region,A Level or Equivalent,20-Oct,35-55,0,90,0,Fail,13,0,0,1,0,0,0,1,0,0,1,0,0,1,0,5
CCC,2014B,550545,1,Scotland,A Level or Equivalent,60-70%,0-35,0,60,0,Withdrawn,12,1,0,0,1,1,0,0,0,0,1,1,0,1,0,7
CCC,2014B,550812,0,Scotland,A Level or Equivalent,90-100%,0-35,0,150,0,Withdrawn,8,0,1,1,1,1,0,0,1,0,0,0,0,1,1,3
CCC,2014B,550893,0,North Region,A Level or Equivalent,0-10%,0-35,0,90,0,Withdrawn,11,1,0,0,0,1,1,1,1,1,0,1,0,0,0,6
CCC,2014B,551115,0,Wales,A Level or Equivalent,20-30%,0-35,0,30,0,Pass,13,1,1,0,1,0,0,0,0,0,1,1,0,0,0,5
CCC,2014B,551267,1,North Region,A Level or Equivalent,,0-35,0,120,0,Pass,15,0,0,0,0,1,1,0,1,1,0,1,0,0,1,10
CCC,2014B,551304,1,South West Region,Lower Than A Level,80-90%,35-55,0,90,0,Pass,15,1,0,0,0,1,1,1,1,0,0,1,0,1,0,10
CCC,2014B,551478,0,South West Region,A Level or Equivalent,50-60%,55<=,0,60,0,Pass,8,0,0,1,1,1,0,1,1,0,0,0,0,1,1,3
CCC,2014B,551528,0,Yorkshire Region,Lower Than A Level,,0-35,0,120,0,Withdrawn,16,1,1,0,1,1,0,1,1,1,0,0,1,1,1,10
CCC,2014B,551604,0,South Region,A Level or Equivalent,60-70%,35-55,0,30,0,Fail,7,0,0,1,1,1,0,1,0,1,1,1,0,1,1,3
CCC,2014B,551856,0,North Region,Lower Than A Level,20-Oct,0-35,0,60,0,Fail,6,1,0,1,0,0,0,0,0,1,0,1,0,0,1,9
CCC,2014B,551902,0,East Anglian Region,Lower Than A Level,80-90%,0-35,0,60,0,Fail,6,1,1,0,1,1,0,1,1,0,0,0,1,0,0,9
CCC,2014B,552166,0,West Midlands Region,Lower Than A Level,,0-35,0,60,0,Withdrawn,14,0,1,1,1,0,1,1,1,1,0,1,1,0,1,5
CCC,2014B,552234,0,South East Region,HE Qualification,30-40%,35-55,0,60,0,Withdrawn,9,0,1,0,0,1,1,0,0,1,0,1,1,0,0,4
CCC,2014B,552441,1,Yorkshire Region,A Level or Equivalent,0-10%,0-35,0,30,0,Distinction,11,0,0,1,1,0,1,0,0,0,1,0,0,0,0,6
CCC,2014B,552498,1,Scotland,A Level or Equivalent,50-60%,35-55,0,60,0,Withdrawn,8,0,0,1,0,0,0,1,0,0,1,0,1,0,1,3
CCC,2014B,552590,0,South West Region,A Level or Equivalent,40-50%,0-35,0,90,0,Withdrawn,2,1,0,1,1,1,0,0,1,0,1,1,0,0,1,2
CCC,2014B,552913,0,London Region,Lower Than A Level,20-30%,0-35,0,150,0,Pass,3,1,1,0,0,1,0,1,1,0,0,0,0,0,1,8
CCC,2014B,553021,0,Ireland,A Level or Equivalent,20-Oct,0-35,0,60,0,Distinction,1,0,1,1,1,0,0,1,1,1,0,1,1,1,0,2
CCC,2014B,553280,1,South Region,A Level or Equivalent,50-60%,0-35,0,120,0,Distinction,12,0,1,1,1,1,1,0,0,1,0,0,1,0,1,7
CCC,2014B,553394,1,Yorkshire Region,HE Qualification,20-Oct,35-55,0,90,0,Pass,11,1,1,0,0,0,0,1,1,0,1,0,0,0,0,6
CCC,2014B,553410,1,London Region,Lower Than A Level,0-10%,0-35,0,60,1,Withdrawn,12,1,0,1,0,1,1,1,0,1,1,0,0,0,0,7
CCC,2014B,553568,0,South West Region,A Level or Equivalent,90-100%,35-55,0,60,0,Withdrawn,12,1,1,1,1,0,1,0,1,0,0,0,1,0,1,7
CCC,2014B,553655,1,East Midlands Region,A Level or Equivalent,50-60%,0-35,0,60,0,Pass,8,0,1,1,1,1,0,0,0,1,1,1,1,0,1,3
CCC,2014B,553741,0,West Midlands Region,A Level or Equivalent,40-50%,0-35,0,60,0,Withdrawn,16,0,1,0,1,0,0,1,1,0,1,0,0,1,0,10
CCC,2014B,554141,0,East Anglian Region,Lower Than A Level,70-80%,0-35,0,30,0,Pass,15,1,1,0,1,1,1,0,1,1,1,0,0,0,0,10
CCC,2014B,554205,0,Ireland,Lower Than A Level,,0-35,0,60,0,Fail,8,1,1,1,0,0,1,1,0,1,0,1,0,1,0,3
CCC,2014B,554470,0,South Region,Lower Than A Level,50-60%,0-35,0,90,0,Withdrawn,15,0,1,0,0,1,0,1,0,1,1,1,1,0,0,10
CCC,2014B,554583,0,Scotland,Lower Than A Level,50-60%,0-35,0,90,0,Pass,5,1,1,1,0,0,0,1,1,1,1,1,1,0,1,9
CCC,2014B,554588,1,North Region,HE Qualification,20-30%,35-55,0,90,0,Withdrawn,7,0,0,1,0,1,0,1,0,0,1,1,0,1,0,3
CCC,2014B,554870,0,South Region,Lower Than A Level,50-60%,0-35,0,30,0,Pass,3,0,0,0,1,1,1,0,0,0,0,1,0,1,1,8
CCC,2014B,554951,1,East Midlands Region,A Level or Equivalent,20-Oct,0-35,0,60,1,Pass,7,0,1,0,1,0,0,1,1,0,1,1,1,0,0,3
CCC,2014B,555008,0,London Region,A Level or Equivalent,20-Oct,0-35,0,60,0,Pass,3,0,0,0,1,0,0,0,1,0,1,0,0,1,0,8
CCC,2014B,555368,0,Wales,HE Qualification,0-10%,0-35,0,30,0,Withdrawn,10,1,1,1,0,1,0,0,0,1,0,0,0,0,1,1
CCC,2014B,555604,0,Yorkshire Region,A Level or Equivalent,30-40%,0-35,0,90,0,Pass,12,0,1,1,1,1,0,0,1,1,0,0,1,0,0,7
CCC,2014B,555706,1,East Midlands Region,Lower Than A Level,20-Oct,0-35,0,60,0,Distinction,7,0,0,0,1,0,1,1,0,1,1,0,1,0,1,3
CCC,2014B,555953,0,South Region,Lower Than A Level,30-40%,0-35,0,30,0,Withdrawn,14,0,0,1,0,0,1,0,0,1,0,1,1,0,0,5
CCC,2014B,556007,1,East Anglian Region,A Level or Equivalent,30-40%,0-35,0,90,0,Withdrawn,4,0,1,1,1,0,1,1,0,0,1,0,1,1,0,8
CCC,2014B,556042,0,East Anglian Region,A Level or Equivalent,30-40%,0-35,0,60,0,Withdrawn,12,1,1,1,0,1,1,1,1,0,1,1,0,1,1,7
CCC,2014B,556109,0,Ireland,Lower Than A Level,20-30%,0-35,0,60,0,Withdrawn,11,1,0,1,0,1,1,0,1,1,0,0,0,1,1,6
CCC,2014B,556246,0,North Region,Lower Than A Level,,0-35,0,60,0,Distinction,3,0,0,0,0,0,1,1,1,0,0,1,0,0,1,8
CCC,2014B,556295,0,North Region,Lower Than A Level,,0-35,0,30,0,Distinction,13,0,0,0,0,1,1,0,1,1,0,1,1,1,1,5
CCC,2014B,556521,0,East Anglian Region,A Level or Equivalent,50-60%,0-35,0,60,1,Withdrawn,15,1,0,1,1,1,1,1,0,1,1,0,0,0,0,10
CCC,2014B,556584,0,East Anglian Region,HE Qualification,60-70%,35-55,0,60,0,Pass,8,1,0,1,0,1,1,1,1,1,0,0,1,1,1,3
CCC,2014B,556587,0,London Region,A Level or Equivalent,20-Oct,35-55,0,60,0,Fail,9,1,0,0,1,0,1,1,0,0,1,1,1,0,1,4
CCC,2014B,556709,0,Ireland,A Level or Equivalent,80-90%,0-35,0,60,0,Withdrawn,9,1,1,1,1,0,0,0,1,0,1,0,1,1,1,4
CCC,2014B,556858,1,South Region,A Level or Equivalent,90-100%,35-55,0,30,0,Pass,16,0,1,0,0,1,0,1,0,0,0,0,0,1,0,10
CCC,2014B,556918,0,West Midlands Region,A Level or Equivalent,30-40%,0-35,0,30,0,Withdrawn,10,1,0,0,1,1,0,1,0,1,0,0,1,0,0,1
CCC,2014B,557172,0,East Anglian Region,Lower Than A Level,50-60%,0-35,0,30,0,Fail,3,0,0,0,0,1,1,0,1,0,1,0,0,0,0,8
CCC,2014B,557700,0,North Region,Post Graduate Qualification,,0-35,0,60,0,Withdrawn,5,0,1,1,0,0,1,1,0,1,1,0,0,1,0,9
CCC,2014B,557849,0,Scotland,HE Qualification,50-60%,35-55,0,90,0,Withdrawn,14,1,1,1,0,1,0,0,0,1,0,0,0,0,0,5
CCC,2014B,557995,0,London Region,HE Qualification,20-Oct,0-35,0,120,0,Withdrawn,6,0,0,1,0,1,0,1,0,0,1,0,0,1,0,9
CCC,2014B,558122,0,Scotland,Post Graduate Qualification,90-100%,35-55,0,60,0,Fail,12,1,1,0,1,1,0,1,0,0,0,0,1,0,0,7
CCC,2014B,558444,1,London Region,Lower Than A Level,20-Oct,0-35,0,180,0,Fail,7,1,1,1,0,1,1,1,0,1,1,1,0,1,0,3
CCC,2014B,558471,0,South Region,A Level or Equivalent,20-30%,0-35,0,60,0,Withdrawn,4,0,0,0,0,1,1,1,0,1,1,0,1,1,1,8
CCC,2014B,558518,0,South Region,HE Qualification,90-100%,0-35,0,30,0,Pass,6,1,1,0,1,1,0,0,0,1,0,0,0,1,1,9
CCC,2014B,558616,0,North Region,Lower Than A Level,60-70%,0-35,0,30,0,Pass,12,0,1,0,1,1,0,0,1,0,1,0,0,0,0,7
CCC,2014B,558806,0,West Midlands Region,A Level or Equivalent,30-40%,0-35,0,30,0,Withdrawn,2,1,1,0,0,1,1,0,0,0,1,1,0,0,1,2
CCC,2014B,558914,1,North Western Region,A Level or Equivalent,20-Oct,0-35,0,90,0,Fail,6,1,1,1,0,1,1,1,1,0,1,0,1,0,1,9
CCC,2014B,559157,0,South East Region,Lower Than A Level,60-70%,0-35,0,60,0,Withdrawn,3,0,0,0,1,0,1,0,0,0,1,1,1,0,0,8
CCC,2014B,559469,1,North Region,Lower Than A Level,,0-35,0,30,0,Withdrawn,2,0,1,0,0,0,0,0,1,1,0,0,1,0,1,2
CCC,2014B,559706,0,East Midlands Region,Lower Than A Level,60-70%,0-35,0,30,0,Pass,11,1,1,1,0,0,1,0,1,0,1,1,0,1,1,6
CCC,2014B,559770,0,South East Region,HE Qualification,90-100%,35-55,0,60,0,Pass,4,1,0,0,1,1,1,0,0,0,1,1,0,1,1,8
CCC,2014B,559912,0,East Midlands Region,Lower Than A Level,50-60%,0-35,0,60,0,Withdrawn,2,1,1,1,1,0,0,0,1,0,1,1,0,0,0,2
CCC,2014B,559977,0,Yorkshire Region,Lower Than A Level,20-Oct,0-35,0,60,0,Fail,14,1,0,1,0,0,0,0,1,0,1,1,1,0,0,5
CCC,2014B,560114,0,North Western Region,A Level or Equivalent,20-Oct,0-35,0,30,1,Pass,5,0,1,1,0,0,1,0,0,1,1,1,0,1,1,9
CCC,2014B,560311,0,East Anglian Region,Lower Than A Level,50-60%,0-35,0,60,0,Distinction,9,0,0,0,1,0,0,1,0,0,0,1,0,0,1,4
CCC,2014B,560494,0,London Region,A Level or Equivalent,30-40%,0-35,0,90,1,Pass,1,1,1,0,0,0,1,1,0,1,0,1,1,1,0,2
CCC,2014B,560784,0,South Region,Lower Than A Level,80-90%,0-35,0,60,0,Withdrawn,6,1,0,1,0,1,1,0,1,1,0,0,1,1,1,9
CCC,2014B,560951,0,South East Region,A Level or Equivalent,80-90%,35-55,0,60,0,Fail,7,0,0,1,1,0,0,0,1,1,1,1,0,1,0,3
CCC,2014B,561363,0,Scotland,Post Graduate Qualification,80-90%,35-55,0,60,0,Pass,1,0,1,1,0,1,1,0,0,0,0,1,0,1,1,2
CCC,2014B,561559,0,South Region,HE Qualification,40-50%,35-55,0,60,0,Pass,14,1,0,0,0,1,0,1,1,0,0,0,0,0,1,5
CCC,2014B,561774,0,Scotland,A Level or Equivalent,60-70%,0-35,0,90,0,Pass,14,0,1,1,0,0,1,1,0,0,0,1,0,0,0,5
CCC,2014B,561823,0,South East Region,A Level or Equivalent,20-Oct,0-35,0,120,0,Withdrawn,2,0,1,0,0,1,0,1,1,1,0,0,1,0,1,2
CCC,2014B,562450,1,South Region,A Level or Equivalent,20-Oct,0-35,0,120,0,Pass,10,0,0,0,1,0,0,0,1,1,1,1,0,1,1,1
CCC,2014B,562585,1,South East Region,No Formal quals,60-70%,0-35,0,90,0,Withdrawn,13,1,0,1,0,0,0,1,1,1,1,1,1,1,1,5
CCC,2014B,562825,0,East Midlands Region,HE Qualification,90-100%,35-55,0,60,0,Pass,10,1,0,0,1,0,0,0,0,1,0,0,1,1,1,1
CCC,2014B,563046,0,East Anglian Region,A Level or Equivalent,50-60%,0-35,0,60,0,Pass,7,0,0,1,0,1,1,1,1,1,0,0,1,1,1,3
CCC,2014B,563556,1,Yorkshire Region,A Level or Equivalent,0-10%,0-35,0,90,0,Withdrawn,1,0,0,1,1,0,1,0,0,1,0,0,0,0,0,2
CCC,2014B,563631,0,West Midlands Region,A Level or Equivalent,60-70%,0-35,0,90,0,Fail,3,0,0,0,1,0,0,1,0,0,0,1,1,0,0,8
CCC,2014B,563819,0,South East Region,A Level or Equivalent,50-60%,0-35,0,90,1,Pass,11,1,1,1,0,1,1,1,1,1,0,0,0,1,0,6
CCC,2014B,563967,0,West Midlands Region,A Level or Equivalent,40-50%,0-35,0,60,0,Withdrawn,7,1,0,1,1,1,0,1,0,1,0,1,1,1,0,3
CCC,2014B,564325,1,North Western Region,Lower Than A Level,30-40%,0-35,0,120,1,Withdrawn,7,1,0,0,1,1,0,0,0,0,0,1,1,0,0,3
CCC,2014B,564444,0,London Region,Lower Than A Level,50-60%,0-35,0,60,0,Withdrawn,3,0,0,0,0,1,1,1,0,1,0,0,1,0,1,8
CCC,2014B,564700,0,South Region,Lower Than A Level,70-80%,0-35,0,120,0,Withdrawn,13,0,0,1,0,1,0,0,1,1,0,1,0,0,1,5
CCC,2014B,564841,1,South Region,HE Qualification,90-100%,35-55,0,60,0,Withdrawn,16,1,0,1,0,0,1,1,1,1,0,1,1,1,1,10
CCC,2014B,565275,0,South Region,A Level or Equivalent,40-50%,0-35,0,150,0,Withdrawn,11,0,0,1,0,1,1,1,1,0,1,0,0,1,1,6
CCC,2014B,565399,0,London Region,HE Qualification,0-10%,0-35,0,30,0,Distinction,15,0,1,0,1,1,0,0,0,1,0,0,1,1,1,10
CCC,2014B,565838,0,East Midlands Region,A Level or Equivalent,50-60%,0-35,0,60,0,Fail,14,0,0,0,0,1,0,0,1,1,0,0,0,1,0,5
CCC,2014B,565883,0,Scotland,Lower Than A Level,20-Oct,0-35,0,60,0,Withdrawn,16,1,0,1,1,1,0,1,0,0,0,1,1,0,1,10
CCC,2014B,566185,1,West Midlands Region,A Level or Equivalent,0-10%,35-55,0,120,0,Fail,16,0,0,0,1,0,1,1,0,1,1,0,1,1,1,10
CCC,2014B,566310,0,Scotland,A Level or Equivalent,20-Oct,35-55,0,60,0,Pass,1,1,1,1,1,0,1,0,1,0,0,0,0,0,0,2
CCC,2014B,566428,0,South West Region,A Level or Equivalent,50-60%,0-35,0,60,0,Distinction,2,1,0,1,0,0,0,1,0,0,1,0,0,0,1,2
CCC,2014B,566664,0,London Region,A Level or Equivalent,40-50%,0-35,0,90,0,Withdrawn,5,0,1,1,1,0,0,1,0,1,1,1,0,0,0,9
CCC,2014B,566670,0,West Midlands Region,Lower Than A Level,0-10%,35-55,0,60,0,Pass,16,0,0,1,0,0,1,0,0,0,0,0,1,1,1,10
CCC,2014B,566704,1,Wales,HE Qualification,20-30%,35-55,0,90,0,Withdrawn,13,1,0,0,1,0,1,0,0,0,1,1,0,1,1,5
CCC,2014B,566715,1,South Region,A Level or Equivalent,90-100%,0-35,0,90,0,Pass,6,1,0,1,1,1,1,0,0,0,1,1,1,0,0,9
CCC,2014B,566871,0,London Region,Lower Than A Level,20-Oct,0-35,0,90,0,Fail,4,1,0,1,1,0,1,1,1,0,0,0,1,0,0,8
CCC,2014B,566872,1,South East Region,A Level or Equivalent,20-Oct,0-35,0,60,0,Withdrawn,12,1,1,0,0,1,0,0,1,0,1,0,0,1,1,7
CCC,2014B,568047,1,London Region,HE Qualification,50-60%,35-55,0,60,0,Fail,16,1,1,1,1,0,1,1,1,1,1,1,1,0,1,10
CCC,2014B,568084,0,East Midlands Region,A Level or Equivalent,20-30%,0-35,0,120,0,Distinction,10,0,0,0,0,0,1,0,0,1,1,0,1,1,1,1
CCC,2014B,569080,0,London Region,A Level or Equivalent,20-Oct,0-35,0,30,0,Distinction,6,1,0,0,0,1,0,0,1,1,1,1,0,0,1,9
CCC,2014B,569108,0,South East Region,A Level or Equivalent,70-80%,0-35,0,30,1,Distinction,7,1,1,1,0,0,1,1,0,1,1,1,0,0,0,3
CCC,2014B,569342,0,South Region,Lower Than A Level,70-80%,0-35,0,120,0,Fail,13,0,0,1,1,1,0,0,1,0,0,1,1,0,1,5
CCC,2014B,569609,1,West Midlands Region,A Level or Equivalent,70-80%,0-35,0,120,0,Pass,15,1,0,1,0,1,0,0,1,1,0,0,0,1,1,10
CCC,2014B,569712,0,South Region,Lower Than A Level,50-60%,35-55,0,120,1,Withdrawn,4,0,1,1,0,1,0,0,1,1,0,1,0,1,1,8
CCC,2014B,569928,0,South East Region,A Level or Equivalent,80-90%,0-35,0,150,0,Withdrawn,1,1,0,0,0,1,1,1,1,1,0,1,1,1,1,2
CCC,2014B,570113,1,Yorkshire Region,A Level or Equivalent,20-30%,0-35,0,120,0,Withdrawn,14,1,1,0,0,0,1,0,0,1,0,0,1,0,0,5
CCC,2014B,570377,0,North Western Region,Lower Than A Level,0-10%,0-35,0,60,0,Withdrawn,2,1,1,0,0,1,1,1,1,0,0,1,0,0,1,2
CCC,2014B,570410,1,East Anglian Region,No Formal quals,30-40%,0-35,0,60,0,Pass,4,0,1,0,1,0,1,0,1,0,0,1,1,0,1,8
CCC,2014B,570488,0,East Midlands Region,A Level or Equivalent,20-Oct,0-35,0,60,0,Withdrawn,15,0,1,0,1,0,1,0,1,0,1,1,1,1,0,10
CCC,2014B,570514,1,Yorkshire Region,A Level or Equivalent,20-30%,35-55,0,60,0,Withdrawn,10,0,0,1,0,0,1,1,0,0,0,0,0,0,0,1
CCC,2014B,570872,1,London Region,A Level or Equivalent,30-40%,0-35,0,90,1,Pass,2,1,0,1,0,0,0,0,0,0,1,1,1,0,0,2
CCC,2014B,570967,1,London Region,Lower Than A Level,30-40%,35-55,0,60,0,Pass,6,0,0,0,1,1,1,1,1,0,0,0,0,0,0,9
CCC,2014B,571025,0,East Anglian Region,No Formal quals,20-30%,0-35,0,60,0,Withdrawn,15,0,0,1,0,0,1,0,1,1,0,1,0,1,1,10
CCC,2014B,571128,0,Scotland,HE Qualification,80-90%,0-35,0,60,0,Withdrawn,12,0,0,0,1,1,0,1,1,1,0,0,1,0,0,7
CCC,2014B,571129,0,Scotland,HE Qualification,90-100%,35-55,0,30,1,Distinction,7,0,1,1,0,1,1,1,1,0,0,1,1,0,0,3
CCC,2014B,571233,0,South West Region,Lower Than A Level,60-70%,0-35,0,60,0,Withdrawn,2,0,1,0,0,1,0,0,0,1,1,1,0,0,0,2
CCC,2014B,571276,1,South Region,Lower Than A Level,70-80%,0-35,0,60,0,Withdrawn,10,0,1,0,0,1,1,0,1,0,1,1,1,0,1,1
CCC,2014B,571365,1,North Region,A Level or Equivalent,40-50%,35-55,0,60,0,Withdrawn,8,1,1,0,0,0,1,0,0,0,1,1,1,0,0,3
CCC,2014B,571389,1,North Western Region,Lower Than A Level,20-30%,0-35,0,60,0,Withdrawn,14,0,1,1,1,1,1,1,1,1,1,0,0,0,1,5
CCC,2014B,571571,1,East Anglian Region,HE Qualification,20-30%,0-35,0,90,0,Distinction,2,1,1,0,0,1,0,0,0,1,1,1,0,0,1,2
CCC,2014B,571595,0,Scotland,Lower Than A Level,70-80%,0-35,0,90,0,Fail,10,1,1,1,1,1,1,1,1,1,0,1,1,1,0,1
CCC,2014B,571702,0,North Western Region,Lower Than A Level,50-60%,35-55,0,90,0,Withdrawn,16,0,1,0,0,1,1,1,0,1,0,1,0,1,0,10
CCC,2014B,571776,0,North Region,A Level or Equivalent,,0-35,0,120,0,Pass,5,1,1,0,1,0,1,0,1,1,0,1,0,1,0,9
CCC,2014B,571992,0,London Region,Lower Than A Level,20-Oct,0-35,0,120,0,Withdrawn,4,1,0,1,1,0,0,0,0,1,0,1,1,1,0,8
CCC,2014B,572036,0,East Midlands Region,Lower Than A Level,20-30%,0-35,0,120,0,Pass,15,0,0,0,1,0,1,1,0,0,0,0,0,0,0,10
CCC,2014B,572154,0,Scotland,HE Qualification,40-50%,0-35,0,150,0,Withdrawn,11,0,0,0,0,0,1,1,1,0,0,0,1,1,1,6
CCC,2014B,572241,1,Yorkshire Region,A Level or Equivalent,0-10%,0-35,0,120,0,Withdrawn,4,0,1,1,1,1,1,1,0,1,0,1,0,0,0,8
CCC,2014B,572279,0,East Anglian Region,Lower Than A Level,30-40%,0-35,0,90,0,Withdrawn,12,0,0,1,1,0,1,1,0,1,0,1,1,1,0,7
CCC,2014B,572303,0,Scotland,HE Qualification,90-100%,0-35,0,90,0,Pass,3,0,0,0,1,1,0,1,1,0,0,1,1,1,0,8
CCC,2014B,572382,0,West Midlands Region,A Level or Equivalent,20-Oct,0-35,0,120,0,Fail,8,0,1,1,1,0,0,0,0,0,1,0,1,1,1,3
CCC,2014B,572401,0,South East Region,Lower Than A Level,80-90%,0-35,0,90,0,Fail,1,0,1,1,0,1,1,0,1,0,0,1,1,0,0,2
CCC,2014B,572438,1,South West Region,A Level or Equivalent,40-50%,0-35,0,60,0,Pass,6,0,0,1,1,0,0,1,0,0,0,0,1,0,1,9
CCC,2014B,572570,0,Scotland,A Level or Equivalent,80-90%,0-35,0,60,0,Pass,9,0,0,1,0,0,1,0,1,1,1,1,0,0,0,4
CCC,2014B,572854,1,South East Region,A Level or Equivalent,40-50%,0-35,0,90,0,Distinction,16,1,1,1,0,0,0,1,1,1,0,1,1,0,0,10
CCC,2014B,572891,0,Yorkshire Region,A Level or Equivalent,60-70%,0-35,0,60,0,Pass,13,1,1,1,0,0,0,1,1,0,1,0,0,1,1,5
CCC,2014B,572909,0,South East Region,A Level or Equivalent,50-60%,0-35,0,120,0,Withdrawn,15,0,1,0,0,1,0,1,0,0,1,1,0,1,0,10
CCC,2014B,573153,0,Yorkshire Region,Lower Than A Level,0-10%,0-35,0,90,0,Withdrawn,5,0,0,0,1,1,1,1,1,0,0,1,1,1,1,9
CCC,2014B,573166,0,West Midlands Region,A Level or Equivalent,30-40%,0-35,0,90,0,Withdrawn,13,0,0,0,1,1,0,0,0,0,1,1,1,1,1,5
CCC,2014B,573197,1,Yorkshire Region,Lower Than A Level,20-Oct,0-35,0,60,0,Withdrawn,15,1,1,0,0,1,1,1,0,0,1,0,0,0,1,10
CCC,2014B,573377,0,South East Region,Lower Than A Level,70-80%,0-35,0,60,0,Pass,2,0,1,1,1,1,0,0,1,0,1,0,0,0,0,2
CCC,2014B,573440,0,Scotland,Lower Than A Level,30-40%,0-35,0,120,0,Pass,9,0,1,0,0,1,0,0,1,1,0,1,1,0,1,4
CCC,2014B,573462,1,Wales,HE Qualification,20-Oct,35-55,0,60,0,Withdrawn,2,0,1,0,1,0,1,0,1,0,0,0,0,0,0,2
CCC,2014B,573558,0,North Region,A Level or Equivalent,50-60%,0-35,0,60,0,Pass,7,1,1,0,0,0,0,1,0,0,0,1,1,0,0,3
CCC,2014B,573662,0,London Region,A Level or Equivalent,60-70%,0-35,0,60,0,Withdrawn,16,1,0,0,0,0,0,0,1,0,1,0,1,0,1,10
CCC,2014B,573665,0,South Region,Lower Than A Level,70-80%,0-35,0,60,0,Withdrawn,1,1,0,1,0,0,0,1,0,1,1,1,1,0,0,2
CCC,2014B,573696,0,London Region,A Level or Equivalent,0-10%,0-35,0,90,0,Fail,7,1,1,0,1,0,0,0,1,0,1,0,1,0,0,3
CCC,2014B,573697,1,South Region,HE Qualification,70-80%,0-35,0,180,0,Withdrawn,14,0,0,1,1,1,0,1,1,1,1,0,0,1,1,5
CCC,2014B,573701,0,Scotland,Lower Than A Level,60-70%,0-35,0,150,0,Fail,7,1,1,0,1,1,1,1,0,0,0,1,0,1,1,3
CCC,2014B,574221,0,London Region,HE Qualification,60-70%,0-35,0,30,0,Distinction,10,1,0,1,1,0,0,0,0,0,1,1,1,1,0,1
CCC,2014B,574283,0,South Region,A Level or Equivalent,20-30%,35-55,0,120,0,Fail,11,0,0,1,1,0,1,1,1,0,0,1,1,1,0,6
CCC,2014B,574523,0,South East Region,A Level or Equivalent,50-60%,0-35,0,90,0,Withdrawn,4,1,1,1,1,1,0,1,0,1,0,1,1,1,0,8
CCC,2014B,574529,1,South West Region,A Level or Equivalent,20-Oct,0-35,0,120,0,Fail,16,0,0,1,0,1,1,1,0,1,1,1,1,0,0,10
CCC,2014B,574551,0,Scotland,A Level or Equivalent,40-50%,0-35,0,90,0,Fail,9,0,0,0,0,1,1,0,1,0,0,1,1,0,1,4
CCC,2014B,574564,0,London Region,HE Qualification,20-Oct,0-35,0,90,0,Withdrawn,3,1,1,0,0,0,0,1,1,0,0,1,1,0,0,8
CCC,2014B,574580,1,North Region,Lower Than A Level,0-10%,0-35,0,150,1,Fail,6,1,1,0,1,1,0,1,1,1,0,1,1,1,0,9
CCC,2014B,574663,0,Yorkshire Region,Lower Than A Level,30-40%,0-35,0,240,0,Withdrawn,10,0,1,1,1,0,1,0,0,0,1,0,1,0,1,1
CCC,2014B,574817,1,Ireland,A Level or Equivalent,,0-35,0,90,0,Distinction,11,1,0,0,0,1,1,1,1,1,1,0,0,0,1,6
CCC,2014B,574830,1,Scotland,Lower Than A Level,90-100%,0-35,0,90,0,Withdrawn,12,0,1,0,0,1,0,0,1,0,1,0,0,0,1,7
CCC,2014B,575166,0,East Anglian Region,A Level or Equivalent,20-30%,0-35,0,60,0,Withdrawn,10,0,0,0,1,0,1,0,1,1,1,0,1,1,1,1
CCC,2014B,575287,1,West Midlands Region,A Level or Equivalent,20-Oct,35-55,0,120,0,Withdrawn,9,0,1,1,0,1,1,1,1,0,1,0,1,0,1,4
CCC,2014B,575419,0,West Midlands Region,Lower Than A Level,50-60%,0-35,0,90,0,Withdrawn,4,1,0,0,0,1,0,0,1,0,0,1,1,0,1,8
CCC,2014B,575545,0,Scotland,HE Qualification,0-10%,0-35,0,60,0,Withdrawn,14,1,0,1,0,1,0,1,1,0,0,1,1,0,0,5
CCC,2014B,575703,0,East Anglian Region,A Level or Equivalent,60-70%,35-55,0,60,0,Withdrawn,15,1,0,0,1,0,1,1,0,1,0,0,1,1,0,10
CCC,2014B,575733,0,Wales,Lower Than A Level,20-30%,35-55,0,60,0,Pass,3,1,0,0,0,1,0,1,0,1,1,0,1,0,1,8
CCC,2014B,575745,1,North Region,HE Qualification,,35-55,0,130,0,Pass,3,0,0,0,1,0,0,1,1,0,1,1,0,1,1,8
CCC,2014B,575824,1,Wales,A Level or Equivalent,80-90%,0-35,0,90,0,Pass,10,0,1,0,0,1,0,1,0,1,0,0,1,1,0,1
CCC,2014B,575967,0,Wales,A Level or Equivalent,40-50%,0-35,0,150,0,Distinction,8,0,0,0,1,0,0,0,0,0,1,0,0,1,1,3
CCC,2014B,576191,0,Scotland,HE Qualification,20-Oct,0-35,0,120,0,Fail,1,1,0,1,1,0,0,1,0,1,1,0,0,0,1,2
CCC,2014B,576383,1,South East Region,A Level or Equivalent,90-100%,0-35,0,120,0,Distinction,3,1,0,0,1,0,0,1,0,0,1,0,1,1,1,8
CCC,2014B,576413,0,North Region,A Level or Equivalent,20-Oct,0-35,0,120,0,Distinction,15,1,1,0,1,1,1,1,0,0,0,1,1,1,0,10
CCC,2014B,576475,1,North Region,A Level or Equivalent,0-10%,35-55,0,120,0,Pass,16,0,1,0,1,1,1,0,1,1,1,1,0,1,1,10
CCC,2014B,576516,0,East Anglian Region,A Level or Equivalent,80-90%,0-35,0,60,0,Fail,8,0,1,0,0,0,0,1,0,1,1,1,0,1,1,3
CCC,2014B,576780,0,East Anglian Region,A Level or Equivalent,30-40%,0-35,0,120,0,Distinction,10,1,0,0,1,0,0,0,1,0,0,1,1,0,1,1
CCC,2014B,576782,0,North Western Region,HE Qualification,30-40%,0-35,0,90,0,Fail,10,1,1,1,0,1,1,1,1,1,0,0,1,0,1,1
CCC,2014B,577035,0,South Region,HE Qualification,90-100%,35-55,0,90,0,Distinction,15,0,1,0,1,1,1,1,1,0,0,0,1,0,1,10
CCC,2014B,577236,1,West Midlands Region,A Level or Equivalent,90-100%,0-35,0,60,0,Distinction,9,1,1,1,1,0,0,1,1,1,0,1,0,1,0,4
CCC,2014B,577245,0,South Region,Lower Than A Level,80-90%,0-35,0,60,0,Fail,8,0,1,0,0,1,1,1,1,1,0,1,1,0,0,3
CCC,2014B,577273,1,East Midlands Region,A Level or Equivalent,0-10%,0-35,0,60,0,Fail,14,1,0,1,1,0,1,1,1,1,1,0,0,1,0,5
CCC,2014B,577352,0,East Anglian Region,Lower Than A Level,0-10%,0-35,0,120,0,Fail,6,1,0,1,1,1,1,1,0,1,1,1,0,1,1,9
CCC,2014B,577414,0,Scotland,HE Qualification,0-10%,0-35,0,120,0,Pass,1,1,1,0,0,0,0,0,0,0,1,0,1,0,1,2
CCC,2014B,577427,0,Scotland,A Level or Equivalent,50-60%,0-35,0,90,0,Withdrawn,6,0,0,1,1,1,0,0,0,0,0,0,0,0,0,9
CCC,2014B,577502,1,Wales,A Level or Equivalent,20-30%,0-35,0,90,0,Pass,7,1,1,1,0,1,0,1,1,1,1,0,1,0,1,3
CCC,2014B,577603,0,North Region,Lower Than A Level,20-Oct,0-35,0,120,0,Withdrawn,11,0,1,0,1,0,1,0,1,0,0,0,0,1,0,6
CCC,2014B,577686,0,North Region,A Level or Equivalent,,0-35,0,60,0,Fail,5,1,0,1,1,0,0,0,1,1,0,1,1,0,0,9
CCC,2014B,577688,0,West Midlands Region,Lower Than A Level,30-40%,0-35,0,90,0,Withdrawn,13,0,1,0,0,1,0,1,1,0,1,0,1,0,0,5
CCC,2014B,578034,0,North Region,A Level or Equivalent,20-Oct,0-35,0,60,0,Withdrawn,16,1,0,0,1,0,1,1,1,1,0,1,0,1,1,10
CCC,2014B,578189,1,West Midlands Region,A Level or Equivalent,40-50%,35-55,0,120,0,Pass,14,0,0,1,0,0,1,1,1,0,0,1,1,0,1,5
CCC,2014B,578450,1,East Anglian Region,Lower Than A Level,20-Oct,0-35,0,120,0,Fail,11,0,0,0,1,0,0,1,1,0,0,0,0,0,0,6
CCC,2014B,578541,1,East Midlands Region,A Level or Equivalent,70-80%,0-35,0,60,0,Withdrawn,14,0,1,0,0,1,1,0,1,1,1,1,1,1,1,5
CCC,2014B,578655,1,Ireland,A Level or Equivalent,60-70%,0-35,0,150,0,Pass,2,0,1,0,1,0,1,0,1,0,1,1,1,0,0,2
CCC,2014B,578823,0,East Anglian Region,A Level or Equivalent,70-80%,0-35,0,180,0,Withdrawn,12,1,1,0,0,0,1,1,0,1,0,1,0,1,0,7
CCC,2014B,578850,0,West Midlands Region,A Level or Equivalent,20-Oct,0-35,0,90,0,Pass,16,1,0,1,0,0,0,1,1,0,1,1,1,1,1,10
CCC,2014B,578958,0,Wales,Lower Than A Level,20-30%,35-55,0,135,0,Pass,11,1,0,1,1,0,0,0,0,0,0,0,0,0,0,6
CCC,2014B,579027,0,Scotland,HE Qualification,40-50%,0-35,0,90,0,Fail,10,1,0,0,0,1,0,1,0,1,0,0,0,0,0,1
CCC,2014B,579321,0,South East Region,Lower Than A Level,20-30%,0-35,0,180,0,Withdrawn,4,1,0,0,0,1,1,0,0,1,0,1,0,1,0,8
CCC,2014B,579340,0,South Region,Lower Than A Level,60-70%,0-35,0,90,0,Withdrawn,7,1,0,1,1,1,0,0,1,0,1,1,0,1,1,3
CCC,2014B,579343,0,West Midlands Region,HE Qualification,40-50%,0-35,0,60,0,Pass,8,1,1,1,1,0,0,1,1,0,1,0,1,1,1,3
CCC,2014B,579372,0,Yorkshire Region,Lower Than A Level,0-10%,0-35,0,150,0,Withdrawn,4,1,1,1,0,0,1,0,1,0,1,0,0,0,0,8
CCC,2014B,579550,0,Wales,A Level or Equivalent,20-30%,0-35,0,120,1,Pass,9,1,1,1,0,0,0,0,1,1,1,0,1,0,1,4
CCC,2014B,580477,0,East Anglian Region,Lower Than A Level,80-90%,0-35,0,120,1,Withdrawn,11,0,1,1,1,1,0,1,1,0,0,1,0,0,1,6
CCC,2014B,580511,0,Scotland,HE Qualification,20-30%,0-35,0,90,0,Withdrawn,6,0,0,0,1,0,1,0,0,0,1,0,0,0,0,9
CCC,2014B,580525,0,North Region,HE Qualification,,0-35,0,60,0,Distinction,3,0,1,0,0,1,0,1,1,0,0,0,1,1,0,8
CCC,2014B,580689,0,Scotland,HE Qualification,20-30%,35-55,0,90,1,Withdrawn,11,1,1,0,0,1,0,1,1,0,1,0,0,0,1,6
CCC,2014B,580722,0,South Region,A Level or Equivalent,90-100%,0-35,0,60,1,Withdrawn,16,1,0,1,0,1,1,1,0,1,1,1,1,0,1,10
CCC,2014B,580768,0,West Midlands Region,A Level or Equivalent,0-10%,0-35,0,120,0,Withdrawn,7,0,1,0,0,0,0,1,0,0,0,0,0,1,0,3
CCC,2014B,580779,1,East Midlands Region,A Level or Equivalent,70-80%,0-35,0,90,0,Pass,8,1,1,0,0,1,1,0,1,1,1,0,1,0,0,3
CCC,2014B,581123,0,West Midlands Region,A Level or Equivalent,70-80%,0-35,0,150,0,Withdrawn,13,0,0,1,0,1,0,1,1,1,1,1,1,1,0,5
CCC,2014B,581328,0,London Region,Lower Than A Level,20-Oct,0-35,0,90,0,Withdrawn,5,1,1,0,1,1,1,0,0,1,0,1,0,1,0,9
CCC,2014B,581611,1,London Region,HE Qualification,50-60%,35-55,0,90,0,Pass,2,0,0,1,0,0,1,1,1,0,0,0,0,0,0,2
CCC,2014B,581614,0,East Anglian Region,A Level or Equivalent,90-100%,0-35,0,120,0,Pass,7,0,1,0,1,1,0,0,0,0,1,1,1,0,1,3
CCC,2014B,581744,0,South East Region,Lower Than A Level,60-70%,0-35,0,60,0,Withdrawn,10,1,0,1,0,0,1,0,1,0,0,1,1,0,1,1
CCC,2014B,581745,0,North Region,Lower Than A Level,20-30%,0-35,0,60,0,Withdrawn,5,0,0,0,0,1,0,1,0,1,0,0,0,0,1,9
CCC,2014B,582087,0,Scotland,Lower Than A Level,40-50%,0-35,0,90,0,Fail,12,1,1,1,0,1,1,1,1,1,0,0,1,1,1,7
CCC,2014B,582108,0,London Region,A Level or Equivalent,20-Oct,0-35,0,90,0,Fail,2,0,1,0,0,1,0,1,1,1,1,1,0,1,0,2
CCC,2014B,582723,0,North Region,Lower Than A Level,20-Oct,35-55,0,60,0,Withdrawn,12,0,1,1,1,1,1,1,0,0,1,1,1,0,0,7
CCC,2014B,582827,0,East Anglian Region,A Level or Equivalent,30-40%,0-35,0,60,0,Withdrawn,1,0,0,0,0,0,0,1,0,0,0,1,0,1,0,2
CCC,2014B,582879,0,East Anglian Region,Lower Than A Level,40-50%,35-55,0,90,0,Pass,6,0,0,1,0,0,0,0,1,1,1,0,0,1,1,9
CCC,2014B,582950,0,Scotland,HE Qualification,30-40%,0-35,0,90,0,Distinction,1,0,0,1,1,0,0,0,0,1,1,1,0,1,1,2
CCC,2014B,583032,0,Scotland,HE Qualification,50-60%,0-35,0,60,0,Pass,3,0,0,0,0,0,0,0,0,1,0,1,1,1,1,8
CCC,2014B,583051,0,East Midlands Region,Lower Than A Level,80-90%,0-35,0,180,0,Withdrawn,10,1,1,1,1,1,1,0,1,0,0,1,0,0,0,1
CCC,2014B,583052,0,East Anglian Region,A Level or Equivalent,90-100%,0-35,0,60,0,Pass,7,1,1,1,1,0,1,0,0,1,0,0,1,0,0,3
CCC,2014B,583192,1,Scotland,HE Qualification,90-100%,0-35,0,60,0,Pass,15,1,1,0,0,1,0,1,1,0,0,0,0,0,0,10
CCC,2014B,583238,0,East Anglian Region,Lower Than A Level,70-80%,0-35,0,60,0,Withdrawn,13,1,0,1,1,0,0,1,0,1,0,1,0,1,1,5
CCC,2014B,583906,0,London Region,A Level or Equivalent,30-40%,0-35,0,30,0,Distinction,4,1,1,1,0,0,1,1,0,1,1,1,0,1,1,8
CCC,2014B,584077,0,North Western Region,A Level or Equivalent,20-30%,0-35,0,150,0,Withdrawn,10,1,1,0,1,0,0,1,1,1,1,1,1,0,1,1
CCC,2014B,584191,0,East Midlands Region,HE Qualification,70-80%,0-35,0,60,0,Pass,11,1,1,0,1,1,1,0,1,1,1,0,1,0,1,6
CCC,2014B,584305,0,Scotland,A Level or Equivalent,40-50%,0-35,0,150,0,Withdrawn,13,1,1,0,1,1,1,0,0,1,1,1,0,1,1,5
CCC,2014B,584446,1,Ireland,HE Qualification,,0-35,0,120,0,Pass,14,1,0,0,0,0,1,1,0,1,0,1,1,1,0,5
CCC,2014B,584468,1,North Western Region,A Level or Equivalent,30-40%,35-55,0,120,0,Withdrawn,1,0,1,1,1,0,1,0,1,0,1,0,0,0,1,2
CCC,2014B,584586,0,South Region,A Level or Equivalent,40-50%,0-35,0,120,1,Withdrawn,14,0,1,0,1,1,1,1,1,0,1,1,1,0,0,5
CCC,2014B,584749,1,West Midlands Region,Lower Than A Level,20-Oct,0-35,0,180,0,Withdrawn,14,1,1,0,0,0,1,1,0,1,1,1,0,1,0,5
CCC,2014B,584756,0,London Region,Lower Than A Level,40-50%,0-35,0,120,0,Fail,3,0,0,0,0,1,1,0,0,1,0,1,0,1,0,8
CCC,2014B,584771,0,Scotland,HE Qualification,20-30%,0-35,0,90,0,Withdrawn,1,1,0,0,0,0,0,1,0,0,0,1,1,0,0,2
CCC,2014B,584913,0,North Western Region,A Level or Equivalent,0-10%,0-35,0,60,0,Withdrawn,9,1,0,0,0,1,1,1,0,1,0,0,0,0,1,4
CCC,2014B,584940,0,East Anglian Region,A Level or Equivalent,70-80%,0-35,0,60,0,Pass,16,1,1,0,1,1,1,1,1,0,1,1,0,1,0,10
CCC,2014B,585011,0,Scotland,HE Qualification,80-90%,0-35,0,120,0,Withdrawn,11,0,0,1,1,0,1,1,1,1,1,0,1,1,1,6
CCC,2014B,585057,0,North Region,HE Qualification,,0-35,0,90,0,Pass,15,0,1,0,1,0,1,1,1,1,1,0,1,1,1,10
CCC,2014B,585093,0,North Region,Post Graduate Qualification,,35-55,0,90,0,Distinction,1,1,1,1,1,1,1,0,0,0,0,0,1,1,0,2
CCC,2014B,585383,0,South East Region,A Level or Equivalent,40-50%,0-35,0,120,0,Pass,10,1,0,0,1,0,1,1,1,1,1,1,1,0,0,1
CCC,2014B,585393,0,South West Region,A Level or Equivalent,60-70%,0-35,0,60,0,Distinction,2,1,0,0,1,0,0,1,1,0,0,0,0,1,1,2
CCC,2014B,585397,0,East Anglian Region,A Level or Equivalent,90-100%,0-35,0,60,0,Pass,12,0,1,0,0,1,0,0,0,0,1,0,1,0,0,7
CCC,2014B,585433,0,Scotland,HE Qualification,80-90%,0-35,0,60,0,Withdrawn,13,1,0,1,1,0,1,0,1,0,0,1,1,1,0,5
CCC,2014B,585455,0,Scotland,A Level or Equivalent,90-100%,0-35,0,60,0,Pass,6,0,1,1,1,0,1,0,1,1,1,0,0,1,1,9
CCC,2014B,585464,0,South Region,A Level or Equivalent,80-90%,0-35,0,60,0,Withdrawn,3,1,1,1,1,1,1,0,1,0,1,0,1,1,0,8
CCC,2014B,585681,0,Yorkshire Region,HE Qualification,90-100%,0-35,0,60,0,Withdrawn,7,1,1,0,1,0,0,1,1,0,1,0,0,0,0,3
CCC,2014B,585695,0,South West Region,A Level or Equivalent,60-70%,0-35,0,90,1,Distinction,13,0,0,0,0,1,1,0,1,0,0,0,0,0,1,5
CCC,2014B,585709,1,South West Region,A Level or Equivalent,40-50%,0-35,0,90,0,Pass,7,0,0,1,1,1,0,0,0,1,1,1,0,1,1,3
CCC,2014B,585769,1,Scotland,Post Graduate Qualification,50-60%,0-35,0,90,0,Withdrawn,2,0,1,1,0,1,0,0,1,0,0,0,1,1,1,2
CCC,2014B,585900,0,East Midlands Region,A Level or Equivalent,80-90%,0-35,0,90,0,Fail,16,1,1,1,1,1,1,1,0,0,0,0,0,1,1,10
CCC,2014B,586060,0,South Region,Lower Than A Level,20-30%,0-35,0,60,0,Fail,1,1,1,0,0,1,0,0,1,0,1,0,0,1,0,2
CCC,2014B,586132,0,East Anglian Region,A Level or Equivalent,80-90%,0-35,0,60,0,Withdrawn,4,1,0,1,0,0,0,0,1,0,1,0,1,1,1,8
CCC,2014B,586436,1,East Anglian Region,Lower Than A Level,50-60%,0-35,0,60,1,Fail,3,1,1,0,1,1,0,0,0,1,0,0,0,1,1,8
CCC,2014B,586473,0,East Midlands Region,A Level or Equivalent,70-80%,0-35,0,60,1,Fail,11,0,0,1,0,0,1,1,1,1,0,1,1,1,0,6
CCC,2014B,586476,1,South East Region,A Level or Equivalent,50-60%,0-35,0,120,0,Withdrawn,11,1,1,1,1,0,1,1,1,0,1,1,0,0,0,6
CCC,2014B,586526,0,South Region,A Level or Equivalent,90-100%,0-35,0,120,0,Withdrawn,15,0,0,1,0,1,0,0,0,1,1,0,0,1,1,10
CCC,2014B,586716,0,Scotland,HE Qualification,80-90%,0-35,0,90,0,Withdrawn,13,1,0,1,1,1,0,1,1,0,0,1,1,1,1,5
CCC,2014B,586921,0,East Anglian Region,Lower Than A Level,80-90%,0-35,0,60,0,Withdrawn,15,1,0,0,1,1,0,0,0,0,1,0,1,1,1,10
CCC,2014B,586962,0,South Region,A Level or Equivalent,80-90%,0-35,0,90,0,Withdrawn,16,1,0,1,1,0,0,0,1,0,0,1,0,1,0,10
CCC,2014B,587122,0,Scotland,Lower Than A Level,60-70%,35-55,0,90,0,Withdrawn,1,0,1,1,0,1,1,0,1,1,1,1,1,0,0,2
CCC,2014B,587179,1,West Midlands Region,HE Qualification,20-Oct,0-35,0,120,0,Withdrawn,16,1,0,0,0,0,0,1,0,0,0,0,0,1,0,10
CCC,2014B,587585,0,London Region,A Level or Equivalent,90-100%,0-35,0,60,0,Fail,13,1,1,0,1,1,0,0,0,1,0,0,0,1,1,5
CCC,2014B,587621,1,London Region,Lower Than A Level,70-80%,35-55,0,90,0,Withdrawn,14,0,1,1,1,0,0,1,0,0,0,0,1,1,1,5
CCC,2014B,587783,0,East Anglian Region,Lower Than A Level,80-90%,0-35,0,120,0,Pass,2,1,1,0,0,0,1,0,0,1,1,0,1,1,1,2
CCC,2014B,587884,0,South West Region,Lower Than A Level,60-70%,0-35,0,60,0,Withdrawn,10,1,0,1,0,0,1,0,1,1,1,1,0,1,1,1
CCC,2014B,587906,0,East Midlands Region,A Level or Equivalent,20-30%,0-35,0,60,0,Pass,16,1,1,0,0,0,0,1,0,1,1,1,0,1,0,10
CCC,2014B,587911,0,North Western Region,A Level or Equivalent,50-60%,0-35,0,60,0,Pass,2,0,1,1,0,1,1,1,1,0,1,1,1,0,0,2
CCC,2014B,588059,1,East Midlands Region,Lower Than A Level,60-70%,35-55,0,90,1,Withdrawn,11,1,1,0,0,0,0,0,0,1,1,0,1,1,1,6
CCC,2014B,588125,0,Yorkshire Region,Lower Than A Level,70-80%,0-35,0,60,0,Withdrawn,9,1,1,1,0,1,1,1,1,1,1,1,0,0,0,4
CCC,2014B,588175,1,London Region,Lower Than A Level,20-30%,0-35,0,240,0,Withdrawn,6,0,0,0,0,1,1,1,0,1,0,1,1,0,0,9
CCC,2014B,588219,0,South East Region,Lower Than A Level,50-60%,0-35,0,90,0,Fail,9,1,0,1,0,1,0,0,1,1,0,1,1,1,0,4
CCC,2014B,588274,0,West Midlands Region,A Level or Equivalent,70-80%,35-55,0,120,0,Distinction,9,1,1,1,1,0,0,0,1,0,0,0,0,0,0,4
CCC,2014B,588402,0,Wales,Lower Than A Level,60-70%,35-55,0,60,0,Fail,6,0,1,1,0,0,1,0,0,1,0,1,1,1,0,9
CCC,2014B,588430,0,North Region,Lower Than A Level,60-70%,0-35,0,90,0,Pass,9,0,0,1,1,0,1,1,0,1,0,0,0,0,0,4
CCC,2014B,588460,0,East Anglian Region,Lower Than A Level,60-70%,35-55,0,90,0,Withdrawn,13,1,0,0,0,1,0,0,1,1,0,1,1,1,1,5
CCC,2014B,588464,0,East Midlands Region,A Level or Equivalent,60-70%,0-35,0,120,0,Withdrawn,4,1,0,0,1,1,0,1,0,1,1,0,1,0,0,8
CCC,2014B,588473,0,East Anglian Region,HE Qualification,20-30%,0-35,0,30,0,Distinction,1,1,0,1,0,0,1,1,0,1,0,0,0,1,0,2
CCC,2014B,588524,0,Scotland,HE Qualification,70-80%,0-35,0,60,0,Pass,11,0,0,0,1,1,1,1,1,1,0,0,1,0,1,6
CCC,2014B,588590,1,Scotland,HE Qualification,20-30%,0-35,0,30,1,Fail,5,0,1,0,1,0,0,1,1,1,0,1,1,0,1,9
CCC,2014B,588676,0,Scotland,HE Qualification,80-90%,0-35,0,90,0,Pass,16,0,1,1,1,0,1,1,1,0,1,1,0,0,0,10
CCC,2014B,588694,0,North Region,Lower Than A Level,70-80%,0-35,0,60,0,Withdrawn,10,0,1,0,1,1,1,1,0,1,0,1,0,1,1,1
CCC,2014B,588707,1,Wales,A Level or Equivalent,60-70%,0-35,0,150,0,Distinction,4,1,0,1,1,0,1,1,1,0,1,0,0,1,0,8
CCC,2014B,588710,0,North Western Region,Lower Than A Level,40-50%,0-35,0,60,0,Withdrawn,16,0,1,1,1,1,0,0,0,0,0,0,0,0,1,10
CCC,2014B,588846,0,North Western Region,HE Qualification,90-100%,0-35,0,60,0,Fail,11,0,0,0,1,0,0,0,0,0,1,0,0,1,1,6
CCC,2014B,588956,0,South East Region,HE Qualification,70-80%,0-35,0,120,0,Pass,10,0,1,1,0,1,1,0,0,0,0,1,1,0,1,1
CCC,2014B,589018,0,Scotland,Lower Than A Level,20-30%,0-35,0,120,0,Withdrawn,5,1,0,1,0,0,0,0,1,1,1,0,1,1,1,9
CCC,2014B,589023,0,North Region,A Level or Equivalent,,0-35,0,60,0,Withdrawn,16,1,0,1,1,1,0,0,0,1,0,1,0,0,0,10
CCC,2014B,589108,0,South East Region,Lower Than A Level,20-30%,0-35,0,90,1,Withdrawn,11,1,0,0,1,0,0,1,1,1,1,1,0,1,0,6
CCC,2014B,589327,0,Scotland,HE Qualification,70-80%,0-35,0,60,0,Withdrawn,14,0,1,1,1,0,1,0,0,1,0,0,0,1,1,5
CCC,2014B,589390,1,South West Region,Lower Than A Level,30-40%,0-35,0,90,0,Pass,7,0,0,1,0,0,1,0,1,0,1,1,0,1,1,3
CCC,2014B,589517,1,West Midlands Region,A Level or Equivalent,40-50%,0-35,0,60,0,Withdrawn,4,1,1,1,0,1,0,1,1,1,0,0,1,0,0,8
CCC,2014B,589525,1,East Midlands Region,A Level or Equivalent,60-70%,0-35,0,60,1,Distinction,12,1,1,1,0,0,0,0,1,1,1,1,0,1,1,7
CCC,2014B,589722,0,Ireland,A Level or Equivalent,50-60%,0-35,0,60,0,Withdrawn,9,1,1,1,0,1,1,0,0,0,1,1,1,0,0,4
CCC,2014B,589894,0,Scotland,A Level or Equivalent,80-90%,0-35,0,60,0,Withdrawn,13,0,1,0,0,1,1,0,1,0,0,1,0,1,1,5
CCC,2014B,590072,0,Scotland,A Level or Equivalent,70-80%,0-35,0,90,0,Fail,1,1,0,1,1,0,1,0,1,1,1,1,0,0,1,2
CCC,2014B,590626,0,Scotland,Lower Than A Level,60-70%,35-55,0,60,0,Withdrawn,7,1,1,0,1,0,1,0,1,1,1,1,0,0,0,3
CCC,2014B,590699,0,East Anglian Region,HE Qualification,80-90%,35-55,0,120,0,Withdrawn,3,0,0,0,0,0,0,1,1,1,1,1,0,1,1,8
CCC,2014B,590744,1,Scotland,HE Qualification,20-Oct,0-35,0,60,0,Withdrawn,12,1,0,1,1,0,1,0,0,1,0,1,1,1,1,7
CCC,2014B,590762,0,Scotland,A Level or Equivalent,30-40%,0-35,0,120,0,Fail,9,0,1,0,0,0,0,0,1,0,1,1,1,0,0,4
CCC,2014B,590877,0,South East Region,Lower Than A Level,40-50%,0-35,0,60,0,Fail,4,1,1,1,0,1,0,1,1,0,1,0,1,1,0,8
CCC,2014B,590881,0,East Anglian Region,Lower Than A Level,30-40%,0-35,0,90,0,Withdrawn,13,1,1,0,1,0,1,0,1,0,1,1,0,0,1,5
CCC,2014B,590914,1,West Midlands Region,A Level or Equivalent,40-50%,0-35,0,60,0,Fail,4,1,0,1,1,1,0,1,0,0,0,0,0,0,0,8
CCC,2014B,590961,0,Scotland,A Level or Equivalent,80-90%,0-35,0,90,0,Withdrawn,12,0,1,1,0,1,1,1,0,1,1,1,0,1,1,7
CCC,2014B,590974,0,Yorkshire Region,Lower Than A Level,60-70%,0-35,0,60,0,Withdrawn,9,1,0,0,1,0,0,0,1,0,1,1,0,1,1,4
CCC,2014B,591375,0,Scotland,A Level or Equivalent,80-90%,35-55,0,60,0,Distinction,1,1,0,1,0,1,0,1,1,1,1,0,0,0,0,2
CCC,2014B,591388,0,West Midlands Region,HE Qualification,60-70%,0-35,0,60,0,Distinction,10,1,0,1,1,1,1,0,1,1,0,0,0,1,0,1
CCC,2014B,591566,0,North Western Region,Lower Than A Level,0-10%,0-35,0,60,0,Withdrawn,14,1,0,1,1,1,0,0,1,1,1,0,1,1,0,5
CCC,2014B,591619,1,South West Region,HE Qualification,90-100%,0-35,0,60,0,Withdrawn,12,0,0,0,1,0,0,0,0,1,1,0,0,0,1,7
CCC,2014B,591655,0,North Region,Lower Than A Level,70-80%,0-35,0,90,0,Withdrawn,3,0,1,1,1,1,0,1,1,0,1,0,1,1,1,8
CCC,2014B,591719,0,West Midlands Region,A Level or Equivalent,20-Oct,0-35,0,60,0,Withdrawn,16,0,1,1,0,0,0,1,1,0,0,0,1,1,0,10
CCC,2014B,591738,0,Ireland,A Level or Equivalent,90-100%,0-35,0,150,0,Withdrawn,9,1,0,0,1,0,0,1,1,1,1,0,0,0,1,4
CCC,2014B,591958,0,South Region,Lower Than A Level,90-100%,0-35,0,60,0,Distinction,11,1,1,1,1,0,1,0,1,1,1,1,0,0,0,6
CCC,2014B,592007,0,North Western Region,A Level or Equivalent,50-60%,0-35,0,120,0,Fail,13,0,0,0,1,1,1,1,0,0,0,1,0,0,1,5
CCC,2014B,592051,0,Scotland,HE Qualification,50-60%,35-55,0,120,1,Withdrawn,16,0,0,1,1,0,1,0,1,0,1,1,1,0,0,10
CCC,2014B,592093,0,West Midlands Region,Lower Than A Level,20-30%,0-35,0,90,0,Withdrawn,9,1,0,0,0,1,1,1,1,1,1,0,1,1,1,4
CCC,2014B,592151,0,South Region,Lower Than A Level,60-70%,0-35,0,60,0,Pass,13,0,0,1,0,1,0,0,0,1,0,0,1,1,1,5
CCC,2014B,592158,1,London Region,A Level or Equivalent,40-50%,0-35,0,120,0,Withdrawn,2,0,0,0,1,0,0,1,1,1,1,1,0,0,0,2
CCC,2014B,592259,0,Yorkshire Region,A Level or Equivalent,80-90%,0-35,0,150,0,Withdrawn,12,1,0,1,0,0,1,1,0,0,1,0,1,1,1,7
CCC,2014B,592284,1,North Western Region,A Level or Equivalent,20-Oct,0-35,0,120,1,Withdrawn,10,1,0,0,1,0,0,1,1,0,1,1,1,1,0,1
CCC,2014B,592407,0,East Midlands Region,A Level or Equivalent,40-50%,0-35,0,90,0,Withdrawn,14,0,0,1,1,0,0,0,1,1,0,0,0,1,0,5
CCC,2014B,592429,0,North Region,HE Qualification,,0-35,0,60,0,Fail,15,0,1,1,0,0,1,1,1,1,1,0,1,1,1,10
CCC,2014B,592437,0,East Anglian Region,A Level or Equivalent,80-90%,35-55,0,120,0,Withdrawn,4,1,1,0,1,1,0,0,1,1,0,0,0,0,0,8
CCC,2014B,592609,0,Scotland,A Level or Equivalent,70-80%,0-35,0,60,0,Withdrawn,6,0,1,0,1,0,0,0,0,1,1,1,0,1,0,9
CCC,2014B,592684,0,Scotland,A Level or Equivalent,30-40%,35-55,0,60,0,Withdrawn,1,1,1,1,1,0,1,0,1,1,0,1,0,1,0,2
CCC,2014B,592775,0,Yorkshire Region,HE Qualification,80-90%,0-35,0,30,0,Pass,8,1,1,0,0,0,1,0,1,0,0,1,0,1,1,3
CCC,2014B,592776,0,Yorkshire Region,A Level or Equivalent,80-90%,0-35,0,60,0,Pass,13,0,0,1,0,1,1,0,1,1,0,1,0,1,1,5
CCC,2014B,592842,0,Scotland,HE Qualification,30-40%,0-35,0,120,0,Fail,14,0,1,0,0,0,0,1,1,1,0,1,0,0,0,5
CCC,2014B,592876,0,Scotland,HE Qualification,20-Oct,0-35,0,90,0,Withdrawn,9,1,0,1,0,1,1,1,1,0,1,0,1,0,0,4
CCC,2014B,592939,0,Scotland,HE Qualification,0-10%,0-35,0,240,0,Withdrawn,1,1,1,1,1,1,0,1,1,0,1,0,0,1,0,2
CCC,2014B,592961,0,North Western Region,HE Qualification,40-50%,35-55,0,60,0,Distinction,6,1,1,1,1,1,0,1,1,1,0,1,0,0,0,9
CCC,2014B,592976,0,West Midlands Region,HE Qualification,60-70%,35-55,0,60,0,Distinction,13,0,1,0,1,0,0,0,1,1,1,0,0,1,0,5
CCC,2014B,593071,0,Scotland,A Level or Equivalent,90-100%,35-55,0,90,0,Withdrawn,2,1,1,1,1,0,0,0,1,1,1,1,0,1,0,2
CCC,2014B,593103,0,North Western Region,A Level or Equivalent,20-30%,0-35,0,120,0,Pass,9,0,0,0,0,1,0,0,1,0,1,1,0,1,1,4
CCC,2014B,593123,0,Wales,A Level or Equivalent,20-Oct,0-35,0,60,0,Fail,2,1,1,0,1,1,0,1,1,0,1,0,0,1,1,2
CCC,2014B,593305,0,Wales,A Level or Equivalent,20-Oct,0-35,0,60,0,Pass,5,1,1,1,1,0,1,0,0,1,1,0,1,1,0,9
CCC,2014B,593787,0,Yorkshire Region,Lower Than A Level,0-10%,0-35,0,60,0,Fail,16,1,0,0,1,1,1,0,0,0,0,0,1,1,0,10
CCC,2014B,593823,0,East Anglian Region,HE Qualification,60-70%,35-55,0,90,0,Distinction,12,1,0,1,0,1,0,0,1,0,1,1,1,1,0,7
CCC,2014B,593972,0,North Western Region,A Level or Equivalent,50-60%,0-35,0,60,0,Pass,13,0,1,0,1,0,1,0,0,1,1,0,0,1,0,5
CCC,2014B,593995,0,Yorkshire Region,A Level or Equivalent,70-80%,0-35,0,60,0,Distinction,16,1,1,1,0,0,0,0,0,1,0,1,0,1,0,10
CCC,2014B,594044,0,Wales,HE Qualification,80-90%,0-35,0,90,0,Pass,7,1,1,0,1,0,1,0,0,0,1,0,0,0,0,3
CCC,2014B,594052,0,North Western Region,A Level or Equivalent,80-90%,0-35,0,90,0,Withdrawn,16,1,0,1,1,0,0,0,1,0,0,1,1,1,1,10
CCC,2014B,594111,0,Wales,A Level or Equivalent,20-Oct,35-55,0,60,0,Withdrawn,6,1,1,0,1,0,0,1,0,0,0,1,1,0,1,9
CCC,2014B,594157,0,South Region,A Level or Equivalent,20-Oct,35-55,0,60,0,Pass,11,0,1,0,1,0,0,0,0,0,0,0,0,1,0,6
CCC,2014B,594193,0,South West Region,Lower Than A Level,90-100%,0-35,0,60,1,Fail,3,0,0,1,0,1,0,0,0,1,1,1,0,0,0,8
CCC,2014B,594199,0,South East Region,A Level or Equivalent,20-30%,0-35,0,90,1,Withdrawn,8,0,0,0,0,0,1,0,1,1,1,0,0,0,1,3
CCC,2014B,594246,0,Scotland,HE Qualification,40-50%,0-35,0,60,0,Fail,11,0,0,0,1,0,0,1,0,1,0,0,1,1,0,6
CCC,2014B,594326,0,West Midlands Region,A Level or Equivalent,60-70%,0-35,0,120,0,Withdrawn,5,1,0,0,1,1,1,0,0,1,0,1,1,0,0,9
CCC,2014B,594371,0,North Region,Post Graduate Qualification,,0-35,0,30,0,Pass,8,1,0,0,1,0,1,0,1,0,1,0,0,1,1,3
CCC,2014B,594419,1,North Western Region,Lower Than A Level,40-50%,0-35,0,90,0,Withdrawn,11,0,0,1,1,0,1,1,0,1,1,1,0,0,0,6
CCC,2014B,594851,0,Scotland,Lower Than A Level,30-40%,0-35,0,90,0,Fail,1,1,1,0,0,0,0,0,1,1,1,0,1,1,1,2
CCC,2014B,595164,0,East Midlands Region,A Level or Equivalent,70-80%,0-35,0,120,1,Pass,11,0,0,0,0,0,1,0,0,0,1,0,0,0,0,6
CCC,2014B,595182,0,Scotland,HE Qualification,70-80%,0-35,0,90,0,Pass,6,1,0,1,1,1,1,0,0,0,0,0,0,1,0,9
CCC,2014B,595189,0,Scotland,A Level or Equivalent,90-100%,35-55,0,60,0,Distinction,8,1,0,1,1,0,1,0,1,0,0,1,1,1,0,3
CCC,2014B,595324,1,Scotland,A Level or Equivalent,60-70%,0-35,0,120,0,Fail,8,1,1,0,0,0,0,0,0,1,1,0,1,1,0,3
CCC,2014B,595356,0,South West Region,A Level or Equivalent,20-Oct,35-55,0,90,0,Withdrawn,9,1,0,0,1,0,1,1,1,0,1,0,0,1,1,4
CCC,2014B,595492,0,South East Region,Lower Than A Level,50-60%,0-35,0,60,0,Fail,13,0,0,0,1,0,1,1,1,0,1,1,0,1,1,5
CCC,2014B,595514,0,East Midlands Region,A Level or Equivalent,80-90%,35-55,0,60,0,Withdrawn,13,1,0,0,0,0,1,1,1,0,0,1,0,1,0,5
CCC,2014B,595659,0,Yorkshire Region,A Level or Equivalent,0-10%,0-35,0,90,0,Pass,10,1,1,0,0,0,1,0,1,1,0,0,0,1,1,1
CCC,2014B,595685,0,East Midlands Region,A Level or Equivalent,60-70%,0-35,0,120,0,Withdrawn,7,1,1,1,1,1,1,0,0,0,0,0,0,1,0,3
CCC,2014B,595781,1,North Region,A Level or Equivalent,30-40%,0-35,0,60,0,Fail,14,0,1,1,1,0,0,1,0,1,1,0,1,1,1,5
CCC,2014B,595797,0,Yorkshire Region,A Level or Equivalent,60-70%,0-35,0,60,0,Pass,9,1,0,1,0,0,0,1,1,1,0,1,1,1,1,4
CCC,2014B,595847,0,Wales,HE Qualification,0-10%,0-35,0,120,0,Pass,11,1,1,0,1,1,1,1,0,0,1,1,0,1,0,6
CCC,2014B,595986,0,South West Region,A Level or Equivalent,80-90%,0-35,0,120,0,Pass,13,1,0,0,1,1,0,0,0,0,0,0,0,0,1,5
CCC,2014B,595992,0,Yorkshire Region,Lower Than A Level,40-50%,0-35,0,60,0,Withdrawn,15,0,1,1,1,0,1,1,0,0,0,0,0,1,1,10
CCC,2014B,596029,0,London Region,Lower Than A Level,20-30%,0-35,0,120,0,Withdrawn,13,0,1,1,1,0,0,0,0,0,1,1,1,0,0,5
CCC,2014B,596035,0,Scotland,A Level or Equivalent,50-60%,35-55,0,105,0,Withdrawn,9,1,0,1,1,0,0,0,1,0,0,0,0,1,1,4
CCC,2014B,596157,0,London Region,Lower Than A Level,40-50%,0-35,0,240,0,Pass,8,0,0,1,1,1,0,1,0,0,0,1,1,0,0,3
CCC,2014B,596321,1,North Western Region,A Level or Equivalent,70-80%,0-35,0,60,0,Withdrawn,2,0,1,0,0,1,1,0,1,1,1,1,0,0,1,2
CCC,2014B,596432,1,South East Region,Lower Than A Level,40-50%,0-35,0,60,0,Withdrawn,13,0,0,0,1,0,1,0,0,1,1,0,0,1,1,5
CCC,2014B,596699,0,East Anglian Region,HE Qualification,30-40%,0-35,0,240,0,Withdrawn,13,0,0,0,0,1,1,0,1,1,1,1,0,1,1,5
CCC,2014B,596731,0,Yorkshire Region,A Level or Equivalent,30-40%,0-35,0,90,0,Pass,13,1,1,1,0,1,0,1,0,1,1,0,1,0,1,5
CCC,2014B,596903,1,Yorkshire Region,Lower Than A Level,20-Oct,0-35,0,120,0,Pass,6,0,1,0,1,1,0,1,0,0,1,1,0,0,0,9
CCC,2014B,596947,0,East Anglian Region,Lower Than A Level,80-90%,0-35,0,90,0,Fail,15,0,1,0,0,0,1,1,0,1,1,1,1,0,1,10
CCC,2014B,597181,0,West Midlands Region,A Level or Equivalent,20-30%,0-35,0,60,0,Fail,2,0,0,0,1,0,1,0,0,0,0,0,1,0,0,2
CCC,2014B,597363,0,South East Region,Lower Than A Level,40-50%,0-35,0,60,0,Withdrawn,16,0,0,1,0,0,1,1,1,0,1,0,1,0,1,10
CCC,2014B,597403,0,North Western Region,A Level or Equivalent,20-Oct,0-35,0,90,0,Pass,9,1,1,1,0,1,1,0,1,0,1,1,1,0,1,4
CCC,2014B,597560,0,East Midlands Region,Lower Than A Level,60-70%,35-55,0,120,0,Withdrawn,2,1,0,1,1,1,1,0,1,1,0,0,0,0,0,2
CCC,2014B,597817,1,East Anglian Region,A Level or Equivalent,20-30%,0-35,0,120,0,Fail,1,1,0,1,1,0,0,0,1,1,0,1,1,0,1,2
CCC,2014B,597926,1,South Region,A Level or Equivalent,90-100%,0-35,0,240,0,Distinction,14,1,0,0,0,0,1,0,1,1,0,1,1,1,0,5
CCC,2014B,598074,0,Scotland,A Level or Equivalent,30-40%,0-35,0,90,0,Withdrawn,3,1,1,0,0,1,0,1,0,1,1,1,0,0,0,8
CCC,2014B,598113,0,Ireland,HE Qualification,,0-35,0,120,0,Pass,7,1,1,0,0,0,1,0,0,1,1,1,1,0,1,3
CCC,2014B,598321,0,South Region,HE Qualification,80-90%,35-55,0,60,0,Pass,6,0,1,0,0,0,1,1,1,0,1,1,0,1,0,9
CCC,2014B,598662,1,Scotland,A Level or Equivalent,90-100%,0-35,0,60,0,Pass,14,0,1,1,1,0,1,1,1,0,0,1,1,1,0,5
CCC,2014B,598666,0,London Region,No Formal quals,20-30%,0-35,0,120,0,Withdrawn,14,1,1,0,0,0,0,1,1,0,0,0,0,1,1,5
CCC,2014B,598757,0,South Region,A Level or Equivalent,90-100%,35-55,0,90,0,Withdrawn,7,0,0,0,0,1,0,0,0,1,1,1,1,1,0,3
CCC,2014B,598860,1,London Region,Lower Than A Level,20-30%,0-35,0,90,0,Distinction,9,1,0,0,1,1,1,0,1,0,1,0,0,1,1,4
CCC,2014B,598924,0,North Region,A Level or Equivalent,40-50%,0-35,0,60,0,Fail,8,1,1,1,1,1,1,0,1,0,1,0,0,0,1,3
CCC,2014B,599263,0,Yorkshire Region,A Level or Equivalent,60-70%,0-35,0,120,0,Fail,6,0,1,1,0,0,1,0,0,0,1,1,1,0,1,9
CCC,2014B,599275,0,Scotland,A Level or Equivalent,90-100%,0-35,0,90,0,Fail,8,0,1,0,0,0,1,0,1,1,1,0,1,0,0,3
CCC,2014B,599341,0,Scotland,A Level or Equivalent,50-60%,0-35,0,90,0,Withdrawn,15,0,0,1,0,1,1,0,0,0,1,1,0,1,1,10
CCC,2014B,599542,0,Scotland,Lower Than A Level,20-Oct,0-35,0,90,0,Fail,12,0,0,0,1,0,1,0,1,1,0,0,0,1,1,7
CCC,2014B,599547,0,East Midlands Region,A Level or Equivalent,70-80%,0-35,0,120,1,Withdrawn,10,1,0,1,0,1,1,0,0,0,1,0,1,1,1,1
CCC,2014B,599615,0,East Midlands Region,Lower Than A Level,40-50%,0-35,0,90,1,Fail,3,0,1,0,0,0,1,1,0,1,1,1,1,1,0,8
CCC,2014B,599857,0,Scotland,Lower Than A Level,20-30%,35-55,0,90,0,Pass,2,0,0,1,1,0,1,0,0,0,1,1,0,1,1,2
CCC,2014B,599893,0,South Region,A Level or Equivalent,70-80%,0-35,0,60,0,Fail,10,0,0,1,0,0,1,1,1,1,0,1,1,0,1,1
CCC,2014B,599902,0,West Midlands Region,Lower Than A Level,90-100%,0-35,0,60,0,Withdrawn,11,1,0,0,1,1,0,1,1,0,0,1,1,1,0,6
CCC,2014B,599937,1,Wales,Lower Than A Level,30-40%,0-35,0,90,0,Withdrawn,7,0,1,1,0,0,0,0,0,0,1,1,1,1,0,3
CCC,2014B,599942,0,Wales,A Level or Equivalent,0-10%,0-35,0,60,0,Withdrawn,5,1,1,0,0,0,1,0,0,0,1,1,1,1,1,9
CCC,2014B,599958,1,South East Region,HE Qualification,40-50%,0-35,0,150,0,Pass,7,1,0,1,0,1,0,1,1,1,1,0,1,1,1,3
CCC,2014B,599986,0,East Midlands Region,Lower Than A Level,20-30%,0-35,0,60,0,Withdrawn,1,0,1,0,1,0,0,0,1,0,1,1,1,1,0,2
CCC,2014B,600073,0,Ireland,A Level or Equivalent,,0-35,0,60,0,Pass,5,1,0,0,0,1,0,1,1,1,0,0,1,0,1,9
CCC,2014B,600094,0,North Western Region,A Level or Equivalent,70-80%,0-35,0,90,0,Withdrawn,4,1,1,1,0,1,0,1,1,0,1,1,1,0,1,8
CCC,2014B,600142,0,Wales,A Level or Equivalent,60-70%,0-35,0,60,0,Fail,5,0,0,0,0,1,1,1,0,0,0,0,1,1,0,9
CCC,2014B,600181,0,East Midlands Region,HE Qualification,70-80%,0-35,0,60,0,Withdrawn,7,1,0,1,0,0,0,1,0,1,1,1,1,0,0,3
CCC,2014B,600335,0,Yorkshire Region,A Level or Equivalent,20-30%,0-35,0,60,0,Pass,6,1,0,1,1,1,0,1,1,0,1,1,1,0,1,9
CCC,2014B,600436,1,West Midlands Region,HE Qualification,20-30%,0-35,0,120,1,Withdrawn,14,0,0,0,0,1,0,0,1,0,1,0,1,1,0,5
CCC,2014B,600509,0,North Western Region,A Level or Equivalent,70-80%,0-35,0,60,0,Withdrawn,2,0,1,1,1,0,1,1,0,0,0,0,1,0,0,2
CCC,2014B,600547,0,North Western Region,A Level or Equivalent,20-Oct,35-55,0,60,0,Withdrawn,14,1,1,1,0,0,0,1,1,1,1,0,0,0,1,5
CCC,2014B,600632,0,South Region,Lower Than A Level,40-50%,0-35,0,180,0,Distinction,4,0,1,0,1,0,1,0,1,0,1,1,0,0,0,8
CCC,2014B,600814,0,South West Region,Lower Than A Level,30-40%,35-55,0,180,0,Withdrawn,7,1,1,1,0,1,1,1,0,0,0,0,0,0,0,3
CCC,2014B,600859,0,Scotland,HE Qualification,20-30%,0-35,0,90,0,Withdrawn,5,1,0,0,1,1,1,0,1,1,1,1,0,1,1,9
CCC,2014B,600879,0,South Region,A Level or Equivalent,80-90%,0-35,0,90,0,Withdrawn,15,0,0,1,1,0,0,1,1,0,0,1,1,1,1,10
CCC,2014B,600938,0,Scotland,HE Qualification,60-70%,0-35,0,90,0,Withdrawn,1,1,1,0,1,1,1,0,1,0,1,0,0,0,1,2
CCC,2014B,600945,0,Scotland,A Level or Equivalent,90-100%,0-35,0,60,0,Pass,5,0,0,0,0,0,1,0,0,0,0,0,1,1,1,9
CCC,2014B,600975,1,East Anglian Region,Lower Than A Level,60-70%,0-35,0,90,0,Withdrawn,13,0,1,1,1,0,1,1,0,0,0,0,0,0,0,5
CCC,2014B,600987,0,North Western Region,A Level or Equivalent,0-10%,0-35,0,60,0,Pass,6,1,0,0,1,0,1,0,1,1,0,0,1,0,1,9
CCC,2014B,601021,0,Ireland,HE Qualification,20-30%,0-35,0,90,0,Withdrawn,6,1,0,0,0,1,1,1,0,0,1,1,1,0,1,9
CCC,2014B,601175,0,South West Region,A Level or Equivalent,70-80%,0-35,0,60,0,Withdrawn,2,0,0,1,1,0,1,0,1,1,1,1,1,1,0,2
CCC,2014B,601224,0,Scotland,HE Qualification,90-100%,0-35,0,90,0,Pass,8,1,1,0,1,0,0,1,1,1,1,0,0,1,1,3
CCC,2014B,601550,1,South Region,A Level or Equivalent,70-80%,35-55,0,30,0,Pass,13,0,1,1,1,0,1,1,0,0,1,1,1,0,0,5
CCC,2014B,601731,0,London Region,A Level or Equivalent,30-40%,0-35,0,210,0,Fail,13,0,1,0,0,1,0,0,1,1,0,1,1,1,0,5
CCC,2014B,601757,0,Scotland,HE Qualification,90-100%,35-55,0,90,0,Withdrawn,3,0,1,1,0,1,1,0,1,0,0,0,1,1,1,8
CCC,2014B,601872,0,East Anglian Region,A Level or Equivalent,40-50%,35-55,0,60,0,Pass,8,0,1,0,0,0,0,0,0,0,1,1,1,1,0,3
CCC,2014B,601949,0,Scotland,HE Qualification,40-50%,35-55,0,30,0,Pass,7,1,1,1,1,0,0,0,1,1,0,0,1,1,1,3
CCC,2014B,602030,0,Scotland,Lower Than A Level,60-70%,0-35,0,60,0,Withdrawn,6,1,0,1,1,0,1,1,1,0,0,1,1,1,0,9
CCC,2014B,602042,0,North Region,Post Graduate Qualification,,35-55,0,30,0,Distinction,15,1,0,0,0,0,0,0,1,0,0,1,0,0,0,10
CCC,2014B,602107,0,London Region,HE Qualification,80-90%,0-35,0,60,0,Fail,14,1,1,0,0,0,1,0,1,1,0,1,1,1,1,5
CCC,2014B,602133,0,South West Region,A Level or Equivalent,60-70%,0-35,0,60,0,Pass,15,1,1,1,1,1,0,1,0,1,1,1,0,0,1,10
CCC,2014B,602150,0,London Region,A Level or Equivalent,20-30%,0-35,0,90,0,Withdrawn,10,1,0,0,0,0,1,1,0,0,0,0,1,1,0,1
CCC,2014B,602269,0,Yorkshire Region,HE Qualification,20-30%,0-35,0,60,0,Fail,14,0,1,0,1,1,0,1,0,1,1,0,1,0,1,5
CCC,2014B,602398,0,West Midlands Region,A Level or Equivalent,30-40%,0-35,0,60,0,Fail,9,0,0,1,1,0,1,0,0,0,0,0,0,1,1,4
CCC,2014B,602585,0,Scotland,A Level or Equivalent,80-90%,0-35,0,90,0,Withdrawn,14,0,0,1,0,0,0,0,0,0,0,0,1,0,1,5
CCC,2014B,602703,0,South East Region,A Level or Equivalent,50-60%,0-35,0,60,0,Withdrawn,16,1,1,1,1,1,1,0,0,0,1,0,1,1,1,10
CCC,2014B,602718,0,Scotland,Post Graduate Qualification,50-60%,0-35,0,60,0,Fail,15,0,1,0,0,0,1,1,0,1,1,1,1,1,1,10
CCC,2014B,602891,1,East Anglian Region,A Level or Equivalent,70-80%,0-35,0,210,1,Withdrawn,8,0,1,1,0,1,1,1,1,0,1,1,1,0,1,3
CCC,2014B,602902,1,Yorkshire Region,Lower Than A Level,80-90%,0-35,0,90,0,Pass,6,1,1,1,1,1,0,0,0,1,1,0,0,1,1,9
CCC,2014B,602913,1,Yorkshire Region,A Level or Equivalent,30-40%,35-55,0,90,0,Pass,1,1,0,1,1,0,1,0,0,0,0,1,0,0,0,2
CCC,2014B,603053,0,Scotland,A Level or Equivalent,40-50%,0-35,0,90,0,Fail,2,0,1,0,0,1,1,1,1,0,0,1,1,0,1,2
CCC,2014B,603222,0,West Midlands Region,Lower Than A Level,60-70%,0-35,0,60,0,Fail,11,1,0,1,0,1,1,1,1,0,1,0,0,0,0,6
CCC,2014B,603239,0,Wales,Lower Than A Level,40-50%,0-35,0,60,0,Fail,7,0,0,1,0,1,1,0,1,1,1,1,1,0,1,3
CCC,2014B,603477,0,East Anglian Region,HE Qualification,70-80%,0-35,0,60,0,Pass,1,1,0,1,1,1,1,0,1,0,0,0,0,0,0,2
CCC,2014B,603498,0,Yorkshire Region,A Level or Equivalent,40-50%,0-35,0,90,0,Fail,4,1,1,0,0,0,1,0,1,0,0,0,0,1,0,8
CCC,2014B,603639,0,North Western Region,A Level or Equivalent,50-60%,0-35,0,60,0,Withdrawn,16,1,1,0,1,0,0,0,0,0,1,1,0,0,0,10
CCC,2014B,603791,0,Scotland,Lower Than A Level,20-30%,0-35,0,120,0,Fail,6,0,1,0,0,1,1,1,0,1,0,0,1,1,1,9
CCC,2014B,603832,0,South West Region,A Level or Equivalent,40-50%,0-35,0,60,0,Withdrawn,7,1,1,1,0,1,1,0,1,1,1,1,0,1,1,3
CCC,2014B,603859,0,South Region,HE Qualification,60-70%,0-35,0,60,0,Pass,14,1,1,0,1,0,1,1,1,0,1,1,0,0,1,5
CCC,2014B,603999,0,North Western Region,A Level or Equivalent,40-50%,0-35,0,60,0,Withdrawn,8,0,0,1,0,1,0,0,0,0,0,1,0,0,1,3
CCC,2014B,604078,0,South West Region,A Level or Equivalent,80-90%,0-35,0,60,0,Withdrawn,9,1,0,0,1,1,0,0,1,1,1,1,0,0,1,4
CCC,2014B,604164,0,West Midlands Region,A Level or Equivalent,,35-55,0,60,0,Withdrawn,11,0,1,0,1,0,1,1,0,0,1,0,0,1,1,6
CCC,2014B,604480,0,West Midlands Region,A Level or Equivalent,80-90%,0-35,0,120,0,Withdrawn,6,0,0,1,0,1,0,1,1,0,1,1,0,1,1,9
CCC,2014B,604517,0,Scotland,Lower Than A Level,60-70%,0-35,0,60,0,Pass,7,1,1,1,0,0,1,0,1,0,0,1,1,1,1,3
CCC,2014B,604559,0,Yorkshire Region,A Level or Equivalent,90-100%,0-35,0,90,0,Withdrawn,13,0,0,0,0,1,0,0,1,1,0,0,0,0,1,5
CCC,2014B,604571,0,East Midlands Region,Lower Than A Level,80-90%,0-35,0,120,0,Pass,2,1,1,0,1,1,0,0,1,0,1,0,0,0,1,2
CCC,2014B,604643,0,West Midlands Region,Lower Than A Level,20-30%,0-35,0,90,0,Withdrawn,1,1,1,1,1,1,1,0,0,0,1,1,0,1,0,2
CCC,2014B,604655,0,Wales,A Level or Equivalent,70-80%,0-35,0,90,1,Fail,7,1,0,1,0,1,1,1,1,0,0,1,1,0,1,3
CCC,2014B,604665,0,London Region,HE Qualification,30-40%,0-35,0,120,0,Withdrawn,5,1,1,1,1,0,1,1,1,0,0,0,0,0,1,9
CCC,2014B,604723,0,South Region,A Level or Equivalent,90-100%,0-35,0,90,0,Pass,11,0,0,0,0,1,1,1,0,1,1,1,1,0,0,6
CCC,2014B,604906,0,South Region,Lower Than A Level,70-80%,0-35,0,60,0,Withdrawn,14,0,0,1,1,0,1,1,1,0,1,1,1,0,0,5
CCC,2014B,604997,1,Scotland,HE Qualification,70-80%,0-35,0,60,0,Pass,13,0,0,0,1,1,1,0,1,1,0,0,1,0,1,5
CCC,2014B,605130,0,Scotland,HE Qualification,20-Oct,0-35,0,75,0,Withdrawn,7,1,0,0,1,0,0,1,1,0,1,0,0,1,0,3
CCC,2014B,605144,0,Scotland,HE Qualification,80-90%,0-35,0,90,0,Pass,16,1,0,0,1,1,1,1,1,1,1,1,1,0,0,10
CCC,2014B,605180,0,North Region,A Level or Equivalent,20-Oct,0-35,0,60,0,Withdrawn,1,1,0,1,0,1,0,1,0,1,1,0,1,1,1,2
CCC,2014B,605266,1,London Region,A Level or Equivalent,40-50%,0-35,0,90,0,Pass,5,1,0,1,0,1,0,0,1,0,1,0,1,0,0,9
CCC,2014B,605571,1,Scotland,HE Qualification,70-80%,35-55,0,90,0,Pass,2,1,0,0,0,0,0,0,1,1,0,1,0,1,1,2
CCC,2014B,605688,0,South Region,A Level or Equivalent,30-40%,35-55,0,60,0,Distinction,2,0,0,1,1,1,1,0,0,0,1,1,0,0,0,2
CCC,2014B,605703,0,London Region,A Level or Equivalent,40-50%,0-35,0,90,0,Distinction,1,1,0,1,0,1,0,0,0,0,0,1,0,1,1,2
CCC,2014B,605926,0,East Anglian Region,A Level or Equivalent,60-70%,0-35,0,60,0,Withdrawn,16,0,1,0,0,1,1,1,0,0,0,1,0,1,1,10
CCC,2014B,606025,0,North Western Region,Lower Than A Level,0-10%,0-35,0,60,0,Withdrawn,3,0,1,1,1,1,1,0,1,1,0,0,0,1,1,8
CCC,2014B,606127,0,Yorkshire Region,A Level or Equivalent,20-Oct,0-35,0,60,0,Withdrawn,14,1,0,1,0,0,0,0,0,0,1,0,1,0,1,5
CCC,2014B,606205,1,East Midlands Region,A Level or Equivalent,90-100%,0-35,0,90,0,Withdrawn,15,1,0,1,1,0,1,1,0,0,1,1,0,0,1,10
CCC,2014B,606206,0,Scotland,A Level or Equivalent,50-60%,0-35,0,60,0,Fail,12,1,1,1,0,0,0,0,1,1,0,1,1,0,0,7
CCC,2014B,606282,1,East Anglian Region,A Level or Equivalent,60-70%,0-35,0,60,1,Pass,7,1,1,0,0,1,0,1,1,0,1,0,0,0,1,3
CCC,2014B,606300,1,East Midlands Region,A Level or Equivalent,20-30%,0-35,0,90,0,Withdrawn,3,1,0,1,1,0,0,1,1,1,0,0,1,1,0,8
CCC,2014B,606350,0,East Anglian Region,A Level or Equivalent,20-Oct,0-35,0,150,0,Fail,9,1,0,1,0,0,1,0,1,0,0,0,0,1,0,4
CCC,2014B,606417,0,South Region,A Level or Equivalent,90-100%,0-35,0,60,1,Withdrawn,12,1,1,0,1,1,0,1,0,0,0,0,0,1,0,7
CCC,2014B,606444,1,North Western Region,Lower Than A Level,40-50%,0-35,0,90,0,Distinction,9,1,1,0,1,1,1,1,1,0,1,0,1,1,1,4
CCC,2014B,606663,0,South West Region,A Level or Equivalent,60-70%,35-55,0,60,0,Withdrawn,10,0,1,0,0,0,1,0,1,1,1,1,0,0,1,1
CCC,2014B,606665,0,North Western Region,A Level or Equivalent,20-30%,0-35,0,90,0,Fail,6,0,0,0,1,1,1,1,1,0,0,1,0,1,0,9
CCC,2014B,606724,0,East Anglian Region,A Level or Equivalent,70-80%,0-35,0,60,0,Pass,3,0,0,0,0,0,0,1,1,1,1,0,0,1,1,8
CCC,2014B,606828,0,West Midlands Region,Lower Than A Level,,0-35,0,60,0,Fail,12,0,0,0,0,1,0,1,1,0,1,1,0,1,0,7
CCC,2014B,606930,0,South Region,Lower Than A Level,90-100%,0-35,0,90,0,Withdrawn,9,1,0,0,1,0,1,1,0,0,1,1,0,0,1,4
CCC,2014B,607052,0,East Midlands Region,A Level or Equivalent,20-Oct,35-55,0,90,0,Pass,16,0,0,1,0,1,1,0,1,0,0,0,0,0,0,10
CCC,2014B,607060,1,South Region,A Level or Equivalent,90-100%,0-35,0,60,0,Withdrawn,5,1,0,0,1,1,0,1,0,1,0,0,0,1,0,9
CCC,2014B,607061,0,Scotland,A Level or Equivalent,20-30%,0-35,0,90,0,Distinction,14,1,0,0,1,1,0,1,1,0,0,0,1,0,1,5
CCC,2014B,607063,1,North Region,A Level or Equivalent,,0-35,0,90,0,Withdrawn,13,1,0,0,1,1,0,0,0,1,1,0,0,1,1,5
CCC,2014B,607411,1,London Region,A Level or Equivalent,50-60%,0-35,0,180,1,Withdrawn,14,1,0,0,1,0,0,0,0,0,1,0,0,0,1,5
CCC,2014B,607413,0,East Anglian Region,HE Qualification,40-50%,0-35,0,60,0,Withdrawn,11,0,0,1,0,0,0,1,1,0,0,0,1,0,0,6
CCC,2014B,607442,0,North Region,Lower Than A Level,20-Oct,0-35,0,60,0,Withdrawn,5,1,1,1,0,1,1,0,1,1,1,0,0,1,1,9
CCC,2014B,607453,0,South East Region,HE Qualification,20-30%,0-35,0,240,0,Withdrawn,6,1,1,1,0,0,0,0,1,1,0,0,0,1,1,9
CCC,2014B,607609,0,London Region,Lower Than A Level,20-Oct,0-35,0,90,0,Withdrawn,12,1,0,0,1,0,0,1,0,1,1,0,1,0,0,7
CCC,2014B,607636,0,Wales,A Level or Equivalent,60-70%,0-35,0,60,0,Pass,12,0,0,0,0,0,1,1,1,0,0,0,1,1,1,7
CCC,2014B,607703,0,Scotland,Lower Than A Level,40-50%,0-35,0,60,0,Withdrawn,2,0,0,1,1,1,0,1,1,0,1,1,1,0,0,2
CCC,2014B,607835,0,South Region,A Level or Equivalent,80-90%,0-35,0,60,0,Distinction,5,0,1,1,1,0,0,1,1,0,1,0,1,1,0,9
CCC,2014B,607896,0,London Region,A Level or Equivalent,30-40%,0-35,0,150,1,Withdrawn,9,1,1,1,1,0,1,0,0,0,1,1,0,1,1,4
CCC,2014B,607927,1,North Western Region,Lower Than A Level,30-40%,0-35,0,150,0,Fail,2,0,1,1,0,1,1,1,1,0,1,1,0,0,0,2
CCC,2014B,607966,1,North Region,A Level or Equivalent,20-Oct,0-35,0,90,0,Withdrawn,16,1,0,0,0,1,0,0,1,0,1,0,1,1,0,10
CCC,2014B,608130,0,South West Region,Lower Than A Level,50-60%,35-55,0,60,0,Withdrawn,3,1,1,1,1,0,1,0,1,0,1,1,0,1,1,8
CCC,2014B,608152,1,Scotland,HE Qualification,90-100%,0-35,0,60,0,Fail,5,1,0,0,0,1,0,1,1,0,0,1,1,1,1,9
CCC,2014B,608243,0,South Region,A Level or Equivalent,80-90%,0-35,0,60,0,Pass,3,1,0,0,1,0,0,0,1,0,1,0,0,0,0,8
CCC,2014B,608464,0,North Western Region,Lower Than A Level,40-50%,0-35,0,60,0,Pass,4,0,0,0,1,1,0,1,0,0,1,1,0,1,1,8
CCC,2014B,608472,0,North Western Region,Lower Than A Level,50-60%,0-35,0,60,0,Fail,5,0,1,0,1,0,0,1,1,0,0,1,1,1,0,9
CCC,2014B,608504,0,North Western Region,A Level or Equivalent,30-40%,0-35,0,60,0,Withdrawn,16,1,0,1,1,1,1,1,1,1,1,0,0,0,0,10
CCC,2014B,608549,1,North Western Region,A Level or Equivalent,30-40%,0-35,0,120,1,Withdrawn,7,0,0,0,0,1,1,0,1,1,0,1,0,0,0,3
CCC,2014B,608577,0,North Region,HE Qualification,,35-55,0,60,0,Withdrawn,1,0,0,1,1,0,0,0,1,1,0,0,1,1,0,2
CCC,2014B,608643,0,North Region,HE Qualification,40-50%,0-35,0,120,0,Withdrawn,3,0,1,1,1,0,0,0,0,1,1,0,0,1,0,8
CCC,2014B,608735,1,South Region,HE Qualification,90-100%,0-35,0,30,0,Pass,16,0,1,0,1,0,1,1,0,0,1,0,0,0,0,10
CCC,2014B,608750,0,London Region,A Level or Equivalent,60-70%,0-35,0,150,0,Withdrawn,10,0,0,1,0,1,0,0,1,0,1,1,1,1,1,1
CCC,2014B,608753,0,East Midlands Region,A Level or Equivalent,40-50%,0-35,0,120,0,Fail,4,1,1,1,1,0,0,1,0,0,0,0,0,1,1,8
CCC,2014B,608904,0,North Region,Post Graduate Qualification,,35-55,0,90,0,Distinction,3,1,0,1,0,0,1,1,0,1,1,0,1,0,1,8
CCC,2014B,608923,0,East Anglian Region,Lower Than A Level,0-10%,0-35,0,120,0,Withdrawn,15,0,1,1,0,0,1,0,1,0,1,0,1,0,1,10
CCC,2014B,609025,0,London Region,Lower Than A Level,90-100%,35-55,0,60,0,Withdrawn,11,0,0,1,0,1,0,0,0,1,1,1,0,1,0,6
CCC,2014B,609045,0,Wales,HE Qualification,20-Oct,0-35,0,60,0,Pass,15,0,1,1,0,0,0,0,1,0,0,0,0,1,0,10
CCC,2014B,609192,0,Scotland,Lower Than A Level,80-90%,0-35,0,60,0,Withdrawn,14,1,0,0,1,0,0,1,0,0,1,0,1,0,0,5
CCC,2014B,609229,0,Ireland,A Level or Equivalent,,35-55,0,120,0,Distinction,13,0,0,0,0,1,1,1,1,0,0,0,1,0,0,5
CCC,2014B,609241,1,West Midlands Region,HE Qualification,20-30%,35-55,0,120,0,Withdrawn,6,1,1,1,0,1,0,1,0,1,0,1,0,1,1,9
CCC,2014B,609383,0,South Region,Lower Than A Level,60-70%,0-35,0,60,0,Withdrawn,12,0,0,1,1,1,1,1,0,1,1,1,1,1,0,7
CCC,2014B,609450,0,Scotland,HE Qualification,40-50%,0-35,0,60,0,Withdrawn,12,1,1,0,1,0,0,1,1,0,1,1,0,1,1,7
CCC,2014B,609489,0,North Western Region,HE Qualification,30-40%,0-35,0,60,0,Withdrawn,6,0,0,1,0,0,1,0,0,0,0,1,1,1,1,9
CCC,2014B,609515,0,Scotland,A Level or Equivalent,20-30%,0-35,0,60,0,Pass,6,0,1,0,0,0,0,1,0,1,1,0,1,1,0,9
CCC,2014B,609602,0,South Region,A Level or Equivalent,50-60%,0-35,0,90,0,Distinction,1,1,0,0,0,0,0,1,1,0,0,1,1,1,0,2
CCC,2014B,609605,0,Wales,HE Qualification,70-80%,0-35,0,120,0,Withdrawn,4,1,1,1,0,1,0,0,1,1,1,0,0,1,1,8
CCC,2014B,609645,0,South Region,A Level or Equivalent,90-100%,0-35,0,120,0,Fail,5,0,0,1,0,0,0,1,1,0,1,1,0,0,0,9
CCC,2014B,609828,1,South West Region,A Level or Equivalent,40-50%,0-35,0,60,0,Withdrawn,1,1,0,0,0,0,0,0,1,1,0,0,1,1,1,2
CCC,2014B,610099,0,West Midlands Region,A Level or Equivalent,90-100%,35-55,0,120,0,Pass,11,1,0,0,0,1,1,0,1,1,1,1,0,0,0,6
CCC,2014B,610158,0,East Anglian Region,Lower Than A Level,40-50%,0-35,0,60,0,Withdrawn,3,1,1,1,0,0,1,0,1,1,1,1,0,1,1,8
CCC,2014B,610234,0,Scotland,HE Qualification,50-60%,0-35,0,90,0,Withdrawn,11,1,0,1,1,0,1,1,1,1,0,0,0,0,0,6
CCC,2014B,610287,0,East Anglian Region,HE Qualification,80-90%,0-35,0,60,0,Withdrawn,5,0,0,1,0,0,0,1,0,1,0,0,0,1,0,9
CCC,2014B,610391,0,West Midlands Region,Lower Than A Level,20-Oct,0-35,0,60,0,Fail,16,0,1,1,0,0,1,0,1,0,1,1,0,0,1,10
CCC,2014B,610575,0,West Midlands Region,HE Qualification,40-50%,0-35,0,60,0,Pass,4,1,1,1,0,0,1,0,1,1,0,1,0,0,1,8
CCC,2014B,610577,0,North Region,Lower Than A Level,,0-35,0,90,0,Fail,5,1,1,1,0,0,0,0,0,1,1,0,1,0,1,9
CCC,2014B,610718,0,North Region,Lower Than A Level,40-50%,0-35,0,60,0,Fail,14,1,1,1,0,0,1,1,1,0,1,1,1,0,1,5
CCC,2014B,610831,0,East Anglian Region,Lower Than A Level,60-70%,0-35,0,120,0,Withdrawn,8,1,1,1,1,0,0,0,1,1,0,0,0,0,1,3
CCC,2014B,611062,0,South West Region,A Level or Equivalent,20-30%,0-35,0,60,0,Fail,4,1,0,1,0,0,0,0,0,0,1,1,1,1,0,8
CCC,2014B,611176,0,Ireland,Lower Than A Level,,35-55,0,60,0,Distinction,15,1,1,0,1,1,1,0,1,1,0,0,0,0,1,10
CCC,2014B,611260,0,West Midlands Region,A Level or Equivalent,0-10%,35-55,0,30,0,Pass,15,1,1,1,1,1,0,0,0,1,1,0,0,0,1,10
CCC,2014B,611402,0,South Region,HE Qualification,70-80%,35-55,0,60,0,Pass,13,1,1,0,1,0,0,1,1,1,1,1,1,0,1,5
CCC,2014B,611750,0,Scotland,A Level or Equivalent,40-50%,0-35,0,120,0,Withdrawn,3,1,1,0,1,0,1,1,1,1,0,0,1,0,0,8
CCC,2014B,611865,0,London Region,A Level or Equivalent,50-60%,0-35,0,90,0,Withdrawn,13,1,1,1,0,0,1,1,1,1,1,0,0,1,1,5
CCC,2014B,612023,0,South Region,Lower Than A Level,30-40%,0-35,0,60,0,Fail,13,1,0,0,1,1,0,0,1,1,1,0,1,1,0,5
CCC,2014B,612119,0,North Western Region,A Level or Equivalent,0-10%,0-35,0,60,0,Pass,13,0,1,1,1,1,1,1,1,1,0,1,0,1,1,5
CCC,2014B,612124,0,South East Region,A Level or Equivalent,70-80%,0-35,0,60,0,Withdrawn,12,1,0,1,0,0,1,1,0,1,1,0,1,0,1,7
CCC,2014B,612287,0,Wales,Lower Than A Level,30-40%,0-35,0,60,0,Withdrawn,6,0,1,0,1,0,0,0,0,0,0,1,0,0,0,9
CCC,2014B,612381,1,East Anglian Region,HE Qualification,30-40%,35-55,0,60,0,Withdrawn,9,1,1,0,0,0,0,0,1,0,1,1,0,0,1,4
CCC,2014B,612397,0,South East Region,Lower Than A Level,50-60%,35-55,0,60,0,Withdrawn,3,0,1,0,1,0,1,0,0,1,1,1,0,0,1,8
CCC,2014B,612644,0,South West Region,A Level or Equivalent,20-Oct,0-35,0,60,0,Pass,10,1,0,0,1,1,0,1,1,1,1,0,0,1,1,1
CCC,2014B,612673,0,Wales,A Level or Equivalent,20-30%,0-35,0,60,0,Fail,14,0,1,0,1,1,0,1,1,0,0,1,1,0,1,5
CCC,2014B,612805,0,South East Region,HE Qualification,30-40%,0-35,0,90,0,Withdrawn,15,1,0,1,1,0,1,0,1,0,1,1,0,0,1,10
CCC,2014B,612814,0,London Region,A Level or Equivalent,20-30%,0-35,0,60,0,Distinction,3,1,1,0,0,0,1,1,0,0,1,1,0,0,1,8
CCC,2014B,612822,0,North Western Region,Lower Than A Level,0-10%,0-35,0,90,0,Withdrawn,13,0,1,0,1,1,1,0,1,0,0,0,0,0,1,5
CCC,2014B,612860,0,South Region,A Level or Equivalent,50-60%,0-35,0,60,0,Withdrawn,1,0,0,1,0,1,1,1,1,0,1,0,0,0,0,2
CCC,2014B,612882,0,East Anglian Region,HE Qualification,20-30%,0-35,0,60,0,Fail,12,0,0,1,0,1,1,0,1,1,1,0,0,1,0,7
CCC,2014B,613116,1,West Midlands Region,Lower Than A Level,70-80%,0-35,0,60,0,Fail,15,1,0,0,1,0,0,0,1,0,1,1,0,0,1,10
CCC,2014B,613120,0,London Region,A Level or Equivalent,20-30%,35-55,0,120,0,Withdrawn,7,1,0,0,1,1,1,0,1,0,1,1,0,0,1,3
CCC,2014B,613133,0,North Region,Post Graduate Qualification,,0-35,0,60,0,Distinction,13,0,0,0,1,1,0,0,0,1,0,0,0,1,1,5
CCC,2014B,613280,1,London Region,HE Qualification,20-30%,0-35,0,120,0,Withdrawn,9,1,0,0,0,0,1,0,1,1,0,0,0,0,0,4
CCC,2014B,613310,0,Ireland,A Level or Equivalent,80-90%,0-35,0,60,0,Fail,5,0,0,1,1,0,1,0,0,1,1,1,0,1,0,9
CCC,2014B,613387,0,North Region,HE Qualification,80-90%,0-35,0,60,0,Fail,3,0,1,1,0,1,0,0,0,0,1,0,1,0,1,8
CCC,2014B,613390,1,East Anglian Region,A Level or Equivalent,30-40%,0-35,0,30,0,Withdrawn,15,1,1,1,0,0,0,1,0,0,1,0,1,0,0,10
CCC,2014B,613417,0,Wales,Lower Than A Level,20-Oct,0-35,0,90,0,Fail,13,1,1,1,0,0,0,0,0,0,0,1,1,0,1,5
CCC,2014B,613441,0,East Anglian Region,A Level or Equivalent,90-100%,0-35,0,120,0,Withdrawn,8,1,1,1,0,1,0,0,0,0,1,0,1,1,1,3
CCC,2014B,613447,0,East Midlands Region,Lower Than A Level,20-Oct,0-35,0,120,1,Withdrawn,8,1,0,0,0,0,1,0,1,0,0,1,1,0,1,3
CCC,2014B,613461,0,Scotland,Lower Than A Level,90-100%,0-35,0,90,0,Fail,8,1,0,0,0,0,0,0,1,1,1,1,1,1,0,3
CCC,2014B,613501,0,East Anglian Region,Lower Than A Level,70-80%,0-35,0,60,0,Pass,2,0,0,0,1,0,1,0,0,0,1,0,0,1,1,2
CCC,2014B,613873,0,South East Region,Lower Than A Level,90-100%,0-35,0,90,0,Withdrawn,1,1,1,1,0,1,1,0,0,1,0,0,0,1,1,2
CCC,2014B,614059,0,South Region,HE Qualification,90-100%,35-55,0,90,1,Pass,7,0,1,0,0,1,0,1,0,0,1,1,0,1,0,3
CCC,2014B,614263,1,Yorkshire Region,Lower Than A Level,0-10%,0-35,0,60,0,Fail,10,1,0,0,0,0,0,1,1,1,0,1,1,0,1,1
CCC,2014B,614265,0,South Region,Lower Than A Level,50-60%,35-55,0,120,1,Withdrawn,5,1,1,0,1,0,1,1,1,1,0,0,0,1,1,9
CCC,2014B,614345,1,North Western Region,Lower Than A Level,0-10%,0-35,0,60,0,Withdrawn,8,1,1,0,1,1,0,1,1,0,1,1,1,0,0,3
CCC,2014B,614477,1,South Region,A Level or Equivalent,70-80%,0-35,0,60,0,Fail,6,1,1,1,0,1,1,1,1,0,1,1,0,1,1,9
CCC,2014B,614733,0,London Region,No Formal quals,0-10%,0-35,0,120,0,Withdrawn,13,0,1,1,1,0,1,1,1,1,1,0,0,0,0,5
CCC,2014B,614804,0,Scotland,A Level or Equivalent,0-10%,0-35,0,90,1,Withdrawn,10,1,1,0,1,0,0,1,0,0,0,0,0,0,1,1
CCC,2014B,614844,1,East Anglian Region,A Level or Equivalent,60-70%,0-35,0,90,0,Distinction,10,1,1,0,1,0,0,1,0,1,1,1,0,1,0,1
CCC,2014B,614952,0,London Region,Lower Than A Level,20-Oct,0-35,0,60,0,Withdrawn,10,0,0,1,1,0,0,0,1,0,0,0,1,0,1,1
CCC,2014B,615031,1,South East Region,Lower Than A Level,70-80%,0-35,0,60,0,Pass,9,1,1,0,1,1,1,1,0,0,1,0,1,1,0,4
CCC,2014B,615229,0,Yorkshire Region,A Level or Equivalent,0-10%,0-35,0,60,1,Pass,11,1,0,1,0,1,0,1,0,0,0,0,1,1,0,6
CCC,2014B,615246,0,East Anglian Region,Lower Than A Level,30-40%,0-35,0,60,0,Fail,15,0,1,0,0,1,0,1,1,1,0,1,0,0,0,10
CCC,2014B,615249,1,East Anglian Region,A Level or Equivalent,20-Oct,0-35,0,180,0,Pass,8,1,0,0,1,0,0,0,1,0,1,1,0,1,1,3
CCC,2014B,615321,1,South Region,HE Qualification,50-60%,35-55,0,60,0,Withdrawn,2,1,0,0,0,1,0,1,0,1,1,1,0,0,0,2
CCC,2014B,615407,0,Scotland,HE Qualification,90-100%,0-35,0,30,0,Fail,9,1,1,1,0,0,1,0,0,1,0,0,1,1,0,4
CCC,2014B,615437,0,East Anglian Region,HE Qualification,20-Oct,0-35,0,30,0,Pass,1,1,1,1,1,0,1,0,1,1,1,0,1,0,0,2
CCC,2014B,616333,0,North Western Region,A Level or Equivalent,30-40%,0-35,0,60,1,Fail,2,1,1,1,0,1,0,0,0,1,0,1,0,0,1,2
CCC,2014B,616334,0,North Region,Lower Than A Level,50-60%,0-35,0,90,0,Fail,9,1,1,0,1,1,0,0,0,0,1,0,1,1,0,4
CCC,2014B,616407,0,Wales,Lower Than A Level,70-80%,35-55,0,60,0,Withdrawn,4,1,1,1,1,1,1,0,1,0,0,0,0,0,0,8
CCC,2014B,616439,0,East Anglian Region,A Level or Equivalent,50-60%,0-35,0,60,0,Withdrawn,8,1,1,0,1,1,0,0,0,1,1,1,0,1,0,3
CCC,2014B,616831,0,North Western Region,Lower Than A Level,0-10%,0-35,0,60,0,Pass,12,0,0,0,0,1,1,0,0,0,1,1,1,1,0,7
CCC,2014B,617186,1,London Region,Lower Than A Level,0-10%,0-35,0,60,0,Fail,3,0,1,0,1,1,0,0,0,1,1,1,1,1,0,8
CCC,2014B,617307,1,East Anglian Region,Lower Than A Level,20-30%,0-35,0,120,0,Withdrawn,14,0,1,1,1,1,0,0,0,0,0,0,0,1,1,5
CCC,2014B,617331,0,South Region,A Level or Equivalent,0-10%,0-35,0,60,0,Fail,7,1,1,1,0,1,1,1,1,1,0,1,1,0,0,3
CCC,2014B,617348,1,West Midlands Region,A Level or Equivalent,20-Oct,0-35,0,30,0,Pass,1,0,0,0,0,1,0,1,0,1,1,1,0,1,0,2
CCC,2014B,617355,1,South Region,Lower Than A Level,30-40%,0-35,0,60,0,Pass,15,1,0,0,0,1,0,0,0,0,0,1,0,1,1,10
CCC,2014B,617365,0,Scotland,Lower Than A Level,20-30%,0-35,0,60,0,Pass,8,0,1,0,0,1,0,0,0,1,0,0,1,1,1,3
CCC,2014B,617416,0,Scotland,Lower Than A Level,70-80%,0-35,0,30,0,Pass,8,0,0,0,0,0,1,0,0,0,1,1,1,1,1,3
CCC,2014B,617781,0,North Region,HE Qualification,30-40%,35-55,0,90,0,Pass,11,0,0,0,1,1,0,1,1,1,0,1,1,1,0,6
CCC,2014B,617898,0,North Region,Lower Than A Level,20-30%,0-35,0,60,0,Withdrawn,15,1,1,0,0,1,0,1,1,1,1,1,0,1,1,10
CCC,2014B,617925,1,East Anglian Region,Lower Than A Level,60-70%,0-35,0,90,0,Withdrawn,7,1,1,1,1,0,0,1,0,0,1,0,0,0,0,3
CCC,2014B,617942,0,Scotland,HE Qualification,50-60%,0-35,0,30,0,Withdrawn,13,1,1,1,1,0,0,0,1,0,0,0,1,1,0,5
CCC,2014B,618002,1,Scotland,HE Qualification,50-60%,0-35,0,60,0,Fail,7,1,0,0,1,1,1,1,1,0,0,1,1,0,1,3
CCC,2014B,618078,0,East Midlands Region,A Level or Equivalent,20-Oct,0-35,0,60,0,Withdrawn,11,0,1,0,1,0,1,1,1,1,0,0,1,0,0,6
CCC,2014B,618096,0,South West Region,A Level or Equivalent,70-80%,0-35,0,60,0,Distinction,14,1,1,1,0,0,1,0,1,0,0,0,0,0,0,5
CCC,2014B,618129,0,South Region,Lower Than A Level,50-60%,0-35,0,30,0,Pass,7,0,1,1,1,1,1,1,0,0,0,0,0,1,0,3
CCC,2014B,618171,0,East Midlands Region,Lower Than A Level,70-80%,0-35,0,90,0,Withdrawn,16,1,0,0,0,1,0,1,0,1,0,1,1,0,0,10
CCC,2014B,618279,0,North Western Region,Lower Than A Level,0-10%,0-35,0,90,0,Withdrawn,9,1,0,0,0,1,1,0,1,1,0,1,1,0,0,4
CCC,2014B,618514,0,West Midlands Region,A Level or Equivalent,0-10%,0-35,0,60,0,Withdrawn,16,0,1,1,0,1,1,1,0,0,1,1,1,1,0,10
CCC,2014B,618571,0,North Region,A Level or Equivalent,0-10%,35-55,0,60,0,Pass,12,1,1,0,0,0,1,0,1,0,0,1,0,0,1,7
CCC,2014B,618590,0,South Region,A Level or Equivalent,60-70%,0-35,0,90,1,Withdrawn,16,1,0,0,1,0,0,1,0,0,1,0,1,0,0,10
CCC,2014B,618606,0,East Midlands Region,A Level or Equivalent,20-Oct,0-35,0,60,0,Withdrawn,4,0,1,0,0,1,0,1,1,0,0,1,0,1,0,8
CCC,2014B,618619,0,East Midlands Region,Lower Than A Level,80-90%,0-35,0,60,0,Withdrawn,10,1,0,0,1,1,0,1,1,1,1,1,0,0,1,1
CCC,2014B,618649,1,South West Region,A Level or Equivalent,80-90%,0-35,0,90,1,Withdrawn,11,1,1,1,1,0,1,0,1,0,0,1,0,0,0,6
CCC,2014B,618665,0,South Region,Lower Than A Level,20-Oct,0-35,0,90,0,Fail,1,1,1,1,1,1,1,1,1,0,0,1,0,0,0,2
CCC,2014B,618679,0,West Midlands Region,Lower Than A Level,20-Oct,0-35,0,60,0,Withdrawn,8,1,1,1,1,1,1,1,1,0,1,1,1,1,0,3
CCC,2014B,618744,0,South East Region,Lower Than A Level,40-50%,0-35,0,90,1,Withdrawn,13,1,0,0,1,1,0,1,0,1,1,0,0,1,0,5
CCC,2014B,618824,1,Wales,Lower Than A Level,0-10%,0-35,0,60,0,Pass,6,1,1,1,1,1,1,1,1,0,0,1,0,1,0,9
CCC,2014B,618861,0,West Midlands Region,Lower Than A Level,60-70%,35-55,0,30,0,Withdrawn,4,0,0,1,1,1,0,0,1,1,1,0,1,1,0,8
CCC,2014B,619006,0,North Western Region,A Level or Equivalent,60-70%,0-35,0,60,0,Withdrawn,1,1,1,0,0,0,1,1,0,0,0,1,1,1,1,2
CCC,2014B,619014,0,Yorkshire Region,A Level or Equivalent,30-40%,0-35,0,60,0,Pass,9,0,1,0,1,0,0,0,1,1,1,1,0,1,0,4
CCC,2014B,619303,0,South Region,A Level or Equivalent,80-90%,0-35,0,60,0,Pass,10,1,1,0,0,1,0,1,0,0,0,0,1,1,1,1
CCC,2014B,619447,0,London Region,A Level or Equivalent,40-50%,35-55,0,60,0,Distinction,5,1,1,1,0,0,0,1,1,0,1,0,1,1,0,9
CCC,2014B,619524,1,Scotland,A Level or Equivalent,50-60%,0-35,0,60,0,Withdrawn,7,0,1,0,0,1,1,1,1,1,1,0,1,0,0,3
CCC,2014B,619870,0,South Region,A Level or Equivalent,,0-35,0,60,0,Distinction,15,0,1,1,0,1,1,1,1,0,1,0,0,1,0,10
CCC,2014B,620148,0,Wales,A Level or Equivalent,0-10%,0-35,0,30,0,Fail,9,0,0,1,0,1,0,1,0,0,1,1,0,1,1,4
CCC,2014B,620215,0,North Western Region,A Level or Equivalent,0-10%,0-35,0,60,1,Withdrawn,12,0,0,0,0,0,0,1,1,0,1,0,1,1,0,7
CCC,2014B,620243,0,South West Region,Lower Than A Level,80-90%,0-35,0,90,0,Withdrawn,1,0,0,1,0,1,1,1,0,1,0,1,0,1,0,2
CCC,2014B,620266,0,Scotland,A Level or Equivalent,60-70%,0-35,0,60,0,Fail,1,1,1,1,1,1,1,0,1,1,1,0,1,1,1,2
CCC,2014B,620320,0,North Western Region,Lower Than A Level,20-30%,0-35,0,120,1,Withdrawn,14,0,1,1,1,0,0,0,1,0,0,1,0,1,1,5
CCC,2014B,620356,0,North Region,A Level or Equivalent,,0-35,0,90,0,Withdrawn,5,0,0,1,0,1,0,1,0,1,0,0,0,1,1,9
CCC,2014B,620368,1,Scotland,Post Graduate Qualification,60-70%,35-55,0,60,0,Distinction,7,0,0,0,0,0,0,1,0,1,0,0,0,0,1,3
CCC,2014B,620369,0,Wales,A Level or Equivalent,30-40%,0-35,0,75,0,Withdrawn,9,1,1,1,0,0,0,1,0,0,0,1,0,0,1,4
CCC,2014B,620376,0,South Region,Lower Than A Level,40-50%,0-35,0,60,0,Withdrawn,2,0,1,1,0,1,0,1,1,1,1,1,1,1,1,2
CCC,2014B,620440,0,North Western Region,Lower Than A Level,0-10%,0-35,0,60,0,Fail,13,0,1,0,1,1,0,0,1,0,1,1,1,1,1,5
CCC,2014B,620485,1,Scotland,HE Qualification,40-50%,0-35,0,60,0,Withdrawn,11,1,0,0,0,0,0,0,0,1,0,0,1,1,1,6
CCC,2014B,620646,0,South Region,Lower Than A Level,90-100%,0-35,0,60,0,Fail,5,0,1,0,0,0,0,1,1,0,1,0,1,1,1,9
CCC,2014B,620713,0,South West Region,Lower Than A Level,20-Oct,0-35,0,120,1,Withdrawn,11,1,1,1,0,1,0,0,0,0,0,1,1,1,1,6
CCC,2014B,620876,0,South Region,A Level or Equivalent,80-90%,0-35,0,60,0,Fail,14,1,1,0,1,0,1,1,0,0,0,1,1,0,1,5
CCC,2014B,620897,0,London Region,A Level or Equivalent,30-40%,0-35,0,60,0,Withdrawn,8,1,1,1,0,1,0,1,1,1,0,0,1,1,0,3
CCC,2014B,620918,0,Yorkshire Region,A Level or Equivalent,0-10%,0-35,0,60,0,Withdrawn,10,0,1,0,0,1,0,1,1,1,0,1,0,0,0,1
CCC,2014B,620935,0,North Western Region,A Level or Equivalent,70-80%,0-35,0,60,0,Withdrawn,15,0,1,0,1,1,0,0,0,0,0,1,1,1,1,10
CCC,2014B,620974,1,South West Region,A Level or Equivalent,30-40%,0-35,0,90,1,Withdrawn,4,1,1,0,1,1,0,0,0,0,0,1,0,0,0,8
CCC,2014B,620977,0,South West Region,A Level or Equivalent,80-90%,0-35,0,60,0,Withdrawn,5,1,1,1,1,1,0,1,1,0,0,1,0,1,0,9
CCC,2014B,621300,0,London Region,A Level or Equivalent,30-40%,0-35,0,90,0,Withdrawn,4,0,1,0,0,1,0,1,1,1,1,0,0,1,0,8
CCC,2014B,621401,0,Yorkshire Region,A Level or Equivalent,30-40%,0-35,0,60,0,Fail,4,1,0,0,0,1,0,0,1,1,0,1,1,0,0,8
CCC,2014B,621619,0,East Anglian Region,Lower Than A Level,30-40%,0-35,0,60,1,Withdrawn,6,0,1,0,0,0,1,1,1,0,1,0,0,1,0,9
CCC,2014B,621655,0,North Western Region,Lower Than A Level,70-80%,0-35,0,60,0,Withdrawn,10,1,1,1,0,0,1,1,1,0,0,0,1,0,1,1
CCC,2014B,621656,0,Yorkshire Region,A Level or Equivalent,60-70%,35-55,0,60,0,Pass,16,0,0,1,0,0,1,0,1,0,1,1,0,1,1,10
CCC,2014B,621696,0,London Region,A Level or Equivalent,40-50%,35-55,0,90,0,Withdrawn,8,0,0,1,0,0,1,0,1,0,1,0,0,0,0,3
CCC,2014B,621807,0,North Western Region,Lower Than A Level,0-10%,0-35,0,90,0,Withdrawn,14,1,1,1,0,1,1,0,1,0,0,1,0,0,1,5
CCC,2014B,622015,0,Scotland,Lower Than A Level,70-80%,0-35,0,60,0,Withdrawn,11,1,1,1,0,0,0,0,1,0,0,1,1,1,1,6
CCC,2014B,622130,1,Yorkshire Region,A Level or Equivalent,20-Oct,0-35,0,120,0,Withdrawn,11,0,0,0,1,1,0,0,1,0,1,1,1,1,0,6
CCC,2014B,622215,1,South Region,A Level or Equivalent,80-90%,0-35,0,90,0,Fail,9,0,1,0,0,0,0,1,0,1,0,0,0,0,1,4
CCC,2014B,622302,0,North Region,Post Graduate Qualification,,55<=,0,30,0,Distinction,14,0,0,0,1,1,1,0,0,1,1,0,1,1,0,5
CCC,2014B,622368,0,South Region,Lower Than A Level,90-100%,35-55,0,60,1,Pass,1,1,1,0,1,1,0,0,1,0,1,1,1,0,0,2
CCC,2014B,622386,0,South West Region,HE Qualification,40-50%,35-55,0,60,0,Fail,10,0,0,1,1,0,1,0,0,0,1,0,1,1,0,1
CCC,2014B,622398,0,North Western Region,HE Qualification,0-10%,0-35,0,60,0,Withdrawn,1,0,0,0,0,0,0,1,0,1,0,1,1,0,0,2
CCC,2014B,622430,0,London Region,Lower Than A Level,0-10%,0-35,0,120,0,Withdrawn,16,1,1,0,1,0,1,1,1,1,0,0,0,1,1,10
CCC,2014B,622652,0,Scotland,HE Qualification,80-90%,0-35,0,90,0,Distinction,1,1,1,1,1,0,1,1,0,0,1,1,0,0,1,2
CCC,2014B,622753,1,South West Region,A Level or Equivalent,50-60%,0-35,0,60,0,Fail,14,1,1,0,1,1,1,0,0,0,1,1,1,0,1,5
CCC,2014B,622773,1,South East Region,A Level or Equivalent,80-90%,0-35,0,120,0,Pass,3,0,0,0,1,1,0,1,0,0,1,0,0,0,1,8
CCC,2014B,622787,0,London Region,Post Graduate Qualification,20-Oct,35-55,0,30,0,Fail,2,0,0,1,1,0,0,0,0,1,1,0,0,0,0,2
CCC,2014B,622804,0,East Midlands Region,A Level or Equivalent,30-40%,0-35,0,30,0,Withdrawn,12,0,1,1,0,1,1,0,0,1,0,0,1,1,0,7
CCC,2014B,622897,0,London Region,A Level or Equivalent,20-Oct,0-35,0,90,0,Withdrawn,14,0,0,0,1,1,1,0,0,0,0,1,1,1,0,5
CCC,2014B,622948,0,North Region,A Level or Equivalent,30-40%,0-35,0,60,0,Withdrawn,9,0,1,0,1,0,0,1,1,1,0,1,0,1,1,4
CCC,2014B,623052,1,London Region,A Level or Equivalent,20-30%,35-55,0,90,0,Pass,7,0,1,1,1,1,1,1,1,1,1,0,0,0,0,3
CCC,2014B,623190,0,South West Region,A Level or Equivalent,0-10%,0-35,0,60,0,Withdrawn,12,1,0,1,1,1,1,1,1,1,1,0,1,0,1,7
CCC,2014B,623250,0,East Anglian Region,A Level or Equivalent,20-Oct,0-35,0,60,0,Pass,8,1,1,0,0,1,1,0,0,0,1,0,0,0,1,3
CCC,2014B,623290,1,London Region,Lower Than A Level,20-Oct,0-35,0,60,0,Pass,4,1,0,1,1,0,0,1,0,1,1,1,0,0,0,8
CCC,2014B,623347,0,Ireland,Post Graduate Qualification,,0-35,0,90,0,Distinction,2,1,1,1,1,0,0,0,0,0,1,1,1,0,0,2
CCC,2014B,623421,0,East Midlands Region,A Level or Equivalent,70-80%,0-35,0,60,0,Pass,15,0,0,0,1,0,0,1,0,0,0,1,1,1,1,10
CCC,2014B,623456,0,East Anglian Region,A Level or Equivalent,0-10%,0-35,0,90,0,Fail,11,0,0,0,1,0,0,0,0,1,1,1,0,1,1,6
CCC,2014B,623511,0,South Region,HE Qualification,70-80%,0-35,0,30,0,Withdrawn,10,1,1,1,0,0,1,0,0,1,0,0,1,0,1,1
CCC,2014B,623562,0,West Midlands Region,A Level or Equivalent,70-80%,0-35,0,60,1,Pass,13,0,1,1,1,1,0,0,1,0,1,0,0,1,1,5
CCC,2014B,623605,0,West Midlands Region,A Level or Equivalent,80-90%,0-35,0,60,0,Fail,8,0,1,1,0,1,1,0,0,1,0,0,0,1,1,3
CCC,2014B,623609,0,North Western Region,Lower Than A Level,50-60%,35-55,0,60,0,Fail,1,1,1,0,1,1,1,1,0,1,1,0,1,0,0,2
CCC,2014B,623619,1,East Midlands Region,Lower Than A Level,50-60%,35-55,0,90,0,Withdrawn,2,1,1,1,1,1,1,1,1,0,0,1,0,0,1,2
CCC,2014B,623667,0,South East Region,A Level or Equivalent,30-40%,0-35,0,60,0,Pass,10,1,1,1,0,1,1,1,1,0,1,0,0,0,1,1
CCC,2014B,623707,1,East Midlands Region,Lower Than A Level,30-40%,0-35,0,30,0,Withdrawn,16,1,1,1,0,0,0,0,0,1,1,0,0,0,1,10
CCC,2014B,623732,0,London Region,A Level or Equivalent,50-60%,35-55,0,60,0,Pass,8,0,0,0,0,1,0,1,0,0,1,0,0,0,1,3
CCC,2014B,623738,0,London Region,A Level or Equivalent,20-30%,35-55,0,90,0,Withdrawn,14,1,0,1,1,0,0,1,1,1,0,0,0,1,1,5
CCC,2014B,623780,0,Scotland,Lower Than A Level,70-80%,0-35,0,60,0,Fail,9,0,0,0,1,1,0,1,0,1,0,1,1,0,1,4
CCC,2014B,623786,0,London Region,A Level or Equivalent,30-40%,0-35,0,90,0,Withdrawn,4,1,1,1,0,1,1,0,1,1,1,0,1,1,1,8
CCC,2014B,623797,1,North Region,Lower Than A Level,0-10%,35-55,0,60,0,Pass,15,0,1,0,1,1,0,1,1,0,0,1,0,0,1,10
CCC,2014B,624039,0,West Midlands Region,A Level or Equivalent,20-Oct,0-35,0,60,0,Fail,7,1,1,1,0,0,0,0,1,1,1,0,0,1,0,3
CCC,2014B,624060,1,North Region,Post Graduate Qualification,,35-55,0,30,0,Withdrawn,2,1,0,1,1,0,1,0,1,1,0,1,0,0,0,2
CCC,2014B,624126,0,South Region,Lower Than A Level,90-100%,0-35,0,60,0,Withdrawn,9,0,1,1,1,0,0,1,1,0,1,0,1,0,0,4
CCC,2014B,624127,1,London Region,A Level or Equivalent,30-40%,35-55,0,60,0,Pass,12,1,1,1,0,1,0,1,0,1,1,0,1,0,1,7
CCC,2014B,624134,0,North Western Region,Lower Than A Level,0-10%,0-35,0,60,0,Fail,14,0,1,0,1,0,0,1,1,0,0,1,1,0,1,5
CCC,2014B,624164,0,London Region,A Level or Equivalent,30-40%,0-35,0,90,0,Pass,5,1,0,1,1,1,0,0,0,0,0,1,0,1,1,9
CCC,2014B,624354,1,South West Region,A Level or Equivalent,50-60%,0-35,0,120,0,Withdrawn,3,0,1,1,1,0,0,1,1,0,0,0,0,0,0,8
CCC,2014B,624441,0,South Region,A Level or Equivalent,90-100%,0-35,0,60,0,Pass,10,1,0,0,0,1,0,0,0,0,1,0,1,1,0,1
CCC,2014B,624445,1,London Region,HE Qualification,20-30%,0-35,0,60,0,Distinction,15,1,1,1,1,0,1,0,0,1,0,0,1,0,0,10
CCC,2014B,624483,0,South West Region,HE Qualification,30-40%,0-35,0,30,0,Distinction,2,0,1,0,0,1,1,0,1,1,0,1,1,0,1,2
CCC,2014B,624591,0,London Region,HE Qualification,20-30%,0-35,0,120,0,Fail,8,0,0,1,1,0,0,1,0,0,0,1,1,0,1,3
CCC,2014B,624593,0,East Midlands Region,Lower Than A Level,20-30%,0-35,0,60,0,Withdrawn,10,0,0,1,0,0,1,0,1,0,0,0,0,0,0,1
CCC,2014B,624765,0,London Region,HE Qualification,60-70%,35-55,0,60,0,Withdrawn,15,0,1,1,1,0,1,0,1,1,0,0,0,1,0,10
CCC,2014B,624782,1,East Anglian Region,Lower Than A Level,30-40%,0-35,0,60,0,Fail,8,0,1,0,0,0,0,1,0,1,1,0,0,0,0,3
CCC,2014B,624810,0,Scotland,HE Qualification,50-60%,0-35,0,60,0,Pass,8,0,0,1,1,1,0,1,1,0,0,1,1,1,0,3
CCC,2014B,624875,0,South East Region,A Level or Equivalent,70-80%,0-35,0,30,1,Distinction,15,0,1,1,1,0,0,1,1,0,1,0,0,1,1,10
CCC,2014B,624970,1,Scotland,HE Qualification,70-80%,0-35,0,120,0,Pass,16,1,1,1,0,0,1,0,1,0,0,0,1,0,0,10
CCC,2014B,625014,1,South East Region,A Level or Equivalent,20-Oct,0-35,0,60,0,Distinction,11,0,1,1,1,1,1,1,1,0,0,0,0,0,0,6
CCC,2014B,625028,0,South Region,HE Qualification,40-50%,0-35,0,60,0,Distinction,8,1,1,0,1,0,0,1,1,0,0,0,1,1,0,3
CCC,2014B,625077,0,Scotland,A Level or Equivalent,90-100%,0-35,0,30,0,Pass,9,0,0,0,1,1,0,0,1,0,0,1,1,0,1,4
CCC,2014B,625078,1,Wales,HE Qualification,0-10%,0-35,0,180,0,Withdrawn,12,0,1,1,0,1,1,1,0,1,1,0,1,0,1,7
CCC,2014B,625108,1,East Anglian Region,HE Qualification,60-70%,35-55,0,60,0,Distinction,1,0,0,1,0,1,1,1,0,1,1,1,1,0,0,2
CCC,2014B,625121,0,South East Region,Lower Than A Level,70-80%,0-35,0,60,0,Withdrawn,11,1,0,0,0,0,0,1,0,1,1,1,1,0,0,6
CCC,2014B,625128,1,North Western Region,Lower Than A Level,0-10%,0-35,0,60,1,Fail,9,1,1,1,0,1,0,0,0,0,1,1,1,0,0,4
CCC,2014B,625207,0,West Midlands Region,HE Qualification,0-10%,0-35,0,60,0,Withdrawn,11,0,0,1,1,0,1,0,0,1,0,0,0,1,0,6
CCC,2014B,625213,0,Yorkshire Region,Lower Than A Level,50-60%,0-35,0,60,0,Withdrawn,1,0,0,1,1,1,1,0,0,1,0,1,1,0,0,2
CCC,2014B,625267,1,North Western Region,A Level or Equivalent,0-10%,0-35,0,120,0,Withdrawn,7,0,1,1,1,0,1,1,0,1,0,1,0,0,0,3
CCC,2014B,625330,0,Scotland,A Level or Equivalent,50-60%,35-55,0,60,0,Distinction,10,1,1,0,1,0,1,0,1,0,1,0,1,0,0,1
CCC,2014B,625423,0,Scotland,Lower Than A Level,0-10%,0-35,0,60,0,Withdrawn,11,0,0,0,0,0,0,0,1,0,0,1,0,1,0,6
CCC,2014B,625453,0,North Region,Post Graduate Qualification,,35-55,0,30,0,Pass,16,1,1,0,0,1,0,0,0,1,1,0,0,0,1,10
CCC,2014B,625476,0,North Western Region,Lower Than A Level,60-70%,0-35,0,60,0,Withdrawn,9,0,0,1,0,0,0,1,1,0,1,1,1,1,1,4
CCC,2014B,625517,0,East Anglian Region,A Level or Equivalent,20-30%,35-55,0,60,0,Withdrawn,9,0,1,0,0,0,0,1,0,0,0,1,1,1,0,4
CCC,2014B,625527,0,North Region,A Level or Equivalent,70-80%,0-35,0,60,0,Withdrawn,6,1,0,1,1,1,0,0,1,0,0,0,1,0,1,9
CCC,2014B,625552,0,North Western Region,A Level or Equivalent,0-10%,0-35,0,60,0,Pass,6,1,1,0,1,1,0,0,1,0,1,0,0,1,0,9
CCC,2014B,625568,0,South Region,A Level or Equivalent,20-30%,0-35,0,90,0,Withdrawn,14,0,0,0,0,0,0,0,0,0,0,0,0,1,0,5
CCC,2014B,625574,1,West Midlands Region,A Level or Equivalent,,0-35,0,60,0,Distinction,15,1,0,0,1,0,0,1,1,1,0,1,1,0,0,10
CCC,2014B,625614,0,North Region,Lower Than A Level,,0-35,0,60,0,Withdrawn,8,1,1,1,0,1,1,0,1,0,1,0,1,1,1,3
CCC,2014B,625684,0,East Anglian Region,A Level or Equivalent,40-50%,35-55,0,60,0,Fail,9,1,0,0,0,0,1,1,1,1,1,0,0,1,0,4
CCC,2014B,625714,0,East Anglian Region,HE Qualification,50-60%,0-35,0,90,0,Fail,10,1,0,1,1,0,0,0,0,1,1,1,0,1,0,1
CCC,2014B,625740,0,North Western Region,HE Qualification,30-40%,0-35,0,60,0,Fail,3,0,0,0,1,1,1,1,0,0,0,1,1,0,0,8
CCC,2014B,625745,0,South West Region,A Level or Equivalent,80-90%,0-35,0,60,0,Pass,16,1,1,0,1,1,0,1,0,1,0,1,0,1,0,10
CCC,2014B,625774,0,Scotland,Lower Than A Level,0-10%,35-55,0,60,0,Withdrawn,7,0,1,1,0,0,0,1,1,0,1,1,0,1,0,3
CCC,2014B,625782,0,London Region,A Level or Equivalent,20-Oct,0-35,0,60,0,Pass,16,1,0,0,1,0,1,0,0,1,0,0,0,1,0,10
CCC,2014B,625785,0,Scotland,A Level or Equivalent,90-100%,0-35,0,90,0,Withdrawn,1,1,1,1,1,0,0,0,0,0,1,1,0,1,0,2
CCC,2014B,625790,0,South Region,Lower Than A Level,70-80%,0-35,0,60,0,Withdrawn,3,0,1,1,0,0,0,1,0,0,1,0,1,1,1,8
CCC,2014B,625793,0,South West Region,A Level or Equivalent,70-80%,0-35,0,90,0,Withdrawn,8,1,0,0,0,1,1,0,0,0,1,1,1,1,1,3
CCC,2014B,625822,0,Scotland,Post Graduate Qualification,90-100%,35-55,0,60,0,Distinction,7,0,1,1,0,0,0,0,1,0,1,1,1,1,0,3
CCC,2014B,625838,0,East Anglian Region,A Level or Equivalent,40-50%,0-35,0,30,0,Pass,12,0,1,0,1,0,1,0,1,0,1,1,0,0,1,7
CCC,2014B,625841,0,North Western Region,A Level or Equivalent,20-30%,0-35,0,60,0,Fail,7,0,1,0,1,1,0,1,1,0,1,1,0,1,1,3
CCC,2014B,625884,0,South West Region,A Level or Equivalent,40-50%,0-35,0,60,0,Withdrawn,4,1,0,1,0,0,1,1,0,1,0,0,1,1,0,8
CCC,2014B,625950,0,East Midlands Region,Lower Than A Level,20-30%,0-35,0,60,0,Withdrawn,16,1,0,0,0,0,0,0,0,0,0,1,1,1,0,10
CCC,2014B,625953,0,London Region,HE Qualification,20-Oct,35-55,0,90,0,Withdrawn,15,0,1,0,1,0,1,1,0,0,1,0,0,1,1,10
CCC,2014B,625975,0,West Midlands Region,A Level or Equivalent,50-60%,0-35,0,60,1,Fail,11,0,1,1,0,0,0,1,1,0,1,0,0,0,1,6
CCC,2014B,626055,1,Scotland,HE Qualification,20-Oct,0-35,0,90,0,Fail,3,0,0,1,0,0,0,0,1,1,1,1,0,0,1,8
CCC,2014B,626173,1,East Anglian Region,Lower Than A Level,60-70%,0-35,0,60,0,Withdrawn,2,1,1,0,0,1,1,1,0,1,1,1,1,0,0,2
CCC,2014B,626183,0,East Anglian Region,Lower Than A Level,0-10%,0-35,0,60,0,Fail,10,0,1,0,0,1,0,1,1,0,0,0,1,1,0,1
CCC,2014B,626252,1,South East Region,A Level or Equivalent,30-40%,0-35,0,60,0,Distinction,3,0,0,0,1,1,1,1,0,0,0,1,1,1,1,8
CCC,2014B,626296,0,South Region,Lower Than A Level,80-90%,0-35,0,90,0,Withdrawn,4,1,1,1,0,0,0,0,1,1,0,1,0,0,1,8
CCC,2014B,626349,0,Scotland,A Level or Equivalent,30-40%,0-35,0,90,0,Withdrawn,15,1,1,0,1,1,1,0,0,0,1,1,1,0,1,10
CCC,2014B,626417,0,Wales,Lower Than A Level,80-90%,0-35,0,90,0,Withdrawn,1,0,0,1,0,1,1,1,0,1,0,0,1,0,0,2
CCC,2014B,626438,0,North Western Region,A Level or Equivalent,0-10%,0-35,0,60,0,Withdrawn,14,0,0,1,0,0,0,1,0,0,0,0,0,0,1,5
CCC,2014B,626444,0,Yorkshire Region,A Level or Equivalent,50-60%,0-35,0,60,0,Withdrawn,3,1,1,1,0,1,0,1,1,0,0,1,1,0,1,8
CCC,2014B,626469,0,South Region,Lower Than A Level,90-100%,0-35,0,120,0,Withdrawn,16,0,1,1,1,0,1,0,1,1,1,0,1,0,0,10
CCC,2014B,626501,0,East Anglian Region,HE Qualification,60-70%,35-55,0,30,0,Pass,10,1,1,0,1,1,1,0,0,0,0,0,0,1,0,1
CCC,2014B,626516,0,East Midlands Region,Lower Than A Level,60-70%,35-55,0,60,0,Fail,1,0,0,1,1,0,1,1,0,0,1,1,1,0,0,2
CCC,2014B,626518,0,Wales,A Level or Equivalent,80-90%,0-35,0,60,0,Withdrawn,7,0,1,0,0,1,1,1,1,1,0,0,1,1,0,3
CCC,2014B,626614,0,Scotland,HE Qualification,40-50%,0-35,0,30,0,Fail,5,0,1,0,0,1,1,0,1,1,1,1,0,0,1,9
CCC,2014B,626625,0,Scotland,A Level or Equivalent,50-60%,0-35,0,90,0,Withdrawn,2,0,1,0,1,1,0,1,1,1,1,0,1,0,1,2
CCC,2014B,626712,0,North Region,HE Qualification,,0-35,0,30,0,Withdrawn,11,0,1,1,0,0,1,0,1,0,0,0,1,0,0,6
CCC,2014B,626714,0,West Midlands Region,A Level or Equivalent,70-80%,0-35,0,60,0,Fail,10,1,1,1,1,1,1,0,1,0,0,0,1,0,1,1
CCC,2014B,626763,0,West Midlands Region,A Level or Equivalent,0-10%,0-35,0,60,0,Pass,4,1,1,0,1,1,1,1,0,0,0,1,0,0,0,8
CCC,2014B,626772,0,London Region,Lower Than A Level,70-80%,0-35,0,60,0,Withdrawn,9,1,1,1,1,1,0,1,1,0,0,0,1,1,0,4
CCC,2014B,626857,1,East Anglian Region,A Level or Equivalent,60-70%,0-35,0,60,0,Fail,11,0,1,0,0,1,1,0,0,1,1,0,1,1,0,6
CCC,2014B,626862,0,East Anglian Region,HE Qualification,70-80%,0-35,0,60,0,Distinction,15,0,1,0,0,1,1,0,1,1,0,1,0,0,1,10
CCC,2014B,626877,0,West Midlands Region,A Level or Equivalent,40-50%,0-35,0,60,0,Fail,11,1,1,1,1,1,1,1,0,1,0,1,0,1,0,6
CCC,2014B,626906,0,South Region,Lower Than A Level,90-100%,0-35,0,60,0,Fail,11,1,0,0,0,1,0,0,1,0,1,1,0,1,0,6
CCC,2014B,626930,0,Wales,Lower Than A Level,20-30%,0-35,0,90,0,Withdrawn,11,1,1,1,0,1,0,0,0,1,1,1,1,0,0,6
CCC,2014B,626998,0,Yorkshire Region,HE Qualification,30-40%,0-35,0,60,0,Pass,6,1,0,1,1,1,0,1,0,1,1,0,1,0,0,9
CCC,2014B,627066,0,Scotland,A Level or Equivalent,50-60%,0-35,0,30,0,Fail,16,1,1,0,0,1,1,1,1,0,1,0,1,1,0,10
CCC,2014B,627136,0,East Midlands Region,A Level or Equivalent,60-70%,0-35,0,60,0,Distinction,11,0,1,0,1,1,1,0,0,1,0,0,1,0,0,6
CCC,2014B,627160,1,London Region,Lower Than A Level,20-Oct,0-35,0,120,0,Withdrawn,14,0,0,0,0,0,0,1,1,1,1,1,0,0,1,5
CCC,2014B,627168,0,East Anglian Region,Lower Than A Level,60-70%,0-35,0,60,0,Withdrawn,11,1,1,0,1,0,1,0,0,0,0,1,1,1,0,6
CCC,2014B,627176,1,Yorkshire Region,Lower Than A Level,50-60%,0-35,0,90,0,Withdrawn,6,1,0,0,1,0,1,1,1,0,1,0,1,0,0,9
CCC,2014B,627253,0,Yorkshire Region,A Level or Equivalent,40-50%,0-35,0,60,0,Distinction,9,1,0,0,0,0,0,0,1,1,1,1,1,1,1,4
CCC,2014B,627307,0,South West Region,HE Qualification,80-90%,0-35,0,90,0,Withdrawn,7,0,1,0,1,0,1,1,1,0,1,1,0,0,1,3
CCC,2014B,627343,1,South West Region,Lower Than A Level,60-70%,0-35,0,60,0,Pass,11,1,0,0,0,1,1,0,0,1,1,0,0,1,0,6
CCC,2014B,627348,0,North Western Region,A Level or Equivalent,60-70%,0-35,0,60,0,Pass,14,1,0,1,1,1,1,0,0,0,1,0,0,0,1,5
CCC,2014B,627374,0,West Midlands Region,Lower Than A Level,,0-35,0,60,0,Pass,6,0,1,1,0,1,0,0,1,0,1,0,1,0,0,9
CCC,2014B,627386,0,Scotland,A Level or Equivalent,30-40%,0-35,0,30,0,Fail,2,0,1,0,0,0,1,1,1,1,0,1,0,1,0,2
CCC,2014B,627387,0,West Midlands Region,HE Qualification,50-60%,0-35,0,60,0,Pass,9,1,0,1,0,1,1,0,1,1,1,0,1,0,1,4
CCC,2014B,627395,0,North Western Region,HE Qualification,20-30%,0-35,0,120,0,Withdrawn,14,0,1,1,1,0,0,1,1,0,0,0,0,0,1,5
CCC,2014B,627399,1,North Western Region,A Level or Equivalent,0-10%,0-35,0,60,0,Pass,5,1,0,1,0,1,1,1,1,1,0,1,0,1,0,9
CCC,2014B,627435,1,East Anglian Region,Lower Than A Level,30-40%,0-35,0,30,0,Withdrawn,13,0,0,1,1,0,1,1,1,0,0,0,1,1,1,5
CCC,2014B,627500,0,South Region,Lower Than A Level,80-90%,0-35,0,60,0,Withdrawn,12,1,1,0,1,1,0,1,1,0,1,0,0,1,0,7
CCC,2014B,627516,0,Wales,Lower Than A Level,50-60%,35-55,0,60,0,Withdrawn,9,1,1,1,1,0,1,1,1,0,1,0,1,0,0,4
CCC,2014B,627520,0,Scotland,HE Qualification,0-10%,0-35,0,30,0,Withdrawn,6,1,1,0,1,0,0,0,1,0,0,0,1,1,1,9
CCC,2014B,627632,0,East Anglian Region,Lower Than A Level,20-30%,0-35,0,30,1,Withdrawn,5,1,1,1,0,0,0,0,0,0,1,1,0,1,0,9
CCC,2014B,627635,0,West Midlands Region,A Level or Equivalent,,0-35,0,60,0,Fail,1,0,1,1,1,1,0,1,0,1,0,0,0,1,0,2
CCC,2014B,627636,0,East Midlands Region,Lower Than A Level,80-90%,0-35,0,60,0,Withdrawn,2,0,0,0,0,0,1,1,1,1,1,1,1,0,0,2
CCC,2014B,627691,0,Ireland,HE Qualification,,35-55,0,60,0,Pass,13,0,1,1,0,0,0,1,1,0,0,1,0,1,1,5
CCC,2014B,627711,0,West Midlands Region,A Level or Equivalent,20-Oct,0-35,0,60,0,Withdrawn,11,1,1,1,1,1,0,0,1,1,0,0,0,0,1,6
CCC,2014B,627747,0,South East Region,A Level or Equivalent,20-Oct,35-55,0,30,0,Pass,11,0,1,1,0,1,0,0,1,1,0,1,1,1,1,6
CCC,2014B,627750,1,Scotland,HE Qualification,40-50%,0-35,0,60,0,Pass,13,1,1,1,0,0,1,0,1,0,1,0,1,0,0,5
CCC,2014B,627784,0,London Region,A Level or Equivalent,70-80%,0-35,0,60,0,Withdrawn,1,1,0,1,1,0,0,0,1,0,1,1,1,1,1,2
CCC,2014B,627907,0,South Region,Lower Than A Level,20-Oct,0-35,0,60,0,Withdrawn,6,0,0,0,1,1,1,1,0,1,0,0,1,1,1,9
CCC,2014B,627933,0,Scotland,A Level or Equivalent,90-100%,0-35,0,120,1,Fail,8,1,0,0,0,0,0,1,0,1,0,1,0,0,0,3
CCC,2014B,627947,1,South Region,A Level or Equivalent,20-30%,35-55,0,60,0,Withdrawn,2,0,1,0,1,0,0,0,0,0,0,0,0,0,1,2
CCC,2014B,628022,0,London Region,A Level or Equivalent,0-10%,0-35,0,60,0,Withdrawn,10,0,0,1,1,1,1,0,1,1,0,0,0,1,1,1
CCC,2014B,628029,1,North Western Region,A Level or Equivalent,80-90%,0-35,0,60,0,Withdrawn,1,1,1,1,1,1,1,1,1,1,1,1,1,1,0,2
CCC,2014B,628053,0,London Region,HE Qualification,20-Oct,0-35,0,60,0,Fail,1,1,0,1,0,1,1,0,0,1,1,0,1,0,0,2
CCC,2014B,628086,0,East Midlands Region,A Level or Equivalent,20-Oct,35-55,0,60,0,Pass,3,0,1,1,0,0,1,0,0,0,1,0,1,0,1,8
CCC,2014B,628090,0,Yorkshire Region,HE Qualification,40-50%,0-35,0,30,0,Fail,2,0,1,1,1,0,1,1,0,0,0,1,0,0,1,2
CCC,2014B,628122,1,Scotland,HE Qualification,50-60%,0-35,0,30,0,Fail,5,0,1,0,0,1,0,0,1,0,0,1,1,0,1,9
CCC,2014B,628141,0,South West Region,Lower Than A Level,0-10%,0-35,0,120,0,Withdrawn,16,0,0,1,1,1,0,0,1,0,0,1,0,1,0,10
CCC,2014B,628157,1,North Western Region,A Level or Equivalent,20-Oct,0-35,0,30,0,Distinction,16,0,0,0,0,0,1,0,1,0,0,1,1,0,1,10
CCC,2014B,628214,0,South East Region,Lower Than A Level,70-80%,0-35,0,60,0,Withdrawn,2,1,0,0,1,0,1,1,1,0,1,1,1,0,1,2
CCC,2014B,628293,0,West Midlands Region,HE Qualification,20-30%,0-35,0,30,0,Pass,11,0,0,1,1,0,0,0,0,1,1,1,0,1,0,6
CCC,2014B,628366,0,Scotland,Lower Than A Level,40-50%,0-35,0,60,0,Withdrawn,7,0,1,1,0,1,1,1,0,0,0,1,0,1,0,3
CCC,2014B,628383,0,London Region,HE Qualification,20-30%,0-35,0,30,0,Pass,7,0,1,0,1,1,0,0,0,1,0,1,0,1,0,3
CCC,2014B,628506,0,East Anglian Region,A Level or Equivalent,60-70%,0-35,0,30,0,Pass,1,1,0,0,1,0,0,0,0,1,0,0,0,1,1,2
CCC,2014B,628527,0,Wales,A Level or Equivalent,30-40%,0-35,0,60,0,Withdrawn,7,1,0,0,0,1,0,0,1,0,1,0,1,0,1,3
CCC,2014B,628565,0,East Anglian Region,A Level or Equivalent,50-60%,0-35,0,60,0,Withdrawn,11,0,1,0,0,1,1,0,0,0,1,0,0,1,1,6
CCC,2014B,628575,0,Scotland,A Level or Equivalent,20-30%,0-35,0,90,0,Pass,16,0,0,0,1,0,0,1,0,1,0,1,1,0,1,10
CCC,2014B,628663,0,North Region,Lower Than A Level,,35-55,0,30,0,Pass,4,1,0,0,0,1,1,0,0,1,1,1,1,0,0,8
CCC,2014B,628677,1,Scotland,Lower Than A Level,70-80%,35-55,0,90,0,Withdrawn,13,1,1,1,1,0,0,0,1,0,1,0,0,0,1,5
CCC,2014B,628718,0,Scotland,A Level or Equivalent,60-70%,0-35,0,90,1,Withdrawn,14,1,1,1,1,0,1,0,1,1,1,0,1,0,0,5
CCC,2014B,628725,0,North Region,Lower Than A Level,50-60%,0-35,0,90,0,Withdrawn,9,1,0,0,1,0,0,1,1,0,0,1,1,1,1,4
CCC,2014B,628771,1,South Region,HE Qualification,90-100%,0-35,0,30,0,Withdrawn,12,1,1,1,1,0,0,0,1,0,1,1,1,0,1,7
CCC,2014B,628803,0,London Region,A Level or Equivalent,20-30%,35-55,0,90,0,Withdrawn,9,0,1,1,1,0,0,1,1,0,0,0,1,1,0,4
CCC,2014B,628846,0,South West Region,A Level or Equivalent,70-80%,0-35,0,90,0,Withdrawn,15,0,1,1,1,1,0,0,1,0,0,0,1,0,1,10
CCC,2014B,628938,0,West Midlands Region,A Level or Equivalent,0-10%,0-35,0,60,0,Withdrawn,2,0,0,1,1,1,0,0,1,0,0,0,1,0,0,2
CCC,2014B,628993,0,South Region,HE Qualification,70-80%,0-35,0,60,0,Withdrawn,11,0,0,0,0,0,0,1,1,1,0,0,1,1,1,6
CCC,2014B,629081,0,Scotland,HE Qualification,40-50%,0-35,0,60,0,Fail,4,1,0,0,0,1,0,1,1,1,1,1,1,0,0,8
CCC,2014B,629164,0,West Midlands Region,Lower Than A Level,20-30%,0-35,0,60,0,Distinction,8,1,0,1,1,1,0,1,0,1,0,1,1,1,1,3
CCC,2014B,629209,0,North Region,HE Qualification,50-60%,0-35,0,30,0,Withdrawn,16,1,0,0,1,1,0,1,0,0,1,1,0,0,0,10
CCC,2014B,629270,0,Wales,A Level or Equivalent,40-50%,0-35,0,90,0,Fail,12,0,0,1,1,0,0,0,0,0,1,0,0,0,1,7
CCC,2014B,629342,1,Yorkshire Region,HE Qualification,30-40%,35-55,0,60,0,Withdrawn,9,1,1,0,1,1,1,1,1,0,1,1,1,0,1,4
CCC,2014B,629445,1,London Region,HE Qualification,20-Oct,0-35,0,30,0,Withdrawn,7,0,0,0,1,1,0,0,0,0,0,1,1,0,1,3
CCC,2014B,629500,0,South East Region,A Level or Equivalent,80-90%,0-35,0,60,0,Withdrawn,11,0,0,1,1,0,0,0,0,0,0,1,0,0,1,6
CCC,2014B,629560,1,North Western Region,Lower Than A Level,40-50%,0-35,0,60,0,Withdrawn,13,1,1,1,0,0,1,0,0,0,0,0,1,1,1,5
CCC,2014B,629601,0,Scotland,HE Qualification,50-60%,0-35,0,60,0,Withdrawn,13,1,1,0,1,1,0,0,1,1,0,0,1,1,1,5
CCC,2014B,629613,1,London Region,Lower Than A Level,40-50%,0-35,0,90,0,Fail,14,0,1,0,0,1,0,0,1,1,0,1,0,0,0,5
CCC,2014B,629623,0,Yorkshire Region,A Level or Equivalent,30-40%,35-55,0,60,0,Withdrawn,8,1,0,0,1,1,0,1,1,1,0,0,0,1,0,3
CCC,2014B,629628,0,Yorkshire Region,Lower Than A Level,50-60%,0-35,0,60,0,Withdrawn,11,1,0,1,1,0,0,0,1,0,1,0,1,1,0,6
CCC,2014B,629632,1,North Western Region,A Level or Equivalent,20-Oct,0-35,0,90,1,Withdrawn,15,0,0,0,0,0,0,1,1,0,1,0,1,1,0,10
CCC,2014B,629654,1,South Region,A Level or Equivalent,30-40%,0-35,0,60,0,Fail,4,1,1,0,1,0,1,0,1,0,1,0,1,0,1,8
CCC,2014B,629692,0,North Western Region,A Level or Equivalent,20-Oct,0-35,0,120,0,Withdrawn,5,1,1,1,0,1,1,0,0,1,1,1,1,1,1,9
CCC,2014B,629694,0,Wales,A Level or Equivalent,0-10%,0-35,0,90,0,Fail,5,0,1,1,1,1,0,0,0,1,0,1,0,0,0,9
CCC,2014B,629696,0,Wales,HE Qualification,80-90%,0-35,0,90,0,Withdrawn,10,1,1,0,0,0,0,0,1,0,1,0,1,0,1,1
CCC,2014B,629710,0,North Region,HE Qualification,,35-55,0,90,0,Distinction,10,0,0,0,0,0,0,0,0,0,1,1,1,1,1,1
CCC,2014B,629766,0,South East Region,Lower Than A Level,90-100%,0-35,0,60,0,Pass,13,0,1,1,1,0,0,0,0,0,0,0,0,0,0,5
CCC,2014B,629773,0,South East Region,A Level or Equivalent,70-80%,0-35,0,90,1,Withdrawn,14,1,1,0,0,0,1,0,1,0,0,0,1,0,0,5
CCC,2014B,629798,0,South East Region,Lower Than A Level,70-80%,0-35,0,60,0,Withdrawn,5,1,1,1,0,1,1,0,1,0,1,1,1,0,1,9
CCC,2014B,629862,0,West Midlands Region,Lower Than A Level,60-70%,0-35,0,90,0,Pass,5,0,0,1,1,0,0,1,1,0,1,1,0,0,0,9
CCC,2014B,629887,0,North Western Region,HE Qualification,20-30%,0-35,0,60,0,Withdrawn,7,0,0,0,0,0,1,1,1,1,0,1,0,0,0,3
CCC,2014B,629890,0,London Region,A Level or Equivalent,20-30%,35-55,0,30,0,Fail,16,1,0,1,1,0,0,1,0,1,0,0,1,0,0,10
CCC,2014B,629893,0,South West Region,A Level or Equivalent,60-70%,0-35,0,60,0,Withdrawn,1,1,1,0,0,1,0,1,1,1,1,0,1,0,0,2
CCC,2014B,629906,0,North Western Region,Lower Than A Level,0-10%,35-55,0,60,1,Withdrawn,3,1,1,1,1,0,0,0,1,1,0,1,1,0,1,8
CCC,2014B,629936,0,North Western Region,Lower Than A Level,0-10%,0-35,0,60,0,Fail,7,1,0,1,1,0,0,1,1,1,1,1,1,1,1,3
CCC,2014B,630005,0,Scotland,Lower Than A Level,40-50%,35-55,0,60,0,Withdrawn,14,1,0,0,1,1,0,1,0,0,1,0,1,0,0,5
CCC,2014B,630012,0,London Region,A Level or Equivalent,50-60%,0-35,0,60,0,Distinction,16,0,0,0,1,0,1,1,1,1,0,1,1,1,1,10
CCC,2014B,630047,0,South East Region,Lower Than A Level,20-Oct,0-35,0,60,0,Pass,10,0,0,0,1,0,1,0,1,0,1,1,1,0,1,1
CCC,2014B,630086,0,Scotland,HE Qualification,60-70%,0-35,0,60,0,Pass,1,0,0,1,0,1,1,1,1,0,0,0,0,1,1,2
CCC,2014B,630152,0,Ireland,A Level or Equivalent,50-60%,0-35,0,90,0,Fail,11,1,0,0,1,0,0,0,1,0,1,0,1,1,1,6
CCC,2014B,630157,0,London Region,HE Qualification,50-60%,0-35,0,30,0,Pass,16,0,1,0,1,0,1,1,0,0,1,0,0,0,0,10
CCC,2014B,630178,0,South Region,Lower Than A Level,70-80%,0-35,0,90,0,Pass,11,1,1,1,0,0,0,0,0,0,1,0,1,0,0,6
CCC,2014B,630200,1,East Midlands Region,A Level or Equivalent,60-70%,0-35,0,90,0,Withdrawn,12,1,1,0,1,1,1,0,0,0,1,0,1,1,0,7
CCC,2014B,630211,0,Ireland,HE Qualification,,35-55,0,30,0,Pass,10,0,1,1,1,1,0,1,0,1,0,1,0,0,0,1
CCC,2014B,630449,0,South West Region,A Level or Equivalent,60-70%,0-35,0,60,0,Fail,5,0,0,1,0,1,1,0,0,1,0,1,1,0,1,9
CCC,2014B,630471,0,Yorkshire Region,A Level or Equivalent,40-50%,0-35,0,60,0,Fail,12,0,0,0,1,1,0,1,0,1,0,0,1,1,0,7
CCC,2014B,630514,0,East Midlands Region,A Level or Equivalent,30-40%,35-55,0,60,0,Withdrawn,7,1,1,1,0,1,1,0,1,1,1,0,0,0,1,3
CCC,2014B,630531,0,North Region,Lower Than A Level,20-Oct,0-35,0,90,0,Withdrawn,11,1,0,0,1,0,1,1,1,0,0,0,1,1,0,6
CCC,2014B,630540,1,East Midlands Region,Lower Than A Level,20-30%,0-35,0,90,0,Withdrawn,15,0,1,0,0,0,0,1,1,0,0,1,1,1,1,10
CCC,2014B,630573,0,East Anglian Region,HE Qualification,50-60%,0-35,0,60,0,Withdrawn,4,1,0,1,1,1,0,1,0,1,1,0,0,1,0,8
CCC,2014B,630585,0,North Western Region,Lower Than A Level,20-30%,0-35,0,120,0,Fail,9,0,1,1,1,1,0,0,1,0,1,1,0,0,0,4
CCC,2014B,630606,0,East Anglian Region,A Level or Equivalent,30-40%,0-35,0,60,0,Pass,8,1,0,1,1,1,1,1,0,1,0,1,0,0,0,3
CCC,2014B,630613,1,East Anglian Region,A Level or Equivalent,60-70%,0-35,0,90,0,Pass,11,1,1,1,1,0,1,1,1,0,0,1,1,0,1,6
CCC,2014B,630635,0,London Region,A Level or Equivalent,0-10%,35-55,0,60,0,Fail,12,0,1,0,1,0,0,0,0,1,0,1,1,0,1,7
CCC,2014B,630657,0,North Region,A Level or Equivalent,20-Oct,0-35,0,60,0,Withdrawn,7,1,1,0,1,0,1,0,0,1,1,0,1,1,1,3
CCC,2014B,630730,1,East Anglian Region,A Level or Equivalent,60-70%,0-35,0,60,0,Fail,3,0,0,0,0,0,1,0,0,1,1,0,0,0,0,8
CCC,2014B,630825,0,East Midlands Region,Lower Than A Level,70-80%,0-35,0,60,0,Fail,9,1,0,1,0,0,1,1,0,0,0,0,1,0,0,4
CCC,2014B,630888,0,North Western Region,A Level or Equivalent,0-10%,0-35,0,60,0,Withdrawn,14,0,1,0,0,0,0,1,1,0,0,1,0,1,1,5
CCC,2014B,630896,0,North Region,A Level or Equivalent,40-50%,0-35,0,60,1,Distinction,1,0,0,1,1,0,1,0,0,1,0,0,1,1,0,2
CCC,2014B,630912,0,Scotland,A Level or Equivalent,30-40%,0-35,0,120,0,Fail,10,1,1,1,0,0,0,0,1,1,1,0,0,0,1,1
CCC,2014B,631038,1,South Region,A Level or Equivalent,40-50%,0-35,0,60,0,Withdrawn,1,1,0,1,0,1,1,1,0,0,0,0,0,0,1,2
CCC,2014B,631044,0,Scotland,HE Qualification,40-50%,35-55,0,30,0,Pass,9,1,1,0,0,1,0,1,1,0,1,0,0,1,0,4
CCC,2014B,631051,0,Yorkshire Region,Lower Than A Level,70-80%,0-35,0,60,0,Withdrawn,8,1,0,0,1,1,1,0,0,1,1,1,0,1,1,3
CCC,2014B,631075,0,Scotland,A Level or Equivalent,80-90%,0-35,0,90,0,Withdrawn,10,0,0,0,0,1,1,1,1,0,0,0,1,1,1,1
CCC,2014B,631122,0,London Region,A Level or Equivalent,40-50%,0-35,0,60,0,Fail,5,1,0,0,0,1,0,1,1,1,0,0,1,1,1,9
CCC,2014B,631216,0,Scotland,Lower Than A Level,20-Oct,0-35,0,60,0,Fail,11,0,1,1,0,0,0,1,0,0,0,1,0,1,0,6
CCC,2014B,631300,0,East Anglian Region,A Level or Equivalent,20-Oct,0-35,0,90,0,Withdrawn,16,0,0,0,1,1,0,0,1,0,0,1,0,0,0,10
CCC,2014B,631334,0,South Region,A Level or Equivalent,40-50%,0-35,0,60,1,Pass,13,0,1,1,0,1,0,0,0,1,1,1,1,1,0,5
CCC,2014B,631365,0,North Western Region,A Level or Equivalent,20-30%,0-35,0,90,0,Withdrawn,2,0,0,0,1,0,0,1,0,0,1,0,1,1,1,2
CCC,2014B,631453,0,South Region,A Level or Equivalent,50-60%,0-35,0,60,0,Fail,8,0,0,1,1,1,0,0,1,0,1,0,0,1,0,3
CCC,2014B,631455,0,North Region,Post Graduate Qualification,,0-35,0,60,0,Distinction,7,1,0,0,0,0,1,1,0,0,1,0,0,1,0,3
CCC,2014B,631473,0,London Region,Lower Than A Level,20-Oct,0-35,0,120,0,Distinction,12,1,1,1,0,0,1,1,1,1,1,1,0,0,0,7
CCC,2014B,631583,0,Yorkshire Region,A Level or Equivalent,30-40%,0-35,0,60,0,Pass,8,0,1,1,1,0,0,0,1,1,1,1,0,0,0,3
CCC,2014B,631655,0,East Anglian Region,HE Qualification,80-90%,0-35,0,60,0,Fail,12,1,0,1,0,0,1,1,1,1,0,0,1,0,0,7
CCC,2014B,631657,0,Scotland,HE Qualification,80-90%,0-35,0,60,0,Withdrawn,9,0,1,1,1,1,0,1,0,1,0,0,1,0,1,4
CCC,2014B,631699,0,North Region,Post Graduate Qualification,,0-35,0,30,0,Distinction,10,1,1,0,0,1,1,0,0,0,0,1,0,0,0,1
CCC,2014B,631715,0,South Region,HE Qualification,50-60%,0-35,0,30,0,Pass,6,0,0,0,0,1,0,0,1,0,0,1,1,0,0,9
CCC,2014B,631770,0,West Midlands Region,A Level or Equivalent,20-Oct,35-55,0,60,0,Fail,9,1,1,1,1,1,1,0,0,0,0,1,0,1,0,4
CCC,2014B,631772,0,Scotland,Lower Than A Level,90-100%,35-55,0,30,0,Pass,1,1,1,0,0,0,1,0,1,0,1,1,0,0,0,2
CCC,2014B,631850,0,Scotland,Post Graduate Qualification,90-100%,0-35,0,60,0,Distinction,2,0,0,1,1,0,0,0,0,1,0,1,1,0,0,2
CCC,2014B,631925,0,North Region,Lower Than A Level,,0-35,0,90,0,Withdrawn,8,0,1,0,0,1,0,1,1,0,0,0,0,0,0,3
CCC,2014B,631929,1,London Region,A Level or Equivalent,20-30%,0-35,0,60,1,Withdrawn,11,1,0,1,1,0,0,0,1,0,1,0,0,0,0,6
CCC,2014B,631981,1,North Region,Post Graduate Qualification,,0-35,0,30,0,Pass,10,0,0,1,0,0,1,0,1,1,1,0,1,0,0,1
CCC,2014B,632017,1,North Region,HE Qualification,,35-55,0,60,0,Pass,7,0,1,1,1,0,0,1,1,1,1,0,1,1,1,3
CCC,2014B,632037,1,Ireland,HE Qualification,,35-55,0,100,0,Fail,12,1,1,0,0,0,1,0,1,0,0,0,0,1,0,7
CCC,2014B,632074,0,Scotland,A Level or Equivalent,60-70%,0-35,0,60,0,Pass,2,1,0,1,1,0,0,1,0,0,1,0,1,1,1,2
CCC,2014B,632107,0,North Region,HE Qualification,80-90%,35-55,0,30,0,Withdrawn,16,1,0,0,1,0,0,1,1,1,1,1,1,1,1,10
CCC,2014B,632111,0,North Western Region,A Level or Equivalent,50-60%,0-35,0,60,0,Pass,8,0,1,1,1,1,0,0,1,1,1,1,1,1,1,3
CCC,2014B,632114,0,London Region,A Level or Equivalent,50-60%,0-35,0,90,0,Withdrawn,6,1,1,1,0,1,0,0,1,1,0,1,0,0,1,9
CCC,2014B,632133,1,West Midlands Region,Lower Than A Level,60-70%,35-55,0,60,0,Withdrawn,15,0,0,0,1,0,1,1,1,1,1,1,1,0,1,10
CCC,2014B,632134,0,Yorkshire Region,A Level or Equivalent,30-40%,35-55,0,60,0,Withdrawn,15,0,0,0,0,1,1,0,1,0,1,0,0,0,1,10
CCC,2014B,632135,0,West Midlands Region,Lower Than A Level,60-70%,35-55,0,60,0,Withdrawn,2,1,1,0,1,0,0,0,1,0,0,0,0,0,1,2
CCC,2014B,632190,1,South Region,A Level or Equivalent,60-70%,0-35,0,60,0,Withdrawn,4,0,1,1,1,0,1,0,1,1,1,1,0,0,1,8
CCC,2014B,632242,0,South West Region,A Level or Equivalent,50-60%,0-35,0,60,0,Withdrawn,14,0,0,0,0,1,1,1,0,1,1,0,1,0,1,5
CCC,2014B,632260,1,South West Region,Lower Than A Level,40-50%,0-35,0,150,0,Withdrawn,7,0,1,0,0,1,0,1,0,0,0,1,1,1,1,3
CCC,2014B,632312,0,Ireland,A Level or Equivalent,20-30%,0-35,0,60,0,Fail,7,0,0,1,1,0,0,1,0,0,0,0,0,0,0,3
CCC,2014B,632313,0,North Western Region,A Level or Equivalent,80-90%,0-35,0,60,0,Distinction,13,0,0,0,0,1,0,1,0,1,1,0,0,0,0,5
CCC,2014B,632332,0,London Region,A Level or Equivalent,20-30%,0-35,0,60,0,Withdrawn,13,0,0,1,0,0,0,0,0,0,0,1,1,0,1,5
CCC,2014B,632459,0,London Region,A Level or Equivalent,90-100%,0-35,0,60,0,Pass,8,1,1,0,0,0,0,0,1,1,1,1,1,0,1,3
CCC,2014B,632486,1,West Midlands Region,A Level or Equivalent,40-50%,0-35,0,90,0,Withdrawn,10,1,0,1,0,1,0,0,1,0,1,1,1,1,1,1
CCC,2014B,632487,1,North Region,A Level or Equivalent,20-30%,0-35,0,60,0,Withdrawn,5,1,1,1,1,1,0,0,1,0,1,1,0,0,0,9
CCC,2014B,632506,0,South Region,Lower Than A Level,80-90%,0-35,0,60,0,Fail,9,1,0,1,0,0,0,0,1,0,0,1,0,0,0,4
CCC,2014B,632546,0,Scotland,A Level or Equivalent,90-100%,0-35,0,60,0,Fail,14,0,0,1,1,1,1,0,1,1,0,1,0,1,0,5
CCC,2014B,632554,0,East Anglian Region,HE Qualification,90-100%,0-35,0,90,1,Distinction,7,0,1,1,1,1,1,0,0,1,1,0,1,0,1,3
CCC,2014B,632571,0,Wales,A Level or Equivalent,70-80%,0-35,0,30,1,Pass,11,0,1,1,0,1,1,0,0,1,0,1,0,0,0,6
CCC,2014B,632597,0,Wales,A Level or Equivalent,50-60%,0-35,0,30,0,Pass,9,1,1,1,0,0,0,1,0,0,0,0,1,1,0,4
CCC,2014B,632637,0,Yorkshire Region,Lower Than A Level,20-30%,0-35,0,120,0,Withdrawn,10,1,1,0,0,0,0,0,1,0,0,1,1,1,0,1
CCC,2014B,632641,1,West Midlands Region,A Level or Equivalent,0-10%,0-35,0,60,0,Withdrawn,9,0,0,1,0,1,1,1,0,0,1,1,0,0,1,4
CCC,2014B,632691,0,South Region,A Level or Equivalent,40-50%,0-35,0,120,0,Withdrawn,7,0,1,0,0,1,0,0,0,0,1,0,1,0,0,3
CCC,2014B,632780,0,London Region,HE Qualification,20-30%,0-35,0,60,0,Withdrawn,15,1,1,0,1,1,0,1,0,0,1,0,1,1,0,10
CCC,2014B,632836,1,London Region,Lower Than A Level,20-30%,0-35,0,30,0,Distinction,12,0,1,1,1,0,0,0,0,0,0,1,1,0,1,7
CCC,2014B,632856,0,London Region,A Level or Equivalent,20-30%,0-35,0,90,0,Withdrawn,15,1,0,1,0,1,0,0,1,1,0,0,0,0,1,10
CCC,2014B,632889,0,London Region,A Level or Equivalent,70-80%,0-35,0,60,0,Withdrawn,6,1,0,1,0,0,0,0,0,0,1,1,1,1,0,9
CCC,2014B,632900,1,West Midlands Region,A Level or Equivalent,70-80%,0-35,0,60,0,Pass,9,1,0,1,0,0,1,0,1,0,1,1,1,1,1,4
CCC,2014B,632903,0,North Region,Lower Than A Level,,0-35,0,30,0,Withdrawn,10,0,0,1,0,1,0,1,0,1,0,1,1,1,1,1
CCC,2014B,633071,0,South Region,Lower Than A Level,90-100%,0-35,0,30,1,Withdrawn,7,0,0,0,0,1,1,1,1,1,0,1,0,0,0,3
CCC,2014B,633112,1,London Region,A Level or Equivalent,90-100%,35-55,0,60,0,Distinction,1,0,1,1,0,1,0,1,0,0,0,1,1,1,1,2
CCC,2014B,633178,1,Scotland,A Level or Equivalent,20-30%,0-35,0,60,0,Pass,9,0,1,0,0,1,0,1,0,1,1,1,0,1,1,4
CCC,2014B,633240,0,London Region,Post Graduate Qualification,20-30%,35-55,0,30,0,Withdrawn,6,0,1,1,1,1,0,0,1,0,0,1,0,1,0,9
CCC,2014B,633243,0,East Anglian Region,Lower Than A Level,20-30%,0-35,0,120,0,Withdrawn,16,1,1,0,0,1,1,1,0,0,1,1,1,1,0,10
CCC,2014B,633250,0,Yorkshire Region,A Level or Equivalent,70-80%,0-35,0,60,0,Pass,15,1,1,0,1,0,0,0,0,1,1,0,1,1,1,10
CCC,2014B,633256,0,North Region,Post Graduate Qualification,,0-35,0,60,0,Withdrawn,8,1,0,0,0,1,1,1,0,0,1,0,0,0,1,3
CCC,2014B,633270,0,South West Region,No Formal quals,20-30%,0-35,0,60,0,Pass,8,1,0,0,1,0,1,1,1,1,1,0,0,1,1,3
CCC,2014B,633281,1,South East Region,HE Qualification,70-80%,0-35,0,60,0,Distinction,2,0,1,1,0,1,0,0,1,0,1,0,1,1,0,2
CCC,2014B,633310,0,East Midlands Region,A Level or Equivalent,40-50%,0-35,0,60,0,Fail,14,0,0,1,0,1,1,1,1,0,0,1,1,0,0,5
CCC,2014B,633330,0,South East Region,A Level or Equivalent,80-90%,0-35,0,60,0,Fail,9,0,0,0,1,0,0,1,0,0,1,1,1,0,1,4
CCC,2014B,633341,1,North Western Region,A Level or Equivalent,70-80%,0-35,0,90,0,Fail,11,0,0,1,1,1,0,1,0,1,1,0,0,0,0,6
CCC,2014B,633384,0,South East Region,Lower Than A Level,60-70%,0-35,0,90,0,Withdrawn,11,0,0,1,0,0,1,0,1,1,1,0,0,1,1,6
CCC,2014B,633395,0,North Western Region,A Level or Equivalent,0-10%,0-35,0,60,0,Fail,11,1,1,1,1,0,1,1,1,1,0,0,1,0,0,6
CCC,2014B,633432,0,West Midlands Region,A Level or Equivalent,50-60%,0-35,0,60,0,Withdrawn,10,1,1,1,1,1,0,1,0,1,1,0,0,1,1,1
CCC,2014B,633447,1,Ireland,HE Qualification,,0-35,0,30,0,Fail,15,1,0,1,0,0,1,0,1,0,0,0,1,1,1,10
CCC,2014B,633455,0,North Western Region,Lower Than A Level,50-60%,0-35,0,60,0,Withdrawn,10,1,1,1,0,0,1,1,1,0,1,1,1,1,0,1
CCC,2014B,633460,0,East Anglian Region,Lower Than A Level,90-100%,0-35,0,30,0,Fail,2,1,0,1,1,0,0,1,0,0,0,1,0,1,1,2
CCC,2014B,633493,0,North Region,A Level or Equivalent,,0-35,0,30,1,Distinction,7,0,0,0,0,0,1,0,0,1,1,1,1,0,1,3
CCC,2014B,633527,0,London Region,HE Qualification,0-10%,0-35,0,30,0,Withdrawn,12,0,1,0,1,1,1,0,1,1,0,0,1,1,1,7
CCC,2014B,633637,0,Yorkshire Region,A Level or Equivalent,0-10%,0-35,0,60,0,Fail,14,0,1,0,0,1,1,0,1,0,1,1,1,0,1,5
CCC,2014B,633679,1,London Region,HE Qualification,50-60%,0-35,0,60,0,Withdrawn,10,0,1,0,0,1,0,0,1,1,1,0,0,1,0,1
CCC,2014B,633695,0,Yorkshire Region,A Level or Equivalent,70-80%,0-35,0,60,0,Distinction,7,1,0,0,0,1,1,1,0,0,0,1,1,0,1,3
CCC,2014B,633716,0,Wales,A Level or Equivalent,0-10%,0-35,0,60,0,Withdrawn,14,1,0,0,0,0,1,1,1,0,1,0,1,1,1,5
CCC,2014B,633722,0,Scotland,HE Qualification,90-100%,35-55,0,30,0,Distinction,11,0,1,0,0,0,0,0,0,1,0,1,0,0,1,6
CCC,2014B,633857,1,North Region,Lower Than A Level,,0-35,0,60,0,Distinction,16,1,1,0,1,0,0,0,1,1,0,0,1,1,1,10
CCC,2014B,633859,0,North Region,Lower Than A Level,40-50%,0-35,0,60,0,Withdrawn,11,1,1,1,0,0,1,1,1,1,1,1,0,0,0,6
CCC,2014B,633913,0,Scotland,HE Qualification,40-50%,0-35,0,60,0,Withdrawn,10,1,0,0,1,0,1,1,0,0,1,1,1,1,0,1
CCC,2014B,633942,1,North Western Region,A Level or Equivalent,70-80%,0-35,0,30,0,Distinction,9,0,1,0,1,1,1,0,1,1,0,0,1,0,1,4
CCC,2014B,633998,1,Scotland,HE Qualification,50-60%,55<=,0,60,0,Pass,4,1,1,1,1,0,0,1,0,1,0,1,1,1,1,8
CCC,2014B,634040,0,Scotland,A Level or Equivalent,20-30%,0-35,0,60,0,Fail,16,0,0,0,0,0,0,0,0,0,1,1,0,1,0,10
CCC,2014B,634057,0,South West Region,No Formal quals,30-40%,0-35,0,90,0,Withdrawn,11,1,0,1,0,1,0,1,1,0,1,0,0,0,1,6
CCC,2014B,634083,0,South West Region,A Level or Equivalent,70-80%,0-35,0,60,0,Withdrawn,2,1,1,0,1,0,0,0,0,0,0,1,0,1,1,2
CCC,2014B,634128,1,South West Region,A Level or Equivalent,40-50%,0-35,0,60,1,Pass,6,0,1,0,1,1,0,1,0,1,0,0,0,1,0,9
CCC,2014B,634139,0,West Midlands Region,A Level or Equivalent,90-100%,0-35,0,120,0,Withdrawn,7,1,0,1,1,0,1,0,1,1,0,0,0,1,0,3
CCC,2014B,634157,0,North Region,Lower Than A Level,,0-35,0,60,0,Pass,6,0,1,0,1,1,0,1,1,1,1,0,1,0,0,9
CCC,2014B,634167,0,Wales,A Level or Equivalent,70-80%,0-35,0,60,0,Distinction,16,1,0,1,0,0,0,0,1,0,1,1,1,1,1,10
CCC,2014B,634176,0,South East Region,Lower Than A Level,20-30%,0-35,0,90,0,Withdrawn,6,0,0,0,1,1,1,0,1,0,1,0,1,0,1,9
CCC,2014B,634216,0,South West Region,HE Qualification,50-60%,0-35,0,60,0,Pass,6,1,0,1,1,0,1,1,0,1,0,0,1,0,0,9
CCC,2014B,634217,0,Scotland,Lower Than A Level,70-80%,35-55,0,60,0,Distinction,2,0,0,1,1,0,1,0,0,0,1,0,0,0,0,2
CCC,2014B,634241,0,West Midlands Region,A Level or Equivalent,30-40%,0-35,0,60,0,Pass,5,1,0,1,1,1,0,0,1,1,1,1,0,0,1,9
CCC,2014B,634279,0,East Midlands Region,A Level or Equivalent,30-40%,0-35,0,120,0,Fail,11,0,1,1,0,0,0,0,0,1,1,0,0,0,0,6
CCC,2014B,634349,0,Scotland,A Level or Equivalent,0-10%,0-35,0,120,0,Fail,7,1,1,0,0,1,0,1,0,0,1,1,1,0,0,3
CCC,2014B,634414,0,North Region,Lower Than A Level,70-80%,0-35,0,60,0,Fail,4,1,0,0,0,1,1,1,0,0,0,1,0,0,1,8
CCC,2014B,634433,0,North Region,A Level or Equivalent,20-30%,0-35,0,60,0,Fail,1,1,0,1,0,1,1,1,0,1,1,1,1,1,0,2
CCC,2014B,634500,0,London Region,A Level or Equivalent,30-40%,35-55,0,120,0,Pass,5,1,0,1,1,0,1,1,1,0,1,1,0,0,0,9
CCC,2014B,634507,0,South Region,HE Qualification,50-60%,0-35,0,60,0,Pass,15,1,1,1,1,0,0,1,1,1,1,1,1,1,0,10
CCC,2014B,634512,0,North Western Region,Lower Than A Level,0-10%,0-35,0,30,0,Distinction,8,1,0,1,1,0,0,0,0,1,1,1,0,1,1,3
CCC,2014B,634523,0,East Anglian Region,Lower Than A Level,80-90%,35-55,0,30,0,Withdrawn,10,0,0,0,0,0,1,1,0,1,0,0,1,1,0,1
CCC,2014B,634570,0,East Anglian Region,HE Qualification,80-90%,35-55,0,60,0,Pass,16,1,0,0,0,1,0,0,0,1,1,1,0,0,1,10
CCC,2014B,634578,0,Scotland,A Level or Equivalent,50-60%,0-35,0,60,0,Withdrawn,1,1,0,0,1,0,1,0,0,0,1,1,0,0,0,2
CCC,2014B,634589,1,North Western Region,A Level or Equivalent,70-80%,0-35,0,30,0,Pass,4,0,1,0,0,0,1,0,1,0,0,1,1,1,0,8
CCC,2014B,634618,0,North Region,HE Qualification,,0-35,0,30,0,Distinction,13,0,1,0,0,0,1,1,1,1,0,0,1,1,1,5
CCC,2014B,634649,1,Scotland,A Level or Equivalent,50-60%,0-35,0,30,0,Fail,3,0,0,0,1,0,0,1,0,0,0,0,0,0,0,8
CCC,2014B,634655,0,London Region,HE Qualification,40-50%,35-55,0,60,0,Withdrawn,5,1,1,1,1,0,1,1,1,1,1,0,0,0,1,9
CCC,2014B,634671,0,London Region,HE Qualification,60-70%,0-35,0,30,0,Pass,3,1,1,0,1,1,1,0,0,1,1,1,0,0,1,8
CCC,2014B,634737,0,Yorkshire Region,Lower Than A Level,20-30%,0-35,0,90,0,Withdrawn,9,1,0,0,1,0,1,1,0,0,1,1,1,1,0,4
CCC,2014B,634744,0,Scotland,HE Qualification,,0-35,0,60,0,Fail,2,1,1,0,1,1,0,1,1,1,0,0,1,1,1,2
CCC,2014B,634816,0,Wales,HE Qualification,0-10%,0-35,0,120,0,Pass,12,1,1,1,1,0,1,1,1,0,0,1,0,1,1,7
CCC,2014B,634853,0,Ireland,Post Graduate Qualification,,0-35,0,60,0,Withdrawn,10,0,1,1,1,1,0,1,0,1,0,1,0,0,0,1
CCC,2014B,634862,1,West Midlands Region,A Level or Equivalent,40-50%,0-35,0,60,0,Pass,12,0,0,1,1,0,1,0,0,0,0,1,1,1,1,7
CCC,2014B,634878,1,Wales,HE Qualification,60-70%,35-55,0,30,0,Pass,4,0,1,0,0,0,1,1,0,0,1,1,0,0,1,8
CCC,2014B,635034,0,South Region,HE Qualification,90-100%,0-35,0,90,0,Withdrawn,15,1,1,0,1,1,1,1,1,1,0,0,1,0,0,10
CCC,2014B,635041,0,East Midlands Region,A Level or Equivalent,50-60%,35-55,0,60,0,Withdrawn,16,1,1,1,0,0,1,1,0,0,0,0,0,0,0,10
CCC,2014B,635043,0,East Midlands Region,HE Qualification,90-100%,0-35,0,60,0,Pass,7,0,1,1,1,1,1,0,1,0,0,1,1,1,1,3
CCC,2014B,635109,0,Ireland,Lower Than A Level,50-60%,0-35,0,60,0,Pass,9,0,0,0,0,1,0,0,1,1,1,0,0,0,0,4
CCC,2014B,635416,1,Scotland,Lower Than A Level,40-50%,0-35,0,30,0,Pass,1,0,0,1,0,1,0,1,1,1,0,1,1,0,0,2
CCC,2014B,635515,0,Scotland,Lower Than A Level,90-100%,0-35,0,60,0,Fail,11,0,1,0,1,0,0,0,1,0,1,1,0,0,1,6
CCC,2014B,835603,0,North Western Region,HE Qualification,20-30%,55<=,0,150,0,Withdrawn,3,1,1,0,1,1,0,1,0,0,1,0,1,0,0,8
CCC,2014B,856294,0,South East Region,HE Qualification,90-100%,55<=,0,30,0,Withdrawn,8,1,1,0,0,1,0,0,0,1,0,1,0,1,1,3
CCC,2014B,917586,0,South Region,HE Qualification,80-90%,35-55,0,60,0,Distinction,2,1,0,1,1,1,1,1,0,0,0,1,1,0,1,2
CCC,2014B,925553,0,London Region,HE Qualification,90-100%,55<=,0,120,0,Distinction,7,1,0,0,1,1,0,0,1,0,1,0,1,1,1,3
CCC,2014B,949548,0,London Region,A Level or Equivalent,80-90%,35-55,0,60,0,Pass,7,1,1,1,0,0,1,0,1,0,0,1,1,1,0,3
CCC,2014B,984619,0,South West Region,HE Qualification,90-100%,35-55,0,30,0,Pass,16,1,0,0,1,0,1,0,1,1,1,1,1,1,0,10
CCC,2014B,992544,0,Scotland,Post Graduate Qualification,80-90%,35-55,0,180,0,Pass,8,1,0,0,1,1,1,1,1,0,0,0,0,0,0,3
CCC,2014B,1038161,0,Scotland,HE Qualification,40-50%,35-55,0,30,0,Pass,9,1,0,1,1,1,1,0,1,0,1,0,0,0,1,4
CCC,2014B,1047645,1,South East Region,A Level or Equivalent,20-30%,35-55,0,150,0,Withdrawn,6,0,0,0,0,1,1,1,0,0,1,1,0,0,0,9
CCC,2014B,1057883,0,London Region,A Level or Equivalent,90-100%,35-55,0,60,0,Pass,8,1,1,0,1,1,1,1,1,1,1,1,1,1,1,3
CCC,2014B,1073766,0,East Midlands Region,HE Qualification,80-90%,35-55,0,60,0,Pass,12,1,0,0,0,0,1,0,1,1,0,1,1,0,1,7
CCC,2014B,1087710,1,North Western Region,HE Qualification,30-40%,35-55,0,60,0,Withdrawn,1,0,1,1,1,0,1,0,1,1,1,0,1,0,0,2
CCC,2014B,1095916,0,South Region,A Level or Equivalent,90-100%,35-55,0,30,0,Pass,7,0,0,1,1,1,0,1,0,0,0,0,1,1,1,3
CCC,2014B,1100639,1,South Region,A Level or Equivalent,60-70%,35-55,0,30,0,Withdrawn,10,1,1,0,0,1,1,1,1,0,1,1,1,0,1,1
CCC,2014B,1106724,1,East Midlands Region,Lower Than A Level,80-90%,35-55,0,30,0,Withdrawn,4,0,1,1,0,1,0,1,1,0,1,0,1,1,1,8
CCC,2014B,1115623,0,Scotland,A Level or Equivalent,80-90%,35-55,0,30,0,Pass,9,1,1,1,0,0,1,0,0,0,0,1,0,1,1,4
CCC,2014B,1187586,0,Scotland,HE Qualification,80-90%,55<=,0,90,0,Distinction,16,0,1,0,1,0,1,1,0,0,1,0,1,0,1,10
CCC,2014B,1268772,0,Scotland,HE Qualification,80-90%,55<=,0,60,0,Fail,7,0,1,0,1,0,1,0,0,0,0,0,1,0,1,3
CCC,2014B,1270832,1,South Region,Post Graduate Qualification,90-100%,35-55,0,60,0,Distinction,9,0,1,0,0,1,0,0,0,1,0,1,0,0,0,4
CCC,2014B,1307784,1,London Region,HE Qualification,30-40%,35-55,0,60,0,Withdrawn,9,0,1,0,0,1,0,0,1,0,0,1,1,1,0,4
CCC,2014B,1311171,0,South Region,A Level or Equivalent,80-90%,35-55,0,60,0,Distinction,10,0,1,1,1,1,1,0,0,0,0,0,0,0,0,1
CCC,2014B,1398821,0,East Midlands Region,HE Qualification,70-80%,35-55,0,90,0,Withdrawn,12,0,1,1,0,1,0,0,0,1,0,1,1,1,1,7
CCC,2014B,1407549,1,East Anglian Region,A Level or Equivalent,90-100%,35-55,0,150,0,Withdrawn,9,0,1,0,0,0,1,1,0,1,1,1,0,0,0,4
CCC,2014B,1416784,1,North Region,HE Qualification,,35-55,0,30,0,Distinction,4,0,0,1,0,0,0,0,1,0,1,1,0,1,1,8
CCC,2014B,1440467,0,East Anglian Region,A Level or Equivalent,30-40%,35-55,0,90,0,Distinction,1,0,1,1,0,0,0,1,1,0,1,1,0,0,0,2
CCC,2014B,1442991,0,Scotland,HE Qualification,70-80%,35-55,0,150,0,Pass,11,1,0,1,0,0,1,1,0,0,0,1,1,1,0,6
CCC,2014B,1462676,0,West Midlands Region,HE Qualification,70-80%,35-55,0,30,0,Withdrawn,8,1,1,0,0,1,1,1,1,0,0,1,0,0,1,3
CCC,2014B,1464952,0,East Anglian Region,HE Qualification,50-60%,35-55,0,180,0,Withdrawn,15,1,0,1,1,0,0,1,1,1,1,0,1,1,1,10
CCC,2014B,1468838,1,Ireland,Lower Than A Level,50-60%,35-55,0,60,0,Withdrawn,2,1,1,1,1,0,1,1,0,0,1,0,0,0,0,2
CCC,2014B,1470291,1,South West Region,HE Qualification,70-80%,35-55,0,90,0,Pass,5,0,1,1,1,1,1,1,1,1,1,1,0,1,0,9
CCC,2014B,1474869,1,South Region,A Level or Equivalent,90-100%,35-55,0,630,1,Pass,9,1,1,1,0,1,1,1,0,0,1,1,1,1,1,4
CCC,2014B,1493739,0,South East Region,A Level or Equivalent,90-100%,35-55,0,180,0,Pass,16,0,1,1,1,0,0,1,0,1,1,0,1,1,1,10
CCC,2014B,1514245,0,East Midlands Region,Lower Than A Level,0-10%,35-55,0,90,0,Withdrawn,4,1,1,1,0,0,1,0,1,1,0,0,0,1,1,8
CCC,2014B,1534494,0,South Region,Post Graduate Qualification,90-100%,55<=,0,30,0,Pass,8,0,0,0,0,1,0,0,1,0,0,1,1,0,0,3
CCC,2014B,1541906,0,West Midlands Region,Lower Than A Level,40-50%,35-55,0,60,0,Withdrawn,10,1,0,0,1,0,1,0,0,1,1,1,0,1,1,1
CCC,2014B,1551895,0,North Western Region,HE Qualification,30-40%,35-55,0,120,0,Withdrawn,12,1,1,1,1,1,1,1,1,0,1,0,1,1,1,7
CCC,2014B,1560205,1,Ireland,A Level or Equivalent,,35-55,0,90,0,Withdrawn,4,1,0,1,0,1,0,1,1,1,1,0,1,1,0,8
CCC,2014B,1561431,0,East Midlands Region,Lower Than A Level,50-60%,35-55,0,60,0,Fail,11,0,0,0,0,1,0,1,1,1,1,0,0,0,0,6
CCC,2014B,1568828,0,Wales,HE Qualification,80-90%,35-55,0,30,0,Distinction,12,0,1,0,0,1,0,0,1,0,1,1,1,1,0,7
CCC,2014B,1591013,0,West Midlands Region,Lower Than A Level,80-90%,35-55,0,60,0,Withdrawn,14,1,0,0,0,1,1,1,0,0,1,1,1,1,0,5
CCC,2014B,1600062,0,Yorkshire Region,A Level or Equivalent,70-80%,35-55,0,90,0,Withdrawn,11,1,1,0,0,0,0,0,0,1,1,1,1,0,1,6
CCC,2014B,1619251,1,Scotland,HE Qualification,50-60%,35-55,0,90,0,Withdrawn,13,0,0,1,0,0,0,0,1,0,1,0,1,0,1,5
CCC,2014B,1632487,0,Yorkshire Region,Lower Than A Level,70-80%,35-55,0,60,0,Pass,3,0,1,1,0,0,1,0,0,0,1,0,1,1,1,8
CCC,2014B,1638548,0,Scotland,A Level or Equivalent,50-60%,35-55,0,70,0,Withdrawn,3,1,0,0,1,1,0,1,0,1,0,1,1,1,0,8
CCC,2014B,1644328,0,East Midlands Region,HE Qualification,60-70%,35-55,0,60,0,Withdrawn,6,1,0,0,0,1,1,0,0,0,1,1,1,0,0,9
CCC,2014B,1649896,1,North Region,Lower Than A Level,70-80%,35-55,0,60,0,Withdrawn,14,1,1,1,0,1,0,0,1,0,0,0,0,0,1,5
CCC,2014B,1656486,1,South East Region,HE Qualification,60-70%,35-55,0,60,0,Withdrawn,1,1,0,1,1,0,0,1,0,1,1,1,1,1,1,2
CCC,2014B,1664810,0,South East Region,Lower Than A Level,20-Oct,35-55,0,60,0,Withdrawn,6,1,1,1,0,1,1,0,0,1,0,0,1,1,0,9
CCC,2014B,1668504,0,East Anglian Region,A Level or Equivalent,30-40%,35-55,0,90,0,Withdrawn,16,1,1,0,1,0,0,0,0,0,0,0,0,1,0,10
CCC,2014B,1671811,0,West Midlands Region,A Level or Equivalent,70-80%,35-55,0,90,0,Pass,3,1,0,0,0,1,0,1,1,0,0,0,1,1,1,8
CCC,2014B,1672690,0,South East Region,HE Qualification,90-100%,35-55,0,30,0,Fail,8,0,0,0,0,0,0,0,0,0,0,1,1,0,1,3
CCC,2014B,1673876,0,London Region,HE Qualification,70-80%,35-55,0,120,0,Withdrawn,11,1,1,0,0,0,0,0,0,1,0,0,0,0,0,6
CCC,2014B,1678014,0,Wales,Lower Than A Level,90-100%,35-55,0,30,0,Withdrawn,12,0,0,1,0,0,1,1,1,0,0,0,0,1,1,7
CCC,2014B,1678800,0,Scotland,A Level or Equivalent,40-50%,35-55,0,90,0,Pass,14,1,0,0,1,0,1,1,0,0,1,1,0,1,1,5
CCC,2014B,1691815,0,London Region,A Level or Equivalent,80-90%,35-55,0,60,0,Fail,9,1,0,1,1,1,0,0,0,0,0,1,1,1,0,4
CCC,2014B,1694780,0,Ireland,A Level or Equivalent,70-80%,35-55,0,30,0,Fail,1,1,0,0,1,1,1,0,0,0,1,0,1,0,1,2
CCC,2014B,1715237,0,South West Region,A Level or Equivalent,70-80%,35-55,0,60,0,Distinction,11,0,0,0,1,1,0,0,1,1,0,1,0,1,1,6
CCC,2014B,1739026,1,North Region,Lower Than A Level,,35-55,0,30,0,Fail,8,1,0,0,0,1,0,1,0,1,0,1,0,0,1,3
CCC,2014B,1750405,0,East Anglian Region,HE Qualification,50-60%,35-55,0,30,0,Fail,9,1,0,0,1,1,0,0,0,1,1,0,1,1,1,4
CCC,2014B,1753458,0,North Region,HE Qualification,,35-55,0,60,0,Distinction,16,1,1,1,0,0,0,1,0,1,0,0,1,0,0,10
CCC,2014B,1763378,0,Scotland,A Level or Equivalent,0-10%,35-55,0,40,0,Fail,7,1,0,0,1,1,0,0,1,0,0,1,1,0,0,3
CCC,2014B,1769985,0,South West Region,HE Qualification,70-80%,35-55,0,30,0,Withdrawn,13,1,0,1,0,0,0,0,1,0,0,1,1,0,1,5
CCC,2014B,1774071,0,South West Region,HE Qualification,70-80%,35-55,0,30,0,Withdrawn,12,0,1,0,0,0,0,0,1,0,1,1,1,1,0,7
CCC,2014B,1780737,0,South Region,A Level or Equivalent,90-100%,35-55,0,60,1,Withdrawn,11,1,1,0,0,1,1,1,0,0,1,0,1,0,0,6
CCC,2014B,1781834,0,Ireland,HE Qualification,30-40%,35-55,0,75,0,Pass,9,1,1,0,1,1,0,1,0,1,0,0,0,0,1,4
CCC,2014B,1828112,0,West Midlands Region,A Level or Equivalent,20-Oct,35-55,0,60,0,Withdrawn,3,1,0,1,1,0,1,0,1,0,0,0,0,0,1,8
CCC,2014B,1841267,1,Scotland,A Level or Equivalent,60-70%,35-55,0,60,0,Withdrawn,7,0,0,0,0,1,1,0,0,0,1,0,0,0,1,3
CCC,2014B,1848820,0,North Region,Lower Than A Level,70-80%,35-55,0,90,0,Withdrawn,6,1,1,1,0,1,0,0,0,0,0,1,1,0,0,9
CCC,2014B,1855583,1,Scotland,HE Qualification,40-50%,35-55,0,60,0,Pass,14,1,0,0,1,1,0,1,0,1,0,0,0,1,0,5
CCC,2014B,1876636,1,South West Region,A Level or Equivalent,60-70%,35-55,0,120,0,Distinction,8,0,1,1,1,1,1,0,1,0,1,0,1,1,0,3
CCC,2014B,1877015,0,South Region,Lower Than A Level,30-40%,35-55,0,60,0,Withdrawn,14,1,1,1,0,1,0,0,0,0,1,1,0,1,0,5
CCC,2014B,1877732,0,West Midlands Region,HE Qualification,70-80%,35-55,0,90,0,Withdrawn,13,0,1,1,0,0,1,0,0,0,0,1,1,0,0,5
CCC,2014B,1888343,0,Ireland,Lower Than A Level,20-Oct,35-55,0,60,0,Pass,3,0,0,1,0,0,1,1,0,0,0,1,1,1,1,8
CCC,2014B,1891323,0,Ireland,A Level or Equivalent,,35-55,0,60,0,Pass,16,0,0,0,1,0,0,0,1,0,0,1,0,1,1,10
CCC,2014B,1894419,0,London Region,A Level or Equivalent,80-90%,35-55,0,60,0,Withdrawn,8,1,1,1,0,0,1,1,0,0,1,0,1,1,1,3
CCC,2014B,1896088,0,West Midlands Region,A Level or Equivalent,30-40%,35-55,0,60,0,Withdrawn,14,1,1,1,1,1,1,0,0,1,0,0,0,1,0,5
CCC,2014B,1906919,0,North Western Region,Lower Than A Level,0-10%,35-55,0,60,0,Pass,1,0,0,0,1,1,1,0,1,0,1,0,1,1,0,2
CCC,2014B,1908526,0,Scotland,HE Qualification,20-30%,35-55,0,60,0,Fail,13,0,0,1,0,0,0,1,1,0,1,0,0,0,0,5
CCC,2014B,1911513,1,London Region,A Level or Equivalent,20-Oct,35-55,0,60,1,Pass,12,1,1,1,1,1,0,1,1,1,1,1,0,0,1,7
CCC,2014B,1922200,0,Ireland,Lower Than A Level,50-60%,35-55,0,30,0,Fail,9,0,1,1,1,1,1,0,1,0,1,0,1,0,0,4
CCC,2014B,1924641,0,Scotland,HE Qualification,60-70%,35-55,0,120,0,Fail,8,0,1,1,0,0,0,1,1,0,0,0,1,0,0,3
CCC,2014B,1930146,0,West Midlands Region,A Level or Equivalent,40-50%,35-55,0,45,0,Pass,7,1,0,1,0,1,0,1,0,1,0,1,1,0,0,3
CCC,2014B,1930644,0,Scotland,Lower Than A Level,50-60%,35-55,0,90,0,Withdrawn,11,0,1,0,1,1,0,1,0,1,0,1,0,0,0,6
CCC,2014B,1937511,1,North Region,HE Qualification,,55<=,0,150,0,Withdrawn,1,0,0,0,0,1,1,0,0,1,0,1,0,1,1,2
CCC,2014B,1938024,1,North Region,A Level or Equivalent,,35-55,0,60,0,Withdrawn,14,0,0,0,0,1,0,0,1,1,1,1,0,1,0,5
CCC,2014B,1942999,1,East Midlands Region,HE Qualification,50-60%,35-55,0,90,0,Withdrawn,11,1,1,0,0,0,0,0,0,0,1,1,1,0,1,6
CCC,2014B,1945240,0,East Midlands Region,Lower Than A Level,50-60%,35-55,0,90,0,Withdrawn,8,1,0,1,1,0,1,0,0,1,0,1,0,0,0,3
CCC,2014B,1947911,1,South Region,HE Qualification,90-100%,35-55,0,60,0,Withdrawn,11,1,0,1,0,0,1,0,1,0,1,1,0,1,1,6
CCC,2014B,1951080,0,West Midlands Region,A Level or Equivalent,50-60%,35-55,0,90,0,Withdrawn,6,1,0,0,1,0,0,1,0,1,0,0,0,1,1,9
CCC,2014B,1951139,1,Scotland,A Level or Equivalent,50-60%,0-35,0,30,1,Pass,8,0,1,0,1,1,1,1,0,0,1,1,0,0,1,3
CCC,2014B,1969407,0,East Anglian Region,HE Qualification,90-100%,55<=,0,30,0,Fail,10,0,1,0,0,0,1,0,1,0,0,0,0,1,1,1
CCC,2014B,1997164,0,Ireland,Post Graduate Qualification,,35-55,0,60,0,Pass,14,1,1,1,0,1,0,1,1,0,0,0,0,0,0,5
CCC,2014B,2008262,0,London Region,HE Qualification,20-30%,35-55,0,60,0,Withdrawn,10,0,0,1,0,1,0,1,1,0,0,1,1,0,1,1
CCC,2014B,2016517,0,North Western Region,Lower Than A Level,80-90%,0-35,0,75,0,Pass,11,1,1,0,0,0,1,0,1,1,0,1,1,0,0,6
CCC,2014B,2030117,0,Scotland,HE Qualification,70-80%,35-55,0,30,0,Withdrawn,2,1,0,0,0,1,0,1,1,1,1,0,0,1,1,2
CCC,2014B,2032058,0,South West Region,Lower Than A Level,60-70%,35-55,0,40,0,Withdrawn,10,1,0,0,0,0,0,1,1,0,1,0,1,1,0,1
CCC,2014B,2044299,0,Scotland,HE Qualification,80-90%,0-35,0,120,0,Withdrawn,7,1,1,1,1,0,0,0,1,0,1,0,1,1,0,3
CCC,2014B,2047421,0,South East Region,A Level or Equivalent,70-80%,35-55,0,30,0,Pass,8,0,1,1,1,0,0,1,0,0,1,1,0,1,1,3
CCC,2014B,2049668,1,North Western Region,HE Qualification,70-80%,35-55,0,90,0,Pass,8,0,1,1,0,1,1,1,1,1,1,0,0,0,0,3
CCC,2014B,2056643,0,Scotland,A Level or Equivalent,80-90%,0-35,0,60,1,Distinction,11,1,1,1,1,0,0,1,1,1,0,1,1,1,0,6
CCC,2014B,2063578,0,Scotland,A Level or Equivalent,0-10%,35-55,0,60,0,Distinction,10,1,0,0,1,1,0,0,1,1,1,0,1,1,0,1
CCC,2014B,2064873,0,East Midlands Region,Lower Than A Level,30-40%,35-55,0,60,0,Distinction,11,0,0,0,0,0,0,0,0,1,0,0,1,1,0,6
CCC,2014B,2066504,0,London Region,HE Qualification,20-30%,35-55,0,90,0,Withdrawn,8,0,1,1,0,0,1,1,1,1,1,1,1,0,0,3
CCC,2014B,2080916,0,Scotland,HE Qualification,,35-55,0,90,0,Withdrawn,2,1,1,0,0,1,1,0,0,1,1,0,0,0,0,2
CCC,2014B,2087182,0,North Region,A Level or Equivalent,20-30%,0-35,0,30,0,Fail,6,0,0,1,1,0,1,0,1,0,1,0,1,1,1,9
CCC,2014B,2088765,1,South Region,HE Qualification,90-100%,35-55,0,60,1,Pass,9,0,0,0,0,0,0,0,1,1,0,0,1,1,0,4
CCC,2014B,2096918,0,South West Region,A Level or Equivalent,20-30%,35-55,0,60,0,Withdrawn,15,1,0,1,1,1,0,0,0,1,0,0,1,0,0,10
CCC,2014B,2109119,0,East Anglian Region,HE Qualification,40-50%,35-55,0,60,0,Pass,4,0,0,1,1,1,0,1,0,0,1,1,1,0,1,8
CCC,2014B,2110039,0,London Region,Lower Than A Level,30-40%,35-55,0,90,1,Withdrawn,9,0,0,1,0,0,1,1,0,1,1,0,0,1,1,4
CCC,2014B,2113778,1,East Anglian Region,Lower Than A Level,90-100%,35-55,0,60,0,Withdrawn,5,1,1,1,1,0,0,0,0,1,0,1,0,1,0,9
CCC,2014B,2131908,0,East Anglian Region,A Level or Equivalent,30-40%,35-55,0,60,0,Distinction,12,1,0,0,0,1,0,1,0,0,1,1,1,1,0,7
CCC,2014B,2134237,0,North Region,HE Qualification,,35-55,0,90,0,Fail,16,0,0,1,1,1,1,1,0,1,1,1,0,1,1,10
CCC,2014B,2134304,0,Scotland,Lower Than A Level,70-80%,35-55,0,60,0,Fail,13,0,1,0,0,1,0,0,0,1,1,1,0,1,0,5
CCC,2014B,2139037,1,East Anglian Region,HE Qualification,90-100%,0-35,0,60,0,Distinction,1,1,0,1,1,1,1,1,0,1,1,0,1,1,0,2
CCC,2014B,2139273,0,Scotland,A Level or Equivalent,60-70%,35-55,0,90,0,Withdrawn,15,0,1,0,1,1,0,1,0,1,0,0,1,1,1,10
CCC,2014B,2142662,0,East Midlands Region,HE Qualification,20-Oct,35-55,0,30,0,Withdrawn,11,0,1,0,0,1,0,0,0,1,1,0,0,1,0,6
CCC,2014B,2146277,1,East Anglian Region,A Level or Equivalent,80-90%,35-55,0,90,0,Pass,16,0,0,1,0,1,1,1,0,0,0,1,0,0,0,10
CCC,2014B,2147620,1,East Anglian Region,HE Qualification,60-70%,35-55,0,30,0,Pass,12,1,1,1,1,0,0,1,0,0,0,1,1,1,1,7
CCC,2014B,2147713,0,Wales,A Level or Equivalent,70-80%,35-55,0,150,0,Pass,1,1,1,0,0,0,0,0,1,1,0,1,1,0,1,2
CCC,2014B,2148297,1,East Midlands Region,Lower Than A Level,30-40%,35-55,0,210,0,Withdrawn,1,0,1,1,1,1,1,1,0,0,1,1,0,0,1,2
CCC,2014B,2156058,0,East Anglian Region,HE Qualification,40-50%,35-55,0,30,0,Distinction,16,1,0,1,1,1,1,1,1,1,1,0,0,1,0,10
CCC,2014B,2171264,0,West Midlands Region,A Level or Equivalent,40-50%,35-55,0,30,0,Fail,5,1,0,0,1,0,0,1,0,1,0,1,0,0,0,9
CCC,2014B,2171834,0,Scotland,HE Qualification,70-80%,35-55,0,120,0,Pass,1,1,1,1,1,1,0,0,1,1,1,1,0,0,0,2
CCC,2014B,2178929,0,Yorkshire Region,A Level or Equivalent,30-40%,35-55,0,30,0,Distinction,12,1,1,1,0,1,0,0,1,1,1,1,1,0,0,7
CCC,2014B,2187422,0,North Western Region,Lower Than A Level,90-100%,0-35,0,60,0,Pass,6,1,0,1,0,1,1,0,0,1,0,1,1,1,0,9
CCC,2014B,2188680,0,South West Region,Lower Than A Level,50-60%,0-35,0,60,0,Withdrawn,6,1,0,0,0,1,1,0,1,1,0,1,1,0,0,9
CCC,2014B,2198356,0,London Region,Lower Than A Level,30-40%,35-55,0,60,0,Withdrawn,12,0,0,0,1,0,0,1,0,0,1,1,0,1,1,7
CCC,2014B,2202076,0,Ireland,Lower Than A Level,70-80%,0-35,0,90,0,Withdrawn,14,1,0,1,1,1,1,0,0,0,1,1,0,1,0,5
CCC,2014B,2211797,0,Scotland,A Level or Equivalent,80-90%,0-35,0,100,0,Pass,1,1,0,1,1,0,0,1,1,0,0,1,0,1,1,2
CCC,2014B,2213982,0,East Anglian Region,Lower Than A Level,20-30%,35-55,0,330,0,Withdrawn,15,1,1,1,0,0,0,0,0,1,1,1,0,1,1,10
CCC,2014B,2229583,1,London Region,A Level or Equivalent,20-30%,35-55,0,30,1,Withdrawn,6,1,0,1,1,1,1,1,1,1,1,0,0,0,0,9
CCC,2014B,2236538,0,East Anglian Region,Lower Than A Level,60-70%,35-55,0,90,0,Fail,12,0,0,1,0,1,1,1,1,1,0,1,1,1,0,7
CCC,2014B,2238904,0,South West Region,Lower Than A Level,80-90%,35-55,0,30,0,Fail,7,1,0,0,0,1,1,1,0,1,1,1,0,0,0,3
CCC,2014B,2239848,0,London Region,Lower Than A Level,20-Oct,35-55,0,60,1,Pass,3,0,1,1,1,1,0,0,1,1,1,1,0,0,1,8
CCC,2014B,2241036,0,Ireland,A Level or Equivalent,30-40%,0-35,0,30,0,Fail,14,0,0,1,1,0,1,1,0,0,1,0,1,1,1,5
CCC,2014B,2247222,0,North Western Region,HE Qualification,40-50%,35-55,0,30,0,Pass,2,1,1,0,1,0,1,1,0,0,1,1,0,0,0,2
CCC,2014B,2252437,0,North Western Region,Lower Than A Level,0-10%,35-55,0,60,0,Withdrawn,15,0,0,0,1,0,0,0,1,0,1,1,0,1,0,10
CCC,2014B,2258228,0,East Anglian Region,Lower Than A Level,20-Oct,35-55,0,60,0,Fail,13,1,1,1,0,1,0,0,0,1,0,0,1,1,0,5
CCC,2014B,2289032,0,South Region,A Level or Equivalent,80-90%,35-55,0,60,0,Fail,7,1,0,1,0,0,0,0,1,0,1,0,0,0,0,3
CCC,2014B,2298895,0,East Anglian Region,A Level or Equivalent,60-70%,0-35,0,30,0,Pass,9,1,0,1,1,0,0,0,0,1,0,0,0,0,0,4
CCC,2014B,2327710,0,South West Region,Lower Than A Level,80-90%,0-35,0,355,1,Withdrawn,12,1,1,0,0,1,0,1,1,1,0,0,1,1,0,7
CCC,2014B,2329539,0,Yorkshire Region,Lower Than A Level,70-80%,0-35,0,60,0,Withdrawn,11,1,0,0,1,0,0,0,0,1,1,0,0,0,0,6
CCC,2014B,2341839,1,North Western Region,Lower Than A Level,20-30%,0-35,0,30,0,Withdrawn,9,0,0,0,1,1,0,0,1,1,0,0,1,1,1,4
CCC,2014B,2343809,1,Yorkshire Region,A Level or Equivalent,70-80%,0-35,0,150,0,Withdrawn,4,0,0,1,0,0,0,0,0,0,0,0,0,1,0,8
CCC,2014B,2347802,1,London Region,A Level or Equivalent,20-Oct,0-35,0,30,0,Distinction,9,0,0,0,1,1,1,1,0,1,1,1,1,1,0,4
CCC,2014B,2355744,0,Scotland,HE Qualification,60-70%,35-55,0,30,0,Withdrawn,12,1,0,1,0,1,1,0,1,1,0,1,0,1,1,7
CCC,2014B,2358707,1,South West Region,A Level or Equivalent,90-100%,0-35,0,120,0,Withdrawn,4,1,0,1,1,0,0,1,0,0,1,0,1,0,1,8
CCC,2014B,2365009,0,South West Region,Lower Than A Level,20-30%,35-55,0,90,0,Withdrawn,9,0,1,1,1,0,1,1,0,0,1,0,1,1,0,4
CCC,2014B,2367058,0,West Midlands Region,Lower Than A Level,80-90%,0-35,0,90,0,Withdrawn,15,0,0,1,1,1,0,1,1,0,1,0,1,0,0,10
CCC,2014B,2374376,0,Scotland,HE Qualification,80-90%,35-55,0,45,0,Withdrawn,15,1,1,0,0,1,0,0,1,1,0,0,1,1,1,10
CCC,2014B,2375259,0,East Anglian Region,A Level or Equivalent,40-50%,35-55,0,30,0,Withdrawn,11,0,0,0,1,0,1,0,0,0,0,0,1,0,0,6
CCC,2014B,2383036,1,Yorkshire Region,A Level or Equivalent,20-Oct,0-35,0,120,0,Withdrawn,4,0,1,1,1,0,0,0,0,0,0,1,0,1,0,8
CCC,2014B,2384615,0,Scotland,A Level or Equivalent,90-100%,0-35,0,150,0,Withdrawn,1,1,1,0,0,0,1,0,1,0,1,0,1,1,0,2
CCC,2014B,2384687,1,South West Region,Lower Than A Level,50-60%,35-55,0,70,0,Withdrawn,11,0,0,1,1,0,1,1,1,1,1,1,0,1,1,6
CCC,2014B,2389754,0,North Region,HE Qualification,,35-55,0,60,0,Withdrawn,3,0,0,1,0,1,1,0,0,1,0,0,1,0,1,8
CCC,2014B,2391004,0,Scotland,HE Qualification,70-80%,0-35,0,60,0,Pass,5,0,0,1,1,1,0,1,0,0,0,0,1,1,0,9
CCC,2014B,2394090,1,West Midlands Region,A Level or Equivalent,30-40%,0-35,0,90,0,Withdrawn,14,0,1,1,0,0,0,0,0,1,1,0,1,0,0,5
CCC,2014B,2408651,0,East Anglian Region,HE Qualification,70-80%,35-55,0,30,0,Withdrawn,11,0,1,1,0,1,1,1,0,0,0,0,0,1,1,6
CCC,2014B,2410459,0,West Midlands Region,Lower Than A Level,70-80%,0-35,0,30,1,Fail,7,1,0,1,1,1,0,0,0,0,1,1,1,1,1,3
CCC,2014B,2410519,0,West Midlands Region,A Level or Equivalent,70-80%,0-35,0,90,0,Distinction,16,0,1,0,1,0,1,1,0,1,0,0,1,1,1,10
CCC,2014B,2418732,1,North Region,HE Qualification,,35-55,0,60,0,Distinction,4,0,1,1,1,1,1,1,0,1,1,0,1,1,0,8
CCC,2014B,2419115,1,South Region,A Level or Equivalent,20-30%,35-55,0,90,0,Distinction,16,0,1,1,1,0,0,1,0,1,0,1,0,1,0,10
CCC,2014B,2421961,0,Yorkshire Region,A Level or Equivalent,30-40%,0-35,0,150,0,Withdrawn,16,0,0,0,0,1,0,1,1,1,0,1,0,0,1,10
CCC,2014B,2433069,0,East Anglian Region,A Level or Equivalent,50-60%,0-35,0,60,0,Distinction,11,0,1,0,1,1,0,1,1,0,1,0,1,0,1,6
CCC,2014B,2433221,1,East Anglian Region,A Level or Equivalent,60-70%,35-55,0,120,1,Pass,14,0,0,1,1,1,1,1,0,0,0,0,0,1,0,5
CCC,2014B,2436400,0,North Western Region,Lower Than A Level,20-30%,35-55,0,90,0,Withdrawn,12,1,0,1,1,0,0,0,0,0,0,0,1,1,0,7
CCC,2014B,2446778,1,Yorkshire Region,A Level or Equivalent,70-80%,0-35,0,90,0,Withdrawn,7,0,0,1,1,0,1,0,1,0,0,0,1,1,1,3
CCC,2014B,2447528,1,Scotland,HE Qualification,40-50%,35-55,0,30,0,Fail,3,1,1,1,0,0,1,1,0,0,0,1,0,0,1,8
CCC,2014B,2451726,1,North Region,Lower Than A Level,20-30%,0-35,0,60,0,Withdrawn,8,0,0,1,1,0,1,0,1,1,1,1,1,1,0,3
CCC,2014B,2454878,1,South Region,Lower Than A Level,40-50%,0-35,0,90,1,Fail,11,1,0,0,0,0,0,0,0,1,0,1,0,1,1,6
CCC,2014B,2464727,1,London Region,Lower Than A Level,0-10%,0-35,0,60,1,Withdrawn,14,1,1,1,1,1,1,0,1,1,1,0,0,1,1,5
CCC,2014B,2471283,0,Scotland,Post Graduate Qualification,90-100%,35-55,0,30,0,Pass,15,0,0,0,0,1,1,0,1,1,1,0,1,1,1,10
CCC,2014B,2473058,0,West Midlands Region,A Level or Equivalent,50-60%,0-35,0,90,0,Withdrawn,9,0,1,0,1,1,1,1,1,0,0,0,0,0,1,4
CCC,2014B,2478799,0,East Anglian Region,Lower Than A Level,80-90%,0-35,0,60,0,Withdrawn,15,0,1,0,1,1,0,0,1,0,0,0,1,1,0,10
CCC,2014B,2486769,0,London Region,HE Qualification,0-10%,35-55,0,90,0,Fail,13,0,0,1,0,1,1,1,1,1,1,0,1,1,1,5
CCC,2014B,2488382,1,Scotland,HE Qualification,50-60%,0-35,0,30,0,Pass,15,1,1,1,0,0,0,1,0,1,0,0,0,0,1,10
CCC,2014B,2488713,0,North Western Region,HE Qualification,60-70%,35-55,0,30,0,Withdrawn,15,0,1,0,1,0,1,0,0,0,1,0,0,0,0,10
CCC,2014B,2493107,1,North Western Region,Lower Than A Level,0-10%,35-55,0,90,1,Withdrawn,15,0,1,1,0,0,1,1,0,1,0,1,0,0,0,10
CCC,2014B,2494507,0,Scotland,HE Qualification,80-90%,0-35,0,30,0,Pass,10,0,1,1,0,0,0,0,0,1,1,1,0,1,0,1
CCC,2014B,2498388,1,North Region,Lower Than A Level,,0-35,0,30,1,Pass,4,0,1,0,1,1,1,1,1,1,1,1,1,1,1,8
CCC,2014B,2503063,0,East Midlands Region,A Level or Equivalent,20-Oct,0-35,0,90,0,Pass,4,0,0,0,1,1,0,1,0,0,1,1,1,0,1,8
CCC,2014B,2513997,0,London Region,HE Qualification,50-60%,55<=,0,60,0,Fail,1,0,0,1,0,0,1,0,0,0,1,1,0,1,1,2
CCC,2014B,2517778,1,North Western Region,Lower Than A Level,20-30%,0-35,0,150,0,Withdrawn,5,1,1,1,1,0,1,0,0,0,1,1,1,0,1,9
CCC,2014B,2522932,1,Scotland,HE Qualification,20-30%,0-35,0,150,0,Withdrawn,3,1,0,1,1,1,1,0,1,1,1,0,1,1,0,8
CCC,2014B,2524572,0,South East Region,A Level or Equivalent,60-70%,35-55,0,90,1,Withdrawn,14,1,1,0,1,0,1,1,1,0,1,1,1,0,1,5
CCC,2014B,2526493,1,Scotland,A Level or Equivalent,0-10%,35-55,0,60,0,Distinction,1,1,1,0,0,1,0,1,1,0,0,0,1,1,1,2
CCC,2014B,2529663,1,Wales,A Level or Equivalent,40-50%,35-55,0,30,0,Pass,13,1,0,1,0,0,0,0,1,0,0,1,0,1,0,5
CCC,2014B,2530985,0,London Region,HE Qualification,50-60%,0-35,0,30,0,Withdrawn,7,1,0,0,0,1,1,1,1,1,0,1,0,0,1,3
CCC,2014B,2545113,0,North Western Region,A Level or Equivalent,70-80%,35-55,0,30,0,Pass,16,1,1,0,1,0,0,1,1,0,1,1,1,1,1,10
CCC,2014B,2548877,0,London Region,HE Qualification,0-10%,0-35,0,30,0,Pass,1,0,0,0,0,1,0,1,1,1,1,0,1,1,1,2
CCC,2014B,2555596,0,South Region,A Level or Equivalent,30-40%,0-35,0,90,0,Withdrawn,11,0,0,1,1,0,0,0,1,0,1,1,0,0,1,6
CCC,2014B,2556060,0,London Region,Lower Than A Level,60-70%,35-55,0,30,0,Distinction,4,1,0,1,0,0,0,0,0,1,0,0,0,1,0,8
CCC,2014B,2558365,0,North Western Region,A Level or Equivalent,20-30%,0-35,0,90,0,Withdrawn,8,1,1,1,1,1,0,1,0,0,0,1,0,1,0,3
CCC,2014B,2564333,0,North Western Region,A Level or Equivalent,0-10%,35-55,0,60,1,Withdrawn,10,1,1,1,0,1,0,1,0,0,1,1,0,1,0,1
CCC,2014B,2564711,0,South West Region,A Level or Equivalent,20-Oct,0-35,0,60,1,Distinction,3,1,1,0,1,0,1,1,1,1,1,0,0,1,1,8
CCC,2014B,2567038,0,Scotland,A Level or Equivalent,90-100%,0-35,0,60,0,Pass,14,1,1,1,0,1,1,1,0,1,1,1,1,0,1,5
CCC,2014B,2569090,0,South Region,A Level or Equivalent,90-100%,35-55,0,60,0,Withdrawn,7,1,1,0,1,1,0,1,0,1,0,1,1,1,1,3
CCC,2014B,2569834,1,East Anglian Region,A Level or Equivalent,80-90%,35-55,0,60,0,Withdrawn,16,0,0,1,0,0,0,1,1,0,0,0,0,1,0,10
CCC,2014B,2569912,0,Ireland,A Level or Equivalent,,0-35,0,60,0,Withdrawn,3,0,0,1,0,0,0,0,1,1,0,1,0,1,1,8
CCC,2014B,2576298,0,South West Region,A Level or Equivalent,60-70%,0-35,0,90,0,Withdrawn,11,1,0,1,0,1,1,1,1,0,0,1,1,1,1,6
CCC,2014B,2577091,0,Scotland,Post Graduate Qualification,90-100%,35-55,0,30,0,Withdrawn,14,1,1,0,1,1,1,0,1,1,1,1,1,0,0,5
CCC,2014B,2581603,0,South Region,Lower Than A Level,30-40%,35-55,0,40,0,Pass,3,0,0,0,0,0,1,0,0,0,0,0,0,1,0,8
CCC,2014B,2588201,0,South Region,Lower Than A Level,30-40%,0-35,0,60,0,Pass,9,1,1,0,1,0,0,1,1,1,1,0,0,0,0,4
CCC,2014B,2591014,1,Scotland,HE Qualification,20-Oct,0-35,0,90,0,Withdrawn,2,0,1,1,1,0,0,0,1,0,0,0,0,0,1,2
CCC,2014B,2598913,0,London Region,HE Qualification,30-40%,35-55,0,150,0,Fail,9,1,0,0,0,1,0,1,0,0,0,1,0,1,1,4
CCC,2014B,2602235,0,East Midlands Region,Lower Than A Level,50-60%,0-35,0,150,0,Withdrawn,2,1,0,1,0,0,0,1,1,1,1,1,0,1,0,2
CCC,2014B,2602264,0,London Region,Post Graduate Qualification,20-Oct,35-55,0,120,0,Distinction,16,0,1,1,0,0,1,0,1,0,0,1,0,0,1,10
CCC,2014B,2603195,0,South West Region,A Level or Equivalent,60-70%,0-35,0,60,0,Pass,9,0,0,1,1,0,0,0,0,0,0,1,0,0,0,4
CCC,2014B,2604856,0,South Region,Lower Than A Level,50-60%,35-55,0,90,0,Withdrawn,6,0,0,1,1,0,0,0,0,1,1,1,0,0,1,9
CCC,2014B,2605030,0,Yorkshire Region,HE Qualification,0-10%,35-55,0,150,0,Withdrawn,11,0,1,0,1,1,1,1,0,1,0,1,0,0,0,6
CCC,2014B,2607849,0,North Region,Lower Than A Level,30-40%,0-35,0,90,1,Distinction,9,1,0,1,0,0,1,1,1,1,0,1,1,0,1,4
CCC,2014B,2609908,0,Scotland,A Level or Equivalent,60-70%,0-35,0,90,0,Pass,7,0,1,0,0,1,0,0,0,0,1,0,0,0,1,3
CCC,2014B,2613331,0,East Midlands Region,Lower Than A Level,50-60%,0-35,0,30,1,Pass,3,0,0,0,0,1,0,0,1,1,0,0,0,1,1,8
CCC,2014B,2615849,0,South Region,Lower Than A Level,50-60%,0-35,0,90,0,Withdrawn,9,0,1,0,1,0,1,0,1,1,0,1,0,1,1,4
CCC,2014B,2616950,0,North Region,A Level or Equivalent,40-50%,0-35,0,60,0,Pass,1,0,1,0,1,0,1,0,0,0,1,1,1,1,1,2
CCC,2014B,2617635,0,West Midlands Region,A Level or Equivalent,0-10%,0-35,0,60,0,Fail,10,1,1,1,0,1,1,1,1,0,0,0,0,1,1,1
CCC,2014B,2620636,1,South Region,A Level or Equivalent,90-100%,0-35,0,30,1,Fail,9,0,1,0,0,0,1,0,0,1,1,0,1,0,0,4
CCC,2014B,2621379,1,Ireland,A Level or Equivalent,30-40%,0-35,0,90,0,Withdrawn,11,0,0,0,1,1,0,0,0,1,0,0,0,0,1,6
CCC,2014B,2621734,0,London Region,A Level or Equivalent,0-10%,0-35,0,180,0,Withdrawn,3,0,0,0,1,0,0,1,1,1,0,0,1,0,0,8
CCC,2014B,2623263,0,South Region,A Level or Equivalent,50-60%,0-35,0,60,0,Distinction,11,1,1,0,0,0,0,0,1,1,0,1,0,0,0,6
CCC,2014B,2629436,1,South Region,HE Qualification,80-90%,35-55,0,60,0,Fail,4,1,0,1,0,1,0,1,0,1,1,1,0,0,0,8
CCC,2014B,2631547,1,South West Region,A Level or Equivalent,60-70%,35-55,0,90,0,Withdrawn,12,1,0,0,1,0,0,1,0,0,0,0,1,1,0,7
CCC,2014B,2631703,0,South West Region,A Level or Equivalent,30-40%,0-35,0,60,1,Distinction,13,0,1,0,0,1,1,1,1,0,1,0,1,1,1,5
CCC,2014B,2634238,0,Yorkshire Region,Lower Than A Level,30-40%,0-35,0,60,0,Fail,7,0,0,0,1,0,0,1,0,0,0,1,0,1,0,3
CCC,2014B,2639310,0,East Anglian Region,A Level or Equivalent,60-70%,0-35,0,90,0,Pass,11,0,0,1,0,0,1,1,1,0,0,0,0,0,0,6
CCC,2014B,2641486,0,North Region,Lower Than A Level,20-30%,35-55,0,30,0,Pass,16,1,0,0,0,0,0,1,0,0,0,1,0,0,1,10
CCC,2014B,2644404,0,Scotland,Post Graduate Qualification,50-60%,0-35,0,30,0,Pass,16,1,0,0,0,1,0,1,1,1,1,0,1,0,1,10
CCC,2014B,2646795,0,Scotland,Post Graduate Qualification,20-30%,35-55,0,120,0,Withdrawn,11,1,0,1,1,1,0,1,0,1,0,1,1,0,0,6
CCC,2014B,2652523,0,East Midlands Region,Lower Than A Level,60-70%,35-55,0,120,0,Fail,11,0,0,0,0,1,0,1,1,1,1,0,0,0,1,6
CCC,2014B,2658268,0,Yorkshire Region,HE Qualification,50-60%,35-55,0,30,0,Fail,14,0,1,0,0,0,1,1,1,1,0,1,1,0,0,5
CCC,2014B,2659556,0,East Anglian Region,Lower Than A Level,40-50%,35-55,0,30,0,Fail,1,0,1,0,1,0,0,1,0,0,0,0,0,1,1,2
CCC,2014B,2661696,0,North Western Region,A Level or Equivalent,60-70%,35-55,0,60,0,Withdrawn,1,0,1,0,0,0,0,0,1,0,1,0,1,0,1,2
CCC,2014B,2665399,1,South West Region,A Level or Equivalent,30-40%,35-55,0,30,0,Distinction,11,0,0,0,0,0,0,0,1,1,0,0,1,0,1,6
CCC,2014B,2668550,1,East Midlands Region,A Level or Equivalent,30-40%,35-55,0,90,0,Fail,6,1,1,1,0,1,1,1,1,1,1,0,0,0,0,9
CCC,2014B,2677969,1,London Region,Post Graduate Qualification,20-Oct,35-55,0,60,0,Fail,4,1,1,0,0,0,0,1,1,1,0,0,0,1,1,8
CCC,2014B,2680742,1,Scotland,Lower Than A Level,30-40%,0-35,0,30,1,Pass,1,1,0,1,0,0,1,0,0,0,1,0,0,0,1,2
CCC,2014B,2681198,0,East Anglian Region,Lower Than A Level,70-80%,35-55,0,90,0,Withdrawn,13,1,0,1,1,1,0,1,1,0,1,0,0,1,0,5
CCC,2014B,2682834,0,South East Region,A Level or Equivalent,20-Oct,35-55,0,30,0,Withdrawn,8,1,1,1,0,1,0,1,0,1,1,0,0,0,0,3
CCC,2014B,2686074,0,North Western Region,A Level or Equivalent,70-80%,0-35,0,150,0,Withdrawn,10,0,0,0,0,1,1,0,0,0,0,1,1,1,1,1
CCC,2014B,2686578,0,Scotland,A Level or Equivalent,60-70%,0-35,0,90,0,Distinction,12,1,1,1,1,1,1,1,1,0,0,0,0,1,1,7
CCC,2014B,2691267,1,West Midlands Region,Lower Than A Level,80-90%,35-55,0,90,0,Withdrawn,5,0,0,1,1,1,1,1,1,1,0,0,0,0,1,9
CCC,2014B,2691780,1,East Anglian Region,A Level or Equivalent,90-100%,0-35,0,120,0,Withdrawn,8,0,1,0,0,1,0,0,0,1,0,0,0,0,1,3
CCC,2014B,2692327,0,North Region,A Level or Equivalent,,35-55,0,60,0,Distinction,2,0,1,1,1,1,0,0,0,1,1,0,1,0,0,2
CCC,2014B,2697181,1,Scotland,HE Qualification,60-70%,0-35,0,40,0,Pass,13,1,0,0,0,1,0,1,1,0,0,0,1,0,0,5
CCC,2014B,2698535,0,Wales,Lower Than A Level,50-60%,0-35,0,60,0,Withdrawn,7,1,1,1,0,0,1,1,0,0,0,0,0,1,1,3
CCC,2014J,23698,1,East Anglian Region,A Level or Equivalent,50-60%,0-35,0,120,0,Pass,13,0,1,1,0,0,1,0,1,1,1,1,0,0,0,5
CCC,2014J,25261,1,Scotland,HE Qualification,40-50%,0-35,0,60,0,Withdrawn,11,1,0,0,1,0,0,0,1,0,1,1,1,0,1,6
CCC,2014J,27116,0,Yorkshire Region,HE Qualification,70-80%,0-35,0,120,0,Distinction,13,0,0,0,0,0,1,0,0,0,0,1,0,0,1,5
CCC,2014J,28787,0,South East Region,Lower Than A Level,80-90%,35-55,0,60,0,Pass,7,0,1,1,0,0,0,0,0,0,1,1,1,1,1,3
CCC,2014J,28952,1,Yorkshire Region,Lower Than A Level,60-70%,0-35,0,60,0,Withdrawn,4,0,0,0,0,0,1,0,0,1,0,1,0,1,0,8
CCC,2014J,29411,0,East Midlands Region,A Level or Equivalent,80-90%,0-35,0,150,0,Withdrawn,9,1,0,1,1,1,0,1,0,1,0,1,1,0,0,4
CCC,2014J,29420,0,Wales,A Level or Equivalent,70-80%,0-35,0,30,0,Pass,2,0,0,1,1,1,1,1,0,1,0,0,1,1,1,2
CCC,2014J,29639,0,North Region,Lower Than A Level,,0-35,0,30,0,Pass,2,0,0,0,1,1,0,0,1,0,1,0,1,1,1,2
CCC,2014J,30096,0,East Anglian Region,HE Qualification,90-100%,0-35,0,60,0,Distinction,4,0,0,0,0,1,1,0,1,0,1,0,1,0,1,8
CCC,2014J,30850,1,Scotland,HE Qualification,60-70%,35-55,0,120,0,Distinction,10,0,0,1,1,0,0,1,1,0,0,1,0,0,0,1
CCC,2014J,31161,0,South Region,Post Graduate Qualification,90-100%,55<=,0,105,0,Distinction,11,1,0,0,1,1,1,0,1,0,0,1,1,1,0,6
CCC,2014J,34068,0,Scotland,Lower Than A Level,50-60%,0-35,0,30,0,Withdrawn,3,0,0,0,1,1,0,1,0,1,0,1,1,0,0,8
CCC,2014J,35355,0,Wales,Lower Than A Level,0-10%,35-55,0,30,0,Withdrawn,8,0,0,1,0,1,0,1,0,0,1,1,0,0,0,3
CCC,2014J,35508,0,South West Region,A Level or Equivalent,90-100%,0-35,0,30,0,Pass,14,1,0,0,1,1,1,1,1,0,0,1,1,1,0,5
CCC,2014J,37652,1,London Region,HE Qualification,20-30%,35-55,0,50,0,Distinction,1,0,0,0,1,1,0,0,1,0,1,0,1,1,0,2
CCC,2014J,42746,1,South Region,HE Qualification,50-60%,35-55,0,60,0,Distinction,6,1,0,1,0,0,1,1,0,0,0,1,1,1,0,9
CCC,2014J,46705,0,Ireland,HE Qualification,,35-55,0,60,0,Fail,10,0,0,1,0,1,0,0,1,1,0,0,1,1,0,1
CCC,2014J,48635,0,South Region,HE Qualification,90-100%,0-35,0,120,0,Withdrawn,14,0,1,1,0,0,0,0,0,0,0,1,0,0,0,5
CCC,2014J,51576,1,London Region,Lower Than A Level,20-Oct,0-35,1,60,0,Withdrawn,2,0,1,0,0,1,0,1,0,1,0,1,0,0,1,2
CCC,2014J,53300,0,West Midlands Region,A Level or Equivalent,90-100%,0-35,0,270,0,Distinction,3,0,1,1,0,0,1,1,1,0,0,1,0,1,1,8
CCC,2014J,54062,0,East Anglian Region,A Level or Equivalent,30-40%,0-35,0,60,0,Withdrawn,1,1,1,0,1,1,0,1,1,0,1,1,0,0,1,2
CCC,2014J,60809,0,South East Region,Lower Than A Level,90-100%,0-35,0,120,0,Pass,13,0,0,0,0,0,0,0,0,1,0,1,1,1,0,5
CCC,2014J,61227,1,East Anglian Region,Lower Than A Level,80-90%,0-35,0,30,1,Pass,5,0,1,0,0,1,0,0,1,0,1,0,0,1,1,9
CCC,2014J,61236,0,South West Region,HE Qualification,50-60%,35-55,0,110,0,Withdrawn,2,0,1,0,0,0,1,0,0,0,0,1,1,0,0,2
CCC,2014J,63371,0,Ireland,Lower Than A Level,,0-35,0,30,0,Pass,13,0,1,0,0,1,0,1,0,0,0,0,1,0,0,5
CCC,2014J,67685,0,South Region,A Level or Equivalent,20-Oct,0-35,0,180,0,Withdrawn,12,1,0,0,0,1,0,1,1,0,1,1,1,1,1,7
CCC,2014J,69494,1,Yorkshire Region,No Formal quals,20-30%,0-35,1,150,0,Withdrawn,4,0,1,1,0,1,1,1,1,0,1,1,1,1,1,8
CCC,2014J,70214,0,Wales,Lower Than A Level,70-80%,0-35,0,90,0,Withdrawn,12,1,0,0,0,1,0,0,1,0,1,0,0,1,1,7
CCC,2014J,70495,0,Scotland,Lower Than A Level,50-60%,0-35,0,60,0,Pass,10,0,0,1,0,0,1,0,0,1,0,0,0,0,0,1
CCC,2014J,71723,0,North Western Region,A Level or Equivalent,20-Oct,0-35,0,30,0,Fail,13,0,0,0,0,1,0,0,1,0,1,1,0,0,0,5
CCC,2014J,72609,1,Wales,Lower Than A Level,50-60%,35-55,0,120,0,Fail,10,1,0,0,0,0,0,1,1,1,0,1,1,1,0,1
CCC,2014J,73664,0,North Western Region,A Level or Equivalent,40-50%,0-35,0,120,0,Withdrawn,11,1,1,1,1,1,1,1,0,1,0,1,1,0,0,6
CCC,2014J,74290,0,Scotland,Lower Than A Level,20-Oct,0-35,1,30,0,Withdrawn,1,1,0,0,1,0,0,1,0,0,1,1,0,0,0,2
CCC,2014J,76949,0,London Region,HE Qualification,50-60%,35-55,0,30,0,Pass,9,0,0,1,0,1,1,0,0,1,1,1,1,1,1,4
CCC,2014J,79461,0,Scotland,A Level or Equivalent,70-80%,0-35,1,60,0,Fail,14,0,1,1,1,0,1,0,0,1,1,1,0,0,1,5
CCC,2014J,80243,1,North Western Region,A Level or Equivalent,20-Oct,35-55,0,90,0,Withdrawn,9,0,0,1,1,0,1,0,0,0,0,0,1,1,1,4
CCC,2014J,80329,0,South Region,Lower Than A Level,80-90%,0-35,1,90,0,Pass,13,1,0,1,1,1,1,0,0,0,0,1,0,1,0,5
CCC,2014J,80491,0,Scotland,Lower Than A Level,20-Oct,35-55,0,115,0,Withdrawn,9,0,0,0,0,0,0,1,0,0,1,0,1,0,1,4
CCC,2014J,80868,0,South West Region,Lower Than A Level,80-90%,0-35,0,60,0,Pass,14,1,1,0,0,1,0,1,1,1,0,0,1,1,1,5
CCC,2014J,88758,0,North Region,Post Graduate Qualification,,35-55,1,150,0,Withdrawn,9,0,0,1,0,1,1,0,0,1,1,0,0,0,1,4
CCC,2014J,91040,1,West Midlands Region,Lower Than A Level,20-30%,0-35,0,90,0,Withdrawn,16,1,1,1,1,1,1,0,0,0,0,0,1,1,0,10
CCC,2014J,94978,0,North Region,Post Graduate Qualification,,35-55,0,90,0,Withdrawn,5,1,1,1,0,1,0,1,1,0,1,0,1,1,1,9
CCC,2014J,96864,0,West Midlands Region,HE Qualification,20-30%,0-35,0,30,0,Withdrawn,1,1,1,1,0,1,0,0,0,0,1,1,1,0,1,2
CCC,2014J,96874,1,South East Region,Lower Than A Level,60-70%,0-35,0,90,0,Fail,15,0,1,0,0,0,1,1,0,1,0,0,0,1,1,10
CCC,2014J,100788,0,Scotland,HE Qualification,80-90%,0-35,1,60,0,Distinction,7,1,0,1,1,0,1,1,1,0,1,0,0,0,0,3
CCC,2014J,101700,0,London Region,A Level or Equivalent,20-Oct,0-35,0,60,1,Withdrawn,13,1,1,1,0,1,1,1,1,0,0,0,1,0,1,5
CCC,2014J,102209,1,Scotland,A Level or Equivalent,20-Oct,35-55,0,60,0,Withdrawn,9,1,1,1,0,1,1,0,0,0,0,1,1,0,0,4
CCC,2014J,104480,0,North Region,No Formal quals,,0-35,0,120,0,Fail,3,0,1,1,0,0,1,0,1,0,0,0,0,0,0,8
CCC,2014J,105168,0,Scotland,HE Qualification,70-80%,0-35,0,60,0,Fail,3,1,0,1,1,1,1,0,1,1,1,1,1,1,1,8
CCC,2014J,105413,0,South West Region,HE Qualification,70-80%,35-55,0,100,0,Pass,16,1,1,0,1,0,1,0,0,1,0,0,1,0,0,10
CCC,2014J,107883,1,North Western Region,HE Qualification,30-40%,35-55,0,90,0,Withdrawn,9,0,0,0,0,1,1,0,0,1,1,0,1,0,1,4
CCC,2014J,109577,0,North Western Region,A Level or Equivalent,70-80%,0-35,0,120,0,Fail,11,0,0,0,1,1,1,0,0,0,0,0,1,0,0,6
CCC,2014J,112454,0,South East Region,HE Qualification,90-100%,0-35,0,30,0,Pass,3,0,0,0,1,0,0,1,1,1,0,0,0,0,0,8
CCC,2014J,114367,1,South West Region,A Level or Equivalent,70-80%,35-55,0,60,0,Pass,16,1,0,1,0,0,0,0,0,0,1,0,0,0,0,10
CCC,2014J,119310,0,North Western Region,Lower Than A Level,20-30%,0-35,0,150,0,Withdrawn,14,1,0,1,0,1,0,1,1,1,1,0,0,1,0,5
CCC,2014J,120236,0,East Midlands Region,A Level or Equivalent,30-40%,0-35,0,100,0,Fail,7,1,1,1,0,1,1,0,1,0,1,0,0,0,0,3
CCC,2014J,123598,0,Scotland,A Level or Equivalent,50-60%,0-35,1,60,1,Pass,3,1,1,1,1,1,1,1,1,1,0,1,1,0,1,8
CCC,2014J,124711,0,London Region,Lower Than A Level,20-Oct,55<=,0,60,0,Withdrawn,9,1,0,0,1,1,1,0,0,1,0,0,0,1,1,4
CCC,2014J,125777,0,London Region,HE Qualification,30-40%,35-55,0,30,0,Withdrawn,2,1,0,1,1,1,1,0,0,0,0,1,0,1,1,2
CCC,2014J,126812,1,East Midlands Region,A Level or Equivalent,40-50%,0-35,0,120,0,Withdrawn,8,0,0,0,1,1,0,0,1,1,1,1,0,0,0,3
CCC,2014J,128072,0,Scotland,HE Qualification,90-100%,0-35,0,120,0,Withdrawn,10,0,0,0,1,0,1,0,0,0,0,1,0,0,0,1
CCC,2014J,128510,1,Scotland,Lower Than A Level,50-60%,0-35,1,120,0,Pass,9,1,0,0,0,0,1,1,1,0,1,1,1,1,1,4
CCC,2014J,129198,1,North Western Region,HE Qualification,20-30%,35-55,1,60,1,Withdrawn,2,1,0,0,1,1,0,1,1,0,1,1,0,1,1,2
CCC,2014J,130671,1,West Midlands Region,Lower Than A Level,70-80%,0-35,0,90,0,Withdrawn,16,1,0,0,1,1,1,1,0,1,0,1,0,0,0,10
CCC,2014J,131222,0,South Region,A Level or Equivalent,90-100%,35-55,0,60,0,Pass,4,1,0,0,0,1,1,1,0,1,1,0,0,0,1,8
CCC,2014J,131663,0,Scotland,A Level or Equivalent,40-50%,0-35,1,30,0,Fail,12,0,1,1,0,0,0,0,0,1,0,0,1,1,0,7
CCC,2014J,131933,0,Scotland,Post Graduate Qualification,60-70%,35-55,1,30,0,Pass,11,1,0,0,0,1,0,1,1,0,1,1,1,0,0,6
CCC,2014J,132423,0,London Region,A Level or Equivalent,40-50%,0-35,0,240,0,Withdrawn,9,0,1,1,0,1,1,1,0,0,0,1,1,1,1,4
CCC,2014J,133419,0,North Western Region,HE Qualification,50-60%,35-55,0,120,0,Withdrawn,11,1,1,1,1,1,1,0,1,0,0,1,1,1,0,6
CCC,2014J,134190,1,Scotland,A Level or Equivalent,30-40%,0-35,0,120,0,Withdrawn,2,1,0,1,0,1,1,1,0,1,1,1,1,1,0,2
CCC,2014J,134982,0,Wales,Lower Than A Level,90-100%,0-35,0,120,0,Withdrawn,8,0,1,1,1,0,1,0,1,0,1,1,1,1,1,3
CCC,2014J,136335,0,East Midlands Region,Lower Than A Level,70-80%,0-35,0,90,0,Withdrawn,16,0,0,0,1,0,0,1,1,0,0,0,0,1,1,10
CCC,2014J,137281,1,South Region,A Level or Equivalent,40-50%,35-55,0,180,0,Fail,2,1,0,1,1,0,0,0,0,1,0,0,0,1,1,2
CCC,2014J,138861,0,London Region,HE Qualification,20-Oct,0-35,0,90,0,Distinction,6,0,0,0,0,1,0,1,1,1,0,0,1,1,1,9
CCC,2014J,138997,0,Scotland,A Level or Equivalent,60-70%,0-35,0,45,0,Fail,6,1,0,0,0,0,1,1,1,0,1,0,0,1,1,9
CCC,2014J,142092,0,North Western Region,HE Qualification,20-30%,35-55,0,120,0,Distinction,14,1,0,0,0,0,1,0,1,0,1,1,0,1,1,5
CCC,2014J,144745,1,London Region,HE Qualification,20-30%,0-35,0,30,1,Pass,10,1,0,1,1,1,1,0,1,0,0,0,1,1,1,1
CCC,2014J,145114,1,South West Region,A Level or Equivalent,40-50%,0-35,0,60,0,Fail,1,0,1,1,1,1,1,1,1,1,1,1,1,0,1,2
CCC,2014J,145490,0,London Region,Lower Than A Level,40-50%,35-55,0,180,0,Fail,11,0,0,1,0,0,1,0,0,1,0,1,1,0,1,6
CCC,2014J,145640,0,East Anglian Region,A Level or Equivalent,70-80%,0-35,0,60,0,Distinction,3,1,1,1,1,1,1,0,1,1,1,0,0,0,0,8
CCC,2014J,152626,0,North Western Region,Lower Than A Level,0-10%,35-55,0,120,0,Withdrawn,1,1,0,1,1,1,0,0,0,0,0,0,1,1,0,2
CCC,2014J,153788,0,North Western Region,No Formal quals,20-30%,0-35,1,60,0,Withdrawn,14,1,1,0,1,0,1,0,0,0,1,1,0,1,0,5
CCC,2014J,155298,0,South Region,A Level or Equivalent,90-100%,0-35,0,60,0,Pass,12,1,0,0,0,1,0,0,0,1,0,1,1,0,0,7
CCC,2014J,155956,0,South West Region,Lower Than A Level,80-90%,35-55,0,60,0,Fail,16,0,1,0,1,0,0,0,0,0,0,0,0,1,0,10
CCC,2014J,157310,1,Yorkshire Region,Lower Than A Level,40-50%,0-35,1,120,0,Withdrawn,6,1,1,0,0,1,0,0,0,1,0,0,1,1,0,9
CCC,2014J,160536,1,South Region,Lower Than A Level,30-40%,0-35,0,180,1,Pass,2,0,1,0,0,1,0,0,0,0,1,1,1,0,0,2
CCC,2014J,161781,0,Scotland,A Level or Equivalent,60-70%,0-35,0,90,0,Withdrawn,7,1,1,0,0,0,0,0,1,1,1,0,0,1,1,3
CCC,2014J,163067,1,South East Region,Lower Than A Level,40-50%,0-35,0,60,0,Withdrawn,8,1,0,1,0,0,0,1,0,0,0,1,0,0,1,3
CCC,2014J,164968,0,Scotland,HE Qualification,90-100%,0-35,0,90,0,Fail,11,1,1,0,0,0,1,0,0,1,0,1,0,0,0,6
CCC,2014J,165647,1,Scotland,A Level or Equivalent,30-40%,0-35,1,90,0,Fail,5,1,1,1,0,0,1,0,0,0,0,1,0,1,1,9
CCC,2014J,165733,0,Scotland,A Level or Equivalent,20-30%,0-35,1,30,1,Withdrawn,5,0,0,1,0,1,0,0,1,0,1,0,1,1,0,9
CCC,2014J,169297,0,Scotland,A Level or Equivalent,80-90%,0-35,0,60,0,Withdrawn,2,1,1,0,0,0,0,1,0,1,1,0,1,0,0,2
CCC,2014J,170030,0,Wales,HE Qualification,20-30%,0-35,0,60,0,Pass,3,0,0,0,1,0,1,0,0,0,1,0,1,0,0,8
CCC,2014J,171896,1,South East Region,A Level or Equivalent,40-50%,0-35,1,60,0,Withdrawn,2,1,0,1,0,1,0,0,0,0,0,1,0,1,1,2
CCC,2014J,175638,0,North Western Region,Lower Than A Level,0-10%,0-35,0,90,0,Fail,1,1,0,0,1,0,0,1,0,0,0,1,1,0,1,2
CCC,2014J,178072,0,South East Region,A Level or Equivalent,0-10%,0-35,1,150,0,Pass,15,0,1,0,0,0,1,0,0,1,1,0,1,0,1,10
CCC,2014J,181861,1,South East Region,Lower Than A Level,90-100%,35-55,0,60,0,Pass,4,1,0,0,0,0,1,1,1,1,1,1,1,0,1,8
CCC,2014J,182854,0,West Midlands Region,A Level or Equivalent,40-50%,0-35,0,80,1,Pass,1,1,1,1,1,1,0,1,0,1,0,1,1,1,1,2
CCC,2014J,185057,0,Ireland,HE Qualification,,35-55,0,90,0,Withdrawn,4,0,0,0,1,1,1,1,0,1,1,1,1,0,1,8
CCC,2014J,185127,0,London Region,A Level or Equivalent,20-30%,0-35,0,60,0,Pass,6,0,0,1,0,0,0,0,1,0,1,1,1,1,0,9
CCC,2014J,185451,0,Ireland,A Level or Equivalent,80-90%,0-35,0,30,0,Withdrawn,8,0,0,1,0,0,0,0,0,0,0,0,1,1,1,3
CCC,2014J,188251,0,North Region,Lower Than A Level,,0-35,0,30,1,Fail,11,1,0,1,0,0,0,0,1,1,1,1,1,1,0,6
CCC,2014J,188273,1,East Anglian Region,A Level or Equivalent,20-Oct,0-35,0,60,0,Pass,6,0,1,0,1,0,0,1,1,1,1,1,0,1,1,9
CCC,2014J,188662,0,Scotland,HE Qualification,80-90%,0-35,0,60,0,Pass,3,1,1,1,1,0,1,1,0,0,0,1,1,1,0,8
CCC,2014J,190780,0,Scotland,HE Qualification,60-70%,0-35,0,120,0,Withdrawn,10,1,1,0,1,1,1,1,1,0,1,1,0,0,0,1
CCC,2014J,196189,1,Scotland,HE Qualification,30-40%,0-35,0,60,0,Pass,14,0,0,1,0,0,0,1,1,1,1,0,0,0,0,5
CCC,2014J,199261,0,Wales,HE Qualification,80-90%,35-55,0,60,0,Withdrawn,16,1,0,0,1,0,0,1,0,0,0,1,1,0,0,10
CCC,2014J,199361,0,North Western Region,Lower Than A Level,40-50%,0-35,0,60,0,Fail,12,0,1,0,1,1,1,0,0,0,0,1,0,1,0,7
CCC,2014J,199760,0,Scotland,HE Qualification,20-Oct,0-35,0,60,0,Fail,1,1,0,1,1,0,1,1,1,0,1,0,0,0,0,2
CCC,2014J,200372,0,Scotland,HE Qualification,20-30%,35-55,1,120,0,Withdrawn,13,1,1,1,1,1,1,0,1,0,0,1,1,0,0,5
CCC,2014J,201425,0,South East Region,A Level or Equivalent,60-70%,0-35,0,60,0,Pass,16,1,1,1,0,1,1,0,1,1,1,0,1,0,0,10
CCC,2014J,205218,0,Scotland,Lower Than A Level,20-30%,35-55,0,50,0,Withdrawn,16,1,0,1,0,1,1,1,0,0,1,1,0,0,0,10
CCC,2014J,232072,0,Wales,A Level or Equivalent,60-70%,0-35,0,60,0,Fail,6,0,1,1,1,0,0,1,1,0,1,0,0,0,0,9
CCC,2014J,233444,0,London Region,Lower Than A Level,0-10%,0-35,1,60,0,Withdrawn,4,1,0,1,0,0,1,1,0,0,0,0,0,1,1,8
CCC,2014J,234957,0,East Anglian Region,A Level or Equivalent,40-50%,0-35,0,60,0,Withdrawn,8,1,1,1,1,1,0,1,1,1,0,0,1,0,0,3
CCC,2014J,235121,0,East Anglian Region,A Level or Equivalent,70-80%,0-35,0,115,0,Withdrawn,13,1,1,0,0,0,1,1,0,0,0,1,1,1,0,5
CCC,2014J,238255,1,Scotland,HE Qualification,50-60%,0-35,0,30,1,Withdrawn,8,1,0,0,0,1,1,0,0,1,1,0,0,0,1,3
CCC,2014J,240486,0,South Region,A Level or Equivalent,80-90%,35-55,0,60,0,Fail,13,1,1,1,0,0,1,0,0,1,1,0,1,1,1,5
CCC,2014J,242636,0,West Midlands Region,A Level or Equivalent,40-50%,0-35,0,120,0,Fail,10,0,0,1,0,1,0,0,1,0,0,1,1,1,1,1
CCC,2014J,242778,0,Scotland,HE Qualification,90-100%,35-55,1,30,0,Fail,6,1,1,1,1,1,1,0,0,1,0,1,1,0,0,9
CCC,2014J,243358,1,Scotland,A Level or Equivalent,40-50%,0-35,0,90,0,Pass,2,0,1,0,0,1,0,0,1,1,1,1,0,1,0,2
CCC,2014J,244738,0,London Region,A Level or Equivalent,40-50%,0-35,0,60,0,Distinction,9,0,0,1,0,1,0,0,1,0,0,0,1,1,1,4
CCC,2014J,245217,0,East Midlands Region,A Level or Equivalent,50-60%,0-35,1,250,0,Fail,6,0,0,0,0,1,0,1,0,0,1,0,1,1,1,9
CCC,2014J,245600,0,North Region,A Level or Equivalent,,0-35,0,120,0,Pass,9,0,1,1,1,0,0,1,1,1,0,0,1,0,0,4
CCC,2014J,246829,0,Yorkshire Region,A Level or Equivalent,20-30%,0-35,0,90,0,Withdrawn,5,0,1,1,1,0,0,0,1,0,0,1,0,0,1,9
CCC,2014J,247304,1,East Anglian Region,HE Qualification,60-70%,0-35,0,60,0,Fail,7,1,1,0,0,0,0,1,0,1,1,1,0,1,0,3
CCC,2014J,248818,0,South West Region,Lower Than A Level,60-70%,0-35,0,60,0,Withdrawn,2,1,0,1,1,1,1,1,1,0,1,1,0,0,1,2
CCC,2014J,253013,1,East Midlands Region,A Level or Equivalent,50-60%,0-35,0,60,0,Pass,10,0,1,1,0,1,0,0,0,1,0,1,0,1,1,1
CCC,2014J,253496,0,Wales,Lower Than A Level,0-10%,0-35,0,60,0,Withdrawn,13,1,1,1,0,0,1,1,0,0,0,1,1,1,0,5
CCC,2014J,256532,0,South Region,A Level or Equivalent,50-60%,35-55,1,30,0,Fail,10,0,1,1,1,1,1,0,1,0,0,1,0,1,1,1
CCC,2014J,256680,1,South Region,A Level or Equivalent,60-70%,0-35,0,60,1,Withdrawn,12,1,0,0,0,0,1,1,0,0,0,1,0,0,1,7
CCC,2014J,256867,0,Yorkshire Region,A Level or Equivalent,80-90%,35-55,0,60,0,Pass,8,0,0,1,1,0,1,0,1,1,0,0,0,1,1,3
CCC,2014J,257887,0,Ireland,HE Qualification,,0-35,0,60,0,Pass,3,0,0,0,1,1,1,1,0,0,1,1,1,0,0,8
CCC,2014J,258042,1,South East Region,HE Qualification,60-70%,35-55,0,30,0,Withdrawn,15,1,0,0,1,1,0,1,1,1,1,0,0,0,1,10
CCC,2014J,259641,0,North Region,A Level or Equivalent,,35-55,0,120,0,Pass,15,1,1,1,1,1,1,0,0,0,0,1,0,1,0,10
CCC,2014J,260062,0,Scotland,HE Qualification,90-100%,0-35,1,30,0,Withdrawn,4,0,0,1,0,0,1,1,0,0,1,1,1,1,0,8
CCC,2014J,261160,1,Wales,Lower Than A Level,20-30%,35-55,0,150,0,Withdrawn,11,0,0,1,1,1,1,1,0,1,1,1,0,1,0,6
CCC,2014J,262385,1,East Anglian Region,Lower Than A Level,20-30%,0-35,0,60,0,Pass,4,0,0,1,0,1,1,0,1,0,0,1,0,0,1,8
CCC,2014J,263150,1,London Region,A Level or Equivalent,40-50%,0-35,0,60,0,Withdrawn,8,1,1,0,0,0,0,1,1,0,0,0,1,1,0,3
CCC,2014J,264151,0,Scotland,A Level or Equivalent,50-60%,35-55,0,60,0,Fail,13,0,0,0,1,1,0,0,0,1,0,0,0,0,0,5
CCC,2014J,264715,1,South Region,A Level or Equivalent,20-30%,35-55,0,60,0,Pass,11,1,1,0,0,1,1,1,1,1,1,0,0,0,1,6
CCC,2014J,264723,0,East Midlands Region,Lower Than A Level,0-10%,0-35,0,90,0,Withdrawn,7,1,0,0,1,0,1,1,0,0,1,0,1,0,1,3
CCC,2014J,264845,1,West Midlands Region,HE Qualification,60-70%,55<=,0,30,0,Fail,6,1,0,0,1,1,0,1,0,0,0,0,1,1,1,9
CCC,2014J,266097,0,London Region,Lower Than A Level,40-50%,35-55,0,30,0,Withdrawn,16,1,1,0,1,0,1,0,0,1,0,1,1,0,0,10
CCC,2014J,266558,0,Yorkshire Region,A Level or Equivalent,30-40%,0-35,1,30,1,Fail,13,1,1,1,1,1,0,0,1,1,1,1,1,0,1,5
CCC,2014J,267619,0,Yorkshire Region,Lower Than A Level,20-Oct,35-55,0,90,0,Fail,9,0,1,0,1,1,0,0,0,0,1,0,0,0,0,4
CCC,2014J,268018,0,London Region,Lower Than A Level,40-50%,0-35,1,60,0,Fail,10,0,1,0,0,0,0,0,1,1,0,1,0,1,0,1
CCC,2014J,269388,1,Scotland,HE Qualification,30-40%,0-35,0,90,0,Fail,5,0,1,1,0,0,0,0,0,0,0,1,0,1,0,9
CCC,2014J,271526,0,South Region,HE Qualification,80-90%,35-55,0,60,0,Withdrawn,5,0,1,1,1,0,0,1,1,1,1,1,0,0,0,9
CCC,2014J,275297,0,North Region,HE Qualification,,0-35,0,120,0,Distinction,5,0,1,1,0,0,0,1,1,1,1,1,0,1,1,9
CCC,2014J,275711,0,North Western Region,Lower Than A Level,20-Oct,0-35,0,80,0,Fail,11,0,0,1,0,1,0,1,0,1,1,1,0,0,0,6
CCC,2014J,275882,0,South East Region,A Level or Equivalent,80-90%,35-55,0,60,0,Fail,8,1,1,1,1,0,1,0,0,0,0,0,1,1,0,3
CCC,2014J,278413,0,London Region,HE Qualification,0-10%,35-55,0,30,0,Withdrawn,9,1,1,1,0,1,1,0,1,1,1,0,1,0,1,4
CCC,2014J,278600,0,North Western Region,A Level or Equivalent,60-70%,0-35,0,90,0,Withdrawn,6,0,1,0,1,1,0,0,1,1,0,0,0,1,1,9
CCC,2014J,279879,1,Scotland,HE Qualification,70-80%,0-35,0,30,0,Withdrawn,11,1,1,0,0,1,0,1,0,0,0,1,1,0,0,6
CCC,2014J,279883,0,East Midlands Region,A Level or Equivalent,0-10%,0-35,1,180,0,Withdrawn,9,0,0,0,1,1,1,0,0,0,0,1,1,0,0,4
CCC,2014J,283618,0,West Midlands Region,Lower Than A Level,90-100%,35-55,0,30,0,Withdrawn,7,1,0,1,0,0,1,1,0,0,1,0,1,1,1,3
CCC,2014J,284095,1,South West Region,HE Qualification,90-100%,0-35,0,120,0,Distinction,4,1,1,0,1,1,0,1,0,0,1,0,1,0,1,8
CCC,2014J,284741,0,East Anglian Region,A Level or Equivalent,80-90%,0-35,0,120,0,Withdrawn,7,0,1,0,1,1,1,0,1,0,1,1,0,1,0,3
CCC,2014J,285412,0,North Region,Lower Than A Level,30-40%,0-35,0,60,0,Withdrawn,2,0,1,0,0,0,1,1,1,1,1,1,1,1,1,2
CCC,2014J,285637,1,Yorkshire Region,A Level or Equivalent,20-Oct,0-35,0,30,0,Withdrawn,8,0,0,1,0,1,0,1,0,1,1,1,0,0,1,3
CCC,2014J,286658,1,North Region,A Level or Equivalent,,35-55,0,90,0,Distinction,11,1,1,0,1,0,1,1,0,0,0,0,1,0,0,6
CCC,2014J,287897,1,East Midlands Region,Lower Than A Level,50-60%,0-35,0,120,1,Withdrawn,1,0,0,1,0,1,0,1,1,1,0,1,1,0,1,2
CCC,2014J,289397,0,South East Region,A Level or Equivalent,60-70%,0-35,1,60,1,Fail,15,0,0,0,0,1,0,1,0,1,0,1,0,0,1,10
CCC,2014J,290043,0,Scotland,A Level or Equivalent,50-60%,0-35,0,60,0,Fail,12,0,0,1,1,1,0,0,0,0,1,1,1,0,1,7
CCC,2014J,291156,1,London Region,A Level or Equivalent,70-80%,0-35,0,90,0,Withdrawn,4,0,0,1,0,0,1,1,1,0,0,1,0,1,0,8
CCC,2014J,291674,1,West Midlands Region,A Level or Equivalent,20-Oct,0-35,0,30,0,Pass,2,0,1,0,0,0,1,0,1,1,1,1,1,1,1,2
CCC,2014J,293162,0,Scotland,A Level or Equivalent,70-80%,0-35,0,90,0,Pass,5,0,1,0,0,1,0,1,0,1,1,1,0,0,1,9
CCC,2014J,293321,0,West Midlands Region,A Level or Equivalent,20-30%,0-35,0,120,0,Withdrawn,14,0,0,0,0,1,0,0,1,0,1,1,0,0,0,5
CCC,2014J,293686,0,South West Region,A Level or Equivalent,30-40%,0-35,0,30,0,Pass,3,1,0,1,1,1,1,1,1,1,1,1,0,0,1,8
CCC,2014J,294112,0,Scotland,A Level or Equivalent,40-50%,0-35,0,150,0,Fail,9,0,0,0,0,0,0,1,1,1,1,0,1,0,1,4
CCC,2014J,296222,0,South East Region,A Level or Equivalent,80-90%,0-35,0,90,0,Withdrawn,8,0,0,1,0,0,0,1,1,0,1,0,0,1,0,3
CCC,2014J,296725,1,Scotland,Post Graduate Qualification,50-60%,0-35,0,210,0,Fail,5,1,1,0,1,1,0,1,1,0,0,1,0,0,0,9
CCC,2014J,297166,1,London Region,Lower Than A Level,20-Oct,35-55,0,60,0,Fail,11,1,1,0,1,1,1,0,0,1,0,1,0,1,0,6
CCC,2014J,298777,0,North Western Region,A Level or Equivalent,40-50%,0-35,0,120,0,Withdrawn,11,1,1,1,1,1,0,0,1,1,0,0,0,0,1,6
CCC,2014J,300611,0,North Western Region,HE Qualification,0-10%,0-35,1,30,0,Pass,15,1,0,1,0,0,1,1,1,0,1,0,1,1,1,10
CCC,2014J,301681,1,North Region,A Level or Equivalent,30-40%,0-35,0,60,0,Withdrawn,7,0,1,0,0,0,1,0,0,1,0,1,0,1,1,3
CCC,2014J,303218,0,Yorkshire Region,HE Qualification,40-50%,0-35,0,60,0,Pass,9,1,1,1,1,1,1,0,0,1,1,0,0,0,1,4
CCC,2014J,305036,0,North Western Region,Lower Than A Level,50-60%,0-35,0,60,0,Withdrawn,1,0,0,1,1,1,0,0,0,0,0,0,0,1,1,2
CCC,2014J,306202,0,London Region,A Level or Equivalent,0-10%,0-35,0,120,0,Pass,7,1,1,0,0,0,0,0,1,0,0,1,0,0,0,3
CCC,2014J,307297,0,South East Region,HE Qualification,60-70%,0-35,0,45,0,Withdrawn,4,0,0,0,0,1,1,0,0,0,1,0,1,0,0,8
CCC,2014J,307789,1,East Midlands Region,A Level or Equivalent,20-30%,0-35,0,120,0,Withdrawn,8,1,1,1,1,0,0,1,1,0,1,1,0,1,1,3
CCC,2014J,308953,1,West Midlands Region,HE Qualification,20-30%,35-55,0,30,0,Fail,8,1,0,1,0,0,0,1,0,0,1,0,0,1,0,3
CCC,2014J,310280,0,South West Region,Lower Than A Level,50-60%,0-35,1,60,0,Fail,15,1,0,0,0,0,1,0,0,1,1,0,0,1,1,10
CCC,2014J,310765,0,Yorkshire Region,HE Qualification,40-50%,35-55,0,30,0,Pass,12,1,0,0,0,0,0,1,0,0,1,0,0,0,0,7
CCC,2014J,311332,1,South West Region,Lower Than A Level,80-90%,35-55,0,30,0,Fail,13,1,0,0,0,1,0,1,0,1,1,0,0,1,1,5
CCC,2014J,311862,0,West Midlands Region,A Level or Equivalent,50-60%,0-35,0,60,0,Pass,7,0,0,1,0,0,0,0,1,1,0,1,0,0,1,3
CCC,2014J,312061,0,West Midlands Region,A Level or Equivalent,30-40%,0-35,0,60,0,Fail,4,1,0,0,1,0,0,1,1,0,1,0,0,1,0,8
CCC,2014J,314555,1,South Region,A Level or Equivalent,30-40%,0-35,1,120,1,Withdrawn,15,0,1,0,1,1,0,1,0,0,1,1,0,1,1,10
CCC,2014J,314956,0,South East Region,A Level or Equivalent,60-70%,0-35,0,60,0,Pass,5,1,1,1,0,1,1,0,0,0,0,0,1,1,1,9
CCC,2014J,316091,0,South West Region,A Level or Equivalent,30-40%,0-35,0,30,0,Pass,3,1,1,1,1,0,0,0,1,0,0,1,0,1,0,8
CCC,2014J,316454,1,North Western Region,Lower Than A Level,0-10%,0-35,0,120,1,Withdrawn,1,1,0,0,1,0,1,0,0,0,0,0,0,1,0,2
CCC,2014J,317801,0,East Anglian Region,A Level or Equivalent,90-100%,0-35,0,30,0,Fail,16,0,0,1,0,0,1,0,1,1,0,1,1,0,0,10
CCC,2014J,319035,0,Yorkshire Region,Lower Than A Level,0-10%,0-35,0,60,0,Withdrawn,12,0,0,0,0,0,1,0,1,0,0,0,1,1,0,7
CCC,2014J,319492,0,East Anglian Region,Lower Than A Level,60-70%,0-35,0,110,0,Withdrawn,2,1,0,0,1,1,1,1,0,0,1,0,0,1,0,2
CCC,2014J,320153,1,Yorkshire Region,Lower Than A Level,80-90%,0-35,1,30,0,Withdrawn,13,1,0,0,1,1,1,1,0,0,0,1,1,0,1,5
CCC,2014J,322499,0,Scotland,A Level or Equivalent,90-100%,0-35,0,120,0,Withdrawn,10,1,0,1,0,1,1,1,1,1,1,0,1,0,0,1
CCC,2014J,322641,0,East Anglian Region,Lower Than A Level,70-80%,0-35,0,60,0,Pass,15,0,1,1,1,0,0,0,0,1,0,1,1,1,1,10
CCC,2014J,322844,0,Ireland,A Level or Equivalent,40-50%,0-35,0,30,0,Withdrawn,8,0,0,0,0,0,1,1,1,1,1,0,1,1,0,3
CCC,2014J,322907,0,London Region,HE Qualification,30-40%,55<=,0,30,0,Fail,3,1,1,1,1,1,1,1,0,0,1,1,1,0,1,8
CCC,2014J,324338,0,London Region,A Level or Equivalent,40-50%,0-35,0,120,0,Withdrawn,9,1,1,0,1,1,1,0,0,1,1,0,1,1,0,4
CCC,2014J,324440,1,London Region,Lower Than A Level,20-30%,0-35,0,90,0,Withdrawn,9,1,1,1,0,0,1,0,0,0,0,1,0,0,1,4
CCC,2014J,325497,1,South West Region,A Level or Equivalent,20-30%,0-35,1,60,0,Withdrawn,9,0,1,1,0,0,0,0,0,1,1,0,1,1,1,4
CCC,2014J,325518,0,West Midlands Region,Lower Than A Level,20-30%,0-35,0,60,0,Withdrawn,12,1,1,1,0,1,1,1,1,1,0,1,1,0,0,7
CCC,2014J,327057,0,South East Region,HE Qualification,50-60%,0-35,0,100,0,Pass,15,1,1,0,0,0,0,0,0,1,1,0,0,1,1,10
CCC,2014J,328123,0,West Midlands Region,Lower Than A Level,0-10%,0-35,0,60,1,Fail,10,0,1,0,1,1,1,1,1,1,0,0,0,0,1,1
CCC,2014J,328674,1,East Anglian Region,Lower Than A Level,60-70%,0-35,0,90,0,Fail,3,1,0,0,1,1,0,1,1,0,1,1,1,0,1,8
CCC,2014J,329455,0,London Region,Post Graduate Qualification,20-30%,35-55,0,60,0,Withdrawn,15,1,1,0,1,0,1,1,0,0,1,0,1,1,0,10
CCC,2014J,330453,0,South Region,Lower Than A Level,30-40%,35-55,0,60,0,Pass,13,0,1,1,1,0,0,1,1,0,1,1,1,0,1,5
CCC,2014J,330952,0,North Western Region,Lower Than A Level,20-30%,35-55,0,270,0,Withdrawn,7,0,0,0,1,1,1,1,0,1,0,1,1,1,1,3
CCC,2014J,330966,0,South Region,HE Qualification,90-100%,35-55,0,30,0,Withdrawn,5,0,0,1,1,0,1,0,0,1,1,0,0,1,0,9
CCC,2014J,331622,0,East Midlands Region,Lower Than A Level,80-90%,0-35,0,150,0,Withdrawn,6,0,1,0,0,0,1,1,0,0,0,1,0,0,1,9
CCC,2014J,332436,0,South Region,Lower Than A Level,70-80%,0-35,0,60,0,Pass,13,0,0,1,1,1,1,1,1,1,0,0,1,0,0,5
CCC,2014J,334154,0,West Midlands Region,A Level or Equivalent,20-Oct,0-35,0,30,0,Fail,11,0,1,0,0,0,0,1,1,0,0,0,0,1,1,6
CCC,2014J,334225,1,North Western Region,Lower Than A Level,0-10%,0-35,0,90,0,Pass,6,1,1,0,1,0,1,1,1,1,0,1,0,0,1,9
CCC,2014J,335401,0,South Region,Lower Than A Level,20-30%,35-55,0,30,0,Withdrawn,14,0,0,1,1,1,1,1,0,1,0,0,1,1,1,5
CCC,2014J,335405,0,East Anglian Region,A Level or Equivalent,50-60%,0-35,0,60,0,Distinction,10,1,0,0,1,1,1,1,1,1,1,1,0,0,0,1
CCC,2014J,335914,1,Ireland,A Level or Equivalent,20-30%,0-35,0,30,0,Withdrawn,9,0,0,0,1,0,1,0,1,0,0,1,0,0,1,4
CCC,2014J,336014,0,Scotland,HE Qualification,80-90%,0-35,0,120,0,Withdrawn,11,0,1,0,1,1,1,1,0,1,1,0,0,1,0,6
CCC,2014J,336131,0,East Midlands Region,A Level or Equivalent,80-90%,0-35,0,60,0,Distinction,15,1,1,1,1,1,1,0,1,0,0,0,1,0,0,10
CCC,2014J,336695,1,East Midlands Region,A Level or Equivalent,0-10%,0-35,1,60,0,Pass,7,0,1,1,1,0,0,0,0,1,1,1,0,0,0,3
CCC,2014J,336772,0,South West Region,Lower Than A Level,80-90%,35-55,0,30,0,Pass,5,1,0,1,0,1,1,0,1,0,0,1,0,1,0,9
CCC,2014J,338731,0,Yorkshire Region,Lower Than A Level,20-Oct,35-55,1,30,0,Fail,10,1,0,0,0,1,1,1,1,1,1,0,0,1,0,1
CCC,2014J,338983,0,East Anglian Region,Lower Than A Level,20-30%,35-55,0,30,0,Withdrawn,2,1,0,1,0,1,1,1,0,1,0,0,0,0,1,2
CCC,2014J,339235,0,West Midlands Region,HE Qualification,70-80%,0-35,0,90,0,Distinction,9,1,0,0,1,0,1,0,1,0,1,1,0,1,1,4
CCC,2014J,339824,0,East Anglian Region,A Level or Equivalent,80-90%,0-35,0,60,1,Withdrawn,6,0,1,1,0,0,0,0,0,0,0,1,0,1,1,9
CCC,2014J,340010,1,North Western Region,Lower Than A Level,40-50%,0-35,0,30,0,Pass,6,0,0,0,0,0,0,0,1,0,1,1,1,1,1,9
CCC,2014J,341361,0,London Region,HE Qualification,20-Oct,35-55,0,60,0,Withdrawn,1,1,1,0,1,0,0,0,1,0,1,0,0,0,1,2
CCC,2014J,342799,0,Wales,Lower Than A Level,0-10%,0-35,1,30,1,Pass,5,0,1,0,1,1,0,0,1,0,0,0,1,1,0,9
CCC,2014J,344740,0,London Region,Lower Than A Level,60-70%,35-55,0,90,0,Withdrawn,2,0,0,1,0,0,1,0,1,0,1,1,0,0,0,2
CCC,2014J,347809,1,Scotland,HE Qualification,20-Oct,0-35,0,60,0,Distinction,7,0,1,0,0,0,0,0,1,0,0,1,0,1,0,3
CCC,2014J,348351,0,East Midlands Region,Lower Than A Level,20-30%,0-35,0,60,0,Fail,11,1,0,1,1,0,0,1,1,0,1,0,1,1,0,6
CCC,2014J,348783,0,North Western Region,A Level or Equivalent,50-60%,0-35,0,90,0,Distinction,14,1,0,1,1,1,1,1,1,1,0,0,0,0,0,5
CCC,2014J,348855,0,Scotland,Post Graduate Qualification,20-30%,35-55,0,60,0,Pass,9,1,1,1,0,1,1,0,0,0,0,0,0,0,1,4
CCC,2014J,349093,0,North Western Region,HE Qualification,90-100%,35-55,0,60,0,Distinction,4,0,1,0,0,0,0,1,0,0,1,0,0,0,1,8
CCC,2014J,350267,1,South West Region,A Level or Equivalent,50-60%,0-35,0,130,0,Withdrawn,12,0,1,0,1,1,1,1,0,0,0,1,0,0,1,7
CCC,2014J,350929,1,London Region,A Level or Equivalent,40-50%,0-35,0,60,1,Withdrawn,9,1,0,1,0,1,0,1,0,1,1,1,0,1,1,4
CCC,2014J,351903,0,North Western Region,HE Qualification,50-60%,0-35,0,30,0,Withdrawn,5,1,1,0,0,1,0,0,1,0,1,0,1,1,1,9
CCC,2014J,352637,0,London Region,A Level or Equivalent,20-30%,35-55,0,120,0,Distinction,5,0,1,0,0,1,0,1,0,0,1,1,0,0,0,9
CCC,2014J,353660,0,West Midlands Region,A Level or Equivalent,60-70%,35-55,1,60,0,Withdrawn,15,1,0,0,1,1,1,0,0,1,0,0,1,1,1,10
CCC,2014J,353804,0,North Western Region,HE Qualification,30-40%,35-55,1,60,0,Withdrawn,8,0,1,1,0,1,0,0,1,1,0,0,0,0,1,3
CCC,2014J,354688,1,London Region,Lower Than A Level,60-70%,0-35,0,60,0,Pass,2,0,0,0,0,1,1,0,1,0,0,0,0,1,0,2
CCC,2014J,355935,1,Yorkshire Region,A Level or Equivalent,60-70%,0-35,0,60,0,Pass,8,0,0,0,0,1,0,1,1,1,1,1,1,0,1,3
CCC,2014J,356297,0,Wales,Lower Than A Level,0-10%,35-55,0,60,0,Fail,6,1,1,1,0,0,1,1,0,1,0,1,1,1,1,9
CCC,2014J,356523,0,West Midlands Region,Lower Than A Level,0-10%,0-35,1,30,0,Fail,10,1,1,0,1,1,0,0,0,0,1,0,1,1,1,1
CCC,2014J,357820,0,North Region,A Level or Equivalent,20-Oct,0-35,0,120,0,Withdrawn,15,1,0,1,1,0,0,0,0,0,1,0,0,0,0,10
CCC,2014J,358075,1,South West Region,A Level or Equivalent,80-90%,0-35,1,90,0,Pass,14,0,0,0,1,1,1,0,0,0,0,0,0,0,1,5
CCC,2014J,358578,1,South Region,Lower Than A Level,30-40%,0-35,0,90,0,Withdrawn,8,0,1,1,1,0,1,1,1,0,0,0,1,1,1,3
CCC,2014J,359657,0,North Western Region,No Formal quals,20-30%,0-35,0,120,0,Withdrawn,5,1,1,1,0,1,0,1,1,1,0,1,0,1,0,9
CCC,2014J,359958,0,West Midlands Region,A Level or Equivalent,60-70%,55<=,0,60,0,Pass,14,0,0,1,0,1,0,0,1,1,1,0,1,1,0,5
CCC,2014J,360483,0,Wales,Lower Than A Level,30-40%,0-35,0,90,0,Withdrawn,7,1,0,1,0,1,0,1,1,1,0,0,0,0,1,3
CCC,2014J,362140,0,East Midlands Region,A Level or Equivalent,80-90%,0-35,0,90,0,Pass,12,1,1,0,1,1,1,1,0,0,1,1,0,1,1,7
CCC,2014J,362548,0,Yorkshire Region,Lower Than A Level,20-Oct,0-35,0,30,0,Fail,7,0,0,1,1,1,1,0,1,0,0,1,1,1,0,3
CCC,2014J,364066,0,London Region,Lower Than A Level,30-40%,0-35,0,150,0,Withdrawn,10,1,1,1,0,0,0,0,1,0,0,1,1,0,1,1
CCC,2014J,364103,0,Scotland,A Level or Equivalent,50-60%,0-35,0,90,0,Pass,9,1,0,1,0,1,0,0,1,0,0,0,1,0,0,4
CCC,2014J,365661,1,Wales,A Level or Equivalent,0-10%,35-55,0,30,0,Pass,2,1,0,1,1,0,1,0,0,1,1,1,1,0,0,2
CCC,2014J,365701,1,South East Region,Lower Than A Level,20-30%,0-35,0,180,0,Distinction,14,0,0,1,1,0,1,1,0,0,1,0,1,1,0,5
CCC,2014J,366164,1,East Midlands Region,A Level or Equivalent,20-Oct,0-35,0,30,0,Withdrawn,2,1,1,1,0,0,1,1,1,0,0,0,0,0,1,2
CCC,2014J,366367,0,East Anglian Region,Lower Than A Level,60-70%,0-35,0,30,0,Pass,7,1,1,1,1,1,1,0,0,1,1,0,0,0,1,3
CCC,2014J,366873,1,South Region,A Level or Equivalent,80-90%,35-55,0,120,0,Fail,11,0,1,1,0,0,1,1,0,1,0,0,0,1,1,6
CCC,2014J,367352,0,North Western Region,HE Qualification,30-40%,0-35,0,60,0,Fail,13,0,0,0,1,1,1,1,1,1,0,1,1,0,0,5
CCC,2014J,367510,0,London Region,A Level or Equivalent,20-30%,0-35,0,150,1,Withdrawn,10,1,1,0,0,0,1,0,1,1,0,1,1,1,1,1
CCC,2014J,367815,0,East Midlands Region,A Level or Equivalent,40-50%,0-35,0,120,1,Withdrawn,8,1,1,0,0,1,0,0,1,0,0,1,0,1,0,3
CCC,2014J,368436,0,East Midlands Region,Lower Than A Level,30-40%,35-55,0,30,0,Pass,8,1,0,0,0,0,1,1,0,1,0,0,1,0,1,3
CCC,2014J,369208,0,East Midlands Region,Lower Than A Level,20-Oct,0-35,0,60,0,Fail,6,0,1,0,0,1,0,1,1,1,1,0,1,1,1,9
CCC,2014J,369242,0,South East Region,A Level or Equivalent,40-50%,0-35,0,150,0,Withdrawn,15,0,0,0,1,1,0,0,0,1,0,0,0,1,0,10
CCC,2014J,369610,0,South East Region,HE Qualification,90-100%,35-55,0,90,0,Pass,9,1,0,0,0,0,1,1,0,1,0,0,0,1,1,4
CCC,2014J,370512,0,South West Region,A Level or Equivalent,70-80%,35-55,0,30,0,Pass,9,0,0,1,1,1,1,1,0,1,1,1,1,1,0,4
CCC,2014J,370839,1,North Western Region,Lower Than A Level,0-10%,0-35,0,120,1,Withdrawn,11,0,0,0,1,0,1,0,1,0,1,0,1,1,1,6
CCC,2014J,371429,1,North Western Region,HE Qualification,80-90%,35-55,0,60,0,Withdrawn,11,1,1,1,0,0,0,0,1,0,0,0,0,0,0,6
CCC,2014J,371439,1,South West Region,A Level or Equivalent,30-40%,0-35,0,30,0,Fail,14,1,0,0,1,1,1,0,0,1,1,0,0,0,1,5
CCC,2014J,372234,0,East Anglian Region,HE Qualification,60-70%,0-35,0,30,0,Pass,8,1,0,1,1,0,1,0,0,1,1,1,1,0,1,3
CCC,2014J,372577,0,South Region,Lower Than A Level,20-30%,0-35,0,180,0,Withdrawn,15,1,1,0,1,1,0,1,0,0,0,1,1,1,0,10
CCC,2014J,378576,1,East Anglian Region,Lower Than A Level,70-80%,35-55,0,30,0,Withdrawn,8,1,0,0,1,1,0,0,1,0,0,0,0,1,1,3
CCC,2014J,379042,0,Wales,A Level or Equivalent,50-60%,0-35,0,60,0,Pass,4,0,1,1,0,1,1,1,1,1,0,0,1,0,0,8
CCC,2014J,379185,1,East Anglian Region,Lower Than A Level,60-70%,35-55,0,60,0,Fail,8,0,0,0,1,0,1,1,1,0,0,1,0,0,0,3
CCC,2014J,379255,0,East Midlands Region,A Level or Equivalent,0-10%,0-35,0,30,0,Fail,4,1,0,1,1,1,1,0,1,1,1,0,1,1,0,8
CCC,2014J,379265,0,West Midlands Region,A Level or Equivalent,30-40%,35-55,0,60,0,Fail,9,1,0,0,0,0,0,1,1,0,1,0,1,1,0,4
CCC,2014J,379406,1,London Region,A Level or Equivalent,40-50%,0-35,1,90,0,Pass,14,0,0,1,1,1,0,0,1,1,0,0,1,1,0,5
CCC,2014J,382378,0,Scotland,A Level or Equivalent,50-60%,0-35,1,120,0,Withdrawn,3,1,0,0,0,0,0,0,1,1,1,0,0,1,0,8
CCC,2014J,382857,0,South West Region,Lower Than A Level,20-30%,0-35,0,60,0,Withdrawn,6,0,0,0,0,0,0,1,0,0,1,0,0,1,1,9
CCC,2014J,384106,1,South Region,Lower Than A Level,30-40%,0-35,0,120,0,Withdrawn,5,0,0,0,0,0,0,0,0,1,0,1,1,1,0,9
CCC,2014J,385033,0,Yorkshire Region,HE Qualification,80-90%,0-35,0,30,0,Pass,6,1,0,1,1,0,0,0,0,1,0,1,1,0,0,9
CCC,2014J,385980,0,London Region,A Level or Equivalent,60-70%,0-35,1,60,0,Withdrawn,6,1,0,1,0,0,0,1,1,1,1,0,0,1,1,9
CCC,2014J,387944,0,South East Region,A Level or Equivalent,80-90%,35-55,0,60,0,Fail,16,0,1,1,1,0,0,1,0,0,0,0,0,0,1,10
CCC,2014J,387963,0,Scotland,HE Qualification,80-90%,0-35,0,30,0,Distinction,8,1,1,0,0,0,1,1,0,0,0,0,1,0,0,3
CCC,2014J,389250,0,West Midlands Region,A Level or Equivalent,20-Oct,0-35,0,90,0,Fail,4,0,1,1,0,0,1,0,1,0,0,1,1,0,1,8
CCC,2014J,389267,0,North Western Region,A Level or Equivalent,30-40%,0-35,0,60,0,Withdrawn,16,1,0,0,1,1,1,0,1,1,0,0,1,1,0,10
CCC,2014J,391059,0,West Midlands Region,A Level or Equivalent,0-10%,0-35,0,60,0,Fail,7,1,0,1,1,1,0,1,1,1,1,1,0,0,0,3
CCC,2014J,391466,1,Ireland,A Level or Equivalent,0-10%,0-35,0,60,0,Fail,10,0,1,0,0,0,1,0,0,0,0,1,0,1,0,1
CCC,2014J,392890,0,West Midlands Region,A Level or Equivalent,60-70%,0-35,0,60,0,Fail,10,1,1,1,0,0,1,1,0,0,1,0,0,1,1,1
CCC,2014J,393094,0,West Midlands Region,Lower Than A Level,20-30%,0-35,0,150,0,Withdrawn,4,0,1,0,0,0,1,0,1,0,1,0,0,1,1,8
CCC,2014J,393142,1,Scotland,Post Graduate Qualification,90-100%,35-55,0,60,0,Distinction,13,1,0,0,0,1,1,1,1,0,0,1,1,1,0,5
CCC,2014J,393526,1,London Region,Lower Than A Level,0-10%,0-35,0,60,1,Withdrawn,16,0,0,1,0,0,0,0,1,1,1,1,1,1,1,10
CCC,2014J,394218,0,North Region,A Level or Equivalent,20-Oct,35-55,0,120,0,Withdrawn,7,1,1,0,0,0,0,0,1,0,1,0,0,0,1,3
CCC,2014J,394791,1,North Western Region,Lower Than A Level,40-50%,0-35,1,60,1,Pass,6,0,0,0,1,0,0,1,1,1,0,1,0,0,1,9
CCC,2014J,395757,0,South West Region,HE Qualification,50-60%,35-55,0,60,0,Pass,13,0,0,0,1,1,0,0,0,0,0,0,1,1,1,5
CCC,2014J,396631,0,London Region,A Level or Equivalent,20-30%,0-35,0,60,0,Withdrawn,7,1,0,0,0,1,1,0,0,1,0,0,1,1,0,3
CCC,2014J,398496,1,South Region,Lower Than A Level,20-30%,35-55,0,120,0,Pass,4,1,0,0,1,1,0,1,1,1,0,0,0,1,0,8
CCC,2014J,400266,0,London Region,A Level or Equivalent,20-30%,0-35,0,90,0,Withdrawn,12,0,0,1,0,1,1,0,0,0,0,1,0,0,0,7
CCC,2014J,400958,1,Ireland,HE Qualification,70-80%,0-35,0,170,0,Fail,15,1,1,0,0,1,0,1,1,0,0,1,0,1,1,10
CCC,2014J,401011,0,Wales,Lower Than A Level,20-Oct,0-35,0,30,1,Withdrawn,7,1,0,1,1,1,1,1,0,1,0,0,1,1,0,3
CCC,2014J,401258,1,East Anglian Region,Lower Than A Level,20-30%,0-35,0,210,0,Withdrawn,7,1,0,1,0,0,1,0,1,1,1,0,0,1,0,3
CCC,2014J,402210,1,London Region,No Formal quals,50-60%,0-35,0,60,0,Withdrawn,8,1,1,1,0,0,1,0,1,0,0,0,1,0,1,3
CCC,2014J,402378,0,Yorkshire Region,HE Qualification,70-80%,0-35,0,40,0,Pass,5,1,1,0,1,0,0,1,0,1,1,0,0,1,1,9
CCC,2014J,402883,1,Wales,Lower Than A Level,0-10%,0-35,0,30,0,Fail,13,0,0,1,1,1,1,1,1,0,0,1,1,0,1,5
CCC,2014J,404863,1,Scotland,HE Qualification,30-40%,0-35,0,60,0,Fail,3,1,0,1,0,0,1,0,0,0,1,0,0,0,1,8
CCC,2014J,405125,0,West Midlands Region,A Level or Equivalent,20-30%,0-35,0,90,0,Withdrawn,13,1,1,1,1,0,1,1,1,1,1,0,0,1,1,5
CCC,2014J,406254,0,East Midlands Region,Lower Than A Level,30-40%,0-35,0,120,0,Withdrawn,6,1,1,0,0,0,0,0,1,1,1,0,1,1,1,9
CCC,2014J,406326,0,East Midlands Region,HE Qualification,80-90%,35-55,0,60,0,Withdrawn,10,1,0,0,1,0,0,0,0,1,0,1,0,0,1,1
CCC,2014J,406698,0,Wales,A Level or Equivalent,20-30%,35-55,0,30,0,Fail,8,0,0,0,1,0,0,0,1,0,0,1,0,1,1,3
CCC,2014J,407404,0,West Midlands Region,A Level or Equivalent,70-80%,0-35,0,90,0,Distinction,16,1,1,1,0,1,1,1,0,0,1,1,1,0,1,10
CCC,2014J,408608,0,East Midlands Region,A Level or Equivalent,60-70%,35-55,0,60,0,Fail,12,1,1,1,0,0,0,1,1,1,0,0,0,0,1,7
CCC,2014J,409733,0,Scotland,A Level or Equivalent,30-40%,0-35,0,60,0,Pass,3,0,0,1,1,1,1,0,1,0,1,0,1,0,0,8
CCC,2014J,409852,1,South Region,Lower Than A Level,90-100%,35-55,0,60,0,Fail,15,0,0,1,0,1,0,0,0,0,0,1,1,1,0,10
CCC,2014J,409953,0,West Midlands Region,A Level or Equivalent,30-40%,35-55,0,60,0,Pass,7,1,0,0,1,1,0,0,1,0,0,0,1,1,1,3
CCC,2014J,410176,1,Scotland,A Level or Equivalent,40-50%,0-35,0,30,0,Fail,6,1,0,1,1,0,1,1,0,1,0,0,1,0,0,9
CCC,2014J,411549,1,London Region,A Level or Equivalent,30-40%,0-35,0,120,0,Pass,8,0,1,0,1,1,0,1,1,1,0,0,0,1,0,3
CCC,2014J,412304,0,South Region,Lower Than A Level,60-70%,0-35,0,60,0,Withdrawn,1,0,1,0,0,1,0,0,0,1,1,0,0,0,0,2
CCC,2014J,412600,0,East Anglian Region,A Level or Equivalent,40-50%,0-35,0,30,0,Pass,4,0,0,0,1,1,1,1,1,0,1,0,0,0,0,8
CCC,2014J,412663,0,North Western Region,A Level or Equivalent,20-Oct,0-35,0,30,0,Pass,5,1,0,1,1,1,1,1,1,0,0,0,0,1,1,9
CCC,2014J,413087,0,Wales,HE Qualification,0-10%,0-35,0,90,0,Fail,5,1,0,0,1,0,0,1,0,1,1,1,1,0,0,9
CCC,2014J,413200,0,South East Region,HE Qualification,20-Oct,0-35,0,60,0,Fail,15,1,1,1,1,0,0,1,1,0,1,0,0,1,0,10
CCC,2014J,414772,1,Yorkshire Region,A Level or Equivalent,70-80%,0-35,0,90,0,Pass,6,0,0,1,1,0,1,0,1,1,0,1,1,1,1,9
CCC,2014J,415023,0,London Region,A Level or Equivalent,40-50%,35-55,0,60,1,Withdrawn,1,1,1,1,1,1,1,1,1,1,0,1,1,1,0,2
CCC,2014J,415631,0,East Anglian Region,A Level or Equivalent,80-90%,0-35,0,60,0,Pass,4,0,0,1,1,1,1,0,1,0,1,0,1,1,0,8
CCC,2014J,416284,0,Scotland,HE Qualification,70-80%,0-35,0,90,0,Fail,3,0,1,1,0,1,0,0,1,1,1,0,1,1,0,8
CCC,2014J,416860,1,East Midlands Region,A Level or Equivalent,20-30%,0-35,1,60,0,Withdrawn,12,0,0,0,0,1,1,1,0,0,0,1,0,1,1,7
CCC,2014J,417522,0,East Anglian Region,A Level or Equivalent,60-70%,0-35,0,30,0,Pass,9,1,0,1,0,0,1,1,0,0,0,1,0,0,1,4
CCC,2014J,417724,0,East Anglian Region,Lower Than A Level,70-80%,0-35,0,30,1,Pass,12,1,0,0,0,1,1,1,0,0,1,0,0,1,1,7
CCC,2014J,418397,0,South Region,Lower Than A Level,20-30%,0-35,0,60,1,Pass,14,0,0,0,1,0,1,0,1,1,1,0,0,1,0,5
CCC,2014J,418971,0,East Midlands Region,Lower Than A Level,40-50%,0-35,1,60,0,Fail,12,0,1,0,1,1,1,1,0,0,0,1,1,0,0,7
CCC,2014J,419024,1,Ireland,A Level or Equivalent,0-10%,0-35,0,90,0,Withdrawn,10,1,1,1,0,0,0,1,1,1,0,0,0,0,0,1
CCC,2014J,420042,1,Yorkshire Region,HE Qualification,40-50%,35-55,0,120,0,Distinction,12,1,1,0,0,1,0,0,1,1,1,1,0,1,0,7
CCC,2014J,421111,0,East Midlands Region,Lower Than A Level,40-50%,0-35,0,30,0,Fail,4,0,0,1,1,1,1,1,0,0,1,1,0,0,0,8
CCC,2014J,422343,0,South West Region,HE Qualification,60-70%,0-35,0,90,0,Pass,8,0,0,0,1,0,1,0,0,0,1,1,0,1,1,3
CCC,2014J,422542,0,Ireland,HE Qualification,80-90%,35-55,0,60,0,Fail,1,0,1,1,0,1,0,0,0,0,1,0,0,1,1,2
CCC,2014J,422670,0,Scotland,Post Graduate Qualification,90-100%,35-55,0,30,0,Pass,8,1,0,1,0,1,0,0,1,0,1,1,1,0,0,3
CCC,2014J,422697,0,East Anglian Region,A Level or Equivalent,20-30%,35-55,0,60,0,Withdrawn,14,0,0,0,0,1,1,0,0,0,1,0,0,0,1,5
CCC,2014J,423607,0,West Midlands Region,Lower Than A Level,60-70%,35-55,1,30,0,Fail,4,0,1,1,1,1,0,0,1,1,0,0,1,1,0,8
CCC,2014J,423622,0,Scotland,A Level or Equivalent,60-70%,0-35,0,120,1,Fail,2,1,0,1,1,0,1,1,1,1,0,1,1,0,0,2
CCC,2014J,423664,0,South West Region,A Level or Equivalent,80-90%,0-35,0,30,0,Fail,14,1,1,0,0,1,0,0,0,0,1,0,0,1,1,5
CCC,2014J,425053,1,Scotland,A Level or Equivalent,50-60%,0-35,0,60,1,Fail,14,1,1,1,1,0,1,0,0,1,0,0,0,1,0,5
CCC,2014J,425287,0,London Region,Post Graduate Qualification,30-40%,35-55,1,90,0,Pass,3,0,1,0,1,0,1,0,1,1,0,1,1,1,1,8
CCC,2014J,425919,1,East Anglian Region,Lower Than A Level,50-60%,35-55,0,60,0,Withdrawn,9,0,1,0,0,1,1,1,0,1,1,0,0,0,0,4
CCC,2014J,426316,0,Scotland,HE Qualification,40-50%,0-35,0,60,0,Withdrawn,4,1,1,1,1,0,0,0,1,0,1,0,1,1,0,8
CCC,2014J,427390,0,North Region,Lower Than A Level,50-60%,0-35,0,120,0,Fail,15,0,1,1,1,1,1,0,1,0,1,0,0,0,0,10
CCC,2014J,427413,0,Scotland,HE Qualification,40-50%,0-35,0,60,0,Fail,4,1,0,1,1,0,1,0,1,1,0,0,1,0,0,8
CCC,2014J,429015,0,Ireland,A Level or Equivalent,30-40%,0-35,0,60,0,Pass,15,0,1,0,0,1,0,0,0,0,1,0,0,0,0,10
CCC,2014J,430020,0,London Region,A Level or Equivalent,20-Oct,0-35,0,90,0,Fail,8,1,0,0,1,1,1,1,1,1,0,1,0,1,0,3
CCC,2014J,430487,0,Yorkshire Region,A Level or Equivalent,60-70%,0-35,1,30,0,Distinction,14,1,0,1,1,0,1,0,0,0,0,1,0,0,1,5
CCC,2014J,430806,0,South East Region,HE Qualification,50-60%,35-55,1,70,0,Pass,7,1,0,0,1,0,1,0,0,1,1,1,0,1,1,3
CCC,2014J,432478,0,Ireland,A Level or Equivalent,50-60%,35-55,0,30,0,Fail,8,1,1,1,1,1,0,0,0,1,1,0,0,1,0,3
CCC,2014J,432724,1,South Region,Lower Than A Level,60-70%,35-55,0,150,0,Distinction,7,1,0,0,1,1,1,0,0,1,1,0,0,1,1,3
CCC,2014J,433508,0,North Region,Lower Than A Level,,35-55,0,60,0,Withdrawn,4,1,0,0,0,1,1,1,1,1,1,0,0,0,0,8
CCC,2014J,433794,0,Scotland,Lower Than A Level,30-40%,0-35,0,210,0,Pass,5,1,0,0,1,0,0,1,0,0,1,0,1,1,1,9
CCC,2014J,434841,0,Scotland,A Level or Equivalent,40-50%,35-55,0,30,0,Fail,5,1,1,1,1,0,0,0,0,0,0,1,1,0,0,9
CCC,2014J,436900,0,West Midlands Region,Lower Than A Level,20-30%,0-35,0,60,0,Fail,8,0,1,1,0,1,1,1,0,0,1,1,1,0,0,3
CCC,2014J,437482,0,East Anglian Region,A Level or Equivalent,90-100%,0-35,0,60,0,Pass,16,0,0,0,0,1,0,0,1,0,1,0,0,0,1,10
CCC,2014J,437968,0,Scotland,HE Qualification,0-10%,35-55,0,30,0,Fail,11,1,0,0,0,0,1,1,0,0,0,1,0,1,1,6
CCC,2014J,439855,0,Scotland,A Level or Equivalent,60-70%,35-55,0,60,0,Withdrawn,2,0,0,1,1,1,0,1,0,1,0,0,1,1,1,2
CCC,2014J,440103,0,East Anglian Region,Lower Than A Level,80-90%,0-35,0,60,0,Fail,6,1,0,0,0,0,1,0,0,0,0,0,1,1,1,9
CCC,2014J,440171,1,Scotland,HE Qualification,40-50%,0-35,1,60,0,Pass,2,0,1,1,1,0,1,0,0,0,1,0,0,0,0,2
CCC,2014J,440637,1,North Western Region,Lower Than A Level,0-10%,0-35,0,60,0,Withdrawn,16,0,1,1,0,1,1,1,0,1,0,0,0,1,1,10
CCC,2014J,441024,1,South Region,HE Qualification,70-80%,0-35,0,30,0,Withdrawn,3,1,1,0,1,0,1,1,1,1,1,1,0,1,1,8
CCC,2014J,442669,1,Scotland,A Level or Equivalent,20-30%,0-35,0,60,0,Pass,6,1,0,1,0,0,0,1,1,1,1,0,0,1,0,9
CCC,2014J,442823,0,East Anglian Region,HE Qualification,90-100%,0-35,0,30,0,Withdrawn,15,1,1,1,0,1,0,0,1,1,0,0,0,0,1,10
CCC,2014J,442924,0,North Region,A Level or Equivalent,70-80%,0-35,0,60,0,Distinction,12,1,1,1,1,0,0,1,0,0,1,0,0,1,1,7
CCC,2014J,443837,1,South East Region,HE Qualification,20-30%,35-55,0,120,1,Withdrawn,8,1,0,0,0,0,1,0,1,1,0,0,0,1,0,3
CCC,2014J,443964,1,Scotland,HE Qualification,80-90%,0-35,0,60,0,Distinction,13,1,1,0,1,1,1,0,0,0,1,0,1,0,1,5
CCC,2014J,445114,1,London Region,A Level or Equivalent,50-60%,35-55,0,210,0,Pass,6,1,1,0,1,1,1,0,1,0,0,1,1,1,1,9
CCC,2014J,445921,0,Yorkshire Region,HE Qualification,50-60%,0-35,0,120,0,Withdrawn,10,1,1,1,0,0,0,0,1,0,1,0,0,0,0,1
CCC,2014J,446439,1,Ireland,Post Graduate Qualification,,0-35,0,30,0,Pass,9,1,1,1,1,1,0,0,0,1,1,0,1,1,1,4
CCC,2014J,446479,0,Ireland,HE Qualification,,35-55,0,30,0,Withdrawn,12,0,0,1,1,0,1,0,0,1,0,1,0,0,0,7
CCC,2014J,446778,0,South Region,A Level or Equivalent,40-50%,35-55,0,180,0,Withdrawn,15,0,0,1,0,1,0,0,0,1,0,0,1,1,0,10
CCC,2014J,447644,1,South West Region,A Level or Equivalent,80-90%,0-35,0,90,1,Distinction,14,0,1,1,1,1,0,0,1,0,1,1,1,0,1,5
CCC,2014J,447695,0,Ireland,A Level or Equivalent,50-60%,35-55,0,30,0,Withdrawn,3,1,1,1,0,0,0,0,0,0,1,0,0,1,1,8
CCC,2014J,448370,1,South West Region,A Level or Equivalent,80-90%,0-35,0,60,1,Withdrawn,1,0,1,0,1,0,1,1,0,0,0,0,1,0,1,2
CCC,2014J,464732,1,Scotland,HE Qualification,70-80%,0-35,0,150,0,Fail,12,0,1,0,1,1,0,1,0,1,1,1,1,0,0,7
CCC,2014J,464780,0,East Anglian Region,A Level or Equivalent,50-60%,0-35,0,90,0,Withdrawn,5,1,0,1,0,1,0,1,1,0,1,1,0,0,0,9
CCC,2014J,464924,1,West Midlands Region,A Level or Equivalent,60-70%,35-55,0,120,0,Withdrawn,6,0,0,1,0,0,1,1,1,1,1,1,0,0,1,9
CCC,2014J,464981,0,Scotland,HE Qualification,80-90%,35-55,0,60,0,Distinction,3,0,0,0,1,0,1,0,1,0,0,1,0,0,1,8
CCC,2014J,465281,0,North Region,A Level or Equivalent,70-80%,35-55,0,30,0,Withdrawn,6,1,0,1,1,1,0,0,1,1,1,0,0,0,0,9
CCC,2014J,465331,0,London Region,A Level or Equivalent,90-100%,0-35,0,220,0,Pass,1,1,1,0,0,1,0,0,0,0,1,0,1,1,0,2
CCC,2014J,465577,1,London Region,A Level or Equivalent,40-50%,35-55,0,60,0,Withdrawn,3,0,1,0,1,0,1,0,0,1,0,1,0,1,1,8
CCC,2014J,465619,0,Wales,Lower Than A Level,40-50%,0-35,1,150,0,Withdrawn,15,0,1,0,0,1,1,1,1,0,0,0,0,0,1,10
CCC,2014J,465732,0,West Midlands Region,A Level or Equivalent,50-60%,0-35,1,30,0,Fail,13,0,1,1,1,0,0,0,0,0,1,1,0,1,0,5
CCC,2014J,465764,1,East Midlands Region,Lower Than A Level,30-40%,35-55,1,60,1,Withdrawn,9,1,1,0,0,0,0,1,1,1,1,0,1,0,0,4
CCC,2014J,465789,0,West Midlands Region,Lower Than A Level,20-Oct,0-35,0,60,0,Pass,10,0,1,1,1,0,1,1,0,1,0,1,1,0,1,1
CCC,2014J,465900,0,Wales,A Level or Equivalent,20-30%,0-35,0,60,0,Pass,5,1,0,0,0,0,0,0,1,1,0,1,1,0,0,9
CCC,2014J,466360,0,South West Region,HE Qualification,30-40%,35-55,0,30,0,Distinction,6,0,0,0,0,0,1,1,1,0,1,1,1,1,0,9
CCC,2014J,466372,0,Wales,Lower Than A Level,20-30%,0-35,0,30,0,Fail,12,0,0,1,0,1,1,1,1,1,1,0,0,0,0,7
CCC,2014J,466430,0,South West Region,No Formal quals,30-40%,0-35,1,60,0,Withdrawn,4,1,0,0,1,0,0,0,0,1,1,1,0,1,1,8
CCC,2014J,467144,0,East Anglian Region,A Level or Equivalent,80-90%,0-35,0,30,0,Withdrawn,16,0,1,1,0,1,1,0,0,1,1,0,0,0,0,10
CCC,2014J,467381,0,West Midlands Region,A Level or Equivalent,0-10%,0-35,0,60,0,Withdrawn,13,0,0,0,1,1,1,1,0,1,1,1,0,1,1,5
CCC,2014J,467753,0,Ireland,Post Graduate Qualification,,35-55,1,30,0,Withdrawn,7,0,0,0,1,0,0,0,1,1,0,1,1,1,1,3
CCC,2014J,468623,1,South Region,A Level or Equivalent,90-100%,0-35,0,120,0,Withdrawn,5,1,0,0,1,1,1,0,1,1,0,0,0,1,1,9
CCC,2014J,468902,0,Ireland,Lower Than A Level,70-80%,0-35,0,30,0,Fail,11,1,0,0,0,1,1,0,0,0,1,1,1,0,1,6
CCC,2014J,469281,0,North Region,Lower Than A Level,20-30%,35-55,0,55,0,Withdrawn,4,1,1,0,0,1,1,1,0,1,1,1,1,1,1,8
CCC,2014J,469614,0,Wales,Lower Than A Level,20-Oct,0-35,1,90,0,Withdrawn,10,1,1,1,0,1,1,0,0,1,0,1,1,0,0,1
CCC,2014J,469887,0,South East Region,A Level or Equivalent,60-70%,0-35,0,60,0,Fail,7,0,0,0,0,1,1,0,0,1,0,0,1,0,1,3
CCC,2014J,470159,0,North Region,A Level or Equivalent,,0-35,0,120,0,Pass,10,0,0,0,1,0,1,0,1,1,1,0,0,0,1,1
CCC,2014J,470253,0,East Anglian Region,A Level or Equivalent,90-100%,0-35,0,90,1,Withdrawn,1,1,1,0,1,0,0,0,0,1,0,0,1,0,1,2
CCC,2014J,470385,0,East Anglian Region,HE Qualification,70-80%,0-35,0,30,0,Pass,2,1,1,1,1,1,1,1,0,1,1,0,0,1,1,2
CCC,2014J,470617,0,South West Region,Lower Than A Level,60-70%,0-35,0,120,0,Withdrawn,11,1,1,1,1,1,0,1,0,1,1,0,0,1,1,6
CCC,2014J,470914,1,East Anglian Region,Lower Than A Level,40-50%,0-35,0,150,0,Withdrawn,6,1,0,1,1,0,1,1,1,0,1,0,0,1,0,9
CCC,2014J,471027,1,North Western Region,HE Qualification,20-30%,35-55,0,60,0,Distinction,2,0,1,0,0,0,0,0,1,0,0,1,1,0,1,2
CCC,2014J,471374,0,Wales,A Level or Equivalent,70-80%,0-35,0,150,0,Withdrawn,13,1,1,1,1,1,1,0,1,1,0,0,1,1,1,5
CCC,2014J,471580,0,Yorkshire Region,Lower Than A Level,80-90%,0-35,1,30,0,Pass,8,1,1,1,0,0,0,1,0,0,0,0,0,0,0,3
CCC,2014J,471810,0,South East Region,Lower Than A Level,60-70%,35-55,0,90,0,Withdrawn,14,1,1,1,0,0,0,1,1,0,0,0,0,0,0,5
CCC,2014J,471977,0,South West Region,Lower Than A Level,40-50%,0-35,0,150,0,Withdrawn,5,0,1,0,0,0,0,0,1,0,0,1,0,1,0,9
CCC,2014J,472290,0,North Region,A Level or Equivalent,30-40%,0-35,0,60,0,Withdrawn,6,0,0,0,0,0,1,0,0,1,1,0,0,0,0,9
CCC,2014J,472309,1,London Region,Post Graduate Qualification,20-30%,35-55,1,60,0,Fail,3,1,1,0,0,0,1,1,0,1,0,1,0,0,1,8
CCC,2014J,472616,0,East Anglian Region,Lower Than A Level,90-100%,0-35,0,150,0,Withdrawn,4,0,1,1,1,1,1,0,1,1,1,1,1,1,1,8
CCC,2014J,472651,0,South West Region,HE Qualification,70-80%,35-55,0,60,0,Distinction,7,0,1,0,1,0,0,0,1,1,0,1,0,0,1,3
CCC,2014J,472736,0,Yorkshire Region,A Level or Equivalent,50-60%,0-35,0,30,0,Pass,14,0,1,0,1,0,0,0,0,1,1,0,0,1,1,5
CCC,2014J,472762,0,West Midlands Region,A Level or Equivalent,60-70%,0-35,0,180,0,Distinction,11,1,1,0,0,1,0,1,0,0,1,1,1,0,0,6
CCC,2014J,473082,0,Scotland,A Level or Equivalent,90-100%,35-55,0,30,0,Withdrawn,13,0,0,1,1,1,1,1,0,0,1,0,1,0,0,5
CCC,2014J,473491,0,North Region,Lower Than A Level,,0-35,0,60,0,Withdrawn,3,0,1,0,0,0,1,1,1,1,1,1,0,0,0,8
CCC,2014J,474377,0,North Region,Lower Than A Level,,35-55,1,90,0,Withdrawn,11,1,1,0,1,0,1,0,1,0,1,0,1,0,1,6
CCC,2014J,474495,0,South West Region,A Level or Equivalent,20-30%,0-35,0,60,0,Distinction,2,0,1,0,1,1,1,1,1,1,1,1,0,0,0,2
CCC,2014J,474628,0,South West Region,HE Qualification,80-90%,0-35,0,30,0,Pass,14,1,0,1,1,1,0,0,1,1,1,1,1,0,0,5
CCC,2014J,475065,0,North Western Region,HE Qualification,90-100%,0-35,0,30,0,Pass,7,0,1,0,1,1,0,0,0,1,1,0,0,1,0,3
CCC,2014J,475149,0,East Midlands Region,HE Qualification,80-90%,0-35,1,30,0,Pass,9,0,1,0,1,0,1,0,0,1,0,1,0,1,1,4
CCC,2014J,475163,0,Wales,Lower Than A Level,20-30%,35-55,0,30,0,Withdrawn,16,1,0,0,0,0,0,1,1,1,1,1,1,0,0,10
CCC,2014J,475734,0,North Western Region,A Level or Equivalent,20-30%,35-55,0,60,0,Fail,16,0,1,0,1,0,1,1,1,1,0,1,1,1,1,10
CCC,2014J,477099,0,London Region,A Level or Equivalent,20-30%,0-35,0,180,0,Pass,10,0,1,0,1,0,0,0,0,0,0,1,1,1,0,1
CCC,2014J,477185,0,South East Region,A Level or Equivalent,30-40%,35-55,0,90,0,Withdrawn,10,0,1,0,1,1,1,0,1,0,1,1,1,0,0,1
CCC,2014J,477246,0,South Region,A Level or Equivalent,40-50%,0-35,0,30,0,Withdrawn,9,0,1,0,1,0,1,0,1,0,0,1,0,0,1,4
CCC,2014J,477488,1,North Region,HE Qualification,,0-35,0,85,0,Withdrawn,13,1,0,0,0,0,1,0,0,0,0,0,1,0,0,5
CCC,2014J,478346,0,South East Region,HE Qualification,20-30%,0-35,0,60,0,Pass,14,0,0,1,0,0,0,1,0,0,0,0,1,0,0,5
CCC,2014J,478496,1,North Region,A Level or Equivalent,20-Oct,0-35,0,120,0,Fail,12,1,1,0,1,0,0,1,1,0,1,0,1,0,0,7
CCC,2014J,478513,0,East Midlands Region,Lower Than A Level,60-70%,0-35,0,90,0,Pass,16,0,0,1,1,0,1,1,0,0,1,1,1,1,0,10
CCC,2014J,478562,0,East Midlands Region,A Level or Equivalent,20-Oct,0-35,0,60,0,Withdrawn,7,1,1,0,0,1,1,1,1,0,0,0,0,0,0,3
CCC,2014J,479522,1,London Region,A Level or Equivalent,40-50%,35-55,0,120,0,Pass,7,0,0,0,0,0,1,0,1,0,0,0,0,0,0,3
CCC,2014J,479649,0,South Region,A Level or Equivalent,0-10%,0-35,0,60,0,Withdrawn,10,0,1,1,0,1,0,1,0,0,0,1,0,1,0,1
CCC,2014J,479987,0,Scotland,HE Qualification,60-70%,0-35,0,60,0,Withdrawn,4,1,0,1,1,0,0,0,0,1,1,0,0,1,0,8
CCC,2014J,480115,0,South East Region,A Level or Equivalent,70-80%,0-35,0,60,0,Pass,6,0,1,1,1,0,1,0,1,0,0,1,0,0,1,9
CCC,2014J,481169,0,London Region,A Level or Equivalent,50-60%,35-55,0,60,0,Withdrawn,2,0,1,0,1,0,0,1,0,0,0,0,1,0,0,2
CCC,2014J,481314,0,London Region,A Level or Equivalent,30-40%,35-55,0,30,0,Pass,4,1,1,0,1,0,1,1,1,0,0,0,1,0,1,8
CCC,2014J,481350,1,Yorkshire Region,A Level or Equivalent,20-Oct,0-35,0,90,0,Withdrawn,6,0,0,1,1,1,1,0,1,1,0,0,1,1,1,9
CCC,2014J,481618,0,South East Region,A Level or Equivalent,40-50%,0-35,0,60,0,Withdrawn,5,0,1,0,1,0,0,0,0,0,0,1,1,1,0,9
CCC,2014J,482145,1,London Region,A Level or Equivalent,80-90%,0-35,0,30,0,Fail,4,1,1,0,0,1,1,1,0,0,1,0,1,0,0,8
CCC,2014J,482751,1,Yorkshire Region,A Level or Equivalent,50-60%,0-35,0,90,0,Withdrawn,15,1,0,1,0,0,1,1,1,0,0,0,0,0,0,10
CCC,2014J,482868,0,South East Region,Lower Than A Level,60-70%,0-35,0,60,0,Withdrawn,6,1,1,0,1,1,0,0,1,0,0,1,0,0,1,9
CCC,2014J,482938,0,South East Region,Lower Than A Level,30-40%,35-55,0,180,0,Withdrawn,5,0,0,0,1,1,1,0,1,1,1,0,1,1,1,9
CCC,2014J,483108,1,North Western Region,A Level or Equivalent,80-90%,0-35,1,30,0,Fail,15,0,0,0,0,0,0,1,1,1,0,1,1,1,0,10
CCC,2014J,483543,0,North Region,HE Qualification,,0-35,0,60,0,Pass,9,1,1,0,1,0,1,0,1,1,1,0,1,1,1,4
CCC,2014J,483666,1,Wales,Lower Than A Level,60-70%,35-55,1,30,0,Withdrawn,9,1,1,1,1,1,1,1,1,1,0,0,1,0,1,4
CCC,2014J,483793,0,South Region,Lower Than A Level,70-80%,0-35,0,30,0,Fail,12,1,0,0,0,0,1,0,1,1,0,1,0,1,1,7
CCC,2014J,483858,1,Scotland,A Level or Equivalent,70-80%,0-35,0,60,0,Pass,10,0,1,0,0,1,1,1,1,0,0,1,0,0,0,1
CCC,2014J,484223,1,Ireland,Lower Than A Level,90-100%,0-35,0,90,0,Pass,12,0,0,0,0,0,0,0,0,1,1,1,1,0,0,7
CCC,2014J,484435,1,Scotland,HE Qualification,20-30%,35-55,0,60,0,Distinction,15,0,0,0,0,1,0,1,1,1,0,1,0,0,1,10
CCC,2014J,484787,1,North Western Region,A Level or Equivalent,70-80%,0-35,1,30,0,Withdrawn,12,1,1,1,0,1,1,1,0,1,0,0,1,1,0,7
CCC,2014J,485920,0,East Anglian Region,Lower Than A Level,60-70%,0-35,0,30,0,Withdrawn,1,1,0,1,1,1,1,1,1,0,1,1,0,0,1,2
CCC,2014J,485949,1,London Region,HE Qualification,0-10%,0-35,0,180,0,Withdrawn,13,0,0,1,0,1,1,1,1,0,0,0,0,1,0,5
CCC,2014J,486300,0,East Midlands Region,A Level or Equivalent,20-Oct,0-35,0,30,0,Fail,2,1,1,0,0,1,1,0,1,1,1,0,1,0,1,2
CCC,2014J,486877,0,South East Region,A Level or Equivalent,60-70%,0-35,0,30,0,Withdrawn,4,0,0,1,1,1,1,1,1,1,0,0,0,0,1,8
CCC,2014J,487314,0,Wales,HE Qualification,70-80%,0-35,0,60,0,Pass,4,1,0,0,0,1,1,1,0,0,0,0,1,0,0,8
CCC,2014J,487570,1,East Anglian Region,A Level or Equivalent,90-100%,35-55,1,60,0,Withdrawn,13,0,0,0,0,1,0,0,0,1,0,0,0,0,0,5
CCC,2014J,488192,1,North Region,A Level or Equivalent,,0-35,0,120,0,Withdrawn,16,0,0,1,0,0,0,0,1,1,1,1,1,0,0,10
CCC,2014J,488617,0,South West Region,Lower Than A Level,60-70%,0-35,0,60,0,Fail,15,1,1,1,1,1,1,0,0,1,1,1,0,1,0,10
CCC,2014J,488755,1,East Anglian Region,HE Qualification,70-80%,35-55,0,30,0,Withdrawn,4,0,0,0,1,0,0,0,0,0,0,0,0,1,0,8
CCC,2014J,489990,1,North Western Region,Lower Than A Level,40-50%,0-35,0,150,0,Withdrawn,10,0,1,1,0,1,1,0,1,0,1,1,1,1,0,1
CCC,2014J,490313,0,East Anglian Region,A Level or Equivalent,50-60%,0-35,0,30,0,Withdrawn,11,1,0,0,0,0,1,0,1,0,0,0,1,1,0,6
CCC,2014J,490394,0,South East Region,Lower Than A Level,60-70%,0-35,0,30,0,Pass,11,1,0,1,0,1,1,1,1,1,1,1,0,1,1,6
CCC,2014J,490443,0,North Western Region,A Level or Equivalent,0-10%,0-35,0,60,0,Withdrawn,3,0,0,0,0,1,1,1,1,0,0,0,0,0,0,8
CCC,2014J,490542,1,East Anglian Region,Lower Than A Level,40-50%,0-35,0,180,0,Withdrawn,11,1,0,0,0,1,0,1,0,1,1,1,0,0,1,6
CCC,2014J,491033,0,Scotland,Lower Than A Level,0-10%,0-35,0,120,0,Withdrawn,13,0,1,1,1,1,0,1,1,0,1,1,0,1,1,5
CCC,2014J,491926,0,Wales,Lower Than A Level,20-Oct,35-55,0,90,1,Withdrawn,15,1,0,1,0,0,0,0,0,1,1,0,1,0,1,10
CCC,2014J,492020,0,London Region,HE Qualification,40-50%,35-55,0,30,0,Withdrawn,11,1,0,1,1,0,0,1,1,0,1,1,1,0,1,6
CCC,2014J,492357,0,East Midlands Region,A Level or Equivalent,70-80%,35-55,1,30,0,Pass,1,1,0,0,1,0,1,1,0,0,0,0,0,0,1,2
CCC,2014J,492537,0,London Region,Lower Than A Level,70-80%,0-35,0,30,1,Fail,6,0,0,0,0,0,1,0,0,1,1,0,1,0,1,9
CCC,2014J,492613,1,Yorkshire Region,A Level or Equivalent,70-80%,0-35,0,60,0,Withdrawn,2,1,1,0,0,1,1,0,1,0,1,1,1,1,0,2
CCC,2014J,493416,0,South West Region,Lower Than A Level,40-50%,0-35,0,90,0,Pass,11,1,0,1,1,1,1,0,1,0,1,0,1,0,0,6
CCC,2014J,494211,0,East Anglian Region,A Level or Equivalent,50-60%,35-55,0,60,0,Withdrawn,4,0,1,1,1,0,1,0,1,0,1,1,0,1,0,8
CCC,2014J,494498,1,North Western Region,A Level or Equivalent,30-40%,0-35,0,90,0,Withdrawn,10,1,1,0,0,1,1,0,1,1,1,1,1,1,1,1
CCC,2014J,494829,1,North Western Region,Lower Than A Level,20-30%,35-55,0,60,0,Withdrawn,12,1,1,1,0,0,0,1,0,1,1,0,0,1,1,7
CCC,2014J,494911,1,South Region,Lower Than A Level,50-60%,0-35,0,30,0,Withdrawn,12,1,1,0,0,1,0,0,0,1,0,1,0,0,0,7
CCC,2014J,495438,1,East Anglian Region,Lower Than A Level,50-60%,0-35,0,30,0,Pass,2,0,1,1,1,1,1,0,0,0,1,1,0,1,1,2
CCC,2014J,496355,0,Yorkshire Region,A Level or Equivalent,80-90%,0-35,0,60,0,Pass,8,1,1,1,0,1,1,1,1,1,1,1,1,1,0,3
CCC,2014J,496530,0,East Midlands Region,Lower Than A Level,70-80%,0-35,0,60,0,Fail,8,0,1,0,1,0,0,0,0,1,1,0,0,0,0,3
CCC,2014J,496845,0,South Region,A Level or Equivalent,50-60%,0-35,0,150,0,Pass,15,0,0,1,0,1,1,1,0,1,1,1,1,0,0,10
CCC,2014J,497536,1,Ireland,Lower Than A Level,0-10%,0-35,0,120,0,Withdrawn,9,0,0,0,1,0,1,0,0,0,0,0,0,0,1,4
CCC,2014J,497955,1,Ireland,A Level or Equivalent,80-90%,0-35,0,30,0,Withdrawn,7,1,0,0,1,0,1,0,1,1,0,1,0,1,0,3
CCC,2014J,498225,0,South Region,HE Qualification,70-80%,35-55,1,30,0,Withdrawn,3,0,0,1,1,1,1,1,1,1,0,1,1,0,1,8
CCC,2014J,498236,0,North Region,HE Qualification,20-30%,0-35,0,60,0,Pass,5,0,1,1,1,0,0,0,0,1,1,1,0,0,0,9
CCC,2014J,498459,1,East Anglian Region,HE Qualification,90-100%,0-35,0,90,0,Distinction,12,1,1,0,0,1,1,1,0,1,0,1,1,1,1,7
CCC,2014J,498602,0,Scotland,A Level or Equivalent,70-80%,0-35,0,90,0,Fail,11,1,1,0,1,1,0,0,0,0,1,1,1,0,1,6
CCC,2014J,498828,0,East Anglian Region,A Level or Equivalent,20-30%,0-35,0,120,0,Pass,16,1,1,1,1,1,1,0,1,1,0,0,0,1,0,10
CCC,2014J,499420,0,West Midlands Region,A Level or Equivalent,60-70%,0-35,0,60,0,Distinction,1,0,1,0,0,0,1,0,0,0,0,0,1,1,1,2
CCC,2014J,499683,0,South West Region,Lower Than A Level,20-30%,35-55,0,60,0,Withdrawn,13,1,1,0,0,1,1,1,0,0,1,0,0,0,1,5
CCC,2014J,499703,1,South West Region,A Level or Equivalent,50-60%,0-35,0,120,0,Distinction,16,1,0,0,0,0,1,0,1,1,1,1,0,0,0,10
CCC,2014J,499813,0,North Region,A Level or Equivalent,,0-35,0,150,0,Distinction,5,0,0,0,1,0,1,1,0,1,1,1,1,1,1,9
CCC,2014J,499848,1,West Midlands Region,Lower Than A Level,50-60%,0-35,0,90,0,Fail,9,1,1,0,1,0,1,0,0,1,0,1,1,1,1,4
CCC,2014J,500031,1,South West Region,Lower Than A Level,80-90%,35-55,0,60,0,Withdrawn,6,0,1,0,0,1,1,0,0,1,0,1,1,0,1,9
CCC,2014J,500189,0,Scotland,A Level or Equivalent,80-90%,0-35,1,30,0,Fail,11,0,1,0,1,1,0,0,1,0,1,0,0,1,0,6
CCC,2014J,500339,0,North Western Region,Lower Than A Level,70-80%,0-35,0,120,0,Withdrawn,8,1,1,1,0,0,0,0,1,1,0,0,1,0,0,3
CCC,2014J,500440,0,London Region,A Level or Equivalent,30-40%,0-35,0,90,0,Withdrawn,9,0,0,1,0,1,0,0,0,1,1,0,0,1,0,4
CCC,2014J,501146,0,South East Region,HE Qualification,90-100%,0-35,0,60,0,Fail,9,0,0,0,1,0,1,0,1,0,0,0,0,0,1,4
CCC,2014J,501617,1,Ireland,Lower Than A Level,,0-35,0,30,0,Distinction,8,0,0,1,0,1,1,0,0,1,1,0,0,0,0,3
CCC,2014J,501867,0,London Region,HE Qualification,20-30%,0-35,1,60,0,Pass,3,0,1,1,1,1,0,1,1,1,0,1,1,1,0,8
CCC,2014J,501897,0,West Midlands Region,A Level or Equivalent,20-30%,0-35,0,150,0,Withdrawn,10,1,0,1,0,0,0,0,0,0,1,1,1,1,1,1
CCC,2014J,502004,0,North Western Region,A Level or Equivalent,40-50%,35-55,0,60,0,Withdrawn,6,1,0,1,1,0,0,1,0,0,1,0,0,0,0,9
CCC,2014J,502353,0,South West Region,Lower Than A Level,60-70%,0-35,0,120,0,Withdrawn,10,1,0,0,1,0,0,0,1,0,0,0,0,1,0,1
CCC,2014J,502356,0,Wales,A Level or Equivalent,0-10%,0-35,0,60,0,Pass,4,0,0,0,1,0,1,0,0,1,0,0,1,1,0,8
CCC,2014J,502766,1,South West Region,A Level or Equivalent,90-100%,35-55,0,60,0,Distinction,16,1,0,1,1,0,0,0,1,1,0,1,0,1,0,10
CCC,2014J,503400,0,North Western Region,A Level or Equivalent,50-60%,0-35,0,30,0,Withdrawn,16,1,0,1,1,0,0,0,0,1,0,1,0,0,0,10
CCC,2014J,503457,1,Scotland,A Level or Equivalent,40-50%,0-35,0,30,0,Pass,16,1,0,0,1,0,1,0,0,1,0,1,1,1,0,10
CCC,2014J,503610,0,South West Region,A Level or Equivalent,30-40%,0-35,1,120,0,Pass,14,0,1,0,0,1,1,0,0,0,0,1,1,0,1,5
CCC,2014J,503710,0,West Midlands Region,HE Qualification,30-40%,35-55,0,120,0,Pass,6,1,0,1,0,0,0,0,1,0,0,0,0,1,1,9
CCC,2014J,503779,0,London Region,Lower Than A Level,20-Oct,35-55,0,60,1,Distinction,6,1,0,0,0,0,1,1,1,0,1,0,0,1,0,9
CCC,2014J,504363,0,London Region,A Level or Equivalent,20-Oct,0-35,0,150,0,Distinction,5,0,0,1,0,0,1,0,1,1,0,0,0,1,0,9
CCC,2014J,505108,0,North Western Region,HE Qualification,70-80%,0-35,0,60,0,Pass,3,1,1,0,1,0,1,1,0,0,0,1,0,0,0,8
CCC,2014J,505403,0,London Region,A Level or Equivalent,70-80%,0-35,0,60,0,Withdrawn,6,0,0,1,1,1,0,1,0,1,1,1,1,0,1,9
CCC,2014J,505700,0,West Midlands Region,Lower Than A Level,30-40%,0-35,0,60,0,Withdrawn,10,0,0,1,0,1,1,0,0,0,1,0,0,0,1,1
CCC,2014J,505722,0,North Western Region,A Level or Equivalent,0-10%,35-55,0,30,0,Fail,16,0,1,1,0,0,0,0,0,0,1,1,0,0,1,10
CCC,2014J,505815,0,Yorkshire Region,A Level or Equivalent,40-50%,0-35,1,30,1,Withdrawn,3,1,0,0,1,1,0,1,1,1,0,0,1,0,0,8
CCC,2014J,505930,0,North Region,A Level or Equivalent,,35-55,0,60,0,Fail,2,0,0,0,0,1,1,1,1,1,0,0,1,1,1,2
CCC,2014J,505967,1,East Midlands Region,Lower Than A Level,30-40%,35-55,1,120,0,Withdrawn,16,0,1,1,0,1,1,0,1,0,0,1,1,1,1,10
CCC,2014J,506144,0,Scotland,A Level or Equivalent,40-50%,0-35,1,30,0,Pass,15,0,0,1,0,1,0,0,0,0,1,1,1,0,0,10
CCC,2014J,506543,0,South East Region,Lower Than A Level,90-100%,0-35,0,60,0,Pass,14,1,0,0,0,1,1,0,0,1,0,1,0,1,1,5
CCC,2014J,506705,0,South West Region,A Level or Equivalent,80-90%,0-35,0,120,0,Pass,1,1,0,0,0,1,0,0,1,0,1,1,1,0,0,2
CCC,2014J,507031,0,Scotland,A Level or Equivalent,90-100%,35-55,0,120,0,Withdrawn,14,1,0,1,1,1,1,0,1,1,0,0,0,1,1,5
CCC,2014J,507344,0,West Midlands Region,A Level or Equivalent,30-40%,0-35,0,60,0,Pass,8,1,0,0,1,1,0,1,1,0,1,1,0,0,0,3
CCC,2014J,507671,1,North Western Region,A Level or Equivalent,20-30%,0-35,1,30,0,Withdrawn,12,1,1,1,0,0,0,1,0,1,1,0,0,0,1,7
CCC,2014J,508244,1,London Region,HE Qualification,50-60%,0-35,0,30,0,Withdrawn,7,0,0,0,1,1,1,0,1,0,0,1,0,0,0,3
CCC,2014J,508295,1,East Anglian Region,A Level or Equivalent,70-80%,0-35,0,150,1,Withdrawn,13,1,0,1,0,1,1,0,1,1,0,1,1,0,1,5
CCC,2014J,508637,0,Scotland,HE Qualification,20-30%,0-35,0,60,0,Distinction,8,1,0,0,0,1,0,1,0,1,0,1,0,0,0,3
CCC,2014J,508775,0,North Region,A Level or Equivalent,60-70%,0-35,0,90,0,Withdrawn,4,1,1,1,1,1,0,1,0,0,0,1,0,1,1,8
CCC,2014J,509148,0,South East Region,HE Qualification,40-50%,0-35,0,120,0,Withdrawn,8,0,1,1,0,0,1,0,0,1,1,0,0,0,0,3
CCC,2014J,509150,0,North Region,Lower Than A Level,,35-55,0,60,0,Withdrawn,2,1,1,1,0,1,0,1,0,1,1,0,1,1,0,2
CCC,2014J,509177,0,Yorkshire Region,Lower Than A Level,20-30%,0-35,0,90,0,Withdrawn,16,1,0,0,0,0,0,1,0,1,0,1,1,0,0,10
CCC,2014J,509710,0,Scotland,Lower Than A Level,20-Oct,35-55,0,30,0,Fail,14,1,1,0,0,0,0,1,1,0,1,0,0,0,0,5
CCC,2014J,510054,0,North Region,A Level or Equivalent,,0-35,0,30,0,Pass,15,1,0,1,0,1,1,1,1,1,0,0,1,0,1,10
CCC,2014J,510070,1,Scotland,HE Qualification,20-30%,0-35,1,30,0,Withdrawn,7,0,1,1,0,1,1,0,1,0,1,1,1,1,0,3
CCC,2014J,510266,0,Scotland,A Level or Equivalent,20-30%,35-55,0,60,0,Fail,14,1,0,0,1,0,1,0,0,1,1,0,1,1,0,5
CCC,2014J,510401,0,Yorkshire Region,HE Qualification,70-80%,0-35,0,90,0,Withdrawn,12,0,1,1,1,1,1,1,1,1,0,1,1,0,1,7
CCC,2014J,510460,0,North Region,HE Qualification,30-40%,35-55,0,60,0,Withdrawn,1,1,1,1,1,1,0,1,0,1,0,1,1,1,1,2
CCC,2014J,510846,0,South West Region,Lower Than A Level,20-Oct,35-55,0,60,0,Withdrawn,4,1,1,0,0,0,0,1,1,0,0,0,0,0,0,8
CCC,2014J,511258,0,Scotland,HE Qualification,90-100%,55<=,0,30,0,Pass,4,0,0,0,0,0,1,0,0,0,0,0,1,1,1,8
CCC,2014J,511350,0,Yorkshire Region,Lower Than A Level,20-30%,0-35,0,90,1,Fail,14,0,1,1,1,0,1,1,1,1,0,0,1,0,0,5
CCC,2014J,511612,0,East Midlands Region,Lower Than A Level,70-80%,0-35,0,90,0,Withdrawn,1,0,0,1,0,1,0,0,0,1,0,0,1,1,1,2
CCC,2014J,511859,0,South West Region,Lower Than A Level,0-10%,0-35,0,120,0,Withdrawn,2,1,1,1,1,0,1,0,1,1,0,1,0,1,0,2
CCC,2014J,512257,0,London Region,HE Qualification,50-60%,35-55,0,30,0,Fail,5,1,1,1,1,1,1,1,1,1,1,1,0,1,1,9
CCC,2014J,512259,0,South Region,Lower Than A Level,70-80%,35-55,0,60,0,Pass,13,1,0,0,0,0,0,1,1,1,1,1,0,0,0,5
CCC,2014J,512330,1,East Anglian Region,Lower Than A Level,40-50%,0-35,0,150,1,Fail,9,0,0,0,0,1,1,1,0,1,0,1,1,1,1,4
CCC,2014J,512546,0,Scotland,A Level or Equivalent,30-40%,0-35,0,30,0,Withdrawn,2,1,0,0,1,1,0,1,1,0,1,0,0,0,0,2
CCC,2014J,512852,1,East Anglian Region,A Level or Equivalent,50-60%,0-35,0,60,0,Distinction,11,0,1,0,1,1,1,0,1,0,1,0,0,1,1,6
CCC,2014J,512861,1,South West Region,A Level or Equivalent,40-50%,0-35,0,90,0,Withdrawn,2,0,1,1,0,1,0,1,0,0,1,0,1,1,1,2
CCC,2014J,513918,0,North Region,Lower Than A Level,20-Oct,0-35,0,60,1,Withdrawn,15,0,0,1,0,1,1,1,0,1,0,0,1,1,0,10
CCC,2014J,513969,1,South East Region,A Level or Equivalent,40-50%,0-35,1,120,0,Pass,8,0,0,0,1,0,1,1,0,0,1,0,0,1,0,3
CCC,2014J,514504,0,East Midlands Region,Lower Than A Level,20-30%,0-35,0,30,0,Withdrawn,12,0,0,0,1,1,1,0,0,0,0,1,1,0,1,7
CCC,2014J,515125,0,London Region,A Level or Equivalent,50-60%,0-35,0,150,0,Fail,13,1,0,0,1,1,1,0,0,1,1,0,1,1,1,5
CCC,2014J,515426,1,South Region,A Level or Equivalent,80-90%,0-35,0,60,0,Fail,15,1,0,1,1,0,1,1,0,1,1,1,0,0,0,10
CCC,2014J,515491,0,Ireland,HE Qualification,90-100%,0-35,0,60,0,Pass,2,1,0,0,1,1,0,1,0,1,0,1,1,0,0,2
CCC,2014J,515734,1,North Region,A Level or Equivalent,50-60%,35-55,1,30,0,Fail,15,0,1,1,0,1,0,1,1,0,0,1,0,1,0,10
CCC,2014J,515857,0,East Midlands Region,Lower Than A Level,20-Oct,35-55,0,60,0,Pass,3,0,1,0,0,1,0,1,1,1,0,1,1,0,0,8
CCC,2014J,517223,0,Yorkshire Region,A Level or Equivalent,40-50%,0-35,0,120,0,Fail,9,1,0,1,1,1,1,1,1,0,1,0,0,0,1,4
CCC,2014J,517416,0,Wales,A Level or Equivalent,0-10%,0-35,0,60,0,Distinction,16,1,1,1,1,0,1,0,0,0,1,0,0,1,0,10
CCC,2014J,518134,0,Scotland,Lower Than A Level,30-40%,0-35,0,60,0,Fail,13,1,1,0,1,1,0,0,1,1,1,1,1,0,0,5
CCC,2014J,518359,0,Ireland,Post Graduate Qualification,,35-55,0,60,0,Distinction,2,0,1,1,0,1,0,1,1,1,1,1,0,1,0,2
CCC,2014J,518503,0,South East Region,Lower Than A Level,60-70%,0-35,0,60,0,Withdrawn,1,1,1,0,0,1,1,1,0,1,1,1,0,1,1,2
CCC,2014J,519057,1,South West Region,A Level or Equivalent,20-30%,0-35,0,120,0,Pass,8,0,0,1,1,0,0,1,0,1,0,1,0,1,1,3
CCC,2014J,519116,1,South Region,A Level or Equivalent,80-90%,0-35,0,120,0,Withdrawn,4,0,0,1,1,0,1,1,1,1,0,1,0,1,0,8
CCC,2014J,519506,1,South West Region,Lower Than A Level,80-90%,0-35,0,60,0,Pass,5,0,1,1,1,1,0,0,0,1,0,0,0,1,1,9
CCC,2014J,519684,0,Scotland,HE Qualification,70-80%,0-35,0,30,0,Withdrawn,16,0,1,1,0,0,1,1,1,0,1,0,1,1,1,10
CCC,2014J,519879,1,South Region,A Level or Equivalent,90-100%,55<=,0,60,0,Withdrawn,15,1,0,0,0,1,1,1,0,1,0,0,1,1,0,10
CCC,2014J,520077,0,South Region,Lower Than A Level,30-40%,35-55,0,90,0,Fail,15,0,1,0,1,0,0,0,1,0,1,0,1,0,1,10
CCC,2014J,520332,0,Scotland,A Level or Equivalent,20-Oct,0-35,1,60,0,Pass,3,0,1,1,1,0,0,1,1,1,1,1,0,1,1,8
CCC,2014J,520750,0,Wales,HE Qualification,40-50%,0-35,0,90,0,Fail,15,1,0,1,1,1,1,0,1,1,0,1,0,1,0,10
CCC,2014J,520854,1,West Midlands Region,Lower Than A Level,80-90%,0-35,0,120,0,Withdrawn,11,1,1,0,0,0,1,0,0,1,0,1,1,0,0,6
CCC,2014J,521115,0,North Western Region,HE Qualification,20-Oct,0-35,0,120,0,Pass,7,1,0,1,1,0,0,0,1,0,0,1,0,0,0,3
CCC,2014J,521292,0,South Region,HE Qualification,60-70%,0-35,0,60,0,Pass,1,1,0,0,0,0,0,0,1,0,1,0,1,1,0,2
CCC,2014J,522004,1,South East Region,Lower Than A Level,40-50%,0-35,0,60,0,Withdrawn,11,1,1,1,0,0,1,1,0,1,0,1,0,1,1,6
CCC,2014J,522257,0,Yorkshire Region,Lower Than A Level,0-10%,0-35,0,60,0,Pass,10,1,1,0,1,0,0,1,0,1,1,0,1,1,0,1
CCC,2014J,522525,0,East Midlands Region,Lower Than A Level,0-10%,0-35,0,90,0,Pass,13,1,1,1,1,0,1,0,1,0,0,1,0,1,0,5
CCC,2014J,522534,1,East Anglian Region,A Level or Equivalent,70-80%,0-35,0,30,0,Withdrawn,9,1,0,0,1,1,0,1,1,1,0,0,1,1,0,4
CCC,2014J,522708,0,South West Region,A Level or Equivalent,60-70%,0-35,0,90,0,Fail,2,0,1,0,1,0,1,1,1,0,1,0,0,0,0,2
CCC,2014J,522754,0,South West Region,A Level or Equivalent,0-10%,0-35,0,60,1,Pass,12,1,1,1,1,0,1,0,0,0,0,0,1,1,0,7
CCC,2014J,522924,0,London Region,HE Qualification,20-30%,35-55,0,30,0,Withdrawn,11,1,0,1,0,0,0,0,0,0,0,1,0,0,0,6
CCC,2014J,523239,0,Wales,Lower Than A Level,20-30%,0-35,1,30,0,Fail,9,1,0,1,1,0,0,1,0,1,0,0,0,1,1,4
CCC,2014J,523334,0,East Anglian Region,Lower Than A Level,40-50%,0-35,0,30,0,Withdrawn,9,0,0,1,0,1,0,0,1,1,0,1,1,1,0,4
CCC,2014J,523762,0,Yorkshire Region,A Level or Equivalent,20-Oct,0-35,0,120,0,Pass,12,0,0,0,0,1,1,0,0,0,1,0,0,1,0,7
CCC,2014J,523817,0,South Region,A Level or Equivalent,90-100%,0-35,0,90,0,Withdrawn,14,1,0,1,0,0,0,1,0,1,0,1,1,1,0,5
CCC,2014J,523872,0,South Region,Lower Than A Level,50-60%,0-35,0,60,0,Pass,14,1,0,0,1,1,1,0,1,1,0,1,0,0,1,5
CCC,2014J,523944,0,North Western Region,A Level or Equivalent,30-40%,35-55,0,60,1,Pass,11,1,1,1,0,1,1,1,0,1,1,1,0,0,0,6
CCC,2014J,524019,0,South Region,Lower Than A Level,20-Oct,0-35,0,60,0,Withdrawn,4,0,1,1,1,0,0,0,0,1,1,1,0,0,0,8
CCC,2014J,524170,0,Yorkshire Region,HE Qualification,60-70%,0-35,0,30,0,Withdrawn,4,0,0,1,0,1,0,1,0,1,1,0,0,0,0,8
CCC,2014J,524276,0,Scotland,HE Qualification,90-100%,35-55,0,30,0,Withdrawn,11,1,1,1,1,0,0,0,1,1,0,0,0,1,0,6
CCC,2014J,524431,1,South Region,A Level or Equivalent,0-10%,0-35,0,60,0,Withdrawn,16,1,1,1,0,1,1,0,1,1,0,0,1,0,0,10
CCC,2014J,524851,0,Yorkshire Region,Lower Than A Level,60-70%,0-35,0,30,0,Withdrawn,10,1,1,1,1,1,1,0,0,0,1,1,1,0,1,1
CCC,2014J,525060,1,Scotland,A Level or Equivalent,20-30%,0-35,0,90,0,Withdrawn,3,0,1,0,0,1,0,0,1,1,1,0,1,1,1,8
CCC,2014J,526124,0,North Western Region,Lower Than A Level,40-50%,35-55,0,30,0,Withdrawn,10,0,0,0,0,1,0,1,1,1,0,0,1,0,1,1
CCC,2014J,526132,0,East Midlands Region,A Level or Equivalent,0-10%,0-35,0,30,1,Withdrawn,1,1,1,0,1,1,0,1,1,0,1,0,0,0,0,2
CCC,2014J,526235,0,Yorkshire Region,HE Qualification,40-50%,35-55,1,90,0,Fail,14,0,1,0,0,0,0,0,1,0,1,1,1,1,1,5
CCC,2014J,526441,0,South East Region,Lower Than A Level,60-70%,0-35,0,150,0,Fail,16,0,0,0,0,1,0,0,0,0,1,1,0,0,1,10
CCC,2014J,526601,0,South Region,Lower Than A Level,90-100%,35-55,0,60,0,Withdrawn,12,1,1,1,0,0,0,1,1,0,0,1,0,1,1,7
CCC,2014J,526741,1,East Midlands Region,A Level or Equivalent,70-80%,35-55,0,30,0,Fail,1,0,0,0,0,0,0,1,1,1,0,0,0,1,0,2
CCC,2014J,527958,0,West Midlands Region,Lower Than A Level,30-40%,0-35,0,90,0,Withdrawn,9,0,1,0,1,0,0,1,0,1,0,1,1,1,1,4
CCC,2014J,528021,0,South Region,Lower Than A Level,90-100%,0-35,1,30,0,Withdrawn,5,1,0,0,0,1,0,1,0,0,1,0,0,1,1,9
CCC,2014J,528290,1,West Midlands Region,A Level or Equivalent,70-80%,35-55,0,30,0,Withdrawn,9,1,1,0,1,1,0,0,1,0,1,0,0,0,1,4
CCC,2014J,528506,0,South Region,HE Qualification,90-100%,0-35,0,60,0,Pass,4,1,0,1,1,0,1,0,0,1,0,1,1,0,1,8
CCC,2014J,528700,0,South Region,HE Qualification,80-90%,35-55,0,30,0,Withdrawn,7,1,1,0,0,1,1,1,0,1,1,1,1,0,0,3
CCC,2014J,529179,0,Wales,Lower Than A Level,0-10%,35-55,0,90,0,Withdrawn,13,1,0,1,0,1,1,1,0,0,0,0,1,0,0,5
CCC,2014J,529309,0,East Midlands Region,A Level or Equivalent,40-50%,0-35,0,90,0,Withdrawn,12,1,0,0,1,1,0,0,0,1,1,1,0,1,1,7
CCC,2014J,529512,0,Scotland,A Level or Equivalent,30-40%,0-35,0,60,0,Withdrawn,16,0,1,1,1,0,0,1,0,1,0,1,1,1,1,10
CCC,2014J,529550,1,East Anglian Region,A Level or Equivalent,70-80%,35-55,0,30,0,Withdrawn,12,1,1,0,0,0,0,0,1,1,1,1,0,1,0,7
CCC,2014J,529723,0,South West Region,A Level or Equivalent,40-50%,0-35,0,90,0,Withdrawn,5,0,1,1,0,1,0,0,1,1,1,1,1,1,1,9
CCC,2014J,529975,0,Ireland,Lower Than A Level,20-Oct,0-35,0,30,0,Fail,1,0,0,0,1,1,0,0,0,0,1,0,0,0,1,2
CCC,2014J,530663,1,South Region,A Level or Equivalent,50-60%,0-35,0,150,0,Pass,8,0,1,1,1,0,0,0,1,0,1,0,0,1,1,3
CCC,2014J,531674,1,West Midlands Region,Lower Than A Level,60-70%,0-35,0,60,0,Withdrawn,2,0,0,0,1,0,1,1,1,0,1,1,0,0,1,2
CCC,2014J,531896,0,South Region,A Level or Equivalent,90-100%,0-35,0,30,0,Fail,9,0,1,0,1,0,0,1,0,1,0,1,1,1,1,4
CCC,2014J,532440,0,South East Region,Lower Than A Level,60-70%,0-35,1,60,0,Pass,4,0,1,1,0,1,1,1,0,0,1,0,0,1,0,8
CCC,2014J,532565,0,Yorkshire Region,Lower Than A Level,90-100%,0-35,1,30,0,Fail,3,1,1,0,1,0,1,0,0,0,0,1,1,1,1,8
CCC,2014J,532649,0,Scotland,HE Qualification,70-80%,0-35,0,30,0,Fail,12,1,1,0,0,1,0,0,0,0,1,0,0,0,0,7
CCC,2014J,532744,0,East Anglian Region,Lower Than A Level,20-30%,35-55,0,120,0,Withdrawn,11,0,0,1,1,1,1,1,1,1,1,0,1,1,1,6
CCC,2014J,532846,0,South West Region,Lower Than A Level,30-40%,0-35,0,60,0,Withdrawn,9,1,0,1,1,1,1,0,0,1,0,1,1,1,0,4
CCC,2014J,533006,1,North Western Region,A Level or Equivalent,20-30%,0-35,0,120,0,Withdrawn,5,1,0,0,0,1,0,1,1,0,0,1,0,0,1,9
CCC,2014J,533512,1,East Anglian Region,Lower Than A Level,40-50%,0-35,0,60,0,Fail,12,0,0,0,0,0,1,0,0,0,1,1,0,1,1,7
CCC,2014J,533689,1,Wales,A Level or Equivalent,20-30%,0-35,0,30,0,Fail,4,1,1,1,0,1,0,0,1,1,0,1,1,0,1,8
CCC,2014J,534074,0,East Anglian Region,HE Qualification,70-80%,35-55,1,30,0,Withdrawn,15,0,0,1,1,1,0,0,1,1,0,1,0,0,0,10
CCC,2014J,534093,0,Yorkshire Region,A Level or Equivalent,60-70%,35-55,0,60,0,Pass,14,1,0,0,1,1,0,1,1,1,0,1,0,0,1,5
CCC,2014J,534203,0,Yorkshire Region,Lower Than A Level,0-10%,0-35,0,60,0,Withdrawn,3,1,0,0,0,0,0,0,1,1,0,0,1,1,1,8
CCC,2014J,534733,0,South Region,HE Qualification,90-100%,0-35,0,60,0,Pass,16,1,0,1,1,1,0,0,1,1,0,1,0,1,0,10
CCC,2014J,535161,0,West Midlands Region,Lower Than A Level,80-90%,0-35,0,60,0,Fail,12,0,0,1,0,1,0,1,1,0,1,1,1,1,1,7
CCC,2014J,535259,0,East Midlands Region,HE Qualification,80-90%,35-55,0,30,0,Fail,1,0,0,0,0,1,1,1,0,1,0,0,1,1,0,2
CCC,2014J,535648,1,North Western Region,A Level or Equivalent,0-10%,0-35,0,30,0,Pass,7,0,0,0,0,1,1,1,1,0,0,0,0,1,1,3
CCC,2014J,536276,0,South East Region,Lower Than A Level,50-60%,35-55,0,60,0,Pass,6,1,1,0,0,0,0,1,1,1,0,0,1,0,0,9
CCC,2014J,536736,0,London Region,HE Qualification,20-Oct,0-35,0,120,0,Withdrawn,7,0,0,1,1,0,0,0,0,0,1,0,0,0,1,3
CCC,2014J,536825,0,South East Region,A Level or Equivalent,40-50%,0-35,0,30,0,Withdrawn,10,1,0,1,1,0,0,0,0,0,1,0,0,0,1,1
CCC,2014J,537654,0,North Region,A Level or Equivalent,40-50%,0-35,1,30,1,Pass,13,0,1,1,0,1,0,1,1,0,1,1,1,1,1,5
CCC,2014J,537811,1,East Midlands Region,A Level or Equivalent,50-60%,0-35,0,120,1,Distinction,4,0,0,1,1,1,1,1,1,1,1,1,1,1,1,8
CCC,2014J,539408,0,West Midlands Region,Lower Than A Level,20-30%,0-35,0,30,0,Withdrawn,16,1,1,0,1,1,1,1,0,0,0,0,1,1,0,10
CCC,2014J,539451,0,London Region,Lower Than A Level,20-Oct,55<=,0,60,0,Fail,10,0,0,1,1,1,0,0,1,0,0,0,0,0,1,1
CCC,2014J,539727,0,South West Region,A Level or Equivalent,30-40%,0-35,0,90,0,Withdrawn,12,1,1,1,1,1,0,0,0,0,0,1,1,0,0,7
CCC,2014J,540509,0,South East Region,Lower Than A Level,30-40%,0-35,1,60,0,Withdrawn,5,0,1,1,1,0,1,1,0,0,0,1,0,0,0,9
CCC,2014J,540694,0,South West Region,A Level or Equivalent,60-70%,0-35,0,60,0,Withdrawn,1,0,1,0,0,1,0,1,0,1,1,0,0,1,1,2
CCC,2014J,540885,0,West Midlands Region,Lower Than A Level,0-10%,0-35,0,240,0,Withdrawn,9,1,1,1,1,0,1,0,1,0,0,1,1,0,1,4
CCC,2014J,541040,0,East Midlands Region,Lower Than A Level,0-10%,0-35,0,60,0,Withdrawn,8,1,0,0,0,0,0,0,1,0,0,1,0,0,0,3
CCC,2014J,541482,0,East Anglian Region,Lower Than A Level,0-10%,0-35,0,60,0,Fail,13,0,1,0,1,0,0,1,0,1,0,1,0,1,1,5
CCC,2014J,541531,0,South East Region,A Level or Equivalent,30-40%,35-55,0,60,0,Pass,12,1,1,0,0,1,0,0,0,0,1,1,1,0,1,7
CCC,2014J,541538,0,Yorkshire Region,A Level or Equivalent,20-30%,0-35,0,30,0,Pass,7,0,1,1,0,1,1,1,1,1,1,0,0,1,1,3
CCC,2014J,541708,0,South West Region,A Level or Equivalent,70-80%,35-55,0,30,0,Distinction,7,1,0,0,1,0,1,0,0,1,0,1,1,0,0,3
CCC,2014J,542054,0,North Western Region,A Level or Equivalent,0-10%,0-35,0,30,0,Withdrawn,7,0,1,1,1,0,1,1,0,0,0,1,1,0,1,3
CCC,2014J,542134,0,Wales,HE Qualification,50-60%,35-55,0,60,0,Withdrawn,11,1,0,0,1,0,0,0,0,0,0,1,1,0,1,6
CCC,2014J,542167,0,Scotland,HE Qualification,50-60%,0-35,0,60,1,Pass,14,1,1,1,0,1,0,1,0,1,1,1,0,1,0,5
CCC,2014J,542180,1,South West Region,Lower Than A Level,40-50%,0-35,0,300,1,Withdrawn,3,0,1,1,0,0,1,1,1,0,0,0,0,0,1,8
CCC,2014J,542557,0,Scotland,HE Qualification,90-100%,35-55,0,60,0,Distinction,1,1,1,0,1,0,0,1,1,0,0,1,0,0,1,2
CCC,2014J,543417,0,East Midlands Region,A Level or Equivalent,0-10%,0-35,1,60,0,Withdrawn,2,0,0,0,1,0,0,0,1,0,1,1,0,0,0,2
CCC,2014J,543653,0,London Region,A Level or Equivalent,80-90%,0-35,0,60,0,Fail,6,1,1,0,1,0,1,1,0,0,1,0,0,1,0,9
CCC,2014J,543788,1,South Region,A Level or Equivalent,90-100%,35-55,0,60,0,Pass,7,0,1,1,0,1,0,0,1,0,1,1,0,1,1,3
CCC,2014J,543953,1,South East Region,Lower Than A Level,50-60%,35-55,0,90,0,Withdrawn,3,1,0,1,1,0,0,0,1,1,1,1,0,0,1,8
CCC,2014J,544052,0,Scotland,A Level or Equivalent,40-50%,0-35,0,60,0,Pass,13,0,1,0,1,1,0,1,1,0,1,0,1,1,0,5
CCC,2014J,544071,0,South Region,Lower Than A Level,90-100%,0-35,0,150,0,Withdrawn,6,0,1,1,1,0,0,0,0,1,1,0,1,1,0,9
CCC,2014J,544267,0,South West Region,A Level or Equivalent,80-90%,35-55,0,30,0,Pass,6,0,0,0,1,1,0,1,0,0,0,0,1,1,0,9
CCC,2014J,544271,0,South Region,A Level or Equivalent,60-70%,0-35,0,90,0,Withdrawn,10,1,1,1,1,0,1,1,0,0,1,1,0,0,0,1
CCC,2014J,544319,0,West Midlands Region,A Level or Equivalent,0-10%,0-35,0,30,0,Withdrawn,2,0,1,1,0,1,0,1,0,1,1,0,0,1,1,2
CCC,2014J,544720,0,South Region,A Level or Equivalent,70-80%,0-35,0,30,0,Fail,16,1,1,1,1,0,0,0,0,1,1,1,0,1,1,10
CCC,2014J,545118,0,North Western Region,A Level or Equivalent,0-10%,0-35,0,90,0,Fail,5,0,0,0,1,1,0,0,0,0,1,1,0,1,0,9
CCC,2014J,545255,0,East Anglian Region,A Level or Equivalent,0-10%,0-35,0,60,0,Fail,6,0,0,1,1,1,1,0,0,1,1,0,1,0,0,9
CCC,2014J,545493,0,Scotland,HE Qualification,90-100%,0-35,0,90,0,Withdrawn,16,1,1,1,0,1,1,1,1,1,0,0,0,1,0,10
CCC,2014J,545704,0,South East Region,Lower Than A Level,70-80%,0-35,0,60,1,Pass,12,0,0,1,1,0,0,0,0,1,0,0,0,0,0,7
CCC,2014J,545758,0,West Midlands Region,Lower Than A Level,30-40%,0-35,1,30,0,Fail,13,0,1,1,1,1,1,1,1,0,0,1,0,0,1,5
CCC,2014J,546139,1,North Region,A Level or Equivalent,20-30%,0-35,0,30,0,Withdrawn,1,0,0,0,0,0,1,1,0,1,1,1,0,0,1,2
CCC,2014J,546400,1,Scotland,A Level or Equivalent,60-70%,0-35,1,60,0,Withdrawn,11,1,0,1,1,0,0,0,1,0,0,1,1,0,0,6
CCC,2014J,546634,1,North Region,A Level or Equivalent,20-Oct,0-35,0,60,0,Withdrawn,3,0,0,0,1,1,0,1,0,0,0,1,1,0,0,8
CCC,2014J,546654,0,East Midlands Region,A Level or Equivalent,80-90%,0-35,0,150,1,Pass,13,1,1,1,1,1,0,0,0,0,1,1,1,0,0,5
CCC,2014J,546934,0,London Region,Lower Than A Level,20-Oct,0-35,0,60,0,Withdrawn,12,1,1,1,0,1,0,0,0,1,1,0,0,0,0,7
CCC,2014J,547128,0,Wales,A Level or Equivalent,20-30%,35-55,0,180,1,Withdrawn,3,0,1,0,1,0,0,1,1,1,0,0,1,0,1,8
CCC,2014J,547153,0,Wales,A Level or Equivalent,80-90%,0-35,0,60,0,Fail,8,1,1,1,0,1,0,1,1,0,1,0,1,0,1,3
CCC,2014J,547506,0,South East Region,A Level or Equivalent,0-10%,0-35,0,90,0,Withdrawn,16,0,1,0,1,0,0,0,0,0,0,0,0,0,0,10
CCC,2014J,547612,1,West Midlands Region,Lower Than A Level,20-Oct,0-35,0,30,0,Pass,5,0,0,0,1,1,1,0,1,1,0,1,1,0,0,9
CCC,2014J,548922,0,Scotland,Lower Than A Level,30-40%,0-35,0,60,0,Withdrawn,7,0,1,1,1,1,0,0,1,1,0,1,0,0,1,3
CCC,2014J,548926,1,East Anglian Region,A Level or Equivalent,70-80%,0-35,1,60,0,Fail,8,1,1,0,0,1,1,1,0,0,1,0,1,0,0,3
CCC,2014J,549113,0,London Region,A Level or Equivalent,40-50%,0-35,0,60,0,Withdrawn,16,1,0,0,1,0,1,1,0,1,1,1,0,1,1,10
CCC,2014J,549439,0,Scotland,Lower Than A Level,80-90%,0-35,0,30,0,Fail,14,1,1,1,0,1,1,1,1,0,0,1,0,1,0,5
CCC,2014J,549677,1,North Western Region,A Level or Equivalent,0-10%,0-35,0,30,0,Withdrawn,10,1,1,0,1,1,1,1,1,0,0,0,1,1,1,1
CCC,2014J,549687,1,East Midlands Region,Lower Than A Level,60-70%,35-55,0,30,0,Pass,16,1,1,1,0,1,0,0,1,0,0,1,0,1,0,10
CCC,2014J,549706,1,South Region,HE Qualification,90-100%,0-35,0,60,0,Pass,6,1,0,0,1,0,0,0,1,0,1,1,1,1,0,9
CCC,2014J,549769,1,Scotland,A Level or Equivalent,60-70%,0-35,0,110,0,Withdrawn,10,0,0,1,1,0,0,1,1,1,1,1,1,1,1,1
CCC,2014J,549783,0,East Anglian Region,Lower Than A Level,70-80%,0-35,0,30,0,Distinction,10,1,0,0,0,1,0,1,0,1,0,0,1,1,1,1
CCC,2014J,549888,1,Scotland,A Level or Equivalent,30-40%,35-55,0,150,0,Withdrawn,5,0,0,0,1,1,1,0,1,0,1,0,1,1,0,9
CCC,2014J,549922,0,South East Region,A Level or Equivalent,80-90%,0-35,0,120,0,Withdrawn,5,0,0,0,0,0,1,1,0,1,1,1,1,1,1,9
CCC,2014J,550393,0,Yorkshire Region,Lower Than A Level,20-30%,0-35,0,90,0,Fail,2,0,0,0,1,1,1,0,1,0,0,1,0,1,0,2
CCC,2014J,550545,1,Scotland,A Level or Equivalent,60-70%,0-35,1,90,0,Withdrawn,4,0,0,1,0,1,0,1,0,1,0,1,1,0,0,8
CCC,2014J,550702,1,West Midlands Region,A Level or Equivalent,20-Oct,0-35,0,210,0,Distinction,2,1,1,0,0,1,1,1,0,1,0,0,0,1,0,2
CCC,2014J,550814,0,South West Region,Lower Than A Level,50-60%,0-35,0,120,0,Pass,11,0,1,1,1,0,0,0,0,1,0,1,1,0,1,6
CCC,2014J,551158,0,Scotland,HE Qualification,40-50%,35-55,0,30,0,Withdrawn,12,0,1,1,0,1,1,1,1,1,1,1,1,1,1,7
CCC,2014J,551214,0,South East Region,A Level or Equivalent,60-70%,0-35,0,60,0,Pass,11,0,1,1,0,1,1,1,0,1,1,0,1,1,0,6
CCC,2014J,551220,0,North Region,HE Qualification,,0-35,0,120,0,Fail,1,0,0,1,0,0,0,1,0,1,0,1,0,0,1,2
CCC,2014J,551332,1,North Western Region,Lower Than A Level,40-50%,0-35,0,120,0,Fail,11,1,0,1,1,0,1,1,0,0,0,1,0,1,0,6
CCC,2014J,551397,0,Ireland,A Level or Equivalent,50-60%,0-35,0,30,0,Pass,11,1,0,1,1,1,0,1,0,0,1,1,0,0,0,6
CCC,2014J,551589,0,North Western Region,Lower Than A Level,20-30%,35-55,0,120,0,Withdrawn,14,0,0,0,1,1,1,1,0,0,1,1,1,0,1,5
CCC,2014J,551772,0,East Anglian Region,HE Qualification,90-100%,0-35,0,30,0,Fail,8,1,0,1,1,0,0,1,1,1,0,0,0,1,0,3
CCC,2014J,551791,0,West Midlands Region,A Level or Equivalent,30-40%,0-35,0,30,0,Withdrawn,3,1,0,0,1,1,0,0,0,0,1,0,1,1,1,8
CCC,2014J,552220,0,South West Region,HE Qualification,60-70%,0-35,0,60,0,Fail,10,0,0,1,0,0,1,0,0,1,1,0,0,0,1,1
CCC,2014J,552255,0,North Western Region,A Level or Equivalent,20-30%,0-35,0,90,0,Withdrawn,3,0,0,0,1,0,0,0,1,1,0,0,0,1,1,8
CCC,2014J,552475,1,Wales,HE Qualification,0-10%,0-35,0,90,0,Withdrawn,12,1,0,0,0,0,1,0,0,1,1,0,0,0,1,7
CCC,2014J,552498,1,Scotland,A Level or Equivalent,50-60%,35-55,1,60,0,Pass,13,1,1,0,0,1,0,1,0,0,0,1,1,1,1,5
CCC,2014J,552666,0,South Region,A Level or Equivalent,50-60%,0-35,0,90,0,Withdrawn,7,1,1,0,0,1,0,0,1,0,0,0,1,1,0,3
CCC,2014J,552965,0,East Midlands Region,Lower Than A Level,60-70%,35-55,0,120,0,Distinction,10,0,0,0,1,1,1,0,0,0,0,0,1,1,1,1
CCC,2014J,553599,0,Yorkshire Region,A Level or Equivalent,40-50%,0-35,0,60,0,Distinction,14,1,1,0,0,0,1,1,1,0,0,0,0,0,1,5
CCC,2014J,553719,0,West Midlands Region,A Level or Equivalent,40-50%,0-35,0,90,0,Distinction,6,1,1,0,1,1,0,0,0,0,1,0,1,0,0,9
CCC,2014J,553741,0,West Midlands Region,A Level or Equivalent,40-50%,0-35,1,120,0,Pass,8,0,0,0,1,1,1,1,1,0,1,0,0,1,0,3
CCC,2014J,554065,0,North Region,Lower Than A Level,,35-55,0,90,0,Distinction,14,0,1,1,0,0,0,0,1,1,0,1,0,0,1,5
CCC,2014J,554266,0,Scotland,Lower Than A Level,50-60%,35-55,0,30,0,Withdrawn,11,0,1,1,0,0,1,1,0,0,1,1,1,0,0,6
CCC,2014J,554444,1,West Midlands Region,Lower Than A Level,20-Oct,0-35,0,60,0,Withdrawn,8,0,0,1,1,0,0,0,1,1,0,0,1,0,1,3
CCC,2014J,554459,0,North Western Region,A Level or Equivalent,40-50%,0-35,0,60,0,Fail,12,0,0,1,0,0,1,0,1,1,1,0,0,1,0,7
CCC,2014J,554691,0,North Western Region,Lower Than A Level,40-50%,35-55,0,60,1,Withdrawn,15,1,0,1,1,0,1,1,0,1,1,0,1,1,0,10
CCC,2014J,554761,0,Scotland,A Level or Equivalent,20-30%,35-55,1,60,0,Fail,12,0,0,1,1,0,0,1,0,0,1,0,0,0,0,7
CCC,2014J,555498,0,East Anglian Region,HE Qualification,50-60%,35-55,0,60,0,Pass,7,1,0,1,0,1,1,0,0,1,1,0,0,1,0,3
CCC,2014J,555760,0,Wales,HE Qualification,70-80%,35-55,0,120,0,Distinction,8,1,1,0,0,0,1,0,1,0,1,1,0,1,0,3
CCC,2014J,555884,0,East Midlands Region,A Level or Equivalent,80-90%,0-35,0,60,0,Pass,2,1,0,1,1,1,0,1,0,0,0,1,1,1,0,2
CCC,2014J,555989,0,East Anglian Region,A Level or Equivalent,70-80%,0-35,0,90,0,Distinction,14,1,0,1,0,1,1,0,1,1,0,0,1,0,0,5
CCC,2014J,556140,0,South Region,Lower Than A Level,80-90%,0-35,0,60,0,Pass,4,1,1,0,0,1,0,0,0,0,0,1,1,0,0,8
CCC,2014J,556251,0,North Western Region,A Level or Equivalent,60-70%,0-35,0,60,0,Pass,12,1,0,1,0,1,1,1,0,0,1,0,0,0,0,7
CCC,2014J,556440,0,Scotland,HE Qualification,50-60%,35-55,0,120,1,Fail,7,0,0,0,0,0,1,1,0,0,1,0,0,0,0,3
CCC,2014J,556450,0,Scotland,A Level or Equivalent,90-100%,0-35,0,60,1,Fail,2,0,0,0,0,0,0,1,1,1,0,1,1,1,0,2
CCC,2014J,556476,1,London Region,Lower Than A Level,20-Oct,0-35,0,120,1,Fail,15,0,1,0,0,0,0,1,1,0,1,1,1,0,1,10
CCC,2014J,556521,0,East Anglian Region,A Level or Equivalent,50-60%,0-35,1,30,1,Withdrawn,9,0,0,1,0,0,0,1,1,0,0,1,1,0,1,4
CCC,2014J,556645,0,East Anglian Region,A Level or Equivalent,60-70%,35-55,1,60,0,Fail,4,0,1,1,1,0,1,0,0,0,1,1,0,0,1,8
CCC,2014J,556788,0,North Region,Lower Than A Level,,35-55,1,480,0,Withdrawn,11,1,0,1,0,0,0,0,1,0,1,0,1,1,0,6
CCC,2014J,556824,0,Scotland,HE Qualification,70-80%,35-55,0,60,0,Distinction,12,1,1,0,0,0,0,1,1,1,0,1,0,1,1,7
CCC,2014J,557608,1,South East Region,A Level or Equivalent,40-50%,0-35,0,90,0,Withdrawn,2,1,1,0,0,0,1,1,0,1,0,1,0,1,0,2
CCC,2014J,557650,0,London Region,Lower Than A Level,30-40%,35-55,0,30,0,Pass,6,1,1,0,0,1,0,1,0,0,1,0,0,0,1,9
CCC,2014J,557700,0,North Region,Post Graduate Qualification,,0-35,1,30,0,Pass,14,1,0,0,1,1,0,1,1,1,1,1,1,1,0,5
CCC,2014J,557959,0,Yorkshire Region,HE Qualification,20-Oct,35-55,0,60,0,Pass,8,1,1,1,1,1,0,1,0,0,0,0,1,0,1,3
CCC,2014J,558440,1,South West Region,Lower Than A Level,20-30%,0-35,0,120,1,Withdrawn,3,0,1,0,0,0,1,0,0,1,0,0,0,1,0,8
CCC,2014J,558463,0,South Region,Lower Than A Level,70-80%,0-35,0,30,0,Pass,8,0,1,0,1,1,1,0,1,1,1,1,1,1,0,3
CCC,2014J,558839,0,Scotland,A Level or Equivalent,80-90%,0-35,0,30,0,Pass,6,1,0,1,1,1,0,1,1,1,0,1,0,0,0,9
CCC,2014J,559225,0,Scotland,A Level or Equivalent,90-100%,0-35,0,60,0,Fail,10,0,0,0,1,0,0,1,0,1,1,0,1,1,0,1
CCC,2014J,559518,0,East Anglian Region,Lower Than A Level,20-Oct,0-35,0,30,0,Fail,9,0,0,0,0,0,0,0,1,0,1,0,0,0,0,4
CCC,2014J,559672,0,North Region,A Level or Equivalent,20-30%,0-35,0,60,0,Withdrawn,16,1,1,0,1,1,0,0,1,0,1,0,1,1,1,10
CCC,2014J,559863,0,Ireland,Lower Than A Level,,35-55,0,30,0,Distinction,5,0,1,1,1,1,1,0,1,0,1,0,0,1,1,9
CCC,2014J,559912,0,East Midlands Region,Lower Than A Level,50-60%,0-35,1,60,0,Withdrawn,5,1,1,0,0,1,0,0,1,0,1,1,0,0,1,9
CCC,2014J,560064,0,South West Region,Lower Than A Level,30-40%,35-55,0,30,0,Fail,9,0,1,1,0,1,1,1,1,0,0,0,1,1,1,4
CCC,2014J,560065,0,East Anglian Region,A Level or Equivalent,50-60%,0-35,0,60,0,Pass,14,1,0,1,0,0,0,1,1,0,0,1,1,1,1,5
CCC,2014J,560399,0,South Region,HE Qualification,70-80%,35-55,0,90,0,Withdrawn,10,1,0,1,1,0,0,0,1,1,1,1,0,0,0,1
CCC,2014J,560554,0,North Western Region,A Level or Equivalent,20-Oct,0-35,0,30,0,Fail,1,0,0,1,0,1,0,0,1,0,0,0,1,0,0,2
CCC,2014J,560723,0,Scotland,Lower Than A Level,70-80%,0-35,0,30,0,Withdrawn,8,0,0,1,0,1,0,1,0,0,1,1,1,1,1,3
CCC,2014J,560784,0,South Region,Lower Than A Level,80-90%,0-35,1,30,0,Fail,3,0,0,1,0,1,1,1,0,0,0,1,1,1,0,8
CCC,2014J,560879,1,North Western Region,A Level or Equivalent,50-60%,0-35,0,60,0,Pass,14,0,0,0,1,0,0,1,0,1,1,1,0,0,0,5
CCC,2014J,561009,1,Scotland,A Level or Equivalent,0-10%,0-35,0,120,1,Pass,11,0,0,0,1,0,1,1,0,0,0,1,0,0,0,6
CCC,2014J,561113,1,West Midlands Region,Lower Than A Level,20-30%,0-35,0,120,0,Withdrawn,13,1,1,0,0,0,0,1,0,1,0,0,0,0,1,5
CCC,2014J,561195,0,Scotland,Lower Than A Level,50-60%,35-55,0,60,0,Pass,13,1,1,0,1,1,1,1,0,1,1,1,0,0,0,5
CCC,2014J,561208,0,East Anglian Region,A Level or Equivalent,60-70%,0-35,0,60,0,Pass,2,1,0,1,1,1,0,1,1,0,1,1,1,1,1,2
CCC,2014J,561476,0,East Anglian Region,Lower Than A Level,70-80%,0-35,0,30,0,Pass,15,0,1,1,0,0,0,0,0,0,0,0,1,0,0,10
CCC,2014J,561560,0,East Midlands Region,Lower Than A Level,90-100%,0-35,0,120,0,Fail,1,0,0,1,1,0,1,1,1,0,0,0,1,1,1,2
CCC,2014J,561826,1,London Region,HE Qualification,0-10%,0-35,0,30,0,Pass,2,0,1,1,0,0,0,0,0,1,1,1,0,0,0,2
CCC,2014J,561848,0,London Region,A Level or Equivalent,40-50%,0-35,0,120,0,Fail,6,0,0,1,0,1,1,0,1,1,0,1,0,0,1,9
CCC,2014J,561913,0,Scotland,HE Qualification,0-10%,35-55,0,60,0,Pass,3,1,0,1,0,1,0,0,1,1,0,0,1,1,1,8
CCC,2014J,562437,0,South East Region,A Level or Equivalent,50-60%,0-35,0,60,0,Withdrawn,2,1,0,1,0,0,1,0,0,0,1,1,1,0,0,2
CCC,2014J,562884,1,Yorkshire Region,HE Qualification,0-10%,35-55,0,60,0,Pass,6,1,1,0,0,1,0,1,1,0,0,1,1,0,0,9
CCC,2014J,563016,0,Yorkshire Region,HE Qualification,80-90%,55<=,0,60,0,Pass,14,1,0,1,1,1,1,1,0,0,1,0,1,0,1,5
CCC,2014J,563051,0,Ireland,A Level or Equivalent,20-Oct,0-35,0,60,0,Pass,7,0,1,1,0,1,0,0,0,0,0,1,0,0,0,3
CCC,2014J,563230,0,Yorkshire Region,HE Qualification,90-100%,0-35,0,90,0,Withdrawn,12,1,1,0,0,1,0,0,0,0,1,1,0,1,1,7
CCC,2014J,563321,0,South Region,HE Qualification,70-80%,0-35,0,60,0,Pass,6,0,1,1,0,1,0,1,1,1,0,0,1,1,1,9
CCC,2014J,563430,1,London Region,Lower Than A Level,20-Oct,0-35,0,60,0,Withdrawn,7,1,1,0,0,1,1,0,0,0,1,1,0,1,0,3
CCC,2014J,563920,0,South East Region,Lower Than A Level,50-60%,35-55,0,30,0,Pass,2,1,1,0,1,0,0,1,1,0,0,0,1,1,0,2
CCC,2014J,563951,0,North Western Region,Lower Than A Level,30-40%,35-55,0,150,1,Withdrawn,7,0,0,0,0,0,0,1,1,1,0,1,1,0,1,3
CCC,2014J,563967,0,West Midlands Region,A Level or Equivalent,40-50%,0-35,1,60,0,Withdrawn,12,1,1,0,0,1,0,1,0,0,1,1,0,0,0,7
CCC,2014J,564213,0,London Region,Lower Than A Level,30-40%,0-35,0,60,0,Pass,7,0,1,1,1,0,0,0,1,0,0,0,1,0,1,3
CCC,2014J,564356,1,Yorkshire Region,A Level or Equivalent,60-70%,0-35,0,30,0,Withdrawn,9,1,1,1,0,1,1,0,0,1,1,0,1,0,0,4
CCC,2014J,564649,0,Scotland,A Level or Equivalent,20-Oct,35-55,0,30,0,Fail,9,0,1,1,1,1,1,0,1,1,0,1,0,1,0,4
CCC,2014J,564714,0,East Anglian Region,HE Qualification,90-100%,0-35,0,60,1,Fail,10,1,1,0,0,0,1,0,0,1,0,1,1,0,1,1
CCC,2014J,564931,1,South West Region,Lower Than A Level,50-60%,0-35,0,90,0,Withdrawn,1,0,1,1,1,1,0,1,1,0,1,1,0,0,1,2
CCC,2014J,565066,0,South East Region,Lower Than A Level,90-100%,0-35,0,90,0,Withdrawn,5,1,0,1,0,1,0,0,0,1,0,0,1,1,0,9
CCC,2014J,565109,0,West Midlands Region,Lower Than A Level,20-30%,0-35,0,210,0,Withdrawn,11,1,1,1,1,0,1,0,0,1,1,0,1,0,0,6
CCC,2014J,565605,1,Scotland,Lower Than A Level,40-50%,35-55,0,60,0,Pass,2,0,0,0,0,0,0,0,1,0,1,0,0,1,0,2
CCC,2014J,565707,1,East Midlands Region,Lower Than A Level,20-30%,0-35,0,150,1,Withdrawn,15,1,0,1,1,1,0,0,0,0,1,0,0,1,0,10
CCC,2014J,565743,0,North Western Region,Lower Than A Level,0-10%,35-55,0,120,0,Pass,1,1,1,0,0,1,1,0,0,0,0,1,0,0,1,2
CCC,2014J,565840,0,Wales,A Level or Equivalent,70-80%,0-35,0,210,0,Withdrawn,11,1,0,1,0,0,0,0,0,0,0,0,1,1,1,6
CCC,2014J,565883,0,Scotland,Lower Than A Level,20-Oct,0-35,1,30,0,Withdrawn,1,0,1,1,0,1,0,1,0,0,0,0,0,1,0,2
CCC,2014J,566135,0,North Western Region,A Level or Equivalent,70-80%,0-35,0,30,0,Pass,16,1,0,1,1,0,0,0,0,0,1,1,1,0,0,10
CCC,2014J,566447,1,Wales,HE Qualification,80-90%,0-35,0,30,0,Distinction,12,0,0,1,0,1,0,1,1,1,0,0,0,0,1,7
CCC,2014J,566464,0,South Region,A Level or Equivalent,20-Oct,0-35,0,60,0,Pass,8,1,0,0,1,1,1,0,1,1,1,1,0,0,0,3
CCC,2014J,566664,0,London Region,A Level or Equivalent,40-50%,0-35,1,60,0,Withdrawn,1,1,1,1,1,1,1,0,0,1,1,1,0,1,1,2
CCC,2014J,566694,1,South Region,Lower Than A Level,20-30%,0-35,0,90,0,Withdrawn,4,1,1,1,0,0,0,1,0,1,0,0,0,0,1,8
CCC,2014J,566938,0,London Region,Lower Than A Level,40-50%,35-55,0,60,0,Distinction,13,1,0,0,0,1,0,1,0,0,0,1,1,0,0,5
CCC,2014J,566979,0,North Western Region,Lower Than A Level,0-10%,0-35,0,60,0,Pass,8,1,0,1,1,1,0,1,1,1,0,1,0,1,0,3
CCC,2014J,567152,0,London Region,HE Qualification,20-Oct,0-35,0,120,0,Withdrawn,3,0,1,0,1,1,1,1,0,0,1,0,0,0,0,8
CCC,2014J,567304,0,London Region,Lower Than A Level,40-50%,0-35,0,60,0,Pass,13,0,1,1,0,1,1,0,1,1,0,1,0,1,1,5
CCC,2014J,567451,0,North Western Region,Lower Than A Level,90-100%,0-35,0,30,0,Withdrawn,16,0,0,1,1,0,1,0,1,1,1,0,0,0,1,10
CCC,2014J,567597,1,East Anglian Region,A Level or Equivalent,40-50%,0-35,0,90,1,Pass,1,1,1,0,1,0,1,1,0,1,0,0,1,1,1,2
CCC,2014J,567719,1,North Western Region,A Level or Equivalent,0-10%,0-35,0,60,0,Fail,4,1,0,0,1,0,1,1,0,1,0,1,1,1,0,8
CCC,2014J,567888,0,South East Region,HE Qualification,90-100%,55<=,0,60,0,Distinction,7,1,0,0,1,1,1,0,0,1,1,1,0,1,1,3
CCC,2014J,568307,1,North Western Region,Lower Than A Level,30-40%,0-35,0,30,0,Withdrawn,3,0,0,1,1,1,1,1,1,1,1,0,0,0,1,8
CCC,2014J,568596,0,Scotland,A Level or Equivalent,50-60%,0-35,0,60,0,Withdrawn,1,0,1,0,1,1,0,0,0,0,1,0,1,1,0,2
CCC,2014J,568691,1,London Region,A Level or Equivalent,0-10%,35-55,0,60,0,Distinction,1,0,1,0,0,0,0,1,1,1,0,1,1,0,1,2
CCC,2014J,568948,0,North Western Region,A Level or Equivalent,30-40%,0-35,0,90,0,Distinction,2,0,1,1,0,1,1,1,1,0,1,0,0,1,0,2
CCC,2014J,569049,1,Scotland,A Level or Equivalent,30-40%,0-35,0,150,0,Withdrawn,13,0,1,0,1,1,1,0,0,0,0,0,0,1,0,5
CCC,2014J,569132,0,South East Region,Lower Than A Level,80-90%,0-35,0,60,0,Withdrawn,3,0,1,0,1,0,1,0,1,0,1,1,1,1,0,8
CCC,2014J,569277,0,East Midlands Region,Lower Than A Level,90-100%,0-35,0,60,0,Pass,9,1,1,0,0,0,0,0,1,1,1,1,1,0,0,4
CCC,2014J,569625,0,Scotland,A Level or Equivalent,60-70%,35-55,0,60,0,Fail,9,0,1,1,1,1,0,1,1,1,1,1,0,1,1,4
CCC,2014J,569944,0,Yorkshire Region,No Formal quals,30-40%,0-35,0,90,0,Distinction,3,1,1,0,1,0,0,0,1,0,0,0,0,0,0,8
CCC,2014J,570453,0,North Western Region,A Level or Equivalent,0-10%,0-35,0,60,0,Pass,16,1,1,1,1,0,0,0,1,0,0,1,1,1,1,10
CCC,2014J,570491,0,West Midlands Region,A Level or Equivalent,70-80%,0-35,0,90,0,Pass,13,0,1,1,1,1,0,0,0,1,0,0,0,1,0,5
CCC,2014J,570671,0,Ireland,A Level or Equivalent,90-100%,0-35,1,90,1,Withdrawn,3,0,1,1,0,0,1,1,1,0,0,1,0,1,1,8
CCC,2014J,570717,0,North Western Region,Lower Than A Level,50-60%,35-55,0,90,1,Withdrawn,13,1,1,1,1,1,1,1,0,0,1,1,0,1,1,5
CCC,2014J,570732,0,East Midlands Region,Lower Than A Level,90-100%,0-35,0,60,0,Distinction,1,1,0,0,1,1,0,1,1,1,0,0,1,0,0,2
CCC,2014J,570757,0,Ireland,Post Graduate Qualification,,0-35,0,30,0,Pass,12,1,1,0,0,1,1,0,1,1,0,0,0,0,1,7
CCC,2014J,570895,0,West Midlands Region,Lower Than A Level,30-40%,35-55,0,30,0,Fail,13,0,1,0,0,0,0,0,1,1,1,0,0,1,1,5
CCC,2014J,570954,0,Scotland,Lower Than A Level,20-30%,35-55,1,60,1,Withdrawn,6,0,1,0,1,1,1,0,0,1,1,1,0,1,0,9
CCC,2014J,570985,0,North Western Region,A Level or Equivalent,90-100%,0-35,0,60,0,Pass,15,1,0,1,0,1,0,1,0,1,0,0,1,0,0,10
CCC,2014J,570997,1,East Anglian Region,A Level or Equivalent,50-60%,0-35,0,120,0,Withdrawn,4,1,1,0,0,0,1,0,1,1,0,0,1,0,0,8
CCC,2014J,571131,0,Wales,Lower Than A Level,60-70%,0-35,0,60,0,Pass,2,1,1,1,0,1,0,1,0,0,0,1,1,1,1,2
CCC,2014J,571610,0,South Region,HE Qualification,40-50%,0-35,0,30,0,Withdrawn,9,0,0,0,0,1,1,1,1,1,0,0,0,0,1,4
CCC,2014J,571765,0,South East Region,No Formal quals,20-30%,0-35,0,60,0,Distinction,12,1,0,1,0,1,1,1,0,1,0,0,1,1,0,7
CCC,2014J,571808,0,West Midlands Region,A Level or Equivalent,0-10%,35-55,1,120,0,Distinction,14,0,0,1,1,1,1,0,1,0,0,1,0,1,1,5
CCC,2014J,571833,0,East Midlands Region,Lower Than A Level,80-90%,35-55,0,30,0,Pass,15,0,1,0,1,0,1,0,1,0,0,1,1,0,0,10
CCC,2014J,571921,1,Scotland,HE Qualification,50-60%,35-55,0,60,0,Pass,8,0,1,0,1,1,0,0,1,0,0,1,0,1,1,3
CCC,2014J,571950,0,North Western Region,No Formal quals,0-10%,35-55,0,270,0,Withdrawn,14,1,1,1,1,1,0,0,0,0,1,1,1,1,1,5
CCC,2014J,571962,0,Ireland,Lower Than A Level,0-10%,35-55,0,60,0,Fail,2,1,0,1,1,1,0,1,1,1,0,1,0,0,1,2
CCC,2014J,572011,0,North Western Region,A Level or Equivalent,20-30%,0-35,0,60,0,Fail,7,0,1,1,1,0,0,1,1,1,0,1,0,0,1,3
CCC,2014J,572098,1,London Region,A Level or Equivalent,50-60%,35-55,0,60,0,Pass,15,0,1,1,0,0,1,0,1,0,1,1,1,0,0,10
CCC,2014J,572154,0,Scotland,HE Qualification,40-50%,0-35,1,60,0,Withdrawn,11,0,1,0,0,1,1,0,1,1,0,0,1,1,0,6
CCC,2014J,572231,1,Scotland,Lower Than A Level,40-50%,0-35,0,60,1,Pass,14,1,0,1,1,0,1,1,0,0,0,0,0,0,1,5
CCC,2014J,572250,0,East Anglian Region,A Level or Equivalent,90-100%,0-35,0,90,0,Withdrawn,3,0,1,1,0,1,1,1,0,0,1,1,1,0,0,8
CCC,2014J,572339,0,North Western Region,A Level or Equivalent,50-60%,35-55,0,30,0,Withdrawn,9,0,1,0,0,1,1,1,1,0,0,0,0,1,1,4
CCC,2014J,572396,0,South West Region,Lower Than A Level,60-70%,0-35,0,120,0,Distinction,11,0,1,1,1,1,0,1,1,1,1,1,1,0,0,6
CCC,2014J,572431,0,South West Region,A Level or Equivalent,30-40%,0-35,0,90,0,Pass,3,1,1,0,0,1,1,1,0,1,0,1,1,1,0,8
CCC,2014J,572537,0,West Midlands Region,A Level or Equivalent,90-100%,35-55,0,60,0,Distinction,16,0,0,1,0,0,0,0,1,0,1,1,1,0,0,10
CCC,2014J,572584,0,London Region,Lower Than A Level,50-60%,35-55,0,60,0,Withdrawn,6,1,0,0,0,1,1,0,1,1,1,1,1,1,1,9
CCC,2014J,572588,0,South East Region,A Level or Equivalent,50-60%,0-35,0,60,0,Withdrawn,14,1,1,0,0,0,1,0,1,1,0,0,1,0,1,5
CCC,2014J,572589,1,East Midlands Region,Lower Than A Level,50-60%,0-35,0,90,0,Withdrawn,11,1,0,1,0,1,0,0,1,1,0,1,1,1,1,6
CCC,2014J,572599,0,West Midlands Region,Lower Than A Level,20-Oct,0-35,0,60,1,Withdrawn,14,1,0,1,1,0,1,0,0,0,1,0,1,1,0,5
CCC,2014J,572659,0,London Region,Lower Than A Level,40-50%,0-35,0,60,0,Withdrawn,16,0,0,0,1,0,1,0,1,0,0,0,0,0,0,10
CCC,2014J,572735,0,East Anglian Region,Lower Than A Level,60-70%,35-55,0,60,0,Pass,5,0,1,0,1,0,1,1,0,1,0,0,1,1,1,9
CCC,2014J,572746,0,West Midlands Region,Lower Than A Level,0-10%,0-35,0,30,0,Withdrawn,5,1,1,0,0,1,0,0,0,0,0,1,0,1,1,9
CCC,2014J,572754,0,Scotland,A Level or Equivalent,80-90%,0-35,0,90,1,Withdrawn,1,0,0,0,1,0,1,0,1,1,0,1,1,1,0,2
CCC,2014J,572783,0,North Western Region,HE Qualification,80-90%,35-55,0,60,0,Pass,15,1,0,0,0,1,1,0,0,0,1,0,1,1,1,10
CCC,2014J,572816,0,East Midlands Region,Lower Than A Level,30-40%,0-35,0,90,0,Withdrawn,4,0,1,1,1,1,1,0,1,1,1,1,0,1,1,8
CCC,2014J,572874,0,London Region,Lower Than A Level,20-Oct,0-35,0,90,0,Pass,12,1,0,1,1,0,0,0,1,0,1,0,0,0,0,7
CCC,2014J,572919,1,East Midlands Region,No Formal quals,0-10%,0-35,0,60,0,Pass,7,0,1,1,1,1,1,0,0,0,1,0,0,0,0,3
CCC,2014J,573093,0,South East Region,A Level or Equivalent,70-80%,35-55,0,60,0,Withdrawn,4,1,1,0,0,1,0,1,0,1,0,0,1,0,1,8
CCC,2014J,573153,0,Yorkshire Region,Lower Than A Level,0-10%,0-35,1,120,0,Withdrawn,8,1,1,1,1,0,0,0,0,1,1,1,0,0,0,3
CCC,2014J,573473,0,South Region,Lower Than A Level,20-Oct,0-35,0,60,0,Withdrawn,12,0,0,0,1,0,1,1,1,1,1,0,1,1,0,7
CCC,2014J,573481,0,South West Region,A Level or Equivalent,20-Oct,0-35,0,120,0,Withdrawn,8,1,1,0,0,0,0,1,0,1,1,1,0,0,1,3
CCC,2014J,573689,0,East Midlands Region,Lower Than A Level,60-70%,0-35,0,90,0,Withdrawn,9,1,0,1,1,1,1,1,0,0,1,0,0,0,1,4
CCC,2014J,573858,0,South East Region,A Level or Equivalent,0-10%,35-55,0,30,0,Pass,12,0,0,1,1,1,1,0,0,0,1,1,0,1,0,7
CCC,2014J,573920,0,West Midlands Region,A Level or Equivalent,70-80%,0-35,0,30,0,Withdrawn,15,0,0,0,0,0,0,0,1,1,0,0,0,0,0,10
CCC,2014J,573924,0,East Anglian Region,A Level or Equivalent,20-30%,0-35,0,60,0,Pass,13,1,0,1,1,0,1,0,1,1,0,1,0,0,0,5
CCC,2014J,574056,0,West Midlands Region,Lower Than A Level,90-100%,0-35,0,150,0,Withdrawn,16,1,1,1,0,1,0,0,0,0,1,1,0,0,1,10
CCC,2014J,574259,0,South West Region,HE Qualification,80-90%,0-35,0,30,0,Pass,6,0,1,1,0,1,1,0,0,0,1,0,0,0,1,9
CCC,2014J,574310,1,Yorkshire Region,A Level or Equivalent,70-80%,0-35,0,90,0,Distinction,12,0,1,0,0,1,1,1,0,0,1,0,1,0,1,7
CCC,2014J,574325,0,East Anglian Region,HE Qualification,70-80%,0-35,0,30,0,Fail,10,1,1,1,0,1,1,0,1,0,0,1,1,0,1,1
CCC,2014J,574507,0,West Midlands Region,Lower Than A Level,90-100%,0-35,0,30,0,Withdrawn,4,0,1,0,0,0,1,0,1,0,1,1,0,0,1,8
CCC,2014J,574508,0,North Western Region,HE Qualification,70-80%,35-55,0,60,0,Withdrawn,5,1,0,1,0,0,0,1,1,0,0,1,0,0,1,9
CCC,2014J,574523,0,South East Region,A Level or Equivalent,50-60%,0-35,1,60,0,Withdrawn,16,1,1,1,0,0,1,0,1,1,1,1,1,1,0,10
CCC,2014J,574586,0,Ireland,A Level or Equivalent,70-80%,35-55,1,60,0,Withdrawn,13,1,0,1,0,0,1,1,0,1,1,1,0,1,0,5
CCC,2014J,574590,0,South West Region,A Level or Equivalent,70-80%,0-35,0,60,0,Pass,5,0,0,1,0,0,1,1,1,1,0,1,1,0,0,9
CCC,2014J,574637,0,South Region,A Level or Equivalent,70-80%,0-35,0,30,0,Pass,3,1,0,1,1,1,1,0,0,1,1,0,0,1,1,8
CCC,2014J,574705,0,North Region,Lower Than A Level,,0-35,0,60,0,Distinction,7,1,1,1,0,0,1,0,0,0,0,0,0,1,1,3
CCC,2014J,574720,0,North Western Region,A Level or Equivalent,30-40%,0-35,0,60,0,Pass,6,0,1,0,1,0,0,0,0,0,0,0,1,0,0,9
CCC,2014J,574891,1,South Region,A Level or Equivalent,30-40%,0-35,0,90,0,Withdrawn,1,0,0,0,1,0,0,1,1,1,0,0,0,1,1,2
CCC,2014J,574928,1,Yorkshire Region,A Level or Equivalent,0-10%,0-35,0,120,0,Pass,7,0,1,0,0,1,0,1,1,1,1,1,1,0,1,3
CCC,2014J,575039,0,West Midlands Region,A Level or Equivalent,70-80%,35-55,0,60,0,Fail,10,1,1,0,0,1,1,1,1,0,0,0,0,1,0,1
CCC,2014J,575047,0,West Midlands Region,A Level or Equivalent,20-Oct,0-35,0,30,0,Fail,3,0,1,0,0,1,0,0,0,0,0,1,0,1,0,8
CCC,2014J,575162,0,Scotland,HE Qualification,30-40%,0-35,0,60,0,Fail,11,0,0,0,0,0,1,0,0,0,1,1,0,1,1,6
CCC,2014J,575258,0,East Anglian Region,Lower Than A Level,20-30%,35-55,0,120,0,Withdrawn,13,0,1,0,1,0,1,0,0,1,0,1,0,1,0,5
CCC,2014J,575265,0,Yorkshire Region,Lower Than A Level,0-10%,0-35,0,90,0,Withdrawn,13,0,1,1,0,1,0,1,1,1,0,1,0,0,0,5
CCC,2014J,575398,0,North Western Region,Lower Than A Level,50-60%,0-35,0,90,0,Withdrawn,14,0,0,0,0,0,0,1,1,0,1,1,0,0,0,5
CCC,2014J,575553,0,Ireland,A Level or Equivalent,90-100%,0-35,0,60,0,Withdrawn,1,0,1,1,1,1,0,0,1,0,1,0,0,1,0,2
CCC,2014J,575763,0,North Western Region,A Level or Equivalent,20-30%,0-35,0,30,0,Withdrawn,4,1,1,1,0,0,0,0,1,1,0,1,1,0,1,8
CCC,2014J,575766,0,South Region,Lower Than A Level,90-100%,0-35,0,60,0,Pass,7,1,0,1,1,0,0,0,1,1,0,1,1,0,0,3
CCC,2014J,575798,0,South West Region,A Level or Equivalent,40-50%,0-35,0,90,0,Pass,12,1,0,1,1,1,0,1,0,1,0,1,1,1,1,7
CCC,2014J,576233,0,South East Region,A Level or Equivalent,90-100%,0-35,0,60,0,Fail,11,1,1,0,1,0,1,0,1,0,0,0,1,0,1,6
CCC,2014J,576251,0,Ireland,A Level or Equivalent,80-90%,35-55,0,60,0,Distinction,8,1,0,1,1,0,1,1,0,0,0,0,0,0,1,3
CCC,2014J,576433,0,East Anglian Region,A Level or Equivalent,60-70%,0-35,0,30,0,Distinction,9,1,0,0,1,0,1,0,0,0,0,1,1,0,0,4
CCC,2014J,576439,0,East Anglian Region,Lower Than A Level,90-100%,0-35,0,60,0,Pass,5,0,1,1,0,0,0,0,0,1,1,1,0,0,0,9
CCC,2014J,576453,0,Scotland,HE Qualification,80-90%,35-55,0,90,0,Distinction,13,0,1,1,1,0,1,0,0,0,1,0,0,0,0,5
CCC,2014J,576541,1,West Midlands Region,A Level or Equivalent,20-Oct,35-55,0,60,0,Fail,5,0,1,0,0,1,1,1,0,0,1,0,1,1,0,9
CCC,2014J,576568,0,South West Region,A Level or Equivalent,60-70%,0-35,0,60,0,Pass,14,0,0,1,0,1,1,0,0,1,1,1,1,0,0,5
CCC,2014J,576791,0,North Region,HE Qualification,40-50%,0-35,0,30,0,Pass,2,0,0,1,0,0,1,1,0,0,1,0,0,0,0,2
CCC,2014J,576876,0,South East Region,Lower Than A Level,80-90%,0-35,0,120,0,Withdrawn,9,1,0,1,0,0,1,1,0,0,0,1,0,1,1,4
CCC,2014J,577148,0,London Region,A Level or Equivalent,0-10%,0-35,0,60,0,Withdrawn,11,0,1,1,0,0,0,1,1,0,1,0,0,0,0,6
CCC,2014J,577149,0,Wales,A Level or Equivalent,60-70%,0-35,0,90,0,Withdrawn,11,0,0,0,1,1,0,1,1,0,1,0,0,0,0,6
CCC,2014J,577235,0,North Western Region,Lower Than A Level,20-30%,35-55,0,30,0,Fail,6,0,1,0,1,0,1,0,0,1,1,0,1,0,0,9
CCC,2014J,577279,0,East Anglian Region,HE Qualification,60-70%,35-55,0,60,0,Distinction,4,1,1,1,1,0,0,1,1,0,0,1,1,0,1,8
CCC,2014J,577427,0,Scotland,A Level or Equivalent,50-60%,0-35,1,30,0,Fail,12,0,0,1,0,0,1,0,1,1,0,0,0,1,1,7
CCC,2014J,577458,0,South East Region,Lower Than A Level,90-100%,0-35,0,60,0,Fail,3,0,0,0,0,1,1,1,0,1,0,1,1,0,1,8
CCC,2014J,577460,0,North Region,HE Qualification,50-60%,0-35,0,60,0,Withdrawn,8,1,1,0,0,1,1,1,0,1,0,1,0,0,0,3
CCC,2014J,577551,0,North Region,A Level or Equivalent,20-Oct,0-35,0,60,0,Withdrawn,15,0,1,0,0,1,1,0,0,1,0,1,1,1,0,10
CCC,2014J,577566,0,North Region,HE Qualification,20-Oct,0-35,0,90,0,Pass,4,0,0,1,0,1,1,0,0,0,0,1,0,1,1,8
CCC,2014J,578000,0,London Region,Lower Than A Level,30-40%,0-35,0,30,0,Fail,5,1,1,0,0,0,1,1,1,1,0,0,0,1,1,9
CCC,2014J,578026,0,London Region,Lower Than A Level,80-90%,0-35,0,60,0,Withdrawn,12,1,0,0,0,1,0,0,1,0,1,1,1,0,0,7
CCC,2014J,578634,0,South Region,Lower Than A Level,,0-35,0,90,0,Withdrawn,15,1,1,1,1,0,0,0,0,1,1,0,1,0,1,10
CCC,2014J,578815,0,North Region,Post Graduate Qualification,,35-55,0,150,0,Pass,2,1,0,0,1,1,1,1,1,0,1,1,1,1,0,2
CCC,2014J,578820,0,South Region,A Level or Equivalent,70-80%,0-35,0,60,0,Withdrawn,14,0,1,1,1,1,0,1,0,0,0,1,1,0,1,5
CCC,2014J,578823,0,East Anglian Region,A Level or Equivalent,70-80%,0-35,1,30,0,Withdrawn,16,0,0,0,1,0,0,0,0,0,1,0,1,0,0,10
CCC,2014J,579052,0,North Region,A Level or Equivalent,40-50%,35-55,0,60,0,Withdrawn,13,0,0,0,1,1,1,0,1,1,1,1,0,0,0,5
CCC,2014J,579176,1,Scotland,HE Qualification,40-50%,35-55,0,60,0,Withdrawn,7,1,0,0,0,0,1,0,1,0,0,1,0,1,0,3
CCC,2014J,579278,0,South West Region,Lower Than A Level,30-40%,0-35,0,60,0,Withdrawn,8,0,0,0,1,0,0,0,1,0,1,1,0,1,1,3
CCC,2014J,579283,0,South Region,Lower Than A Level,,0-35,0,90,0,Withdrawn,1,0,1,0,1,0,0,0,1,0,0,1,0,1,0,2
CCC,2014J,579325,0,North Western Region,Lower Than A Level,0-10%,0-35,0,90,0,Withdrawn,10,0,0,1,0,0,1,1,0,0,0,1,1,1,1,1
CCC,2014J,579362,1,North Region,Lower Than A Level,50-60%,0-35,0,60,0,Withdrawn,1,0,1,1,1,1,0,0,0,0,1,1,1,0,1,2
CCC,2014J,579583,0,South West Region,Lower Than A Level,40-50%,0-35,0,30,0,Pass,5,0,1,0,0,0,1,1,1,1,1,1,1,0,1,9
CCC,2014J,579614,0,North Region,Lower Than A Level,20-Oct,0-35,0,60,0,Pass,1,1,1,0,0,1,1,1,0,0,1,0,0,1,0,2
CCC,2014J,580342,0,East Midlands Region,Lower Than A Level,30-40%,0-35,0,60,0,Pass,10,0,1,1,1,1,0,1,1,0,1,1,0,1,1,1
CCC,2014J,580384,0,Scotland,Post Graduate Qualification,20-30%,35-55,0,60,0,Distinction,10,0,1,1,0,1,1,1,1,1,0,0,1,0,1,1
CCC,2014J,580657,0,East Anglian Region,A Level or Equivalent,70-80%,0-35,0,90,0,Withdrawn,7,1,0,1,1,1,1,1,0,0,1,0,0,0,1,3
CCC,2014J,580709,0,South Region,A Level or Equivalent,20-Oct,0-35,0,60,0,Withdrawn,16,1,0,0,1,0,1,1,1,0,0,1,0,1,0,10
CCC,2014J,580714,0,Yorkshire Region,A Level or Equivalent,60-70%,0-35,0,60,0,Pass,11,1,0,0,1,1,0,1,1,0,1,0,1,0,1,6
CCC,2014J,580722,0,South Region,A Level or Equivalent,90-100%,0-35,1,60,1,Withdrawn,2,0,1,1,0,0,1,0,0,0,1,1,1,0,0,2
CCC,2014J,580798,0,South West Region,Lower Than A Level,60-70%,0-35,0,60,0,Pass,9,0,1,1,1,1,1,0,0,1,0,1,1,1,1,4
CCC,2014J,580845,0,Scotland,HE Qualification,30-40%,0-35,0,120,0,Pass,14,1,1,1,1,0,0,0,1,0,0,0,0,0,0,5
CCC,2014J,580916,1,North Region,A Level or Equivalent,50-60%,35-55,0,30,0,Pass,3,0,1,1,1,0,1,0,1,1,1,1,0,0,0,8
CCC,2014J,581123,0,West Midlands Region,A Level or Equivalent,70-80%,0-35,1,30,0,Pass,3,0,0,0,0,1,1,0,0,1,1,1,0,1,1,8
CCC,2014J,581179,0,South East Region,Lower Than A Level,30-40%,0-35,0,60,0,Pass,1,0,0,1,0,0,0,0,1,1,0,1,1,0,1,2
CCC,2014J,581247,0,Scotland,A Level or Equivalent,20-30%,35-55,0,30,0,Pass,10,0,1,0,0,0,0,0,1,1,0,1,0,0,1,1
CCC,2014J,581288,0,North Western Region,HE Qualification,90-100%,35-55,0,90,0,Withdrawn,16,1,0,0,1,1,0,1,1,0,0,0,0,1,1,10
CCC,2014J,581316,1,Scotland,A Level or Equivalent,50-60%,35-55,0,60,0,Pass,2,0,0,1,1,1,1,0,1,0,0,1,0,0,0,2
CCC,2014J,581410,0,South East Region,A Level or Equivalent,50-60%,0-35,0,90,1,Withdrawn,16,1,0,0,0,0,1,1,0,0,0,0,0,0,1,10
CCC,2014J,581552,0,London Region,A Level or Equivalent,30-40%,0-35,0,90,0,Pass,4,0,0,0,0,1,0,0,0,0,0,0,1,1,0,8
CCC,2014J,581656,0,South West Region,A Level or Equivalent,60-70%,0-35,0,60,1,Pass,15,1,1,1,0,1,0,1,1,1,0,1,0,0,1,10
CCC,2014J,581676,0,West Midlands Region,Lower Than A Level,60-70%,35-55,0,60,0,Fail,12,0,0,1,1,0,0,0,0,1,0,1,1,0,1,7
CCC,2014J,581708,0,Yorkshire Region,A Level or Equivalent,20-30%,0-35,0,30,0,Withdrawn,12,0,0,1,0,1,1,0,0,1,0,0,0,0,1,7
CCC,2014J,581770,0,East Anglian Region,A Level or Equivalent,30-40%,0-35,0,90,0,Withdrawn,11,1,1,1,0,0,0,1,0,0,0,0,0,0,0,6
CCC,2014J,581914,0,Scotland,HE Qualification,0-10%,0-35,0,90,0,Withdrawn,4,1,1,1,0,0,0,0,0,1,1,1,0,1,1,8
CCC,2014J,582320,1,South Region,A Level or Equivalent,50-60%,0-35,0,60,0,Pass,6,0,1,1,1,0,1,1,1,1,1,0,1,0,0,9
CCC,2014J,582340,0,North Region,Lower Than A Level,20-Oct,0-35,0,60,0,Withdrawn,1,0,0,1,0,0,1,1,0,1,1,1,0,0,0,2
CCC,2014J,582395,0,Wales,Lower Than A Level,40-50%,0-35,1,120,0,Withdrawn,6,0,0,1,0,0,0,1,1,0,1,0,1,1,1,9
CCC,2014J,582514,0,West Midlands Region,A Level or Equivalent,60-70%,35-55,0,30,0,Withdrawn,4,0,0,1,0,1,1,1,0,1,1,0,1,0,0,8
CCC,2014J,582530,0,North Western Region,HE Qualification,0-10%,35-55,0,150,0,Fail,7,1,0,1,1,1,0,1,1,1,0,0,1,1,0,3
CCC,2014J,582550,1,North Western Region,A Level or Equivalent,20-Oct,35-55,0,60,1,Pass,1,1,1,0,1,0,0,1,1,1,1,0,0,1,0,2
CCC,2014J,582651,0,East Anglian Region,HE Qualification,60-70%,35-55,0,60,0,Withdrawn,9,1,0,0,0,0,0,1,0,1,1,1,1,1,1,4
CCC,2014J,582723,0,North Region,Lower Than A Level,20-Oct,35-55,1,30,0,Withdrawn,1,1,0,1,1,1,0,1,0,0,0,1,0,0,0,2
CCC,2014J,583288,1,London Region,A Level or Equivalent,0-10%,0-35,0,120,0,Withdrawn,6,1,1,1,0,0,1,0,0,0,0,0,1,1,1,9
CCC,2014J,583293,0,Wales,A Level or Equivalent,30-40%,0-35,0,60,0,Distinction,4,1,1,1,1,0,0,1,0,0,0,1,0,0,1,8
CCC,2014J,583704,1,London Region,A Level or Equivalent,60-70%,0-35,0,90,0,Pass,8,1,1,0,1,1,0,1,0,0,1,1,0,1,0,3
CCC,2014J,583993,0,South Region,A Level or Equivalent,80-90%,0-35,0,60,1,Fail,13,0,0,1,1,1,1,1,0,0,1,0,0,1,0,5
CCC,2014J,584077,0,North Western Region,A Level or Equivalent,20-30%,0-35,1,90,0,Withdrawn,5,1,0,0,1,0,0,1,1,0,0,0,0,1,1,9
CCC,2014J,584281,1,West Midlands Region,A Level or Equivalent,0-10%,35-55,0,90,0,Fail,16,0,0,1,0,1,0,0,1,1,1,0,1,0,0,10
CCC,2014J,584386,0,East Midlands Region,A Level or Equivalent,30-40%,0-35,0,30,0,Fail,6,0,1,0,0,1,1,0,0,1,1,1,1,0,1,9
CCC,2014J,584414,0,Wales,A Level or Equivalent,50-60%,35-55,0,30,0,Withdrawn,15,0,0,1,1,1,0,0,1,1,0,0,0,0,1,10
CCC,2014J,584443,1,Scotland,Lower Than A Level,70-80%,0-35,0,150,1,Withdrawn,7,0,0,0,0,0,1,1,1,1,1,1,1,0,0,3
CCC,2014J,584553,0,North Western Region,A Level or Equivalent,50-60%,35-55,0,60,0,Withdrawn,8,1,0,0,1,0,1,1,0,1,1,1,1,0,1,3
CCC,2014J,584711,0,London Region,HE Qualification,20-Oct,35-55,0,60,0,Withdrawn,16,0,0,1,1,0,0,0,1,1,1,1,0,0,1,10
CCC,2014J,584771,0,Scotland,HE Qualification,20-30%,35-55,1,60,0,Pass,6,1,0,0,0,0,1,1,1,0,1,1,1,0,0,9
CCC,2014J,584926,0,London Region,A Level or Equivalent,50-60%,0-35,0,30,0,Pass,14,1,1,1,1,0,1,0,1,0,1,0,1,1,1,5
CCC,2014J,585098,0,West Midlands Region,A Level or Equivalent,90-100%,0-35,0,30,0,Pass,1,1,1,1,1,1,0,1,1,1,0,0,0,0,0,2
CCC,2014J,585134,0,Wales,HE Qualification,30-40%,35-55,0,60,0,Pass,10,1,0,1,1,0,0,1,0,1,1,1,1,0,1,1
CCC,2014J,585154,0,London Region,A Level or Equivalent,30-40%,35-55,0,60,0,Pass,3,0,0,0,1,0,1,1,0,1,0,1,1,1,0,8
CCC,2014J,585222,1,West Midlands Region,A Level or Equivalent,30-40%,0-35,0,30,0,Fail,15,0,0,0,1,1,1,1,1,0,0,1,0,1,1,10
CCC,2014J,585359,1,London Region,A Level or Equivalent,20-Oct,0-35,0,60,0,Pass,13,0,0,1,0,0,0,1,1,1,0,1,0,0,1,5
CCC,2014J,585422,0,London Region,A Level or Equivalent,30-40%,0-35,0,60,0,Withdrawn,5,1,1,1,1,1,0,0,0,0,0,1,0,1,0,9
CCC,2014J,585433,0,Scotland,HE Qualification,80-90%,0-35,1,60,0,Withdrawn,12,0,0,1,1,0,1,1,1,0,1,0,1,0,0,7
CCC,2014J,585526,0,North Western Region,Lower Than A Level,50-60%,0-35,0,150,0,Withdrawn,9,0,1,0,1,0,1,0,0,0,1,1,0,1,1,4
CCC,2014J,585643,0,North Western Region,A Level or Equivalent,30-40%,0-35,0,90,0,Withdrawn,10,0,1,0,1,0,0,0,1,0,1,1,1,1,0,1
CCC,2014J,585662,0,North Western Region,A Level or Equivalent,80-90%,0-35,0,120,0,Withdrawn,7,0,1,1,1,0,1,1,0,1,1,0,1,0,0,3
CCC,2014J,585769,1,Scotland,Post Graduate Qualification,50-60%,0-35,1,60,0,Withdrawn,1,0,0,0,1,1,1,1,0,0,0,0,1,1,0,2
CCC,2014J,585812,0,South Region,Lower Than A Level,60-70%,0-35,0,90,0,Fail,9,1,1,1,1,0,1,1,0,1,1,0,1,0,0,4
CCC,2014J,585911,1,South Region,A Level or Equivalent,50-60%,35-55,0,60,0,Withdrawn,11,1,1,1,1,0,0,1,0,0,0,0,1,1,1,6
CCC,2014J,586046,0,West Midlands Region,HE Qualification,20-30%,35-55,0,30,0,Fail,15,0,1,0,0,0,0,1,1,0,0,1,0,0,1,10
CCC,2014J,586047,0,West Midlands Region,A Level or Equivalent,80-90%,0-35,0,30,0,Fail,11,0,1,1,0,0,0,1,1,1,0,0,0,0,0,6
CCC,2014J,586088,1,Scotland,A Level or Equivalent,30-40%,35-55,0,90,0,Pass,3,0,0,0,1,0,1,0,0,1,0,0,0,1,0,8
CCC,2014J,586227,0,East Anglian Region,Lower Than A Level,90-100%,35-55,0,60,0,Withdrawn,4,0,0,0,1,0,0,0,1,1,1,1,0,0,1,8
CCC,2014J,586233,0,East Anglian Region,Lower Than A Level,50-60%,0-35,0,90,1,Withdrawn,9,0,0,0,1,1,1,0,0,0,1,0,1,0,1,4
CCC,2014J,586261,0,London Region,Lower Than A Level,70-80%,35-55,0,60,0,Pass,1,1,1,0,0,1,1,0,1,1,0,1,1,0,0,2
CCC,2014J,586476,1,South East Region,A Level or Equivalent,50-60%,0-35,1,90,0,Pass,2,1,0,1,0,1,1,1,0,1,0,1,1,1,0,2
CCC,2014J,586497,0,East Midlands Region,A Level or Equivalent,90-100%,0-35,0,60,0,Distinction,6,0,0,1,1,0,0,0,0,0,0,0,1,0,0,9
CCC,2014J,586526,0,South Region,A Level or Equivalent,90-100%,0-35,1,60,0,Withdrawn,1,1,0,1,1,1,1,0,0,1,0,0,0,1,1,2
CCC,2014J,586550,0,London Region,HE Qualification,0-10%,0-35,0,120,0,Withdrawn,16,1,0,1,1,1,0,0,1,1,1,0,0,1,1,10
CCC,2014J,586594,0,East Anglian Region,A Level or Equivalent,60-70%,35-55,0,90,0,Pass,10,1,1,0,0,0,1,1,0,0,1,0,1,1,1,1
CCC,2014J,586668,0,South Region,A Level or Equivalent,70-80%,0-35,0,30,0,Pass,6,0,1,1,0,0,0,1,1,1,1,0,1,1,1,9
CCC,2014J,586750,0,Ireland,Lower Than A Level,,35-55,0,30,0,Fail,8,1,0,1,0,0,0,0,1,1,1,1,1,0,0,3
CCC,2014J,586762,0,Yorkshire Region,Lower Than A Level,0-10%,0-35,0,60,0,Pass,13,0,0,1,1,0,1,0,1,0,1,0,0,1,0,5
CCC,2014J,586781,0,South Region,HE Qualification,50-60%,35-55,0,60,0,Distinction,5,0,1,0,1,0,0,0,1,1,1,1,1,1,0,9
CCC,2014J,586808,0,West Midlands Region,Lower Than A Level,0-10%,0-35,0,60,0,Pass,4,1,0,1,1,1,1,0,1,0,0,1,1,0,0,8
CCC,2014J,586838,0,East Midlands Region,Lower Than A Level,90-100%,0-35,0,30,0,Pass,12,1,0,0,1,1,1,0,1,1,0,0,0,1,1,7
CCC,2014J,586921,0,East Anglian Region,Lower Than A Level,80-90%,0-35,1,60,0,Withdrawn,4,1,1,0,0,0,1,1,1,1,1,0,0,1,0,8
CCC,2014J,587008,0,South Region,A Level or Equivalent,70-80%,0-35,0,60,0,Pass,8,0,0,1,1,1,0,0,0,0,1,1,1,0,1,3
CCC,2014J,587082,0,South West Region,Lower Than A Level,70-80%,0-35,0,60,0,Fail,10,0,0,1,1,1,1,1,1,1,1,1,0,0,1,1
CCC,2014J,587122,0,Scotland,Lower Than A Level,60-70%,35-55,1,60,0,Withdrawn,8,1,0,1,1,0,0,0,0,1,0,0,0,0,1,3
CCC,2014J,587195,0,South West Region,Lower Than A Level,30-40%,0-35,0,30,1,Withdrawn,13,0,0,0,0,1,1,0,1,0,1,0,1,1,1,5
CCC,2014J,587244,1,South West Region,Lower Than A Level,30-40%,35-55,0,180,0,Fail,8,1,0,0,1,1,1,1,1,0,1,1,0,0,1,3
CCC,2014J,587377,0,East Midlands Region,A Level or Equivalent,80-90%,0-35,0,30,1,Fail,1,1,0,1,1,0,0,0,1,1,0,1,1,0,0,2
CCC,2014J,587391,0,South West Region,A Level or Equivalent,70-80%,35-55,0,60,0,Distinction,14,0,0,1,0,0,0,1,0,0,1,1,1,1,0,5
CCC,2014J,587547,0,Yorkshire Region,A Level or Equivalent,0-10%,35-55,0,90,0,Withdrawn,12,1,0,1,0,0,1,1,0,1,0,0,0,1,1,7
CCC,2014J,587550,0,West Midlands Region,HE Qualification,90-100%,0-35,0,60,0,Withdrawn,6,1,1,1,1,1,1,0,1,1,0,0,0,0,0,9
CCC,2014J,587641,0,South West Region,A Level or Equivalent,70-80%,0-35,0,30,0,Fail,5,1,1,0,0,0,0,1,1,0,0,1,1,1,0,9
CCC,2014J,587793,1,North Western Region,Lower Than A Level,50-60%,0-35,0,90,0,Withdrawn,10,1,1,1,1,0,0,0,1,1,1,1,0,1,0,1
CCC,2014J,587881,0,London Region,A Level or Equivalent,20-30%,0-35,0,60,0,Fail,7,1,0,0,1,1,1,1,0,0,0,0,0,1,0,3
CCC,2014J,587900,1,Yorkshire Region,A Level or Equivalent,0-10%,0-35,0,60,0,Withdrawn,16,1,0,0,1,0,0,1,0,0,1,1,1,1,1,10
CCC,2014J,588033,0,Yorkshire Region,A Level or Equivalent,30-40%,0-35,0,30,0,Withdrawn,1,0,1,0,1,0,0,1,0,1,0,1,0,0,1,2
CCC,2014J,588100,0,Scotland,A Level or Equivalent,40-50%,0-35,0,60,0,Pass,5,1,1,1,1,0,1,0,1,1,0,1,0,1,1,9
CCC,2014J,588170,1,South West Region,A Level or Equivalent,20-30%,35-55,0,60,0,Withdrawn,10,1,1,0,0,1,1,1,1,0,1,1,1,0,0,1
CCC,2014J,588178,0,South West Region,A Level or Equivalent,30-40%,35-55,0,60,0,Withdrawn,5,1,0,0,0,0,0,1,1,1,1,0,0,0,0,9
CCC,2014J,588261,0,West Midlands Region,HE Qualification,50-60%,35-55,0,120,0,Withdrawn,11,0,0,1,1,1,1,1,0,0,1,1,1,0,1,6
CCC,2014J,588482,0,North Region,A Level or Equivalent,30-40%,0-35,0,60,0,Pass,13,1,1,0,0,1,0,0,0,1,1,1,0,0,1,5
CCC,2014J,588493,0,Scotland,HE Qualification,90-100%,0-35,0,60,0,Fail,3,1,0,0,1,1,1,0,0,0,0,0,0,1,1,8
CCC,2014J,588556,0,Yorkshire Region,A Level or Equivalent,40-50%,0-35,0,60,0,Fail,9,1,0,0,0,0,1,1,1,1,0,1,0,1,0,4
CCC,2014J,588566,0,East Midlands Region,A Level or Equivalent,20-30%,35-55,0,30,0,Fail,13,1,0,0,1,1,0,1,0,0,1,0,0,0,1,5
CCC,2014J,588765,0,South West Region,A Level or Equivalent,60-70%,0-35,0,30,0,Pass,3,1,0,0,0,1,1,0,1,0,1,1,0,0,1,8
CCC,2014J,588824,1,Scotland,HE Qualification,20-30%,0-35,0,60,1,Withdrawn,12,1,0,0,0,1,0,0,1,0,1,0,1,1,0,7
CCC,2014J,588842,0,London Region,A Level or Equivalent,30-40%,0-35,0,120,0,Pass,3,1,1,1,0,0,0,0,1,1,0,0,1,1,1,8
CCC,2014J,589223,0,London Region,A Level or Equivalent,30-40%,0-35,0,30,0,Withdrawn,12,1,0,1,1,1,1,0,1,1,1,0,1,1,0,7
CCC,2014J,589327,0,Scotland,HE Qualification,70-80%,0-35,1,30,0,Withdrawn,15,0,0,1,1,0,0,1,1,1,1,1,0,1,1,10
CCC,2014J,589438,1,South West Region,HE Qualification,30-40%,0-35,0,60,0,Pass,6,0,0,1,0,0,1,0,1,0,0,1,1,0,1,9
CCC,2014J,589441,0,South Region,Lower Than A Level,70-80%,0-35,0,90,0,Withdrawn,16,1,1,1,1,1,1,0,1,0,1,1,0,1,0,10
CCC,2014J,589463,1,South East Region,HE Qualification,80-90%,35-55,0,120,0,Pass,9,1,1,0,1,0,0,1,1,0,1,1,0,0,1,4
CCC,2014J,589523,0,East Anglian Region,Lower Than A Level,80-90%,0-35,0,60,1,Fail,4,0,1,1,1,1,0,1,1,0,1,0,1,0,1,8
CCC,2014J,589565,1,South Region,Lower Than A Level,80-90%,35-55,0,60,0,Distinction,3,1,1,0,1,0,1,1,0,1,0,0,0,1,0,8
CCC,2014J,589634,0,South West Region,A Level or Equivalent,60-70%,0-35,0,90,0,Distinction,13,0,0,1,0,0,1,1,0,0,1,1,1,1,0,5
CCC,2014J,589723,1,South Region,A Level or Equivalent,60-70%,0-35,0,30,0,Withdrawn,3,1,1,0,1,0,0,0,1,0,0,1,1,1,1,8
CCC,2014J,589778,0,South East Region,A Level or Equivalent,20-Oct,0-35,0,30,1,Pass,15,0,1,0,1,0,0,1,0,1,1,0,0,0,0,10
CCC,2014J,589782,0,North Western Region,HE Qualification,30-40%,0-35,0,60,0,Distinction,15,0,1,0,1,0,1,1,1,0,1,1,0,1,1,10
CCC,2014J,589956,0,South Region,Lower Than A Level,,35-55,0,60,0,Distinction,1,1,0,0,1,1,0,1,1,0,0,0,0,0,1,2
CCC,2014J,590397,1,Ireland,A Level or Equivalent,,0-35,0,60,0,Pass,11,1,0,0,0,0,1,1,0,0,1,1,1,0,1,6
CCC,2014J,590519,1,North Western Region,A Level or Equivalent,80-90%,0-35,0,60,0,Fail,4,0,1,0,0,0,1,1,1,1,1,0,0,0,1,8
CCC,2014J,590676,0,South East Region,No Formal quals,20-30%,0-35,0,60,0,Pass,1,1,0,0,0,1,0,1,0,0,0,0,0,0,1,2
CCC,2014J,590886,0,North Western Region,HE Qualification,20-30%,0-35,0,90,0,Withdrawn,13,0,0,1,1,1,0,0,0,1,1,0,1,1,1,5
CCC,2014J,590974,0,Yorkshire Region,Lower Than A Level,60-70%,0-35,1,30,0,Fail,1,1,0,1,1,1,1,0,0,0,1,0,0,0,0,2
CCC,2014J,591083,1,North Region,Lower Than A Level,20-30%,35-55,0,30,0,Fail,16,0,1,0,0,1,1,0,1,0,0,0,0,1,0,10
CCC,2014J,591230,0,London Region,HE Qualification,20-30%,0-35,0,30,0,Pass,1,0,1,0,1,1,0,0,0,0,0,1,0,1,1,2
CCC,2014J,591593,0,South East Region,Lower Than A Level,50-60%,0-35,0,90,1,Withdrawn,10,0,0,1,0,0,1,1,0,1,1,0,0,0,0,1
CCC,2014J,591619,1,South West Region,HE Qualification,90-100%,0-35,1,30,0,Withdrawn,4,0,1,1,0,1,1,1,0,0,0,1,1,1,1,8
CCC,2014J,591655,0,North Region,Lower Than A Level,70-80%,0-35,1,90,0,Fail,11,1,1,0,0,1,1,1,0,0,0,0,0,0,0,6
CCC,2014J,591733,1,South Region,Lower Than A Level,50-60%,0-35,0,60,0,Withdrawn,2,1,0,1,1,1,0,1,0,0,1,0,0,0,0,2
CCC,2014J,591869,0,North Region,HE Qualification,,0-35,0,30,0,Withdrawn,10,0,0,1,0,1,0,1,1,0,1,0,0,0,1,1
CCC,2014J,591891,0,South East Region,A Level or Equivalent,50-60%,35-55,0,60,1,Pass,12,1,0,0,0,1,1,1,1,0,0,0,1,1,0,7
CCC,2014J,592051,0,Scotland,HE Qualification,50-60%,35-55,1,90,1,Pass,15,0,1,0,0,0,0,0,1,1,0,0,0,0,1,10
CCC,2014J,592093,0,West Midlands Region,Lower Than A Level,20-30%,0-35,1,60,0,Pass,16,1,1,0,0,1,1,0,1,1,1,1,0,1,0,10
CCC,2014J,592124,0,Wales,Lower Than A Level,60-70%,0-35,0,30,0,Withdrawn,5,1,1,0,0,1,1,0,1,1,0,1,0,1,0,9
CCC,2014J,592259,0,Yorkshire Region,A Level or Equivalent,80-90%,0-35,1,90,0,Withdrawn,8,0,0,1,1,0,0,0,1,0,0,1,1,0,1,3
CCC,2014J,592310,1,North Western Region,HE Qualification,50-60%,35-55,0,30,0,Distinction,14,1,1,0,1,0,0,1,1,0,0,1,1,1,0,5
CCC,2014J,592338,1,South Region,A Level or Equivalent,70-80%,0-35,0,60,0,Pass,14,0,0,0,1,1,1,0,0,0,0,1,1,0,1,5
CCC,2014J,592372,0,Yorkshire Region,Lower Than A Level,20-30%,35-55,0,30,0,Fail,15,1,0,0,1,1,1,1,1,1,0,1,1,0,1,10
CCC,2014J,592494,1,West Midlands Region,A Level or Equivalent,0-10%,0-35,0,30,0,Pass,13,1,0,1,0,1,0,1,0,1,0,0,0,1,1,5
CCC,2014J,592625,0,Wales,A Level or Equivalent,40-50%,0-35,0,90,0,Pass,8,1,1,0,1,1,1,1,1,1,1,0,1,0,1,3
CCC,2014J,592657,1,London Region,Lower Than A Level,20-Oct,35-55,0,120,1,Withdrawn,16,1,0,1,0,0,1,0,0,1,1,0,1,0,1,10
CCC,2014J,592731,0,East Anglian Region,Lower Than A Level,60-70%,35-55,0,30,0,Withdrawn,2,1,0,1,0,1,1,0,0,1,0,1,1,1,1,2
CCC,2014J,592787,0,East Midlands Region,Lower Than A Level,90-100%,35-55,0,30,0,Withdrawn,5,0,1,0,0,1,0,1,0,1,1,0,1,0,1,9
CCC,2014J,592805,0,Yorkshire Region,A Level or Equivalent,20-Oct,0-35,0,30,0,Withdrawn,7,0,1,1,0,1,1,1,0,1,1,1,1,1,1,3
CCC,2014J,592950,1,South East Region,A Level or Equivalent,60-70%,35-55,0,60,1,Withdrawn,5,1,0,1,0,1,1,1,0,0,1,1,0,1,1,9
CCC,2014J,592951,1,Wales,Lower Than A Level,50-60%,0-35,0,120,0,Withdrawn,1,1,1,0,1,0,0,0,0,1,1,1,1,1,1,2
CCC,2014J,592997,0,London Region,HE Qualification,40-50%,35-55,0,30,0,Fail,12,1,0,1,1,1,0,0,1,1,0,1,1,0,0,7
CCC,2014J,593022,0,North Western Region,A Level or Equivalent,80-90%,0-35,0,60,0,Pass,5,0,0,0,1,1,1,0,0,1,0,1,0,0,0,9
CCC,2014J,593607,0,East Midlands Region,A Level or Equivalent,30-40%,0-35,0,30,0,Withdrawn,13,1,0,0,0,1,0,1,0,0,1,0,1,1,1,5
CCC,2014J,593657,0,East Anglian Region,Lower Than A Level,20-30%,0-35,0,30,0,Distinction,16,0,0,1,1,1,0,1,1,0,0,1,0,0,0,10
CCC,2014J,594052,0,North Western Region,A Level or Equivalent,80-90%,0-35,1,30,0,Withdrawn,3,1,0,1,0,0,1,1,1,0,1,1,0,0,0,8
CCC,2014J,594214,0,Scotland,Lower Than A Level,20-30%,35-55,0,60,0,Withdrawn,8,1,0,0,0,1,1,1,1,1,1,1,0,1,1,3
CCC,2014J,594319,0,Scotland,HE Qualification,30-40%,0-35,0,120,0,Withdrawn,5,1,1,0,1,1,1,1,1,0,0,1,0,1,0,9
CCC,2014J,594326,0,West Midlands Region,A Level or Equivalent,60-70%,0-35,1,60,0,Pass,9,1,0,1,1,1,0,0,1,1,0,0,1,1,0,4
CCC,2014J,594399,0,Scotland,Lower Than A Level,60-70%,0-35,0,60,0,Withdrawn,11,1,1,1,1,0,1,1,0,0,0,0,1,1,0,6
CCC,2014J,594419,1,North Western Region,Lower Than A Level,40-50%,0-35,1,60,0,Pass,8,0,1,1,0,0,0,1,1,1,1,1,1,1,0,3
CCC,2014J,594627,0,North Western Region,A Level or Equivalent,30-40%,0-35,0,120,0,Withdrawn,6,0,1,0,0,1,0,0,0,0,1,0,1,1,0,9
CCC,2014J,594909,0,North Western Region,A Level or Equivalent,40-50%,0-35,0,30,0,Pass,16,0,0,1,1,1,1,0,1,1,1,0,1,0,0,10
CCC,2014J,595106,0,South West Region,A Level or Equivalent,50-60%,0-35,0,60,0,Distinction,14,0,0,0,0,0,1,1,1,1,1,0,0,0,1,5
CCC,2014J,595495,0,East Anglian Region,A Level or Equivalent,50-60%,0-35,0,60,1,Pass,7,0,0,0,1,0,0,0,1,0,1,1,1,0,0,3
CCC,2014J,595514,0,East Midlands Region,A Level or Equivalent,80-90%,35-55,1,30,0,Pass,4,1,0,0,0,0,1,0,1,0,0,1,0,0,0,8
CCC,2014J,595553,0,North Region,HE Qualification,,35-55,0,90,0,Withdrawn,5,1,0,1,1,1,1,1,0,0,1,1,1,0,1,9
CCC,2014J,595655,0,West Midlands Region,Lower Than A Level,20-30%,0-35,0,60,0,Withdrawn,13,0,0,1,1,0,0,0,1,1,0,1,0,0,0,5
CCC,2014J,595746,0,West Midlands Region,Lower Than A Level,20-Oct,35-55,0,90,0,Withdrawn,7,1,0,1,1,0,0,0,0,1,1,1,1,0,0,3
CCC,2014J,595938,0,East Midlands Region,HE Qualification,30-40%,35-55,0,30,0,Withdrawn,15,1,0,0,1,1,0,0,1,1,0,0,0,1,1,10
CCC,2014J,595988,1,London Region,A Level or Equivalent,20-Oct,0-35,0,60,0,Withdrawn,6,0,0,1,1,0,0,1,0,0,0,1,1,1,1,9
CCC,2014J,596052,0,South East Region,Lower Than A Level,20-30%,0-35,0,120,1,Withdrawn,2,1,1,0,1,1,1,1,0,0,1,1,1,0,1,2
CCC,2014J,596245,0,South East Region,A Level or Equivalent,0-10%,0-35,0,120,0,Withdrawn,4,0,0,0,1,1,1,0,0,0,1,1,1,1,1,8
CCC,2014J,596332,0,East Midlands Region,A Level or Equivalent,70-80%,0-35,0,60,0,Pass,11,0,1,0,1,1,0,1,1,0,0,0,1,0,0,6
CCC,2014J,596441,0,South Region,A Level or Equivalent,90-100%,0-35,0,60,0,Withdrawn,3,0,0,0,1,1,1,0,0,0,1,0,1,0,0,8
CCC,2014J,596620,1,East Midlands Region,Lower Than A Level,20-30%,0-35,0,120,1,Withdrawn,10,0,1,1,0,1,1,0,1,1,1,0,1,1,0,1
CCC,2014J,596711,1,East Anglian Region,A Level or Equivalent,80-90%,0-35,0,60,0,Pass,10,1,0,1,1,0,0,1,1,0,1,0,0,0,1,1
CCC,2014J,596789,0,Wales,A Level or Equivalent,50-60%,0-35,0,90,0,Withdrawn,4,0,0,1,0,0,1,1,0,1,1,0,1,0,1,8
CCC,2014J,596812,1,South East Region,Lower Than A Level,80-90%,35-55,0,90,0,Withdrawn,12,0,1,1,0,0,0,1,0,1,1,1,0,1,1,7
CCC,2014J,596845,0,East Anglian Region,A Level or Equivalent,90-100%,0-35,0,60,0,Pass,13,0,0,1,0,1,1,1,0,0,0,1,0,1,1,5
CCC,2014J,596846,0,South West Region,A Level or Equivalent,50-60%,0-35,0,90,0,Pass,15,0,0,0,0,0,1,1,0,0,1,1,0,1,0,10
CCC,2014J,596855,0,South West Region,Lower Than A Level,60-70%,0-35,0,60,0,Withdrawn,11,1,0,1,0,0,1,1,1,1,1,0,0,1,0,6
CCC,2014J,596860,0,North Western Region,HE Qualification,30-40%,35-55,0,90,0,Withdrawn,9,0,0,0,1,0,1,0,1,0,0,1,0,0,1,4
CCC,2014J,596931,0,South Region,HE Qualification,80-90%,0-35,0,30,0,Withdrawn,2,0,0,1,1,1,1,0,0,0,1,1,1,1,1,2
CCC,2014J,596981,0,Scotland,A Level or Equivalent,20-30%,0-35,0,60,0,Fail,2,1,0,0,0,0,0,0,1,1,0,1,1,1,0,2
CCC,2014J,597052,1,East Anglian Region,A Level or Equivalent,30-40%,35-55,0,90,1,Pass,12,1,0,1,1,0,0,1,1,0,0,0,0,0,0,7
CCC,2014J,597166,0,North Western Region,HE Qualification,20-Oct,0-35,0,60,0,Withdrawn,15,1,0,1,0,1,1,1,1,0,0,1,1,1,1,10
CCC,2014J,597319,0,South West Region,Lower Than A Level,70-80%,0-35,0,30,0,Withdrawn,6,1,1,0,1,0,0,1,1,1,0,0,0,1,1,9
CCC,2014J,597365,0,North Western Region,A Level or Equivalent,0-10%,35-55,0,60,0,Pass,9,1,1,0,0,0,1,1,1,1,1,0,0,0,1,4
CCC,2014J,597433,1,West Midlands Region,A Level or Equivalent,80-90%,0-35,0,120,0,Pass,11,0,0,1,0,1,0,0,0,1,1,0,1,1,0,6
CCC,2014J,597436,1,North Western Region,A Level or Equivalent,60-70%,35-55,0,60,0,Distinction,6,0,0,0,0,0,1,1,1,0,0,0,0,1,0,9
CCC,2014J,597560,0,East Midlands Region,Lower Than A Level,60-70%,35-55,1,60,0,Withdrawn,14,0,1,1,0,0,0,1,1,1,0,0,1,0,0,5
CCC,2014J,597755,0,Wales,A Level or Equivalent,70-80%,0-35,0,60,0,Distinction,14,1,0,0,1,1,0,1,0,1,0,1,0,1,0,5
CCC,2014J,597948,0,South West Region,HE Qualification,70-80%,35-55,0,60,0,Withdrawn,3,1,1,1,0,0,0,0,1,1,1,1,0,0,1,8
CCC,2014J,598028,0,Yorkshire Region,HE Qualification,90-100%,0-35,0,60,0,Withdrawn,3,0,1,0,0,0,1,0,1,0,1,0,0,0,0,8
CCC,2014J,598102,0,London Region,HE Qualification,0-10%,0-35,0,60,0,Pass,4,0,1,1,0,0,1,1,1,1,1,1,0,1,0,8
CCC,2014J,598299,0,London Region,A Level or Equivalent,60-70%,0-35,0,60,0,Pass,11,0,0,0,1,1,1,0,0,0,1,1,0,1,0,6
CCC,2014J,598478,1,Scotland,A Level or Equivalent,30-40%,35-55,0,30,0,Withdrawn,16,0,1,0,1,1,0,1,0,0,1,1,0,1,1,10
CCC,2014J,598501,0,South West Region,A Level or Equivalent,60-70%,0-35,0,60,0,Pass,2,1,1,1,1,1,1,1,1,0,0,0,0,1,1,2
CCC,2014J,598665,0,South Region,Lower Than A Level,90-100%,35-55,0,30,0,Pass,9,0,0,0,1,0,1,1,1,0,0,0,1,1,1,4
CCC,2014J,598713,1,East Anglian Region,A Level or Equivalent,80-90%,0-35,0,60,0,Pass,12,0,0,1,1,0,0,1,1,0,0,0,1,1,1,7
CCC,2014J,598751,0,London Region,A Level or Equivalent,30-40%,0-35,0,30,0,Pass,15,0,1,0,1,0,0,0,0,1,0,0,0,1,0,10
CCC,2014J,598887,0,South Region,A Level or Equivalent,20-30%,0-35,0,120,0,Withdrawn,16,0,1,1,1,0,0,0,0,1,1,0,0,0,1,10
CCC,2014J,598963,0,North Western Region,HE Qualification,80-90%,35-55,0,30,0,Pass,8,1,0,0,0,0,0,1,1,0,1,1,1,1,1,3
CCC,2014J,598983,0,Scotland,A Level or Equivalent,30-40%,35-55,0,60,0,Pass,16,0,0,1,1,0,0,0,1,1,1,1,1,0,1,10
CCC,2014J,599084,0,South East Region,Lower Than A Level,60-70%,35-55,0,60,0,Withdrawn,16,1,0,0,0,0,0,1,0,0,1,0,1,1,0,10
CCC,2014J,599109,0,South East Region,A Level or Equivalent,70-80%,0-35,0,60,0,Pass,16,0,1,0,0,0,0,1,0,1,1,0,0,1,0,10
CCC,2014J,599169,0,Scotland,A Level or Equivalent,60-70%,0-35,0,120,1,Pass,6,1,1,0,0,0,1,0,1,0,0,1,1,1,0,9
CCC,2014J,599176,0,Wales,HE Qualification,90-100%,0-35,0,60,0,Distinction,8,1,0,1,0,1,1,0,0,0,0,1,1,0,0,3
CCC,2014J,599297,0,Yorkshire Region,A Level or Equivalent,20-Oct,0-35,0,120,0,Fail,14,1,1,1,1,1,1,1,0,1,0,0,1,0,0,5
CCC,2014J,599341,0,Scotland,A Level or Equivalent,50-60%,0-35,1,60,0,Withdrawn,16,0,1,0,0,1,1,1,1,0,1,1,0,0,1,10
CCC,2014J,599398,0,South Region,Lower Than A Level,90-100%,0-35,0,60,0,Fail,9,1,0,0,1,0,0,0,1,1,0,1,0,1,0,4
CCC,2014J,599429,0,Yorkshire Region,A Level or Equivalent,0-10%,0-35,0,90,0,Withdrawn,13,0,1,0,0,1,0,1,0,1,0,1,0,0,1,5
CCC,2014J,599452,0,North Region,HE Qualification,,0-35,1,90,0,Pass,6,0,1,0,0,1,0,1,1,1,1,0,1,0,1,9
CCC,2014J,599461,1,London Region,A Level or Equivalent,20-30%,0-35,0,90,0,Withdrawn,15,1,1,1,1,1,0,0,0,0,1,1,0,1,1,10
CCC,2014J,599491,0,South Region,HE Qualification,80-90%,35-55,0,30,0,Fail,8,1,0,1,0,1,1,0,0,0,0,0,0,1,0,3
CCC,2014J,599663,0,North Region,HE Qualification,30-40%,0-35,0,60,0,Withdrawn,12,1,1,0,0,1,0,0,1,0,0,0,0,1,0,7
CCC,2014J,599740,0,London Region,A Level or Equivalent,70-80%,35-55,0,60,0,Pass,13,1,0,1,1,1,0,1,1,1,1,0,0,0,1,5
CCC,2014J,599976,0,South East Region,Lower Than A Level,50-60%,0-35,0,30,0,Fail,6,1,1,1,1,1,0,1,0,0,1,0,0,1,1,9
CCC,2014J,600042,1,East Anglian Region,A Level or Equivalent,30-40%,0-35,0,90,0,Withdrawn,12,0,0,1,0,0,0,1,0,1,0,1,0,0,0,7
CCC,2014J,600067,0,East Anglian Region,A Level or Equivalent,80-90%,0-35,0,60,0,Distinction,10,1,0,1,0,1,1,0,0,0,0,0,0,0,0,1
CCC,2014J,600175,0,North Western Region,HE Qualification,80-90%,35-55,0,90,0,Withdrawn,3,0,1,0,1,1,1,0,0,0,0,0,0,0,0,8
CCC,2014J,600350,0,South West Region,A Level or Equivalent,40-50%,0-35,0,60,0,Withdrawn,7,0,0,1,1,0,1,1,1,0,0,1,1,0,1,3
CCC,2014J,600509,0,North Western Region,A Level or Equivalent,70-80%,0-35,1,30,0,Fail,5,0,1,1,1,0,1,0,1,0,1,0,0,0,1,9
CCC,2014J,600535,0,Scotland,Lower Than A Level,30-40%,0-35,0,30,0,Fail,15,0,0,0,0,1,1,0,0,0,1,1,0,1,1,10
CCC,2014J,600547,0,North Western Region,A Level or Equivalent,20-Oct,35-55,1,30,0,Withdrawn,5,0,0,1,1,1,1,1,1,0,1,1,0,1,1,9
CCC,2014J,600796,1,Ireland,Lower Than A Level,80-90%,0-35,0,60,0,Pass,2,0,0,1,0,0,1,1,1,1,0,0,1,0,1,2
CCC,2014J,600814,0,South West Region,Lower Than A Level,30-40%,35-55,1,90,0,Fail,14,1,1,0,1,0,1,0,0,1,1,0,0,1,0,5
CCC,2014J,600869,0,South Region,Lower Than A Level,90-100%,0-35,0,60,0,Withdrawn,11,1,1,1,0,0,1,0,0,1,0,1,1,0,1,6
CCC,2014J,600898,0,West Midlands Region,A Level or Equivalent,20-Oct,0-35,0,90,0,Withdrawn,16,1,0,0,1,1,1,0,1,0,0,1,1,0,1,10
CCC,2014J,601043,0,North Region,A Level or Equivalent,20-Oct,0-35,0,30,0,Withdrawn,5,0,0,1,1,1,1,1,1,1,0,0,0,0,1,9
CCC,2014J,601054,0,London Region,A Level or Equivalent,20-Oct,0-35,1,60,0,Withdrawn,2,1,1,0,1,0,0,1,0,0,1,1,1,1,0,2
CCC,2014J,601082,0,Wales,Lower Than A Level,70-80%,35-55,0,60,0,Fail,12,1,1,1,0,1,0,1,1,1,1,0,0,0,1,7
CCC,2014J,601234,0,North Western Region,A Level or Equivalent,40-50%,35-55,0,60,0,Pass,16,0,0,1,1,0,0,1,0,1,0,0,0,0,1,10
CCC,2014J,601388,1,South East Region,A Level or Equivalent,40-50%,0-35,0,60,0,Pass,9,1,1,1,0,1,0,1,1,0,0,1,0,0,1,4
CCC,2014J,601431,0,South West Region,A Level or Equivalent,70-80%,35-55,0,60,0,Fail,16,1,0,1,0,1,0,1,1,0,0,1,0,1,1,10
CCC,2014J,601517,0,West Midlands Region,A Level or Equivalent,80-90%,0-35,0,30,0,Fail,8,0,1,0,0,1,1,1,0,0,0,1,1,1,0,3
CCC,2014J,601566,0,North Western Region,A Level or Equivalent,60-70%,0-35,0,60,0,Withdrawn,1,0,1,1,0,0,1,1,0,1,0,1,0,0,1,2
CCC,2014J,601567,0,East Anglian Region,Lower Than A Level,70-80%,0-35,0,60,0,Fail,14,0,0,1,0,0,0,0,1,0,1,0,1,1,0,5
CCC,2014J,601653,0,North Region,HE Qualification,,35-55,0,60,0,Withdrawn,13,0,1,1,1,1,0,1,1,0,0,0,1,1,0,5
CCC,2014J,601735,0,North Region,Lower Than A Level,,35-55,0,60,0,Withdrawn,2,0,1,1,0,1,1,0,0,1,1,1,1,1,1,2
CCC,2014J,601753,0,Wales,Lower Than A Level,30-40%,35-55,0,90,0,Withdrawn,11,1,1,0,0,0,1,1,1,1,1,1,0,0,1,6
CCC,2014J,601857,1,South Region,Lower Than A Level,60-70%,0-35,0,120,1,Withdrawn,3,0,0,0,0,1,0,1,1,1,0,0,1,1,0,8
CCC,2014J,601956,0,East Anglian Region,A Level or Equivalent,40-50%,0-35,0,60,0,Withdrawn,1,0,1,0,1,1,0,1,0,1,1,1,1,0,1,2
CCC,2014J,602030,0,Scotland,Lower Than A Level,60-70%,0-35,1,30,0,Fail,11,1,0,1,1,0,0,0,0,1,1,1,1,1,1,6
CCC,2014J,602123,0,South Region,Lower Than A Level,70-80%,0-35,0,90,0,Fail,10,0,1,0,1,0,1,1,1,0,0,0,1,0,1,1
CCC,2014J,602151,0,East Anglian Region,A Level or Equivalent,20-Oct,0-35,0,60,0,Pass,2,1,1,0,0,1,1,0,1,0,0,0,1,1,1,2
CCC,2014J,602288,0,South Region,A Level or Equivalent,,0-35,1,60,0,Pass,5,1,1,1,0,1,1,1,0,0,0,1,0,1,1,9
CCC,2014J,602533,0,West Midlands Region,A Level or Equivalent,20-30%,0-35,0,60,1,Distinction,9,0,0,0,1,1,1,0,0,1,0,1,1,1,1,4
CCC,2014J,602585,0,Scotland,A Level or Equivalent,80-90%,0-35,1,60,0,Withdrawn,6,0,1,0,1,1,1,1,1,1,1,0,0,1,1,9
CCC,2014J,602683,1,Scotland,HE Qualification,50-60%,35-55,0,60,0,Distinction,16,0,1,0,1,1,0,1,1,1,1,0,1,0,0,10
CCC,2014J,602806,1,East Anglian Region,A Level or Equivalent,40-50%,0-35,0,150,0,Withdrawn,12,1,0,1,1,0,0,0,0,1,0,1,1,0,0,7
CCC,2014J,602827,0,West Midlands Region,Lower Than A Level,50-60%,0-35,0,60,0,Withdrawn,9,0,1,0,0,1,0,1,0,0,1,0,1,1,1,4
CCC,2014J,602856,1,East Anglian Region,HE Qualification,50-60%,0-35,0,60,0,Withdrawn,7,1,1,1,0,1,0,1,1,1,1,0,0,0,0,3
CCC,2014J,602973,1,Scotland,Lower Than A Level,20-30%,0-35,0,60,0,Pass,16,0,1,1,1,1,0,0,0,0,1,1,0,1,0,10
CCC,2014J,603049,0,Scotland,HE Qualification,30-40%,0-35,0,60,0,Pass,10,0,0,0,1,0,1,1,1,0,1,1,1,1,0,1
CCC,2014J,603129,0,South Region,A Level or Equivalent,50-60%,0-35,0,60,0,Pass,14,0,1,0,0,1,0,1,1,0,1,1,0,0,1,5
CCC,2014J,603179,0,South East Region,Lower Than A Level,40-50%,35-55,1,60,0,Pass,1,1,1,0,0,1,1,1,0,0,1,1,0,1,0,2
CCC,2014J,603302,0,South West Region,A Level or Equivalent,20-30%,0-35,0,90,1,Withdrawn,7,1,1,1,1,0,0,0,1,1,1,1,1,0,1,3
CCC,2014J,603325,1,South East Region,A Level or Equivalent,30-40%,0-35,0,60,1,Distinction,12,1,0,1,0,0,0,1,1,0,1,1,0,1,1,7
CCC,2014J,603503,0,Yorkshire Region,A Level or Equivalent,40-50%,0-35,0,30,0,Pass,1,1,0,0,0,1,0,0,1,1,0,1,0,0,0,2
CCC,2014J,603529,0,Scotland,A Level or Equivalent,50-60%,0-35,0,90,0,Pass,3,1,0,0,0,1,1,0,0,0,0,0,1,1,1,8
CCC,2014J,603560,1,South West Region,Lower Than A Level,90-100%,0-35,0,30,0,Withdrawn,9,1,1,1,1,0,0,1,0,1,1,1,1,1,0,4
CCC,2014J,603620,1,London Region,A Level or Equivalent,40-50%,0-35,0,60,0,Pass,7,0,0,1,0,0,1,0,1,0,0,0,1,0,0,3
CCC,2014J,603728,0,North Western Region,HE Qualification,20-30%,0-35,0,30,0,Fail,15,1,1,1,0,0,1,1,0,1,1,1,1,0,0,10
CCC,2014J,603979,1,Scotland,HE Qualification,40-50%,35-55,0,90,0,Withdrawn,6,0,1,1,0,1,0,1,0,1,1,0,1,0,1,9
CCC,2014J,604057,1,Scotland,A Level or Equivalent,90-100%,0-35,0,120,0,Distinction,3,0,0,1,0,0,1,1,1,1,0,0,1,1,1,8
CCC,2014J,604164,0,West Midlands Region,A Level or Equivalent,,35-55,1,60,0,Pass,2,1,0,0,1,0,1,0,1,0,1,1,1,1,1,2
CCC,2014J,604340,0,South Region,A Level or Equivalent,30-40%,0-35,0,60,0,Withdrawn,14,0,0,1,1,1,0,0,0,1,0,1,0,1,1,5
CCC,2014J,604379,0,East Anglian Region,A Level or Equivalent,20-30%,0-35,0,90,0,Withdrawn,16,0,1,1,0,0,0,1,0,1,1,1,1,1,1,10
CCC,2014J,604694,0,London Region,Lower Than A Level,70-80%,0-35,0,60,0,Withdrawn,12,1,0,0,0,1,1,0,0,1,0,0,1,1,1,7
CCC,2014J,604825,1,South East Region,Lower Than A Level,90-100%,0-35,0,120,0,Withdrawn,15,0,0,0,1,1,0,0,0,0,1,1,0,1,0,10
CCC,2014J,604906,0,South Region,Lower Than A Level,70-80%,35-55,1,30,0,Fail,15,0,1,1,1,1,0,0,1,0,0,0,0,1,0,10
CCC,2014J,604991,0,North Region,A Level or Equivalent,60-70%,35-55,0,60,0,Fail,1,0,1,1,1,1,1,1,0,1,1,0,0,1,1,2
CCC,2014J,605111,0,South East Region,Lower Than A Level,50-60%,0-35,0,30,0,Pass,15,0,0,1,0,1,0,1,0,1,1,1,1,1,1,10
CCC,2014J,605264,0,West Midlands Region,Lower Than A Level,40-50%,0-35,0,60,0,Withdrawn,7,1,1,1,0,0,1,1,0,1,0,0,0,0,1,3
CCC,2014J,605367,0,London Region,A Level or Equivalent,50-60%,35-55,0,90,0,Fail,6,1,1,1,1,1,0,1,0,1,0,0,0,0,0,9
CCC,2014J,605459,0,South West Region,Lower Than A Level,90-100%,0-35,0,150,0,Withdrawn,5,1,1,1,1,1,0,0,0,0,0,0,1,1,0,9
CCC,2014J,605468,1,South West Region,A Level or Equivalent,80-90%,35-55,0,60,1,Withdrawn,12,1,1,0,1,1,0,1,0,1,0,0,1,0,1,7
CCC,2014J,605540,0,London Region,A Level or Equivalent,20-30%,0-35,0,90,1,Distinction,2,1,1,0,0,1,1,0,1,0,1,1,0,1,0,2
CCC,2014J,605545,0,South East Region,Post Graduate Qualification,40-50%,35-55,0,60,0,Fail,16,1,1,0,0,0,0,0,1,0,1,0,1,1,1,10
CCC,2014J,605666,0,East Midlands Region,HE Qualification,60-70%,0-35,0,60,0,Pass,3,1,1,1,1,1,1,1,1,0,1,1,0,1,0,8
CCC,2014J,605840,0,North Region,A Level or Equivalent,,0-35,1,60,1,Fail,7,0,0,1,0,1,1,0,0,1,1,1,1,1,0,3
CCC,2014J,605868,0,Yorkshire Region,A Level or Equivalent,70-80%,35-55,0,30,0,Distinction,13,1,1,0,0,1,1,1,1,0,1,0,0,1,1,5
CCC,2014J,606036,0,South Region,HE Qualification,40-50%,35-55,0,90,0,Withdrawn,2,1,0,0,0,0,0,1,1,0,1,0,0,0,0,2
CCC,2014J,606064,1,Scotland,HE Qualification,80-90%,0-35,0,90,0,Pass,11,1,1,1,0,1,1,0,1,1,0,0,1,1,0,6
CCC,2014J,606170,0,South East Region,Lower Than A Level,40-50%,0-35,0,30,0,Pass,12,1,1,1,0,1,0,1,0,0,0,1,1,1,1,7
CCC,2014J,606182,0,Scotland,A Level or Equivalent,70-80%,35-55,0,60,0,Withdrawn,5,0,1,1,1,0,0,0,0,0,0,0,0,1,1,9
CCC,2014J,606344,0,Yorkshire Region,A Level or Equivalent,20-30%,0-35,0,60,0,Withdrawn,4,1,1,1,1,0,1,0,1,0,0,1,0,0,0,8
CCC,2014J,606345,1,East Anglian Region,A Level or Equivalent,70-80%,35-55,0,90,0,Pass,13,0,1,0,1,1,0,1,1,1,1,0,1,0,0,5
CCC,2014J,607047,0,Scotland,Post Graduate Qualification,90-100%,0-35,0,60,0,Pass,3,1,0,0,0,1,0,0,1,1,1,0,1,0,0,8
CCC,2014J,607085,0,Scotland,A Level or Equivalent,40-50%,0-35,0,60,0,Pass,2,1,1,0,1,1,1,0,0,0,1,1,0,1,0,2
CCC,2014J,607094,1,London Region,A Level or Equivalent,20-Oct,0-35,0,120,0,Fail,2,1,1,1,1,0,1,0,0,0,1,0,0,1,1,2
CCC,2014J,607143,0,Scotland,Lower Than A Level,60-70%,0-35,0,60,0,Fail,13,1,0,1,0,1,0,1,1,1,0,0,0,1,0,5
CCC,2014J,607427,1,South West Region,Lower Than A Level,50-60%,0-35,0,180,1,Withdrawn,9,0,0,1,0,1,0,1,0,0,1,0,1,1,1,4
CCC,2014J,607429,1,South East Region,A Level or Equivalent,60-70%,35-55,0,30,1,Pass,7,1,0,1,1,0,1,0,1,0,0,1,0,1,0,3
CCC,2014J,607453,0,South East Region,HE Qualification,20-30%,0-35,1,60,0,Pass,11,0,0,0,1,0,1,0,0,0,1,1,0,0,0,6
CCC,2014J,607555,0,Scotland,HE Qualification,70-80%,0-35,0,120,0,Fail,15,0,1,0,1,1,1,0,0,1,1,1,1,1,0,10
CCC,2014J,607600,0,South Region,Lower Than A Level,30-40%,0-35,0,60,0,Withdrawn,15,1,1,0,1,1,1,1,1,1,0,1,0,1,0,10
CCC,2014J,607668,1,Wales,A Level or Equivalent,90-100%,0-35,0,120,0,Pass,4,0,1,0,0,1,1,0,0,1,0,0,1,0,0,8
CCC,2014J,607812,1,Scotland,HE Qualification,90-100%,35-55,0,60,0,Pass,11,0,0,0,1,1,1,0,1,1,1,1,1,0,1,6
CCC,2014J,607900,0,South East Region,A Level or Equivalent,70-80%,35-55,0,90,0,Withdrawn,2,0,0,1,0,0,1,0,1,1,0,1,0,0,0,2
CCC,2014J,607947,0,North Western Region,A Level or Equivalent,70-80%,0-35,0,30,0,Distinction,14,0,1,0,0,1,0,0,0,0,1,1,0,0,1,5
CCC,2014J,608422,0,North Region,A Level or Equivalent,,35-55,0,60,0,Pass,16,1,1,1,0,0,0,1,1,0,0,1,1,0,0,10
CCC,2014J,608423,0,London Region,Lower Than A Level,20-30%,0-35,0,90,0,Withdrawn,2,1,1,0,0,0,1,0,1,1,1,0,1,1,1,2
CCC,2014J,608571,0,South Region,A Level or Equivalent,90-100%,0-35,0,160,0,Fail,6,0,1,0,0,1,0,1,0,1,1,0,1,0,1,9
CCC,2014J,608577,0,North Region,HE Qualification,,35-55,1,30,0,Fail,7,1,0,1,1,0,0,0,1,0,0,1,1,1,0,3
CCC,2014J,608669,0,Scotland,A Level or Equivalent,60-70%,0-35,0,60,0,Fail,11,1,1,0,1,1,1,0,0,1,0,0,0,0,1,6
CCC,2014J,608681,0,North Western Region,Lower Than A Level,20-Oct,0-35,0,60,1,Fail,6,1,1,0,0,1,0,0,0,1,1,0,0,1,0,9
CCC,2014J,608746,1,West Midlands Region,Lower Than A Level,20-Oct,0-35,1,120,0,Pass,8,1,0,0,1,1,1,0,1,1,1,1,1,1,1,3
CCC,2014J,608821,1,North Region,A Level or Equivalent,60-70%,35-55,0,60,0,Withdrawn,15,1,1,0,0,0,0,0,0,1,0,1,1,1,1,10
CCC,2014J,608891,0,London Region,Lower Than A Level,60-70%,0-35,0,60,0,Fail,15,1,0,1,0,1,1,0,0,0,0,0,1,0,1,10
CCC,2014J,608978,1,South West Region,HE Qualification,40-50%,35-55,0,60,0,Distinction,6,0,1,1,1,1,1,1,1,0,1,0,1,1,0,9
CCC,2014J,608983,1,Wales,HE Qualification,20-30%,35-55,0,60,0,Withdrawn,7,1,0,0,0,1,1,1,0,1,0,0,0,1,1,3
CCC,2014J,609031,1,East Anglian Region,Lower Than A Level,70-80%,0-35,0,90,0,Pass,2,0,0,0,1,0,0,1,0,0,1,0,1,1,0,2
CCC,2014J,609044,0,London Region,A Level or Equivalent,20-30%,0-35,1,60,0,Withdrawn,9,1,1,0,0,1,1,0,1,0,0,0,1,0,1,4
CCC,2014J,609235,0,Scotland,HE Qualification,30-40%,0-35,0,90,0,Distinction,14,0,1,0,0,1,0,1,1,1,0,0,0,1,0,5
CCC,2014J,609456,0,London Region,HE Qualification,20-Oct,0-35,0,120,0,Pass,10,1,0,1,1,0,0,1,0,1,1,0,1,1,1,1
CCC,2014J,609527,0,South East Region,HE Qualification,70-80%,0-35,0,60,0,Withdrawn,15,0,1,0,1,0,0,1,1,1,0,1,0,0,0,10
CCC,2014J,609537,0,North Region,A Level or Equivalent,90-100%,0-35,0,60,0,Distinction,12,0,0,1,1,1,0,1,0,0,1,0,1,1,0,7
CCC,2014J,609605,0,Wales,HE Qualification,70-80%,0-35,1,60,0,Withdrawn,9,0,0,0,0,0,1,1,0,1,0,1,1,0,0,4
CCC,2014J,609823,0,North Region,HE Qualification,,35-55,0,60,0,Withdrawn,3,1,0,1,0,0,1,0,0,0,0,0,1,0,0,8
CCC,2014J,609852,0,North Region,HE Qualification,,35-55,0,120,0,Pass,12,0,0,1,1,0,0,0,1,0,0,1,0,1,0,7
CCC,2014J,609891,0,West Midlands Region,A Level or Equivalent,50-60%,0-35,0,60,0,Fail,9,1,1,1,1,0,0,0,0,1,0,1,0,1,0,4
CCC,2014J,609969,0,North Region,Lower Than A Level,,0-35,0,60,0,Pass,7,1,1,0,0,0,1,1,0,0,1,0,0,0,0,3
CCC,2014J,610019,0,Yorkshire Region,A Level or Equivalent,40-50%,55<=,0,90,0,Pass,9,1,1,1,1,0,0,0,0,0,0,1,0,1,0,4
CCC,2014J,610033,0,South Region,A Level or Equivalent,50-60%,0-35,0,60,0,Distinction,15,0,0,1,0,0,0,1,1,1,0,0,1,1,0,10
CCC,2014J,610234,0,Scotland,HE Qualification,50-60%,0-35,1,60,0,Pass,12,0,0,0,0,0,0,0,1,0,0,0,0,1,1,7
CCC,2014J,610279,0,South Region,A Level or Equivalent,60-70%,0-35,0,60,0,Pass,8,0,0,1,1,0,1,0,0,1,1,1,1,1,0,3
CCC,2014J,610285,0,South East Region,A Level or Equivalent,60-70%,0-35,0,60,0,Withdrawn,4,0,1,1,0,1,1,1,0,0,0,1,1,0,1,8
CCC,2014J,610287,0,East Anglian Region,HE Qualification,80-90%,0-35,1,60,0,Pass,2,0,0,0,0,1,0,0,1,0,0,1,1,1,1,2
CCC,2014J,610324,0,Scotland,HE Qualification,30-40%,0-35,0,30,0,Fail,13,0,1,0,0,1,0,1,0,0,0,0,0,1,1,5
CCC,2014J,610537,0,North Western Region,A Level or Equivalent,50-60%,0-35,0,120,0,Fail,16,0,0,0,0,0,0,1,0,1,0,1,1,1,0,10
CCC,2014J,610549,0,North Western Region,A Level or Equivalent,50-60%,35-55,1,60,0,Withdrawn,4,0,1,1,0,1,0,1,1,0,0,1,0,1,1,8
CCC,2014J,610622,1,East Midlands Region,Lower Than A Level,0-10%,0-35,0,210,0,Withdrawn,6,1,0,0,1,0,0,0,0,1,0,0,0,0,1,9
CCC,2014J,610643,0,South East Region,A Level or Equivalent,60-70%,35-55,0,60,0,Pass,15,0,1,1,0,1,0,0,0,0,1,1,1,1,1,10
CCC,2014J,610650,0,Yorkshire Region,A Level or Equivalent,60-70%,0-35,0,90,0,Pass,8,1,0,1,1,0,0,0,1,0,0,1,0,1,1,3
CCC,2014J,610681,1,South Region,A Level or Equivalent,80-90%,0-35,0,30,0,Fail,4,1,0,0,0,1,0,1,1,1,1,0,0,0,0,8
CCC,2014J,610684,0,East Midlands Region,Lower Than A Level,20-30%,35-55,0,60,1,Withdrawn,8,1,0,0,1,1,0,0,0,0,0,0,0,0,0,3
CCC,2014J,610881,0,South West Region,A Level or Equivalent,50-60%,35-55,0,60,0,Distinction,6,1,0,1,0,1,1,0,1,1,1,1,1,1,0,9
CCC,2014J,610904,0,South West Region,A Level or Equivalent,20-Oct,0-35,0,60,0,Pass,14,1,1,0,1,0,0,1,1,1,0,0,0,1,1,5
CCC,2014J,611033,0,North Region,Post Graduate Qualification,,35-55,0,30,0,Withdrawn,12,1,0,1,0,1,0,0,0,1,0,1,0,0,0,7
CCC,2014J,611173,1,South East Region,A Level or Equivalent,90-100%,0-35,1,60,0,Pass,15,1,1,1,1,1,0,0,1,0,1,1,0,1,1,10
CCC,2014J,611255,0,Ireland,A Level or Equivalent,,35-55,0,60,0,Pass,5,0,1,0,0,1,1,1,0,0,1,0,0,0,1,9
CCC,2014J,611407,0,South Region,A Level or Equivalent,90-100%,0-35,0,30,0,Pass,11,0,0,0,1,1,1,0,0,0,1,0,0,1,0,6
CCC,2014J,611417,1,North Region,Lower Than A Level,,35-55,0,60,0,Pass,5,0,0,1,0,1,1,1,0,0,0,1,0,0,1,9
CCC,2014J,611465,0,Yorkshire Region,Lower Than A Level,70-80%,0-35,1,120,0,Withdrawn,7,0,0,0,0,1,1,0,1,1,1,1,1,1,1,3
CCC,2014J,611520,0,North Western Region,A Level or Equivalent,60-70%,0-35,0,180,0,Withdrawn,11,1,0,0,0,1,1,0,1,0,1,1,1,1,1,6
CCC,2014J,611542,0,North Region,A Level or Equivalent,,0-35,0,60,1,Pass,1,0,0,0,0,1,0,1,0,0,0,0,1,0,1,2
CCC,2014J,611593,0,South Region,Post Graduate Qualification,90-100%,35-55,0,60,0,Distinction,16,1,1,0,1,1,1,1,0,1,1,1,1,1,1,10
CCC,2014J,611813,0,South Region,Lower Than A Level,20-Oct,35-55,0,60,0,Distinction,15,1,0,1,1,1,1,1,1,0,0,0,1,1,0,10
CCC,2014J,611852,0,London Region,A Level or Equivalent,20-Oct,0-35,0,60,0,Withdrawn,8,0,1,1,1,1,0,0,0,1,0,1,1,0,0,3
CCC,2014J,612127,0,West Midlands Region,A Level or Equivalent,70-80%,0-35,1,30,0,Withdrawn,1,0,0,0,1,1,1,1,0,0,1,1,0,1,0,2
CCC,2014J,612177,0,Scotland,HE Qualification,70-80%,0-35,0,60,0,Pass,6,0,0,0,1,0,0,1,0,1,0,1,1,1,1,9
CCC,2014J,612179,1,Scotland,HE Qualification,30-40%,0-35,0,60,0,Pass,9,0,1,0,1,0,0,1,0,0,1,1,1,0,1,4
CCC,2014J,612183,0,Scotland,A Level or Equivalent,80-90%,35-55,0,60,0,Pass,9,0,1,1,1,1,1,0,1,1,1,0,0,0,1,4
CCC,2014J,612187,0,Scotland,HE Qualification,70-80%,0-35,0,60,0,Pass,16,0,1,0,0,0,0,1,1,1,0,0,0,0,1,10
CCC,2014J,612283,1,Scotland,Lower Than A Level,20-Oct,0-35,0,30,0,Withdrawn,11,1,0,0,1,1,0,0,1,1,1,0,0,0,0,6
CCC,2014J,612327,0,South West Region,A Level or Equivalent,50-60%,0-35,0,30,0,Pass,1,1,0,1,0,0,1,0,0,0,1,1,0,0,0,2
CCC,2014J,612439,0,Wales,HE Qualification,20-30%,0-35,0,60,0,Fail,12,0,0,0,1,1,1,0,1,1,1,1,0,1,1,7
CCC,2014J,612449,0,East Anglian Region,A Level or Equivalent,60-70%,35-55,0,60,0,Withdrawn,12,0,0,0,1,1,0,1,0,0,1,0,0,1,1,7
CCC,2014J,612568,1,Ireland,A Level or Equivalent,0-10%,35-55,0,60,0,Withdrawn,1,0,1,1,0,1,0,0,0,0,1,0,0,0,1,2
CCC,2014J,612798,1,Scotland,HE Qualification,80-90%,0-35,0,90,0,Pass,7,0,0,0,1,1,0,1,0,1,1,1,0,1,1,3
CCC,2014J,612860,0,South Region,A Level or Equivalent,50-60%,0-35,1,120,0,Pass,16,1,0,0,1,1,1,0,0,0,1,0,1,1,0,10
CCC,2014J,613122,0,North Western Region,HE Qualification,30-40%,35-55,0,60,0,Fail,11,0,0,0,1,1,1,1,1,0,0,1,0,1,0,6
CCC,2014J,613237,0,Scotland,A Level or Equivalent,20-Oct,35-55,0,30,0,Pass,15,0,1,1,0,1,0,0,0,0,0,0,1,0,1,10
CCC,2014J,613370,0,South East Region,A Level or Equivalent,80-90%,35-55,0,60,0,Distinction,7,1,0,1,0,1,0,0,1,1,1,1,1,1,0,3
CCC,2014J,613644,0,South West Region,A Level or Equivalent,40-50%,0-35,0,60,0,Withdrawn,12,0,1,1,1,0,1,1,0,0,1,0,1,0,1,7
CCC,2014J,613667,0,West Midlands Region,A Level or Equivalent,50-60%,0-35,0,60,0,Pass,5,0,1,1,0,0,0,0,0,0,0,0,1,1,0,9
CCC,2014J,613806,0,East Anglian Region,HE Qualification,90-100%,0-35,0,30,0,Distinction,1,1,1,1,0,0,0,1,0,0,0,0,1,1,1,2
CCC,2014J,613954,0,Scotland,Lower Than A Level,70-80%,0-35,0,60,0,Distinction,12,1,0,0,0,0,1,0,1,0,1,1,1,0,0,7
CCC,2014J,614265,0,South Region,Lower Than A Level,50-60%,35-55,1,60,1,Pass,12,1,1,0,0,1,0,0,0,1,0,1,0,0,0,7
CCC,2014J,614300,0,East Midlands Region,A Level or Equivalent,20-30%,0-35,0,60,0,Pass,11,1,1,0,0,0,0,0,1,1,0,1,0,0,1,6
CCC,2014J,614458,1,Scotland,A Level or Equivalent,30-40%,35-55,0,60,0,Distinction,14,1,1,0,0,1,1,1,0,0,0,1,0,1,0,5
CCC,2014J,614623,0,East Midlands Region,A Level or Equivalent,20-Oct,0-35,0,120,0,Withdrawn,5,0,0,0,0,0,1,0,0,0,1,0,1,0,0,9
CCC,2014J,614761,0,West Midlands Region,Lower Than A Level,40-50%,0-35,0,60,0,Withdrawn,4,1,0,1,1,1,1,1,1,0,1,1,0,1,0,8
CCC,2014J,614804,0,Scotland,A Level or Equivalent,0-10%,0-35,1,60,1,Pass,8,1,0,1,0,0,0,0,1,0,0,0,1,1,1,3
CCC,2014J,615075,0,East Anglian Region,A Level or Equivalent,30-40%,0-35,0,60,0,Distinction,15,1,1,1,0,1,0,1,1,0,1,0,0,0,0,10
CCC,2014J,615225,1,East Midlands Region,Lower Than A Level,80-90%,0-35,0,90,0,Withdrawn,6,0,1,1,0,0,0,1,1,0,1,1,1,1,0,9
CCC,2014J,615241,0,Yorkshire Region,A Level or Equivalent,90-100%,0-35,0,60,0,Distinction,3,0,0,1,1,1,0,1,1,0,0,0,1,1,0,8
CCC,2014J,615242,0,East Anglian Region,Lower Than A Level,0-10%,0-35,0,30,0,Fail,13,1,1,0,0,0,0,0,1,0,1,1,1,0,0,5
CCC,2014J,615426,0,East Midlands Region,Lower Than A Level,60-70%,0-35,0,180,0,Withdrawn,6,1,0,1,0,1,0,0,0,0,0,1,0,1,1,9
CCC,2014J,616386,0,East Midlands Region,Lower Than A Level,20-Oct,35-55,0,60,0,Pass,10,1,0,0,1,1,1,1,0,0,0,0,1,1,1,1
CCC,2014J,616407,0,Wales,Lower Than A Level,70-80%,35-55,1,60,0,Withdrawn,9,0,1,0,1,1,1,1,0,1,1,0,1,0,1,4
CCC,2014J,616439,0,East Anglian Region,A Level or Equivalent,50-60%,0-35,1,30,0,Fail,1,1,1,0,0,0,0,1,1,1,1,0,1,1,0,2
CCC,2014J,616646,0,East Midlands Region,A Level or Equivalent,20-Oct,0-35,0,120,0,Withdrawn,3,1,0,0,0,0,1,0,0,0,0,0,0,1,0,8
CCC,2014J,616658,0,North Region,Lower Than A Level,,0-35,0,30,0,Pass,9,0,0,1,0,1,1,1,0,0,1,0,0,0,0,4
CCC,2014J,616789,0,London Region,A Level or Equivalent,80-90%,0-35,0,30,0,Fail,11,0,1,0,0,0,1,1,0,0,0,1,1,0,1,6
CCC,2014J,616870,0,London Region,Lower Than A Level,20-30%,35-55,0,60,0,Pass,13,0,1,1,1,0,1,1,0,1,1,0,1,0,0,5
CCC,2014J,617130,0,Ireland,A Level or Equivalent,90-100%,0-35,1,120,0,Pass,8,0,1,1,1,1,0,0,0,1,1,0,1,1,0,3
CCC,2014J,617327,1,West Midlands Region,A Level or Equivalent,40-50%,0-35,0,60,0,Withdrawn,5,0,1,0,1,1,0,0,1,0,1,1,0,1,0,9
CCC,2014J,617341,1,South East Region,A Level or Equivalent,50-60%,0-35,0,90,0,Withdrawn,10,0,1,0,0,0,1,1,1,0,0,1,1,1,0,1
CCC,2014J,617418,0,North Western Region,A Level or Equivalent,20-30%,0-35,0,30,0,Fail,6,1,1,1,0,1,0,1,0,1,1,0,0,1,1,9
CCC,2014J,617740,0,Wales,A Level or Equivalent,0-10%,0-35,0,60,0,Pass,14,0,0,1,1,0,0,1,0,0,0,0,0,0,1,5
CCC,2014J,618377,0,South West Region,A Level or Equivalent,30-40%,0-35,0,60,0,Withdrawn,4,1,1,1,0,0,1,0,0,0,1,1,1,1,0,8
CCC,2014J,618513,0,Yorkshire Region,A Level or Equivalent,90-100%,0-35,0,60,0,Fail,16,1,0,1,0,0,1,0,0,1,0,0,0,1,1,10
CCC,2014J,618590,0,South Region,A Level or Equivalent,60-70%,0-35,1,60,1,Fail,9,1,1,0,1,0,0,0,0,1,0,0,1,1,0,4
CCC,2014J,618649,1,South West Region,A Level or Equivalent,80-90%,0-35,1,60,1,Pass,4,1,0,0,1,0,1,0,0,0,1,0,1,0,0,8
CCC,2014J,618683,0,Wales,HE Qualification,90-100%,35-55,0,60,0,Distinction,6,1,1,0,0,1,0,1,0,0,0,0,0,1,1,9
CCC,2014J,618777,0,South West Region,A Level or Equivalent,60-70%,0-35,0,60,0,Distinction,15,0,1,0,0,1,0,1,1,1,0,1,0,0,1,10
CCC,2014J,618849,0,North Region,HE Qualification,0-10%,0-35,0,30,0,Withdrawn,10,0,1,1,1,0,1,1,0,1,1,0,1,1,1,1
CCC,2014J,618865,0,South Region,Lower Than A Level,80-90%,0-35,0,90,0,Pass,12,1,0,0,1,1,1,0,0,1,1,0,1,1,0,7
CCC,2014J,618875,0,North Region,A Level or Equivalent,60-70%,0-35,0,30,0,Fail,11,1,0,0,1,0,1,0,1,0,1,0,1,0,0,6
CCC,2014J,618982,0,South East Region,Lower Than A Level,50-60%,0-35,0,30,0,Withdrawn,15,1,1,1,1,1,0,1,0,1,1,1,1,1,0,10
CCC,2014J,619359,0,East Anglian Region,HE Qualification,90-100%,0-35,0,60,1,Fail,1,0,0,1,1,1,1,0,0,1,0,0,0,0,1,2
CCC,2014J,619380,0,South East Region,A Level or Equivalent,50-60%,0-35,0,30,0,Pass,8,0,0,1,0,0,1,1,0,0,1,1,0,1,1,3
CCC,2014J,619472,1,Yorkshire Region,A Level or Equivalent,40-50%,0-35,0,120,0,Withdrawn,8,0,0,0,1,0,0,0,1,1,0,0,0,0,1,3
CCC,2014J,619503,0,North Region,A Level or Equivalent,70-80%,0-35,0,30,0,Withdrawn,10,1,0,1,0,0,0,1,0,0,0,1,1,0,1,1
CCC,2014J,619927,0,South West Region,Lower Than A Level,30-40%,0-35,0,60,0,Pass,11,0,0,0,1,1,0,1,0,1,0,0,1,0,0,6
CCC,2014J,619928,1,South West Region,Lower Than A Level,30-40%,0-35,0,60,0,Pass,5,1,0,1,0,0,1,0,0,0,1,1,0,1,0,9
CCC,2014J,620159,0,South West Region,HE Qualification,50-60%,35-55,0,30,0,Fail,1,0,0,1,1,1,0,1,0,1,1,1,0,0,0,2
CCC,2014J,620231,0,Scotland,HE Qualification,80-90%,0-35,0,30,0,Pass,13,0,0,1,0,1,1,1,0,1,1,0,1,1,0,5
CCC,2014J,620243,0,South West Region,Lower Than A Level,80-90%,0-35,1,90,0,Fail,5,0,1,0,1,1,0,1,1,0,1,0,1,1,0,9
CCC,2014J,620369,0,Wales,A Level or Equivalent,30-40%,0-35,1,90,0,Fail,15,0,1,0,0,0,1,1,1,1,0,0,1,0,0,10
CCC,2014J,620484,0,Scotland,Lower Than A Level,30-40%,35-55,0,30,0,Fail,5,0,1,0,0,1,1,0,1,1,0,1,0,1,0,9
CCC,2014J,620608,1,North Western Region,A Level or Equivalent,20-Oct,0-35,0,120,0,Withdrawn,13,1,0,0,0,1,1,0,1,1,1,0,0,0,0,5
CCC,2014J,620652,0,South East Region,HE Qualification,90-100%,35-55,0,90,0,Pass,5,0,1,0,1,0,1,0,0,0,0,0,0,1,1,9
CCC,2014J,620716,0,Ireland,Lower Than A Level,60-70%,0-35,0,60,1,Pass,8,0,1,0,0,1,0,0,1,1,1,1,0,1,0,3
CCC,2014J,620782,0,West Midlands Region,A Level or Equivalent,50-60%,0-35,0,150,0,Withdrawn,2,1,1,0,0,0,0,0,0,1,0,1,1,0,0,2
CCC,2014J,620819,0,Ireland,A Level or Equivalent,60-70%,0-35,0,90,0,Withdrawn,4,1,0,1,1,1,1,1,1,0,1,0,1,1,1,8
CCC,2014J,620897,0,London Region,A Level or Equivalent,30-40%,0-35,1,120,0,Withdrawn,5,1,1,0,1,0,1,0,1,1,0,1,0,0,1,9
CCC,2014J,621001,0,London Region,A Level or Equivalent,20-Oct,0-35,0,120,0,Withdrawn,1,1,0,1,1,0,0,0,0,1,1,0,0,1,1,2
CCC,2014J,621300,0,London Region,A Level or Equivalent,30-40%,0-35,1,60,0,Pass,6,0,1,0,0,1,0,1,0,0,0,1,0,1,1,9
CCC,2014J,621380,0,South Region,Lower Than A Level,20-30%,0-35,0,90,0,Withdrawn,13,0,1,0,1,1,0,1,1,0,0,0,0,1,1,5
CCC,2014J,621414,0,North Region,Lower Than A Level,40-50%,35-55,0,60,0,Withdrawn,9,0,1,1,0,0,1,0,0,1,1,0,1,1,0,4
CCC,2014J,621442,0,Wales,Lower Than A Level,90-100%,0-35,0,60,0,Fail,1,1,1,1,0,1,0,0,1,1,1,1,1,1,1,2
CCC,2014J,621605,1,East Midlands Region,Lower Than A Level,80-90%,35-55,0,60,0,Pass,14,1,0,0,1,0,1,1,1,1,1,1,0,1,0,5
CCC,2014J,621696,0,London Region,A Level or Equivalent,40-50%,35-55,1,60,0,Pass,10,1,0,1,1,0,1,0,1,1,1,1,0,0,0,1
CCC,2014J,621699,1,East Midlands Region,Lower Than A Level,50-60%,0-35,0,150,0,Withdrawn,12,1,0,1,1,0,1,1,0,1,0,1,0,1,1,7
CCC,2014J,621884,1,South Region,A Level or Equivalent,60-70%,0-35,0,90,0,Distinction,14,1,1,1,1,1,1,1,0,0,1,0,1,1,0,5
CCC,2014J,621906,0,South East Region,Lower Than A Level,80-90%,0-35,0,60,0,Withdrawn,9,0,0,0,0,0,0,0,1,1,0,1,1,0,1,4
CCC,2014J,622015,0,Scotland,Lower Than A Level,70-80%,0-35,1,30,0,Withdrawn,7,0,1,0,0,1,1,0,1,0,1,0,0,1,1,3
CCC,2014J,622027,0,South Region,Lower Than A Level,30-40%,35-55,0,90,0,Withdrawn,14,0,0,0,0,0,0,0,1,1,1,0,0,1,1,5
CCC,2014J,622086,0,North Western Region,HE Qualification,90-100%,35-55,0,90,0,Withdrawn,6,1,0,1,0,1,0,0,1,1,0,1,0,1,0,9
CCC,2014J,622096,0,South Region,Lower Than A Level,90-100%,35-55,0,60,1,Withdrawn,16,1,0,1,0,0,1,1,1,0,1,1,1,0,0,10
CCC,2014J,622192,1,Scotland,A Level or Equivalent,30-40%,35-55,0,60,0,Pass,6,1,0,0,0,0,1,1,1,0,1,0,0,1,0,9
CCC,2014J,622374,0,North Western Region,HE Qualification,60-70%,35-55,0,60,0,Pass,10,0,1,0,0,1,1,0,0,0,1,0,1,1,1,1
CCC,2014J,622384,0,Scotland,A Level or Equivalent,80-90%,0-35,1,90,1,Fail,4,0,1,1,1,0,1,1,0,0,1,1,0,1,1,8
CCC,2014J,622413,1,South Region,Lower Than A Level,20-30%,0-35,0,30,0,Withdrawn,7,0,0,1,1,0,0,1,0,1,1,0,0,1,0,3
CCC,2014J,622425,0,North Western Region,A Level or Equivalent,40-50%,0-35,0,30,0,Withdrawn,5,0,0,0,1,1,0,0,0,0,0,1,0,0,1,9
CCC,2014J,622541,0,Scotland,HE Qualification,90-100%,0-35,0,60,0,Pass,11,1,0,1,1,0,0,0,1,0,0,1,1,0,0,6
CCC,2014J,622686,0,South Region,Lower Than A Level,50-60%,0-35,0,90,0,Withdrawn,2,1,1,0,0,1,1,1,1,1,1,0,1,0,0,2
CCC,2014J,622812,0,East Midlands Region,A Level or Equivalent,70-80%,0-35,0,30,1,Pass,12,1,1,1,1,1,1,0,1,0,1,0,0,0,1,7
CCC,2014J,622890,0,North Western Region,A Level or Equivalent,60-70%,0-35,0,60,0,Withdrawn,1,1,0,0,0,0,1,0,0,1,1,1,0,1,0,2
CCC,2014J,622935,0,London Region,Lower Than A Level,20-30%,0-35,0,60,0,Pass,9,0,1,0,1,1,1,1,1,1,0,0,1,0,1,4
CCC,2014J,622972,0,London Region,HE Qualification,80-90%,35-55,0,30,0,Fail,15,1,1,1,1,0,1,1,1,0,1,1,0,0,1,10
CCC,2014J,622976,0,South East Region,Lower Than A Level,80-90%,0-35,0,60,0,Pass,15,0,0,1,0,1,0,0,1,0,0,0,0,1,0,10
CCC,2014J,623002,0,South Region,Lower Than A Level,20-30%,0-35,0,60,1,Fail,11,1,0,0,0,1,0,0,1,1,1,1,1,1,0,6
CCC,2014J,623079,0,South West Region,Lower Than A Level,50-60%,0-35,0,60,0,Withdrawn,12,0,0,0,0,0,1,0,1,1,0,1,1,1,1,7
CCC,2014J,623100,0,London Region,A Level or Equivalent,40-50%,0-35,0,90,0,Distinction,2,1,0,1,0,1,1,1,0,0,0,1,1,1,1,2
CCC,2014J,623124,1,London Region,A Level or Equivalent,20-30%,0-35,0,150,0,Pass,10,0,0,0,1,1,0,1,1,0,0,1,0,1,1,1
CCC,2014J,623221,1,London Region,Lower Than A Level,80-90%,35-55,0,30,0,Distinction,8,0,0,1,1,1,1,1,0,0,0,1,0,0,1,3
CCC,2014J,623407,1,East Anglian Region,No Formal quals,40-50%,0-35,0,120,0,Withdrawn,7,0,1,0,0,0,1,0,1,1,0,0,1,0,0,3
CCC,2014J,623484,0,Wales,Lower Than A Level,0-10%,0-35,0,60,0,Distinction,6,1,0,1,0,1,0,1,1,1,0,1,0,0,1,9
CCC,2014J,623511,0,South Region,HE Qualification,70-80%,0-35,1,30,0,Distinction,16,1,1,0,0,1,1,0,0,0,1,1,0,1,1,10
CCC,2014J,623523,0,North Western Region,A Level or Equivalent,50-60%,35-55,0,90,0,Withdrawn,6,0,1,0,1,1,0,1,1,0,0,1,1,1,0,9
CCC,2014J,624060,1,North Region,Post Graduate Qualification,,35-55,1,30,0,Distinction,7,0,0,1,1,0,0,1,0,0,1,0,0,1,1,3
CCC,2014J,624092,0,South East Region,Lower Than A Level,70-80%,0-35,0,30,0,Fail,2,0,0,1,1,1,0,1,1,0,1,0,1,1,1,2
CCC,2014J,624126,0,South Region,Lower Than A Level,90-100%,0-35,1,90,0,Withdrawn,13,1,0,1,1,1,0,1,1,1,0,0,0,1,1,5
CCC,2014J,624156,0,West Midlands Region,A Level or Equivalent,0-10%,0-35,0,60,0,Fail,4,0,1,0,1,1,1,0,0,0,1,1,1,1,1,8
CCC,2014J,624209,0,North Western Region,A Level or Equivalent,0-10%,0-35,0,60,0,Pass,1,0,1,1,0,0,1,0,0,1,1,0,1,1,0,2
CCC,2014J,624256,1,East Anglian Region,A Level or Equivalent,30-40%,0-35,0,150,0,Pass,14,1,1,1,1,0,0,0,0,0,1,1,0,1,0,5
CCC,2014J,624354,1,South West Region,A Level or Equivalent,50-60%,0-35,1,60,0,Fail,10,0,0,1,0,1,0,0,1,1,1,1,0,0,0,1
CCC,2014J,624469,0,Yorkshire Region,Lower Than A Level,70-80%,35-55,0,60,0,Withdrawn,9,0,0,0,1,0,1,1,0,0,1,1,0,0,1,4
CCC,2014J,624493,0,North Western Region,Lower Than A Level,20-Oct,0-35,0,60,0,Pass,12,0,0,1,0,0,0,0,0,1,1,1,0,0,1,7
CCC,2014J,624585,0,East Anglian Region,Lower Than A Level,20-30%,0-35,0,60,0,Withdrawn,3,1,1,0,1,0,0,1,0,0,0,1,0,1,1,8
CCC,2014J,624730,0,Yorkshire Region,Lower Than A Level,20-Oct,0-35,1,60,0,Withdrawn,13,0,1,0,0,0,0,1,1,0,0,1,0,1,1,5
CCC,2014J,624789,0,Scotland,HE Qualification,0-10%,0-35,0,60,1,Pass,6,0,0,0,1,0,0,0,0,1,1,0,0,1,0,9
CCC,2014J,624860,0,East Midlands Region,Lower Than A Level,0-10%,0-35,0,30,0,Withdrawn,12,0,1,0,0,1,1,1,1,0,0,1,1,0,1,7
CCC,2014J,624927,0,East Midlands Region,HE Qualification,80-90%,0-35,0,60,0,Distinction,1,0,0,1,1,0,1,1,0,1,1,0,1,0,0,2
CCC,2014J,624957,0,North Region,Lower Than A Level,50-60%,0-35,0,60,0,Withdrawn,2,0,1,1,0,1,1,0,0,0,0,1,0,0,1,2
CCC,2014J,625067,0,West Midlands Region,HE Qualification,90-100%,0-35,0,30,0,Pass,5,1,0,1,1,0,0,1,1,1,1,1,0,0,1,9
CCC,2014J,625078,1,Wales,HE Qualification,0-10%,0-35,1,90,0,Withdrawn,7,0,0,1,0,0,0,0,1,1,1,1,1,1,0,3
CCC,2014J,625098,0,East Anglian Region,Lower Than A Level,30-40%,0-35,0,30,0,Fail,6,0,1,1,0,0,1,0,0,0,0,0,1,1,0,9
CCC,2014J,625100,1,West Midlands Region,Lower Than A Level,20-Oct,35-55,0,60,0,Fail,14,0,1,1,1,1,1,1,0,0,0,1,1,0,1,5
CCC,2014J,625126,0,North Western Region,Lower Than A Level,80-90%,0-35,1,90,0,Withdrawn,13,1,0,1,0,1,1,1,0,0,1,0,1,1,1,5
CCC,2014J,625218,1,South Region,A Level or Equivalent,90-100%,0-35,0,90,1,Withdrawn,10,1,1,0,0,1,1,1,0,0,1,1,1,0,1,1
CCC,2014J,625263,1,London Region,HE Qualification,0-10%,0-35,0,30,0,Pass,1,1,1,0,1,1,1,0,0,1,1,1,0,0,0,2
CCC,2014J,625288,0,East Midlands Region,A Level or Equivalent,40-50%,0-35,0,120,0,Withdrawn,13,1,1,0,0,0,0,0,0,1,1,0,1,1,0,5
CCC,2014J,625357,0,North Western Region,Lower Than A Level,60-70%,0-35,0,30,0,Pass,6,1,1,0,0,1,1,1,0,0,1,1,0,0,1,9
CCC,2014J,625541,0,Yorkshire Region,Lower Than A Level,20-30%,0-35,0,30,0,Fail,10,1,1,1,1,1,0,0,1,1,0,1,1,1,0,1
CCC,2014J,625928,1,North Region,Lower Than A Level,40-50%,0-35,0,90,0,Withdrawn,12,1,0,1,1,1,1,0,1,1,0,1,0,0,1,7
CCC,2014J,626103,0,South East Region,A Level or Equivalent,80-90%,35-55,0,60,0,Pass,11,0,0,0,0,0,0,0,1,0,1,0,1,1,1,6
CCC,2014J,626296,0,South Region,Lower Than A Level,80-90%,0-35,1,60,0,Pass,1,0,0,0,1,0,0,0,1,0,0,0,1,0,1,2
CCC,2014J,626407,0,South East Region,Lower Than A Level,20-30%,0-35,0,60,0,Fail,15,0,0,0,0,1,0,0,0,1,0,1,0,0,0,10
CCC,2014J,626417,0,Wales,Lower Than A Level,80-90%,0-35,1,60,0,Pass,11,0,0,1,0,1,0,1,0,0,0,1,1,0,0,6
CCC,2014J,626463,0,East Anglian Region,A Level or Equivalent,80-90%,0-35,0,120,1,Pass,4,1,1,1,1,0,0,1,0,0,1,0,1,1,0,8
CCC,2014J,626519,0,London Region,A Level or Equivalent,70-80%,0-35,0,30,0,Pass,7,1,0,1,0,0,1,1,1,0,1,0,0,0,0,3
CCC,2014J,626625,0,Scotland,A Level or Equivalent,50-60%,0-35,1,30,0,Fail,3,0,1,1,0,1,1,1,1,0,0,0,1,0,0,8
CCC,2014J,626753,0,North Region,A Level or Equivalent,0-10%,0-35,0,60,0,Withdrawn,2,0,1,1,1,0,1,1,1,1,1,1,1,0,1,2
CCC,2014J,626757,0,Yorkshire Region,A Level or Equivalent,50-60%,0-35,0,30,0,Pass,9,1,0,0,0,1,1,0,1,1,0,0,1,1,0,4
CCC,2014J,626768,0,London Region,A Level or Equivalent,40-50%,35-55,0,30,1,Withdrawn,15,1,1,0,1,1,0,1,0,1,1,0,0,1,0,10
CCC,2014J,626878,0,South West Region,A Level or Equivalent,50-60%,0-35,0,60,0,Fail,5,1,0,0,0,1,1,1,0,0,0,1,0,1,0,9
CCC,2014J,627184,0,North Western Region,A Level or Equivalent,20-Oct,0-35,0,30,0,Fail,16,1,0,1,0,0,0,0,0,1,1,0,1,1,0,10
CCC,2014J,627283,0,North Western Region,A Level or Equivalent,0-10%,0-35,0,120,0,Pass,3,0,0,0,1,1,1,0,1,1,1,0,1,0,1,8
CCC,2014J,627290,0,South East Region,Lower Than A Level,80-90%,0-35,0,30,0,Fail,15,1,0,0,0,0,0,0,0,0,1,0,0,0,0,10
CCC,2014J,627295,0,North Western Region,Lower Than A Level,20-Oct,0-35,0,120,1,Withdrawn,8,1,1,0,0,0,1,0,1,0,0,0,0,1,1,3
CCC,2014J,627401,0,London Region,HE Qualification,40-50%,0-35,0,60,0,Distinction,9,1,0,1,0,0,1,0,1,0,0,1,0,1,0,4
CCC,2014J,627417,1,Ireland,Post Graduate Qualification,,0-35,0,60,0,Pass,4,1,1,0,0,1,0,1,1,0,1,0,0,1,1,8
CCC,2014J,627450,0,North Region,Lower Than A Level,,0-35,0,30,0,Fail,3,0,0,0,0,1,1,1,1,0,1,0,1,0,1,8
CCC,2014J,627471,1,Scotland,Lower Than A Level,50-60%,0-35,0,30,0,Pass,8,1,1,1,0,1,1,1,1,0,1,0,0,1,1,3
CCC,2014J,627527,0,South West Region,A Level or Equivalent,70-80%,0-35,0,120,1,Pass,7,1,1,0,0,1,0,0,1,1,1,0,1,1,1,3
CCC,2014J,627581,0,South West Region,Lower Than A Level,20-Oct,35-55,0,90,1,Withdrawn,8,0,0,1,1,1,0,0,1,1,0,1,0,1,0,3
CCC,2014J,627599,0,South East Region,A Level or Equivalent,80-90%,0-35,0,30,0,Withdrawn,4,1,0,0,1,1,1,0,0,0,0,1,0,1,1,8
CCC,2014J,627947,1,South Region,A Level or Equivalent,20-30%,35-55,1,60,0,Withdrawn,8,0,0,0,1,1,0,0,0,1,0,1,1,1,0,3
CCC,2014J,628008,0,South East Region,Lower Than A Level,20-30%,0-35,0,60,0,Withdrawn,4,1,0,0,0,0,1,1,1,1,0,1,0,0,0,8
CCC,2014J,628034,1,North Region,HE Qualification,,55<=,0,60,0,Pass,8,0,0,1,0,1,1,1,1,0,0,1,0,0,0,3
CCC,2014J,628114,0,Scotland,A Level or Equivalent,70-80%,0-35,0,30,0,Pass,8,0,0,0,0,1,0,1,0,1,0,0,1,0,1,3
CCC,2014J,628216,0,South East Region,Lower Than A Level,90-100%,0-35,0,60,1,Pass,15,0,1,0,1,0,1,1,0,0,0,1,0,1,1,10
CCC,2014J,628300,0,East Anglian Region,A Level or Equivalent,40-50%,0-35,0,60,0,Pass,11,1,1,1,0,1,0,0,1,0,0,0,0,1,0,6
CCC,2014J,628361,0,Scotland,HE Qualification,60-70%,35-55,0,60,0,Distinction,9,1,0,0,1,1,0,0,0,0,0,1,0,1,0,4
CCC,2014J,628376,0,Scotland,HE Qualification,40-50%,0-35,0,60,0,Pass,3,1,1,1,0,1,0,0,0,1,0,1,1,1,1,8
CCC,2014J,628407,0,West Midlands Region,Lower Than A Level,50-60%,0-35,0,60,0,Pass,7,1,1,0,1,0,0,1,0,0,0,0,0,1,0,3
CCC,2014J,628480,0,West Midlands Region,Lower Than A Level,70-80%,0-35,0,90,0,Withdrawn,4,0,1,0,0,1,0,1,1,0,0,1,0,1,0,8
CCC,2014J,628618,0,South West Region,A Level or Equivalent,60-70%,0-35,0,30,0,Fail,7,1,0,0,0,0,1,0,1,0,1,0,0,0,0,3
CCC,2014J,628706,0,South East Region,A Level or Equivalent,60-70%,0-35,0,150,1,Withdrawn,8,1,1,1,0,1,0,0,1,0,1,0,0,1,1,3
CCC,2014J,628717,0,London Region,A Level or Equivalent,30-40%,0-35,0,180,0,Withdrawn,11,0,1,0,0,0,0,1,0,1,0,1,0,0,0,6
CCC,2014J,628720,0,East Anglian Region,A Level or Equivalent,80-90%,0-35,0,60,0,Withdrawn,8,1,0,1,1,1,0,1,1,0,0,0,1,1,0,3
CCC,2014J,628777,0,London Region,A Level or Equivalent,50-60%,0-35,0,30,0,Pass,1,1,0,1,0,1,0,1,0,0,0,1,0,0,1,2
CCC,2014J,628803,0,London Region,A Level or Equivalent,20-30%,35-55,1,180,0,Withdrawn,15,1,0,0,1,1,0,0,0,1,0,1,1,1,1,10
CCC,2014J,628806,0,South Region,A Level or Equivalent,50-60%,0-35,0,60,0,Withdrawn,3,0,0,1,0,0,0,1,0,1,1,1,0,0,1,8
CCC,2014J,628846,0,South West Region,A Level or Equivalent,70-80%,0-35,1,180,0,Pass,1,1,0,0,0,1,1,1,1,1,0,0,1,0,1,2
CCC,2014J,628910,0,London Region,A Level or Equivalent,60-70%,0-35,0,30,0,Pass,15,1,1,1,1,1,0,0,0,0,0,0,1,1,1,10
CCC,2014J,629014,1,South East Region,Lower Than A Level,30-40%,35-55,0,90,0,Withdrawn,3,0,1,1,0,1,0,0,1,0,1,1,0,0,0,8
CCC,2014J,629056,0,Wales,Lower Than A Level,0-10%,0-35,1,60,1,Withdrawn,11,1,1,0,0,1,1,0,1,1,1,1,1,1,0,6
CCC,2014J,629096,0,West Midlands Region,Lower Than A Level,40-50%,0-35,0,60,0,Fail,12,0,1,1,0,0,0,1,1,0,1,0,1,1,1,7
CCC,2014J,629400,0,Scotland,A Level or Equivalent,90-100%,0-35,0,90,0,Withdrawn,5,0,1,1,1,0,1,0,0,0,1,0,1,0,1,9
CCC,2014J,629405,0,London Region,A Level or Equivalent,0-10%,0-35,0,60,0,Pass,10,1,0,0,1,0,1,1,1,0,0,1,1,0,1,1
CCC,2014J,629523,1,East Anglian Region,Lower Than A Level,40-50%,0-35,0,60,0,Distinction,7,0,1,0,0,0,0,0,0,0,0,0,1,0,1,3
CCC,2014J,629535,0,East Midlands Region,HE Qualification,20-Oct,0-35,0,60,0,Fail,6,1,1,1,0,1,0,0,0,0,0,1,1,0,1,9
CCC,2014J,629560,1,North Western Region,Lower Than A Level,40-50%,0-35,1,60,0,Withdrawn,14,1,0,1,0,1,0,0,0,0,0,0,1,1,1,5
CCC,2014J,629607,0,Scotland,Lower Than A Level,0-10%,35-55,0,60,0,Pass,10,0,1,1,1,0,1,1,1,1,1,0,1,1,1,1
CCC,2014J,629692,0,North Western Region,A Level or Equivalent,20-Oct,0-35,1,60,0,Distinction,7,0,1,0,0,1,0,1,1,1,1,1,1,0,1,3
CCC,2014J,629696,0,Wales,HE Qualification,80-90%,0-35,1,60,0,Distinction,12,1,0,1,0,0,1,1,0,1,1,1,0,0,1,7
CCC,2014J,629748,1,East Anglian Region,A Level or Equivalent,80-90%,0-35,0,90,0,Withdrawn,9,0,1,1,0,1,0,1,0,1,0,1,1,1,0,4
CCC,2014J,629822,0,East Anglian Region,Lower Than A Level,80-90%,0-35,0,60,1,Withdrawn,15,0,0,1,1,1,0,0,0,0,1,0,1,1,1,10
CCC,2014J,630013,0,West Midlands Region,A Level or Equivalent,40-50%,0-35,0,60,0,Fail,14,0,1,0,1,0,0,1,1,1,1,0,1,0,1,5
CCC,2014J,630073,0,Scotland,HE Qualification,0-10%,0-35,0,90,0,Withdrawn,2,0,1,0,0,1,0,0,0,1,0,1,1,0,0,2
CCC,2014J,630165,0,North Region,A Level or Equivalent,90-100%,0-35,0,30,0,Withdrawn,7,1,1,0,0,0,0,0,1,1,0,0,1,1,1,3
CCC,2014J,630177,0,Yorkshire Region,HE Qualification,20-30%,0-35,0,60,0,Pass,9,0,0,1,0,0,0,1,0,1,0,1,1,0,1,4
CCC,2014J,630200,1,East Midlands Region,A Level or Equivalent,60-70%,0-35,1,30,0,Fail,10,1,1,1,1,0,0,0,0,1,1,0,0,1,1,1
CCC,2014J,630430,1,Ireland,A Level or Equivalent,50-60%,35-55,0,120,0,Pass,7,1,0,1,0,0,0,1,1,1,0,1,1,0,1,3
CCC,2014J,630431,1,Ireland,A Level or Equivalent,60-70%,0-35,0,120,0,Fail,3,1,0,1,1,1,1,1,0,1,0,0,1,1,0,8
CCC,2014J,630452,0,South Region,A Level or Equivalent,20-30%,0-35,0,60,0,Pass,7,0,0,1,0,1,1,0,0,1,1,0,0,1,0,3
CCC,2014J,630467,0,London Region,HE Qualification,60-70%,35-55,0,60,0,Distinction,11,1,1,1,1,1,0,0,0,0,0,1,1,1,1,6
CCC,2014J,630479,0,London Region,Lower Than A Level,20-Oct,0-35,0,60,0,Pass,1,1,0,0,1,0,1,0,0,0,1,0,1,0,1,2
CCC,2014J,630510,0,South East Region,A Level or Equivalent,20-30%,0-35,0,240,0,Withdrawn,10,1,1,0,1,1,0,0,0,0,0,1,0,0,0,1
CCC,2014J,630519,0,East Midlands Region,HE Qualification,50-60%,0-35,0,60,0,Pass,15,0,1,1,0,1,0,1,0,0,0,1,1,1,1,10
CCC,2014J,630541,0,North Western Region,Lower Than A Level,0-10%,0-35,0,90,0,Withdrawn,9,1,1,0,0,0,0,0,0,0,1,1,1,0,0,4
CCC,2014J,630891,0,Scotland,A Level or Equivalent,80-90%,0-35,0,60,0,Withdrawn,2,0,1,0,0,1,1,0,0,1,0,0,1,0,1,2
CCC,2014J,630905,0,Wales,HE Qualification,50-60%,0-35,0,120,0,Distinction,3,1,0,1,0,1,1,0,1,0,0,1,1,0,1,8
CCC,2014J,630935,0,London Region,Lower Than A Level,60-70%,35-55,0,60,0,Pass,8,1,1,0,1,0,0,1,1,1,0,0,1,1,0,3
CCC,2014J,631016,0,North Region,Lower Than A Level,0-10%,0-35,0,90,0,Withdrawn,11,0,0,0,0,1,0,0,0,0,0,1,0,0,1,6
CCC,2014J,631023,0,East Anglian Region,A Level or Equivalent,70-80%,0-35,1,60,0,Withdrawn,8,0,1,1,1,1,1,1,0,0,1,1,0,1,0,3
CCC,2014J,631073,0,South West Region,HE Qualification,30-40%,0-35,0,30,0,Fail,9,1,0,0,0,1,1,0,0,1,0,0,1,0,0,4
CCC,2014J,631117,0,North Region,HE Qualification,,35-55,0,30,0,Distinction,15,0,0,1,0,0,0,1,1,1,1,1,0,0,1,10
CCC,2014J,631247,0,South Region,A Level or Equivalent,90-100%,0-35,0,60,0,Distinction,2,0,0,1,1,1,1,1,0,1,1,1,1,1,0,2
CCC,2014J,631356,0,South Region,HE Qualification,70-80%,0-35,0,60,0,Withdrawn,3,1,0,1,1,1,1,0,0,0,0,0,0,1,0,8
CCC,2014J,631491,0,London Region,Post Graduate Qualification,20-30%,35-55,0,90,0,Distinction,11,0,0,1,0,0,0,1,1,0,0,1,1,1,1,6
CCC,2014J,631573,1,North Western Region,Lower Than A Level,40-50%,0-35,0,30,0,Pass,9,0,1,1,1,1,0,1,0,0,0,1,1,0,0,4
CCC,2014J,631663,1,London Region,A Level or Equivalent,30-40%,0-35,1,60,0,Pass,5,0,1,1,0,1,0,0,0,1,0,0,0,1,0,9
CCC,2014J,631771,0,East Midlands Region,HE Qualification,70-80%,0-35,0,60,0,Distinction,9,1,1,1,0,1,0,0,0,1,0,0,1,1,1,4
CCC,2014J,631851,0,North Region,HE Qualification,,0-35,0,60,0,Distinction,10,0,0,0,1,1,0,0,1,0,0,0,1,1,1,1
CCC,2014J,631860,0,Wales,A Level or Equivalent,70-80%,0-35,0,60,0,Withdrawn,7,1,0,0,0,1,0,0,1,1,1,1,1,1,1,3
CCC,2014J,631870,0,East Midlands Region,A Level or Equivalent,0-10%,0-35,0,90,0,Withdrawn,13,1,1,0,1,1,1,1,1,1,0,1,0,1,1,5
CCC,2014J,631880,0,East Midlands Region,Lower Than A Level,0-10%,0-35,0,90,0,Withdrawn,12,0,1,1,0,0,0,1,1,1,0,0,1,0,0,7
CCC,2014J,631924,1,North Western Region,A Level or Equivalent,90-100%,0-35,0,120,0,Pass,11,1,0,1,0,0,0,1,0,1,0,0,0,0,0,6
CCC,2014J,632004,0,West Midlands Region,HE Qualification,60-70%,35-55,0,30,0,Pass,3,0,1,0,0,0,1,0,1,0,0,0,1,0,1,8
CCC,2014J,632083,0,West Midlands Region,A Level or Equivalent,80-90%,35-55,0,30,0,Pass,6,1,1,1,1,1,1,1,1,0,0,1,1,0,0,9
CCC,2014J,632134,0,Yorkshire Region,A Level or Equivalent,30-40%,35-55,1,30,0,Fail,7,0,1,0,0,0,1,0,1,1,0,1,1,0,0,3
CCC,2014J,632260,1,South West Region,Lower Than A Level,40-50%,0-35,1,60,0,Withdrawn,12,1,1,0,1,0,1,0,0,0,1,1,0,1,0,7
CCC,2014J,632378,0,Yorkshire Region,A Level or Equivalent,20-30%,35-55,0,30,0,Distinction,6,0,1,1,1,0,0,1,0,0,0,1,1,0,1,9
CCC,2014J,632389,0,North Region,A Level or Equivalent,60-70%,0-35,0,60,0,Withdrawn,7,1,1,1,0,1,1,0,0,0,1,0,1,1,1,3
CCC,2014J,632451,1,South East Region,A Level or Equivalent,60-70%,35-55,0,60,0,Pass,4,0,1,0,1,1,0,1,1,1,0,0,1,0,1,8
CCC,2014J,632575,0,East Midlands Region,Lower Than A Level,30-40%,0-35,0,60,1,Pass,5,0,1,1,1,1,1,1,1,1,0,0,0,1,0,9
CCC,2014J,632626,0,South East Region,A Level or Equivalent,30-40%,35-55,0,90,0,Withdrawn,15,0,0,1,0,1,0,1,1,0,1,0,0,1,1,10
CCC,2014J,632637,0,Yorkshire Region,Lower Than A Level,20-30%,0-35,1,60,0,Fail,2,0,0,1,1,1,0,0,0,0,1,0,1,0,1,2
CCC,2014J,632700,0,London Region,A Level or Equivalent,0-10%,0-35,0,60,0,Withdrawn,4,0,1,1,1,0,1,0,0,1,1,0,1,0,1,8
CCC,2014J,632709,1,East Midlands Region,A Level or Equivalent,70-80%,0-35,0,30,0,Pass,16,1,0,0,1,0,0,0,1,1,1,1,0,1,0,10
CCC,2014J,632756,0,North Region,HE Qualification,,35-55,0,60,0,Distinction,15,0,0,1,1,1,1,0,1,1,1,1,0,0,0,10
CCC,2014J,632866,1,Yorkshire Region,Lower Than A Level,60-70%,0-35,0,60,0,Withdrawn,7,0,1,1,1,0,0,1,0,0,1,1,0,0,0,3
CCC,2014J,632904,0,Scotland,HE Qualification,40-50%,0-35,1,60,0,Withdrawn,8,1,1,0,0,1,0,1,0,0,1,1,1,0,1,3
CCC,2014J,632929,0,South East Region,A Level or Equivalent,30-40%,0-35,0,60,1,Withdrawn,7,1,0,1,1,1,1,1,1,1,0,0,0,1,0,3
CCC,2014J,632942,1,London Region,Lower Than A Level,80-90%,35-55,0,120,0,Withdrawn,5,1,1,1,1,1,0,0,1,1,0,1,1,0,0,9
CCC,2014J,633008,0,Wales,Post Graduate Qualification,80-90%,35-55,0,30,0,Distinction,8,0,1,0,0,0,1,0,0,0,1,1,0,1,0,3
CCC,2014J,633047,0,North Western Region,A Level or Equivalent,30-40%,0-35,0,30,0,Fail,5,0,1,0,0,1,1,0,0,1,0,0,1,1,1,9
CCC,2014J,633069,0,Scotland,A Level or Equivalent,70-80%,35-55,0,30,0,Distinction,13,1,0,0,0,1,0,1,0,0,0,1,0,1,1,5
CCC,2014J,633157,0,West Midlands Region,A Level or Equivalent,80-90%,0-35,0,60,0,Withdrawn,9,0,0,1,0,0,1,0,1,1,0,0,1,1,0,4
CCC,2014J,633179,0,North Western Region,HE Qualification,40-50%,35-55,0,60,0,Pass,8,1,0,1,0,1,1,1,1,0,0,1,1,1,1,3
CCC,2014J,633198,1,East Anglian Region,Lower Than A Level,20-30%,0-35,0,60,0,Fail,7,1,0,0,1,1,0,1,0,0,0,0,1,1,0,3
CCC,2014J,633205,0,East Midlands Region,A Level or Equivalent,90-100%,0-35,0,180,0,Withdrawn,14,0,1,1,1,1,1,0,1,0,0,1,0,0,0,5
CCC,2014J,633238,1,South East Region,Lower Than A Level,70-80%,0-35,0,90,0,Withdrawn,11,0,0,1,0,0,1,0,0,0,1,1,0,1,0,6
CCC,2014J,633303,0,East Midlands Region,Post Graduate Qualification,60-70%,35-55,0,60,0,Distinction,8,0,0,1,0,1,0,0,0,1,1,0,1,0,0,3
CCC,2014J,633328,1,London Region,Post Graduate Qualification,20-30%,35-55,0,60,0,Withdrawn,1,1,1,0,0,1,1,0,1,0,1,0,1,0,1,2
CCC,2014J,633334,0,East Anglian Region,Lower Than A Level,20-30%,35-55,0,90,0,Fail,7,1,1,1,1,1,0,1,1,1,1,1,1,1,0,3
CCC,2014J,633504,0,South West Region,A Level or Equivalent,50-60%,0-35,0,120,0,Distinction,6,1,0,0,1,0,1,1,0,0,1,1,1,0,0,9
CCC,2014J,633511,0,East Anglian Region,A Level or Equivalent,50-60%,0-35,0,30,0,Pass,2,1,1,0,0,0,0,1,0,0,0,0,0,1,0,2
CCC,2014J,633544,0,Scotland,Lower Than A Level,20-30%,0-35,0,60,0,Pass,8,0,1,1,1,1,0,0,1,1,1,0,1,0,0,3
CCC,2014J,633618,0,West Midlands Region,A Level or Equivalent,40-50%,0-35,0,90,0,Withdrawn,12,0,0,0,0,1,0,0,1,1,1,1,1,1,0,7
CCC,2014J,633634,0,North Region,A Level or Equivalent,20-Oct,0-35,0,30,0,Fail,6,0,0,0,0,0,0,0,0,0,1,0,0,0,0,9
CCC,2014J,633647,0,London Region,A Level or Equivalent,50-60%,35-55,0,30,0,Pass,13,1,1,1,1,1,1,1,0,1,0,1,0,1,0,5
CCC,2014J,633655,0,South West Region,A Level or Equivalent,80-90%,35-55,0,60,0,Distinction,10,1,0,1,1,1,0,1,0,1,0,0,0,1,0,1
CCC,2014J,633746,0,Yorkshire Region,A Level or Equivalent,40-50%,0-35,0,30,0,Pass,2,1,1,1,1,1,0,0,0,1,1,1,0,0,0,2
CCC,2014J,633756,0,South West Region,Lower Than A Level,50-60%,0-35,0,60,0,Withdrawn,12,0,0,1,0,0,0,1,0,0,0,1,0,0,0,7
CCC,2014J,633914,1,East Midlands Region,A Level or Equivalent,50-60%,0-35,0,60,0,Pass,5,0,0,0,0,1,0,1,1,1,0,0,1,0,1,9
CCC,2014J,633960,0,North Region,Post Graduate Qualification,,35-55,0,60,0,Distinction,6,0,0,0,0,1,0,0,0,1,0,0,1,1,0,9
CCC,2014J,633990,0,Yorkshire Region,A Level or Equivalent,0-10%,0-35,0,30,0,Withdrawn,3,0,1,0,0,1,0,0,1,0,0,1,1,0,1,8
CCC,2014J,634111,0,South East Region,HE Qualification,60-70%,0-35,0,90,0,Withdrawn,3,0,0,0,0,1,0,0,1,0,1,1,1,1,1,8
CCC,2014J,634119,1,South Region,A Level or Equivalent,40-50%,0-35,0,60,0,Pass,14,1,1,1,1,1,0,1,0,0,0,0,1,0,0,5
CCC,2014J,634193,0,East Midlands Region,Lower Than A Level,20-30%,0-35,0,30,0,Withdrawn,11,0,0,0,0,1,1,0,0,1,0,0,0,1,1,6
CCC,2014J,634200,0,Scotland,HE Qualification,60-70%,0-35,0,60,0,Pass,1,0,0,0,1,1,1,1,1,0,1,0,1,1,0,2
CCC,2014J,634309,0,London Region,A Level or Equivalent,0-10%,0-35,0,30,0,Fail,6,0,0,1,1,0,1,1,1,0,1,0,0,0,1,9
CCC,2014J,634351,0,East Anglian Region,A Level or Equivalent,90-100%,0-35,0,60,0,Pass,8,1,1,1,0,0,0,1,1,1,1,1,0,0,1,3
CCC,2014J,634365,1,East Anglian Region,HE Qualification,70-80%,35-55,0,30,0,Distinction,4,1,1,1,1,0,0,0,1,1,1,0,1,1,0,8
CCC,2014J,634420,1,Ireland,Lower Than A Level,,0-35,0,30,0,Withdrawn,8,0,1,1,1,1,1,1,1,0,0,1,1,0,0,3
CCC,2014J,634536,0,East Midlands Region,HE Qualification,90-100%,0-35,0,120,0,Pass,13,1,1,1,1,1,1,1,1,0,1,1,0,0,1,5
CCC,2014J,634552,0,South East Region,A Level or Equivalent,80-90%,0-35,0,60,0,Pass,10,0,0,1,0,0,0,0,1,1,1,0,0,1,1,1
CCC,2014J,634600,0,Scotland,Lower Than A Level,0-10%,0-35,0,60,0,Fail,10,0,0,1,1,0,1,1,1,1,0,1,1,1,0,1
CCC,2014J,634648,0,Yorkshire Region,A Level or Equivalent,20-30%,0-35,0,60,0,Pass,12,0,1,1,1,0,0,0,0,1,0,1,0,1,1,7
CCC,2014J,634655,0,London Region,HE Qualification,40-50%,35-55,1,60,0,Withdrawn,11,0,1,0,0,0,0,1,0,1,0,0,0,0,0,6
CCC,2014J,634721,0,Scotland,A Level or Equivalent,70-80%,0-35,0,60,0,Fail,1,1,0,1,0,0,0,1,0,1,1,1,1,1,0,2
CCC,2014J,634776,0,East Midlands Region,A Level or Equivalent,70-80%,0-35,0,90,0,Withdrawn,6,0,0,1,1,1,1,0,1,1,0,1,0,0,1,9
CCC,2014J,634817,0,North Region,Lower Than A Level,80-90%,0-35,1,60,0,Withdrawn,16,0,0,0,0,0,1,1,0,0,1,1,1,1,1,10
CCC,2014J,634824,0,South Region,A Level or Equivalent,90-100%,0-35,0,60,0,Pass,7,0,0,1,0,1,0,0,1,1,0,0,1,1,0,3
CCC,2014J,634853,0,Ireland,Post Graduate Qualification,,0-35,1,30,0,Pass,3,1,1,1,1,1,0,0,1,1,0,0,1,0,0,8
CCC,2014J,635410,0,South Region,A Level or Equivalent,40-50%,0-35,0,150,1,Withdrawn,4,1,1,1,1,1,0,0,0,1,1,0,1,1,1,8
CCC,2014J,635573,0,Scotland,A Level or Equivalent,50-60%,0-35,0,30,0,Distinction,5,0,0,1,0,1,0,1,0,1,1,1,1,1,1,9
CCC,2014J,635711,0,East Midlands Region,HE Qualification,90-100%,35-55,0,60,0,Pass,3,1,0,0,0,0,0,1,0,1,1,1,0,0,0,8
CCC,2014J,635802,1,South East Region,A Level or Equivalent,90-100%,0-35,0,90,0,Distinction,1,0,1,1,1,0,0,1,1,0,1,0,0,1,1,2
CCC,2014J,636000,0,South East Region,A Level or Equivalent,20-Oct,0-35,0,30,0,Pass,5,0,0,1,1,1,0,0,0,0,0,0,1,0,0,9
CCC,2014J,636124,0,East Midlands Region,Post Graduate Qualification,60-70%,35-55,0,60,0,Distinction,4,0,0,1,1,1,1,1,1,1,0,1,0,1,0,8
CCC,2014J,636243,1,North Western Region,A Level or Equivalent,20-30%,0-35,0,120,0,Withdrawn,4,0,1,0,1,1,1,0,1,1,1,1,0,0,0,8
CCC,2014J,636364,0,West Midlands Region,Lower Than A Level,20-30%,0-35,0,90,0,Distinction,13,1,0,0,0,1,1,0,0,0,1,0,0,1,0,5
CCC,2014J,636387,1,North Region,A Level or Equivalent,,0-35,0,120,0,Distinction,11,1,0,0,1,1,0,0,1,0,0,1,0,0,1,6
CCC,2014J,636420,0,East Midlands Region,Lower Than A Level,20-Oct,0-35,0,120,0,Withdrawn,6,0,1,1,1,0,1,1,0,0,1,0,1,0,0,9
CCC,2014J,636422,0,London Region,HE Qualification,70-80%,0-35,0,30,0,Pass,2,1,0,1,0,0,1,1,0,0,0,0,0,1,1,2
CCC,2014J,636443,0,North Region,A Level or Equivalent,60-70%,0-35,0,90,0,Withdrawn,4,0,0,1,0,0,1,0,1,0,0,1,0,1,0,8
CCC,2014J,636628,0,South East Region,A Level or Equivalent,30-40%,0-35,0,120,1,Withdrawn,9,0,0,1,0,0,0,1,0,1,0,0,0,1,0,4
CCC,2014J,636716,0,East Anglian Region,A Level or Equivalent,60-70%,0-35,0,120,0,Distinction,9,1,1,0,0,1,1,1,1,1,1,1,0,0,1,4
CCC,2014J,636732,1,London Region,A Level or Equivalent,30-40%,0-35,0,90,0,Fail,1,1,0,1,0,0,0,1,1,0,1,1,1,0,0,2
CCC,2014J,636743,0,East Anglian Region,A Level or Equivalent,30-40%,35-55,0,60,0,Withdrawn,9,1,1,0,0,0,0,1,0,0,0,0,0,0,0,4
CCC,2014J,636783,0,North Region,HE Qualification,40-50%,0-35,0,150,0,Distinction,14,0,1,0,0,0,0,1,0,0,0,1,1,1,0,5
CCC,2014J,636996,0,Scotland,A Level or Equivalent,60-70%,0-35,0,90,1,Pass,10,1,0,0,0,0,1,1,0,0,0,1,1,1,1,1
CCC,2014J,637070,0,Scotland,HE Qualification,30-40%,0-35,0,60,1,Pass,5,1,0,0,1,1,1,1,1,1,1,0,1,0,1,9
CCC,2014J,637086,1,East Midlands Region,A Level or Equivalent,30-40%,0-35,0,90,0,Withdrawn,14,0,1,0,0,0,1,0,1,0,1,1,1,1,1,5
CCC,2014J,637089,0,Wales,A Level or Equivalent,70-80%,0-35,0,180,0,Withdrawn,3,0,0,1,1,1,0,0,0,0,0,1,1,0,1,8
CCC,2014J,637325,0,Scotland,HE Qualification,50-60%,35-55,0,90,0,Withdrawn,16,1,0,0,0,0,0,0,1,0,0,1,1,0,1,10
CCC,2014J,637691,0,East Midlands Region,A Level or Equivalent,90-100%,0-35,0,90,0,Fail,16,0,1,0,0,1,1,0,0,1,0,0,0,0,0,10
CCC,2014J,637708,0,East Anglian Region,HE Qualification,80-90%,0-35,0,120,0,Distinction,12,1,0,0,1,0,0,0,0,0,0,0,0,0,0,7
CCC,2014J,637754,0,North Region,A Level or Equivalent,,35-55,0,120,1,Distinction,11,0,1,0,1,0,0,1,0,0,1,0,0,1,0,6
CCC,2014J,637939,0,South West Region,A Level or Equivalent,0-10%,0-35,0,150,0,Withdrawn,9,1,1,1,1,0,1,0,1,1,0,1,1,1,0,4
CCC,2014J,638018,0,South Region,A Level or Equivalent,30-40%,0-35,0,60,0,Pass,16,1,0,1,0,0,0,1,1,1,0,1,1,0,0,10
CCC,2014J,638040,0,Scotland,Post Graduate Qualification,50-60%,0-35,0,120,0,Withdrawn,8,0,0,1,0,1,1,1,0,0,1,1,1,1,0,3
CCC,2014J,638243,0,West Midlands Region,A Level or Equivalent,0-10%,0-35,0,120,1,Withdrawn,5,1,1,1,1,1,0,1,0,1,0,0,1,1,1,9
CCC,2014J,638254,1,Scotland,A Level or Equivalent,40-50%,0-35,0,120,0,Pass,12,1,1,1,0,0,0,1,1,0,1,1,1,0,1,7
CCC,2014J,638426,0,Wales,HE Qualification,30-40%,55<=,0,280,0,Withdrawn,7,1,0,0,1,1,1,1,0,1,0,0,1,0,1,3
CCC,2014J,638504,1,South West Region,A Level or Equivalent,80-90%,35-55,0,60,0,Withdrawn,14,0,0,1,0,0,1,0,1,1,1,1,0,0,1,5
CCC,2014J,638771,0,South East Region,A Level or Equivalent,20-Oct,0-35,0,60,0,Pass,5,1,1,0,0,0,0,1,1,0,0,0,1,0,1,9
CCC,2014J,639012,1,North Western Region,A Level or Equivalent,80-90%,0-35,0,150,0,Fail,13,0,0,1,0,1,0,0,1,0,1,1,1,1,0,5
CCC,2014J,639176,1,Yorkshire Region,A Level or Equivalent,20-30%,0-35,0,360,1,Withdrawn,10,1,1,0,0,0,0,1,1,0,0,1,0,1,0,1
CCC,2014J,639232,0,London Region,A Level or Equivalent,20-Oct,35-55,0,120,0,Withdrawn,7,0,1,1,0,0,1,0,1,0,0,0,0,0,0,3
CCC,2014J,640109,0,London Region,No Formal quals,20-Oct,35-55,0,90,0,Withdrawn,9,1,0,1,0,0,1,0,0,0,0,1,1,0,0,4
CCC,2014J,640443,0,West Midlands Region,A Level or Equivalent,40-50%,0-35,0,120,1,Withdrawn,1,1,1,1,0,0,0,0,1,1,0,1,1,1,1,2
CCC,2014J,640662,1,South West Region,HE Qualification,40-50%,35-55,0,90,0,Withdrawn,6,1,0,0,0,0,0,0,0,0,1,1,1,0,1,9
CCC,2014J,640773,0,South West Region,Lower Than A Level,20-Oct,0-35,0,150,1,Pass,2,1,1,1,1,0,0,1,1,0,1,1,0,0,0,2
CCC,2014J,641347,0,Scotland,A Level or Equivalent,30-40%,0-35,0,60,0,Withdrawn,7,0,1,1,1,0,0,1,0,0,1,1,1,0,0,3
CCC,2014J,641363,0,North Region,A Level or Equivalent,70-80%,0-35,0,120,0,Pass,9,0,0,0,1,0,0,1,1,1,1,1,0,1,1,4
CCC,2014J,641684,0,London Region,Lower Than A Level,30-40%,0-35,0,120,0,Withdrawn,7,1,1,1,1,1,0,1,1,0,1,1,1,1,0,3
CCC,2014J,641696,0,North Region,Lower Than A Level,,0-35,0,30,0,Pass,5,1,0,0,0,1,0,0,1,1,1,1,1,1,0,9
CCC,2014J,641804,0,West Midlands Region,A Level or Equivalent,50-60%,0-35,0,120,0,Fail,15,1,0,1,1,0,0,1,1,0,1,1,1,1,1,10
CCC,2014J,642066,0,South West Region,A Level or Equivalent,20-30%,0-35,0,90,0,Withdrawn,9,0,1,0,1,1,1,0,1,0,1,0,0,1,1,4
CCC,2014J,642261,0,North Region,A Level or Equivalent,40-50%,0-35,0,30,0,Withdrawn,11,1,0,0,0,0,0,0,1,0,0,1,1,0,0,6
CCC,2014J,642291,1,Wales,Lower Than A Level,20-Oct,0-35,0,30,0,Distinction,16,0,1,1,1,0,1,0,0,1,1,1,1,0,1,10
CCC,2014J,642591,0,East Anglian Region,Lower Than A Level,70-80%,35-55,0,60,0,Pass,8,1,1,0,1,0,0,1,1,0,0,0,0,1,0,3
CCC,2014J,642627,0,London Region,A Level or Equivalent,60-70%,0-35,0,90,0,Withdrawn,13,1,0,1,0,0,0,1,0,0,0,0,1,0,0,5
CCC,2014J,642744,0,East Midlands Region,A Level or Equivalent,50-60%,0-35,0,150,0,Withdrawn,16,0,1,1,0,0,1,1,0,0,0,1,1,1,1,10
CCC,2014J,642790,0,London Region,Lower Than A Level,20-Oct,35-55,0,150,0,Withdrawn,4,1,1,1,0,1,0,1,0,0,1,1,0,0,1,8
CCC,2014J,642817,1,East Anglian Region,A Level or Equivalent,90-100%,0-35,0,120,0,Pass,3,0,0,1,0,0,1,1,1,0,1,1,0,0,0,8
CCC,2014J,642838,1,Yorkshire Region,A Level or Equivalent,20-Oct,0-35,0,90,0,Pass,6,0,1,1,1,1,0,1,0,0,0,1,1,0,0,9
CCC,2014J,642839,1,West Midlands Region,Lower Than A Level,0-10%,0-35,0,150,0,Withdrawn,11,1,1,0,1,0,1,0,0,0,0,0,0,0,1,6
CCC,2014J,642850,0,Wales,A Level or Equivalent,50-60%,0-35,0,60,0,Distinction,9,1,0,0,0,1,0,0,0,1,1,0,1,1,0,4
CCC,2014J,642902,1,London Region,A Level or Equivalent,20-Oct,0-35,0,60,0,Pass,2,0,1,1,0,1,0,1,1,1,1,0,1,0,0,2
CCC,2014J,643114,0,Wales,Lower Than A Level,20-30%,0-35,0,150,0,Withdrawn,14,1,0,0,0,1,1,0,0,1,0,0,1,1,0,5
CCC,2014J,643199,0,East Midlands Region,HE Qualification,70-80%,35-55,0,120,0,Withdrawn,10,1,1,1,0,1,1,1,0,0,0,0,0,1,0,1
CCC,2014J,643200,0,North Western Region,Lower Than A Level,20-30%,0-35,0,90,0,Withdrawn,6,0,1,1,0,0,1,1,1,1,1,1,0,1,1,9
CCC,2014J,643269,1,West Midlands Region,HE Qualification,60-70%,0-35,0,120,0,Withdrawn,1,0,1,1,1,1,1,0,0,0,0,1,0,0,0,2
CCC,2014J,643278,1,East Anglian Region,A Level or Equivalent,90-100%,35-55,0,60,0,Withdrawn,16,1,1,0,0,1,1,1,1,0,1,0,0,0,1,10
CCC,2014J,643309,0,East Anglian Region,A Level or Equivalent,40-50%,35-55,0,120,0,Withdrawn,5,1,1,0,0,1,1,1,1,0,1,1,1,1,0,9
CCC,2014J,643357,1,East Anglian Region,A Level or Equivalent,20-30%,0-35,0,120,0,Withdrawn,6,1,1,0,0,0,1,1,1,0,0,1,1,0,1,9
CCC,2014J,643403,0,Yorkshire Region,HE Qualification,60-70%,0-35,0,60,0,Distinction,3,0,1,0,1,1,0,0,1,0,0,1,0,1,1,8
CCC,2014J,643404,1,Scotland,HE Qualification,40-50%,0-35,0,60,0,Fail,14,0,1,1,0,1,1,1,1,0,0,0,1,1,0,5
CCC,2014J,643416,0,East Anglian Region,A Level or Equivalent,30-40%,0-35,0,90,0,Withdrawn,9,1,0,0,0,0,0,1,1,1,1,0,0,1,0,4
CCC,2014J,643434,0,London Region,HE Qualification,0-10%,35-55,0,60,1,Withdrawn,9,1,1,1,0,1,0,0,0,0,0,1,1,0,0,4
CCC,2014J,643457,0,East Anglian Region,Lower Than A Level,80-90%,55<=,0,60,0,Withdrawn,12,1,1,0,0,0,0,0,0,0,1,1,0,1,1,7
CCC,2014J,643514,0,East Midlands Region,A Level or Equivalent,70-80%,35-55,0,90,0,Withdrawn,1,1,1,1,0,0,1,1,1,0,0,1,1,1,0,2
CCC,2014J,643568,0,Wales,A Level or Equivalent,0-10%,0-35,0,120,0,Pass,6,1,0,1,1,1,0,0,0,1,1,1,1,1,0,9
CCC,2014J,643690,0,South West Region,Lower Than A Level,40-50%,0-35,0,180,0,Withdrawn,3,0,0,1,1,1,0,0,0,0,0,0,1,0,0,8
CCC,2014J,643757,0,West Midlands Region,HE Qualification,0-10%,0-35,0,120,0,Fail,7,0,0,1,1,1,1,1,1,1,1,0,1,0,1,3
CCC,2014J,643758,0,South West Region,A Level or Equivalent,30-40%,0-35,0,120,0,Fail,16,0,0,1,1,0,0,1,0,1,1,1,0,0,0,10
CCC,2014J,643770,0,Scotland,HE Qualification,20-30%,0-35,0,90,0,Withdrawn,8,0,1,0,1,0,0,0,0,1,1,0,0,0,0,3
CCC,2014J,644093,0,South West Region,HE Qualification,70-80%,0-35,0,30,0,Pass,7,1,1,1,0,0,0,0,1,0,1,1,1,1,1,3
CCC,2014J,644242,0,London Region,A Level or Equivalent,0-10%,0-35,0,120,0,Distinction,9,1,1,0,0,1,0,1,0,1,0,0,1,0,0,4
CCC,2014J,644246,0,Yorkshire Region,A Level or Equivalent,30-40%,0-35,0,60,0,Distinction,6,1,0,1,0,1,0,1,0,1,0,0,0,1,0,9
CCC,2014J,644369,0,Wales,Lower Than A Level,70-80%,0-35,0,150,0,Pass,2,0,1,0,1,1,1,1,0,1,0,0,1,1,0,2
CCC,2014J,644416,1,West Midlands Region,A Level or Equivalent,40-50%,0-35,0,90,0,Distinction,7,0,1,1,0,0,1,1,1,1,1,1,0,0,0,3
CCC,2014J,644453,1,South Region,A Level or Equivalent,20-30%,35-55,0,90,0,Withdrawn,5,1,0,1,1,0,0,0,0,0,1,0,0,0,1,9
CCC,2014J,644480,1,London Region,A Level or Equivalent,0-10%,0-35,0,120,0,Pass,14,1,0,0,1,0,0,0,1,0,0,1,1,1,0,5
CCC,2014J,644516,0,North Region,Lower Than A Level,,35-55,0,120,0,Withdrawn,13,0,1,1,0,1,0,0,1,0,0,0,0,0,1,5
CCC,2014J,644828,0,East Midlands Region,HE Qualification,90-100%,0-35,0,180,0,Pass,12,0,0,1,0,1,0,1,1,0,0,0,0,0,0,7
CCC,2014J,644848,0,Scotland,Lower Than A Level,30-40%,0-35,0,120,0,Fail,3,0,1,0,0,1,0,0,0,0,0,0,0,1,0,8
CCC,2014J,644905,0,South East Region,HE Qualification,40-50%,0-35,0,120,0,Withdrawn,1,0,1,1,1,0,1,0,0,0,0,1,0,1,0,2
CCC,2014J,644951,0,East Anglian Region,A Level or Equivalent,40-50%,0-35,0,90,0,Distinction,6,1,1,0,0,0,1,1,0,0,1,0,1,0,1,9
CCC,2014J,644974,0,London Region,A Level or Equivalent,80-90%,35-55,0,120,0,Pass,2,0,0,1,1,0,1,1,1,0,0,0,1,1,1,2
CCC,2014J,645124,1,London Region,Post Graduate Qualification,20-Oct,35-55,0,30,0,Distinction,7,1,0,0,0,1,0,1,0,0,0,1,0,0,0,3
CCC,2014J,645144,0,London Region,HE Qualification,80-90%,35-55,0,60,0,Distinction,16,1,1,0,0,1,1,0,0,0,0,1,0,0,0,10
CCC,2014J,645160,1,East Anglian Region,A Level or Equivalent,20-30%,0-35,0,150,0,Withdrawn,1,1,1,1,0,0,0,0,1,1,0,1,1,1,1,2
CCC,2014J,645174,0,South Region,A Level or Equivalent,90-100%,0-35,0,60,0,Pass,15,1,0,1,1,0,0,1,0,1,1,0,1,0,0,10
CCC,2014J,645216,0,London Region,A Level or Equivalent,0-10%,0-35,0,120,0,Distinction,4,1,1,1,1,1,1,1,1,1,0,1,0,0,1,8
CCC,2014J,645219,0,South Region,Lower Than A Level,90-100%,0-35,0,120,0,Withdrawn,6,0,1,1,0,1,0,0,1,0,0,0,1,0,1,9
CCC,2014J,645334,1,Scotland,HE Qualification,60-70%,35-55,0,60,0,Distinction,7,0,0,1,1,0,0,1,0,1,1,1,1,0,1,3
CCC,2014J,645353,0,North Western Region,Lower Than A Level,0-10%,0-35,0,240,0,Withdrawn,9,1,1,1,0,0,0,1,1,0,0,0,1,0,0,4
CCC,2014J,645369,1,North Western Region,A Level or Equivalent,0-10%,0-35,0,120,0,Pass,15,0,1,1,1,0,0,1,0,0,1,1,0,0,0,10
CCC,2014J,645481,0,South Region,Lower Than A Level,20-Oct,0-35,0,60,1,Withdrawn,2,1,1,1,1,0,1,0,1,0,1,0,0,0,1,2
CCC,2014J,645586,0,Scotland,HE Qualification,20-Oct,0-35,0,90,0,Pass,2,0,1,1,1,1,0,1,1,0,1,0,0,0,1,2
CCC,2014J,645590,0,Scotland,HE Qualification,50-60%,0-35,0,60,0,Fail,7,1,0,1,0,1,1,0,0,1,1,1,0,1,1,3
CCC,2014J,645698,0,West Midlands Region,Lower Than A Level,50-60%,0-35,0,30,0,Pass,2,0,0,0,0,1,0,1,1,1,0,0,0,1,1,2
CCC,2014J,645710,0,West Midlands Region,HE Qualification,40-50%,0-35,0,120,0,Withdrawn,5,1,0,1,1,0,1,0,1,1,0,1,1,1,1,9
CCC,2014J,645770,0,South West Region,A Level or Equivalent,70-80%,0-35,0,90,0,Fail,14,0,1,0,1,1,1,0,1,1,1,0,1,0,1,5
CCC,2014J,645792,0,South West Region,Lower Than A Level,70-80%,0-35,0,110,0,Distinction,4,0,0,1,0,1,0,1,1,1,1,1,0,1,0,8
CCC,2014J,645835,0,North Region,A Level or Equivalent,60-70%,0-35,0,120,0,Withdrawn,16,1,1,1,1,0,1,0,1,1,0,1,0,1,1,10
CCC,2014J,645847,0,South West Region,HE Qualification,60-70%,35-55,0,90,0,Withdrawn,12,1,1,0,1,0,0,0,0,1,0,1,0,0,1,7
CCC,2014J,645867,0,Scotland,HE Qualification,70-80%,0-35,0,120,0,Withdrawn,10,0,0,0,0,1,0,0,1,0,1,0,1,0,1,1
CCC,2014J,645939,0,South Region,A Level or Equivalent,40-50%,0-35,0,120,0,Withdrawn,11,0,0,0,0,1,0,1,0,0,1,1,1,1,0,6
CCC,2014J,645948,0,West Midlands Region,Lower Than A Level,20-30%,0-35,0,90,0,Withdrawn,13,0,0,1,1,0,0,0,1,1,0,1,1,0,0,5
CCC,2014J,646071,0,Scotland,Post Graduate Qualification,80-90%,0-35,0,60,0,Pass,6,1,0,0,0,0,1,1,0,0,0,1,0,0,0,9
CCC,2014J,646077,0,South West Region,A Level or Equivalent,0-10%,0-35,0,120,1,Withdrawn,15,1,1,1,0,1,1,1,0,1,1,1,1,0,1,10
CCC,2014J,646173,0,London Region,HE Qualification,30-40%,35-55,0,30,0,Pass,9,0,0,0,1,1,0,0,0,0,1,1,0,0,1,4
CCC,2014J,646351,1,Wales,A Level or Equivalent,40-50%,35-55,0,90,0,Distinction,12,0,1,1,1,1,1,0,0,0,1,1,0,0,0,7
CCC,2014J,646359,0,South East Region,A Level or Equivalent,30-40%,0-35,0,150,0,Withdrawn,13,1,1,0,1,1,0,1,1,0,0,0,1,0,1,5
CCC,2014J,646363,0,East Anglian Region,HE Qualification,60-70%,0-35,0,60,0,Fail,3,1,1,0,0,1,1,1,0,1,0,1,0,0,1,8
CCC,2014J,646406,0,North Region,A Level or Equivalent,60-70%,0-35,0,60,0,Distinction,12,0,0,1,0,0,0,0,0,0,0,0,1,0,1,7
CCC,2014J,646413,1,East Midlands Region,Lower Than A Level,30-40%,0-35,0,120,0,Pass,2,1,0,1,1,0,0,0,0,1,1,0,0,1,1,2
CCC,2014J,646459,0,London Region,HE Qualification,20-Oct,0-35,0,150,0,Withdrawn,2,1,1,0,1,1,1,1,0,0,1,1,1,1,1,2
CCC,2014J,646481,0,Yorkshire Region,A Level or Equivalent,80-90%,0-35,0,60,0,Pass,6,0,0,1,0,0,1,0,0,0,1,0,0,1,0,9
CCC,2014J,646502,0,London Region,A Level or Equivalent,30-40%,0-35,0,60,0,Withdrawn,14,0,1,0,0,0,1,1,0,0,0,0,1,0,1,5
CCC,2014J,646547,0,North Western Region,Lower Than A Level,0-10%,0-35,0,90,0,Withdrawn,11,0,0,1,1,1,0,0,0,1,1,0,1,0,0,6
CCC,2014J,646553,0,South East Region,HE Qualification,60-70%,0-35,0,90,0,Fail,4,1,0,1,1,1,1,0,1,0,1,1,0,0,0,8
CCC,2014J,646589,0,South West Region,A Level or Equivalent,20-Oct,0-35,0,120,1,Pass,5,1,0,1,0,0,1,0,0,1,0,0,1,1,1,9
CCC,2014J,646628,1,East Anglian Region,Lower Than A Level,70-80%,0-35,0,60,0,Fail,13,0,0,0,0,1,0,1,0,0,1,1,1,1,0,5
CCC,2014J,646689,0,East Anglian Region,A Level or Equivalent,50-60%,0-35,0,120,0,Withdrawn,8,0,1,0,0,0,1,1,1,1,0,0,1,1,0,3
CCC,2014J,646739,0,Scotland,A Level or Equivalent,70-80%,0-35,0,120,0,Fail,1,1,1,0,0,1,0,0,1,0,0,0,0,1,1,2
CCC,2014J,646747,1,East Midlands Region,A Level or Equivalent,50-60%,0-35,0,60,0,Withdrawn,16,1,0,0,1,1,0,0,0,1,0,1,1,0,1,10
CCC,2014J,646751,1,North Western Region,A Level or Equivalent,30-40%,0-35,0,30,0,Withdrawn,4,0,0,1,1,1,1,0,0,0,1,1,0,0,1,8
CCC,2014J,646841,0,North Western Region,Lower Than A Level,0-10%,0-35,0,60,0,Withdrawn,7,1,1,0,0,0,0,1,1,1,0,1,0,1,1,3
CCC,2014J,646938,0,London Region,A Level or Equivalent,20-30%,35-55,0,120,0,Withdrawn,4,1,1,0,0,0,0,0,0,0,0,1,1,0,0,8
CCC,2014J,646998,0,East Midlands Region,A Level or Equivalent,90-100%,0-35,0,60,0,Pass,11,1,1,0,0,0,1,1,0,1,0,1,1,0,1,6
CCC,2014J,647083,0,Yorkshire Region,A Level or Equivalent,20-Oct,0-35,0,180,0,Fail,11,0,0,1,1,0,1,0,0,1,1,0,0,0,0,6
CCC,2014J,647148,0,Scotland,A Level or Equivalent,40-50%,0-35,0,120,0,Pass,8,1,1,0,1,1,1,0,1,0,0,0,1,0,1,3
CCC,2014J,647184,0,London Region,Lower Than A Level,20-Oct,0-35,0,120,0,Withdrawn,2,1,1,1,0,1,1,1,1,1,0,0,1,1,0,2
CCC,2014J,647195,1,South East Region,A Level or Equivalent,80-90%,0-35,0,120,0,Distinction,3,0,0,0,0,0,0,1,0,0,0,0,1,0,0,8
CCC,2014J,647391,1,Scotland,HE Qualification,0-10%,0-35,0,150,0,Withdrawn,14,0,0,1,1,1,0,0,1,1,0,0,1,0,0,5
CCC,2014J,647406,0,Yorkshire Region,A Level or Equivalent,0-10%,0-35,0,120,0,Withdrawn,13,1,1,1,0,1,0,1,0,0,0,1,0,1,1,5
CCC,2014J,647417,0,West Midlands Region,A Level or Equivalent,20-Oct,0-35,0,120,1,Withdrawn,2,1,0,0,1,1,0,0,0,0,0,0,1,0,0,2
CCC,2014J,647464,0,South West Region,A Level or Equivalent,20-Oct,0-35,0,120,0,Pass,7,0,0,1,0,1,1,0,1,0,1,0,1,1,0,3
CCC,2014J,647479,1,North Western Region,A Level or Equivalent,30-40%,35-55,0,60,0,Fail,5,0,1,0,1,1,0,1,1,1,1,1,0,0,1,9
CCC,2014J,647518,0,Wales,A Level or Equivalent,20-Oct,0-35,0,120,0,Withdrawn,6,0,0,1,1,1,1,1,1,0,1,0,0,1,0,9
CCC,2014J,647593,0,Scotland,A Level or Equivalent,60-70%,0-35,0,120,0,Pass,13,1,1,1,0,1,1,0,1,0,0,1,1,1,1,5
CCC,2014J,647645,0,East Anglian Region,A Level or Equivalent,80-90%,0-35,0,90,0,Withdrawn,9,1,1,1,0,0,1,1,0,1,0,1,0,1,0,4
CCC,2014J,647684,0,North Region,Post Graduate Qualification,,0-35,0,30,0,Withdrawn,7,0,1,0,1,1,1,1,0,1,1,1,1,1,1,3
CCC,2014J,647735,1,Wales,A Level or Equivalent,20-Oct,0-35,0,60,0,Fail,11,1,1,1,1,1,0,1,1,1,1,1,0,1,0,6
CCC,2014J,647763,1,Scotland,Lower Than A Level,80-90%,35-55,0,60,0,Pass,10,0,0,1,1,0,1,0,0,1,1,1,0,0,0,1
CCC,2014J,647865,0,East Anglian Region,A Level or Equivalent,30-40%,0-35,0,60,0,Pass,2,1,0,0,1,0,1,1,0,0,0,0,1,1,1,2
CCC,2014J,647869,0,London Region,A Level or Equivalent,60-70%,0-35,0,120,1,Withdrawn,5,0,0,0,1,0,1,1,1,1,1,1,1,0,0,9
CCC,2014J,647887,1,London Region,No Formal quals,0-10%,0-35,0,60,0,Withdrawn,7,1,1,1,1,0,0,1,0,1,0,1,0,1,0,3
CCC,2014J,647888,0,South East Region,A Level or Equivalent,80-90%,0-35,0,60,0,Pass,13,1,0,0,0,1,0,1,1,1,1,0,0,0,1,5
CCC,2014J,647947,0,South West Region,Lower Than A Level,40-50%,0-35,0,210,1,Withdrawn,6,0,0,0,0,0,0,1,0,0,0,0,1,0,1,9
CCC,2014J,648085,1,West Midlands Region,A Level or Equivalent,30-40%,0-35,0,60,0,Pass,10,0,0,1,1,1,1,1,1,1,0,1,0,0,0,1
CCC,2014J,648140,0,South Region,A Level or Equivalent,80-90%,0-35,0,120,0,Pass,3,0,0,1,1,0,0,0,0,1,1,1,1,0,0,8
CCC,2014J,648161,1,East Anglian Region,Post Graduate Qualification,90-100%,35-55,0,120,0,Pass,1,0,1,1,1,0,0,1,1,0,0,0,1,1,0,2
CCC,2014J,648250,1,London Region,HE Qualification,50-60%,0-35,0,90,0,Withdrawn,4,1,1,0,1,1,0,1,1,0,1,0,1,1,0,8
CCC,2014J,648285,0,Ireland,A Level or Equivalent,40-50%,0-35,0,60,0,Pass,10,0,1,0,0,0,0,1,1,0,1,0,1,0,0,1
CCC,2014J,648314,0,North Western Region,Lower Than A Level,40-50%,0-35,0,120,0,Withdrawn,8,1,0,0,0,1,0,0,1,0,0,1,0,0,0,3
CCC,2014J,648321,1,East Midlands Region,A Level or Equivalent,20-30%,0-35,0,90,0,Withdrawn,16,0,0,0,1,1,0,0,1,0,0,1,0,0,0,10
CCC,2014J,648354,1,North Western Region,A Level or Equivalent,20-30%,35-55,0,120,0,Withdrawn,10,0,1,0,1,0,1,1,0,0,1,1,1,0,1,1
CCC,2014J,648363,0,London Region,Lower Than A Level,20-30%,35-55,0,60,0,Distinction,4,1,0,1,1,0,1,1,0,0,0,0,1,0,0,8
CCC,2014J,648369,0,Wales,HE Qualification,40-50%,0-35,0,60,0,Pass,6,1,0,1,0,0,1,0,0,1,0,1,1,1,0,9
CCC,2014J,648419,1,North Western Region,A Level or Equivalent,20-Oct,0-35,0,120,0,Withdrawn,13,1,0,0,1,1,1,1,0,1,1,1,0,1,0,5
CCC,2014J,648448,0,West Midlands Region,A Level or Equivalent,0-10%,0-35,0,90,0,Withdrawn,10,1,0,0,0,0,0,1,0,1,0,1,0,0,1,1
CCC,2014J,648477,0,Yorkshire Region,Lower Than A Level,0-10%,0-35,0,120,0,Withdrawn,16,1,1,1,1,1,1,0,1,0,0,1,0,0,1,10
CCC,2014J,648521,1,London Region,A Level or Equivalent,30-40%,0-35,0,90,0,Withdrawn,7,0,1,0,1,1,0,0,1,1,0,0,1,0,1,3
CCC,2014J,648536,0,East Midlands Region,A Level or Equivalent,80-90%,0-35,0,120,0,Withdrawn,1,1,1,0,1,1,1,1,0,1,1,1,1,0,1,2
CCC,2014J,648590,0,London Region,A Level or Equivalent,90-100%,0-35,0,120,0,Fail,7,0,0,0,1,0,1,1,1,1,0,1,1,1,1,3
CCC,2014J,648605,0,East Midlands Region,A Level or Equivalent,70-80%,0-35,0,120,0,Withdrawn,15,1,0,0,0,0,0,0,0,1,0,0,1,0,1,10
CCC,2014J,648606,1,East Anglian Region,Lower Than A Level,20-30%,0-35,0,120,0,Withdrawn,7,0,0,1,1,1,1,0,0,1,0,0,1,0,1,3
CCC,2014J,648625,1,East Anglian Region,A Level or Equivalent,40-50%,0-35,0,60,0,Withdrawn,4,1,1,1,1,1,1,1,1,0,0,1,0,0,0,8
CCC,2014J,648649,1,East Anglian Region,Lower Than A Level,50-60%,0-35,0,90,0,Pass,7,0,1,0,1,1,0,1,1,0,1,1,0,1,0,3
CCC,2014J,648654,0,West Midlands Region,Lower Than A Level,50-60%,0-35,0,60,0,Withdrawn,15,1,0,0,0,0,0,1,1,1,0,0,0,1,0,10
CCC,2014J,648781,0,North Region,A Level or Equivalent,90-100%,0-35,0,60,0,Pass,8,0,1,1,1,0,1,0,0,0,1,1,0,0,0,3
CCC,2014J,648818,1,Ireland,Post Graduate Qualification,,0-35,0,30,0,Pass,13,0,1,0,1,0,0,0,0,1,0,1,0,0,0,5
CCC,2014J,648819,0,East Midlands Region,A Level or Equivalent,0-10%,0-35,0,120,0,Withdrawn,4,0,1,0,0,0,0,1,1,0,1,1,1,1,1,8
CCC,2014J,648833,0,North Western Region,Lower Than A Level,40-50%,0-35,0,210,0,Withdrawn,12,1,1,1,0,0,1,0,1,0,1,1,0,0,1,7
CCC,2014J,648854,0,North Western Region,Lower Than A Level,30-40%,0-35,0,120,0,Pass,3,1,1,0,1,0,1,0,0,0,0,0,1,0,0,8
CCC,2014J,648868,0,North Western Region,A Level or Equivalent,60-70%,0-35,0,270,0,Withdrawn,15,0,1,1,0,1,1,0,1,0,0,0,0,1,0,10
CCC,2014J,648872,1,Wales,Lower Than A Level,20-Oct,0-35,0,120,0,Withdrawn,7,1,1,1,0,0,0,1,1,0,1,0,0,0,0,3
CCC,2014J,648959,0,South East Region,Lower Than A Level,80-90%,0-35,0,240,0,Fail,4,0,1,1,1,1,1,0,1,1,0,0,1,0,0,8
CCC,2014J,649001,0,London Region,Lower Than A Level,20-30%,35-55,0,60,0,Withdrawn,15,1,0,1,1,1,1,1,0,1,0,0,1,1,1,10
CCC,2014J,649105,1,East Midlands Region,A Level or Equivalent,60-70%,35-55,0,180,0,Distinction,7,1,0,0,1,0,0,1,0,1,1,1,0,0,1,3
CCC,2014J,649129,0,South West Region,A Level or Equivalent,80-90%,0-35,0,60,0,Distinction,1,0,1,1,0,1,1,0,0,0,0,1,0,0,1,2
CCC,2014J,649141,0,Ireland,A Level or Equivalent,70-80%,35-55,0,90,0,Withdrawn,13,1,0,1,0,1,1,1,0,1,1,0,0,0,0,5
CCC,2014J,649215,0,London Region,Lower Than A Level,20-30%,0-35,0,90,0,Withdrawn,15,1,0,0,1,0,1,0,1,1,1,1,1,1,1,10
CCC,2014J,649248,1,Yorkshire Region,Lower Than A Level,50-60%,0-35,0,90,0,Withdrawn,13,1,1,0,0,1,0,1,1,1,1,1,0,1,1,5
CCC,2014J,649343,0,East Midlands Region,A Level or Equivalent,50-60%,0-35,0,90,0,Pass,11,0,1,0,0,0,0,1,0,0,1,1,0,1,1,6
CCC,2014J,649394,0,West Midlands Region,A Level or Equivalent,30-40%,0-35,0,120,0,Withdrawn,15,1,1,0,0,0,1,1,1,0,1,1,1,0,1,10
CCC,2014J,649413,0,Yorkshire Region,A Level or Equivalent,0-10%,0-35,0,120,0,Withdrawn,9,1,0,1,1,1,0,0,1,1,0,1,0,1,0,4
CCC,2014J,649523,0,North Western Region,Lower Than A Level,0-10%,0-35,0,120,0,Withdrawn,3,1,0,0,1,0,1,1,1,0,0,0,0,1,1,8
CCC,2014J,649592,0,Ireland,A Level or Equivalent,70-80%,0-35,0,60,0,Distinction,11,1,0,0,1,1,0,0,0,1,0,1,1,1,0,6
CCC,2014J,649604,1,North Western Region,No Formal quals,0-10%,0-35,0,90,0,Pass,14,0,0,0,1,1,0,1,0,0,1,1,1,1,1,5
CCC,2014J,649607,1,East Midlands Region,A Level or Equivalent,40-50%,0-35,0,90,0,Withdrawn,8,1,1,1,1,1,1,0,1,0,0,0,0,1,0,3
CCC,2014J,649701,0,Yorkshire Region,Lower Than A Level,20-30%,0-35,0,120,0,Withdrawn,13,0,1,0,0,0,1,0,1,1,1,0,0,0,1,5
CCC,2014J,649761,0,Yorkshire Region,A Level or Equivalent,20-Oct,35-55,0,120,0,Fail,13,1,0,0,0,0,1,1,1,1,1,1,1,1,0,5
CCC,2014J,649780,0,South West Region,A Level or Equivalent,60-70%,0-35,0,90,1,Withdrawn,4,0,0,1,0,0,1,0,1,1,0,1,0,1,1,8
CCC,2014J,649816,0,South Region,Post Graduate Qualification,90-100%,35-55,0,75,0,Fail,15,1,1,1,0,1,1,0,0,0,0,1,1,1,0,10
CCC,2014J,649840,0,South Region,Lower Than A Level,40-50%,0-35,0,90,0,Pass,4,1,0,1,0,0,1,1,0,1,0,1,1,0,1,8
CCC,2014J,649856,1,Scotland,A Level or Equivalent,50-60%,0-35,0,60,0,Fail,1,0,0,1,0,0,1,0,0,1,1,1,0,1,1,2
CCC,2014J,649868,0,London Region,A Level or Equivalent,40-50%,0-35,0,90,0,Pass,13,0,0,0,0,1,0,0,1,0,0,0,0,0,1,5
CCC,2014J,650070,0,Scotland,A Level or Equivalent,70-80%,0-35,0,90,1,Withdrawn,12,0,1,1,1,0,0,1,1,1,1,0,1,1,0,7
CCC,2014J,650074,0,Wales,A Level or Equivalent,50-60%,0-35,0,120,0,Withdrawn,9,1,0,0,1,1,0,1,0,1,1,0,0,1,0,4
CCC,2014J,650085,0,East Midlands Region,A Level or Equivalent,80-90%,0-35,0,90,0,Withdrawn,2,1,1,0,1,1,1,0,1,1,1,1,1,0,1,2
CCC,2014J,650099,0,South Region,HE Qualification,40-50%,0-35,0,60,0,Pass,12,0,1,1,0,1,1,0,0,1,1,1,0,1,1,7
CCC,2014J,650105,0,Scotland,Lower Than A Level,70-80%,0-35,0,60,0,Fail,11,0,0,0,1,1,0,0,1,1,1,1,0,0,1,6
CCC,2014J,650133,1,East Anglian Region,A Level or Equivalent,70-80%,0-35,0,60,0,Withdrawn,8,0,0,1,1,1,0,0,0,0,1,1,0,1,1,3
CCC,2014J,650145,0,Wales,Lower Than A Level,20-30%,0-35,0,60,0,Fail,3,1,1,0,1,0,1,0,1,0,0,1,0,1,1,8
CCC,2014J,650163,1,East Anglian Region,A Level or Equivalent,40-50%,0-35,0,60,0,Withdrawn,11,0,1,0,0,0,1,0,1,1,0,1,1,1,0,6
CCC,2014J,650271,0,North Region,HE Qualification,,35-55,0,120,0,Fail,11,1,1,0,0,0,1,1,0,1,1,0,0,1,1,6
CCC,2014J,650341,1,London Region,A Level or Equivalent,30-40%,0-35,0,150,0,Fail,8,0,0,0,1,1,1,1,1,1,1,1,1,0,1,3
CCC,2014J,650370,1,Scotland,HE Qualification,20-Oct,0-35,0,90,0,Pass,9,1,0,0,1,1,0,1,0,1,0,0,1,1,0,4
CCC,2014J,650414,0,South East Region,A Level or Equivalent,20-Oct,0-35,0,120,0,Withdrawn,13,1,0,1,0,1,1,1,0,0,1,0,0,0,0,5
CCC,2014J,650424,0,West Midlands Region,Lower Than A Level,0-10%,0-35,0,120,0,Withdrawn,4,0,1,0,0,0,0,0,0,1,0,1,0,1,0,8
CCC,2014J,650511,0,South Region,A Level or Equivalent,70-80%,35-55,0,60,0,Distinction,9,1,0,0,0,0,1,1,0,0,0,1,1,0,0,4
CCC,2014J,650544,0,South Region,Lower Than A Level,60-70%,35-55,0,90,0,Withdrawn,16,1,1,1,1,0,0,0,0,1,1,1,0,1,1,10
CCC,2014J,650787,1,East Anglian Region,A Level or Equivalent,40-50%,35-55,0,120,0,Pass,14,1,0,0,0,0,1,1,1,1,1,0,1,0,1,5
CCC,2014J,650838,1,London Region,HE Qualification,20-Oct,0-35,0,120,0,Withdrawn,12,0,1,1,1,0,1,1,1,1,1,1,0,1,1,7
CCC,2014J,650849,1,Scotland,HE Qualification,70-80%,0-35,0,60,0,Withdrawn,15,0,1,0,0,0,1,0,1,1,0,0,1,1,0,10
CCC,2014J,650850,1,South West Region,A Level or Equivalent,20-30%,0-35,0,180,0,Withdrawn,3,1,1,0,0,0,1,1,0,1,0,0,0,0,1,8
CCC,2014J,650856,0,London Region,Lower Than A Level,30-40%,0-35,0,120,0,Pass,12,1,1,0,0,0,1,0,0,1,0,1,0,0,0,7
CCC,2014J,650863,1,North Region,A Level or Equivalent,70-80%,0-35,0,60,0,Distinction,12,0,0,1,0,1,1,1,0,1,1,1,0,1,0,7
CCC,2014J,650927,0,Scotland,A Level or Equivalent,50-60%,0-35,0,90,0,Withdrawn,4,0,1,0,1,1,0,0,0,1,0,1,1,0,0,8
CCC,2014J,651058,0,London Region,A Level or Equivalent,90-100%,35-55,0,90,0,Fail,7,1,1,0,1,0,1,0,0,1,0,1,0,0,0,3
CCC,2014J,651156,0,Yorkshire Region,A Level or Equivalent,0-10%,0-35,0,120,0,Withdrawn,9,1,1,1,1,1,1,1,0,1,1,0,1,0,1,4
CCC,2014J,651159,0,North Western Region,A Level or Equivalent,30-40%,0-35,0,120,0,Distinction,6,0,1,1,0,1,0,1,0,0,1,0,0,1,1,9
CCC,2014J,651187,0,London Region,A Level or Equivalent,20-30%,0-35,0,150,0,Withdrawn,13,1,1,1,0,1,1,1,0,0,1,1,0,1,0,5
CCC,2014J,651217,0,East Midlands Region,A Level or Equivalent,50-60%,0-35,0,30,0,Withdrawn,12,1,1,1,0,0,1,0,1,0,1,1,1,0,0,7
CCC,2014J,651236,0,East Midlands Region,A Level or Equivalent,80-90%,0-35,0,30,0,Fail,14,1,1,1,1,1,1,1,1,0,0,1,0,0,0,5
CCC,2014J,651267,0,South West Region,A Level or Equivalent,20-Oct,0-35,0,120,0,Fail,15,0,1,1,0,0,1,1,1,0,0,1,1,0,1,10
CCC,2014J,651298,0,North Western Region,HE Qualification,40-50%,0-35,0,60,0,Withdrawn,8,1,0,0,0,0,1,0,1,1,1,1,1,1,1,3
CCC,2014J,651325,0,North Western Region,HE Qualification,40-50%,0-35,0,90,0,Withdrawn,5,0,0,1,0,0,0,1,0,1,0,1,0,0,1,9
CCC,2014J,651371,0,South Region,A Level or Equivalent,50-60%,0-35,0,60,0,Withdrawn,3,1,0,1,1,1,1,1,0,0,0,0,0,0,1,8
CCC,2014J,651423,0,North Western Region,A Level or Equivalent,0-10%,0-35,0,60,0,Distinction,7,1,1,1,1,1,1,0,1,0,0,1,1,1,0,3
CCC,2014J,651495,0,North Region,HE Qualification,,35-55,0,120,0,Distinction,14,0,1,0,0,0,1,1,0,1,1,1,1,1,0,5
CCC,2014J,651508,1,London Region,A Level or Equivalent,20-Oct,0-35,0,120,0,Distinction,15,0,1,1,0,0,0,1,1,1,1,0,0,0,0,10
CCC,2014J,651616,0,West Midlands Region,Lower Than A Level,20-30%,35-55,0,120,0,Withdrawn,10,1,1,1,1,1,0,0,0,0,1,0,0,0,1,1
CCC,2014J,651651,0,South East Region,Lower Than A Level,20-Oct,35-55,0,120,0,Withdrawn,2,1,1,1,0,0,1,0,0,1,1,0,0,0,0,2
CCC,2014J,651734,0,South East Region,Lower Than A Level,20-30%,0-35,0,120,0,Withdrawn,1,1,1,1,1,1,1,1,1,0,1,1,1,0,1,2
CCC,2014J,651759,0,London Region,HE Qualification,50-60%,55<=,0,120,0,Distinction,12,0,0,1,0,1,0,1,1,1,0,1,1,1,1,7
CCC,2014J,651764,0,East Anglian Region,A Level or Equivalent,80-90%,0-35,0,90,0,Distinction,14,0,0,0,1,1,0,0,1,0,0,0,0,1,1,5
CCC,2014J,651823,0,South Region,A Level or Equivalent,20-Oct,0-35,0,60,0,Pass,16,0,1,1,0,1,0,1,0,0,1,1,0,0,0,10
CCC,2014J,651839,0,North Region,A Level or Equivalent,0-10%,0-35,0,120,0,Withdrawn,13,0,0,1,1,0,1,1,1,0,0,0,0,0,0,5
CCC,2014J,651850,0,East Anglian Region,A Level or Equivalent,80-90%,0-35,0,90,0,Withdrawn,8,0,0,1,0,0,1,1,1,1,0,0,1,1,1,3
CCC,2014J,651935,1,West Midlands Region,A Level or Equivalent,0-10%,0-35,0,120,0,Pass,2,0,0,1,0,1,0,1,1,1,0,1,1,1,1,2
CCC,2014J,651963,0,South East Region,Lower Than A Level,30-40%,0-35,0,120,0,Withdrawn,13,0,1,0,1,0,1,1,0,1,1,1,1,1,1,5
CCC,2014J,652023,0,East Anglian Region,HE Qualification,50-60%,0-35,0,30,0,Pass,14,0,1,1,0,0,1,0,0,1,0,0,1,1,1,5
CCC,2014J,652406,0,South East Region,A Level or Equivalent,20-Oct,0-35,0,120,0,Withdrawn,8,0,1,1,1,1,0,0,1,1,0,0,1,0,1,3
CCC,2014J,652428,0,Wales,Lower Than A Level,50-60%,0-35,0,120,0,Fail,14,1,1,1,1,0,0,0,1,1,1,1,1,1,0,5
CCC,2014J,652501,0,South West Region,A Level or Equivalent,30-40%,0-35,0,120,0,Pass,12,0,1,1,1,0,0,0,0,0,1,1,0,0,1,7
CCC,2014J,652570,0,Scotland,HE Qualification,30-40%,0-35,0,60,0,Withdrawn,1,1,0,0,1,1,0,1,1,0,1,0,0,1,0,2
CCC,2014J,652571,0,London Region,A Level or Equivalent,20-30%,0-35,0,60,0,Withdrawn,4,0,0,0,1,1,1,0,0,1,0,1,1,0,0,8
CCC,2014J,652894,0,North Region,A Level or Equivalent,30-40%,0-35,0,60,0,Fail,12,1,0,1,0,0,1,0,0,0,0,0,0,0,0,7
CCC,2014J,652902,0,London Region,HE Qualification,40-50%,0-35,0,120,0,Distinction,13,0,0,0,1,1,0,0,1,0,1,1,0,1,0,5
CCC,2014J,652945,0,South Region,A Level or Equivalent,80-90%,0-35,0,120,1,Withdrawn,4,0,0,1,0,1,1,1,0,0,1,1,0,0,1,8
CCC,2014J,652971,0,South East Region,A Level or Equivalent,30-40%,35-55,0,90,0,Withdrawn,9,1,1,0,0,0,1,0,0,1,0,0,0,1,1,4
CCC,2014J,652994,0,North Western Region,Lower Than A Level,20-Oct,0-35,0,120,0,Withdrawn,13,0,1,0,1,0,0,0,1,1,0,0,1,1,0,5
CCC,2014J,653062,1,North Region,A Level or Equivalent,20-Oct,0-35,0,180,0,Withdrawn,3,0,0,1,1,0,0,0,0,0,1,0,1,1,0,8
CCC,2014J,653115,1,Yorkshire Region,HE Qualification,0-10%,35-55,0,120,0,Pass,15,0,0,1,1,0,1,1,1,1,0,1,0,1,1,10
CCC,2014J,653127,1,Scotland,HE Qualification,0-10%,35-55,0,90,0,Distinction,3,0,0,1,0,1,1,0,1,1,1,1,0,0,0,8
CCC,2014J,653177,1,West Midlands Region,HE Qualification,20-30%,35-55,0,90,0,Withdrawn,13,0,1,1,1,0,0,0,1,0,0,1,1,1,0,5
CCC,2014J,653278,0,North Region,A Level or Equivalent,0-10%,35-55,0,120,0,Pass,9,0,1,0,1,1,1,1,0,1,1,1,1,0,0,4
CCC,2014J,653352,0,South East Region,A Level or Equivalent,30-40%,0-35,0,90,0,Withdrawn,2,1,0,1,1,1,1,1,0,0,0,0,1,0,1,2
CCC,2014J,653452,1,South West Region,A Level or Equivalent,30-40%,0-35,0,120,0,Pass,15,1,0,1,0,1,0,1,1,1,0,1,1,1,1,10
CCC,2014J,653506,0,South East Region,Lower Than A Level,20-Oct,0-35,0,90,0,Withdrawn,14,1,1,1,1,1,0,1,1,1,0,1,0,0,1,5
CCC,2014J,653700,0,Wales,HE Qualification,70-80%,0-35,0,60,0,Fail,12,1,1,0,1,0,1,1,0,1,0,0,1,0,0,7
CCC,2014J,653726,1,Yorkshire Region,A Level or Equivalent,40-50%,0-35,0,60,0,Withdrawn,15,1,0,1,1,1,1,1,1,0,0,0,0,1,0,10
CCC,2014J,653821,1,East Anglian Region,No Formal quals,70-80%,0-35,0,60,0,Pass,2,1,1,1,0,1,0,1,0,1,1,0,1,1,0,2
CCC,2014J,653887,0,Scotland,HE Qualification,80-90%,0-35,0,60,0,Withdrawn,4,0,1,0,0,1,0,1,0,0,0,1,1,1,0,8
CCC,2014J,653977,0,South West Region,Lower Than A Level,20-Oct,35-55,0,90,0,Withdrawn,6,1,0,0,0,1,1,1,1,1,1,1,0,1,1,9
CCC,2014J,653998,0,Scotland,Lower Than A Level,60-70%,0-35,0,60,0,Withdrawn,11,0,1,1,0,1,1,0,1,1,1,0,0,1,1,6
CCC,2014J,654000,0,Ireland,Post Graduate Qualification,,0-35,0,120,0,Pass,10,0,1,0,0,1,1,1,0,1,0,0,0,0,1,1
CCC,2014J,654002,0,Wales,A Level or Equivalent,30-40%,0-35,0,150,0,Distinction,7,1,0,0,0,0,0,0,1,0,0,1,1,0,1,3
CCC,2014J,654016,1,Scotland,HE Qualification,20-30%,35-55,0,30,0,Pass,3,0,0,0,1,1,0,0,0,0,1,0,0,1,0,8
CCC,2014J,654031,0,North Region,A Level or Equivalent,,35-55,0,60,1,Pass,6,1,1,1,0,0,1,0,1,1,1,1,1,0,1,9
CCC,2014J,654095,0,East Anglian Region,Lower Than A Level,50-60%,0-35,0,120,0,Fail,7,0,1,0,1,0,1,1,1,0,0,0,0,1,0,3
CCC,2014J,654114,0,Yorkshire Region,Lower Than A Level,0-10%,0-35,0,120,0,Pass,12,0,0,0,1,1,1,0,0,0,1,0,1,1,1,7
CCC,2014J,654188,1,North Western Region,A Level or Equivalent,0-10%,0-35,0,120,0,Fail,1,0,1,1,1,0,1,1,0,1,1,0,0,0,0,2
CCC,2014J,654202,0,South East Region,A Level or Equivalent,50-60%,35-55,0,60,0,Withdrawn,15,0,1,0,0,0,0,0,1,0,1,1,1,0,1,10
CCC,2014J,654258,0,London Region,A Level or Equivalent,60-70%,0-35,0,30,0,Withdrawn,2,0,0,1,0,1,0,1,0,1,1,1,1,0,0,2
CCC,2014J,654295,1,Ireland,A Level or Equivalent,20-Oct,35-55,0,90,0,Withdrawn,13,1,0,0,0,1,1,1,1,0,0,1,0,0,1,5
CCC,2014J,654322,0,London Region,A Level or Equivalent,60-70%,0-35,0,120,1,Distinction,9,0,0,0,1,1,1,0,1,1,1,1,0,0,0,4
CCC,2014J,654407,0,North Region,Lower Than A Level,0-10%,0-35,0,150,0,Withdrawn,7,1,0,1,1,0,0,0,1,1,1,1,0,0,0,3
CCC,2014J,654504,0,Scotland,A Level or Equivalent,60-70%,0-35,0,120,0,Pass,2,1,1,1,1,0,0,1,1,0,1,1,0,0,1,2
CCC,2014J,654539,1,Scotland,Post Graduate Qualification,50-60%,0-35,0,90,0,Distinction,15,0,0,0,1,1,0,1,0,0,1,0,0,0,1,10
CCC,2014J,654646,0,South Region,Lower Than A Level,60-70%,0-35,0,30,0,Distinction,13,0,1,0,1,0,0,0,1,1,1,1,0,1,0,5
CCC,2014J,654671,1,South Region,A Level or Equivalent,20-30%,0-35,0,150,1,Withdrawn,5,0,0,1,1,0,0,1,0,0,0,0,1,0,1,9
CCC,2014J,654755,0,London Region,A Level or Equivalent,20-30%,0-35,0,60,0,Withdrawn,7,0,0,1,1,0,1,1,1,0,1,0,0,1,1,3
CCC,2014J,654817,0,Ireland,Post Graduate Qualification,,0-35,0,60,0,Distinction,8,0,1,0,1,1,0,0,1,0,1,1,1,0,1,3
CCC,2014J,654828,0,North Region,A Level or Equivalent,0-10%,0-35,0,120,0,Withdrawn,14,0,0,1,1,0,0,1,1,0,0,0,0,0,0,5
CCC,2014J,654888,0,East Midlands Region,A Level or Equivalent,80-90%,0-35,0,90,0,Withdrawn,2,1,1,0,1,0,0,0,1,0,1,1,0,0,0,2
CCC,2014J,654915,0,South East Region,HE Qualification,60-70%,0-35,0,30,0,Distinction,3,0,0,1,0,1,0,1,1,0,1,0,0,0,0,8
CCC,2014J,654960,0,East Anglian Region,A Level or Equivalent,80-90%,0-35,0,120,0,Withdrawn,2,0,0,1,0,1,0,0,0,1,1,0,1,0,1,2
CCC,2014J,655051,0,West Midlands Region,A Level or Equivalent,30-40%,0-35,0,150,0,Pass,2,1,0,1,1,0,1,0,0,0,0,0,0,0,1,2
CCC,2014J,655108,0,West Midlands Region,Lower Than A Level,60-70%,0-35,0,120,0,Pass,15,1,1,0,1,0,1,1,0,1,1,0,1,0,1,10
CCC,2014J,655293,0,Wales,A Level or Equivalent,80-90%,0-35,0,120,1,Withdrawn,14,1,0,0,1,1,0,1,1,0,0,1,1,0,1,5
CCC,2014J,655353,0,London Region,HE Qualification,70-80%,35-55,0,150,0,Pass,4,0,1,1,0,0,0,1,1,0,1,1,1,0,0,8
CCC,2014J,655378,0,East Midlands Region,A Level or Equivalent,60-70%,35-55,0,60,0,Pass,5,0,1,1,1,0,0,0,1,1,1,0,1,1,0,9
CCC,2014J,655390,1,North Region,Lower Than A Level,,0-35,0,120,0,Pass,6,0,0,0,0,1,1,1,0,0,1,0,0,0,1,9
CCC,2014J,655408,0,South East Region,A Level or Equivalent,50-60%,35-55,0,60,0,Withdrawn,8,0,1,1,1,1,1,1,0,1,1,0,1,0,1,3
CCC,2014J,655484,0,East Anglian Region,A Level or Equivalent,20-Oct,0-35,0,90,1,Withdrawn,7,0,0,0,1,1,0,0,0,0,0,0,1,0,0,3
CCC,2014J,655498,1,South West Region,A Level or Equivalent,50-60%,0-35,0,120,0,Pass,6,0,1,1,0,0,1,1,1,1,0,1,1,0,1,9
CCC,2014J,655627,0,Yorkshire Region,Lower Than A Level,30-40%,0-35,0,120,0,Withdrawn,2,0,1,1,0,0,1,1,0,0,1,0,0,0,0,2
CCC,2014J,655761,0,East Midlands Region,Lower Than A Level,20-30%,0-35,0,120,0,Withdrawn,9,0,0,0,1,1,0,0,1,1,1,1,1,1,0,4
CCC,2014J,655890,1,Scotland,A Level or Equivalent,80-90%,35-55,0,30,0,Distinction,1,1,0,1,1,1,0,1,1,0,1,0,1,0,0,2
CCC,2014J,655919,0,West Midlands Region,Lower Than A Level,70-80%,0-35,0,60,0,Pass,16,0,1,0,1,1,1,0,0,0,0,0,0,1,1,10
CCC,2014J,655927,0,Ireland,A Level or Equivalent,40-50%,0-35,0,120,0,Pass,8,0,0,0,0,1,1,0,1,0,0,1,1,1,0,3
CCC,2014J,655953,1,West Midlands Region,Lower Than A Level,50-60%,0-35,0,120,1,Withdrawn,3,0,0,1,1,0,0,1,1,1,0,0,1,0,0,8
CCC,2014J,655973,0,East Anglian Region,A Level or Equivalent,90-100%,0-35,0,120,0,Pass,6,0,1,0,0,1,0,0,1,0,1,1,0,0,1,9
CCC,2014J,655988,0,East Anglian Region,A Level or Equivalent,70-80%,35-55,0,90,0,Withdrawn,7,0,1,0,1,1,0,0,1,0,1,0,0,1,1,3
CCC,2014J,656026,0,London Region,Lower Than A Level,20-Oct,0-35,0,120,0,Withdrawn,6,1,1,1,1,1,1,0,1,0,1,0,0,0,0,9
CCC,2014J,656068,0,East Anglian Region,Lower Than A Level,20-30%,0-35,0,120,0,Withdrawn,5,0,0,1,0,1,0,0,0,0,0,0,0,1,1,9
CCC,2014J,656203,0,East Anglian Region,A Level or Equivalent,80-90%,0-35,0,90,0,Fail,11,1,0,0,0,1,0,0,1,1,0,0,0,1,0,6
CCC,2014J,656277,1,Ireland,Post Graduate Qualification,,0-35,0,90,0,Pass,2,1,0,0,0,1,1,1,1,1,1,1,1,0,0,2
CCC,2014J,656287,1,London Region,HE Qualification,20-30%,0-35,0,60,0,Distinction,14,1,1,0,1,1,1,1,0,0,0,1,1,0,1,5
CCC,2014J,656340,0,North Western Region,A Level or Equivalent,60-70%,0-35,0,120,0,Pass,15,1,0,0,0,1,1,0,0,1,0,1,0,0,1,10
CCC,2014J,656347,0,North Region,No Formal quals,,0-35,0,60,0,Pass,3,1,0,1,1,0,0,1,0,1,0,0,1,0,1,8
CCC,2014J,656535,0,South Region,A Level or Equivalent,90-100%,0-35,0,120,0,Withdrawn,8,1,1,1,0,1,1,1,0,1,1,1,1,0,0,3
CCC,2014J,656539,1,North Region,A Level or Equivalent,,0-35,0,90,0,Withdrawn,11,1,0,1,0,0,1,1,1,1,1,1,1,1,1,6
CCC,2014J,656634,0,South West Region,Lower Than A Level,0-10%,0-35,0,120,0,Withdrawn,16,1,1,0,1,0,0,1,0,1,1,0,0,0,0,10
CCC,2014J,656642,0,Ireland,HE Qualification,20-30%,0-35,0,30,0,Pass,10,0,0,1,0,0,0,0,1,0,1,1,1,0,1,1
CCC,2014J,656683,0,South Region,HE Qualification,60-70%,35-55,0,60,0,Pass,6,0,0,0,0,0,0,1,1,0,1,0,1,0,0,9
CCC,2014J,656878,1,East Midlands Region,A Level or Equivalent,60-70%,0-35,0,120,0,Withdrawn,8,1,1,0,0,1,1,1,1,1,0,1,1,1,0,3
CCC,2014J,656929,1,London Region,A Level or Equivalent,20-Oct,0-35,0,210,0,Fail,6,0,1,1,0,0,1,1,1,0,0,0,0,0,1,9
CCC,2014J,656954,0,North Western Region,Lower Than A Level,70-80%,0-35,0,90,0,Withdrawn,9,1,0,1,1,1,1,0,0,1,1,1,1,1,0,4
CCC,2014J,656978,0,North Region,Lower Than A Level,0-10%,0-35,0,120,0,Withdrawn,13,1,1,0,0,0,0,0,0,0,1,1,0,0,0,5
CCC,2014J,657048,0,Scotland,HE Qualification,0-10%,0-35,0,120,0,Withdrawn,8,1,1,0,0,0,0,1,1,0,1,1,1,1,0,3
CCC,2014J,657050,1,North Region,HE Qualification,,35-55,0,90,0,Distinction,5,1,1,1,1,1,0,1,1,1,0,1,0,0,1,9
CCC,2014J,657145,0,North Western Region,A Level or Equivalent,80-90%,0-35,0,120,0,Distinction,10,1,0,0,0,0,1,1,1,0,1,0,1,1,0,1
CCC,2014J,657210,0,Scotland,Lower Than A Level,20-30%,0-35,0,60,0,Fail,10,1,0,1,1,0,1,1,1,0,0,1,1,1,0,1
CCC,2014J,657211,0,South Region,A Level or Equivalent,40-50%,0-35,0,120,0,Withdrawn,11,0,1,1,0,0,1,0,1,1,1,1,0,0,0,6
CCC,2014J,657285,1,North Western Region,HE Qualification,0-10%,0-35,0,60,0,Distinction,11,0,1,1,1,0,1,1,1,1,0,1,1,0,1,6
CCC,2014J,657319,0,East Anglian Region,Lower Than A Level,70-80%,35-55,0,180,0,Withdrawn,2,1,0,0,0,1,0,0,0,0,0,0,0,1,0,2
CCC,2014J,657352,0,London Region,A Level or Equivalent,90-100%,0-35,0,150,0,Pass,1,1,0,1,0,1,1,1,1,0,0,1,0,1,0,2
CCC,2014J,665414,0,London Region,HE Qualification,90-100%,55<=,0,30,0,Distinction,15,0,1,1,0,0,1,1,1,0,1,0,0,1,1,10
CCC,2014J,669530,1,West Midlands Region,HE Qualification,60-70%,55<=,0,90,0,Pass,13,1,1,1,1,1,1,0,0,1,0,1,0,1,0,5
CCC,2014J,674430,0,Wales,A Level or Equivalent,80-90%,0-35,0,60,1,Withdrawn,15,0,0,0,1,1,0,1,0,0,0,1,1,0,0,10
CCC,2014J,674497,0,Wales,A Level or Equivalent,60-70%,0-35,0,120,0,Pass,3,0,0,1,0,1,0,0,0,0,0,1,0,1,0,8
CCC,2014J,674541,0,North Region,HE Qualification,,35-55,0,30,0,Distinction,6,1,1,1,1,0,0,1,0,1,1,1,1,0,0,9
CCC,2014J,674699,1,South Region,No Formal quals,90-100%,0-35,0,120,0,Pass,5,0,0,0,0,0,1,1,1,0,1,1,1,0,0,9
CCC,2014J,674808,1,Scotland,HE Qualification,40-50%,0-35,0,60,0,Pass,3,1,1,1,1,0,0,1,0,1,0,1,0,0,1,8
CCC,2014J,674814,0,East Midlands Region,Lower Than A Level,80-90%,0-35,0,240,0,Withdrawn,8,1,1,1,1,0,0,1,0,1,1,1,0,0,1,3
CCC,2014J,674882,0,Scotland,A Level or Equivalent,50-60%,0-35,0,60,0,Pass,7,0,1,1,0,0,0,0,1,1,1,0,0,0,0,3
CCC,2014J,674965,0,North Region,A Level or Equivalent,30-40%,0-35,0,210,0,Distinction,11,1,1,0,0,1,0,1,0,1,0,0,1,0,1,6
CCC,2014J,675054,0,London Region,HE Qualification,30-40%,0-35,0,120,0,Pass,1,1,1,1,1,0,0,0,1,0,0,1,0,0,1,2
CCC,2014J,675063,0,North Region,HE Qualification,,0-35,0,90,0,Distinction,7,0,0,1,1,1,0,1,1,0,1,0,1,0,0,3
CCC,2014J,675111,0,North Region,A Level or Equivalent,,0-35,0,60,0,Pass,15,0,0,0,1,1,1,0,1,0,0,1,0,1,0,10
CCC,2014J,675116,1,London Region,Lower Than A Level,30-40%,0-35,0,240,0,Withdrawn,3,0,0,0,0,0,1,1,0,0,0,1,1,1,1,8
CCC,2014J,675374,0,South Region,HE Qualification,70-80%,35-55,0,60,0,Pass,10,1,0,1,1,1,0,1,0,0,0,1,1,1,1,1
CCC,2014J,675383,0,South Region,Lower Than A Level,70-80%,0-35,0,90,0,Distinction,2,1,0,0,1,1,1,1,0,0,0,0,0,0,1,2
CCC,2014J,675396,0,North Region,Lower Than A Level,0-10%,35-55,0,30,0,Fail,11,0,0,1,0,0,1,0,1,1,1,0,1,1,0,6
CCC,2014J,675441,0,South East Region,HE Qualification,80-90%,0-35,0,60,0,Fail,11,1,0,1,0,0,1,1,1,1,1,0,0,1,1,6
CCC,2014J,675442,0,North Region,Lower Than A Level,20-30%,0-35,0,60,0,Withdrawn,4,1,1,1,1,1,1,0,1,1,1,1,0,0,1,8
CCC,2014J,675450,0,Wales,A Level or Equivalent,70-80%,0-35,0,90,0,Withdrawn,8,0,1,0,0,1,0,0,0,1,0,1,1,1,0,3
CCC,2014J,675477,1,Wales,Lower Than A Level,30-40%,0-35,0,30,1,Pass,3,1,0,1,0,0,1,0,1,0,0,1,0,1,0,8
CCC,2014J,675495,0,North Western Region,Lower Than A Level,30-40%,35-55,0,60,0,Withdrawn,7,1,1,1,0,0,0,0,0,1,0,0,1,0,0,3
CCC,2014J,675504,1,South West Region,A Level or Equivalent,40-50%,0-35,0,90,0,Distinction,13,0,0,1,1,0,0,1,0,1,1,0,0,0,1,5
CCC,2014J,675638,1,North Western Region,HE Qualification,20-30%,0-35,0,120,0,Distinction,2,1,0,1,1,1,0,0,1,0,1,0,0,1,1,2
CCC,2014J,675758,0,Yorkshire Region,Lower Than A Level,0-10%,0-35,0,60,0,Withdrawn,15,0,0,0,1,0,1,0,0,1,1,1,0,0,1,10
CCC,2014J,675760,1,London Region,A Level or Equivalent,60-70%,0-35,0,60,0,Distinction,14,1,1,1,0,0,1,0,0,0,0,0,1,1,0,5
CCC,2014J,675823,0,North Region,HE Qualification,,35-55,0,30,0,Withdrawn,16,1,1,0,1,1,1,1,0,1,1,1,0,0,1,10
CCC,2014J,675875,1,North Region,HE Qualification,,0-35,0,210,0,Distinction,15,0,0,1,1,0,1,1,1,1,0,0,0,0,0,10
CCC,2014J,675902,1,London Region,Lower Than A Level,20-30%,0-35,0,60,0,Pass,13,1,1,1,1,0,1,1,0,0,0,1,0,0,0,5
CCC,2014J,675915,1,South West Region,A Level or Equivalent,30-40%,0-35,0,150,0,Fail,1,1,1,0,1,0,0,1,0,1,1,1,1,1,1,2
CCC,2014J,676138,1,Wales,A Level or Equivalent,20-Oct,0-35,0,120,0,Withdrawn,10,1,0,1,0,0,0,0,1,1,1,1,0,1,1,1
CCC,2014J,676150,0,Scotland,A Level or Equivalent,90-100%,0-35,0,60,0,Fail,10,1,1,1,0,0,0,0,1,0,0,0,1,0,1,1
CCC,2014J,676366,0,Wales,A Level or Equivalent,70-80%,0-35,0,120,0,Withdrawn,1,0,0,0,0,1,1,0,0,0,1,1,1,0,0,2
CCC,2014J,676390,0,West Midlands Region,HE Qualification,60-70%,35-55,0,90,0,Pass,15,1,1,1,1,1,0,1,0,1,1,0,0,1,0,10
CCC,2014J,676469,0,Yorkshire Region,A Level or Equivalent,30-40%,0-35,0,150,0,Fail,11,0,0,1,0,0,0,1,0,0,1,0,1,1,0,6
CCC,2014J,676503,0,London Region,A Level or Equivalent,90-100%,35-55,0,60,0,Distinction,2,1,0,0,0,1,1,0,0,0,0,1,0,0,0,2
CCC,2014J,676526,0,Scotland,A Level or Equivalent,40-50%,0-35,0,90,0,Fail,15,0,0,1,0,0,1,0,1,0,1,0,0,1,0,10
CCC,2014J,676538,0,London Region,Lower Than A Level,0-10%,0-35,0,150,0,Pass,14,1,1,1,1,1,0,1,0,0,1,1,1,1,1,5
CCC,2014J,676650,0,North Region,Post Graduate Qualification,,35-55,0,60,0,Distinction,11,0,1,0,0,1,1,1,0,1,0,0,1,1,1,6
CCC,2014J,676736,1,East Anglian Region,Lower Than A Level,40-50%,0-35,0,120,0,Withdrawn,10,0,1,0,1,0,1,1,1,1,0,0,1,0,0,1
CCC,2014J,676760,1,London Region,Lower Than A Level,20-Oct,0-35,0,30,0,Withdrawn,1,1,1,0,1,0,1,0,0,1,1,0,1,0,1,2
CCC,2014J,676783,0,Yorkshire Region,HE Qualification,0-10%,0-35,0,60,0,Withdrawn,7,0,1,1,0,1,1,1,1,0,0,1,1,1,1,3
CCC,2014J,676884,0,East Midlands Region,A Level or Equivalent,70-80%,0-35,0,90,0,Withdrawn,8,1,0,0,0,0,0,0,1,0,1,1,1,1,1,3
CCC,2014J,676909,0,East Anglian Region,HE Qualification,70-80%,0-35,0,60,0,Distinction,16,0,1,1,0,1,1,1,0,1,0,1,0,0,0,10
CCC,2014J,676916,1,London Region,A Level or Equivalent,80-90%,35-55,0,180,0,Pass,12,1,1,0,1,1,0,0,0,1,1,1,0,0,1,7
CCC,2014J,676964,1,East Anglian Region,Lower Than A Level,60-70%,35-55,0,120,0,Pass,14,1,1,1,0,1,1,1,1,0,1,1,1,0,1,5
CCC,2014J,677006,0,Wales,HE Qualification,90-100%,0-35,0,90,0,Pass,1,1,1,1,1,1,1,1,1,1,1,0,1,0,0,2
CCC,2014J,677018,0,London Region,A Level or Equivalent,20-Oct,0-35,0,120,0,Pass,2,0,1,0,1,0,0,1,1,1,0,0,0,1,0,2
CCC,2014J,677085,0,North Region,HE Qualification,,0-35,0,150,0,Pass,16,0,0,0,0,1,0,1,1,0,1,0,1,1,1,10
CCC,2014J,677089,1,East Midlands Region,A Level or Equivalent,50-60%,35-55,0,60,0,Distinction,3,0,0,1,0,1,1,0,0,1,0,0,1,0,0,8
CCC,2014J,677270,0,Scotland,Lower Than A Level,50-60%,0-35,0,120,0,Withdrawn,8,0,0,1,0,1,0,1,1,0,1,1,1,0,1,3
CCC,2014J,677323,1,Yorkshire Region,Lower Than A Level,20-Oct,0-35,0,60,0,Withdrawn,15,1,0,0,1,0,1,1,0,0,0,0,1,1,0,10
CCC,2014J,677349,1,South West Region,A Level or Equivalent,20-Oct,0-35,0,150,0,Distinction,15,1,0,1,1,1,1,0,0,1,0,0,1,0,0,10
CCC,2014J,677382,0,East Midlands Region,A Level or Equivalent,20-Oct,0-35,0,120,0,Withdrawn,11,1,0,1,1,0,0,1,1,1,1,0,0,1,1,6
CCC,2014J,677459,0,Scotland,HE Qualification,40-50%,0-35,0,120,0,Pass,13,1,0,1,1,1,1,1,0,1,0,1,0,1,1,5
CCC,2014J,677566,1,Yorkshire Region,A Level or Equivalent,30-40%,0-35,0,120,0,Withdrawn,4,0,1,1,1,1,1,1,1,0,0,0,1,0,1,8
CCC,2014J,677641,0,North Western Region,HE Qualification,50-60%,35-55,0,60,0,Distinction,7,0,0,0,0,0,0,0,0,0,0,1,0,0,1,3
CCC,2014J,677721,0,Scotland,A Level or Equivalent,20-30%,0-35,0,240,0,Withdrawn,16,1,0,1,1,1,0,1,0,0,1,1,1,0,1,10
CCC,2014J,677741,0,South Region,A Level or Equivalent,70-80%,0-35,0,60,0,Distinction,5,0,0,0,0,0,1,1,1,0,0,0,0,1,1,9
CCC,2014J,677887,0,London Region,Lower Than A Level,30-40%,0-35,0,90,0,Withdrawn,6,0,1,0,0,0,0,1,1,1,1,1,1,0,0,9
CCC,2014J,678088,0,South Region,Lower Than A Level,80-90%,35-55,0,180,0,Withdrawn,15,1,1,0,1,1,1,1,1,0,0,1,1,1,0,10
CCC,2014J,678089,1,East Anglian Region,A Level or Equivalent,0-10%,0-35,0,120,0,Distinction,2,1,1,0,0,0,1,1,1,0,0,1,1,1,1,2
CCC,2014J,678090,0,East Anglian Region,Lower Than A Level,90-100%,0-35,0,90,0,Withdrawn,15,1,0,1,1,0,1,0,0,1,0,0,0,0,1,10
CCC,2014J,678194,0,Wales,A Level or Equivalent,90-100%,35-55,0,60,0,Fail,4,1,1,0,0,1,0,0,1,0,1,0,0,0,0,8
CCC,2014J,678203,0,Yorkshire Region,Lower Than A Level,50-60%,0-35,0,120,0,Pass,15,1,1,0,1,0,0,1,0,1,1,1,1,0,1,10
CCC,2014J,678204,0,South Region,HE Qualification,40-50%,0-35,0,120,0,Pass,7,0,1,0,0,1,1,0,0,0,1,1,0,0,0,3
CCC,2014J,678339,1,North Western Region,Lower Than A Level,20-30%,0-35,0,120,1,Pass,2,1,0,1,0,0,1,0,0,1,1,1,0,0,0,2
CCC,2014J,678382,0,South West Region,Lower Than A Level,30-40%,0-35,0,120,0,Withdrawn,14,1,0,1,0,0,0,1,1,0,1,0,1,1,0,5
CCC,2014J,678393,0,Scotland,HE Qualification,30-40%,0-35,0,60,0,Fail,13,1,1,0,1,1,0,0,1,0,1,0,0,1,0,5
CCC,2014J,678395,0,East Midlands Region,A Level or Equivalent,90-100%,0-35,0,120,0,Distinction,3,0,1,1,0,0,1,0,0,0,1,0,1,0,0,8
CCC,2014J,678408,1,Ireland,Post Graduate Qualification,,0-35,0,120,0,Pass,6,1,0,0,0,0,0,1,0,0,0,1,0,0,0,9
CCC,2014J,678419,0,East Anglian Region,HE Qualification,80-90%,0-35,0,60,0,Pass,8,0,0,0,0,0,1,0,0,0,0,1,1,0,0,3
CCC,2014J,678474,0,Scotland,A Level or Equivalent,20-Oct,0-35,0,120,0,Fail,11,0,0,1,0,0,1,0,0,0,0,0,0,1,1,6
CCC,2014J,678538,0,Wales,Lower Than A Level,40-50%,0-35,0,90,0,Withdrawn,16,0,1,1,0,0,0,1,1,1,0,1,1,0,0,10
CCC,2014J,678790,0,Wales,A Level or Equivalent,90-100%,0-35,0,120,0,Pass,14,1,1,1,1,1,1,0,1,0,1,0,1,0,0,5
CCC,2014J,678811,1,North Region,Lower Than A Level,50-60%,0-35,0,120,0,Withdrawn,2,1,0,0,0,0,0,1,1,1,0,0,1,1,0,2
CCC,2014J,678843,0,Scotland,HE Qualification,40-50%,35-55,0,60,0,Withdrawn,6,0,0,0,1,1,0,1,1,1,0,0,0,0,0,9
CCC,2014J,678860,0,East Anglian Region,HE Qualification,30-40%,35-55,0,60,0,Withdrawn,14,1,1,1,1,0,1,0,0,0,1,0,1,1,0,5
CCC,2014J,679037,0,London Region,HE Qualification,0-10%,0-35,0,120,0,Withdrawn,7,0,1,0,1,0,1,0,1,1,1,1,0,1,0,3
CCC,2014J,679039,1,South East Region,A Level or Equivalent,20-30%,0-35,0,90,0,Pass,14,0,1,1,1,0,1,1,1,1,1,1,0,1,0,5
CCC,2014J,679114,1,West Midlands Region,A Level or Equivalent,40-50%,0-35,0,120,0,Withdrawn,4,0,1,0,1,0,1,0,1,0,1,1,0,1,0,8
CCC,2014J,679128,1,Yorkshire Region,A Level or Equivalent,50-60%,0-35,0,90,0,Distinction,7,1,0,0,1,0,0,0,0,0,0,0,0,0,1,3
CCC,2014J,679179,0,Scotland,HE Qualification,20-30%,0-35,0,90,0,Fail,14,1,0,1,0,0,0,0,1,0,1,1,0,1,1,5
CCC,2014J,679207,0,North Western Region,Lower Than A Level,30-40%,35-55,0,90,0,Withdrawn,14,0,1,1,1,1,0,0,1,1,0,1,0,0,1,5
CCC,2014J,679271,1,East Midlands Region,A Level or Equivalent,90-100%,0-35,0,60,0,Withdrawn,13,0,1,0,0,1,1,0,1,0,1,0,0,1,1,5
CCC,2014J,679325,1,South Region,Lower Than A Level,70-80%,0-35,0,120,0,Withdrawn,11,1,1,1,0,0,1,0,0,0,1,0,0,0,0,6
CCC,2014J,679363,0,Scotland,Lower Than A Level,40-50%,35-55,0,60,0,Fail,16,1,1,0,1,1,1,0,0,0,0,1,1,1,0,10
CCC,2014J,679386,0,South West Region,Lower Than A Level,70-80%,0-35,0,120,0,Pass,7,1,0,1,1,1,1,1,1,1,1,1,0,1,1,3
CCC,2014J,679431,0,London Region,A Level or Equivalent,20-Oct,0-35,0,150,0,Distinction,5,1,0,0,0,0,0,0,0,0,0,1,0,1,0,9
CCC,2014J,679451,1,Yorkshire Region,Lower Than A Level,20-Oct,0-35,0,60,0,Distinction,13,1,0,1,1,1,1,0,0,0,1,0,1,1,0,5
CCC,2014J,679468,0,North Region,Post Graduate Qualification,,0-35,0,120,0,Withdrawn,15,1,0,1,1,0,0,1,1,1,1,1,0,1,0,10
CCC,2014J,679529,0,Wales,Lower Than A Level,20-30%,0-35,0,90,0,Withdrawn,15,1,0,0,1,1,1,1,0,1,1,1,0,0,1,10
CCC,2014J,679539,1,West Midlands Region,Lower Than A Level,20-Oct,0-35,0,60,0,Fail,1,1,1,0,0,1,1,0,1,0,0,0,0,1,1,2
CCC,2014J,679569,0,Scotland,HE Qualification,,0-35,0,60,0,Fail,11,1,1,1,1,1,1,1,0,1,1,0,1,1,1,6
CCC,2014J,679599,1,North Western Region,A Level or Equivalent,70-80%,0-35,0,120,0,Withdrawn,10,0,1,1,1,1,0,0,1,1,0,1,1,1,1,1
CCC,2014J,679663,0,Scotland,A Level or Equivalent,80-90%,0-35,0,30,0,Pass,11,1,0,0,1,0,1,1,0,1,0,0,1,0,0,6
CCC,2014J,679733,0,Wales,Lower Than A Level,20-Oct,0-35,0,150,0,Distinction,5,1,1,1,1,1,1,0,0,0,0,0,0,0,0,9
CCC,2014J,679750,0,South Region,Lower Than A Level,30-40%,0-35,0,30,0,Pass,12,0,0,0,1,1,1,1,1,0,0,0,1,0,1,7
CCC,2014J,679886,0,London Region,HE Qualification,30-40%,35-55,0,60,0,Distinction,15,1,1,0,1,1,0,0,0,1,0,1,1,1,0,10
CCC,2014J,679939,0,East Anglian Region,A Level or Equivalent,90-100%,0-35,0,120,0,Pass,9,0,1,0,0,0,1,1,1,1,1,0,0,0,1,4
CCC,2014J,679959,0,Ireland,HE Qualification,,0-35,0,120,0,Pass,1,1,0,1,1,1,0,1,0,0,1,1,1,0,0,2
CCC,2014J,680002,1,Scotland,A Level or Equivalent,20-30%,0-35,0,120,1,Distinction,12,0,0,1,1,0,1,1,0,1,0,0,0,1,1,7
CCC,2014J,680027,0,London Region,A Level or Equivalent,30-40%,35-55,0,120,1,Distinction,3,0,0,0,1,1,1,1,1,0,1,0,1,1,1,8
CCC,2014J,680133,1,Scotland,HE Qualification,90-100%,0-35,0,60,0,Distinction,15,1,0,1,0,0,0,0,0,1,0,0,1,1,1,10
CCC,2014J,680145,0,North Western Region,Lower Than A Level,30-40%,0-35,0,90,1,Withdrawn,6,1,1,1,0,1,0,0,0,1,1,1,0,1,0,9
CCC,2014J,680187,1,Ireland,HE Qualification,90-100%,0-35,0,60,0,Pass,5,1,0,0,1,1,0,1,0,1,0,0,0,1,0,9
CCC,2014J,680222,1,South East Region,Lower Than A Level,20-Oct,0-35,0,180,0,Withdrawn,3,1,0,0,0,1,0,0,1,1,1,1,0,0,1,8
CCC,2014J,680267,0,Scotland,A Level or Equivalent,30-40%,35-55,0,60,0,Pass,13,1,1,1,1,1,1,1,1,0,0,1,1,0,0,5
CCC,2014J,680333,0,North Region,HE Qualification,0-10%,0-35,0,150,0,Withdrawn,8,0,0,0,0,0,0,1,0,1,1,1,0,0,1,3
CCC,2014J,680492,0,London Region,HE Qualification,40-50%,35-55,0,90,0,Pass,8,0,0,1,0,0,0,0,1,0,1,0,0,0,0,3
CCC,2014J,680602,0,London Region,A Level or Equivalent,30-40%,0-35,0,60,0,Pass,2,1,1,1,0,1,0,1,0,1,0,0,0,0,0,2
CCC,2014J,680687,0,Wales,HE Qualification,20-30%,0-35,0,60,0,Distinction,3,1,1,0,0,0,1,1,0,0,0,1,0,0,0,8
CCC,2014J,680698,0,East Anglian Region,A Level or Equivalent,80-90%,0-35,0,120,0,Withdrawn,10,1,0,1,0,0,1,1,1,0,1,0,0,0,1,1
CCC,2014J,680765,1,London Region,Lower Than A Level,20-Oct,0-35,0,120,0,Fail,11,0,0,0,1,0,0,0,1,0,0,1,0,0,1,6
CCC,2014J,680804,0,South West Region,HE Qualification,40-50%,0-35,0,60,0,Pass,3,0,1,1,1,0,0,0,1,1,0,1,1,1,0,8
CCC,2014J,680890,1,South Region,A Level or Equivalent,70-80%,0-35,0,60,0,Withdrawn,13,1,1,1,1,1,1,0,0,1,1,0,0,1,1,5
CCC,2014J,681165,1,South East Region,A Level or Equivalent,30-40%,35-55,0,30,0,Pass,9,1,1,0,1,0,1,0,0,1,0,1,1,0,0,4
CCC,2014J,681174,0,North Region,Post Graduate Qualification,,35-55,0,90,0,Distinction,11,1,1,1,0,1,0,1,0,0,1,1,1,0,1,6
CCC,2014J,681235,1,West Midlands Region,Lower Than A Level,20-Oct,0-35,0,120,0,Pass,3,0,1,1,0,1,0,0,0,1,1,0,1,0,1,8
CCC,2014J,681302,0,North Western Region,HE Qualification,20-30%,0-35,0,60,0,Pass,1,0,1,1,0,0,0,1,1,1,0,1,1,1,1,2
CCC,2014J,681335,0,North Western Region,Lower Than A Level,0-10%,35-55,0,120,0,Withdrawn,10,0,0,1,1,1,0,1,0,1,0,0,1,1,0,1
CCC,2014J,681642,0,Ireland,A Level or Equivalent,,0-35,0,120,0,Pass,12,0,0,1,1,1,0,1,1,1,0,0,0,1,1,7
CCC,2014J,681704,0,London Region,Lower Than A Level,40-50%,0-35,0,60,0,Withdrawn,9,0,1,0,0,1,1,1,0,0,1,0,1,0,1,4
CCC,2014J,681731,1,South West Region,A Level or Equivalent,40-50%,0-35,0,30,1,Distinction,10,0,0,0,1,1,1,0,1,0,0,0,0,1,0,1
CCC,2014J,681789,0,South Region,Lower Than A Level,30-40%,0-35,0,60,0,Withdrawn,13,0,0,0,0,0,0,0,0,0,0,0,1,1,1,5
CCC,2014J,681844,0,East Anglian Region,Lower Than A Level,70-80%,0-35,0,60,0,Withdrawn,16,0,1,0,1,1,0,0,0,0,0,0,1,0,0,10
CCC,2014J,681966,0,Wales,A Level or Equivalent,60-70%,0-35,0,90,0,Withdrawn,11,0,1,0,0,0,0,1,1,0,1,0,0,1,1,6
CCC,2014J,682041,0,South West Region,Lower Than A Level,40-50%,0-35,0,120,0,Withdrawn,4,1,1,0,0,0,1,0,1,1,1,0,1,0,0,8
CCC,2014J,682212,0,South West Region,Lower Than A Level,60-70%,0-35,0,60,0,Withdrawn,13,1,1,0,1,1,0,1,1,0,0,1,0,1,1,5
CCC,2014J,682226,0,Scotland,A Level or Equivalent,50-60%,0-35,0,30,0,Withdrawn,9,0,1,1,1,1,1,0,0,0,1,1,0,1,1,4
CCC,2014J,682259,0,Wales,A Level or Equivalent,20-30%,0-35,0,60,0,Fail,3,1,0,0,1,1,1,0,1,1,1,0,1,1,1,8
CCC,2014J,682301,0,North Western Region,A Level or Equivalent,20-Oct,0-35,0,120,0,Pass,10,1,1,0,0,0,1,0,0,0,1,0,0,0,0,1
CCC,2014J,682309,0,North Region,Lower Than A Level,,35-55,0,60,1,Withdrawn,6,1,1,0,1,0,0,1,1,0,0,0,1,1,1,9
CCC,2014J,682367,1,East Midlands Region,A Level or Equivalent,90-100%,0-35,0,90,0,Distinction,12,0,0,1,1,1,1,0,0,0,1,0,0,0,1,7
CCC,2014J,682414,0,London Region,A Level or Equivalent,20-30%,0-35,0,120,0,Withdrawn,9,0,0,1,1,1,1,1,0,1,1,0,0,0,1,4
CCC,2014J,682511,0,South West Region,A Level or Equivalent,80-90%,0-35,0,120,0,Pass,12,0,1,0,1,0,1,1,1,1,0,1,1,1,1,7
CCC,2014J,682565,0,East Midlands Region,Lower Than A Level,80-90%,0-35,0,240,0,Withdrawn,7,1,0,0,1,0,1,1,0,0,1,0,1,1,0,3
CCC,2014J,682569,0,South Region,A Level or Equivalent,20-30%,35-55,0,120,0,Pass,9,1,1,0,1,1,1,0,0,1,0,0,0,0,0,4
CCC,2014J,682717,0,Scotland,HE Qualification,20-30%,35-55,0,150,0,Fail,15,0,0,1,0,0,1,0,0,1,1,1,0,0,0,10
CCC,2014J,682738,1,Yorkshire Region,A Level or Equivalent,70-80%,0-35,0,90,0,Fail,8,0,0,0,1,0,0,0,1,1,1,0,1,1,1,3
CCC,2014J,682961,0,North Region,Lower Than A Level,,35-55,0,60,0,Distinction,7,1,0,1,1,0,0,0,0,0,0,0,1,0,1,3
CCC,2014J,683073,0,Scotland,HE Qualification,20-30%,35-55,0,90,0,Withdrawn,13,1,1,0,1,1,1,0,1,0,0,1,1,0,0,5
CCC,2014J,683203,1,Yorkshire Region,A Level or Equivalent,20-Oct,0-35,0,30,0,Withdrawn,13,1,0,0,1,0,0,0,1,1,1,0,0,1,0,5
CCC,2014J,683220,1,London Region,A Level or Equivalent,60-70%,0-35,0,180,0,Withdrawn,2,1,0,1,0,1,1,1,0,0,1,0,0,0,1,2
CCC,2014J,683373,0,London Region,A Level or Equivalent,0-10%,0-35,0,90,0,Distinction,12,0,1,1,1,1,0,0,0,0,1,0,0,0,0,7
CCC,2014J,683406,1,South Region,HE Qualification,90-100%,0-35,0,30,0,Withdrawn,3,0,1,1,0,1,0,0,0,0,0,0,0,0,1,8
CCC,2014J,683449,1,London Region,Lower Than A Level,20-Oct,0-35,0,120,1,Withdrawn,10,0,0,1,0,1,0,0,0,0,1,0,0,0,1,1
CCC,2014J,683503,0,Scotland,Lower Than A Level,80-90%,0-35,0,60,0,Withdrawn,3,0,1,0,0,1,1,1,0,1,1,1,1,0,1,8
CCC,2014J,683625,0,East Anglian Region,A Level or Equivalent,50-60%,0-35,0,120,0,Pass,15,0,0,0,1,1,0,1,0,1,1,0,0,1,1,10
CCC,2014J,683668,1,Ireland,Post Graduate Qualification,,0-35,0,90,0,Distinction,5,0,0,0,0,0,1,1,0,1,0,1,1,0,1,9
CCC,2014J,683777,1,East Anglian Region,HE Qualification,60-70%,0-35,0,30,0,Pass,6,1,1,0,1,0,1,0,1,1,1,0,1,0,0,9
CCC,2014J,683865,0,Scotland,Post Graduate Qualification,90-100%,35-55,0,30,0,Fail,10,0,1,1,1,0,0,1,0,0,1,1,1,0,1,1
CCC,2014J,683912,1,South Region,A Level or Equivalent,0-10%,0-35,0,120,0,Withdrawn,2,1,1,0,1,1,1,1,0,1,0,0,0,0,0,2
CCC,2014J,684111,0,West Midlands Region,HE Qualification,90-100%,0-35,0,60,0,Pass,7,1,1,1,1,0,1,0,1,1,0,1,1,0,1,3
CCC,2014J,684208,0,Scotland,HE Qualification,50-60%,0-35,0,60,0,Fail,5,1,0,0,0,0,1,0,0,0,0,0,0,0,0,9
CCC,2014J,684270,0,South East Region,A Level or Equivalent,70-80%,0-35,0,60,0,Fail,15,1,1,1,0,1,1,1,0,1,1,1,1,0,1,10
CCC,2014J,684313,0,East Anglian Region,Lower Than A Level,40-50%,0-35,0,120,0,Withdrawn,13,1,0,0,0,0,0,1,0,0,1,0,1,1,1,5
CCC,2014J,684444,0,Scotland,Lower Than A Level,60-70%,35-55,0,60,0,Pass,9,0,1,0,0,1,1,1,1,0,1,1,1,0,0,4
CCC,2014J,684498,0,North Western Region,A Level or Equivalent,90-100%,0-35,0,90,0,Fail,9,1,1,0,0,0,0,1,0,1,0,1,1,1,0,4
CCC,2014J,684511,0,West Midlands Region,Lower Than A Level,0-10%,0-35,0,90,0,Withdrawn,5,0,1,1,1,1,0,1,0,0,0,1,1,1,1,9
CCC,2014J,684514,0,Wales,A Level or Equivalent,20-Oct,0-35,0,150,0,Pass,9,0,1,0,0,0,0,0,1,1,1,1,0,1,1,4
CCC,2014J,684617,0,North Region,A Level or Equivalent,20-Oct,0-35,0,60,0,Fail,10,0,0,1,1,0,1,1,0,1,1,1,0,1,1,1
CCC,2014J,684643,0,North Region,Lower Than A Level,,0-35,0,30,0,Fail,2,1,0,0,1,1,0,1,0,0,0,0,1,0,1,2
CCC,2014J,684663,0,Scotland,Lower Than A Level,70-80%,0-35,0,120,1,Fail,7,1,0,1,1,0,0,1,1,1,0,1,0,0,0,3
CCC,2014J,684669,0,North Region,HE Qualification,,0-35,0,90,0,Pass,1,1,1,0,1,0,1,1,1,0,0,0,1,0,0,2
CCC,2014J,684709,0,East Midlands Region,A Level or Equivalent,20-Oct,35-55,0,60,0,Distinction,16,0,1,1,1,0,0,1,0,0,0,1,0,0,0,10
CCC,2014J,684905,0,Yorkshire Region,A Level or Equivalent,20-30%,0-35,0,60,0,Pass,6,1,1,1,0,0,0,0,0,1,0,1,1,1,1,9
CCC,2014J,684944,0,West Midlands Region,Lower Than A Level,0-10%,0-35,0,90,0,Withdrawn,16,0,0,1,1,0,0,1,0,0,1,0,0,1,1,10
CCC,2014J,684990,0,North Region,Lower Than A Level,,0-35,0,30,0,Fail,6,1,0,1,0,1,1,1,1,0,0,1,0,1,0,9
CCC,2014J,685015,0,West Midlands Region,A Level or Equivalent,30-40%,0-35,0,150,0,Withdrawn,10,0,0,1,1,1,0,0,0,0,0,0,0,1,1,1
CCC,2014J,685098,0,North Region,Post Graduate Qualification,,35-55,0,30,0,Distinction,4,0,1,1,0,1,1,0,0,1,1,0,0,1,1,8
CCC,2014J,685206,0,London Region,A Level or Equivalent,30-40%,0-35,0,120,0,Distinction,5,0,0,0,1,0,1,0,1,0,1,1,0,1,0,9
CCC,2014J,685212,0,West Midlands Region,HE Qualification,30-40%,35-55,0,120,0,Pass,9,0,1,0,0,1,0,1,1,1,1,1,0,1,0,4
CCC,2014J,685236,0,Wales,HE Qualification,70-80%,0-35,0,60,0,Withdrawn,1,1,1,0,0,1,1,1,0,0,1,1,0,0,0,2
CCC,2014J,685287,0,South West Region,HE Qualification,60-70%,0-35,0,60,0,Pass,15,1,1,1,0,0,1,0,0,1,1,0,0,0,0,10
CCC,2014J,685289,1,London Region,A Level or Equivalent,70-80%,0-35,0,90,0,Withdrawn,2,0,1,1,1,1,1,1,1,0,1,0,1,1,1,2
CCC,2014J,685399,0,Scotland,A Level or Equivalent,30-40%,0-35,0,60,0,Fail,14,1,1,1,0,1,1,1,1,0,0,1,1,0,1,5
CCC,2014J,685412,0,East Anglian Region,A Level or Equivalent,90-100%,0-35,0,120,0,Distinction,1,1,0,1,0,1,0,1,1,1,0,1,0,0,0,2
CCC,2014J,685458,0,North Western Region,Lower Than A Level,20-30%,0-35,0,120,0,Pass,3,1,0,1,1,0,1,1,0,0,0,1,0,1,0,8
CCC,2014J,685474,0,North Region,HE Qualification,,0-35,0,90,0,Withdrawn,2,0,0,0,0,1,0,0,1,0,1,1,1,0,0,2
CCC,2014J,685487,1,South West Region,Lower Than A Level,20-30%,35-55,0,60,1,Distinction,5,1,0,1,1,0,0,1,1,0,1,1,0,0,0,9
CCC,2014J,685514,0,East Anglian Region,HE Qualification,60-70%,0-35,0,30,0,Pass,13,1,1,0,0,1,1,0,1,1,1,0,0,1,1,5
CCC,2014J,685557,0,Scotland,HE Qualification,50-60%,0-35,0,60,0,Fail,3,1,0,1,1,0,1,1,0,1,0,1,1,1,0,8
CCC,2014J,685572,1,East Midlands Region,A Level or Equivalent,90-100%,0-35,0,150,0,Pass,10,1,0,1,1,1,1,0,1,1,1,1,0,0,1,1
CCC,2014J,685597,0,Scotland,Lower Than A Level,20-Oct,0-35,0,90,0,Pass,2,0,0,0,1,1,1,0,1,1,1,1,0,0,1,2
CCC,2014J,685619,0,Scotland,HE Qualification,0-10%,0-35,0,105,1,Withdrawn,2,0,0,0,0,0,1,0,0,0,0,0,0,1,1,2
CCC,2014J,685663,1,South East Region,A Level or Equivalent,0-10%,0-35,0,90,0,Withdrawn,12,0,0,0,0,1,0,0,0,0,1,1,1,0,1,7
CCC,2014J,685705,0,Yorkshire Region,A Level or Equivalent,20-30%,0-35,0,120,0,Withdrawn,14,1,0,1,1,1,1,1,0,1,0,0,1,0,1,5
CCC,2014J,685750,1,Scotland,A Level or Equivalent,50-60%,35-55,0,180,1,Withdrawn,10,1,0,0,1,0,1,0,0,1,0,1,1,0,1,1
CCC,2014J,685802,0,South West Region,Lower Than A Level,20-Oct,0-35,0,120,0,Withdrawn,14,0,0,1,1,1,0,1,0,0,0,1,1,1,1,5
CCC,2014J,685849,0,Ireland,HE Qualification,70-80%,0-35,0,60,0,Pass,16,1,1,1,0,1,0,0,0,1,0,0,0,0,1,10
CCC,2014J,685860,0,East Anglian Region,A Level or Equivalent,70-80%,0-35,0,210,0,Withdrawn,9,1,1,0,1,0,0,1,1,1,1,1,1,1,0,4
CCC,2014J,685871,0,South Region,A Level or Equivalent,30-40%,35-55,0,90,0,Distinction,13,1,0,1,1,0,1,1,1,1,0,1,0,0,0,5
CCC,2014J,685950,0,Scotland,Lower Than A Level,30-40%,0-35,0,120,0,Pass,7,1,0,0,0,1,0,1,1,1,1,1,1,0,0,3
CCC,2014J,685952,0,London Region,A Level or Equivalent,70-80%,0-35,0,120,0,Fail,8,0,0,1,1,1,1,0,1,1,1,0,0,0,0,3
CCC,2014J,685964,0,North Region,Lower Than A Level,,0-35,0,120,0,Distinction,10,0,1,1,0,1,1,1,1,1,0,1,1,1,1,1
CCC,2014J,685988,1,North Region,HE Qualification,,0-35,0,150,0,Withdrawn,11,1,0,0,0,0,0,0,1,0,1,1,0,1,0,6
CCC,2014J,686001,0,South Region,A Level or Equivalent,70-80%,0-35,0,60,0,Distinction,1,0,1,1,0,1,0,0,0,0,0,0,0,1,1,2
CCC,2014J,686003,1,South West Region,A Level or Equivalent,50-60%,0-35,0,210,0,Withdrawn,11,1,0,1,1,1,0,1,1,1,0,0,0,1,0,6
CCC,2014J,686018,0,North Region,HE Qualification,,0-35,0,90,0,Distinction,8,1,1,0,0,0,1,1,1,1,1,1,0,1,1,3
CCC,2014J,686034,0,Yorkshire Region,A Level or Equivalent,20-Oct,0-35,0,90,0,Withdrawn,7,1,0,0,1,0,0,0,1,1,0,1,1,0,1,3
CCC,2014J,686058,1,North Region,Lower Than A Level,,35-55,0,120,0,Distinction,3,1,0,0,0,1,0,1,0,0,0,1,0,0,0,8
CCC,2014J,686071,0,Scotland,Post Graduate Qualification,50-60%,0-35,0,60,0,Withdrawn,15,0,1,0,1,0,1,0,1,1,1,1,1,1,0,10
CCC,2014J,686110,0,North Region,Lower Than A Level,,0-35,0,120,0,Pass,9,0,1,0,1,0,1,1,1,1,0,0,0,1,1,4
CCC,2014J,686268,0,South Region,A Level or Equivalent,80-90%,0-35,0,120,0,Pass,10,0,1,1,0,0,0,1,0,1,1,1,0,1,0,1
CCC,2014J,686411,1,Scotland,HE Qualification,50-60%,55<=,0,60,0,Distinction,8,1,0,0,0,1,1,1,0,1,1,0,1,1,0,3
CCC,2014J,686515,1,West Midlands Region,HE Qualification,60-70%,0-35,0,120,0,Distinction,9,1,0,1,1,0,1,0,0,1,0,1,0,1,1,4
CCC,2014J,686558,0,East Midlands Region,A Level or Equivalent,50-60%,0-35,0,120,0,Pass,16,1,1,1,1,0,1,1,0,0,1,0,1,1,0,10
CCC,2014J,686584,1,North Western Region,A Level or Equivalent,90-100%,0-35,0,120,1,Pass,16,0,0,0,1,0,0,1,0,0,0,0,1,1,0,10
CCC,2014J,686645,0,South East Region,A Level or Equivalent,20-Oct,0-35,0,120,0,Distinction,2,0,1,0,0,1,0,1,1,0,0,0,0,1,1,2
CCC,2014J,686797,0,North Western Region,A Level or Equivalent,0-10%,0-35,0,60,0,Withdrawn,5,1,1,0,0,0,1,1,1,1,0,1,1,1,0,9
CCC,2014J,686813,0,London Region,Lower Than A Level,20-Oct,0-35,0,150,1,Withdrawn,5,1,0,0,0,1,0,0,0,0,0,1,0,1,0,9
CCC,2014J,686877,0,South Region,A Level or Equivalent,90-100%,0-35,0,150,0,Withdrawn,12,1,0,1,1,0,1,0,1,1,0,1,1,1,0,7
CCC,2014J,686907,1,North Region,Post Graduate Qualification,,0-35,0,90,0,Pass,6,1,0,0,0,1,0,1,1,0,0,0,1,0,1,9
CCC,2014J,686957,0,East Anglian Region,HE Qualification,70-80%,0-35,0,30,0,Pass,10,1,0,1,0,0,1,1,1,0,1,1,0,0,1,1
CCC,2014J,687023,1,London Region,A Level or Equivalent,0-10%,0-35,0,120,0,Pass,12,0,0,0,1,1,0,0,0,0,0,1,0,0,1,7
CCC,2014J,687146,0,South East Region,Lower Than A Level,70-80%,0-35,0,90,0,Withdrawn,16,1,0,0,1,0,0,0,0,0,1,1,0,0,0,10
CCC,2014J,687160,0,West Midlands Region,A Level or Equivalent,0-10%,0-35,0,90,0,Distinction,3,0,1,0,1,0,1,0,1,0,1,0,1,0,0,8
CCC,2014J,687190,1,East Anglian Region,A Level or Equivalent,50-60%,0-35,0,60,0,Distinction,15,1,0,0,1,0,1,0,1,0,0,1,0,1,0,10
CCC,2014J,687206,0,Scotland,HE Qualification,90-100%,55<=,0,30,0,Distinction,15,0,1,1,0,1,0,1,0,1,0,1,1,1,1,10
CCC,2014J,687216,0,Yorkshire Region,HE Qualification,80-90%,55<=,0,30,0,Distinction,3,0,1,0,0,0,0,0,1,0,1,0,0,1,1,8
CCC,2014J,687283,0,East Anglian Region,A Level or Equivalent,80-90%,0-35,0,60,0,Withdrawn,13,0,1,1,1,0,1,0,0,1,0,0,0,1,1,5
CCC,2014J,687310,0,South Region,HE Qualification,90-100%,35-55,0,60,0,Fail,6,1,0,0,0,1,1,1,0,0,1,0,0,0,1,9
CCC,2014J,687319,0,West Midlands Region,Lower Than A Level,20-Oct,35-55,0,240,0,Withdrawn,2,1,0,1,1,1,0,1,1,1,0,1,1,1,0,2
CCC,2014J,687345,0,South Region,A Level or Equivalent,60-70%,0-35,0,90,0,Withdrawn,6,1,0,1,0,0,0,0,0,0,0,1,0,0,1,9
CCC,2014J,687348,1,London Region,Lower Than A Level,20-Oct,35-55,0,120,1,Withdrawn,1,0,1,0,0,1,1,1,1,0,1,0,1,0,0,2
CCC,2014J,687686,0,South Region,A Level or Equivalent,60-70%,0-35,0,120,0,Pass,2,1,0,0,1,1,0,0,0,1,0,1,1,1,1,2
CCC,2014J,687772,0,North Region,A Level or Equivalent,70-80%,0-35,0,60,0,Distinction,12,0,1,1,0,1,1,0,0,1,0,1,1,0,1,7
CCC,2014J,687844,1,South West Region,HE Qualification,30-40%,0-35,0,90,0,Withdrawn,5,0,1,0,0,0,1,0,0,0,0,1,1,0,0,9
CCC,2014J,687877,0,Scotland,Post Graduate Qualification,90-100%,0-35,0,30,0,Pass,2,1,1,0,0,1,1,1,0,0,0,1,1,1,1,2
CCC,2014J,687953,0,East Anglian Region,A Level or Equivalent,50-60%,0-35,0,60,0,Withdrawn,7,0,1,0,0,0,0,1,0,1,1,1,0,0,1,3
CCC,2014J,687981,0,North Western Region,Lower Than A Level,0-10%,0-35,0,90,0,Pass,10,1,0,1,0,1,1,0,0,1,1,0,0,0,1,1
CCC,2014J,688028,1,South Region,A Level or Equivalent,20-30%,0-35,0,120,0,Withdrawn,1,1,0,0,0,0,0,1,0,0,1,0,1,1,1,2
CCC,2014J,688033,0,London Region,No Formal quals,20-30%,0-35,0,120,0,Fail,13,0,0,0,0,0,0,0,1,1,1,1,0,1,0,5
CCC,2014J,688117,1,North Region,A Level or Equivalent,20-30%,0-35,0,120,0,Withdrawn,7,0,0,0,1,1,0,1,1,1,1,1,0,1,1,3
CCC,2014J,688171,0,West Midlands Region,A Level or Equivalent,20-30%,0-35,0,120,1,Withdrawn,3,0,0,1,0,1,0,1,0,1,0,0,0,1,1,8
CCC,2014J,688271,0,South West Region,A Level or Equivalent,70-80%,0-35,0,120,0,Withdrawn,14,0,0,1,1,1,1,1,0,0,0,1,1,0,1,5
CCC,2014J,688281,1,Scotland,A Level or Equivalent,90-100%,0-35,0,120,0,Distinction,1,0,1,1,0,1,1,1,0,0,1,0,0,0,0,2
CCC,2014J,688297,0,South West Region,A Level or Equivalent,90-100%,0-35,0,120,0,Withdrawn,3,1,0,1,0,0,1,1,0,1,1,0,0,0,1,8
CCC,2014J,688337,0,South West Region,A Level or Equivalent,70-80%,0-35,0,120,0,Pass,5,1,1,1,1,0,1,0,1,1,0,1,1,0,0,9
CCC,2014J,688356,0,East Anglian Region,A Level or Equivalent,20-Oct,0-35,0,90,0,Pass,6,0,1,1,0,0,0,1,1,1,0,1,1,0,1,9
CCC,2014J,688521,0,East Anglian Region,A Level or Equivalent,0-10%,0-35,0,120,0,Distinction,14,0,1,0,0,1,1,0,1,0,0,1,0,0,1,5
CCC,2014J,688533,0,East Midlands Region,A Level or Equivalent,20-Oct,0-35,0,30,1,Withdrawn,13,0,1,0,0,0,0,1,1,1,1,1,0,1,0,5
CCC,2014J,688537,1,West Midlands Region,A Level or Equivalent,0-10%,0-35,0,120,0,Fail,8,0,1,0,1,0,0,1,0,0,1,1,0,1,0,3
CCC,2014J,688672,0,Yorkshire Region,Lower Than A Level,0-10%,35-55,0,90,0,Withdrawn,2,0,1,0,0,1,1,0,0,1,1,1,0,1,0,2
CCC,2014J,688683,0,North Region,A Level or Equivalent,40-50%,0-35,0,150,0,Withdrawn,10,1,1,0,1,0,0,0,1,0,0,1,0,1,0,1
CCC,2014J,688707,0,North Region,HE Qualification,,0-35,0,30,0,Fail,15,1,0,1,1,1,0,1,0,0,1,1,1,0,1,10
CCC,2014J,688770,0,North Western Region,A Level or Equivalent,60-70%,0-35,0,120,0,Pass,5,1,0,1,1,0,1,1,1,1,0,0,1,1,0,9
CCC,2014J,688776,0,East Midlands Region,A Level or Equivalent,80-90%,0-35,0,120,1,Withdrawn,11,1,0,1,1,1,0,0,0,1,1,0,0,0,1,6
CCC,2014J,688843,1,East Anglian Region,A Level or Equivalent,40-50%,0-35,0,180,0,Withdrawn,5,1,1,1,0,1,0,1,0,0,0,0,0,1,0,9
CCC,2014J,689004,0,London Region,HE Qualification,30-40%,35-55,0,90,0,Distinction,4,0,1,0,0,1,1,0,0,0,1,0,1,0,0,8
CCC,2014J,689042,0,West Midlands Region,Lower Than A Level,40-50%,35-55,0,90,0,Withdrawn,16,0,1,1,0,0,0,1,1,1,1,0,1,0,0,10
CCC,2014J,689050,0,South Region,HE Qualification,80-90%,0-35,0,120,0,Distinction,9,0,1,1,1,0,1,1,0,0,0,1,1,0,0,4
CCC,2014J,689101,1,East Anglian Region,Post Graduate Qualification,90-100%,35-55,0,30,0,Fail,12,1,1,0,1,0,0,1,1,0,1,1,0,0,1,7
CCC,2014J,689143,0,Yorkshire Region,A Level or Equivalent,0-10%,0-35,0,120,0,Withdrawn,4,1,1,1,0,1,1,1,0,1,0,1,1,1,0,8
CCC,2014J,689164,1,East Anglian Region,A Level or Equivalent,80-90%,35-55,0,60,0,Pass,8,1,1,1,0,0,1,1,1,1,1,1,1,1,1,3
CCC,2014J,689190,1,South East Region,A Level or Equivalent,20-Oct,0-35,0,90,0,Pass,3,1,1,1,1,0,0,1,1,1,1,1,0,0,1,8
CCC,2014J,689217,0,Scotland,HE Qualification,80-90%,0-35,0,60,0,Pass,12,1,1,1,0,1,0,1,1,1,0,0,1,1,0,7
CCC,2014J,689246,1,Scotland,A Level or Equivalent,50-60%,35-55,0,90,0,Pass,11,0,1,1,1,1,0,1,1,0,0,0,1,1,1,6
CCC,2014J,689264,0,East Anglian Region,Lower Than A Level,90-100%,0-35,0,120,0,Withdrawn,16,0,0,1,0,1,0,0,1,0,0,0,0,0,1,10
CCC,2014J,689346,1,North Western Region,A Level or Equivalent,0-10%,0-35,0,120,1,Withdrawn,1,1,0,0,1,1,0,1,0,1,1,1,1,0,1,2
CCC,2014J,689352,0,London Region,A Level or Equivalent,30-40%,0-35,0,120,0,Withdrawn,2,1,1,1,0,0,1,1,0,1,0,0,1,1,1,2
CCC,2014J,689399,1,Ireland,HE Qualification,,35-55,0,90,0,Pass,6,1,0,1,0,0,1,0,1,1,0,0,0,0,1,9
CCC,2014J,689436,0,East Anglian Region,A Level or Equivalent,60-70%,0-35,0,120,0,Withdrawn,13,1,1,0,1,1,1,0,1,0,0,0,1,0,1,5
CCC,2014J,689527,1,Scotland,HE Qualification,0-10%,0-35,0,120,0,Fail,10,1,0,1,0,0,0,1,1,0,0,0,0,0,0,1
CCC,2014J,689637,1,Yorkshire Region,A Level or Equivalent,70-80%,0-35,0,90,0,Distinction,15,1,0,1,1,1,1,1,1,1,1,0,1,1,1,10
CCC,2014J,689759,0,Scotland,Lower Than A Level,80-90%,0-35,0,120,0,Pass,11,1,0,0,1,0,0,0,1,0,1,1,1,1,0,6
CCC,2014J,689792,1,South East Region,A Level or Equivalent,50-60%,0-35,0,60,0,Pass,10,0,1,0,1,1,0,1,0,0,1,1,1,0,1,1
CCC,2014J,689807,0,London Region,A Level or Equivalent,40-50%,0-35,0,120,0,Withdrawn,5,0,0,1,0,0,0,0,0,0,0,0,1,0,1,9
CCC,2014J,689855,0,South West Region,A Level or Equivalent,20-30%,0-35,0,150,0,Distinction,4,0,0,0,1,1,1,0,1,1,0,1,0,1,0,8
CCC,2014J,690046,0,South West Region,HE Qualification,60-70%,0-35,0,30,0,Withdrawn,5,0,0,0,0,1,0,0,1,1,1,0,1,0,0,9
CCC,2014J,690062,1,Ireland,A Level or Equivalent,80-90%,0-35,0,150,0,Pass,1,1,1,0,0,0,1,0,1,0,0,1,0,1,1,2
CCC,2014J,690365,0,Scotland,Lower Than A Level,20-Oct,35-55,0,90,0,Pass,9,1,0,0,0,0,1,0,1,1,1,1,1,0,1,4
CCC,2014J,690404,1,Scotland,A Level or Equivalent,20-30%,0-35,0,60,0,Pass,10,0,1,1,0,1,0,0,1,0,0,0,1,0,0,1
CCC,2014J,690406,0,London Region,No Formal quals,0-10%,0-35,0,120,0,Withdrawn,11,0,0,1,0,0,1,1,0,0,1,0,0,0,0,6
CCC,2014J,690439,0,North Region,Lower Than A Level,,0-35,0,90,0,Fail,2,1,0,1,1,0,1,0,1,1,0,1,0,0,0,2
CCC,2014J,690507,0,Scotland,A Level or Equivalent,80-90%,35-55,0,60,0,Pass,15,1,1,1,0,1,1,0,1,1,0,1,0,1,1,10
CCC,2014J,690589,1,Scotland,A Level or Equivalent,40-50%,0-35,0,120,0,Fail,16,0,1,0,1,1,0,0,1,1,1,0,0,1,1,10
CCC,2014J,690631,0,Scotland,A Level or Equivalent,40-50%,35-55,0,240,0,Withdrawn,5,1,0,0,0,0,1,1,0,1,1,1,0,1,0,9
CCC,2014J,690644,0,London Region,A Level or Equivalent,20-30%,0-35,0,120,0,Pass,12,1,1,1,0,1,1,0,1,1,0,1,1,0,0,7
CCC,2014J,690695,0,North Region,Lower Than A Level,,35-55,0,60,0,Withdrawn,9,1,0,1,0,0,0,0,1,1,1,0,1,1,0,4
CCC,2014J,690724,0,West Midlands Region,No Formal quals,30-40%,0-35,0,90,0,Withdrawn,7,1,0,1,1,1,1,1,0,1,0,1,0,1,0,3
CCC,2014J,690733,0,South West Region,HE Qualification,70-80%,55<=,0,120,0,Distinction,3,1,1,0,0,1,1,0,1,1,1,0,1,0,1,8
CCC,2014J,690763,0,South Region,Lower Than A Level,40-50%,0-35,0,60,0,Fail,16,1,0,0,1,0,1,1,0,0,1,0,1,0,1,10
CCC,2014J,690948,0,East Anglian Region,Lower Than A Level,80-90%,0-35,0,60,0,Fail,12,0,0,1,0,1,0,1,1,0,0,0,0,0,1,7
CCC,2014J,690962,0,South East Region,A Level or Equivalent,60-70%,0-35,0,180,0,Withdrawn,10,1,0,0,0,1,1,0,1,1,1,1,0,1,1,1
CCC,2014J,691008,0,North Western Region,A Level or Equivalent,30-40%,0-35,0,120,0,Withdrawn,2,1,1,0,1,1,1,1,0,1,1,0,0,0,1,2
CCC,2014J,691056,0,North Western Region,Lower Than A Level,50-60%,0-35,0,180,0,Withdrawn,15,1,1,0,0,1,0,0,0,1,1,0,1,1,0,10
CCC,2014J,691069,1,North Region,Post Graduate Qualification,,35-55,0,90,0,Pass,13,0,0,1,1,1,1,1,1,1,1,0,1,1,1,5
CCC,2014J,691177,0,South Region,A Level or Equivalent,70-80%,0-35,0,120,0,Fail,4,1,0,1,1,1,0,0,0,0,1,0,0,0,0,8
CCC,2014J,691195,0,East Midlands Region,A Level or Equivalent,20-30%,0-35,0,120,0,Fail,14,1,1,1,1,1,0,1,1,0,0,0,0,0,1,5
CCC,2014J,691218,0,South West Region,Lower Than A Level,20-Oct,35-55,0,60,0,Fail,14,0,0,1,1,1,0,0,0,0,1,1,0,0,0,5
CCC,2014J,691257,1,London Region,A Level or Equivalent,0-10%,0-35,0,120,0,Withdrawn,16,0,0,0,1,1,0,0,1,1,1,0,0,1,1,10
CCC,2014J,691433,1,Scotland,HE Qualification,70-80%,0-35,0,90,0,Fail,7,0,0,1,1,1,1,0,1,1,1,1,1,0,1,3
CCC,2014J,691550,0,South East Region,Post Graduate Qualification,40-50%,35-55,0,90,0,Distinction,6,0,0,0,1,0,0,1,1,1,1,0,1,1,0,9
CCC,2014J,691843,1,Scotland,A Level or Equivalent,40-50%,0-35,0,30,0,Pass,14,1,0,0,1,0,1,0,0,0,1,1,1,0,0,5
CCC,2014J,691926,0,North Region,HE Qualification,,35-55,0,30,0,Pass,12,0,1,1,0,0,1,1,1,1,0,0,1,0,1,7
CCC,2014J,691931,1,North Region,A Level or Equivalent,70-80%,0-35,0,120,0,Pass,10,1,1,1,1,1,0,0,1,0,0,0,0,1,1,1
CCC,2014J,692105,0,Scotland,HE Qualification,40-50%,0-35,0,60,0,Distinction,10,1,1,0,0,1,0,1,0,0,1,0,1,0,0,1
CCC,2014J,692179,0,Wales,A Level or Equivalent,30-40%,0-35,0,60,0,Withdrawn,1,1,0,0,1,1,1,1,0,1,0,1,1,0,1,2
CCC,2014J,692219,0,South Region,A Level or Equivalent,20-30%,0-35,0,90,0,Withdrawn,11,1,0,1,0,1,1,1,1,0,1,0,0,1,1,6
CCC,2014J,692363,0,East Anglian Region,A Level or Equivalent,20-Oct,0-35,0,60,0,Withdrawn,14,0,1,0,0,0,1,1,0,0,1,1,1,1,0,5
CCC,2014J,692490,1,South Region,A Level or Equivalent,80-90%,0-35,0,30,0,Pass,5,0,1,1,1,0,1,0,1,0,0,0,1,1,1,9
CCC,2014J,692500,0,South West Region,A Level or Equivalent,50-60%,0-35,0,150,0,Withdrawn,11,1,1,0,1,0,1,0,0,1,1,1,0,0,1,6
CCC,2014J,692603,1,East Anglian Region,A Level or Equivalent,80-90%,0-35,0,120,1,Distinction,1,1,1,1,0,1,1,0,0,1,1,0,1,0,1,2
CCC,2014J,692654,1,London Region,HE Qualification,20-30%,0-35,0,30,0,Pass,15,0,0,1,0,0,1,0,1,0,0,0,0,0,0,10
CCC,2014J,692850,1,Ireland,HE Qualification,,0-35,0,120,0,Withdrawn,13,1,0,1,1,0,0,1,0,1,0,1,0,0,1,5
CCC,2014J,692928,0,Ireland,HE Qualification,,35-55,0,60,0,Pass,9,1,0,0,0,1,1,0,1,0,1,1,1,1,1,4
CCC,2014J,692933,0,Ireland,HE Qualification,,35-55,0,30,0,Withdrawn,6,0,0,1,0,1,0,0,1,1,1,1,1,1,1,9
CCC,2014J,693058,0,Scotland,A Level or Equivalent,90-100%,0-35,0,120,0,Distinction,1,0,1,0,0,0,0,0,1,1,1,0,0,1,1,2
CCC,2014J,693111,0,Scotland,HE Qualification,50-60%,35-55,0,120,0,Withdrawn,1,0,0,0,1,0,0,0,1,0,1,1,0,1,0,2
CCC,2014J,693141,1,East Anglian Region,A Level or Equivalent,20-30%,0-35,0,60,0,Pass,2,1,0,1,0,1,1,1,1,1,1,0,1,1,1,2
CCC,2014J,693147,0,East Midlands Region,A Level or Equivalent,20-30%,0-35,0,120,0,Withdrawn,4,0,0,0,0,0,1,1,1,0,1,1,0,0,0,8
CCC,2014J,693182,0,Scotland,HE Qualification,80-90%,0-35,0,30,0,Pass,16,1,1,0,0,1,1,0,1,1,0,1,0,1,0,10
CCC,2014J,693204,0,London Region,A Level or Equivalent,30-40%,0-35,0,120,0,Pass,15,0,0,0,0,0,0,1,1,0,1,1,1,0,0,10
CCC,2014J,693302,1,North Region,HE Qualification,,0-35,0,30,0,Distinction,4,1,0,0,0,1,0,1,1,0,0,1,1,0,1,8
CCC,2014J,693340,1,Ireland,Lower Than A Level,20-Oct,35-55,0,90,0,Withdrawn,8,0,1,0,0,0,1,1,0,1,0,1,1,1,0,3
CCC,2014J,693456,0,London Region,Lower Than A Level,20-Oct,0-35,0,120,0,Withdrawn,7,1,1,1,1,0,1,1,0,1,1,0,1,0,0,3
CCC,2014J,693747,0,Scotland,Lower Than A Level,40-50%,35-55,0,60,0,Pass,6,1,1,1,1,1,0,1,1,0,0,1,1,1,0,9
CCC,2014J,693812,0,Yorkshire Region,No Formal quals,0-10%,0-35,0,240,0,Withdrawn,11,1,0,0,0,1,0,0,0,0,1,0,0,1,1,6
CCC,2014J,693836,0,North Western Region,Lower Than A Level,0-10%,0-35,0,120,0,Withdrawn,13,0,0,1,0,1,1,0,0,0,1,1,1,1,0,5
CCC,2014J,693910,0,London Region,A Level or Equivalent,20-Oct,0-35,0,90,0,Withdrawn,13,1,1,0,0,1,1,1,1,0,1,0,0,0,1,5
CCC,2014J,693938,0,West Midlands Region,Lower Than A Level,0-10%,0-35,0,60,1,Pass,7,0,1,1,0,0,1,1,1,1,1,0,1,1,1,3
CCC,2014J,693998,0,North Region,Lower Than A Level,30-40%,0-35,0,90,0,Withdrawn,12,1,1,1,1,1,0,0,1,1,0,0,1,1,1,7
CCC,2014J,694103,0,Scotland,A Level or Equivalent,80-90%,0-35,0,90,0,Pass,7,1,1,1,1,1,1,0,0,0,0,0,0,1,1,3
CCC,2014J,694147,0,London Region,A Level or Equivalent,20-30%,0-35,0,180,0,Withdrawn,13,0,1,1,0,1,1,1,0,0,0,0,0,1,1,5
CCC,2014J,694150,0,South East Region,A Level or Equivalent,30-40%,0-35,0,90,0,Withdrawn,6,0,1,0,0,1,0,0,1,0,0,0,0,0,0,9
CCC,2014J,694212,1,London Region,HE Qualification,30-40%,35-55,0,120,0,Withdrawn,6,0,0,1,0,0,1,0,1,0,0,0,1,0,0,9
CCC,2014J,694361,0,Scotland,A Level or Equivalent,60-70%,0-35,0,90,0,Withdrawn,14,1,1,1,1,1,0,1,0,0,1,0,1,1,1,5
CCC,2014J,694362,1,Scotland,A Level or Equivalent,80-90%,0-35,0,30,0,Distinction,12,1,1,1,1,0,1,0,0,0,1,0,0,0,0,7
CCC,2014J,694472,1,London Region,A Level or Equivalent,30-40%,0-35,0,150,0,Pass,8,1,1,0,1,1,1,1,1,1,1,0,0,1,1,3
CCC,2014J,694510,0,Yorkshire Region,A Level or Equivalent,20-Oct,0-35,0,120,0,Fail,11,0,0,0,0,1,0,1,0,0,1,0,0,1,1,6
CCC,2014J,694523,0,Scotland,HE Qualification,30-40%,0-35,0,120,0,Distinction,3,1,1,0,1,1,0,0,1,0,1,1,1,1,1,8
CCC,2014J,694536,0,South East Region,A Level or Equivalent,60-70%,0-35,0,120,0,Withdrawn,12,1,0,1,0,1,0,1,1,1,0,0,1,1,1,7
CCC,2014J,694563,0,North Western Region,A Level or Equivalent,80-90%,0-35,0,60,0,Withdrawn,15,0,0,1,1,1,1,1,0,1,0,1,1,1,0,10
CCC,2014J,694579,0,West Midlands Region,A Level or Equivalent,90-100%,0-35,0,120,0,Pass,16,0,1,1,0,1,0,1,0,1,0,0,0,0,1,10
CCC,2014J,694680,0,South Region,HE Qualification,20-30%,35-55,0,60,0,Pass,7,0,1,1,0,1,1,0,1,0,1,1,1,0,1,3
CCC,2014J,694705,0,South Region,Lower Than A Level,40-50%,0-35,0,180,1,Withdrawn,13,0,1,0,0,0,1,0,1,0,1,1,1,1,1,5
CCC,2014J,694726,0,Scotland,A Level or Equivalent,60-70%,0-35,0,90,0,Pass,10,1,1,1,0,1,1,0,0,1,0,1,0,0,0,1
CCC,2014J,694807,0,South Region,HE Qualification,90-100%,0-35,0,60,0,Withdrawn,1,0,1,1,0,1,1,0,0,1,0,0,1,1,0,2
CCC,2014J,694860,0,Ireland,Post Graduate Qualification,,0-35,0,60,0,Distinction,8,1,1,1,0,1,1,1,0,0,1,1,1,1,1,3
CCC,2014J,694871,0,North Region,Lower Than A Level,,35-55,0,120,0,Withdrawn,3,1,1,1,0,0,0,1,1,0,0,0,0,0,1,8
CCC,2014J,694914,0,London Region,HE Qualification,20-Oct,35-55,0,210,0,Withdrawn,11,1,0,0,1,0,1,1,0,0,0,1,0,1,0,6
CCC,2014J,695122,0,East Anglian Region,A Level or Equivalent,20-30%,0-35,0,90,0,Withdrawn,1,0,1,1,0,1,1,1,0,1,1,1,1,0,1,2
CCC,2014J,695232,0,London Region,A Level or Equivalent,20-30%,35-55,0,120,0,Distinction,4,1,0,1,0,1,1,1,1,0,1,1,0,0,0,8
CCC,2014J,695270,0,South West Region,A Level or Equivalent,20-Oct,0-35,0,120,0,Pass,14,0,0,0,1,1,1,0,1,0,0,1,1,0,1,5
CCC,2014J,695340,1,East Midlands Region,A Level or Equivalent,90-100%,35-55,0,60,0,Withdrawn,10,0,1,1,0,1,0,0,1,0,1,1,1,1,0,1
CCC,2014J,695354,1,East Midlands Region,A Level or Equivalent,50-60%,0-35,0,120,1,Distinction,11,1,0,1,0,1,0,1,1,1,0,1,0,0,0,6
CCC,2014J,695369,1,North Western Region,Lower Than A Level,0-10%,0-35,0,120,0,Withdrawn,2,1,1,0,0,1,1,1,1,1,1,1,1,0,1,2
CCC,2014J,695518,0,London Region,A Level or Equivalent,30-40%,0-35,0,120,0,Pass,15,0,1,1,1,0,1,0,1,0,0,0,1,1,0,10
CCC,2014J,695643,1,West Midlands Region,A Level or Equivalent,20-Oct,0-35,0,150,1,Withdrawn,15,1,1,1,0,0,1,1,1,0,0,0,0,0,1,10
CCC,2014J,695653,0,South East Region,A Level or Equivalent,20-30%,0-35,0,60,0,Fail,12,1,1,1,1,0,0,1,0,1,0,1,1,0,1,7
CCC,2014J,695673,0,North Region,A Level or Equivalent,,0-35,0,150,0,Distinction,11,0,0,1,1,1,1,0,1,1,0,0,1,0,1,6
CCC,2014J,695732,1,North Region,Post Graduate Qualification,,35-55,0,60,0,Distinction,11,0,0,0,1,0,1,0,0,1,0,0,0,0,1,6
CCC,2014J,695760,0,East Midlands Region,A Level or Equivalent,0-10%,0-35,0,120,0,Withdrawn,8,0,1,1,1,1,1,1,0,0,1,1,1,1,0,3
CCC,2014J,695874,0,Ireland,HE Qualification,,35-55,0,60,0,Withdrawn,1,0,1,1,1,1,1,0,1,0,1,0,0,1,1,2
CCC,2014J,695915,0,East Midlands Region,A Level or Equivalent,80-90%,0-35,0,60,0,Fail,7,1,0,0,1,0,1,1,1,1,0,1,0,1,0,3
CCC,2014J,695946,0,Ireland,HE Qualification,,0-35,0,60,0,Pass,13,1,0,1,1,0,1,0,0,1,1,1,0,1,0,5
CCC,2014J,695976,1,North Region,Lower Than A Level,20-Oct,0-35,0,210,0,Withdrawn,4,1,1,1,1,0,1,1,0,1,1,0,0,1,1,8
CCC,2014J,696019,0,London Region,A Level or Equivalent,40-50%,0-35,0,60,0,Withdrawn,10,1,1,0,1,1,0,1,1,1,1,1,1,1,1,1
CCC,2014J,696234,0,Wales,HE Qualification,80-90%,0-35,0,120,0,Withdrawn,2,0,0,1,1,0,0,0,1,1,1,0,1,0,0,2
CCC,2014J,696253,0,South West Region,Lower Than A Level,50-60%,0-35,0,120,1,Withdrawn,11,0,1,1,0,0,1,1,1,1,0,0,0,1,0,6
CCC,2014J,696271,0,Wales,HE Qualification,90-100%,0-35,0,60,0,Distinction,11,0,0,1,1,0,1,0,0,0,0,1,0,1,1,6
CCC,2014J,696324,0,Scotland,HE Qualification,80-90%,35-55,0,120,0,Withdrawn,11,0,1,1,0,1,1,0,1,1,0,0,1,0,0,6
CCC,2014J,696357,0,East Anglian Region,A Level or Equivalent,80-90%,0-35,0,30,1,Pass,13,1,0,1,1,1,0,1,1,0,1,1,0,0,0,5
CCC,2014J,696469,0,Ireland,HE Qualification,,35-55,0,90,0,Distinction,6,0,0,1,1,1,1,0,1,1,1,1,1,0,0,9
CCC,2014J,696501,0,North Region,A Level or Equivalent,40-50%,0-35,0,120,1,Withdrawn,6,1,1,1,1,1,1,1,1,0,0,0,1,1,1,9
CCC,2014J,696515,1,London Region,Lower Than A Level,50-60%,0-35,0,120,0,Pass,4,0,1,1,1,1,1,1,0,0,1,1,0,1,1,8
CCC,2014J,696696,1,South West Region,A Level or Equivalent,70-80%,0-35,0,60,0,Distinction,2,0,1,0,0,1,0,1,0,1,1,1,0,1,1,2
CCC,2014J,696833,0,Scotland,A Level or Equivalent,0-10%,35-55,0,90,1,Pass,11,0,0,1,0,0,0,1,1,1,1,1,0,1,1,6
CCC,2014J,696848,0,North Region,Post Graduate Qualification,,0-35,0,120,0,Withdrawn,5,0,0,1,0,1,0,1,0,1,1,1,0,1,0,9
CCC,2014J,696869,1,Ireland,Post Graduate Qualification,,0-35,0,60,0,Pass,2,1,1,1,0,1,1,0,0,1,0,0,0,0,1,2
CCC,2014J,696930,0,London Region,A Level or Equivalent,30-40%,0-35,0,120,0,Withdrawn,8,1,1,1,0,0,0,0,0,0,1,1,1,1,0,3
CCC,2014J,697120,0,West Midlands Region,HE Qualification,0-10%,0-35,0,120,0,Withdrawn,2,1,0,1,0,1,0,0,1,0,1,1,0,0,0,2
CCC,2014J,697253,0,Scotland,HE Qualification,30-40%,0-35,0,60,0,Withdrawn,16,0,1,0,0,0,0,1,1,0,0,0,1,1,0,10
CCC,2014J,697283,1,London Region,A Level or Equivalent,20-30%,0-35,0,120,0,Withdrawn,11,1,1,0,0,1,0,1,1,0,0,0,1,0,1,6
CCC,2014J,697460,0,Scotland,HE Qualification,60-70%,0-35,0,60,0,Fail,5,1,0,1,0,1,0,0,0,1,1,1,0,0,0,9
CCC,2014J,697490,0,South West Region,A Level or Equivalent,40-50%,35-55,0,180,0,Withdrawn,12,1,1,1,0,0,0,1,1,0,1,0,0,1,1,7
CCC,2014J,697511,1,South West Region,A Level or Equivalent,50-60%,0-35,0,120,0,Withdrawn,10,1,0,1,0,1,1,1,1,1,0,0,0,1,0,1
CCC,2014J,697554,0,London Region,A Level or Equivalent,30-40%,0-35,0,240,0,Withdrawn,14,1,0,1,0,0,0,1,0,0,1,1,0,0,1,5
CCC,2014J,697567,0,South East Region,A Level or Equivalent,80-90%,0-35,0,90,0,Distinction,15,0,0,1,1,0,0,0,1,1,1,1,1,1,0,10
CCC,2014J,697948,1,Yorkshire Region,A Level or Equivalent,20-Oct,0-35,0,150,1,Withdrawn,12,1,1,1,1,1,0,0,1,1,1,0,0,0,1,7
CCC,2014J,697998,0,East Anglian Region,Lower Than A Level,90-100%,35-55,0,120,0,Withdrawn,2,0,0,1,1,0,0,1,1,0,1,0,0,0,0,2
CCC,2014J,698002,0,South East Region,HE Qualification,90-100%,55<=,0,60,0,Distinction,12,1,0,1,1,1,0,1,0,0,1,0,0,0,0,7
CCC,2014J,698024,0,Scotland,A Level or Equivalent,50-60%,0-35,0,120,1,Fail,11,0,1,0,1,0,1,0,0,0,1,0,1,1,0,6
CCC,2014J,698112,0,South West Region,A Level or Equivalent,70-80%,0-35,0,120,0,Withdrawn,1,1,0,1,0,1,0,0,1,0,1,1,1,1,1,2
CCC,2014J,698299,0,London Region,HE Qualification,40-50%,35-55,0,30,0,Distinction,10,0,0,1,0,1,1,0,0,1,0,1,0,1,0,1
CCC,2014J,698355,0,North Region,Lower Than A Level,,0-35,0,120,0,Distinction,7,1,0,0,0,0,1,1,0,0,0,0,1,1,1,3
CCC,2014J,698359,1,Ireland,HE Qualification,,0-35,0,90,0,Pass,9,0,1,1,1,0,1,0,0,0,0,0,1,0,1,4
CCC,2014J,698598,1,Scotland,HE Qualification,0-10%,0-35,0,120,0,Withdrawn,7,0,0,0,0,1,0,1,0,0,1,0,0,1,0,3
CCC,2014J,699370,0,Scotland,A Level or Equivalent,30-40%,0-35,0,30,0,Fail,1,1,0,1,0,1,1,1,0,1,0,1,1,1,0,2
CCC,2014J,857856,0,South West Region,A Level or Equivalent,50-60%,55<=,0,60,0,Withdrawn,1,0,1,0,1,1,1,1,1,0,1,0,1,0,1,2
CCC,2014J,921739,0,Scotland,HE Qualification,90-100%,55<=,0,150,0,Withdrawn,13,1,1,0,0,0,0,0,0,0,0,1,0,1,1,5
CCC,2014J,941282,0,Scotland,HE Qualification,80-90%,55<=,0,30,0,Distinction,11,1,1,1,1,0,0,1,1,1,0,0,1,0,1,6
CCC,2014J,943374,0,Scotland,Lower Than A Level,50-60%,55<=,0,30,0,Fail,9,1,1,0,0,1,1,1,1,1,1,1,0,1,0,4
CCC,2014J,973526,0,South Region,HE Qualification,90-100%,55<=,0,30,0,Withdrawn,13,1,1,1,1,1,1,0,1,1,1,1,1,0,1,5
CCC,2014J,986561,0,South East Region,HE Qualification,90-100%,55<=,0,60,0,Pass,5,1,0,0,0,1,0,1,0,1,0,1,0,0,1,9
CCC,2014J,1023623,0,East Anglian Region,A Level or Equivalent,40-50%,35-55,0,120,0,Pass,11,1,1,1,1,1,0,1,0,0,1,0,0,0,0,6
CCC,2014J,1031884,0,East Midlands Region,A Level or Equivalent,80-90%,35-55,0,60,0,Distinction,16,0,1,1,1,0,1,0,1,0,0,1,1,1,1,10
CCC,2014J,1068316,0,Scotland,A Level or Equivalent,40-50%,35-55,0,60,0,Fail,8,1,1,1,1,0,1,0,0,0,1,1,0,0,1,3
CCC,2014J,1076015,0,Scotland,A Level or Equivalent,80-90%,35-55,0,60,0,Pass,7,1,0,0,0,1,0,1,1,0,0,0,1,1,1,3
CCC,2014J,1078701,1,South West Region,HE Qualification,40-50%,35-55,0,90,0,Pass,4,0,0,1,1,1,0,1,1,1,0,0,1,0,0,8
CCC,2014J,1091274,0,Wales,HE Qualification,50-60%,35-55,0,60,0,Fail,13,0,1,0,0,0,0,1,0,1,0,1,1,1,0,5
CCC,2014J,1101190,0,North Western Region,HE Qualification,30-40%,35-55,0,60,0,Pass,1,0,0,0,1,0,0,0,1,1,1,0,1,1,1,2
CCC,2014J,1118218,0,East Midlands Region,A Level or Equivalent,70-80%,35-55,0,180,0,Withdrawn,8,0,0,0,0,1,1,1,0,0,1,0,1,1,1,3
CCC,2014J,1301103,0,East Midlands Region,A Level or Equivalent,60-70%,35-55,0,240,0,Pass,3,0,1,0,1,0,1,0,1,0,0,1,0,1,1,8
CCC,2014J,1307784,1,London Region,HE Qualification,30-40%,35-55,1,60,0,Withdrawn,2,1,1,1,1,0,0,0,0,0,1,1,1,1,1,2
CCC,2014J,1332356,0,East Midlands Region,HE Qualification,70-80%,35-55,0,30,0,Pass,10,1,0,0,1,1,0,1,0,0,0,0,1,0,0,1
CCC,2014J,1332514,0,Wales,A Level or Equivalent,90-100%,35-55,0,60,0,Withdrawn,14,0,0,1,0,0,0,0,0,0,0,1,0,1,1,5
CCC,2014J,1340760,0,South Region,Lower Than A Level,70-80%,55<=,0,60,0,Withdrawn,5,1,1,1,0,1,1,1,1,0,1,0,0,1,0,9
CCC,2014J,1345808,1,Scotland,HE Qualification,20-30%,35-55,0,30,0,Withdrawn,16,0,1,1,0,0,1,1,0,1,0,1,0,0,0,10
CCC,2014J,1352733,0,North Western Region,HE Qualification,80-90%,35-55,0,60,0,Distinction,1,0,1,0,0,1,1,1,0,1,0,0,1,1,1,2
CCC,2014J,1360953,0,North Region,HE Qualification,80-90%,35-55,0,120,0,Distinction,11,1,1,1,0,0,0,1,1,1,0,0,0,1,0,6
CCC,2014J,1407549,1,East Anglian Region,A Level or Equivalent,90-100%,35-55,1,220,0,Withdrawn,12,1,1,1,1,1,1,1,1,0,0,0,0,1,0,7
CCC,2014J,1425806,0,South West Region,HE Qualification,40-50%,35-55,1,60,0,Withdrawn,11,0,0,1,0,1,0,0,0,0,1,1,1,1,0,6
CCC,2014J,1439723,0,East Midlands Region,Lower Than A Level,80-90%,35-55,0,60,0,Withdrawn,1,1,0,1,1,0,0,0,1,1,0,0,0,1,0,2
CCC,2014J,1442981,0,East Midlands Region,A Level or Equivalent,60-70%,35-55,0,150,0,Pass,8,0,0,1,0,0,0,0,0,0,1,0,0,1,1,3
CCC,2014J,1449245,1,Scotland,HE Qualification,50-60%,35-55,0,30,0,Fail,14,1,0,1,0,0,1,1,1,1,1,0,1,1,0,5
CCC,2014J,1461795,0,North Region,Lower Than A Level,,35-55,0,30,0,Fail,7,1,1,1,1,1,1,1,0,0,0,1,1,0,0,3
CCC,2014J,1468838,1,Ireland,Lower Than A Level,50-60%,35-55,1,30,0,Withdrawn,7,1,1,1,0,1,0,1,1,1,0,0,1,1,0,3
CCC,2014J,1474903,0,Scotland,HE Qualification,60-70%,35-55,0,60,0,Pass,3,1,1,0,1,0,1,1,0,0,1,1,1,1,1,8
CCC,2014J,1478030,0,London Region,HE Qualification,90-100%,55<=,0,30,0,Fail,15,0,0,1,0,1,1,1,0,1,0,1,1,0,0,10
CCC,2014J,1478775,1,East Anglian Region,Lower Than A Level,40-50%,35-55,0,120,0,Pass,14,1,0,1,0,1,1,1,1,0,0,0,1,1,1,5
CCC,2014J,1483632,0,Wales,HE Qualification,20-30%,35-55,0,90,0,Pass,16,0,1,1,1,1,1,1,1,1,1,1,1,1,1,10
CCC,2014J,1485702,1,East Anglian Region,A Level or Equivalent,30-40%,35-55,0,90,0,Pass,16,1,1,1,1,0,0,1,0,1,1,0,0,0,0,10
CCC,2014J,1490624,0,East Anglian Region,HE Qualification,60-70%,35-55,0,60,0,Distinction,9,0,0,1,0,0,1,0,1,1,0,0,1,0,1,4
CCC,2014J,1491894,0,Ireland,HE Qualification,60-70%,35-55,0,30,1,Withdrawn,12,1,1,0,1,0,1,1,1,1,0,0,0,0,1,7
CCC,2014J,1501577,0,South West Region,A Level or Equivalent,70-80%,35-55,0,120,0,Distinction,9,0,1,1,0,0,1,0,1,1,0,0,0,1,0,4
CCC,2014J,1501614,0,Scotland,Lower Than A Level,80-90%,35-55,0,90,0,Pass,9,1,0,0,0,1,0,1,1,1,1,0,0,1,1,4
CCC,2014J,1529458,1,South Region,Lower Than A Level,20-30%,35-55,0,30,0,Withdrawn,9,0,0,0,1,0,1,1,1,0,1,0,1,1,1,4
CCC,2014J,1532840,0,East Anglian Region,A Level or Equivalent,20-30%,35-55,0,60,0,Withdrawn,2,0,1,0,0,1,1,1,1,1,0,0,1,1,1,2
CCC,2014J,1552044,0,South Region,A Level or Equivalent,20-30%,35-55,0,30,0,Pass,9,0,0,1,0,1,1,0,0,0,0,0,0,0,1,4
CCC,2014J,1554143,0,London Region,A Level or Equivalent,90-100%,35-55,0,60,0,Withdrawn,2,0,0,1,0,1,0,1,1,0,0,0,0,0,0,2
CCC,2014J,1559964,0,East Anglian Region,Lower Than A Level,30-40%,35-55,0,90,0,Withdrawn,3,1,1,0,0,1,0,1,0,1,1,0,1,0,0,8
CCC,2014J,1561750,1,Scotland,Lower Than A Level,0-10%,35-55,1,60,0,Fail,8,0,0,0,1,0,0,1,1,1,0,1,1,0,0,3
CCC,2014J,1564630,1,East Midlands Region,Lower Than A Level,80-90%,35-55,0,90,0,Pass,1,1,0,1,1,1,0,1,1,1,0,1,1,1,0,2
CCC,2014J,1583847,1,Wales,A Level or Equivalent,60-70%,35-55,0,30,0,Withdrawn,15,0,1,0,1,1,1,0,0,1,0,1,1,0,1,10
CCC,2014J,1592048,0,Wales,HE Qualification,30-40%,55<=,0,60,0,Distinction,12,1,0,1,1,0,1,0,1,1,0,1,1,0,0,7
CCC,2014J,1593442,0,South West Region,HE Qualification,30-40%,35-55,0,60,0,Pass,13,0,1,0,0,1,1,1,1,1,0,1,0,1,1,5
CCC,2014J,1612600,0,South East Region,Lower Than A Level,20-Oct,35-55,0,60,0,Withdrawn,4,1,0,1,1,0,1,0,1,1,1,1,0,0,0,8
CCC,2014J,1634278,0,Yorkshire Region,Lower Than A Level,80-90%,35-55,0,60,0,Withdrawn,4,1,1,1,0,0,0,1,0,1,1,1,1,1,1,8
CCC,2014J,1638548,0,Scotland,A Level or Equivalent,50-60%,35-55,1,120,0,Withdrawn,2,0,1,1,0,0,0,0,1,1,1,0,0,1,1,2
CCC,2014J,1639743,1,South West Region,Lower Than A Level,80-90%,35-55,0,60,0,Withdrawn,1,0,0,1,0,0,1,1,0,1,0,1,1,1,1,2
CCC,2014J,1646172,0,Yorkshire Region,A Level or Equivalent,20-Oct,35-55,0,30,0,Pass,5,1,0,1,1,1,1,0,0,1,0,0,1,1,1,9
CCC,2014J,1656486,1,South East Region,HE Qualification,60-70%,35-55,1,30,0,Withdrawn,9,1,0,0,0,1,0,1,1,1,0,1,1,0,1,4
CCC,2014J,1658963,0,East Anglian Region,A Level or Equivalent,70-80%,35-55,0,150,0,Pass,3,0,1,0,0,0,0,0,1,1,1,1,0,1,0,8
CCC,2014J,1671022,0,Yorkshire Region,HE Qualification,80-90%,55<=,0,60,0,Distinction,7,1,1,1,1,0,1,1,1,1,0,0,0,0,1,3
CCC,2014J,1674799,0,South Region,HE Qualification,70-80%,55<=,0,60,0,Pass,16,0,1,0,1,0,0,0,0,1,1,1,0,1,0,10
CCC,2014J,1681946,0,South Region,A Level or Equivalent,60-70%,35-55,0,60,0,Withdrawn,15,0,0,1,0,1,1,0,0,0,1,0,1,0,0,10
CCC,2014J,1692156,0,East Anglian Region,A Level or Equivalent,40-50%,35-55,0,120,1,Pass,14,0,0,0,1,1,1,0,0,1,0,1,0,1,0,5
CCC,2014J,1719166,0,Ireland,Lower Than A Level,,35-55,0,60,0,Withdrawn,13,1,0,0,0,0,1,1,1,1,0,0,0,1,0,5
CCC,2014J,1738582,1,South Region,HE Qualification,90-100%,35-55,0,120,1,Distinction,1,0,1,0,0,0,1,1,1,0,1,1,0,0,0,2
CCC,2014J,1744800,0,Scotland,HE Qualification,20-Oct,35-55,1,150,0,Withdrawn,10,1,0,0,0,0,1,0,1,1,0,0,0,1,0,1
CCC,2014J,1752098,1,North Western Region,A Level or Equivalent,50-60%,35-55,0,30,0,Pass,2,0,1,1,1,1,0,0,0,0,1,1,1,0,1,2
CCC,2014J,1752813,1,Ireland,HE Qualification,,35-55,0,60,0,Distinction,15,0,0,0,0,0,0,1,0,1,0,0,0,1,0,10
CCC,2014J,1773925,1,Wales,HE Qualification,0-10%,35-55,0,210,0,Distinction,1,1,0,0,1,0,0,0,0,1,1,0,1,0,1,2
CCC,2014J,1777834,1,East Anglian Region,A Level or Equivalent,80-90%,35-55,0,60,0,Pass,1,0,1,0,1,0,1,0,1,0,1,1,0,0,0,2
CCC,2014J,1808622,0,South Region,A Level or Equivalent,80-90%,35-55,0,45,0,Pass,8,0,1,0,1,1,1,1,0,0,0,1,1,1,1,3
CCC,2014J,1810414,0,South Region,HE Qualification,90-100%,35-55,0,90,0,Fail,4,1,0,1,0,0,1,1,1,0,0,0,0,0,1,8
CCC,2014J,1817515,0,London Region,HE Qualification,30-40%,35-55,0,30,0,Fail,5,0,1,0,0,1,1,0,1,0,0,1,0,1,0,9
CCC,2014J,1826819,0,Scotland,HE Qualification,40-50%,35-55,0,60,0,Distinction,9,0,0,0,1,1,1,0,0,1,1,1,0,1,1,4
CCC,2014J,1828753,0,East Midlands Region,A Level or Equivalent,30-40%,35-55,0,70,0,Distinction,9,1,1,1,0,0,0,0,1,1,1,1,1,1,0,4
CCC,2014J,1829051,0,Scotland,HE Qualification,90-100%,35-55,0,175,0,Withdrawn,7,0,1,0,0,0,1,0,1,1,1,1,0,0,0,3
CCC,2014J,1841267,1,Scotland,A Level or Equivalent,60-70%,35-55,1,30,0,Withdrawn,9,1,0,0,0,0,1,0,0,0,0,0,0,1,1,4
CCC,2014J,1841850,1,East Anglian Region,Lower Than A Level,20-Oct,35-55,0,90,0,Withdrawn,3,1,1,1,0,0,0,1,1,0,0,0,1,0,0,8
CCC,2014J,1848820,0,North Region,Lower Than A Level,70-80%,35-55,1,30,0,Fail,7,1,0,1,1,0,1,0,1,0,1,1,1,1,0,3
CCC,2014J,1850818,0,South West Region,A Level or Equivalent,30-40%,35-55,0,30,0,Withdrawn,3,0,1,1,1,1,1,0,1,1,0,1,1,0,1,8
CCC,2014J,1851108,0,East Anglian Region,HE Qualification,80-90%,35-55,0,30,0,Distinction,11,1,1,0,0,1,1,1,0,1,1,1,0,1,1,6
CCC,2014J,1864086,0,Scotland,A Level or Equivalent,70-80%,35-55,0,60,1,Withdrawn,14,1,1,0,0,1,1,1,0,0,1,1,0,0,0,5
CCC,2014J,1874160,0,Wales,Lower Than A Level,20-Oct,35-55,0,60,0,Pass,5,0,1,1,0,1,0,0,0,0,0,1,0,0,0,9
CCC,2014J,1881041,1,East Midlands Region,Lower Than A Level,70-80%,35-55,0,150,0,Withdrawn,6,0,1,0,0,0,1,0,0,1,1,1,1,0,0,9
CCC,2014J,1896088,0,West Midlands Region,A Level or Equivalent,30-40%,35-55,1,30,0,Fail,4,1,0,0,0,0,0,1,1,0,0,1,1,1,0,8
CCC,2014J,1897054,1,London Region,A Level or Equivalent,20-30%,35-55,0,30,0,Pass,5,1,0,0,0,0,0,0,1,0,1,0,1,1,1,9
CCC,2014J,1902240,0,South Region,A Level or Equivalent,60-70%,0-35,0,60,0,Pass,6,0,1,1,0,0,0,1,1,1,1,0,1,1,0,9
CCC,2014J,1906003,1,West Midlands Region,A Level or Equivalent,50-60%,35-55,0,150,0,Pass,4,0,0,0,0,1,1,0,1,0,0,0,1,1,0,8
CCC,2014J,1915824,1,South West Region,HE Qualification,40-50%,35-55,0,30,0,Pass,2,1,0,1,0,1,0,0,0,0,0,1,1,1,1,2
CCC,2014J,1916140,1,Yorkshire Region,A Level or Equivalent,40-50%,35-55,0,60,0,Withdrawn,7,0,0,1,0,1,1,0,0,1,0,0,0,0,1,3
CCC,2014J,1930949,0,London Region,Lower Than A Level,30-40%,35-55,0,60,0,Withdrawn,5,1,1,1,0,0,0,0,1,0,1,0,1,0,1,9
CCC,2014J,1936285,0,Scotland,HE Qualification,40-50%,35-55,0,120,0,Distinction,8,0,0,0,0,1,0,1,0,1,0,1,0,0,1,3
CCC,2014J,1937511,1,North Region,HE Qualification,,55<=,1,270,0,Withdrawn,8,0,0,1,0,1,0,1,1,0,0,0,1,0,1,3
CCC,2014J,1942491,0,East Anglian Region,HE Qualification,40-50%,35-55,0,30,0,Pass,6,0,1,1,1,0,1,0,0,1,1,1,1,0,1,9
CCC,2014J,1942870,1,Scotland,Lower Than A Level,80-90%,0-35,0,90,0,Pass,14,1,0,0,1,0,1,1,1,0,0,0,0,0,1,5
CCC,2014J,1945240,0,East Midlands Region,Lower Than A Level,50-60%,35-55,1,90,0,Withdrawn,4,0,1,1,0,1,1,1,1,0,0,0,1,0,1,8
CCC,2014J,1958121,1,Scotland,A Level or Equivalent,40-50%,0-35,0,60,1,Distinction,10,0,0,1,0,0,0,1,1,0,0,1,0,0,0,1
CCC,2014J,1960479,0,Scotland,A Level or Equivalent,20-Oct,35-55,0,30,1,Pass,11,1,0,0,1,1,1,1,0,1,0,1,1,1,0,6
CCC,2014J,1961938,0,London Region,HE Qualification,80-90%,35-55,0,30,0,Distinction,5,0,1,1,1,1,1,1,0,1,1,1,1,1,1,9
CCC,2014J,1966597,0,South Region,Lower Than A Level,70-80%,35-55,0,30,0,Withdrawn,9,0,0,0,0,1,1,0,1,0,1,0,1,1,0,4
CCC,2014J,1976004,1,South Region,A Level or Equivalent,90-100%,35-55,0,30,0,Withdrawn,8,0,1,1,1,1,0,0,0,1,0,0,0,1,0,3
CCC,2014J,1982166,0,South Region,A Level or Equivalent,40-50%,35-55,0,60,0,Pass,13,0,1,0,0,1,1,1,0,1,0,0,1,1,0,5
CCC,2014J,1986081,1,South West Region,A Level or Equivalent,60-70%,35-55,0,60,0,Withdrawn,12,0,0,0,0,0,0,0,0,0,1,0,1,0,1,7
CCC,2014J,1991399,1,East Midlands Region,Lower Than A Level,80-90%,0-35,0,120,0,Distinction,6,0,1,0,0,0,0,1,1,1,1,1,0,1,1,9
CCC,2014J,1994385,0,East Midlands Region,A Level or Equivalent,40-50%,35-55,0,60,0,Withdrawn,10,1,1,1,1,1,1,1,1,1,1,1,1,0,0,1
CCC,2014J,2009279,0,West Midlands Region,HE Qualification,20-30%,35-55,0,150,0,Withdrawn,5,0,1,0,1,0,1,0,1,0,1,1,1,0,0,9
CCC,2014J,2013403,1,South East Region,A Level or Equivalent,50-60%,35-55,0,60,0,Pass,13,1,0,0,1,1,1,1,0,1,1,1,0,1,1,5
CCC,2014J,2020916,0,North Region,Lower Than A Level,40-50%,35-55,0,30,0,Pass,8,1,1,0,1,1,0,0,0,0,1,0,0,0,0,3
CCC,2014J,2026585,0,Ireland,HE Qualification,,35-55,0,60,0,Pass,16,1,0,1,1,1,1,0,1,1,0,1,0,1,0,10
CCC,2014J,2030117,0,Scotland,HE Qualification,70-80%,35-55,1,40,0,Fail,14,0,0,1,1,0,1,1,1,0,0,1,0,0,0,5
CCC,2014J,2030241,0,East Anglian Region,Lower Than A Level,70-80%,35-55,0,150,0,Withdrawn,5,1,1,0,0,0,1,0,0,1,1,1,0,1,0,9
CCC,2014J,2032057,0,South Region,A Level or Equivalent,80-90%,0-35,0,30,0,Withdrawn,5,0,0,0,0,1,0,0,1,0,0,0,0,1,0,9
CCC,2014J,2039190,1,North Region,Lower Than A Level,,35-55,0,120,0,Withdrawn,14,1,0,0,0,0,0,1,1,1,0,1,1,0,0,5
CCC,2014J,2041743,1,Scotland,HE Qualification,30-40%,35-55,0,90,0,Withdrawn,13,1,1,1,1,1,0,1,0,0,1,0,1,1,0,5
CCC,2014J,2044299,0,Scotland,HE Qualification,80-90%,0-35,1,30,0,Withdrawn,9,0,1,1,1,1,1,0,1,0,1,0,0,1,1,4
CCC,2014J,2050179,0,South East Region,A Level or Equivalent,60-70%,35-55,0,60,0,Distinction,12,0,1,0,1,0,1,0,1,0,0,1,0,1,0,7
CCC,2014J,2063436,1,North Western Region,A Level or Equivalent,20-Oct,35-55,0,60,1,Withdrawn,9,0,1,1,0,1,1,1,1,0,0,0,1,0,0,4
CCC,2014J,2067377,0,London Region,HE Qualification,50-60%,55<=,0,60,0,Pass,16,1,0,1,0,0,1,1,1,0,1,0,1,0,0,10
CCC,2014J,2070517,0,London Region,HE Qualification,0-10%,35-55,0,30,0,Distinction,14,1,0,1,1,0,1,1,0,1,0,1,1,0,1,5
CCC,2014J,2078353,0,Scotland,A Level or Equivalent,90-100%,35-55,0,30,0,Fail,14,1,0,0,0,0,1,0,1,1,1,1,0,1,1,5
CCC,2014J,2083701,0,Ireland,Lower Than A Level,20-Oct,35-55,0,30,0,Pass,4,1,0,0,1,0,0,1,1,0,0,0,0,1,0,8
CCC,2014J,2084711,0,Scotland,A Level or Equivalent,40-50%,0-35,0,60,0,Pass,14,0,1,1,1,1,0,1,1,1,0,1,1,1,1,5
CCC,2014J,2091230,0,London Region,Post Graduate Qualification,20-Oct,35-55,0,60,0,Distinction,16,1,0,1,1,1,1,1,1,1,0,0,0,1,1,10
CCC,2014J,2093150,0,Scotland,HE Qualification,0-10%,35-55,0,30,0,Pass,12,1,0,1,1,1,0,0,0,1,1,0,0,0,1,7
CCC,2014J,2094849,0,East Midlands Region,A Level or Equivalent,80-90%,35-55,0,30,0,Withdrawn,2,1,0,0,0,1,1,0,0,1,0,0,1,0,1,2
CCC,2014J,2096918,0,South West Region,A Level or Equivalent,20-30%,35-55,1,30,0,Fail,3,1,0,0,0,1,1,0,0,0,0,0,0,1,0,8
CCC,2014J,2101566,1,Scotland,HE Qualification,20-30%,35-55,0,90,0,Withdrawn,14,1,1,0,0,0,1,0,1,0,0,0,0,1,1,5
CCC,2014J,2112670,0,South Region,HE Qualification,80-90%,35-55,0,60,0,Withdrawn,2,0,1,0,0,0,1,0,1,0,1,0,1,0,0,2
CCC,2014J,2127889,0,Scotland,A Level or Equivalent,30-40%,35-55,0,60,0,Pass,2,1,1,1,0,0,0,1,1,1,1,1,1,1,0,2
CCC,2014J,2133234,0,East Midlands Region,A Level or Equivalent,60-70%,35-55,0,30,0,Withdrawn,9,0,0,1,1,0,1,1,0,0,0,1,0,1,0,4
CCC,2014J,2137171,0,East Anglian Region,HE Qualification,30-40%,0-35,0,60,0,Pass,4,1,1,0,1,1,0,1,0,0,0,1,1,0,0,8
CCC,2014J,2138146,0,Wales,Lower Than A Level,90-100%,35-55,0,90,0,Withdrawn,15,0,0,0,0,1,0,1,0,1,0,1,0,0,0,10
CCC,2014J,2138904,1,South West Region,A Level or Equivalent,20-30%,35-55,0,60,1,Withdrawn,9,1,1,0,0,0,1,0,1,0,0,0,1,1,0,4
CCC,2014J,2139273,0,Scotland,A Level or Equivalent,60-70%,35-55,1,30,0,Withdrawn,12,0,0,0,1,1,0,1,0,1,0,0,0,0,0,7
CCC,2014J,2142055,0,South Region,A Level or Equivalent,70-80%,0-35,0,30,0,Pass,6,0,0,1,1,1,0,1,1,0,0,0,1,1,1,9
CCC,2014J,2142516,1,Scotland,Lower Than A Level,20-Oct,35-55,0,30,0,Pass,14,1,0,0,1,0,1,1,0,1,0,0,1,0,0,5
CCC,2014J,2147889,1,Scotland,A Level or Equivalent,60-70%,35-55,0,60,0,Withdrawn,4,0,0,1,0,0,1,1,0,0,1,0,1,1,0,8
CCC,2014J,2149324,0,North Western Region,Lower Than A Level,0-10%,35-55,0,30,0,Withdrawn,12,0,0,0,1,1,0,1,1,0,0,0,0,0,1,7
CCC,2014J,2154220,0,South East Region,Lower Than A Level,90-100%,35-55,0,90,0,Withdrawn,13,1,1,0,0,1,1,0,0,0,0,0,0,0,1,5
CCC,2014J,2159868,1,Scotland,A Level or Equivalent,30-40%,35-55,0,30,0,Pass,12,0,1,0,0,0,1,1,0,1,1,1,1,1,0,7
CCC,2014J,2166000,1,Scotland,A Level or Equivalent,80-90%,35-55,0,60,0,Withdrawn,8,0,0,1,1,0,1,0,1,1,0,1,0,1,1,3
CCC,2014J,2172136,0,East Midlands Region,A Level or Equivalent,50-60%,0-35,0,60,0,Distinction,6,1,1,1,0,1,0,1,1,0,0,0,0,0,0,9
CCC,2014J,2178686,1,Scotland,HE Qualification,20-30%,35-55,0,60,0,Distinction,13,0,0,0,1,1,1,1,0,0,0,0,0,1,0,5
CCC,2014J,2179304,1,North Region,Lower Than A Level,,35-55,0,90,0,Withdrawn,2,0,0,1,0,0,1,0,1,0,1,1,1,0,0,2
CCC,2014J,2182333,0,South West Region,A Level or Equivalent,40-50%,0-35,0,90,0,Withdrawn,1,1,1,0,0,0,0,0,1,1,1,0,0,1,0,2
CCC,2014J,2202076,0,Ireland,Lower Than A Level,70-80%,0-35,1,60,0,Withdrawn,13,1,0,0,0,1,0,0,0,1,0,1,1,1,0,5
CCC,2014J,2216442,0,Yorkshire Region,No Formal quals,30-40%,0-35,0,90,0,Withdrawn,3,0,0,1,0,0,0,1,1,1,1,1,0,0,0,8
CCC,2014J,2230407,0,South East Region,A Level or Equivalent,90-100%,35-55,0,30,0,Withdrawn,14,1,1,1,0,0,1,0,1,0,0,0,0,0,1,5
CCC,2014J,2242383,0,West Midlands Region,A Level or Equivalent,60-70%,35-55,0,90,0,Withdrawn,7,1,1,1,0,1,0,1,1,1,1,1,0,0,1,3
CCC,2014J,2244214,0,Yorkshire Region,HE Qualification,0-10%,35-55,0,30,0,Withdrawn,3,1,0,1,0,1,0,0,0,1,1,0,1,1,1,8
CCC,2014J,2252437,0,North Western Region,Lower Than A Level,0-10%,35-55,1,60,0,Withdrawn,6,1,1,1,1,0,0,1,1,1,1,1,1,1,0,9
CCC,2014J,2257112,0,South Region,Lower Than A Level,30-40%,35-55,0,30,0,Pass,13,1,0,0,0,0,0,1,0,0,1,1,1,1,1,5
CCC,2014J,2257740,1,London Region,A Level or Equivalent,40-50%,35-55,0,90,0,Pass,5,1,1,0,0,0,1,0,1,0,0,0,1,1,1,9
CCC,2014J,2268049,1,South East Region,Lower Than A Level,80-90%,0-35,0,30,0,Withdrawn,4,1,1,1,0,1,0,1,1,1,0,0,1,1,1,8
CCC,2014J,2274929,0,West Midlands Region,HE Qualification,0-10%,35-55,0,120,0,Withdrawn,6,0,0,1,1,0,0,1,0,1,1,0,1,0,1,9
CCC,2014J,2277009,0,East Midlands Region,A Level or Equivalent,60-70%,0-35,0,150,0,Pass,4,0,0,1,0,1,1,1,0,0,1,1,0,1,0,8
CCC,2014J,2285527,0,South West Region,A Level or Equivalent,30-40%,0-35,0,120,0,Pass,11,1,1,0,0,1,0,0,1,1,0,0,1,1,0,6
CCC,2014J,2289145,1,Wales,HE Qualification,90-100%,35-55,0,30,0,Pass,4,1,0,1,1,0,0,1,1,0,1,1,1,1,1,8
CCC,2014J,2297770,0,East Midlands Region,Lower Than A Level,20-Oct,35-55,0,30,0,Withdrawn,5,0,1,1,1,1,1,1,0,0,0,0,1,1,1,9
CCC,2014J,2316201,0,North Western Region,Lower Than A Level,30-40%,0-35,0,60,0,Pass,12,0,0,1,1,1,1,1,0,1,1,0,0,0,1,7
CCC,2014J,2326041,0,Yorkshire Region,Lower Than A Level,70-80%,0-35,0,60,0,Withdrawn,2,0,1,0,1,1,1,0,1,0,0,0,1,0,0,2
CCC,2014J,2327472,0,Ireland,HE Qualification,,35-55,0,30,0,Pass,4,0,1,0,1,0,1,0,0,1,0,1,1,0,1,8
CCC,2014J,2333156,1,North Western Region,Lower Than A Level,0-10%,0-35,0,60,0,Distinction,6,1,1,0,1,0,1,1,1,1,1,1,1,0,0,9
CCC,2014J,2338535,0,Scotland,HE Qualification,30-40%,35-55,0,60,0,Withdrawn,4,0,0,0,1,0,1,1,1,1,1,0,1,0,1,8
CCC,2014J,2339333,0,South West Region,HE Qualification,90-100%,35-55,0,30,0,Pass,10,0,0,1,1,0,1,1,1,0,0,0,0,1,0,1
CCC,2014J,2340786,0,London Region,A Level or Equivalent,90-100%,35-55,0,30,0,Distinction,13,1,1,1,0,1,1,1,1,1,1,1,1,0,0,5
CCC,2014J,2345751,0,North Western Region,A Level or Equivalent,0-10%,0-35,0,60,0,Pass,5,0,0,1,0,1,1,1,1,0,0,1,1,1,1,9
CCC,2014J,2358258,0,Ireland,Post Graduate Qualification,,0-35,0,90,0,Pass,12,0,0,1,0,0,0,0,0,0,0,1,1,1,1,7
CCC,2014J,2358707,1,South West Region,A Level or Equivalent,90-100%,0-35,1,210,0,Withdrawn,1,1,1,1,1,0,0,0,1,1,1,0,1,0,1,2
CCC,2014J,2361633,0,North Western Region,A Level or Equivalent,0-10%,0-35,0,30,0,Pass,13,0,1,0,1,0,0,1,1,1,1,1,0,0,0,5
CCC,2014J,2366117,0,Ireland,Lower Than A Level,,35-55,0,30,0,Distinction,16,0,1,1,0,0,0,1,1,0,0,0,1,1,1,10
CCC,2014J,2367058,0,West Midlands Region,Lower Than A Level,80-90%,0-35,1,30,0,Withdrawn,6,1,1,0,0,1,1,1,1,1,0,1,1,0,1,9
CCC,2014J,2372788,0,London Region,Lower Than A Level,20-Oct,0-35,0,90,0,Withdrawn,5,0,0,1,1,1,1,0,0,1,0,0,1,0,1,9
CCC,2014J,2373648,1,Scotland,HE Qualification,20-30%,35-55,0,90,0,Withdrawn,9,0,1,0,1,0,1,1,1,0,1,1,0,1,1,4
CCC,2014J,2376512,0,London Region,Lower Than A Level,60-70%,0-35,0,30,0,Pass,6,1,1,0,1,0,1,0,0,1,0,1,1,0,1,9
CCC,2014J,2376717,0,South West Region,HE Qualification,70-80%,0-35,0,210,0,Withdrawn,2,0,0,1,0,0,0,0,0,0,0,1,0,1,1,2
CCC,2014J,2377769,1,North Western Region,A Level or Equivalent,20-Oct,0-35,0,30,0,Withdrawn,2,1,1,0,0,1,1,0,0,1,0,1,0,0,1,2
CCC,2014J,2383983,0,East Anglian Region,Lower Than A Level,50-60%,0-35,0,90,0,Pass,7,0,0,0,1,0,1,0,0,0,1,0,0,1,0,3
CCC,2014J,2384666,1,North Western Region,Lower Than A Level,20-Oct,35-55,0,30,0,Withdrawn,4,1,0,0,0,1,1,0,1,1,1,0,1,1,0,8
CCC,2014J,2388623,1,South Region,A Level or Equivalent,90-100%,0-35,0,60,1,Fail,16,1,1,1,0,1,0,1,1,0,0,1,1,1,0,10
CCC,2014J,2393945,1,Wales,HE Qualification,30-40%,35-55,0,60,0,Pass,2,1,1,0,0,1,1,0,1,1,1,1,1,1,0,2
CCC,2014J,2394090,1,West Midlands Region,A Level or Equivalent,30-40%,0-35,1,130,0,Pass,4,1,0,0,0,1,0,0,0,1,1,1,0,0,0,8
CCC,2014J,2396985,0,Yorkshire Region,HE Qualification,50-60%,35-55,0,60,0,Fail,9,1,0,0,1,1,1,1,1,1,0,0,1,1,1,4
CCC,2014J,2405801,0,Scotland,A Level or Equivalent,90-100%,0-35,0,30,0,Withdrawn,9,0,0,1,0,1,1,1,1,1,1,1,1,0,0,4
CCC,2014J,2405934,0,North Western Region,A Level or Equivalent,20-30%,35-55,1,220,0,Fail,10,1,1,1,1,0,1,1,1,0,1,0,1,0,0,1
CCC,2014J,2410609,1,London Region,A Level or Equivalent,60-70%,0-35,0,60,0,Pass,12,0,1,1,1,1,0,0,0,1,0,1,1,1,1,7
CCC,2014J,2413037,0,London Region,HE Qualification,0-10%,35-55,0,90,0,Withdrawn,3,1,0,0,1,1,1,0,1,0,0,0,0,0,1,8
CCC,2014J,2415526,1,North Western Region,A Level or Equivalent,20-30%,0-35,0,150,0,Pass,9,1,1,1,1,1,1,1,0,0,1,1,1,0,1,4
CCC,2014J,2421961,0,Yorkshire Region,A Level or Equivalent,30-40%,0-35,1,30,0,Fail,15,0,1,1,1,1,0,0,0,1,0,0,0,0,1,10
CCC,2014J,2422258,0,South West Region,A Level or Equivalent,20-30%,0-35,0,90,1,Withdrawn,1,0,1,0,1,1,0,1,0,1,1,1,0,1,1,2
CCC,2014J,2424697,1,East Anglian Region,A Level or Equivalent,70-80%,0-35,0,60,0,Withdrawn,4,0,0,1,0,1,0,0,1,1,1,1,0,1,1,8
CCC,2014J,2434666,0,London Region,HE Qualification,50-60%,0-35,0,60,0,Distinction,8,0,1,1,0,0,0,0,1,0,1,0,1,1,1,3
CCC,2014J,2437591,0,East Anglian Region,Lower Than A Level,30-40%,0-35,0,90,0,Withdrawn,11,0,1,0,0,1,1,0,0,1,0,1,0,0,1,6
CCC,2014J,2439239,0,Ireland,Post Graduate Qualification,,35-55,0,30,0,Withdrawn,6,0,0,1,1,0,0,1,1,0,0,1,1,0,1,9
CCC,2014J,2451523,1,South East Region,HE Qualification,40-50%,35-55,0,60,0,Distinction,7,0,0,0,0,0,0,1,1,0,1,0,0,1,1,3
CCC,2014J,2454119,1,East Anglian Region,A Level or Equivalent,60-70%,35-55,0,120,1,Withdrawn,8,0,1,0,0,1,1,1,1,0,0,1,0,0,1,3
CCC,2014J,2458925,0,London Region,Lower Than A Level,80-90%,35-55,0,90,0,Fail,15,1,0,1,0,1,0,1,0,0,0,1,1,0,0,10
CCC,2014J,2462607,1,East Anglian Region,HE Qualification,40-50%,35-55,0,90,0,Pass,13,0,0,0,0,1,1,1,0,1,1,1,1,0,0,5
CCC,2014J,2462628,0,South East Region,HE Qualification,50-60%,35-55,0,60,0,Withdrawn,6,0,1,0,0,1,0,1,1,1,1,1,1,1,1,9
CCC,2014J,2462862,1,West Midlands Region,A Level or Equivalent,20-Oct,0-35,0,180,0,Withdrawn,1,1,0,1,0,1,1,1,1,1,0,1,1,1,0,2
CCC,2014J,2464118,0,South East Region,Lower Than A Level,20-30%,0-35,0,60,0,Pass,10,0,1,0,0,1,1,1,0,1,0,0,0,0,0,1
CCC,2014J,2464386,1,East Midlands Region,A Level or Equivalent,90-100%,0-35,0,60,1,Pass,10,1,0,1,1,1,1,0,1,1,1,1,0,0,1,1
CCC,2014J,2469688,0,London Region,A Level or Equivalent,20-Oct,0-35,0,60,0,Pass,6,0,1,0,0,0,0,1,1,1,0,1,0,0,1,9
CCC,2014J,2470326,0,East Midlands Region,A Level or Equivalent,20-Oct,35-55,0,120,1,Fail,5,0,0,1,0,0,0,1,0,1,0,1,0,1,1,9
CCC,2014J,2472995,0,South Region,HE Qualification,90-100%,35-55,0,30,0,Fail,7,1,0,0,1,1,1,0,1,0,1,0,1,1,1,3
CCC,2014J,2473058,0,West Midlands Region,A Level or Equivalent,50-60%,0-35,1,100,0,Withdrawn,7,0,1,1,0,0,0,0,1,0,0,1,0,1,1,3
CCC,2014J,2480654,1,London Region,Lower Than A Level,20-30%,35-55,0,240,0,Withdrawn,16,0,1,1,0,1,0,1,1,1,0,1,1,0,0,10
CCC,2014J,2483382,1,Scotland,A Level or Equivalent,30-40%,0-35,0,60,1,Withdrawn,3,1,0,0,1,0,0,1,0,1,0,0,0,0,1,8
CCC,2014J,2485655,0,East Anglian Region,HE Qualification,20-30%,0-35,0,30,0,Withdrawn,14,0,0,1,1,0,1,0,1,0,1,0,0,0,1,5
CCC,2014J,2499779,1,West Midlands Region,HE Qualification,20-30%,35-55,0,30,0,Fail,7,1,1,0,0,0,0,1,1,0,0,1,1,0,1,3
CCC,2014J,2500064,0,South East Region,Lower Than A Level,40-50%,0-35,0,120,0,Fail,14,1,0,0,1,0,0,1,0,0,1,1,1,0,0,5
CCC,2014J,2502882,0,London Region,A Level or Equivalent,80-90%,35-55,0,30,1,Withdrawn,9,1,1,0,0,0,0,1,0,0,0,0,1,0,1,4
CCC,2014J,2504694,1,North Western Region,Lower Than A Level,20-Oct,0-35,0,90,1,Withdrawn,3,0,0,1,0,1,0,0,0,1,1,1,0,1,1,8
CCC,2014J,2517389,0,London Region,A Level or Equivalent,90-100%,0-35,0,120,0,Pass,4,0,1,1,1,1,1,1,0,0,1,1,0,1,1,8
CCC,2014J,2520539,0,South West Region,A Level or Equivalent,50-60%,35-55,0,110,0,Pass,2,1,1,0,0,1,0,0,0,1,1,1,1,0,1,2
CCC,2014J,2522932,1,Scotland,HE Qualification,20-30%,0-35,1,210,0,Fail,6,1,0,1,1,0,0,1,0,0,0,0,1,1,1,9
CCC,2014J,2533650,1,South West Region,Lower Than A Level,60-70%,0-35,0,60,0,Fail,7,0,0,0,1,0,0,1,0,1,0,1,0,0,0,3
CCC,2014J,2552412,1,South East Region,A Level or Equivalent,90-100%,35-55,0,30,0,Fail,9,0,1,1,0,0,1,1,1,0,1,0,0,0,1,4
CCC,2014J,2554973,0,South Region,Lower Than A Level,40-50%,35-55,0,90,0,Withdrawn,9,0,1,0,0,0,0,1,0,0,1,0,1,1,0,4
CCC,2014J,2555596,0,South Region,A Level or Equivalent,30-40%,0-35,1,30,0,Withdrawn,9,0,0,1,1,0,1,0,0,0,0,0,0,0,0,4
CCC,2014J,2557563,0,South Region,HE Qualification,70-80%,0-35,0,95,0,Pass,11,0,1,0,1,1,0,0,1,0,0,0,0,1,1,6
CCC,2014J,2558071,0,South Region,Lower Than A Level,80-90%,35-55,0,30,1,Pass,4,0,1,0,1,1,0,1,1,1,1,1,1,0,0,8
CCC,2014J,2559144,1,London Region,A Level or Equivalent,20-Oct,0-35,0,120,0,Distinction,13,0,1,1,1,1,0,0,0,0,1,0,0,1,0,5
CCC,2014J,2561862,0,Ireland,HE Qualification,80-90%,0-35,0,90,0,Withdrawn,15,0,0,1,0,1,1,0,1,0,1,0,1,0,1,10
CCC,2014J,2564333,0,North Western Region,A Level or Equivalent,0-10%,35-55,1,60,1,Withdrawn,14,1,1,0,0,1,1,0,0,1,0,1,1,1,1,5
CCC,2014J,2574909,0,Wales,HE Qualification,30-40%,35-55,0,30,0,Withdrawn,10,1,0,0,0,0,0,0,1,1,0,0,1,1,0,1
CCC,2014J,2578004,1,South Region,Lower Than A Level,90-100%,0-35,0,60,0,Withdrawn,3,0,1,1,1,1,1,0,1,1,1,1,0,1,0,8
CCC,2014J,2585270,0,North Western Region,A Level or Equivalent,0-10%,0-35,0,60,0,Withdrawn,14,1,0,0,0,0,0,0,1,0,0,0,0,0,0,5
CCC,2014J,2588294,0,South West Region,A Level or Equivalent,80-90%,35-55,0,30,0,Withdrawn,10,0,0,0,0,0,0,0,1,1,0,1,1,0,1,1
CCC,2014J,2590948,1,West Midlands Region,A Level or Equivalent,40-50%,0-35,1,60,0,Fail,12,0,0,1,1,1,1,0,1,1,1,0,0,1,0,7
CCC,2014J,2593689,1,Scotland,A Level or Equivalent,80-90%,35-55,0,90,0,Pass,15,0,1,1,0,1,0,1,1,0,1,1,0,0,0,10
CCC,2014J,2593755,0,South West Region,Lower Than A Level,50-60%,0-35,0,30,0,Pass,5,0,1,1,1,1,0,0,0,1,1,1,0,1,0,9
CCC,2014J,2593920,1,Yorkshire Region,HE Qualification,60-70%,0-35,0,30,0,Pass,3,0,0,0,1,1,0,1,1,1,1,0,0,1,0,8
CCC,2014J,2595204,0,South West Region,Lower Than A Level,30-40%,0-35,0,90,0,Fail,15,1,0,0,1,1,0,0,0,0,0,0,0,1,1,10
CCC,2014J,2595526,0,South West Region,A Level or Equivalent,80-90%,35-55,0,150,0,Withdrawn,8,1,0,0,1,0,1,0,1,1,1,0,1,0,0,3
CCC,2014J,2596553,0,South West Region,Lower Than A Level,20-Oct,35-55,0,30,1,Withdrawn,4,1,1,0,0,1,1,0,0,1,0,0,0,1,1,8
CCC,2014J,2598631,0,North Region,HE Qualification,20-30%,0-35,0,60,0,Fail,12,1,0,1,0,0,0,0,0,0,0,1,0,0,1,7
CCC,2014J,2598961,0,East Anglian Region,HE Qualification,20-30%,0-35,0,30,0,Distinction,14,0,0,0,0,0,1,1,0,0,0,0,1,0,0,5
CCC,2014J,2599883,1,Scotland,A Level or Equivalent,30-40%,0-35,0,240,0,Distinction,7,1,0,0,1,1,0,0,0,1,1,1,1,1,0,3
CCC,2014J,2609069,0,London Region,A Level or Equivalent,80-90%,35-55,0,30,0,Withdrawn,8,1,1,0,1,0,0,0,0,0,0,0,0,0,0,3
CCC,2014J,2612725,0,South Region,A Level or Equivalent,80-90%,0-35,0,120,0,Withdrawn,14,1,1,1,0,1,1,0,1,1,0,1,0,0,1,5
CCC,2014J,2613225,0,Scotland,A Level or Equivalent,80-90%,0-35,0,30,0,Withdrawn,1,1,1,1,1,1,0,0,1,0,0,1,1,0,1,2
CCC,2014J,2613746,0,Scotland,A Level or Equivalent,0-10%,0-35,0,60,0,Withdrawn,9,1,0,0,0,1,1,0,0,0,1,1,1,0,0,4
CCC,2014J,2614093,0,South Region,A Level or Equivalent,80-90%,35-55,0,180,0,Pass,15,0,1,0,0,0,1,0,0,1,0,1,0,1,1,10
CCC,2014J,2619025,0,West Midlands Region,A Level or Equivalent,20-30%,0-35,0,60,1,Pass,11,0,0,0,0,1,0,1,0,0,0,0,0,1,0,6
CCC,2014J,2619472,0,South Region,Lower Than A Level,40-50%,0-35,0,120,1,Withdrawn,16,0,1,0,0,1,0,0,0,1,1,1,0,1,1,10
CCC,2014J,2620661,0,North Western Region,A Level or Equivalent,0-10%,35-55,0,30,0,Pass,8,0,0,0,1,1,0,1,1,1,0,0,0,1,1,3
CCC,2014J,2622441,0,London Region,Lower Than A Level,30-40%,35-55,0,120,0,Pass,10,0,0,0,0,1,0,0,0,0,1,1,0,1,0,1
CCC,2014J,2622627,0,Scotland,HE Qualification,30-40%,0-35,0,180,1,Withdrawn,15,1,0,1,1,0,0,0,1,1,0,1,0,0,0,10
CCC,2014J,2623427,0,Scotland,Lower Than A Level,20-Oct,35-55,0,60,0,Fail,7,1,1,0,0,1,0,1,1,0,0,1,0,0,0,3
CCC,2014J,2627491,0,South West Region,Lower Than A Level,90-100%,0-35,0,60,0,Withdrawn,6,1,1,0,0,0,1,1,1,0,0,0,0,0,1,9
CCC,2014J,2630469,0,South East Region,HE Qualification,80-90%,35-55,0,75,0,Withdrawn,10,1,1,0,1,0,1,0,1,0,0,1,1,0,0,1
CCC,2014J,2633981,0,South West Region,A Level or Equivalent,60-70%,0-35,1,60,1,Withdrawn,11,1,0,1,0,1,1,0,0,0,0,0,1,0,1,6
CCC,2014J,2637000,0,Wales,A Level or Equivalent,80-90%,0-35,0,120,0,Withdrawn,16,0,1,0,1,1,1,0,0,1,1,1,0,1,0,10
CCC,2014J,2637912,0,Scotland,HE Qualification,20-Oct,35-55,0,30,0,Fail,6,0,1,0,0,1,1,1,1,1,0,0,0,1,1,9
CCC,2014J,2647893,0,South West Region,HE Qualification,90-100%,35-55,0,30,0,Distinction,1,0,1,1,0,1,0,0,0,1,1,1,0,1,0,2
CCC,2014J,2650741,0,South Region,Lower Than A Level,70-80%,0-35,0,30,0,Fail,2,1,1,1,0,0,1,0,1,1,1,0,1,1,0,2
CCC,2014J,2655763,0,East Anglian Region,A Level or Equivalent,80-90%,35-55,0,45,0,Fail,6,1,0,1,0,0,0,0,1,0,0,0,1,1,0,9
CCC,2014J,2658314,1,South Region,Lower Than A Level,80-90%,0-35,0,30,0,Pass,5,0,0,1,1,0,1,1,0,0,0,0,0,1,1,9
CCC,2014J,2668106,0,London Region,A Level or Equivalent,30-40%,35-55,0,30,0,Distinction,11,0,1,1,0,1,0,1,1,1,1,0,1,1,1,6
CCC,2014J,2672114,0,North Region,Lower Than A Level,,35-55,0,90,0,Withdrawn,7,0,1,1,1,1,0,0,0,1,1,0,0,0,0,3
CCC,2014J,2677097,1,Scotland,A Level or Equivalent,40-50%,0-35,0,120,0,Withdrawn,3,0,0,1,0,0,1,1,1,0,0,0,1,0,1,8
CCC,2014J,2681198,0,East Anglian Region,Lower Than A Level,70-80%,35-55,1,90,0,Withdrawn,9,0,0,0,1,0,1,1,0,1,0,0,0,0,1,4
CCC,2014J,2686712,0,West Midlands Region,A Level or Equivalent,60-70%,35-55,0,60,0,Fail,16,0,1,0,0,1,1,0,1,0,0,0,1,0,0,10
CCC,2014J,2689013,0,Scotland,Post Graduate Qualification,80-90%,35-55,0,30,0,Withdrawn,4,1,0,1,0,0,1,0,1,0,1,0,0,1,1,8
CCC,2014J,2691267,1,West Midlands Region,Lower Than A Level,80-90%,35-55,1,60,0,Pass,11,1,0,1,1,0,1,1,1,1,1,0,0,1,1,6
CCC,2014J,2691861,0,London Region,Lower Than A Level,0-10%,0-35,1,120,0,Fail,6,1,0,0,1,1,0,1,0,0,1,1,0,1,0,9
DDD,2013B,24213,1,East Anglian Region,A Level or Equivalent,40-50%,0-35,0,90,0,Withdrawn,5,0,0,0,0,1,0,1,0,1,0,0,1,1,1,9
DDD,2013B,40419,0,East Midlands Region,Lower Than A Level,20-30%,35-55,0,60,0,Withdrawn,11,0,0,0,0,0,1,1,0,0,1,1,0,0,1,6
DDD,2013B,41060,0,Ireland,HE Qualification,70-80%,0-35,0,60,0,Fail,8,0,1,1,0,1,0,1,1,1,0,0,1,0,0,3
DDD,2013B,43284,0,East Midlands Region,Lower Than A Level,80-90%,0-35,2,180,0,Withdrawn,5,0,0,0,0,0,0,0,0,1,0,1,0,0,1,9
DDD,2013B,45664,0,Yorkshire Region,HE Qualification,60-70%,0-35,1,60,0,Pass,3,1,0,1,0,0,0,0,1,0,1,1,0,1,0,8
DDD,2013B,52014,1,Wales,Lower Than A Level,0-10%,35-55,2,120,0,Fail,9,1,0,0,1,1,0,1,1,1,1,0,0,1,0,4
DDD,2013B,53488,1,East Anglian Region,HE Qualification,90-100%,0-35,0,60,0,Pass,11,1,1,1,1,0,0,0,0,0,1,1,1,0,1,6
DDD,2013B,53895,0,North Region,A Level or Equivalent,60-70%,35-55,1,60,0,Withdrawn,11,1,0,1,1,0,0,0,1,0,1,0,1,1,1,6
DDD,2013B,55242,1,North Western Region,Lower Than A Level,30-40%,0-35,0,60,0,Fail,13,1,1,0,0,1,0,1,1,0,0,1,1,0,0,5
DDD,2013B,57359,0,East Midlands Region,HE Qualification,40-50%,35-55,0,60,0,Withdrawn,10,1,0,1,0,0,1,0,1,1,1,1,1,0,0,1
DDD,2013B,60135,1,West Midlands Region,A Level or Equivalent,,0-35,0,60,0,Pass,11,1,1,0,0,0,1,0,0,1,0,1,0,1,1,6
DDD,2013B,66579,0,South Region,Lower Than A Level,40-50%,35-55,0,60,0,Fail,10,1,0,1,0,0,1,0,1,1,0,1,1,0,1,1
DDD,2013B,67602,0,Ireland,Lower Than A Level,30-40%,0-35,1,60,0,Pass,10,1,1,1,0,0,1,1,0,0,0,0,0,1,0,1
DDD,2013B,67785,1,London Region,Lower Than A Level,20-30%,0-35,0,120,1,Pass,13,1,0,0,1,1,1,1,0,1,1,1,1,1,1,5
DDD,2013B,69491,1,East Anglian Region,Lower Than A Level,80-90%,0-35,4,60,0,Pass,12,1,1,0,1,1,1,1,0,0,1,1,0,0,1,7
DDD,2013B,72451,0,East Midlands Region,Lower Than A Level,90-100%,0-35,0,60,0,Withdrawn,11,1,1,0,0,0,0,0,0,1,1,0,1,1,0,6
DDD,2013B,76536,1,West Midlands Region,Lower Than A Level,60-70%,0-35,1,120,0,Fail,2,0,0,1,1,1,0,0,0,0,1,0,0,0,0,2
DDD,2013B,77763,0,East Anglian Region,HE Qualification,20-30%,35-55,0,150,0,Pass,1,0,0,0,0,0,0,0,1,0,0,1,1,1,1,2
DDD,2013B,81351,0,Scotland,HE Qualification,90-100%,35-55,1,60,1,Fail,13,1,0,0,0,0,1,0,1,0,0,1,1,0,1,5
DDD,2013B,86047,1,Wales,HE Qualification,20-30%,0-35,0,60,0,Pass,2,0,0,1,1,0,0,0,0,0,0,1,1,1,0,2
DDD,2013B,87107,1,South West Region,HE Qualification,70-80%,0-35,0,60,0,Pass,3,1,1,1,1,0,0,1,1,0,1,0,1,1,1,8
DDD,2013B,89051,0,North Western Region,A Level or Equivalent,30-40%,35-55,0,120,1,Pass,16,0,1,0,0,0,0,0,0,0,0,1,0,0,1,10
DDD,2013B,90836,0,West Midlands Region,A Level or Equivalent,50-60%,0-35,0,180,1,Fail,11,1,0,1,1,0,0,1,1,0,1,1,0,0,0,6
DDD,2013B,92775,1,North Region,Lower Than A Level,0-10%,0-35,1,60,1,Fail,15,0,1,0,1,1,1,0,0,0,0,1,1,0,1,10
DDD,2013B,94923,1,Scotland,Lower Than A Level,30-40%,0-35,2,90,0,Fail,3,1,0,1,0,0,0,0,1,1,1,0,0,0,1,8
DDD,2013B,94964,1,South West Region,Lower Than A Level,40-50%,0-35,0,60,0,Fail,2,1,1,0,1,1,1,1,1,1,1,1,1,0,0,2
DDD,2013B,95356,1,Scotland,HE Qualification,20-30%,0-35,0,90,0,Withdrawn,2,0,0,1,0,0,0,0,1,1,1,1,0,1,0,2
DDD,2013B,96592,1,London Region,HE Qualification,20-30%,0-35,0,60,0,Pass,4,0,1,0,0,0,0,1,0,0,1,0,1,1,1,8
DDD,2013B,96945,0,West Midlands Region,A Level or Equivalent,30-40%,0-35,0,90,0,Withdrawn,15,0,0,0,0,1,1,1,1,0,1,0,1,1,1,10
DDD,2013B,103904,0,South Region,HE Qualification,70-80%,0-35,0,60,0,Distinction,7,1,0,0,1,0,0,1,0,0,0,1,1,1,1,3
DDD,2013B,108565,0,South West Region,A Level or Equivalent,20-30%,0-35,0,60,0,Withdrawn,11,0,0,1,0,1,0,0,1,1,1,0,0,1,1,6
DDD,2013B,110200,1,London Region,Lower Than A Level,70-80%,0-35,0,90,0,Fail,13,1,0,0,1,1,1,0,1,1,0,1,0,1,1,5
DDD,2013B,111113,0,North Region,Lower Than A Level,30-40%,0-35,0,60,0,Fail,14,0,1,0,0,1,1,0,0,1,1,0,1,1,1,5
DDD,2013B,111360,0,West Midlands Region,HE Qualification,30-40%,0-35,2,120,0,Withdrawn,2,1,1,1,0,0,0,0,0,1,0,0,1,0,1,2
DDD,2013B,112245,0,South Region,HE Qualification,90-100%,35-55,0,60,0,Pass,4,0,1,1,0,1,1,0,0,1,1,0,0,1,1,8
DDD,2013B,117435,0,South West Region,Lower Than A Level,30-40%,0-35,0,90,1,Withdrawn,3,1,1,0,0,0,0,0,0,0,0,0,0,1,0,8
DDD,2013B,117862,0,West Midlands Region,A Level or Equivalent,20-Oct,0-35,1,60,0,Withdrawn,3,1,0,0,0,1,0,1,1,1,0,1,1,0,1,8
DDD,2013B,117939,1,South East Region,Lower Than A Level,90-100%,35-55,0,60,0,Withdrawn,2,1,1,1,0,1,0,0,1,0,1,1,0,1,0,2
DDD,2013B,121000,1,Wales,Lower Than A Level,40-50%,0-35,0,270,1,Fail,9,1,1,0,0,0,0,1,0,0,0,1,0,1,1,4
DDD,2013B,121390,0,North Western Region,Lower Than A Level,20-Oct,35-55,0,60,0,Fail,14,0,0,1,0,1,0,1,0,1,1,0,0,1,0,5
DDD,2013B,124728,1,North Western Region,A Level or Equivalent,20-Oct,35-55,0,150,1,Withdrawn,14,1,0,0,1,0,0,0,1,1,1,0,1,0,1,5
DDD,2013B,125677,0,East Anglian Region,A Level or Equivalent,80-90%,35-55,3,150,0,Withdrawn,2,0,0,0,0,1,1,0,1,1,1,0,0,1,1,2
DDD,2013B,126912,0,East Midlands Region,A Level or Equivalent,80-90%,35-55,1,60,0,Fail,4,0,1,0,0,1,1,1,1,1,1,0,1,1,0,8
DDD,2013B,128678,1,London Region,A Level or Equivalent,40-50%,35-55,1,90,0,Fail,9,1,1,0,0,0,0,0,1,0,1,0,0,0,1,4
DDD,2013B,128965,0,South West Region,A Level or Equivalent,60-70%,55<=,0,120,0,Withdrawn,6,1,0,1,1,1,1,0,0,0,0,1,1,1,0,9
DDD,2013B,130003,1,East Anglian Region,Lower Than A Level,0-10%,0-35,2,60,0,Fail,4,0,1,1,1,0,1,0,1,0,1,0,1,0,1,8
DDD,2013B,131145,0,South West Region,A Level or Equivalent,40-50%,0-35,0,60,0,Pass,6,0,0,0,1,1,0,1,1,1,1,1,1,1,1,9
DDD,2013B,131235,0,Yorkshire Region,Lower Than A Level,70-80%,35-55,0,60,0,Withdrawn,9,1,0,0,0,1,1,1,0,0,1,0,1,1,1,4
DDD,2013B,131609,0,North Western Region,Lower Than A Level,40-50%,35-55,0,90,0,Withdrawn,9,1,0,0,0,0,0,1,1,1,0,1,0,0,0,4
DDD,2013B,134025,0,London Region,A Level or Equivalent,60-70%,0-35,0,60,0,Distinction,6,0,0,1,0,1,1,0,1,0,1,0,1,0,1,9
DDD,2013B,134188,0,South West Region,A Level or Equivalent,40-50%,0-35,0,60,0,Pass,13,0,1,0,0,1,0,1,0,1,1,0,0,0,0,5
DDD,2013B,134336,0,Scotland,A Level or Equivalent,80-90%,0-35,0,60,0,Fail,3,1,0,0,0,1,1,0,1,1,0,1,0,1,1,8
DDD,2013B,137603,0,Wales,Post Graduate Qualification,80-90%,35-55,0,60,0,Pass,14,1,0,0,0,0,0,1,1,0,0,1,0,0,1,5
DDD,2013B,138709,0,North Region,Lower Than A Level,20-Oct,0-35,0,60,1,Withdrawn,5,1,0,0,0,0,0,1,1,0,0,1,1,0,1,9
DDD,2013B,141766,1,Yorkshire Region,A Level or Equivalent,70-80%,0-35,1,120,0,Withdrawn,6,1,0,0,1,0,0,0,0,1,1,0,1,0,0,9
DDD,2013B,142819,0,West Midlands Region,A Level or Equivalent,40-50%,0-35,0,90,0,Pass,5,0,0,0,0,0,1,0,1,0,0,1,1,1,1,9
DDD,2013B,142998,1,North Western Region,HE Qualification,20-30%,35-55,0,120,1,Withdrawn,1,0,0,0,1,0,0,1,0,0,0,1,1,1,1,2
DDD,2013B,144923,0,Scotland,Lower Than A Level,70-80%,35-55,1,120,0,Fail,7,0,0,1,0,1,0,1,1,0,1,1,1,1,0,3
DDD,2013B,146089,0,North Western Region,HE Qualification,0-10%,0-35,0,60,0,Fail,8,1,1,1,1,1,0,0,1,0,1,1,1,1,1,3
DDD,2013B,146651,0,South Region,A Level or Equivalent,40-50%,0-35,2,60,0,Fail,11,0,0,1,0,1,0,0,0,1,0,1,1,1,0,6
DDD,2013B,147307,0,Yorkshire Region,Lower Than A Level,80-90%,35-55,1,60,0,Withdrawn,12,0,1,1,1,0,0,1,0,1,0,0,1,1,1,7
DDD,2013B,150578,1,North Region,Lower Than A Level,60-70%,35-55,0,60,0,Fail,3,1,1,0,0,0,1,1,1,0,1,1,0,1,0,8
DDD,2013B,157298,0,South East Region,Lower Than A Level,20-30%,35-55,0,60,0,Pass,3,1,1,1,0,0,0,1,1,0,1,0,1,1,0,8
DDD,2013B,159596,0,South West Region,HE Qualification,80-90%,0-35,0,60,0,Withdrawn,9,0,1,0,0,1,0,1,0,1,1,1,0,1,1,4
DDD,2013B,159925,1,London Region,A Level or Equivalent,80-90%,0-35,2,70,0,Pass,15,0,0,1,0,0,0,1,1,1,1,0,0,1,1,10
DDD,2013B,160005,1,Scotland,HE Qualification,20-Oct,35-55,0,60,0,Pass,9,1,1,0,0,0,1,0,1,0,0,0,1,1,0,4
DDD,2013B,160401,0,Yorkshire Region,A Level or Equivalent,80-90%,0-35,1,60,0,Withdrawn,1,1,1,0,0,1,1,1,0,0,0,1,0,0,0,2
DDD,2013B,162984,0,London Region,No Formal quals,20-30%,35-55,2,220,0,Withdrawn,2,1,1,0,0,0,0,1,0,1,1,0,1,1,0,2
DDD,2013B,163067,1,South East Region,Lower Than A Level,40-50%,0-35,0,60,0,Pass,16,0,0,1,0,0,1,1,1,0,1,0,0,0,1,10
DDD,2013B,165421,0,Ireland,HE Qualification,,35-55,0,60,0,Fail,7,1,0,1,1,1,1,1,0,1,0,1,0,1,0,3
DDD,2013B,165733,0,Scotland,A Level or Equivalent,20-30%,0-35,0,60,1,Fail,4,0,1,1,0,0,0,0,0,0,1,1,1,1,1,8
DDD,2013B,166342,0,North Region,A Level or Equivalent,,0-35,0,60,0,Pass,14,1,0,1,0,1,1,0,0,1,1,1,1,1,1,5
DDD,2013B,166713,0,North Region,Lower Than A Level,30-40%,0-35,0,60,0,Pass,10,0,1,1,0,0,0,1,1,0,0,0,0,0,0,1
DDD,2013B,166988,1,London Region,HE Qualification,70-80%,0-35,0,90,0,Pass,10,0,1,1,1,0,0,1,0,0,1,0,1,1,0,1
DDD,2013B,167123,0,South East Region,Lower Than A Level,20-30%,0-35,1,160,0,Withdrawn,11,0,0,0,0,0,1,1,1,0,0,0,1,1,0,6
DDD,2013B,167717,0,London Region,A Level or Equivalent,40-50%,0-35,0,60,0,Fail,15,1,0,0,0,1,0,0,0,0,1,1,1,0,0,10
DDD,2013B,168243,0,Wales,Lower Than A Level,20-30%,0-35,2,180,1,Withdrawn,4,1,0,1,1,0,1,1,1,1,0,1,1,1,1,8
DDD,2013B,169894,0,South West Region,HE Qualification,20-30%,0-35,0,60,0,Withdrawn,9,1,0,1,0,1,1,0,0,0,1,0,1,0,0,4
DDD,2013B,170025,1,East Anglian Region,HE Qualification,90-100%,0-35,0,60,0,Pass,16,1,1,1,1,0,1,1,1,1,0,1,1,1,0,10
DDD,2013B,171896,1,South East Region,A Level or Equivalent,40-50%,0-35,0,60,0,Pass,12,1,0,0,1,1,0,0,0,1,0,1,1,1,1,7
DDD,2013B,173004,1,Ireland,HE Qualification,60-70%,0-35,0,90,0,Withdrawn,15,0,0,1,1,1,0,1,1,0,1,1,1,1,1,10
DDD,2013B,176092,1,South West Region,A Level or Equivalent,80-90%,35-55,0,70,0,Pass,2,1,1,1,0,0,1,1,0,0,0,0,1,0,1,2
DDD,2013B,177333,1,Scotland,Lower Than A Level,30-40%,0-35,0,120,0,Pass,3,1,1,1,0,1,0,1,1,1,1,0,1,0,0,8
DDD,2013B,177817,0,East Midlands Region,HE Qualification,80-90%,0-35,0,120,0,Withdrawn,4,0,0,0,0,0,1,0,0,1,0,1,1,1,1,8
DDD,2013B,177981,1,Scotland,HE Qualification,40-50%,0-35,1,60,0,Pass,14,0,0,1,0,1,0,0,0,1,1,0,1,0,1,5
DDD,2013B,178639,0,North Western Region,Lower Than A Level,0-10%,35-55,0,60,0,Fail,9,0,1,0,1,0,0,1,0,1,0,1,1,0,0,4
DDD,2013B,179892,1,London Region,HE Qualification,20-Oct,0-35,0,60,0,Pass,6,1,1,1,1,0,0,1,0,1,0,1,0,1,1,9
DDD,2013B,180667,0,North Western Region,A Level or Equivalent,60-70%,35-55,0,60,0,Pass,4,0,1,0,1,1,0,0,1,0,1,0,0,1,1,8
DDD,2013B,180958,0,Scotland,A Level or Equivalent,20-Oct,0-35,1,150,1,Pass,4,1,1,0,0,1,1,1,0,0,1,0,1,1,1,8
DDD,2013B,183714,0,South West Region,Lower Than A Level,40-50%,0-35,0,60,1,Pass,7,0,0,1,0,0,0,0,1,0,1,1,1,1,0,3
DDD,2013B,184968,1,South East Region,Lower Than A Level,70-80%,0-35,1,120,0,Withdrawn,13,0,0,0,1,0,1,0,0,1,1,0,1,0,0,5
DDD,2013B,187623,0,East Midlands Region,A Level or Equivalent,70-80%,0-35,0,60,0,Fail,14,0,1,0,0,1,0,1,1,1,0,1,1,0,0,5
DDD,2013B,191195,1,Scotland,Lower Than A Level,20-Oct,0-35,0,120,1,Fail,16,1,1,0,0,0,1,0,0,1,1,0,0,0,1,10
DDD,2013B,191398,0,North Western Region,Lower Than A Level,30-40%,0-35,1,210,0,Withdrawn,14,0,1,0,1,1,0,1,1,0,0,1,1,1,1,5
DDD,2013B,191491,1,South Region,Lower Than A Level,20-Oct,35-55,0,60,0,Withdrawn,9,1,0,0,1,0,1,1,0,1,0,0,1,0,1,4
DDD,2013B,191896,1,London Region,Lower Than A Level,20-Oct,35-55,0,60,0,Fail,16,0,0,1,0,1,1,1,1,1,1,0,1,0,1,10
DDD,2013B,191972,0,Ireland,A Level or Equivalent,40-50%,0-35,4,120,0,Pass,2,0,0,0,0,1,1,0,1,1,0,1,1,0,1,2
DDD,2013B,192196,0,London Region,Lower Than A Level,40-50%,35-55,0,60,0,Pass,13,1,0,0,0,1,0,1,1,1,0,0,0,0,1,5
DDD,2013B,196266,1,Scotland,Lower Than A Level,20-Oct,0-35,0,240,0,Fail,11,0,0,1,1,0,0,1,1,0,1,0,1,1,0,6
DDD,2013B,196902,1,Wales,A Level or Equivalent,70-80%,0-35,3,60,0,Withdrawn,2,1,1,1,0,0,1,0,0,0,0,0,0,0,1,2
DDD,2013B,198470,1,South West Region,A Level or Equivalent,30-40%,0-35,0,60,0,Withdrawn,4,0,0,0,1,0,0,1,0,1,0,0,1,0,0,8
DDD,2013B,199782,0,Wales,Lower Than A Level,40-50%,0-35,0,60,0,Fail,4,1,0,0,1,1,1,1,0,1,0,1,0,1,0,8
DDD,2013B,200588,0,London Region,A Level or Equivalent,20-30%,0-35,1,150,0,Fail,12,1,1,1,1,0,1,0,0,1,0,1,1,1,1,7
DDD,2013B,200957,0,South West Region,A Level or Equivalent,40-50%,0-35,1,120,0,Fail,1,0,0,0,1,1,1,0,1,1,0,1,0,0,0,2
DDD,2013B,202506,0,Scotland,HE Qualification,20-30%,0-35,1,150,0,Fail,8,0,1,1,1,0,1,0,1,0,0,0,0,0,0,3
DDD,2013B,204996,0,London Region,HE Qualification,40-50%,0-35,0,120,0,Pass,14,1,1,0,0,0,1,0,1,1,1,0,1,1,0,5
DDD,2013B,227491,1,West Midlands Region,A Level or Equivalent,20-Oct,0-35,0,60,0,Withdrawn,10,1,0,1,0,1,0,1,1,1,1,1,1,1,0,1
DDD,2013B,228242,1,East Anglian Region,HE Qualification,40-50%,0-35,1,145,0,Fail,6,0,1,1,0,0,0,1,1,1,0,1,1,0,0,9
DDD,2013B,228543,1,East Anglian Region,Lower Than A Level,20-Oct,0-35,4,60,0,Fail,8,1,0,0,1,0,1,0,1,1,0,0,1,1,0,3
DDD,2013B,229057,1,London Region,Lower Than A Level,20-30%,0-35,3,120,0,Fail,16,1,0,1,0,1,0,1,1,1,1,1,0,0,1,10
DDD,2013B,230052,0,North Western Region,A Level or Equivalent,90-100%,0-35,0,180,0,Withdrawn,12,0,0,0,0,1,0,1,0,0,1,1,0,1,1,7
DDD,2013B,233389,1,West Midlands Region,Lower Than A Level,20-Oct,0-35,1,120,0,Fail,15,1,0,1,1,0,1,0,0,0,1,0,0,0,0,10
DDD,2013B,233771,0,South West Region,A Level or Equivalent,20-30%,0-35,0,60,0,Pass,10,1,1,1,0,0,0,1,1,0,1,0,0,0,1,1
DDD,2013B,234740,0,West Midlands Region,Lower Than A Level,0-10%,0-35,0,60,0,Pass,16,0,0,0,0,1,1,0,0,0,1,0,1,1,0,10
DDD,2013B,234859,1,London Region,A Level or Equivalent,70-80%,0-35,0,60,0,Pass,3,0,0,0,0,0,0,0,1,1,1,1,1,0,1,8
DDD,2013B,234978,0,South Region,A Level or Equivalent,90-100%,0-35,2,130,0,Fail,4,0,1,0,0,0,0,1,1,0,1,0,1,0,0,8
DDD,2013B,235428,0,London Region,Lower Than A Level,20-30%,35-55,0,60,0,Withdrawn,11,1,0,0,0,1,1,0,0,0,1,1,0,0,0,6
DDD,2013B,235492,0,North Region,A Level or Equivalent,,35-55,0,60,0,Fail,10,1,1,1,1,1,0,0,1,1,0,1,0,0,1,1
DDD,2013B,235584,1,South Region,HE Qualification,80-90%,0-35,0,90,0,Fail,10,0,1,0,1,1,1,1,1,0,1,1,0,0,1,1
DDD,2013B,236498,1,Yorkshire Region,HE Qualification,30-40%,0-35,0,60,0,Fail,4,1,1,1,0,0,1,1,0,1,0,1,1,0,0,8
DDD,2013B,236620,0,South Region,A Level or Equivalent,30-40%,35-55,0,60,0,Pass,2,1,0,1,0,1,0,0,0,0,1,0,0,1,0,2
DDD,2013B,240389,1,South Region,HE Qualification,80-90%,35-55,0,120,0,Withdrawn,2,0,1,1,1,0,0,1,0,1,1,0,1,0,0,2
DDD,2013B,240755,0,London Region,A Level or Equivalent,90-100%,0-35,0,90,0,Withdrawn,1,0,1,0,1,0,0,0,1,1,0,1,1,1,1,2
DDD,2013B,240936,0,South East Region,A Level or Equivalent,80-90%,0-35,1,90,0,Fail,9,0,1,1,1,1,0,0,1,0,1,0,1,1,1,4
DDD,2013B,241771,1,South East Region,HE Qualification,40-50%,0-35,0,60,0,Fail,2,1,0,0,0,0,0,0,1,1,1,1,0,1,0,2
DDD,2013B,241922,1,North Western Region,HE Qualification,20-30%,0-35,0,60,0,Pass,10,1,0,1,1,1,1,1,1,0,0,0,1,1,1,1
DDD,2013B,241971,0,South West Region,A Level or Equivalent,60-70%,35-55,0,60,0,Withdrawn,3,0,0,0,0,1,0,1,1,1,1,1,1,0,1,8
DDD,2013B,244875,0,East Anglian Region,A Level or Equivalent,30-40%,0-35,0,60,0,Pass,10,0,1,0,0,0,1,0,1,0,1,0,0,1,0,1
DDD,2013B,244919,0,Yorkshire Region,Lower Than A Level,0-10%,0-35,2,60,0,Withdrawn,12,0,1,1,0,0,0,0,1,1,1,1,1,0,1,7
DDD,2013B,246652,0,Wales,HE Qualification,20-Oct,35-55,0,120,0,Pass,5,0,0,1,1,0,1,0,1,1,0,1,0,1,1,9
DDD,2013B,248511,1,South West Region,A Level or Equivalent,60-70%,35-55,4,120,0,Pass,4,0,1,1,0,0,1,1,0,1,0,1,1,0,1,8
DDD,2013B,248994,1,Wales,Lower Than A Level,0-10%,0-35,0,60,0,Pass,2,1,0,0,0,1,1,0,0,0,1,0,1,0,0,2
DDD,2013B,249423,1,West Midlands Region,A Level or Equivalent,80-90%,35-55,0,60,0,Pass,1,1,0,0,0,1,0,1,0,1,0,1,1,1,1,2
DDD,2013B,249996,1,South East Region,Lower Than A Level,30-40%,0-35,2,150,0,Fail,9,1,0,0,0,1,0,0,0,1,1,0,1,0,0,4
DDD,2013B,251999,1,North Region,A Level or Equivalent,40-50%,0-35,1,280,0,Pass,13,1,0,1,0,1,0,1,0,0,1,1,1,1,0,5
DDD,2013B,252149,1,South Region,A Level or Equivalent,20-30%,0-35,1,60,0,Distinction,2,1,1,0,1,1,1,0,0,0,0,0,0,0,0,2
DDD,2013B,252489,1,South Region,A Level or Equivalent,80-90%,0-35,0,60,1,Pass,9,0,1,0,0,0,0,0,0,0,0,1,0,0,0,4
DDD,2013B,255747,1,South Region,Lower Than A Level,80-90%,0-35,2,60,0,Fail,10,0,0,0,0,0,1,1,1,0,1,1,1,0,0,1
DDD,2013B,255902,1,South Region,Post Graduate Qualification,90-100%,35-55,0,60,0,Fail,2,0,1,0,1,0,1,1,1,0,1,1,0,0,0,2
DDD,2013B,257110,1,South West Region,A Level or Equivalent,50-60%,0-35,0,115,0,Withdrawn,16,0,1,1,1,1,0,0,0,1,1,0,1,1,0,10
DDD,2013B,257369,0,North Western Region,A Level or Equivalent,80-90%,0-35,0,180,0,Withdrawn,4,0,0,1,0,1,1,1,1,1,0,1,1,0,1,8
DDD,2013B,258310,0,West Midlands Region,A Level or Equivalent,0-10%,0-35,1,120,0,Withdrawn,1,0,1,0,1,0,0,0,1,1,0,0,1,1,1,2
DDD,2013B,259750,0,South East Region,Lower Than A Level,30-40%,0-35,0,60,0,Fail,3,1,1,0,0,1,0,0,1,0,0,1,0,0,0,8
DDD,2013B,260491,1,East Anglian Region,A Level or Equivalent,40-50%,0-35,0,60,0,Pass,7,1,1,1,1,0,1,1,0,1,1,0,1,0,1,3
DDD,2013B,260639,0,South East Region,A Level or Equivalent,60-70%,0-35,1,120,1,Fail,10,0,0,0,0,0,0,0,0,1,1,0,0,1,1,1
DDD,2013B,262396,1,East Anglian Region,Lower Than A Level,80-90%,0-35,0,60,1,Fail,16,0,0,1,0,1,1,1,0,0,0,1,0,1,1,10
DDD,2013B,263524,1,Scotland,Lower Than A Level,60-70%,0-35,0,60,0,Withdrawn,16,0,0,0,0,0,0,0,1,0,0,1,1,0,0,10
DDD,2013B,266450,0,North Western Region,A Level or Equivalent,20-30%,0-35,0,60,0,Pass,5,1,0,1,0,1,1,0,0,0,1,0,1,1,0,9
DDD,2013B,266514,0,North Region,A Level or Equivalent,40-50%,35-55,1,60,0,Pass,1,1,0,0,1,1,1,0,1,0,0,0,0,0,0,2
DDD,2013B,266757,1,South Region,A Level or Equivalent,20-30%,0-35,2,60,0,Withdrawn,15,0,1,0,1,1,1,1,0,0,0,0,1,0,1,10
DDD,2013B,266762,1,Wales,A Level or Equivalent,90-100%,0-35,2,120,0,Fail,7,0,1,1,1,0,0,1,0,0,0,1,1,0,0,3
DDD,2013B,269676,0,North Western Region,Lower Than A Level,20-30%,35-55,0,70,0,Pass,11,1,1,1,0,0,0,0,0,1,0,0,1,0,0,6
DDD,2013B,270435,0,Yorkshire Region,Lower Than A Level,20-Oct,0-35,0,90,0,Fail,7,1,1,0,0,1,0,0,0,0,1,1,1,0,0,3
DDD,2013B,270468,1,West Midlands Region,Lower Than A Level,0-10%,0-35,0,60,0,Fail,5,0,0,0,1,0,0,1,1,1,0,1,1,1,1,9
DDD,2013B,270814,1,East Anglian Region,HE Qualification,90-100%,35-55,0,90,0,Pass,6,1,1,1,1,0,1,0,0,0,1,0,1,0,0,9
DDD,2013B,272313,1,East Anglian Region,A Level or Equivalent,50-60%,0-35,2,120,0,Withdrawn,15,1,1,1,1,1,1,0,1,0,1,1,1,0,1,10
DDD,2013B,273339,1,West Midlands Region,Lower Than A Level,0-10%,0-35,0,90,0,Fail,9,1,0,0,1,0,1,0,1,0,0,0,0,1,1,4
DDD,2013B,281118,1,East Midlands Region,Lower Than A Level,70-80%,0-35,1,70,0,Pass,1,0,1,1,1,0,1,0,1,0,1,1,1,0,0,2
DDD,2013B,281271,0,Scotland,A Level or Equivalent,30-40%,35-55,0,60,1,Withdrawn,9,0,0,1,1,0,1,0,1,0,0,0,0,0,1,4
DDD,2013B,282193,0,North Western Region,No Formal quals,20-30%,0-35,1,120,0,Pass,12,0,0,1,0,1,1,0,0,0,0,1,1,1,0,7
DDD,2013B,283618,0,West Midlands Region,Lower Than A Level,90-100%,35-55,2,120,0,Pass,13,1,1,0,0,1,1,1,1,1,0,1,1,0,1,5
DDD,2013B,283783,1,East Midlands Region,A Level or Equivalent,70-80%,0-35,1,60,0,Withdrawn,12,1,1,0,0,0,1,0,1,0,0,0,1,0,0,7
DDD,2013B,284326,1,Wales,Lower Than A Level,50-60%,0-35,0,150,0,Fail,6,0,1,0,1,1,1,1,0,1,0,0,0,0,0,9
DDD,2013B,284734,0,Yorkshire Region,HE Qualification,40-50%,0-35,1,90,0,Fail,12,0,0,1,0,1,0,1,0,0,1,1,1,0,1,7
DDD,2013B,285096,0,South West Region,Lower Than A Level,40-50%,35-55,0,60,0,Pass,7,0,1,1,1,0,1,1,0,0,1,0,1,0,0,3
DDD,2013B,285475,0,Yorkshire Region,HE Qualification,30-40%,0-35,1,120,0,Pass,6,1,0,1,0,0,0,1,0,1,0,1,0,1,1,9
DDD,2013B,287432,1,Wales,A Level or Equivalent,30-40%,35-55,0,90,0,Pass,13,1,1,0,1,0,1,1,0,1,1,0,0,0,0,5
DDD,2013B,287526,0,East Anglian Region,A Level or Equivalent,90-100%,0-35,1,60,0,Withdrawn,2,0,0,0,0,0,0,1,1,1,0,1,1,1,0,2
DDD,2013B,289564,0,East Anglian Region,Lower Than A Level,90-100%,0-35,0,60,1,Fail,12,0,1,1,0,1,0,0,0,0,1,1,0,0,1,7
DDD,2013B,290043,0,Scotland,A Level or Equivalent,50-60%,0-35,2,60,0,Pass,9,0,1,0,0,1,1,0,0,0,0,0,1,1,1,4
DDD,2013B,291133,0,Scotland,A Level or Equivalent,80-90%,0-35,0,60,0,Pass,3,0,1,0,1,1,1,0,0,0,0,0,0,1,1,8
DDD,2013B,292694,1,Yorkshire Region,A Level or Equivalent,70-80%,0-35,0,120,0,Withdrawn,12,1,0,0,0,1,0,0,0,1,1,0,1,1,0,7
DDD,2013B,292713,0,South Region,Lower Than A Level,40-50%,0-35,0,60,1,Fail,14,1,1,1,0,0,1,0,0,0,1,0,0,1,0,5
DDD,2013B,292741,0,South Region,A Level or Equivalent,80-90%,0-35,0,90,0,Fail,16,0,1,1,0,1,0,0,1,1,1,1,1,0,0,10
DDD,2013B,297582,0,West Midlands Region,Lower Than A Level,20-30%,0-35,0,60,1,Withdrawn,2,0,0,0,1,1,1,1,1,0,1,1,1,1,0,2
DDD,2013B,298040,1,South Region,HE Qualification,80-90%,0-35,0,60,0,Pass,13,0,1,0,0,0,1,1,0,1,0,1,1,0,0,5
DDD,2013B,298497,0,West Midlands Region,Lower Than A Level,,0-35,0,70,0,Pass,1,0,1,1,1,0,0,1,1,1,0,0,0,0,1,2
DDD,2013B,304734,0,East Anglian Region,HE Qualification,70-80%,35-55,1,60,0,Pass,15,1,0,1,0,0,1,1,1,1,0,0,1,0,1,10
DDD,2013B,304893,0,North Western Region,A Level or Equivalent,40-50%,0-35,0,120,0,Withdrawn,12,0,0,1,0,0,1,1,0,1,1,1,0,0,0,7
DDD,2013B,305313,1,East Anglian Region,Lower Than A Level,20-30%,0-35,0,180,1,Withdrawn,7,1,0,0,1,1,1,0,0,0,1,0,0,0,0,3
DDD,2013B,305702,1,London Region,A Level or Equivalent,20-Oct,0-35,0,120,0,Withdrawn,8,1,0,0,1,1,1,1,0,0,0,1,1,0,0,3
DDD,2013B,307158,1,Scotland,Lower Than A Level,20-30%,0-35,0,90,1,Fail,2,1,1,0,1,0,1,1,1,0,1,0,0,1,0,2
DDD,2013B,307290,1,South East Region,HE Qualification,30-40%,0-35,2,120,0,Fail,16,0,0,0,0,0,1,0,1,1,0,1,0,1,1,10
DDD,2013B,307291,1,Ireland,A Level or Equivalent,90-100%,0-35,0,60,0,Withdrawn,4,0,0,1,0,1,1,1,0,1,0,0,1,1,1,8
DDD,2013B,307932,0,Scotland,HE Qualification,90-100%,0-35,0,120,0,Withdrawn,10,0,1,0,1,0,0,1,1,0,1,1,0,0,0,1
DDD,2013B,308589,0,South West Region,A Level or Equivalent,20-30%,0-35,3,120,0,Fail,14,1,0,1,0,0,0,1,0,1,0,1,1,0,0,5
DDD,2013B,308767,1,Ireland,Lower Than A Level,60-70%,0-35,1,120,0,Fail,4,0,0,1,1,1,1,0,1,1,0,1,0,0,0,8
DDD,2013B,309580,1,East Midlands Region,HE Qualification,50-60%,35-55,0,60,0,Pass,3,1,0,0,0,1,0,1,0,0,1,1,0,0,0,8
DDD,2013B,310865,0,Scotland,A Level or Equivalent,40-50%,0-35,1,120,1,Withdrawn,4,1,0,1,1,1,1,0,1,0,1,0,0,1,0,8
DDD,2013B,311117,0,Scotland,A Level or Equivalent,0-10%,0-35,0,60,1,Withdrawn,12,0,1,1,1,0,0,0,1,0,0,1,0,1,1,7
DDD,2013B,312518,1,South West Region,Lower Than A Level,20-Oct,0-35,1,210,0,Withdrawn,10,1,0,1,1,0,1,0,1,0,1,0,0,0,0,1
DDD,2013B,316289,1,East Anglian Region,HE Qualification,90-100%,0-35,0,60,0,Pass,2,0,1,1,1,1,1,0,1,1,1,1,1,1,0,2
DDD,2013B,316772,0,East Midlands Region,A Level or Equivalent,60-70%,0-35,0,240,0,Withdrawn,10,0,1,1,0,1,0,1,1,0,1,1,0,0,0,1
DDD,2013B,320014,1,London Region,HE Qualification,20-30%,35-55,0,60,0,Pass,16,1,0,0,0,0,0,0,1,1,0,0,0,0,0,10
DDD,2013B,321525,0,East Anglian Region,A Level or Equivalent,20-30%,0-35,2,60,0,Pass,1,0,0,1,1,1,0,0,0,1,0,1,1,1,0,2
DDD,2013B,321744,0,South East Region,Lower Than A Level,90-100%,0-35,0,60,0,Fail,8,0,0,1,1,1,1,0,1,1,1,0,0,1,0,3
DDD,2013B,323146,1,London Region,A Level or Equivalent,80-90%,0-35,3,240,0,Fail,7,0,1,0,0,1,0,1,1,0,0,1,0,0,0,3
DDD,2013B,324268,0,South Region,Lower Than A Level,0-10%,0-35,0,60,0,Withdrawn,11,0,0,1,1,1,1,0,0,0,0,0,0,1,1,6
DDD,2013B,324691,1,South East Region,A Level or Equivalent,40-50%,35-55,0,60,0,Pass,2,1,0,1,0,1,1,0,0,1,1,0,1,0,0,2
DDD,2013B,325565,0,North Western Region,Lower Than A Level,0-10%,0-35,2,120,0,Fail,14,0,0,0,1,1,0,1,0,0,0,0,1,1,0,5
DDD,2013B,327024,1,South Region,A Level or Equivalent,90-100%,35-55,2,120,0,Fail,6,1,0,0,0,0,0,0,1,1,1,0,0,1,1,9
DDD,2013B,327997,0,North Region,Lower Than A Level,50-60%,0-35,1,210,0,Withdrawn,3,0,0,1,1,1,1,1,0,0,0,1,0,1,1,8
DDD,2013B,329689,1,Scotland,Lower Than A Level,50-60%,35-55,0,120,0,Fail,7,0,0,0,0,1,1,1,0,1,1,1,0,1,1,3
DDD,2013B,329967,0,South Region,Lower Than A Level,0-10%,0-35,0,120,0,Fail,14,1,0,1,1,1,0,1,0,0,0,0,0,1,0,5
DDD,2013B,330067,0,South East Region,A Level or Equivalent,90-100%,0-35,2,60,0,Pass,4,0,0,0,0,1,0,0,0,1,1,0,0,1,1,8
DDD,2013B,331232,0,South Region,Lower Than A Level,90-100%,0-35,0,90,0,Pass,8,0,1,1,0,1,1,0,1,1,0,1,0,0,1,3
DDD,2013B,331351,0,Wales,A Level or Equivalent,20-Oct,0-35,0,90,0,Fail,15,1,1,0,1,1,0,0,1,0,0,1,1,0,0,10
DDD,2013B,333856,1,Scotland,A Level or Equivalent,40-50%,0-35,1,120,1,Pass,8,0,0,1,1,0,1,0,1,0,1,1,1,1,0,3
DDD,2013B,334294,1,East Anglian Region,A Level or Equivalent,70-80%,35-55,1,225,0,Withdrawn,6,1,0,0,0,1,1,0,0,0,1,0,0,0,1,9
DDD,2013B,335020,1,Wales,A Level or Equivalent,70-80%,35-55,0,60,0,Pass,15,1,0,0,1,0,0,0,1,0,0,0,0,1,1,10
DDD,2013B,335264,1,Scotland,A Level or Equivalent,30-40%,0-35,0,60,1,Withdrawn,9,0,0,0,0,0,1,0,1,1,0,0,0,1,1,4
DDD,2013B,335607,1,North Western Region,A Level or Equivalent,60-70%,35-55,0,180,0,Withdrawn,1,0,0,0,0,0,1,1,1,1,0,0,0,0,0,2
DDD,2013B,336112,0,West Midlands Region,A Level or Equivalent,20-30%,0-35,1,120,0,Fail,5,0,0,0,0,0,1,0,1,1,1,0,0,1,1,9
DDD,2013B,336684,0,South West Region,A Level or Equivalent,30-40%,0-35,0,60,0,Pass,11,1,0,1,1,0,0,0,0,1,1,1,0,1,0,6
DDD,2013B,336696,1,West Midlands Region,A Level or Equivalent,0-10%,0-35,0,60,0,Pass,6,0,0,0,1,1,1,0,0,1,0,1,0,0,1,9
DDD,2013B,337048,0,London Region,A Level or Equivalent,20-30%,0-35,2,130,0,Withdrawn,9,1,1,0,1,0,1,1,1,1,1,1,1,1,0,4
DDD,2013B,337414,1,East Anglian Region,A Level or Equivalent,70-80%,0-35,1,60,0,Withdrawn,13,1,1,1,1,1,0,0,0,1,1,1,1,1,0,5
DDD,2013B,338076,0,Scotland,HE Qualification,50-60%,0-35,0,90,0,Pass,12,0,0,1,1,0,1,0,0,1,1,0,0,0,0,7
DDD,2013B,338669,0,North Western Region,Lower Than A Level,70-80%,0-35,0,60,0,Withdrawn,16,1,1,0,0,0,0,0,1,0,1,0,1,1,1,10
DDD,2013B,339481,0,Yorkshire Region,A Level or Equivalent,30-40%,0-35,0,60,0,Fail,12,1,0,0,1,1,1,1,1,1,0,1,1,0,0,7
DDD,2013B,340399,1,East Midlands Region,Lower Than A Level,60-70%,0-35,2,120,0,Fail,6,1,0,1,1,0,1,1,0,0,0,1,0,1,0,9
DDD,2013B,342176,0,West Midlands Region,Lower Than A Level,60-70%,35-55,1,120,0,Withdrawn,16,0,1,1,0,1,0,1,0,1,0,0,0,0,1,10
DDD,2013B,343427,1,Wales,Lower Than A Level,0-10%,35-55,0,60,0,Withdrawn,3,1,1,0,0,1,1,0,1,1,0,1,0,1,0,8
DDD,2013B,344199,0,South Region,Lower Than A Level,60-70%,35-55,0,70,0,Withdrawn,15,1,0,0,0,1,0,0,1,0,1,0,0,0,1,10
DDD,2013B,344367,0,North Region,Lower Than A Level,30-40%,0-35,1,120,0,Fail,14,1,1,0,1,1,0,1,0,0,0,0,0,0,0,5
DDD,2013B,344474,0,South West Region,A Level or Equivalent,50-60%,0-35,0,75,0,Withdrawn,3,1,1,0,1,1,1,1,0,1,0,1,0,1,0,8
DDD,2013B,344873,1,South West Region,A Level or Equivalent,60-70%,0-35,0,60,0,Pass,1,1,0,1,0,1,0,1,0,0,0,1,1,1,1,2
DDD,2013B,345257,0,West Midlands Region,A Level or Equivalent,50-60%,0-35,1,60,0,Fail,10,1,1,1,0,0,0,0,1,1,0,1,0,0,0,1
DDD,2013B,345313,0,South Region,A Level or Equivalent,80-90%,0-35,0,90,0,Fail,3,0,0,0,1,0,1,0,1,1,1,0,1,0,1,8
DDD,2013B,345568,1,South East Region,A Level or Equivalent,20-Oct,0-35,0,60,0,Fail,6,1,1,0,1,1,0,1,1,0,0,1,0,1,0,9
DDD,2013B,347210,0,North Region,HE Qualification,,55<=,0,90,0,Withdrawn,9,0,1,0,1,1,0,0,0,0,0,0,1,1,1,4
DDD,2013B,348790,0,East Midlands Region,HE Qualification,60-70%,0-35,0,60,0,Withdrawn,3,1,0,0,1,0,0,0,0,0,0,1,1,0,1,8
DDD,2013B,349145,1,Scotland,Lower Than A Level,80-90%,35-55,1,120,0,Withdrawn,12,1,0,0,0,1,1,1,1,1,1,1,1,0,0,7
DDD,2013B,350398,1,East Anglian Region,HE Qualification,60-70%,35-55,1,60,0,Withdrawn,14,1,0,0,0,0,0,0,1,0,0,0,0,0,1,5
DDD,2013B,350690,1,South East Region,Lower Than A Level,20-30%,0-35,1,150,0,Withdrawn,1,0,1,1,1,1,1,1,0,0,1,1,0,0,0,2
DDD,2013B,351512,0,South West Region,HE Qualification,60-70%,0-35,0,60,0,Fail,16,1,1,0,1,0,1,0,0,0,1,0,0,1,0,10
DDD,2013B,351775,1,Scotland,HE Qualification,40-50%,35-55,0,70,0,Pass,8,0,0,1,0,0,1,0,1,0,1,1,1,0,0,3
DDD,2013B,354050,0,South West Region,A Level or Equivalent,70-80%,0-35,1,150,0,Fail,14,1,1,1,1,1,0,0,0,1,1,0,1,0,0,5
DDD,2013B,356257,1,Yorkshire Region,A Level or Equivalent,40-50%,0-35,0,210,0,Withdrawn,6,0,1,1,1,0,0,0,0,1,0,0,0,0,1,9
DDD,2013B,357576,0,London Region,Lower Than A Level,80-90%,35-55,0,80,0,Fail,10,0,0,1,1,1,1,1,0,1,0,0,1,1,1,1
DDD,2013B,357595,0,South Region,A Level or Equivalent,90-100%,0-35,0,180,0,Withdrawn,8,1,0,0,0,1,1,1,1,1,0,0,0,1,1,3
DDD,2013B,358075,1,South West Region,A Level or Equivalent,80-90%,0-35,0,60,0,Pass,9,1,1,1,1,1,1,1,0,1,0,0,1,0,0,4
DDD,2013B,358522,0,London Region,A Level or Equivalent,40-50%,0-35,0,60,0,Pass,13,0,0,1,0,0,1,1,1,1,0,1,0,1,0,5
DDD,2013B,360492,0,South West Region,Lower Than A Level,80-90%,0-35,0,60,0,Distinction,2,0,1,0,1,1,0,1,0,1,0,1,1,0,1,2
DDD,2013B,360938,1,South Region,Lower Than A Level,20-Oct,35-55,0,60,0,Fail,14,1,0,1,0,0,0,0,0,1,0,1,1,1,1,5
DDD,2013B,361209,0,Yorkshire Region,A Level or Equivalent,0-10%,0-35,1,180,0,Pass,16,0,1,1,0,0,0,0,0,0,0,1,0,1,0,10
DDD,2013B,361282,0,Wales,Lower Than A Level,20-Oct,0-35,0,60,0,Withdrawn,10,0,0,1,0,0,1,1,0,1,1,0,1,1,1,1
DDD,2013B,362037,1,Ireland,HE Qualification,90-100%,0-35,0,60,0,Pass,4,1,1,1,1,0,1,0,1,0,1,1,1,0,1,8
DDD,2013B,362374,1,East Anglian Region,HE Qualification,80-90%,0-35,1,150,0,Pass,16,0,0,0,1,0,0,1,0,0,0,1,1,1,1,10
DDD,2013B,364021,1,South East Region,Lower Than A Level,20-30%,35-55,1,210,0,Fail,15,1,1,1,1,1,0,1,1,0,0,0,0,1,1,10
DDD,2013B,364405,0,London Region,HE Qualification,50-60%,35-55,0,60,0,Distinction,15,1,0,0,1,1,0,0,1,0,0,0,0,0,1,10
DDD,2013B,364440,1,East Midlands Region,Lower Than A Level,30-40%,35-55,1,240,1,Withdrawn,13,1,0,1,0,1,0,0,1,0,0,1,0,0,0,5
DDD,2013B,365782,0,London Region,A Level or Equivalent,60-70%,35-55,0,90,0,Distinction,7,1,1,1,0,1,0,0,0,1,1,0,1,0,1,3
DDD,2013B,366024,0,South East Region,Lower Than A Level,80-90%,0-35,0,90,0,Fail,5,0,1,1,1,0,0,0,0,0,1,1,0,0,1,9
DDD,2013B,366310,0,North Region,Lower Than A Level,20-30%,0-35,0,60,0,Pass,14,1,1,0,0,1,0,1,1,0,1,0,0,0,1,5
DDD,2013B,368741,1,South West Region,Lower Than A Level,50-60%,35-55,0,60,0,Fail,3,1,0,1,0,0,0,0,1,0,1,1,0,0,0,8
DDD,2013B,368749,1,Wales,HE Qualification,20-30%,0-35,1,60,0,Fail,11,0,1,0,0,0,0,0,0,0,1,0,1,1,0,6
DDD,2013B,369908,0,Scotland,HE Qualification,70-80%,35-55,0,60,0,Pass,1,0,1,0,0,1,1,1,1,1,1,0,0,1,0,2
DDD,2013B,370949,0,Yorkshire Region,Lower Than A Level,50-60%,0-35,0,60,0,Pass,5,0,1,1,0,0,0,1,1,0,1,0,1,0,1,9
DDD,2013B,371044,1,Yorkshire Region,HE Qualification,20-Oct,0-35,0,60,0,Pass,11,0,1,0,1,1,0,0,0,1,1,1,1,1,1,6
DDD,2013B,371184,1,Wales,Lower Than A Level,40-50%,0-35,0,60,0,Withdrawn,5,0,1,1,1,1,1,0,1,0,0,0,0,1,1,9
DDD,2013B,371831,1,London Region,HE Qualification,20-Oct,35-55,1,120,0,Pass,9,1,0,0,0,1,1,1,0,1,0,1,0,0,0,4
DDD,2013B,373126,0,North Region,Lower Than A Level,20-Oct,0-35,0,60,0,Fail,14,1,0,1,1,0,1,1,0,1,1,0,1,1,0,5
DDD,2013B,373369,0,Wales,A Level or Equivalent,20-Oct,0-35,0,60,0,Distinction,9,1,0,1,0,1,1,1,1,0,1,1,0,0,0,4
DDD,2013B,375300,1,North Region,HE Qualification,0-10%,0-35,0,60,0,Distinction,8,0,0,1,0,1,0,0,1,1,1,0,0,1,1,3
DDD,2013B,378953,0,North Western Region,Lower Than A Level,0-10%,0-35,0,120,0,Fail,8,0,0,0,1,0,0,0,1,1,1,0,0,0,1,3
DDD,2013B,379199,0,South East Region,Lower Than A Level,80-90%,0-35,0,90,0,Fail,3,1,1,0,1,1,1,1,0,1,0,1,0,0,0,8
DDD,2013B,379861,1,London Region,HE Qualification,40-50%,0-35,0,60,0,Distinction,6,0,1,1,0,0,1,1,0,1,1,1,1,1,1,9
DDD,2013B,380341,1,Scotland,HE Qualification,30-40%,0-35,0,120,0,Pass,4,0,0,0,0,0,1,1,0,0,0,0,1,1,0,8
DDD,2013B,380919,0,London Region,A Level or Equivalent,40-50%,0-35,0,60,0,Pass,13,1,0,1,0,0,1,1,0,1,0,0,1,1,1,5
DDD,2013B,381646,0,North Western Region,Lower Than A Level,20-30%,35-55,2,120,0,Pass,15,1,1,1,0,0,0,1,1,0,0,1,1,1,0,10
DDD,2013B,382339,0,West Midlands Region,Lower Than A Level,20-30%,35-55,1,120,1,Fail,10,0,0,1,0,1,1,0,0,0,1,1,1,1,0,1
DDD,2013B,382408,0,East Anglian Region,Lower Than A Level,80-90%,0-35,0,60,0,Withdrawn,9,1,1,0,0,0,0,1,0,0,0,0,1,1,1,4
DDD,2013B,382497,0,South East Region,HE Qualification,60-70%,0-35,0,155,0,Pass,16,0,0,0,1,0,0,0,1,1,0,1,1,1,1,10
DDD,2013B,382641,1,Yorkshire Region,A Level or Equivalent,50-60%,35-55,0,60,0,Pass,13,0,0,0,0,1,1,0,1,1,1,1,1,0,0,5
DDD,2013B,382947,1,Ireland,HE Qualification,60-70%,0-35,0,60,0,Fail,3,0,0,0,1,0,1,0,1,0,0,1,0,1,1,8
DDD,2013B,383347,0,North Region,Post Graduate Qualification,,55<=,0,60,0,Pass,1,0,0,1,0,1,0,1,0,1,0,0,1,1,1,2
DDD,2013B,383643,1,London Region,A Level or Equivalent,20-30%,35-55,0,60,0,Fail,1,0,1,1,1,1,0,0,1,0,0,1,0,1,0,2
DDD,2013B,383701,1,London Region,Lower Than A Level,0-10%,0-35,1,120,0,Fail,6,0,1,1,0,0,0,1,1,1,0,1,1,0,1,9
DDD,2013B,384026,1,Yorkshire Region,A Level or Equivalent,30-40%,0-35,1,120,0,Fail,5,0,1,0,1,1,0,0,0,0,1,1,1,1,1,9
DDD,2013B,384246,1,London Region,A Level or Equivalent,30-40%,0-35,0,60,1,Pass,15,1,0,1,0,0,0,1,0,1,0,0,1,0,1,10
DDD,2013B,386833,0,London Region,HE Qualification,20-Oct,35-55,0,60,0,Fail,14,1,1,1,0,0,0,1,1,0,0,1,0,1,0,5
DDD,2013B,386880,0,North Western Region,HE Qualification,50-60%,0-35,0,60,0,Pass,2,1,0,0,1,0,0,1,1,0,1,1,1,0,1,2
DDD,2013B,387289,0,East Anglian Region,Lower Than A Level,30-40%,0-35,0,60,0,Withdrawn,1,1,1,0,0,0,1,0,0,0,0,1,1,1,0,2
DDD,2013B,387335,1,East Anglian Region,A Level or Equivalent,90-100%,0-35,0,60,1,Withdrawn,6,1,0,1,1,0,1,1,0,0,0,0,0,0,1,9
DDD,2013B,387652,0,North Region,A Level or Equivalent,80-90%,0-35,0,60,0,Withdrawn,4,1,1,0,1,1,0,1,0,1,0,1,0,1,1,8
DDD,2013B,389076,0,South West Region,No Formal quals,20-30%,0-35,2,60,0,Withdrawn,10,0,1,0,0,0,1,1,1,0,0,0,0,1,0,1
DDD,2013B,389362,1,South West Region,Lower Than A Level,60-70%,35-55,0,60,0,Withdrawn,11,1,1,0,0,0,0,1,1,1,0,0,0,0,1,6
DDD,2013B,390210,1,North Region,Lower Than A Level,20-30%,0-35,0,60,0,Fail,8,1,1,0,1,1,0,1,1,0,0,1,1,1,0,3
DDD,2013B,390233,0,South Region,Lower Than A Level,50-60%,0-35,0,60,1,Pass,15,0,0,0,1,0,1,1,1,0,1,0,1,0,0,10
DDD,2013B,390942,0,South Region,A Level or Equivalent,90-100%,0-35,1,60,0,Fail,4,1,1,0,0,0,1,0,1,0,0,1,1,0,0,8
DDD,2013B,391185,0,London Region,HE Qualification,0-10%,0-35,0,120,0,Pass,4,0,0,0,0,0,0,0,1,1,0,0,0,1,0,8
DDD,2013B,391638,1,South West Region,A Level or Equivalent,40-50%,0-35,0,60,0,Withdrawn,9,1,1,1,1,1,0,1,0,0,1,1,1,1,0,4
DDD,2013B,392021,1,North Region,A Level or Equivalent,0-10%,35-55,0,60,0,Withdrawn,12,1,1,0,1,1,1,0,1,1,0,0,1,0,0,7
DDD,2013B,393150,0,North Region,A Level or Equivalent,20-Oct,0-35,1,60,0,Fail,7,1,1,1,0,1,0,1,0,0,1,0,0,1,1,3
DDD,2013B,394028,0,Wales,A Level or Equivalent,80-90%,0-35,1,120,0,Fail,6,1,0,1,1,1,1,1,0,1,1,1,0,1,1,9
DDD,2013B,394082,0,East Midlands Region,Lower Than A Level,40-50%,0-35,1,120,0,Withdrawn,14,1,1,1,1,0,0,1,0,0,0,0,1,1,1,5
DDD,2013B,394979,0,North Western Region,HE Qualification,70-80%,0-35,0,60,0,Pass,11,0,0,1,1,1,1,1,1,0,0,0,1,0,0,6
DDD,2013B,395288,1,East Anglian Region,Lower Than A Level,20-Oct,0-35,0,60,0,Withdrawn,14,0,0,0,1,1,1,1,0,1,0,1,1,1,0,5
DDD,2013B,395757,0,South West Region,HE Qualification,50-60%,35-55,0,130,0,Pass,15,0,1,0,1,0,1,0,0,1,0,1,0,0,0,10
DDD,2013B,396633,1,South East Region,A Level or Equivalent,90-100%,0-35,0,60,0,Fail,4,1,1,0,0,0,0,0,1,0,1,1,1,0,0,8
DDD,2013B,397405,0,West Midlands Region,HE Qualification,20-30%,0-35,0,60,0,Pass,13,0,1,0,0,0,0,0,0,0,1,1,1,1,0,5
DDD,2013B,398199,0,North Western Region,HE Qualification,60-70%,0-35,0,60,0,Fail,5,1,0,1,1,0,0,1,0,0,0,1,1,0,1,9
DDD,2013B,399450,1,South East Region,A Level or Equivalent,70-80%,0-35,0,60,0,Fail,16,1,0,0,0,1,0,0,1,1,1,1,0,1,0,10
DDD,2013B,400451,0,Yorkshire Region,A Level or Equivalent,20-Oct,35-55,0,60,0,Fail,1,0,1,1,1,0,1,1,0,1,1,0,0,0,0,2
DDD,2013B,400611,1,South West Region,A Level or Equivalent,20-30%,0-35,0,90,0,Withdrawn,8,1,1,0,1,0,0,0,1,0,1,0,1,0,0,3
DDD,2013B,400630,0,London Region,Lower Than A Level,50-60%,0-35,1,120,0,Fail,12,0,1,1,1,0,1,0,1,1,0,0,1,1,1,7
DDD,2013B,400759,1,East Midlands Region,A Level or Equivalent,20-30%,35-55,0,60,1,Pass,10,0,1,1,1,0,0,0,1,1,0,0,1,1,0,1
DDD,2013B,401486,0,London Region,A Level or Equivalent,20-30%,0-35,0,70,0,Distinction,16,0,0,1,0,0,1,1,0,1,0,0,0,1,0,10
DDD,2013B,402489,1,Wales,Lower Than A Level,90-100%,0-35,0,180,0,Withdrawn,6,0,1,0,0,0,1,1,0,1,1,0,1,0,0,9
DDD,2013B,403085,0,East Midlands Region,Lower Than A Level,90-100%,35-55,0,60,0,Pass,13,1,0,1,1,0,1,1,0,0,1,0,1,0,0,5
DDD,2013B,403902,1,South West Region,Lower Than A Level,50-60%,0-35,0,60,0,Fail,10,0,0,1,1,1,0,1,1,1,1,1,1,0,1,1
DDD,2013B,404852,0,North Region,Lower Than A Level,,0-35,1,130,0,Withdrawn,6,1,0,0,0,1,0,1,1,1,0,0,1,1,0,9
DDD,2013B,405426,0,Scotland,A Level or Equivalent,40-50%,0-35,0,60,0,Fail,2,1,0,0,0,0,0,0,1,0,1,1,1,0,0,2
DDD,2013B,405743,0,South Region,HE Qualification,40-50%,0-35,1,120,0,Withdrawn,2,1,1,1,0,1,0,1,1,0,1,0,1,0,0,2
DDD,2013B,405784,1,Wales,HE Qualification,20-30%,0-35,0,120,0,Withdrawn,14,1,0,0,1,1,0,1,0,0,1,0,0,0,0,5
DDD,2013B,406056,1,South Region,A Level or Equivalent,50-60%,0-35,0,60,0,Pass,10,0,0,1,1,0,0,1,0,1,0,1,0,0,0,1
DDD,2013B,406498,1,West Midlands Region,A Level or Equivalent,0-10%,0-35,1,120,0,Withdrawn,10,1,1,0,1,1,0,0,0,0,1,1,0,1,0,1
DDD,2013B,406541,1,East Anglian Region,A Level or Equivalent,40-50%,0-35,2,250,0,Pass,16,1,1,1,1,0,1,1,0,1,1,0,0,1,1,10
DDD,2013B,407595,1,South East Region,A Level or Equivalent,20-Oct,0-35,2,60,0,Fail,10,1,1,0,0,0,1,0,0,0,1,0,1,0,1,1
DDD,2013B,407838,0,Ireland,A Level or Equivalent,,35-55,0,60,0,Fail,11,0,1,1,0,0,1,1,1,1,1,0,1,1,0,6
DDD,2013B,409091,1,East Midlands Region,A Level or Equivalent,70-80%,35-55,0,60,0,Pass,2,0,0,0,1,1,0,0,0,1,1,1,0,0,0,2
DDD,2013B,409109,1,London Region,Lower Than A Level,50-60%,0-35,2,150,0,Pass,1,0,0,0,0,1,1,0,1,0,0,1,0,1,1,2
DDD,2013B,409766,0,Yorkshire Region,Lower Than A Level,0-10%,0-35,3,210,0,Withdrawn,9,0,0,0,0,0,1,0,0,1,0,1,0,0,1,4
DDD,2013B,409880,1,South Region,A Level or Equivalent,20-30%,0-35,0,90,0,Withdrawn,14,1,1,1,1,0,1,1,1,0,0,0,0,0,1,5
DDD,2013B,410886,1,Scotland,A Level or Equivalent,90-100%,0-35,0,60,0,Pass,6,0,1,0,1,0,1,0,1,1,0,1,0,1,0,9
DDD,2013B,411001,0,Scotland,Lower Than A Level,80-90%,0-35,0,60,0,Withdrawn,4,1,0,1,1,0,1,0,1,1,0,0,1,1,1,8
DDD,2013B,412063,0,Wales,Lower Than A Level,70-80%,0-35,0,60,0,Fail,3,0,1,1,0,0,1,1,1,0,0,0,0,1,0,8
DDD,2013B,412431,1,North Region,A Level or Equivalent,0-10%,35-55,0,180,0,Withdrawn,8,0,1,1,1,0,1,0,1,1,0,1,1,1,0,3
DDD,2013B,412731,1,London Region,HE Qualification,50-60%,35-55,0,60,0,Fail,9,0,0,1,1,0,0,0,0,0,0,1,0,0,0,4
DDD,2013B,412754,1,East Anglian Region,Lower Than A Level,20-30%,0-35,2,60,0,Withdrawn,5,1,1,0,0,1,1,1,0,1,0,0,1,1,1,9
DDD,2013B,412772,0,East Midlands Region,HE Qualification,30-40%,0-35,1,150,0,Pass,11,1,0,0,1,0,0,1,1,1,0,1,0,1,1,6
DDD,2013B,413580,1,East Midlands Region,HE Qualification,20-Oct,0-35,0,60,0,Withdrawn,13,1,1,0,1,0,1,0,1,0,0,0,0,0,1,5
DDD,2013B,413934,1,West Midlands Region,A Level or Equivalent,70-80%,35-55,0,60,0,Fail,1,1,1,1,1,1,0,0,1,1,0,0,1,1,0,2
DDD,2013B,414304,1,South West Region,A Level or Equivalent,70-80%,35-55,0,80,0,Pass,14,1,1,0,1,0,1,0,0,0,1,1,1,0,1,5
DDD,2013B,414587,1,South West Region,HE Qualification,90-100%,0-35,1,60,0,Pass,3,1,1,0,1,0,0,0,1,0,0,0,1,1,0,8
DDD,2013B,414758,0,South Region,Lower Than A Level,90-100%,0-35,3,120,0,Pass,16,0,0,0,1,1,0,1,0,0,0,1,0,1,0,10
DDD,2013B,414803,1,South West Region,A Level or Equivalent,70-80%,0-35,1,120,0,Fail,13,1,1,0,0,0,0,1,1,0,1,0,0,1,0,5
DDD,2013B,415695,1,South Region,A Level or Equivalent,70-80%,0-35,0,60,0,Fail,2,1,0,1,1,0,0,0,0,1,0,0,1,1,1,2
DDD,2013B,415812,0,Scotland,Lower Than A Level,90-100%,0-35,0,60,0,Withdrawn,12,1,1,1,0,1,1,0,1,0,0,0,0,1,0,7
DDD,2013B,416000,1,London Region,Lower Than A Level,80-90%,0-35,1,210,0,Withdrawn,15,1,1,0,0,0,1,1,0,0,0,1,0,0,0,10
DDD,2013B,416008,0,Scotland,Lower Than A Level,0-10%,0-35,0,60,0,Fail,7,1,0,0,1,1,1,0,0,0,1,0,0,0,0,3
DDD,2013B,417242,1,London Region,Lower Than A Level,60-70%,35-55,0,60,0,Pass,13,0,1,1,1,1,0,0,1,1,0,0,1,0,0,5
DDD,2013B,417410,1,North Western Region,A Level or Equivalent,0-10%,0-35,1,120,0,Fail,2,0,1,1,1,0,0,0,0,1,0,0,1,0,0,2
DDD,2013B,417974,0,North Western Region,A Level or Equivalent,90-100%,0-35,2,120,0,Withdrawn,7,1,0,0,1,0,0,0,0,0,1,0,1,0,1,3
DDD,2013B,418122,0,West Midlands Region,A Level or Equivalent,30-40%,35-55,0,60,0,Pass,9,1,1,1,1,0,0,1,1,0,0,1,0,1,1,4
DDD,2013B,418490,0,South Region,A Level or Equivalent,70-80%,35-55,0,60,0,Pass,8,1,1,1,0,1,1,1,0,0,0,0,0,0,1,3
DDD,2013B,418956,0,South Region,Lower Than A Level,60-70%,0-35,0,120,0,Pass,3,0,1,0,1,1,0,1,0,1,0,1,1,1,0,8
DDD,2013B,419273,1,Scotland,Lower Than A Level,70-80%,0-35,0,60,0,Fail,8,0,0,0,0,0,1,1,1,1,1,1,0,0,0,3
DDD,2013B,420388,1,South West Region,Lower Than A Level,60-70%,35-55,0,60,1,Pass,2,0,1,0,1,1,0,0,0,0,0,0,0,1,0,2
DDD,2013B,421221,1,South West Region,A Level or Equivalent,70-80%,0-35,0,130,0,Withdrawn,14,1,0,0,0,0,1,1,1,0,0,1,0,1,0,5
DDD,2013B,422164,0,Scotland,A Level or Equivalent,90-100%,0-35,0,90,0,Fail,8,1,0,0,1,0,0,1,1,1,1,1,0,1,1,3
DDD,2013B,422768,1,East Midlands Region,A Level or Equivalent,60-70%,0-35,0,60,0,Pass,8,0,0,0,0,0,0,0,0,0,0,0,1,1,1,3
DDD,2013B,423061,0,Wales,HE Qualification,40-50%,35-55,2,120,0,Fail,8,1,1,1,1,0,0,0,1,0,1,1,1,1,1,3
DDD,2013B,423386,1,South East Region,Lower Than A Level,60-70%,35-55,0,60,0,Withdrawn,5,1,0,1,1,1,0,0,0,1,0,1,0,0,0,9
DDD,2013B,423474,1,East Anglian Region,HE Qualification,30-40%,35-55,0,120,0,Withdrawn,7,1,0,1,0,1,0,1,0,1,1,1,1,0,0,3
DDD,2013B,423757,0,South West Region,A Level or Equivalent,90-100%,0-35,0,60,0,Fail,16,1,1,1,0,1,1,0,0,0,0,0,1,0,0,10
DDD,2013B,423876,0,East Midlands Region,Post Graduate Qualification,60-70%,35-55,0,60,0,Withdrawn,14,0,1,1,1,0,0,1,1,0,1,0,1,0,0,5
DDD,2013B,424987,0,Wales,A Level or Equivalent,0-10%,0-35,0,120,0,Pass,6,0,0,0,0,1,0,0,0,1,1,1,1,1,0,9
DDD,2013B,425136,0,Wales,Lower Than A Level,20-30%,0-35,0,60,0,Fail,11,0,0,0,1,0,0,1,1,0,0,1,0,0,1,6
DDD,2013B,426059,0,North Region,A Level or Equivalent,,0-35,0,60,0,Withdrawn,5,1,0,1,0,0,1,1,0,1,0,0,0,1,0,9
DDD,2013B,426094,0,London Region,A Level or Equivalent,40-50%,0-35,1,240,0,Withdrawn,1,0,1,1,1,0,0,1,0,0,0,0,1,1,1,2
DDD,2013B,426137,0,South West Region,A Level or Equivalent,40-50%,0-35,1,60,0,Withdrawn,7,1,0,1,0,1,0,0,1,1,1,1,1,0,1,3
DDD,2013B,426701,1,London Region,A Level or Equivalent,50-60%,0-35,0,240,0,Withdrawn,13,0,0,1,0,1,1,0,1,1,1,1,0,0,0,5
DDD,2013B,426871,0,South East Region,Lower Than A Level,80-90%,0-35,1,60,0,Pass,9,1,1,1,0,0,0,1,0,0,0,1,1,1,1,4
DDD,2013B,428411,1,East Anglian Region,HE Qualification,20-30%,35-55,0,150,0,Withdrawn,13,0,0,0,0,1,1,1,0,0,0,0,0,0,1,5
DDD,2013B,429833,1,East Anglian Region,Lower Than A Level,60-70%,0-35,0,60,0,Fail,14,0,1,0,1,1,0,1,0,1,0,1,0,0,0,5
DDD,2013B,430055,1,London Region,A Level or Equivalent,20-Oct,0-35,0,120,1,Withdrawn,15,0,0,1,1,1,1,1,0,0,1,1,0,0,0,10
DDD,2013B,430279,1,North Western Region,A Level or Equivalent,60-70%,35-55,0,60,0,Withdrawn,7,1,0,1,1,0,1,1,0,1,0,0,1,0,0,3
DDD,2013B,430516,0,East Midlands Region,Lower Than A Level,20-Oct,0-35,1,180,0,Withdrawn,10,1,1,1,0,1,0,0,1,0,0,1,0,0,1,1
DDD,2013B,431005,0,London Region,A Level or Equivalent,20-30%,0-35,1,150,0,Withdrawn,4,0,1,1,1,0,1,1,1,1,1,1,1,0,0,8
DDD,2013B,432204,1,Yorkshire Region,A Level or Equivalent,20-Oct,0-35,0,60,0,Withdrawn,11,1,1,1,0,0,1,1,1,0,0,0,1,0,0,6
DDD,2013B,433151,1,West Midlands Region,A Level or Equivalent,0-10%,0-35,1,120,1,Pass,15,1,1,1,1,1,1,0,0,0,0,0,0,1,0,10
DDD,2013B,433386,1,East Midlands Region,A Level or Equivalent,30-40%,0-35,0,60,0,Pass,3,0,1,0,0,0,1,1,0,0,0,1,0,0,0,8
DDD,2013B,434767,0,East Anglian Region,Lower Than A Level,80-90%,0-35,0,60,0,Withdrawn,11,0,1,1,1,0,0,1,0,1,1,1,0,0,0,6
DDD,2013B,434977,1,East Anglian Region,A Level or Equivalent,60-70%,0-35,1,60,0,Pass,12,1,0,0,0,0,1,0,0,1,1,1,1,1,0,7
DDD,2013B,435101,0,East Anglian Region,Lower Than A Level,40-50%,0-35,1,240,0,Fail,9,0,1,0,1,1,1,1,1,0,1,0,1,0,0,4
DDD,2013B,435423,0,South West Region,A Level or Equivalent,60-70%,35-55,1,130,0,Pass,16,0,1,1,0,0,1,1,0,0,1,1,1,1,1,10
DDD,2013B,435780,1,Scotland,Lower Than A Level,50-60%,0-35,1,180,0,Withdrawn,15,1,1,1,0,1,0,0,0,0,0,0,1,0,0,10
DDD,2013B,436554,0,South East Region,Lower Than A Level,50-60%,0-35,1,120,0,Withdrawn,8,0,1,1,0,1,0,0,0,1,1,1,1,1,1,3
DDD,2013B,437281,0,South Region,A Level or Equivalent,70-80%,0-35,0,80,0,Pass,12,0,0,1,0,0,0,1,1,1,0,0,1,0,1,7
DDD,2013B,437747,1,North Western Region,A Level or Equivalent,50-60%,0-35,0,105,0,Withdrawn,10,1,0,1,1,1,0,1,1,1,0,0,0,1,0,1
DDD,2013B,438244,0,South East Region,HE Qualification,20-Oct,0-35,0,60,0,Fail,12,0,1,1,0,0,0,0,1,0,0,1,1,1,1,7
DDD,2013B,438662,0,Ireland,Lower Than A Level,30-40%,0-35,1,60,0,Fail,14,1,0,1,1,0,0,0,0,1,1,0,1,1,1,5
DDD,2013B,439013,0,North Western Region,Lower Than A Level,20-30%,0-35,0,60,0,Fail,4,0,0,0,1,0,0,0,0,1,1,1,1,0,0,8
DDD,2013B,439542,1,Scotland,A Level or Equivalent,50-60%,0-35,0,120,0,Fail,1,0,1,0,0,0,1,1,1,0,0,1,0,0,1,2
DDD,2013B,440375,0,South Region,A Level or Equivalent,20-Oct,0-35,0,60,0,Fail,10,0,1,1,0,1,1,1,0,1,1,0,1,0,0,1
DDD,2013B,440499,0,London Region,HE Qualification,30-40%,55<=,0,60,0,Pass,16,1,0,1,0,1,1,0,0,1,1,1,1,1,1,10
DDD,2013B,440857,1,West Midlands Region,Lower Than A Level,20-Oct,0-35,1,120,0,Withdrawn,7,0,1,1,1,0,0,0,0,1,1,1,1,0,0,3
DDD,2013B,441113,0,South Region,Lower Than A Level,90-100%,0-35,0,75,0,Pass,16,0,1,1,1,1,0,0,0,1,1,0,0,1,0,10
DDD,2013B,441132,0,Scotland,HE Qualification,60-70%,0-35,0,60,0,Pass,10,1,0,1,1,0,1,1,0,1,1,0,1,1,1,1
DDD,2013B,441201,0,South West Region,Lower Than A Level,70-80%,35-55,0,60,0,Pass,15,0,0,1,0,1,1,1,1,0,0,0,1,0,0,10
DDD,2013B,441302,0,Yorkshire Region,Lower Than A Level,50-60%,0-35,0,60,0,Pass,3,1,0,0,0,0,0,0,1,1,0,0,1,0,0,8
DDD,2013B,441389,1,South West Region,A Level or Equivalent,80-90%,0-35,0,60,0,Pass,6,0,0,0,1,1,0,1,1,0,1,1,1,1,0,9
DDD,2013B,442131,0,South East Region,Lower Than A Level,70-80%,0-35,0,60,0,Fail,12,0,0,0,0,0,1,0,1,0,0,1,0,1,0,7
DDD,2013B,442545,1,Wales,HE Qualification,60-70%,35-55,0,60,0,Pass,10,0,0,1,0,1,1,0,1,0,0,0,1,0,1,1
DDD,2013B,442865,1,South West Region,Lower Than A Level,60-70%,0-35,0,60,0,Fail,16,1,1,1,1,0,1,1,1,1,0,0,1,1,1,10
DDD,2013B,442886,0,East Anglian Region,Lower Than A Level,30-40%,35-55,0,60,0,Pass,4,1,1,0,1,0,1,1,0,1,1,0,1,1,0,8
DDD,2013B,443055,1,West Midlands Region,Lower Than A Level,0-10%,0-35,2,180,0,Fail,12,1,0,0,1,0,0,1,1,1,1,1,0,0,0,7
DDD,2013B,443215,1,Wales,Lower Than A Level,80-90%,0-35,0,60,0,Pass,16,1,1,0,1,0,0,1,1,0,0,1,0,0,0,10
DDD,2013B,443297,0,South Region,A Level or Equivalent,50-60%,0-35,0,60,0,Pass,3,0,0,0,1,1,0,1,0,1,0,1,0,0,1,8
DDD,2013B,443500,0,South East Region,HE Qualification,20-30%,0-35,1,120,0,Withdrawn,12,1,0,0,0,1,1,1,0,0,1,0,0,1,0,7
DDD,2013B,443842,0,North Region,Lower Than A Level,,0-35,0,60,0,Fail,16,1,0,1,1,0,1,1,1,1,1,0,1,0,1,10
DDD,2013B,444576,1,East Anglian Region,A Level or Equivalent,30-40%,0-35,0,60,0,Fail,3,1,1,1,1,1,1,1,0,0,0,1,0,0,0,8
DDD,2013B,444713,1,North Western Region,A Level or Equivalent,0-10%,0-35,0,90,1,Withdrawn,12,1,0,0,1,1,0,0,0,0,1,0,0,1,1,7
DDD,2013B,445134,0,Scotland,A Level or Equivalent,30-40%,0-35,2,120,0,Fail,12,0,0,0,1,1,1,1,0,1,1,0,0,0,1,7
DDD,2013B,445573,1,South Region,A Level or Equivalent,50-60%,0-35,0,60,1,Fail,14,0,0,1,0,0,0,0,0,1,0,0,1,1,1,5
DDD,2013B,446814,0,East Anglian Region,A Level or Equivalent,80-90%,0-35,0,120,0,Pass,14,1,0,0,0,0,1,0,1,1,0,1,1,1,0,5
DDD,2013B,446836,0,South East Region,A Level or Equivalent,20-Oct,0-35,0,60,1,Fail,1,0,1,1,1,1,1,1,0,0,1,1,1,0,0,2
DDD,2013B,447242,0,London Region,HE Qualification,20-30%,0-35,1,120,0,Pass,1,0,0,0,0,0,0,1,0,0,1,0,1,1,1,2
DDD,2013B,464236,0,London Region,HE Qualification,90-100%,55<=,0,60,0,Pass,11,1,1,1,1,1,0,0,1,1,0,1,1,0,1,6
DDD,2013B,464596,0,East Anglian Region,Lower Than A Level,70-80%,0-35,0,60,0,Withdrawn,6,0,1,1,0,1,1,0,0,1,0,0,0,1,1,9
DDD,2013B,464615,0,East Anglian Region,Lower Than A Level,30-40%,0-35,0,120,0,Withdrawn,13,0,0,1,0,1,0,0,0,1,1,0,1,0,1,5
DDD,2013B,465068,1,South Region,HE Qualification,60-70%,0-35,1,120,0,Withdrawn,13,1,0,1,1,0,1,0,0,0,0,1,1,0,0,5
DDD,2013B,465260,0,East Midlands Region,A Level or Equivalent,70-80%,35-55,0,120,0,Pass,2,1,1,1,0,1,0,1,1,1,0,1,1,0,0,2
DDD,2013B,465399,1,East Midlands Region,Lower Than A Level,50-60%,0-35,2,180,1,Withdrawn,14,1,1,0,1,0,1,0,1,1,1,1,1,1,0,5
DDD,2013B,465727,0,East Anglian Region,Lower Than A Level,70-80%,35-55,0,60,1,Pass,9,1,0,0,0,0,0,0,1,1,1,1,0,1,0,4
DDD,2013B,465764,1,East Midlands Region,Lower Than A Level,30-40%,35-55,0,60,1,Pass,9,1,1,0,0,0,0,1,0,0,0,1,1,0,0,4
DDD,2013B,465843,0,West Midlands Region,A Level or Equivalent,0-10%,0-35,1,60,0,Distinction,10,1,1,1,1,1,1,0,1,1,0,0,0,0,1,1
DDD,2013B,466158,1,South Region,Lower Than A Level,30-40%,0-35,0,90,1,Withdrawn,15,0,1,0,0,1,1,1,1,1,0,0,0,1,1,10
DDD,2013B,466216,0,East Anglian Region,HE Qualification,70-80%,35-55,0,90,0,Distinction,1,1,0,1,1,0,1,1,0,1,0,1,1,0,1,2
DDD,2013B,466990,1,Wales,Lower Than A Level,90-100%,0-35,0,60,0,Fail,11,1,1,0,0,0,0,1,1,0,0,0,1,1,1,6
DDD,2013B,467294,0,South East Region,A Level or Equivalent,40-50%,0-35,0,60,0,Pass,7,1,1,1,1,1,1,0,0,1,1,0,1,0,0,3
DDD,2013B,467413,1,East Anglian Region,Lower Than A Level,80-90%,0-35,1,210,0,Pass,1,1,1,0,1,0,0,1,0,0,0,1,1,0,1,2
DDD,2013B,467822,1,Wales,A Level or Equivalent,30-40%,0-35,0,190,0,Pass,10,1,1,0,0,1,1,0,0,1,0,0,0,1,0,1
DDD,2013B,468672,0,North Western Region,A Level or Equivalent,20-Oct,0-35,1,120,0,Withdrawn,15,1,0,0,1,0,1,1,0,1,0,1,0,0,0,10
DDD,2013B,468729,0,Scotland,A Level or Equivalent,60-70%,0-35,0,105,0,Withdrawn,12,1,1,1,1,0,1,0,1,0,1,0,1,1,0,7
DDD,2013B,468808,0,South Region,A Level or Equivalent,70-80%,35-55,1,90,0,Pass,6,1,0,1,1,1,0,0,0,0,1,0,0,1,1,9
DDD,2013B,469016,0,South East Region,A Level or Equivalent,30-40%,35-55,0,60,0,Pass,4,1,0,1,0,1,0,0,1,0,1,1,0,0,0,8
DDD,2013B,470119,0,West Midlands Region,Lower Than A Level,40-50%,0-35,0,60,0,Withdrawn,14,0,1,1,0,1,0,0,0,0,0,0,1,0,0,5
DDD,2013B,470637,0,Wales,Lower Than A Level,20-Oct,0-35,1,150,1,Withdrawn,3,1,0,1,1,0,0,1,1,1,0,0,1,1,1,8
DDD,2013B,470921,0,South Region,A Level or Equivalent,90-100%,35-55,0,60,0,Fail,12,1,1,1,0,0,0,1,1,0,0,1,0,1,1,7
DDD,2013B,471654,0,Ireland,Lower Than A Level,0-10%,0-35,0,120,0,Pass,4,1,1,0,0,1,0,1,0,1,0,0,1,1,0,8
DDD,2013B,471781,1,Scotland,A Level or Equivalent,60-70%,0-35,1,120,0,Withdrawn,12,0,0,0,1,0,0,1,0,1,1,1,1,0,0,7
DDD,2013B,472060,1,South East Region,Lower Than A Level,80-90%,35-55,1,60,0,Withdrawn,16,1,1,1,0,1,1,0,1,1,1,1,1,0,1,10
DDD,2013B,472180,0,South Region,Lower Than A Level,80-90%,0-35,0,60,0,Fail,9,0,1,1,1,1,0,0,1,1,1,1,1,1,1,4
DDD,2013B,472584,0,East Midlands Region,Lower Than A Level,60-70%,0-35,1,180,0,Pass,15,0,1,0,0,1,1,1,1,1,0,0,1,0,1,10
DDD,2013B,472949,1,London Region,HE Qualification,20-30%,35-55,1,120,0,Fail,2,0,0,1,1,0,1,1,1,1,0,1,0,0,0,2
DDD,2013B,473008,1,Ireland,Lower Than A Level,0-10%,0-35,0,120,0,Pass,8,1,0,1,0,0,1,0,0,1,0,0,0,1,1,3
DDD,2013B,473640,0,North Western Region,Lower Than A Level,0-10%,35-55,0,60,0,Withdrawn,7,0,0,1,0,1,0,0,1,1,0,1,0,1,0,3
DDD,2013B,473965,0,East Midlands Region,A Level or Equivalent,60-70%,35-55,0,60,0,Pass,4,1,0,0,0,0,1,1,1,1,0,1,1,0,0,8
DDD,2013B,474133,0,South West Region,Lower Than A Level,40-50%,35-55,1,240,1,Fail,2,1,1,0,0,1,1,1,0,0,0,0,0,0,0,2
DDD,2013B,474153,0,London Region,Lower Than A Level,0-10%,0-35,1,150,0,Withdrawn,1,0,0,0,1,0,1,0,0,1,0,0,0,0,1,2
DDD,2013B,474451,0,North Western Region,Lower Than A Level,0-10%,0-35,0,60,1,Fail,10,1,0,0,0,1,0,1,0,0,0,0,1,0,0,1
DDD,2013B,474464,0,South Region,Lower Than A Level,90-100%,35-55,0,60,0,Pass,16,0,0,0,1,0,0,0,1,1,0,1,0,0,1,10
DDD,2013B,474633,1,Yorkshire Region,Lower Than A Level,60-70%,0-35,1,120,0,Pass,11,0,0,1,1,1,0,0,0,0,0,1,0,0,1,6
DDD,2013B,474740,0,East Midlands Region,A Level or Equivalent,40-50%,0-35,1,150,0,Pass,3,0,1,1,1,1,0,1,1,1,0,0,1,0,1,8
DDD,2013B,474966,1,North Western Region,Lower Than A Level,40-50%,0-35,1,120,0,Withdrawn,14,0,1,0,0,0,1,0,1,0,1,0,0,0,1,5
DDD,2013B,475443,0,West Midlands Region,Lower Than A Level,20-Oct,0-35,0,180,0,Withdrawn,6,1,0,1,1,0,0,1,0,0,1,1,0,1,0,9
DDD,2013B,475480,0,North Western Region,A Level or Equivalent,0-10%,0-35,0,60,0,Withdrawn,2,1,0,0,0,0,1,1,1,1,0,0,0,1,1,2
DDD,2013B,475604,1,South West Region,A Level or Equivalent,20-30%,0-35,0,60,1,Withdrawn,16,0,1,1,0,1,0,1,1,1,1,0,1,1,1,10
DDD,2013B,475619,0,Scotland,HE Qualification,40-50%,35-55,0,60,0,Withdrawn,11,0,0,0,0,0,0,0,1,0,1,1,0,0,0,6
DDD,2013B,475883,0,South Region,HE Qualification,70-80%,0-35,1,120,0,Pass,16,1,1,1,1,1,1,0,0,1,1,0,0,1,0,10
DDD,2013B,475897,0,North Region,A Level or Equivalent,70-80%,35-55,0,120,0,Pass,2,0,0,1,0,1,1,0,1,0,1,0,0,1,0,2
DDD,2013B,476041,1,North Region,A Level or Equivalent,20-Oct,0-35,0,60,0,Pass,12,0,0,1,1,0,1,1,1,1,1,1,1,0,0,7
DDD,2013B,476093,1,West Midlands Region,Lower Than A Level,40-50%,0-35,1,120,0,Fail,2,0,1,1,1,0,0,1,1,0,1,1,0,1,1,2
DDD,2013B,476637,0,North Region,HE Qualification,80-90%,35-55,1,240,0,Distinction,3,0,1,0,1,1,0,1,1,0,1,1,1,0,0,8
DDD,2013B,476910,0,East Midlands Region,A Level or Equivalent,50-60%,0-35,0,60,0,Pass,7,0,1,0,1,1,1,0,1,0,0,0,0,1,0,3
DDD,2013B,476964,0,South Region,HE Qualification,70-80%,35-55,0,90,0,Distinction,11,1,0,1,0,0,1,1,1,0,0,0,0,0,1,6
DDD,2013B,477160,1,Ireland,HE Qualification,,35-55,1,120,0,Withdrawn,13,0,1,1,0,0,0,1,1,1,1,0,0,1,0,5
DDD,2013B,477451,0,South Region,A Level or Equivalent,90-100%,0-35,0,60,1,Pass,2,1,0,0,1,1,0,1,0,1,1,0,1,1,1,2
DDD,2013B,477517,0,South Region,Post Graduate Qualification,90-100%,35-55,0,70,0,Pass,16,0,0,0,0,1,1,1,0,0,1,0,1,0,0,10
DDD,2013B,478213,0,North Region,Post Graduate Qualification,,0-35,0,120,0,Pass,15,0,1,1,1,1,0,0,0,1,1,0,1,0,1,10
DDD,2013B,478346,0,South East Region,HE Qualification,20-30%,0-35,0,60,0,Distinction,10,0,1,0,0,0,0,0,0,0,0,1,1,0,1,1
DDD,2013B,478744,1,North Western Region,A Level or Equivalent,50-60%,0-35,1,180,0,Withdrawn,3,0,1,1,1,0,1,1,1,1,1,0,1,0,1,8
DDD,2013B,479347,0,East Anglian Region,Lower Than A Level,80-90%,0-35,0,70,1,Withdrawn,3,0,1,1,1,1,1,0,0,1,1,0,1,0,1,8
DDD,2013B,479607,0,Wales,A Level or Equivalent,20-30%,35-55,0,120,0,Withdrawn,4,0,0,0,1,0,0,1,0,0,1,0,1,1,0,8
DDD,2013B,480207,0,North Western Region,A Level or Equivalent,30-40%,0-35,1,120,1,Pass,9,1,0,0,0,0,1,0,1,0,1,1,0,0,0,4
DDD,2013B,480225,1,East Anglian Region,Lower Than A Level,20-Oct,0-35,1,120,0,Fail,7,1,1,1,0,1,0,0,1,1,1,0,1,1,1,3
DDD,2013B,480929,0,South West Region,HE Qualification,60-70%,0-35,0,60,0,Distinction,9,1,0,0,1,1,1,0,1,0,0,0,0,1,1,4
DDD,2013B,480972,0,Scotland,A Level or Equivalent,30-40%,35-55,0,70,0,Fail,5,0,0,0,0,1,0,1,1,1,1,0,1,0,0,9
DDD,2013B,481350,1,Yorkshire Region,A Level or Equivalent,20-Oct,0-35,0,60,0,Pass,14,0,0,0,0,1,1,1,1,0,1,0,0,1,1,5
DDD,2013B,481549,1,South Region,A Level or Equivalent,,0-35,0,120,0,Pass,9,1,0,0,1,1,1,0,1,0,1,1,1,1,0,4
DDD,2013B,482117,0,North Western Region,Lower Than A Level,20-30%,0-35,0,180,0,Fail,14,0,1,0,1,1,0,1,1,0,0,0,1,0,0,5
DDD,2013B,482856,1,Ireland,HE Qualification,,35-55,0,60,0,Pass,13,0,0,0,1,1,1,0,1,1,1,1,0,1,0,5
DDD,2013B,483275,0,South East Region,A Level or Equivalent,80-90%,0-35,0,90,0,Fail,16,1,1,0,0,0,0,0,1,0,1,1,1,1,0,10
DDD,2013B,483470,0,South East Region,HE Qualification,40-50%,0-35,0,120,0,Fail,6,1,0,0,1,0,1,0,1,0,0,0,0,1,1,9
DDD,2013B,483818,1,South Region,A Level or Equivalent,60-70%,0-35,1,120,0,Pass,3,0,0,1,0,0,0,1,0,1,1,1,1,1,1,8
DDD,2013B,483869,0,North Region,Lower Than A Level,20-Oct,0-35,0,180,1,Fail,14,1,0,0,1,1,1,1,0,1,0,1,0,0,0,5
DDD,2013B,484266,0,Scotland,Lower Than A Level,20-Oct,0-35,0,120,0,Withdrawn,3,1,1,0,1,1,0,0,0,1,1,0,1,1,1,8
DDD,2013B,484754,0,West Midlands Region,Lower Than A Level,0-10%,35-55,1,120,0,Withdrawn,4,0,1,1,0,1,0,1,0,0,1,1,0,0,0,8
DDD,2013B,484816,0,London Region,Lower Than A Level,30-40%,0-35,0,60,0,Fail,6,1,0,1,0,1,0,0,0,0,1,1,1,0,0,9
DDD,2013B,484999,0,South Region,Lower Than A Level,70-80%,0-35,0,120,0,Withdrawn,4,1,1,0,0,1,0,1,1,1,1,0,0,0,1,8
DDD,2013B,485464,0,East Midlands Region,A Level or Equivalent,20-Oct,0-35,1,180,0,Pass,7,1,0,1,1,1,1,1,1,0,1,1,0,0,0,3
DDD,2013B,485519,1,North Western Region,A Level or Equivalent,20-30%,0-35,0,120,0,Withdrawn,7,0,1,0,0,1,1,0,0,1,0,1,0,0,0,3
DDD,2013B,485532,0,East Anglian Region,A Level or Equivalent,50-60%,0-35,1,180,0,Fail,10,0,1,1,0,0,0,1,1,0,0,1,0,0,0,1
DDD,2013B,485766,0,Ireland,A Level or Equivalent,,0-35,0,60,0,Pass,6,1,1,1,0,0,1,1,0,0,0,0,0,0,1,9
DDD,2013B,485943,1,East Anglian Region,No Formal quals,20-Oct,0-35,0,60,0,Withdrawn,3,0,1,1,1,0,0,0,1,0,0,1,1,0,0,8
DDD,2013B,487247,0,Ireland,A Level or Equivalent,50-60%,0-35,1,210,0,Withdrawn,13,1,0,0,0,0,1,1,1,1,0,0,0,1,1,5
DDD,2013B,487267,1,Scotland,Lower Than A Level,0-10%,35-55,0,60,1,Withdrawn,4,0,0,0,0,1,0,0,1,1,0,1,0,1,1,8
DDD,2013B,487711,1,London Region,HE Qualification,0-10%,0-35,0,120,0,Distinction,4,0,0,0,0,1,1,0,1,1,1,0,1,1,0,8
DDD,2013B,488694,0,West Midlands Region,HE Qualification,0-10%,0-35,0,60,0,Withdrawn,1,0,0,0,0,1,0,0,0,0,1,0,0,1,0,2
DDD,2013B,489291,1,North Western Region,Lower Than A Level,50-60%,35-55,1,120,0,Fail,15,0,1,1,1,1,0,1,1,0,0,0,0,0,0,10
DDD,2013B,489313,0,South West Region,HE Qualification,20-30%,0-35,0,60,0,Withdrawn,8,0,0,0,1,1,1,1,1,1,1,1,0,0,0,3
DDD,2013B,491106,0,West Midlands Region,Lower Than A Level,30-40%,35-55,0,60,0,Pass,11,0,0,0,1,0,1,1,0,0,1,1,1,0,1,6
DDD,2013B,491108,1,South West Region,A Level or Equivalent,20-30%,0-35,0,60,0,Distinction,1,0,0,1,1,0,0,1,1,0,1,0,1,0,0,2
DDD,2013B,491693,0,South Region,A Level or Equivalent,60-70%,0-35,1,120,0,Fail,2,1,0,0,1,1,0,0,0,1,1,1,0,1,0,2
DDD,2013B,491757,0,North Western Region,Lower Than A Level,20-Oct,0-35,1,210,1,Withdrawn,8,0,0,1,0,0,0,0,0,0,1,0,0,0,0,3
DDD,2013B,491885,1,East Anglian Region,Lower Than A Level,80-90%,35-55,1,210,1,Withdrawn,12,1,1,1,1,1,1,0,0,1,1,0,1,1,1,7
DDD,2013B,491914,0,South Region,A Level or Equivalent,20-Oct,0-35,0,60,0,Pass,9,0,0,0,1,1,0,0,0,0,1,0,1,0,0,4
DDD,2013B,492177,0,East Midlands Region,HE Qualification,20-Oct,0-35,1,120,0,Fail,11,1,1,1,1,0,0,0,0,1,0,1,0,0,1,6
DDD,2013B,492371,1,South West Region,A Level or Equivalent,30-40%,0-35,0,60,1,Pass,7,0,1,1,0,0,1,0,0,0,0,0,1,0,0,3
DDD,2013B,492613,1,Yorkshire Region,A Level or Equivalent,70-80%,0-35,0,60,0,Pass,4,0,0,0,0,1,0,1,0,0,1,1,0,0,0,8
DDD,2013B,492993,0,East Anglian Region,A Level or Equivalent,60-70%,0-35,0,60,0,Fail,7,0,0,1,0,1,1,1,0,0,1,0,0,1,0,3
DDD,2013B,493365,0,North Western Region,A Level or Equivalent,0-10%,0-35,1,180,0,Withdrawn,6,0,1,0,0,0,0,1,1,0,1,0,1,1,1,9
DDD,2013B,493984,1,East Anglian Region,A Level or Equivalent,40-50%,0-35,0,60,0,Withdrawn,14,0,1,1,1,0,1,0,0,1,0,0,1,0,0,5
DDD,2013B,494341,1,North Western Region,A Level or Equivalent,20-Oct,0-35,0,60,0,Pass,11,1,0,1,1,1,1,0,1,0,0,1,1,1,0,6
DDD,2013B,494637,0,North Western Region,A Level or Equivalent,30-40%,0-35,0,80,0,Distinction,7,0,0,1,0,0,0,1,1,1,1,1,1,0,0,3
DDD,2013B,494806,0,Scotland,Lower Than A Level,90-100%,35-55,0,90,0,Fail,9,0,0,1,0,1,0,1,1,0,1,0,0,1,1,4
DDD,2013B,494919,1,Scotland,A Level or Equivalent,20-Oct,0-35,0,60,1,Pass,13,0,0,0,0,1,0,0,1,0,0,0,0,0,1,5
DDD,2013B,495115,1,East Midlands Region,Lower Than A Level,20-30%,0-35,0,90,1,Withdrawn,7,0,1,1,1,1,0,0,0,1,0,1,1,0,0,3
DDD,2013B,495298,1,South West Region,A Level or Equivalent,50-60%,0-35,0,60,0,Withdrawn,9,0,1,0,0,0,1,0,0,0,0,0,1,0,0,4
DDD,2013B,495734,0,London Region,A Level or Equivalent,60-70%,0-35,0,60,0,Pass,5,1,1,0,0,0,0,1,0,1,1,1,0,0,1,9
DDD,2013B,495786,0,Scotland,HE Qualification,0-10%,0-35,0,120,1,Fail,8,1,1,1,1,1,0,0,0,1,1,1,0,1,1,3
DDD,2013B,496217,0,South West Region,A Level or Equivalent,90-100%,0-35,0,60,0,Fail,16,1,1,0,0,0,1,0,0,0,0,1,0,1,1,10
DDD,2013B,496542,0,Wales,Lower Than A Level,50-60%,0-35,0,60,0,Withdrawn,13,0,1,1,0,0,1,0,0,1,1,1,0,1,0,5
DDD,2013B,496564,1,South East Region,A Level or Equivalent,40-50%,0-35,0,120,0,Distinction,5,0,1,0,0,0,0,0,0,0,1,1,1,1,1,9
DDD,2013B,496601,1,London Region,HE Qualification,70-80%,0-35,0,80,0,Pass,4,0,0,1,1,1,0,0,0,0,0,1,0,1,0,8
DDD,2013B,497405,0,London Region,HE Qualification,80-90%,55<=,0,120,0,Withdrawn,8,0,1,1,1,1,1,0,1,0,1,0,0,1,1,3
DDD,2013B,497475,0,North Western Region,Lower Than A Level,70-80%,35-55,0,60,0,Withdrawn,2,1,0,1,1,0,0,0,0,0,1,0,1,0,1,2
DDD,2013B,497584,1,North Western Region,A Level or Equivalent,30-40%,0-35,0,90,1,Withdrawn,10,1,0,0,1,1,0,0,1,0,0,1,1,0,1,1
DDD,2013B,497898,1,South West Region,A Level or Equivalent,30-40%,0-35,0,145,0,Withdrawn,3,0,1,0,1,0,1,1,1,1,0,1,0,1,1,8
DDD,2013B,498320,1,Scotland,A Level or Equivalent,80-90%,0-35,0,70,1,Pass,16,1,0,1,0,0,1,1,1,0,1,1,1,0,0,10
DDD,2013B,498363,1,East Anglian Region,Lower Than A Level,60-70%,0-35,1,120,1,Withdrawn,7,0,1,0,1,0,1,1,1,0,0,0,0,0,1,3
DDD,2013B,498432,1,South West Region,A Level or Equivalent,90-100%,0-35,0,150,0,Withdrawn,10,0,0,0,0,1,0,0,1,0,0,1,0,1,1,1
DDD,2013B,498527,0,Scotland,HE Qualification,60-70%,0-35,0,60,0,Pass,5,1,0,1,0,1,0,1,0,0,1,1,1,0,1,9
DDD,2013B,498835,1,South Region,A Level or Equivalent,90-100%,35-55,0,60,0,Pass,14,0,0,1,0,0,1,1,1,0,1,1,0,0,0,5
DDD,2013B,499056,0,West Midlands Region,A Level or Equivalent,20-30%,0-35,0,120,0,Pass,9,1,1,1,1,0,1,0,1,0,0,1,0,0,1,4
DDD,2013B,499246,1,South West Region,A Level or Equivalent,50-60%,0-35,0,180,1,Pass,11,0,1,1,1,1,0,0,1,0,0,1,0,1,0,6
DDD,2013B,499557,0,Scotland,A Level or Equivalent,90-100%,0-35,0,60,0,Pass,15,0,0,0,0,1,0,0,1,1,1,1,1,1,1,10
DDD,2013B,500006,0,Yorkshire Region,A Level or Equivalent,20-30%,0-35,1,210,1,Pass,8,0,1,1,1,0,1,0,1,1,1,0,1,1,1,3
DDD,2013B,500136,1,Ireland,A Level or Equivalent,0-10%,0-35,0,120,0,Pass,13,0,1,0,0,0,1,0,1,0,0,0,1,1,1,5
DDD,2013B,500459,1,South West Region,Lower Than A Level,40-50%,0-35,0,60,0,Pass,13,0,0,0,0,0,1,1,0,1,1,1,1,0,1,5
DDD,2013B,500522,1,East Anglian Region,A Level or Equivalent,60-70%,0-35,0,60,0,Withdrawn,11,1,1,1,1,0,1,1,1,0,1,0,0,1,1,6
DDD,2013B,500766,1,London Region,HE Qualification,20-Oct,0-35,0,60,0,Distinction,3,1,1,0,0,1,0,1,0,0,1,1,1,0,0,8
DDD,2013B,501158,0,Ireland,Lower Than A Level,,0-35,0,120,0,Pass,15,0,0,0,1,0,0,1,0,1,0,0,0,1,0,10
DDD,2013B,501960,1,South Region,A Level or Equivalent,30-40%,0-35,0,60,0,Pass,11,0,1,0,0,1,0,1,0,1,0,0,1,1,0,6
DDD,2013B,502136,1,North Region,A Level or Equivalent,,0-35,0,120,0,Distinction,5,1,0,1,1,1,0,1,0,0,0,1,1,1,1,9
DDD,2013B,502554,0,South Region,HE Qualification,90-100%,35-55,0,60,0,Distinction,1,1,0,1,0,0,1,0,1,1,0,0,1,1,0,2
DDD,2013B,502697,0,South East Region,A Level or Equivalent,60-70%,0-35,0,60,0,Fail,4,1,0,1,1,0,0,0,1,0,1,0,1,0,1,8
DDD,2013B,502736,0,East Midlands Region,Lower Than A Level,90-100%,0-35,1,120,0,Fail,16,0,0,1,0,0,0,1,1,1,0,0,1,1,0,10
DDD,2013B,502903,0,South Region,Lower Than A Level,90-100%,0-35,1,180,0,Withdrawn,5,1,0,1,1,1,0,0,0,0,0,1,1,1,0,9
DDD,2013B,503086,1,North Region,Lower Than A Level,,0-35,0,60,0,Pass,14,0,0,1,1,0,1,1,0,0,0,1,1,0,1,5
DDD,2013B,503100,0,Yorkshire Region,Lower Than A Level,60-70%,0-35,0,120,0,Withdrawn,8,0,0,0,1,1,0,0,0,1,0,0,1,1,1,3
DDD,2013B,503120,0,South Region,Lower Than A Level,40-50%,35-55,0,120,0,Fail,7,0,1,1,0,1,1,1,1,1,1,1,0,0,0,3
DDD,2013B,503170,0,South Region,A Level or Equivalent,70-80%,0-35,0,120,0,Fail,11,1,1,1,1,1,0,0,1,0,1,0,1,0,0,6
DDD,2013B,503368,1,South West Region,Lower Than A Level,80-90%,0-35,0,60,0,Pass,5,0,0,0,1,0,1,1,0,1,1,1,1,1,0,9
DDD,2013B,503497,0,South East Region,Lower Than A Level,90-100%,0-35,0,60,0,Distinction,2,0,0,1,1,0,0,0,1,1,1,0,0,0,0,2
DDD,2013B,503731,0,South West Region,A Level or Equivalent,50-60%,55<=,0,90,0,Fail,9,0,1,1,1,1,1,1,0,1,0,1,1,1,1,4
DDD,2013B,503926,1,East Anglian Region,A Level or Equivalent,70-80%,0-35,0,60,0,Pass,4,0,0,0,1,1,1,0,1,0,1,0,0,0,0,8
DDD,2013B,504246,1,West Midlands Region,A Level or Equivalent,30-40%,0-35,1,120,0,Withdrawn,10,1,0,0,0,1,0,1,0,0,1,1,1,0,0,1
DDD,2013B,504602,0,East Anglian Region,HE Qualification,20-30%,35-55,0,120,0,Withdrawn,5,0,0,1,0,1,1,1,0,0,1,1,1,1,0,9
DDD,2013B,504819,1,East Anglian Region,Lower Than A Level,50-60%,0-35,0,60,0,Fail,11,0,1,0,1,1,1,1,1,0,1,1,1,0,0,6
DDD,2013B,505311,0,London Region,Lower Than A Level,40-50%,0-35,0,120,0,Pass,1,1,0,1,1,0,1,0,0,0,1,1,0,0,0,2
DDD,2013B,505579,1,West Midlands Region,A Level or Equivalent,30-40%,0-35,0,60,0,Pass,5,0,1,0,0,1,1,0,0,1,0,1,1,1,0,9
DDD,2013B,506056,0,North Western Region,Lower Than A Level,0-10%,0-35,0,120,0,Fail,7,0,1,1,0,0,1,0,1,1,1,1,1,1,0,3
DDD,2013B,506767,1,Wales,Lower Than A Level,90-100%,0-35,0,60,0,Fail,14,0,1,0,1,1,0,1,1,1,1,1,0,1,0,5
DDD,2013B,506785,0,East Midlands Region,A Level or Equivalent,70-80%,0-35,0,120,0,Pass,9,1,0,1,1,1,1,0,1,0,0,0,1,1,0,4
DDD,2013B,506829,1,North Western Region,A Level or Equivalent,60-70%,0-35,1,210,0,Withdrawn,13,0,1,0,1,1,0,1,1,0,0,1,0,0,1,5
DDD,2013B,507730,0,London Region,Lower Than A Level,20-30%,0-35,0,60,0,Fail,8,0,1,0,1,0,1,1,1,0,1,1,0,0,0,3
DDD,2013B,508934,1,South West Region,Lower Than A Level,40-50%,35-55,0,60,0,Pass,2,0,1,0,1,1,0,0,1,1,1,1,0,0,0,2
DDD,2013B,509634,0,East Anglian Region,Lower Than A Level,70-80%,0-35,1,240,1,Withdrawn,13,0,0,1,1,0,1,0,1,1,0,1,0,0,0,5
DDD,2013B,509680,0,Scotland,A Level or Equivalent,90-100%,0-35,0,60,0,Withdrawn,15,0,0,1,0,1,1,0,0,1,1,0,0,0,0,10
DDD,2013B,509873,1,South West Region,A Level or Equivalent,20-30%,0-35,1,180,0,Fail,1,0,1,0,1,0,1,0,1,0,1,0,1,0,0,2
DDD,2013B,510195,0,London Region,A Level or Equivalent,40-50%,0-35,0,60,0,Pass,13,0,0,0,0,0,0,0,1,0,1,0,1,0,0,5
DDD,2013B,510530,0,South East Region,A Level or Equivalent,60-70%,35-55,0,120,0,Withdrawn,12,1,1,0,1,0,1,1,0,1,1,0,1,1,0,7
DDD,2013B,511109,0,Yorkshire Region,HE Qualification,0-10%,0-35,1,120,0,Fail,8,1,0,1,0,0,1,0,0,0,0,1,0,0,0,3
DDD,2013B,511271,1,West Midlands Region,Lower Than A Level,20-30%,0-35,1,120,0,Fail,2,1,1,1,1,0,1,0,0,0,0,0,0,0,1,2
DDD,2013B,511514,0,East Anglian Region,A Level or Equivalent,40-50%,0-35,1,120,0,Withdrawn,2,0,0,0,1,1,1,0,0,0,1,0,1,1,0,2
DDD,2013B,511544,1,North Region,A Level or Equivalent,40-50%,35-55,1,150,0,Fail,1,0,1,0,0,0,0,0,1,0,1,0,1,1,1,2
DDD,2013B,511569,1,South Region,Lower Than A Level,30-40%,35-55,0,60,1,Withdrawn,15,1,1,1,0,1,1,0,0,1,1,0,0,0,0,10
DDD,2013B,511576,0,East Midlands Region,A Level or Equivalent,20-Oct,0-35,0,60,0,Fail,15,0,1,1,0,1,1,0,0,1,1,0,0,1,1,10
DDD,2013B,511949,1,West Midlands Region,Lower Than A Level,70-80%,0-35,0,60,0,Fail,2,0,1,1,0,0,1,1,0,0,0,1,0,0,1,2
DDD,2013B,511958,1,North Western Region,Lower Than A Level,60-70%,35-55,0,60,0,Withdrawn,16,0,0,0,1,0,0,1,0,1,1,0,1,0,0,10
DDD,2013B,512080,1,London Region,A Level or Equivalent,20-30%,0-35,0,120,0,Pass,12,1,0,1,1,1,1,0,0,1,0,1,1,0,1,7
DDD,2013B,512404,1,North Western Region,A Level or Equivalent,0-10%,0-35,0,180,1,Withdrawn,2,0,1,0,0,1,0,0,0,0,0,0,1,1,1,2
DDD,2013B,512861,1,South West Region,A Level or Equivalent,40-50%,0-35,1,120,0,Pass,2,1,1,0,1,0,1,0,1,0,0,1,1,1,1,2
DDD,2013B,513246,1,North Western Region,Lower Than A Level,20-Oct,0-35,1,120,0,Withdrawn,5,1,1,1,0,0,0,1,0,1,0,1,0,1,1,9
DDD,2013B,513396,1,South West Region,HE Qualification,40-50%,0-35,1,180,0,Fail,13,1,0,0,1,1,0,0,0,0,1,0,0,1,1,5
DDD,2013B,513687,0,North Western Region,Lower Than A Level,20-30%,35-55,0,60,0,Withdrawn,13,1,0,1,1,1,1,0,0,1,0,1,0,0,1,5
DDD,2013B,513773,1,London Region,HE Qualification,70-80%,0-35,0,90,0,Pass,7,1,0,0,0,0,1,0,0,1,1,0,0,1,0,3
DDD,2013B,513854,0,East Anglian Region,Lower Than A Level,20-Oct,35-55,0,60,0,Pass,6,1,0,1,0,0,0,0,1,1,0,0,0,1,1,9
DDD,2013B,514028,0,West Midlands Region,A Level or Equivalent,30-40%,0-35,1,120,0,Withdrawn,12,1,1,1,1,1,0,1,0,1,0,1,1,1,0,7
DDD,2013B,514218,1,South East Region,Lower Than A Level,90-100%,0-35,0,60,0,Withdrawn,10,1,1,0,1,1,1,0,0,0,0,0,0,0,1,1
DDD,2013B,514300,1,South East Region,A Level or Equivalent,20-30%,0-35,1,180,0,Pass,14,0,0,0,1,1,1,0,0,1,0,0,1,0,0,5
DDD,2013B,514633,0,North Western Region,Lower Than A Level,20-Oct,35-55,1,120,1,Fail,3,1,1,1,0,0,1,1,0,1,1,0,1,0,1,8
DDD,2013B,514773,1,South Region,A Level or Equivalent,80-90%,0-35,0,120,0,Withdrawn,16,1,0,1,0,0,1,0,0,1,1,1,1,1,1,10
DDD,2013B,515046,0,South West Region,Lower Than A Level,30-40%,0-35,0,60,1,Pass,13,0,1,0,0,0,0,0,1,0,0,0,1,1,0,5
DDD,2013B,515170,1,South East Region,A Level or Equivalent,70-80%,35-55,0,60,0,Fail,11,1,1,1,0,1,1,0,1,0,1,1,1,1,0,6
DDD,2013B,515595,0,Scotland,A Level or Equivalent,0-10%,35-55,1,180,0,Pass,3,0,0,1,1,0,0,1,0,0,1,0,0,1,1,8
DDD,2013B,515812,1,Yorkshire Region,A Level or Equivalent,40-50%,0-35,0,60,0,Withdrawn,1,1,1,1,1,1,0,0,1,1,1,1,1,0,1,2
DDD,2013B,515903,1,North Western Region,A Level or Equivalent,70-80%,0-35,0,120,0,Pass,4,1,1,1,1,0,1,1,1,1,0,0,0,1,0,8
DDD,2013B,515945,0,London Region,A Level or Equivalent,80-90%,0-35,0,60,0,Distinction,10,0,0,1,1,0,1,0,0,1,1,1,0,0,0,1
DDD,2013B,516010,1,North Region,No Formal quals,,0-35,0,60,0,Pass,7,0,0,1,1,1,0,0,0,0,1,0,1,1,0,3
DDD,2013B,516281,0,Scotland,A Level or Equivalent,60-70%,0-35,1,120,0,Fail,1,0,0,0,1,1,0,0,0,1,0,1,1,0,1,2
DDD,2013B,516398,0,North Region,HE Qualification,,35-55,0,60,0,Pass,10,1,0,0,0,1,1,1,0,1,0,0,1,1,0,1
DDD,2013B,516450,1,East Midlands Region,A Level or Equivalent,80-90%,0-35,1,150,0,Distinction,11,0,1,0,0,0,0,0,0,0,0,1,1,0,0,6
DDD,2013B,516843,0,Scotland,A Level or Equivalent,70-80%,35-55,0,120,0,Withdrawn,5,0,0,0,0,0,1,0,1,1,0,1,0,0,1,9
DDD,2013B,517646,1,Wales,HE Qualification,40-50%,0-35,1,180,0,Pass,2,0,1,1,0,1,0,1,1,1,0,0,1,1,0,2
DDD,2013B,517726,0,West Midlands Region,Lower Than A Level,0-10%,0-35,1,120,0,Withdrawn,1,0,0,1,0,1,1,1,0,1,1,0,1,0,1,2
DDD,2013B,518097,0,Scotland,A Level or Equivalent,20-Oct,35-55,1,120,1,Fail,7,0,0,1,0,1,1,1,0,0,0,1,1,1,0,3
DDD,2013B,518155,0,London Region,HE Qualification,60-70%,0-35,1,120,0,Withdrawn,5,0,0,1,0,1,1,0,1,0,0,0,0,0,0,9
DDD,2013B,518349,0,North Region,Lower Than A Level,20-Oct,0-35,0,60,1,Pass,5,0,1,0,0,0,1,0,1,0,0,1,0,0,0,9
DDD,2013B,518436,0,North Region,Lower Than A Level,,0-35,0,120,0,Pass,2,0,0,0,1,0,1,0,0,1,0,0,0,0,0,2
DDD,2013B,518451,0,East Anglian Region,A Level or Equivalent,30-40%,0-35,0,60,0,Withdrawn,9,0,1,1,0,0,0,1,0,0,0,1,0,0,0,4
DDD,2013B,519094,1,Scotland,A Level or Equivalent,20-30%,0-35,0,60,0,Pass,14,1,0,0,1,1,1,1,1,1,1,1,0,0,0,5
DDD,2013B,519102,0,East Midlands Region,Lower Than A Level,80-90%,35-55,0,60,0,Fail,12,0,1,0,1,1,1,0,0,0,1,0,1,0,0,7
DDD,2013B,519491,1,South East Region,A Level or Equivalent,50-60%,0-35,0,120,0,Withdrawn,10,0,0,0,0,1,0,0,0,0,0,0,1,0,1,1
DDD,2013B,520026,0,Yorkshire Region,A Level or Equivalent,0-10%,0-35,0,120,0,Withdrawn,1,0,0,1,0,1,0,1,1,0,1,1,1,0,0,2
DDD,2013B,520092,0,West Midlands Region,Lower Than A Level,20-Oct,0-35,0,120,1,Withdrawn,14,0,1,0,0,1,0,0,1,0,0,0,1,0,1,5
DDD,2013B,520400,0,London Region,A Level or Equivalent,20-Oct,0-35,1,120,0,Fail,10,1,1,1,0,1,1,0,1,1,0,0,0,1,0,1
DDD,2013B,520751,1,Wales,Lower Than A Level,80-90%,0-35,0,60,0,Withdrawn,16,1,0,1,1,1,1,1,1,1,0,1,1,1,0,10
DDD,2013B,521160,1,East Midlands Region,A Level or Equivalent,20-Oct,0-35,1,120,0,Pass,3,0,0,0,0,0,1,0,0,1,1,1,1,0,1,8
DDD,2013B,521404,0,East Anglian Region,A Level or Equivalent,50-60%,0-35,0,60,0,Distinction,13,0,1,1,0,0,1,1,1,0,1,0,1,1,1,5
DDD,2013B,521709,0,East Midlands Region,A Level or Equivalent,80-90%,0-35,0,120,0,Pass,13,0,1,1,1,0,0,1,0,1,1,0,1,1,1,5
DDD,2013B,521742,0,North Western Region,Lower Than A Level,20-Oct,0-35,0,120,0,Fail,9,1,0,1,1,1,0,1,1,1,1,1,1,1,0,4
DDD,2013B,521755,1,North Region,Lower Than A Level,20-30%,0-35,1,120,0,Withdrawn,16,0,1,1,1,0,1,1,0,1,0,0,1,0,0,10
DDD,2013B,522538,1,London Region,A Level or Equivalent,50-60%,0-35,0,180,0,Withdrawn,1,1,0,0,1,0,0,1,0,0,0,1,1,0,0,2
DDD,2013B,522572,0,West Midlands Region,A Level or Equivalent,20-Oct,0-35,0,60,0,Pass,9,0,1,0,0,1,0,0,1,1,1,0,0,0,1,4
DDD,2013B,522654,0,North Western Region,HE Qualification,50-60%,0-35,0,60,0,Pass,6,1,1,1,1,0,1,0,1,0,1,0,1,0,0,9
DDD,2013B,522739,1,South West Region,Lower Than A Level,40-50%,35-55,1,180,1,Withdrawn,16,1,0,0,1,0,0,0,0,1,1,0,1,0,0,10
DDD,2013B,522878,0,South East Region,Lower Than A Level,50-60%,35-55,1,120,0,Withdrawn,9,1,1,1,1,0,0,0,0,0,1,0,1,0,1,4
DDD,2013B,523392,1,Wales,Lower Than A Level,0-10%,35-55,0,60,0,Fail,4,0,0,1,0,1,1,1,1,0,1,1,1,1,0,8
DDD,2013B,524020,0,East Midlands Region,Lower Than A Level,20-Oct,0-35,0,120,0,Withdrawn,2,0,1,0,1,1,1,1,0,0,1,1,1,0,1,2
DDD,2013B,524137,1,North Western Region,A Level or Equivalent,20-Oct,0-35,0,60,0,Withdrawn,2,1,1,0,0,1,0,0,1,0,0,1,0,0,0,2
DDD,2013B,524160,0,North Region,Post Graduate Qualification,,0-35,0,60,0,Pass,12,0,0,1,0,1,1,0,1,0,0,0,0,1,1,7
DDD,2013B,524175,0,South West Region,Lower Than A Level,50-60%,0-35,1,120,0,Fail,6,1,1,1,1,1,1,0,1,0,0,0,1,0,0,9
DDD,2013B,524261,1,Scotland,HE Qualification,0-10%,35-55,0,120,1,Withdrawn,11,0,1,1,1,1,1,1,0,0,1,0,0,1,0,6
DDD,2013B,524369,1,Wales,Lower Than A Level,70-80%,0-35,0,70,0,Pass,6,0,0,1,1,1,0,0,1,0,0,0,0,1,0,9
DDD,2013B,524374,0,North Western Region,A Level or Equivalent,60-70%,0-35,0,120,0,Withdrawn,3,0,1,1,1,0,1,1,0,1,1,0,0,0,0,8
DDD,2013B,524378,1,North Western Region,A Level or Equivalent,40-50%,35-55,0,60,0,Pass,3,1,0,1,1,0,0,0,1,0,0,1,0,1,0,8
DDD,2013B,524396,1,South West Region,A Level or Equivalent,20-30%,35-55,0,60,0,Pass,13,0,0,0,1,1,1,0,1,1,1,1,0,0,0,5
DDD,2013B,524731,0,South Region,A Level or Equivalent,50-60%,0-35,1,180,0,Fail,7,0,0,1,1,1,0,1,0,1,0,1,1,1,0,3
DDD,2013B,525066,1,North Region,Lower Than A Level,,0-35,0,90,0,Fail,9,0,0,1,0,1,0,0,1,1,0,1,1,1,1,4
DDD,2013B,525128,0,Wales,Lower Than A Level,60-70%,35-55,0,90,0,Fail,11,1,1,0,1,0,0,0,0,1,1,1,0,0,0,6
DDD,2013B,525749,1,North Region,Post Graduate Qualification,,35-55,0,70,0,Distinction,16,0,0,0,0,0,0,1,0,1,1,1,0,1,1,10
DDD,2013B,525762,1,Wales,Lower Than A Level,50-60%,0-35,0,60,0,Withdrawn,6,1,0,0,0,1,1,1,0,0,1,0,1,0,1,9
DDD,2013B,525820,1,East Anglian Region,Lower Than A Level,40-50%,0-35,0,120,0,Fail,5,0,1,1,0,1,0,1,0,1,1,0,0,0,0,9
DDD,2013B,525854,0,North Western Region,A Level or Equivalent,20-30%,0-35,1,180,0,Fail,12,1,0,0,1,1,1,1,1,0,0,1,0,0,0,7
DDD,2013B,526068,0,Scotland,Lower Than A Level,60-70%,0-35,0,60,0,Pass,6,0,1,1,0,0,1,0,0,1,0,0,0,0,0,9
DDD,2013B,526392,0,Wales,A Level or Equivalent,80-90%,0-35,1,120,0,Fail,7,0,0,1,0,1,1,0,1,1,0,1,0,0,0,3
DDD,2013B,526426,0,Wales,Lower Than A Level,70-80%,0-35,0,60,0,Withdrawn,10,1,1,1,0,0,1,0,0,1,1,1,0,1,1,1
DDD,2013B,526699,1,South Region,Lower Than A Level,30-40%,0-35,1,120,1,Withdrawn,1,1,0,1,1,0,1,0,0,0,0,1,1,0,1,2
DDD,2013B,527081,0,London Region,Lower Than A Level,20-Oct,35-55,1,120,0,Withdrawn,15,0,1,1,0,0,0,0,1,1,1,1,0,1,1,10
DDD,2013B,527306,1,North Western Region,Lower Than A Level,90-100%,0-35,0,60,0,Fail,14,0,0,1,1,1,1,0,1,1,0,0,0,1,0,5
DDD,2013B,527323,1,London Region,Lower Than A Level,20-Oct,0-35,1,120,0,Fail,12,0,0,0,1,0,0,0,1,1,1,1,0,1,0,7
DDD,2013B,527403,1,East Midlands Region,A Level or Equivalent,50-60%,0-35,0,120,0,Withdrawn,16,0,0,1,0,0,1,0,0,1,1,1,1,0,1,10
DDD,2013B,527533,0,East Midlands Region,HE Qualification,50-60%,0-35,0,60,0,Withdrawn,5,0,1,0,1,0,1,0,1,0,0,1,1,0,1,9
DDD,2013B,527619,0,Ireland,A Level or Equivalent,80-90%,0-35,0,160,1,Withdrawn,9,0,0,1,1,0,1,0,1,1,1,1,1,0,0,4
DDD,2013B,527747,0,East Anglian Region,A Level or Equivalent,90-100%,0-35,0,60,0,Withdrawn,7,1,1,1,0,1,0,1,1,1,1,1,1,0,0,3
DDD,2013B,527789,0,Yorkshire Region,HE Qualification,0-10%,0-35,0,90,0,Fail,3,1,1,0,1,1,0,0,0,0,0,0,1,1,0,8
DDD,2013B,527917,0,East Anglian Region,Lower Than A Level,20-30%,0-35,0,60,0,Pass,2,1,0,0,0,0,1,1,1,1,1,1,0,0,1,2
DDD,2013B,528034,0,Wales,A Level or Equivalent,60-70%,0-35,0,60,0,Fail,11,1,0,0,1,1,0,1,1,1,1,0,0,0,1,6
DDD,2013B,528184,1,East Anglian Region,A Level or Equivalent,60-70%,0-35,0,75,0,Pass,2,0,1,0,0,1,1,0,0,1,1,1,0,0,0,2
DDD,2013B,528271,0,Wales,A Level or Equivalent,90-100%,0-35,0,75,0,Withdrawn,5,1,0,1,1,1,0,1,1,1,0,1,0,1,0,9
DDD,2013B,528420,1,London Region,A Level or Equivalent,20-Oct,0-35,0,60,0,Withdrawn,1,1,1,0,1,1,1,0,1,0,1,0,1,0,1,2
DDD,2013B,528642,1,Wales,Lower Than A Level,40-50%,0-35,0,130,0,Withdrawn,12,0,0,1,1,1,1,1,0,1,0,1,1,1,0,7
DDD,2013B,528846,0,Ireland,HE Qualification,,35-55,1,120,0,Fail,2,0,1,1,1,0,1,0,0,0,0,1,0,0,0,2
DDD,2013B,528923,0,North Western Region,Lower Than A Level,0-10%,0-35,1,120,0,Fail,6,1,0,0,1,0,1,0,0,1,0,0,1,1,1,9
DDD,2013B,529025,0,South Region,A Level or Equivalent,30-40%,35-55,0,60,0,Pass,7,0,0,1,1,1,1,1,1,1,0,1,1,1,1,3
DDD,2013B,529078,0,South Region,HE Qualification,60-70%,0-35,0,60,0,Pass,13,0,1,0,0,0,1,1,1,0,1,0,0,0,1,5
DDD,2013B,529384,0,Yorkshire Region,A Level or Equivalent,50-60%,0-35,0,120,0,Withdrawn,12,1,1,1,0,1,0,0,0,0,0,0,0,1,0,7
DDD,2013B,529404,0,North Western Region,A Level or Equivalent,20-Oct,0-35,0,60,0,Pass,13,1,0,0,0,1,1,0,1,0,0,0,0,1,1,5
DDD,2013B,529525,1,North Western Region,Lower Than A Level,50-60%,0-35,1,120,0,Withdrawn,10,1,1,0,1,1,0,0,0,0,0,1,1,1,1,1
DDD,2013B,529670,0,Yorkshire Region,Lower Than A Level,80-90%,0-35,0,60,0,Withdrawn,11,0,1,1,1,1,0,1,1,1,1,0,0,1,1,6
DDD,2013B,529760,0,East Midlands Region,Lower Than A Level,20-Oct,0-35,0,120,0,Fail,1,1,0,0,0,1,1,1,0,1,0,0,1,1,1,2
DDD,2013B,529789,0,East Anglian Region,Lower Than A Level,20-30%,0-35,0,60,0,Fail,14,0,0,1,0,0,0,1,0,0,1,0,1,1,1,5
DDD,2013B,529863,0,Wales,Lower Than A Level,40-50%,0-35,0,60,0,Pass,2,0,1,1,0,0,1,0,1,0,1,1,1,0,0,2
DDD,2013B,529877,0,North Western Region,Lower Than A Level,20-30%,0-35,0,90,1,Withdrawn,2,1,0,0,1,0,1,1,0,0,0,1,0,1,0,2
DDD,2013B,530137,0,London Region,Lower Than A Level,30-40%,0-35,0,90,0,Withdrawn,2,1,1,1,1,0,1,1,1,1,1,0,0,1,0,2
DDD,2013B,530234,1,South Region,A Level or Equivalent,90-100%,0-35,0,60,0,Pass,14,1,0,1,1,0,0,1,0,1,0,1,0,0,0,5
DDD,2013B,530748,0,South Region,A Level or Equivalent,80-90%,0-35,0,100,0,Withdrawn,7,0,1,0,0,1,0,1,1,1,1,1,1,0,1,3
DDD,2013B,530762,0,South West Region,Lower Than A Level,30-40%,0-35,0,90,0,Withdrawn,11,1,0,0,0,1,0,0,1,1,0,1,0,1,0,6
DDD,2013B,530901,0,London Region,Lower Than A Level,70-80%,0-35,0,90,0,Withdrawn,15,1,1,0,1,0,1,1,1,1,0,0,1,0,0,10
DDD,2013B,531047,0,South West Region,Lower Than A Level,80-90%,0-35,0,60,0,Pass,9,0,0,1,1,1,1,0,1,0,0,1,1,1,0,4
DDD,2013B,531069,0,East Anglian Region,Lower Than A Level,60-70%,35-55,0,60,1,Withdrawn,11,1,0,1,0,0,1,0,0,1,0,0,1,1,0,6
DDD,2013B,531075,0,North Region,Lower Than A Level,20-30%,35-55,1,120,0,Fail,6,1,1,1,1,0,1,0,1,1,1,1,0,0,1,9
DDD,2013B,531202,0,East Midlands Region,A Level or Equivalent,70-80%,0-35,0,60,0,Distinction,10,0,1,1,0,1,1,1,0,1,1,1,1,1,0,1
DDD,2013B,531340,1,East Anglian Region,Lower Than A Level,20-30%,0-35,1,180,0,Withdrawn,9,1,0,1,1,0,0,0,1,0,0,0,1,1,0,4
DDD,2013B,531377,1,North Western Region,Lower Than A Level,20-30%,0-35,0,60,1,Fail,8,1,0,1,0,0,0,1,1,1,1,0,1,0,1,3
DDD,2013B,531787,0,Wales,A Level or Equivalent,0-10%,0-35,0,60,0,Fail,6,0,0,1,1,1,0,1,1,1,1,1,0,1,1,9
DDD,2013B,531888,1,East Anglian Region,Lower Than A Level,40-50%,0-35,0,90,0,Withdrawn,7,0,0,1,1,0,0,1,1,1,1,0,0,1,1,3
DDD,2013B,531924,1,South Region,A Level or Equivalent,40-50%,0-35,0,90,0,Pass,7,0,0,1,1,0,1,0,1,1,1,1,1,1,0,3
DDD,2013B,532067,1,North Western Region,A Level or Equivalent,0-10%,0-35,0,120,0,Withdrawn,16,1,0,1,1,0,1,1,0,1,0,0,0,0,0,10
DDD,2013B,532144,0,London Region,A Level or Equivalent,40-50%,35-55,1,135,0,Withdrawn,8,0,1,0,1,1,1,1,1,0,1,0,0,0,0,3
DDD,2013B,532267,0,London Region,Lower Than A Level,60-70%,0-35,1,120,0,Withdrawn,1,0,1,0,0,0,0,1,0,0,0,1,1,1,1,2
DDD,2013B,532491,0,West Midlands Region,A Level or Equivalent,,0-35,0,60,0,Pass,14,0,1,0,0,0,0,0,1,1,1,1,0,1,0,5
DDD,2013B,532565,0,Yorkshire Region,Lower Than A Level,90-100%,0-35,0,60,0,Pass,10,0,1,1,1,0,0,0,0,0,0,0,1,0,1,1
DDD,2013B,532648,0,Yorkshire Region,A Level or Equivalent,90-100%,0-35,0,90,0,Withdrawn,2,1,0,1,0,1,0,0,0,0,0,1,0,0,1,2
DDD,2013B,532695,1,East Anglian Region,A Level or Equivalent,90-100%,0-35,0,60,0,Fail,7,1,1,1,1,0,1,0,1,1,1,0,1,1,0,3
DDD,2013B,532718,0,North Western Region,HE Qualification,20-30%,35-55,0,60,0,Distinction,1,0,0,0,0,1,1,1,1,1,0,0,1,1,1,2
DDD,2013B,532745,1,West Midlands Region,A Level or Equivalent,20-30%,0-35,0,60,0,Pass,9,1,1,1,0,1,0,1,0,1,0,1,0,0,1,4
DDD,2013B,532855,0,West Midlands Region,A Level or Equivalent,40-50%,0-35,0,60,1,Pass,2,0,0,0,0,1,0,1,1,1,1,1,1,1,1,2
DDD,2013B,532988,0,South West Region,A Level or Equivalent,70-80%,0-35,0,60,0,Fail,5,0,0,1,0,1,0,1,0,1,0,0,1,1,1,9
DDD,2013B,533004,0,West Midlands Region,HE Qualification,20-30%,0-35,0,60,0,Fail,12,0,0,0,0,0,0,1,0,1,0,0,0,0,0,7
DDD,2013B,533291,0,East Anglian Region,A Level or Equivalent,80-90%,0-35,0,60,0,Pass,2,0,1,1,0,0,0,0,1,1,0,0,1,1,1,2
DDD,2013B,533522,1,East Anglian Region,A Level or Equivalent,20-30%,0-35,0,60,0,Fail,7,1,1,1,1,1,1,0,0,1,1,0,1,0,1,3
DDD,2013B,533731,0,South West Region,Lower Than A Level,20-30%,0-35,0,60,0,Fail,5,0,0,1,0,0,1,1,0,0,1,0,0,1,1,9
DDD,2013B,533829,1,South West Region,A Level or Equivalent,40-50%,0-35,0,60,0,Withdrawn,12,0,0,0,0,1,0,0,1,1,0,1,1,1,0,7
DDD,2013B,533877,0,South East Region,Lower Than A Level,50-60%,0-35,0,60,0,Distinction,12,0,1,1,1,1,0,1,0,1,1,1,1,0,0,7
DDD,2013B,534203,0,Yorkshire Region,Lower Than A Level,0-10%,0-35,0,60,0,Pass,4,0,0,0,1,1,0,1,1,1,0,1,0,0,1,8
DDD,2013B,534219,0,East Midlands Region,Lower Than A Level,40-50%,0-35,0,60,0,Fail,16,0,1,0,0,0,1,1,0,0,1,1,1,1,0,10
DDD,2013B,534349,1,East Anglian Region,A Level or Equivalent,90-100%,0-35,0,60,0,Withdrawn,9,1,1,1,0,0,1,1,1,0,0,1,1,0,1,4
DDD,2013B,534777,0,London Region,A Level or Equivalent,30-40%,0-35,0,120,0,Withdrawn,2,1,1,0,0,1,1,0,0,0,0,1,1,1,0,2
DDD,2013B,534910,0,South West Region,Lower Than A Level,20-Oct,0-35,0,90,0,Pass,2,1,1,1,0,1,1,0,1,1,0,0,0,0,0,2
DDD,2013B,535169,1,London Region,Lower Than A Level,30-40%,35-55,0,60,0,Withdrawn,16,1,0,1,0,1,1,0,1,0,0,0,1,0,1,10
DDD,2013B,535215,0,North Region,Lower Than A Level,,35-55,0,90,0,Pass,12,0,1,0,1,0,0,0,1,1,0,0,0,0,1,7
DDD,2013B,535424,0,Ireland,A Level or Equivalent,0-10%,0-35,0,60,0,Fail,9,0,0,1,0,1,0,0,1,1,0,0,1,0,1,4
DDD,2013B,535463,0,West Midlands Region,Lower Than A Level,30-40%,0-35,0,60,0,Withdrawn,15,1,1,1,0,0,1,0,0,1,1,0,0,1,0,10
DDD,2013B,535486,0,Yorkshire Region,A Level or Equivalent,20-30%,0-35,0,60,0,Withdrawn,2,1,1,0,1,0,0,0,0,1,0,1,0,1,1,2
DDD,2013B,535620,0,South West Region,Lower Than A Level,50-60%,0-35,0,90,0,Fail,12,0,1,0,0,1,0,0,1,1,0,1,1,0,0,7
DDD,2013B,535707,1,Ireland,A Level or Equivalent,20-Oct,0-35,0,60,0,Withdrawn,13,1,1,1,1,1,1,0,0,1,1,1,1,0,1,5
DDD,2013B,535747,1,Scotland,HE Qualification,40-50%,35-55,0,60,0,Withdrawn,1,0,0,1,1,0,1,1,0,0,1,1,1,0,0,2
DDD,2013B,535789,0,Yorkshire Region,Lower Than A Level,0-10%,0-35,0,60,0,Withdrawn,6,0,0,0,1,0,0,0,0,0,0,0,1,1,1,9
DDD,2013B,535799,1,South West Region,Lower Than A Level,20-Oct,35-55,0,60,0,Pass,1,0,0,0,0,1,0,1,1,0,0,0,1,1,1,2
DDD,2013B,535831,1,East Midlands Region,A Level or Equivalent,20-30%,0-35,0,60,0,Pass,4,1,1,0,0,0,1,1,0,1,1,1,0,0,1,8
DDD,2013B,535986,1,North Region,No Formal quals,,0-35,0,70,0,Distinction,16,0,1,0,0,0,1,0,1,0,0,0,0,0,0,10
DDD,2013B,536032,0,Wales,A Level or Equivalent,20-30%,0-35,0,60,0,Pass,7,0,0,1,0,0,1,1,0,0,0,1,1,1,0,3
DDD,2013B,536145,0,South Region,Lower Than A Level,60-70%,0-35,0,90,1,Withdrawn,6,0,1,1,0,1,0,0,1,1,1,1,1,0,1,9
DDD,2013B,536170,0,North Western Region,HE Qualification,90-100%,35-55,0,60,0,Distinction,9,1,1,0,0,1,1,1,1,1,1,0,1,1,0,4
DDD,2013B,536210,0,Ireland,Lower Than A Level,0-10%,0-35,0,120,1,Withdrawn,8,1,1,1,1,0,1,1,0,0,1,1,1,0,0,3
DDD,2013B,536261,0,West Midlands Region,A Level or Equivalent,40-50%,0-35,0,60,0,Pass,6,0,0,1,0,0,1,0,0,1,1,0,0,1,1,9
DDD,2013B,536536,0,North Region,Lower Than A Level,,0-35,0,60,0,Pass,7,0,1,1,0,1,1,0,1,0,1,1,0,0,0,3
DDD,2013B,536696,1,Scotland,A Level or Equivalent,70-80%,35-55,0,60,0,Fail,15,0,1,0,0,0,0,1,0,1,0,1,0,0,1,10
DDD,2013B,536926,0,Scotland,A Level or Equivalent,30-40%,0-35,0,60,0,Pass,10,1,1,0,0,0,1,0,0,1,0,1,0,0,1,1
DDD,2013B,536999,0,North Region,Lower Than A Level,,35-55,0,60,1,Withdrawn,5,0,1,0,1,1,1,1,1,1,1,1,1,1,0,9
DDD,2013B,537138,0,Ireland,A Level or Equivalent,90-100%,0-35,0,60,0,Pass,6,1,0,0,0,0,0,1,1,0,0,1,1,0,0,9
DDD,2013B,537139,1,East Midlands Region,A Level or Equivalent,30-40%,0-35,0,60,0,Pass,14,1,0,1,1,0,1,0,1,0,0,1,1,0,1,5
DDD,2013B,537452,0,London Region,A Level or Equivalent,0-10%,0-35,0,60,0,Fail,9,0,1,0,1,1,1,0,1,1,1,0,1,0,0,4
DDD,2013B,537603,0,East Anglian Region,Lower Than A Level,60-70%,0-35,0,60,0,Pass,8,0,1,0,0,1,1,1,0,1,1,0,1,1,1,3
DDD,2013B,537621,0,North Western Region,A Level or Equivalent,60-70%,35-55,0,60,0,Fail,16,0,1,1,0,0,1,0,1,0,1,0,1,1,1,10
DDD,2013B,537622,1,North Western Region,A Level or Equivalent,0-10%,0-35,0,60,1,Pass,11,0,0,0,0,0,0,0,1,0,1,0,1,0,1,6
DDD,2013B,537652,1,South Region,Lower Than A Level,70-80%,35-55,0,60,0,Withdrawn,6,0,1,0,0,1,1,0,1,0,1,0,1,1,1,9
DDD,2013B,537658,1,Wales,Lower Than A Level,20-30%,0-35,0,60,0,Pass,12,0,0,0,0,0,1,0,1,0,0,0,1,0,1,7
DDD,2013B,537868,1,London Region,HE Qualification,70-80%,0-35,0,60,0,Fail,12,1,1,1,1,0,1,0,1,0,1,0,0,1,1,7
DDD,2013B,537926,0,North Western Region,A Level or Equivalent,20-30%,0-35,0,60,0,Fail,3,0,1,0,0,1,0,1,0,1,1,0,0,0,1,8
DDD,2013B,538069,0,London Region,A Level or Equivalent,90-100%,35-55,0,60,0,Withdrawn,1,0,1,0,1,0,0,0,0,0,0,0,1,0,0,2
DDD,2013B,538131,0,North Region,HE Qualification,,55<=,0,60,0,Withdrawn,5,0,1,1,0,0,0,1,0,0,1,1,0,0,1,9
DDD,2013B,538211,0,East Midlands Region,Lower Than A Level,50-60%,0-35,0,60,0,Fail,14,0,1,1,1,1,0,0,0,1,0,0,0,1,1,5
DDD,2013B,538232,1,East Midlands Region,Lower Than A Level,20-30%,35-55,0,120,0,Withdrawn,4,1,0,1,0,0,1,1,1,1,0,1,0,1,0,8
DDD,2013B,538251,1,North Region,No Formal quals,,0-35,0,60,0,Distinction,9,1,1,1,1,1,1,0,0,1,1,0,1,1,0,4
DDD,2013B,538611,1,North Region,Lower Than A Level,,0-35,0,60,0,Fail,9,1,1,1,1,0,1,0,0,0,0,0,1,1,1,4
DDD,2013B,538701,0,Yorkshire Region,A Level or Equivalent,0-10%,0-35,0,60,0,Pass,13,0,0,1,0,0,0,0,1,1,1,1,1,1,0,5
DDD,2013B,539035,1,Yorkshire Region,A Level or Equivalent,60-70%,0-35,0,60,0,Fail,10,0,0,0,0,1,1,0,0,0,1,0,1,0,0,1
DDD,2013B,539043,0,East Midlands Region,A Level or Equivalent,50-60%,0-35,0,60,0,Fail,16,1,0,0,0,0,1,1,0,0,1,1,1,1,0,10
DDD,2013B,539066,1,South West Region,A Level or Equivalent,50-60%,0-35,0,60,0,Pass,15,0,0,1,0,0,0,1,1,0,0,0,0,1,0,10
DDD,2013B,539142,0,Scotland,A Level or Equivalent,50-60%,0-35,0,60,0,Fail,6,1,0,0,1,1,1,1,0,1,0,1,1,1,1,9
DDD,2013B,539186,1,East Midlands Region,A Level or Equivalent,30-40%,0-35,0,120,0,Withdrawn,9,0,1,1,1,0,0,0,1,0,0,0,1,1,1,4
DDD,2013B,539209,1,East Anglian Region,A Level or Equivalent,90-100%,35-55,0,60,0,Pass,1,1,1,0,1,1,1,0,1,1,0,0,1,0,0,2
DDD,2013B,539224,0,North Western Region,Lower Than A Level,0-10%,0-35,0,60,0,Withdrawn,7,1,0,1,1,0,1,1,1,1,0,0,1,1,1,3
DDD,2013B,539262,0,Scotland,Lower Than A Level,30-40%,0-35,0,60,0,Withdrawn,4,0,0,0,0,0,0,0,1,0,0,0,1,0,1,8
DDD,2013B,539302,1,Yorkshire Region,A Level or Equivalent,70-80%,0-35,0,60,0,Withdrawn,13,0,1,0,0,0,0,1,1,0,0,1,1,0,0,5
DDD,2013B,539328,0,Ireland,A Level or Equivalent,0-10%,0-35,0,90,0,Pass,11,1,0,1,0,0,1,0,1,1,1,1,1,1,0,6
DDD,2013B,539622,1,Wales,A Level or Equivalent,20-30%,0-35,0,60,0,Pass,10,0,0,1,1,0,0,1,0,0,0,0,1,1,0,1
DDD,2013B,539643,1,North Western Region,Lower Than A Level,0-10%,0-35,0,60,0,Pass,9,1,0,1,0,0,0,0,0,1,1,0,0,1,0,4
DDD,2013B,540207,1,South Region,A Level or Equivalent,40-50%,0-35,0,60,0,Pass,3,0,1,1,1,0,1,0,0,0,0,1,1,0,1,8
DDD,2013B,540298,0,East Anglian Region,A Level or Equivalent,30-40%,0-35,0,60,1,Fail,4,0,1,1,1,0,0,1,0,0,0,1,1,1,0,8
DDD,2013B,540310,0,South West Region,A Level or Equivalent,30-40%,0-35,0,120,0,Pass,1,1,0,1,0,1,1,0,0,0,1,1,0,1,0,2
DDD,2013B,540422,0,West Midlands Region,A Level or Equivalent,20-Oct,0-35,0,60,0,Withdrawn,7,1,0,0,0,1,1,1,0,0,1,0,1,1,0,3
DDD,2013B,540530,1,North Western Region,Lower Than A Level,0-10%,35-55,0,120,0,Withdrawn,3,0,0,0,1,0,0,1,0,0,1,1,0,1,1,8
DDD,2013B,540547,0,South West Region,Lower Than A Level,90-100%,0-35,0,60,0,Fail,4,1,0,1,1,1,1,1,0,0,0,0,1,0,1,8
DDD,2013B,540568,0,North Region,A Level or Equivalent,40-50%,35-55,0,120,0,Withdrawn,2,1,1,0,0,0,0,0,1,0,1,1,1,1,0,2
DDD,2013B,540592,1,Wales,A Level or Equivalent,50-60%,0-35,0,60,0,Fail,9,1,0,0,1,1,1,1,1,1,0,1,0,1,0,4
DDD,2013B,540605,0,North Western Region,Lower Than A Level,20-30%,0-35,0,60,0,Pass,1,0,0,1,0,0,0,1,1,1,1,1,0,0,1,2
DDD,2013B,540686,0,North Western Region,Lower Than A Level,20-Oct,0-35,0,60,0,Pass,6,0,1,0,0,1,0,1,0,1,0,0,1,1,1,9
DDD,2013B,540694,0,South West Region,A Level or Equivalent,60-70%,0-35,0,60,0,Pass,12,0,0,0,1,0,1,1,1,1,1,0,1,1,0,7
DDD,2013B,540758,1,South Region,Lower Than A Level,80-90%,0-35,0,90,0,Fail,2,1,1,1,1,0,0,1,1,1,0,1,0,1,1,2
DDD,2013B,540759,1,Yorkshire Region,No Formal quals,0-10%,0-35,0,60,0,Withdrawn,2,0,1,0,0,0,0,1,0,1,0,1,0,1,0,2
DDD,2013B,540848,1,West Midlands Region,A Level or Equivalent,0-10%,0-35,0,60,0,Pass,2,1,0,0,0,1,0,1,0,1,0,1,0,1,0,2
DDD,2013B,540920,0,Yorkshire Region,A Level or Equivalent,20-30%,0-35,0,60,0,Withdrawn,10,1,1,0,1,1,1,0,1,1,0,1,1,1,1,1
DDD,2013B,541202,0,South East Region,Lower Than A Level,70-80%,0-35,0,60,1,Withdrawn,1,1,1,1,0,1,1,0,0,0,0,0,1,0,0,2
DDD,2013B,541228,0,North Region,A Level or Equivalent,0-10%,0-35,0,120,0,Fail,1,1,1,1,1,0,0,1,1,1,0,0,0,0,0,2
DDD,2013B,541260,0,West Midlands Region,A Level or Equivalent,0-10%,0-35,0,120,0,Fail,9,1,0,0,1,1,0,1,0,1,1,1,0,0,0,4
DDD,2013B,541887,1,South West Region,Lower Than A Level,40-50%,0-35,0,60,0,Withdrawn,3,0,1,1,1,1,1,0,0,0,0,0,0,0,1,8
DDD,2013B,541977,0,Yorkshire Region,Lower Than A Level,50-60%,0-35,0,60,0,Fail,7,1,1,1,0,1,0,0,1,0,0,0,0,1,1,3
DDD,2013B,542036,0,East Anglian Region,A Level or Equivalent,90-100%,35-55,0,60,0,Pass,11,0,0,0,0,0,1,0,0,0,1,1,1,0,1,6
DDD,2013B,542049,0,London Region,HE Qualification,20-30%,0-35,0,120,0,Pass,14,1,0,1,1,0,0,0,0,0,0,0,1,0,0,5
DDD,2013B,542054,0,North Western Region,A Level or Equivalent,0-10%,0-35,0,90,0,Pass,12,0,1,0,0,0,1,0,0,1,1,0,0,0,1,7
DDD,2013B,542205,1,East Anglian Region,Lower Than A Level,20-30%,35-55,0,60,0,Pass,10,1,0,0,1,0,0,1,1,1,0,1,0,0,1,1
DDD,2013B,542293,0,North Western Region,Lower Than A Level,60-70%,35-55,0,60,0,Pass,8,1,0,0,1,0,1,1,1,1,1,1,0,1,1,3
DDD,2013B,542372,0,South East Region,Lower Than A Level,30-40%,0-35,0,60,0,Fail,15,1,0,0,0,0,1,1,0,1,0,0,0,0,1,10
DDD,2013B,542394,0,Yorkshire Region,Lower Than A Level,30-40%,0-35,0,60,0,Withdrawn,12,0,1,0,0,1,0,1,1,0,0,1,1,1,0,7
DDD,2013B,542476,1,West Midlands Region,HE Qualification,70-80%,0-35,0,60,0,Withdrawn,14,1,1,1,1,0,0,0,0,0,0,1,1,1,1,5
DDD,2013B,543060,1,West Midlands Region,A Level or Equivalent,60-70%,0-35,0,90,0,Pass,8,0,1,0,1,1,0,1,0,0,1,1,0,0,0,3
DDD,2013B,543202,1,Yorkshire Region,HE Qualification,0-10%,35-55,0,60,0,Pass,1,1,1,0,0,0,0,0,0,0,1,1,0,1,1,2
DDD,2013B,543231,0,North Western Region,Lower Than A Level,70-80%,35-55,0,60,0,Withdrawn,14,1,0,1,0,1,1,0,0,0,1,1,1,0,0,5
DDD,2013B,543340,0,North Western Region,A Level or Equivalent,30-40%,0-35,0,60,0,Pass,5,0,1,1,0,1,1,1,0,0,0,1,0,0,1,9
DDD,2013B,543383,0,North Region,A Level or Equivalent,30-40%,0-35,0,60,0,Withdrawn,1,1,0,0,0,0,1,0,0,0,1,1,1,1,1,2
DDD,2013B,543386,0,South West Region,Lower Than A Level,70-80%,35-55,0,60,0,Withdrawn,1,1,1,1,1,1,0,1,1,1,1,1,0,1,0,2
DDD,2013B,543421,1,North Region,Lower Than A Level,60-70%,0-35,0,60,0,Withdrawn,16,1,1,1,0,0,0,1,0,0,1,1,1,0,1,10
DDD,2013B,543446,0,South Region,Lower Than A Level,90-100%,0-35,0,90,0,Fail,13,0,0,0,1,0,0,1,0,1,1,0,0,0,1,5
DDD,2013B,543459,0,South East Region,Lower Than A Level,50-60%,0-35,0,60,0,Pass,15,0,1,1,0,1,0,1,1,1,0,0,0,0,1,10
DDD,2013B,543482,1,West Midlands Region,Lower Than A Level,30-40%,0-35,0,60,0,Withdrawn,9,0,1,0,0,0,1,0,0,1,0,1,1,0,1,4
DDD,2013B,543510,1,North Western Region,A Level or Equivalent,0-10%,0-35,0,75,0,Pass,2,0,1,1,0,0,0,1,1,0,1,0,0,0,1,2
DDD,2013B,543573,0,London Region,Lower Than A Level,30-40%,0-35,0,60,0,Pass,15,0,0,1,0,0,0,0,1,1,1,0,1,1,0,10
DDD,2013B,543663,0,North Western Region,A Level or Equivalent,0-10%,0-35,0,90,0,Withdrawn,4,0,1,1,1,1,0,0,1,1,0,0,0,0,1,8
DDD,2013B,543683,0,Scotland,Lower Than A Level,40-50%,35-55,0,60,0,Withdrawn,1,1,0,1,1,0,0,0,0,1,0,1,1,1,0,2
DDD,2013B,543749,0,West Midlands Region,Lower Than A Level,20-Oct,0-35,0,60,1,Fail,2,0,1,0,1,1,0,0,1,1,1,0,1,1,1,2
DDD,2013B,543756,0,Yorkshire Region,A Level or Equivalent,20-30%,0-35,0,60,1,Pass,2,1,1,1,1,0,0,0,1,0,0,1,1,0,0,2
DDD,2013B,543845,0,Scotland,A Level or Equivalent,20-Oct,35-55,0,180,0,Withdrawn,16,1,1,1,1,0,0,1,0,0,0,1,0,1,0,10
DDD,2013B,543860,0,East Anglian Region,Lower Than A Level,90-100%,0-35,0,180,0,Pass,14,0,0,1,1,0,0,1,1,1,1,1,0,1,1,5
DDD,2013B,543919,0,East Anglian Region,Lower Than A Level,20-30%,0-35,0,120,0,Pass,2,1,1,0,1,0,1,0,0,0,1,1,0,1,0,2
DDD,2013B,544053,0,South Region,A Level or Equivalent,80-90%,0-35,0,60,0,Pass,13,1,1,1,1,0,0,0,1,1,0,1,1,0,1,5
DDD,2013B,544063,1,East Anglian Region,A Level or Equivalent,80-90%,0-35,0,60,0,Fail,10,0,1,1,1,1,1,1,1,1,0,1,1,1,1,1
DDD,2013B,544091,0,Scotland,HE Qualification,90-100%,0-35,0,120,0,Pass,2,0,0,0,0,1,0,1,1,1,1,0,0,1,1,2
DDD,2013B,544226,0,Scotland,A Level or Equivalent,30-40%,35-55,0,60,0,Fail,10,1,1,0,0,1,0,0,0,0,1,1,1,1,1,1
DDD,2013B,544284,0,South Region,Lower Than A Level,20-Oct,0-35,0,60,0,Fail,8,1,0,0,1,0,0,0,1,1,1,1,1,0,1,3
DDD,2013B,544296,1,London Region,A Level or Equivalent,0-10%,0-35,0,90,0,Withdrawn,1,1,0,0,0,0,0,1,1,1,1,0,0,1,1,2
DDD,2013B,544307,0,South West Region,A Level or Equivalent,50-60%,0-35,0,60,0,Pass,1,0,1,1,0,1,0,0,1,0,1,0,1,0,1,2
DDD,2013B,544352,1,South West Region,A Level or Equivalent,60-70%,0-35,0,60,0,Withdrawn,6,1,0,0,0,1,1,0,0,1,0,1,1,0,0,9
DDD,2013B,544356,0,Ireland,Lower Than A Level,0-10%,0-35,0,90,0,Withdrawn,1,0,1,0,1,0,1,0,0,0,1,0,1,1,0,2
DDD,2013B,544367,0,London Region,A Level or Equivalent,50-60%,0-35,0,60,0,Fail,11,1,1,0,1,1,0,0,1,1,0,1,0,0,0,6
DDD,2013B,544467,0,Yorkshire Region,Lower Than A Level,60-70%,35-55,0,60,0,Pass,3,0,1,1,0,1,0,1,0,0,0,1,1,0,0,8
DDD,2013B,544556,0,South West Region,Lower Than A Level,80-90%,35-55,0,60,0,Fail,14,1,0,0,0,1,1,0,0,0,0,1,1,0,1,5
DDD,2013B,544603,0,North Region,A Level or Equivalent,0-10%,0-35,0,60,0,Pass,14,0,1,1,1,0,0,1,1,1,1,0,0,1,0,5
DDD,2013B,544649,0,North Region,Lower Than A Level,,35-55,0,60,0,Withdrawn,7,0,0,0,0,1,1,0,0,0,0,0,1,0,0,3
DDD,2013B,544839,0,Wales,A Level or Equivalent,40-50%,35-55,0,60,0,Distinction,2,0,0,1,0,0,1,1,0,1,0,0,0,0,0,2
DDD,2013B,544907,0,North Western Region,Lower Than A Level,60-70%,0-35,0,60,0,Fail,6,1,0,0,0,1,0,1,0,0,1,1,1,0,0,9
DDD,2013B,544942,0,Yorkshire Region,Lower Than A Level,0-10%,0-35,0,60,0,Withdrawn,3,1,0,0,1,0,1,0,0,0,0,0,0,1,0,8
DDD,2013B,544943,0,North Western Region,Lower Than A Level,40-50%,0-35,0,60,0,Fail,8,1,0,0,1,0,1,1,0,0,0,0,1,1,0,3
DDD,2013B,545083,1,East Anglian Region,Lower Than A Level,80-90%,0-35,0,120,0,Pass,12,0,1,0,0,0,0,1,1,1,0,0,1,1,1,7
DDD,2013B,545115,0,East Anglian Region,A Level or Equivalent,60-70%,0-35,0,60,1,Fail,11,1,0,1,0,0,0,1,1,0,1,1,0,0,1,6
DDD,2013B,545118,0,North Western Region,A Level or Equivalent,0-10%,0-35,0,90,0,Pass,3,1,0,0,0,0,1,1,0,1,1,1,1,1,1,8
DDD,2013B,545201,0,South West Region,Lower Than A Level,20-30%,0-35,0,60,1,Withdrawn,16,1,1,1,0,1,1,0,0,0,1,0,0,0,1,10
DDD,2013B,545245,0,South Region,Lower Than A Level,80-90%,0-35,0,120,1,Fail,15,0,0,1,0,1,0,1,0,0,0,1,0,0,0,10
DDD,2013B,545387,0,Yorkshire Region,A Level or Equivalent,30-40%,0-35,0,60,0,Fail,9,1,0,0,0,0,0,0,1,0,0,0,1,1,1,4
DDD,2013B,545704,0,South East Region,Lower Than A Level,70-80%,0-35,0,60,1,Pass,7,0,0,0,1,0,1,0,0,0,1,0,0,0,1,3
DDD,2013B,545770,0,Yorkshire Region,Lower Than A Level,40-50%,0-35,0,60,0,Withdrawn,1,1,1,0,0,1,1,0,1,1,0,0,0,1,1,2
DDD,2013B,545993,0,South West Region,Lower Than A Level,60-70%,0-35,0,60,0,Fail,11,0,0,0,0,1,0,0,0,1,0,1,0,0,1,6
DDD,2013B,546000,0,London Region,HE Qualification,20-Oct,35-55,0,60,0,Fail,2,0,0,1,0,0,0,1,0,1,1,0,0,0,1,2
DDD,2013B,546054,0,South Region,A Level or Equivalent,80-90%,35-55,0,60,0,Pass,1,0,0,1,0,0,0,1,0,1,1,0,1,0,1,2
DDD,2013B,546074,1,Scotland,A Level or Equivalent,30-40%,0-35,0,60,0,Pass,12,0,1,0,1,1,0,1,0,1,1,0,0,1,1,7
DDD,2013B,546089,0,Scotland,HE Qualification,50-60%,35-55,0,60,0,Fail,3,1,0,1,1,0,1,0,0,0,0,1,1,0,0,8
DDD,2013B,546191,0,Ireland,A Level or Equivalent,20-30%,0-35,0,60,0,Pass,12,0,1,1,0,1,1,0,0,0,1,1,1,1,0,7
DDD,2013B,546221,1,East Midlands Region,Lower Than A Level,70-80%,35-55,0,60,0,Pass,1,0,1,0,1,0,1,0,1,0,0,1,0,0,1,2
DDD,2013B,546293,0,Scotland,HE Qualification,40-50%,35-55,0,60,1,Withdrawn,15,1,0,1,1,0,0,0,0,0,1,0,0,0,1,10
DDD,2013B,546339,1,Scotland,A Level or Equivalent,30-40%,0-35,0,60,1,Withdrawn,2,1,0,1,0,0,0,0,0,0,0,0,1,1,1,2
DDD,2013B,546403,0,North Western Region,Lower Than A Level,60-70%,0-35,0,60,0,Withdrawn,15,0,0,1,0,1,1,0,0,0,0,1,0,0,1,10
DDD,2013B,546654,0,East Midlands Region,A Level or Equivalent,80-90%,0-35,0,60,1,Withdrawn,2,0,1,0,1,1,0,1,1,0,0,0,0,1,1,2
DDD,2013B,546675,1,Ireland,A Level or Equivalent,70-80%,0-35,0,60,0,Pass,6,1,1,0,0,1,0,1,1,0,0,1,0,0,1,9
DDD,2013B,546747,1,Scotland,Lower Than A Level,70-80%,35-55,0,60,0,Withdrawn,6,0,1,1,0,1,1,0,0,1,0,0,0,0,0,9
DDD,2013B,546804,0,South West Region,A Level or Equivalent,40-50%,0-35,0,60,0,Fail,5,0,1,0,1,0,1,0,0,1,0,1,1,1,0,9
DDD,2013B,546826,1,London Region,Lower Than A Level,50-60%,35-55,0,60,0,Pass,12,0,0,1,1,0,0,0,1,1,0,1,0,1,0,7
DDD,2013B,546830,1,London Region,A Level or Equivalent,30-40%,0-35,0,60,0,Fail,1,1,0,0,0,0,0,0,1,0,0,1,1,0,1,2
DDD,2013B,546861,1,West Midlands Region,Lower Than A Level,0-10%,0-35,0,60,0,Withdrawn,13,0,1,0,0,0,1,1,1,0,0,1,0,0,0,5
DDD,2013B,546862,1,West Midlands Region,A Level or Equivalent,20-30%,0-35,0,60,1,Pass,8,0,0,1,1,0,1,1,1,1,0,0,1,1,0,3
DDD,2013B,546953,0,Scotland,A Level or Equivalent,80-90%,35-55,0,60,0,Pass,1,0,1,0,0,0,1,0,1,1,0,0,1,1,0,2
DDD,2013B,547252,1,South Region,Lower Than A Level,60-70%,0-35,0,60,0,Withdrawn,15,1,0,0,0,0,0,1,0,1,0,0,1,0,1,10
DDD,2013B,547349,0,North Region,Lower Than A Level,,0-35,0,60,0,Pass,13,0,1,0,0,0,1,0,0,1,1,1,0,0,1,5
DDD,2013B,547445,1,South Region,Lower Than A Level,40-50%,0-35,0,60,0,Pass,6,0,1,0,0,1,1,0,0,0,1,0,1,1,1,9
DDD,2013B,547486,0,London Region,Lower Than A Level,50-60%,0-35,0,60,0,Fail,16,1,1,0,1,0,1,1,1,1,0,0,0,1,0,10
DDD,2013B,547522,1,Scotland,A Level or Equivalent,30-40%,35-55,0,60,0,Fail,9,1,0,0,0,1,0,1,0,0,1,1,1,0,1,4
DDD,2013B,547629,1,East Midlands Region,Lower Than A Level,90-100%,35-55,0,60,0,Withdrawn,5,1,1,1,1,1,0,1,0,1,1,1,0,1,1,9
DDD,2013B,547679,1,Scotland,Lower Than A Level,30-40%,0-35,0,60,0,Fail,16,0,1,1,0,1,0,1,0,0,0,0,1,0,1,10
DDD,2013B,547784,1,South Region,Lower Than A Level,50-60%,0-35,0,60,1,Withdrawn,4,0,0,0,0,0,1,1,0,0,0,1,0,0,1,8
DDD,2013B,547787,0,East Anglian Region,Lower Than A Level,60-70%,0-35,0,60,1,Withdrawn,10,1,1,1,0,0,0,0,0,1,1,0,0,0,0,1
DDD,2013B,547897,1,Scotland,Lower Than A Level,40-50%,0-35,0,90,0,Withdrawn,8,1,1,0,1,1,0,0,1,0,0,0,1,0,0,3
DDD,2013B,547986,1,West Midlands Region,A Level or Equivalent,0-10%,0-35,0,60,0,Fail,16,0,1,1,0,0,1,0,0,1,0,1,1,1,1,10
DDD,2013B,548069,0,South East Region,A Level or Equivalent,60-70%,0-35,0,60,0,Pass,12,0,0,1,1,0,0,1,0,1,1,0,0,1,1,7
DDD,2013B,548132,0,North Western Region,Lower Than A Level,60-70%,0-35,0,60,0,Withdrawn,8,0,1,0,1,1,0,1,0,1,0,0,0,1,0,3
DDD,2013B,548173,1,East Anglian Region,Lower Than A Level,80-90%,0-35,0,60,0,Withdrawn,10,1,1,0,0,1,0,1,0,1,1,0,1,1,0,1
DDD,2013B,548267,1,East Anglian Region,A Level or Equivalent,40-50%,0-35,0,60,0,Pass,13,1,0,1,1,0,0,1,0,1,1,0,0,1,1,5
DDD,2013B,548271,1,Scotland,A Level or Equivalent,50-60%,0-35,0,60,0,Fail,8,0,0,0,1,1,1,1,1,1,1,1,1,0,1,3
DDD,2013B,548371,0,North Western Region,A Level or Equivalent,20-30%,0-35,0,60,0,Fail,5,1,1,1,1,1,0,1,1,1,0,0,0,1,0,9
DDD,2013B,548420,1,West Midlands Region,A Level or Equivalent,30-40%,0-35,0,60,0,Withdrawn,11,1,1,0,1,0,0,0,1,1,0,0,0,0,0,6
DDD,2013B,548473,0,Ireland,Lower Than A Level,,35-55,0,60,0,Fail,16,1,0,0,1,1,0,0,1,1,1,1,1,1,1,10
DDD,2013B,548535,1,South East Region,A Level or Equivalent,50-60%,0-35,0,60,1,Pass,2,1,1,0,0,1,0,1,0,1,1,0,0,1,1,2
DDD,2013B,548602,0,South Region,A Level or Equivalent,60-70%,0-35,0,60,0,Pass,2,1,1,0,0,1,0,1,1,1,0,0,1,0,1,2
DDD,2013B,548650,1,South East Region,Lower Than A Level,50-60%,0-35,0,60,0,Withdrawn,12,1,1,0,1,0,1,0,0,0,0,0,1,0,0,7
DDD,2013B,548677,0,Ireland,A Level or Equivalent,70-80%,0-35,0,60,0,Pass,5,1,1,1,0,0,1,1,1,0,1,1,0,1,1,9
DDD,2013B,548679,0,East Anglian Region,Lower Than A Level,30-40%,0-35,0,60,0,Fail,11,1,1,0,0,1,1,0,1,1,0,1,0,0,1,6
DDD,2013B,548739,0,East Anglian Region,Lower Than A Level,20-30%,0-35,0,60,1,Withdrawn,1,1,1,0,1,1,0,1,0,1,0,1,0,1,0,2
DDD,2013B,548773,0,North Western Region,A Level or Equivalent,80-90%,0-35,0,60,0,Fail,3,0,1,0,0,0,1,0,1,0,1,0,1,1,0,8
DDD,2013B,548797,0,Scotland,Lower Than A Level,30-40%,35-55,0,60,0,Withdrawn,14,0,1,0,0,0,0,1,1,0,1,1,0,1,0,5
DDD,2013B,548869,1,Scotland,HE Qualification,20-30%,0-35,0,60,0,Fail,5,0,1,1,0,1,0,1,0,0,1,0,1,0,1,9
DDD,2013B,548872,0,South West Region,Lower Than A Level,20-30%,0-35,0,60,0,Withdrawn,8,0,0,0,0,0,0,1,0,1,0,1,0,1,0,3
DDD,2013B,548959,1,Wales,A Level or Equivalent,80-90%,0-35,0,60,0,Fail,12,0,1,1,0,0,0,1,1,1,0,0,0,1,0,7
DDD,2013B,548993,1,West Midlands Region,Lower Than A Level,90-100%,0-35,0,90,0,Withdrawn,6,0,1,1,0,1,1,1,0,1,1,0,1,1,0,9
DDD,2013B,548996,0,East Midlands Region,HE Qualification,40-50%,35-55,0,60,0,Pass,11,0,0,1,0,0,1,0,0,1,0,1,0,0,1,6
DDD,2013B,549038,0,Wales,Lower Than A Level,80-90%,0-35,0,60,0,Pass,5,0,1,1,1,0,0,1,1,0,0,0,1,0,1,9
DDD,2013B,549095,0,Scotland,HE Qualification,40-50%,35-55,0,60,0,Pass,11,0,1,0,0,1,0,0,1,1,1,1,1,1,0,6
DDD,2013B,549125,0,South West Region,A Level or Equivalent,30-40%,0-35,0,120,0,Pass,16,1,0,1,1,0,1,1,0,1,1,1,0,0,0,10
DDD,2013B,549135,1,South Region,A Level or Equivalent,50-60%,0-35,0,60,1,Pass,1,1,1,1,0,1,0,1,0,1,0,0,0,0,0,2
DDD,2013B,549156,0,North Western Region,Lower Than A Level,0-10%,0-35,0,60,0,Withdrawn,8,1,0,0,0,0,1,0,0,0,1,1,0,0,1,3
DDD,2013B,549213,1,London Region,A Level or Equivalent,40-50%,0-35,0,60,0,Withdrawn,3,1,0,0,0,0,0,1,1,1,0,1,0,1,1,8
DDD,2013B,549283,0,Scotland,HE Qualification,50-60%,0-35,0,60,0,Fail,3,1,0,1,0,1,0,1,1,0,1,0,1,1,1,8
DDD,2013B,549334,0,North Region,Lower Than A Level,0-10%,0-35,0,60,0,Withdrawn,7,1,1,1,1,1,0,1,0,1,0,0,1,1,0,3
DDD,2013B,549354,0,Wales,Lower Than A Level,80-90%,35-55,0,120,0,Fail,1,0,0,1,1,0,0,0,1,0,1,0,1,1,0,2
DDD,2013B,549361,1,London Region,Lower Than A Level,20-Oct,0-35,0,60,1,Withdrawn,4,1,1,0,0,0,0,1,1,0,0,0,0,1,1,8
DDD,2013B,549424,0,South Region,Post Graduate Qualification,90-100%,35-55,0,60,0,Withdrawn,7,1,1,0,0,0,1,1,1,1,0,1,0,0,0,3
DDD,2013B,549498,0,Scotland,Lower Than A Level,40-50%,35-55,0,60,0,Fail,13,0,1,0,0,0,1,0,1,0,1,0,1,1,0,5
DDD,2013B,549545,0,South East Region,Lower Than A Level,30-40%,0-35,0,60,0,Pass,9,1,1,0,0,1,0,0,0,1,0,1,0,0,0,4
DDD,2013B,549575,0,East Anglian Region,Lower Than A Level,20-Oct,35-55,0,60,0,Withdrawn,11,1,0,1,0,1,1,0,1,0,1,0,0,1,0,6
DDD,2013B,549684,0,Wales,Post Graduate Qualification,80-90%,35-55,0,60,0,Pass,5,1,1,1,0,1,0,1,1,1,1,1,1,1,1,9
DDD,2013B,549690,1,North Western Region,A Level or Equivalent,0-10%,0-35,0,60,0,Pass,7,0,1,0,1,1,0,0,0,0,1,0,0,0,1,3
DDD,2013B,549698,1,South West Region,A Level or Equivalent,70-80%,0-35,0,60,0,Pass,10,0,0,0,0,1,0,0,1,1,1,0,1,1,1,1
DDD,2013B,549710,0,East Midlands Region,Lower Than A Level,20-Oct,0-35,0,60,0,Pass,7,1,0,0,1,1,0,1,0,0,1,1,1,1,1,3
DDD,2013B,549731,0,Scotland,Lower Than A Level,70-80%,0-35,0,60,0,Pass,15,1,0,1,1,1,1,1,1,0,0,1,0,1,1,10
DDD,2013B,549783,0,East Anglian Region,Lower Than A Level,70-80%,0-35,0,60,0,Pass,14,1,0,1,0,0,0,0,1,0,1,1,0,0,1,5
DDD,2013B,549795,1,South West Region,A Level or Equivalent,20-Oct,0-35,0,60,0,Pass,3,0,0,1,1,0,1,1,0,1,0,0,0,1,0,8
DDD,2013B,549872,0,North Western Region,Lower Than A Level,0-10%,35-55,0,60,0,Pass,8,0,1,1,1,0,0,1,0,0,0,0,0,0,0,3
DDD,2013B,549897,1,London Region,Lower Than A Level,20-Oct,0-35,0,60,0,Fail,13,1,0,0,1,0,0,1,0,0,0,0,0,1,1,5
DDD,2013B,549913,1,East Midlands Region,A Level or Equivalent,40-50%,0-35,0,60,1,Withdrawn,16,0,1,0,1,0,0,0,1,0,0,1,0,0,1,10
DDD,2013B,549928,0,South West Region,A Level or Equivalent,50-60%,0-35,0,60,0,Withdrawn,8,1,0,0,1,0,1,0,0,1,1,0,0,1,1,3
DDD,2013B,550064,0,East Midlands Region,A Level or Equivalent,50-60%,0-35,0,60,0,Pass,8,0,1,0,1,0,0,0,1,0,1,1,1,0,1,3
DDD,2013B,550092,0,East Anglian Region,A Level or Equivalent,20-Oct,35-55,0,60,0,Pass,5,0,0,1,0,0,0,0,0,0,1,0,0,0,0,9
DDD,2013B,550142,1,South East Region,A Level or Equivalent,40-50%,0-35,0,60,0,Withdrawn,16,1,1,1,1,0,0,1,0,1,1,0,1,0,1,10
DDD,2013B,550183,0,North Region,A Level or Equivalent,20-Oct,0-35,0,60,0,Withdrawn,10,0,1,1,1,0,0,0,0,1,0,0,1,1,1,1
DDD,2013B,550205,0,London Region,HE Qualification,0-10%,35-55,0,60,1,Withdrawn,1,0,1,1,0,0,0,1,1,1,0,1,1,1,1,2
DDD,2013B,550348,1,Wales,HE Qualification,90-100%,0-35,0,60,0,Fail,12,1,1,0,0,0,1,1,1,1,1,1,1,1,0,7
DDD,2013B,550371,0,South East Region,Lower Than A Level,70-80%,0-35,0,60,1,Fail,7,0,1,0,1,1,1,1,0,1,1,1,1,0,0,3
DDD,2013B,550521,0,South West Region,Lower Than A Level,40-50%,0-35,0,60,0,Withdrawn,12,0,1,0,0,1,1,1,1,1,1,1,1,0,1,7
DDD,2013B,550545,1,Scotland,A Level or Equivalent,60-70%,0-35,0,60,0,Pass,16,0,1,1,1,1,0,1,0,1,0,1,0,0,0,10
DDD,2013B,550604,1,Scotland,HE Qualification,20-30%,35-55,0,60,0,Pass,2,1,1,1,0,0,1,0,1,0,0,1,0,0,1,2
DDD,2013B,550657,1,West Midlands Region,Lower Than A Level,80-90%,0-35,0,60,0,Withdrawn,14,0,1,1,1,0,1,1,0,0,0,1,0,0,1,5
DDD,2013B,550711,0,London Region,A Level or Equivalent,0-10%,35-55,0,60,0,Fail,14,1,0,0,1,1,0,1,0,1,1,1,1,0,1,5
DDD,2013B,550725,0,South West Region,A Level or Equivalent,20-Oct,0-35,0,60,0,Pass,2,0,0,1,1,0,1,1,0,0,0,1,1,1,1,2
DDD,2013B,550762,0,Yorkshire Region,Lower Than A Level,30-40%,0-35,0,60,0,Pass,14,1,0,0,0,0,0,1,0,1,0,0,0,1,0,5
DDD,2013B,550865,0,Yorkshire Region,HE Qualification,20-30%,0-35,0,60,0,Pass,3,0,1,1,0,1,1,0,0,1,0,1,1,1,0,8
DDD,2013B,550893,0,North Region,A Level or Equivalent,0-10%,0-35,0,60,0,Fail,3,0,0,0,1,1,1,0,1,1,1,0,1,1,1,8
DDD,2013B,550974,0,London Region,Lower Than A Level,20-Oct,0-35,0,60,1,Fail,5,1,1,0,1,1,0,1,1,1,1,0,1,0,0,9
DDD,2013B,551169,0,West Midlands Region,HE Qualification,80-90%,35-55,0,60,0,Fail,2,1,1,1,0,0,0,1,1,1,0,0,1,1,0,2
DDD,2013B,551183,0,North Region,A Level or Equivalent,,0-35,0,60,0,Pass,11,0,0,1,0,0,1,0,0,0,1,1,1,1,0,6
DDD,2013B,551334,1,South East Region,A Level or Equivalent,60-70%,0-35,0,60,0,Pass,13,1,1,1,1,1,0,1,1,0,0,1,1,1,0,5
DDD,2013B,551375,1,Ireland,Lower Than A Level,,35-55,0,60,0,Pass,9,0,0,1,1,1,0,0,0,1,1,1,1,0,0,4
DDD,2013B,551478,0,South West Region,A Level or Equivalent,50-60%,55<=,0,90,0,Pass,9,0,0,0,0,0,0,1,1,0,1,1,0,1,0,4
DDD,2013B,551550,0,London Region,A Level or Equivalent,0-10%,0-35,0,120,0,Pass,11,1,1,1,0,0,1,0,0,1,1,0,1,0,0,6
DDD,2013B,551573,0,Ireland,A Level or Equivalent,20-30%,0-35,0,60,0,Pass,8,0,0,0,1,0,0,0,1,0,0,1,0,1,1,3
DDD,2013B,551666,0,West Midlands Region,Lower Than A Level,30-40%,0-35,0,60,0,Withdrawn,14,0,1,1,0,0,1,0,1,1,0,0,1,1,0,5
DDD,2013B,551979,0,Scotland,Lower Than A Level,0-10%,0-35,0,60,0,Fail,5,1,1,0,0,0,1,1,0,0,1,1,1,0,0,9
DDD,2013B,552030,1,South West Region,Lower Than A Level,80-90%,0-35,0,60,0,Withdrawn,6,1,0,1,1,1,1,1,1,1,1,1,1,0,1,9
DDD,2013B,552114,1,South West Region,Lower Than A Level,50-60%,0-35,0,60,0,Fail,12,0,1,1,1,1,1,0,1,0,1,1,0,1,1,7
DDD,2013B,552166,0,West Midlands Region,Lower Than A Level,,0-35,0,60,0,Pass,3,1,0,0,0,1,1,0,0,0,1,0,0,1,1,8
DDD,2013B,552255,0,North Western Region,A Level or Equivalent,20-30%,0-35,0,90,0,Withdrawn,3,1,0,0,1,0,0,0,1,0,0,1,0,0,0,8
DDD,2013B,552327,0,South West Region,A Level or Equivalent,40-50%,0-35,0,60,0,Withdrawn,7,0,0,0,1,0,1,0,1,0,0,1,0,0,1,3
DDD,2013B,552635,1,West Midlands Region,Lower Than A Level,30-40%,35-55,0,60,0,Pass,5,0,1,1,1,0,0,1,1,1,0,0,0,1,0,9
DDD,2013B,552661,0,East Anglian Region,Lower Than A Level,30-40%,35-55,0,60,0,Pass,16,1,1,0,1,0,0,1,0,1,0,0,0,0,0,10
DDD,2013B,552789,1,East Anglian Region,A Level or Equivalent,50-60%,0-35,0,60,0,Pass,8,1,0,1,1,1,1,0,0,0,0,0,0,0,1,3
DDD,2013B,552824,0,South Region,Lower Than A Level,80-90%,0-35,0,60,0,Fail,11,0,0,1,1,1,1,1,1,0,1,1,0,1,1,6
DDD,2013B,552921,1,South West Region,A Level or Equivalent,70-80%,0-35,0,60,0,Distinction,12,0,1,0,1,1,0,1,1,0,0,0,0,1,1,7
DDD,2013B,552955,0,Ireland,A Level or Equivalent,90-100%,0-35,0,60,0,Fail,14,0,1,1,0,1,0,0,1,1,1,1,1,0,1,5
DDD,2013B,552999,1,North Western Region,Lower Than A Level,30-40%,0-35,0,60,0,Withdrawn,5,0,1,0,1,0,0,1,0,1,0,1,0,1,1,9
DDD,2013B,553253,0,London Region,HE Qualification,60-70%,0-35,0,60,0,Withdrawn,9,1,1,1,0,1,1,0,1,0,0,1,0,1,1,4
DDD,2013B,553275,1,East Midlands Region,Lower Than A Level,30-40%,0-35,0,60,0,Pass,10,1,1,1,1,0,0,1,0,0,0,1,1,1,0,1
DDD,2013B,553382,1,East Anglian Region,Lower Than A Level,30-40%,0-35,0,60,0,Pass,2,1,1,1,0,1,1,0,1,1,0,0,1,1,1,2
DDD,2013B,553575,1,South West Region,HE Qualification,70-80%,0-35,0,60,0,Pass,6,0,0,0,0,1,0,0,0,1,0,1,0,1,0,9
DDD,2013B,553627,0,East Anglian Region,A Level or Equivalent,80-90%,0-35,0,60,0,Withdrawn,7,1,1,0,1,1,0,0,1,0,0,0,0,1,0,3
DDD,2013B,553864,0,Scotland,A Level or Equivalent,50-60%,0-35,0,60,0,Withdrawn,9,1,0,0,0,0,1,0,0,0,1,1,1,0,0,4
DDD,2013B,553964,0,North Western Region,Lower Than A Level,0-10%,0-35,0,60,0,Pass,9,1,1,0,0,1,1,0,0,1,1,1,0,0,0,4
DDD,2013B,554046,1,Yorkshire Region,Lower Than A Level,30-40%,0-35,0,90,0,Withdrawn,1,1,1,1,1,1,0,0,1,1,1,1,0,1,1,2
DDD,2013B,554161,0,North Western Region,A Level or Equivalent,60-70%,0-35,0,120,0,Pass,14,1,1,0,1,0,0,1,1,0,0,1,0,1,0,5
DDD,2013B,554174,0,Scotland,HE Qualification,70-80%,35-55,0,90,0,Distinction,16,0,1,0,1,1,1,0,1,1,0,0,1,1,1,10
DDD,2013B,554193,1,Wales,HE Qualification,60-70%,0-35,0,60,0,Fail,12,1,1,1,1,0,1,1,1,1,0,1,0,0,1,7
DDD,2013B,554205,0,Ireland,Lower Than A Level,,0-35,0,60,0,Pass,10,1,1,1,0,1,0,1,0,0,0,1,0,1,1,1
DDD,2013B,554245,0,East Anglian Region,Lower Than A Level,30-40%,0-35,0,60,0,Pass,15,1,0,1,0,1,1,0,1,1,1,1,0,0,0,10
DDD,2013B,554295,0,North Western Region,A Level or Equivalent,20-Oct,35-55,0,90,1,Pass,8,1,1,1,0,1,0,0,1,0,1,0,1,0,1,3
DDD,2013B,554300,0,West Midlands Region,A Level or Equivalent,60-70%,0-35,0,60,0,Pass,5,0,0,1,1,1,0,0,1,0,1,0,0,0,1,9
DDD,2013B,554446,1,North Western Region,Lower Than A Level,70-80%,0-35,0,60,0,Pass,10,1,0,0,1,0,0,1,0,1,1,0,0,1,1,1
DDD,2013B,554484,0,Scotland,HE Qualification,90-100%,35-55,0,60,1,Pass,9,0,1,1,0,0,1,1,0,1,0,1,0,0,1,4
DDD,2013B,554574,1,North Western Region,A Level or Equivalent,40-50%,0-35,0,60,0,Pass,3,0,1,0,0,0,1,0,1,1,0,1,0,1,1,8
DDD,2013B,554587,0,Wales,Lower Than A Level,30-40%,0-35,0,60,0,Withdrawn,10,1,1,1,1,0,0,1,0,0,0,0,0,1,0,1
DDD,2013B,554588,1,North Region,HE Qualification,20-30%,35-55,0,90,0,Withdrawn,6,0,0,1,0,0,1,1,1,1,1,1,1,1,0,9
DDD,2013B,554691,0,North Western Region,Lower Than A Level,40-50%,35-55,0,60,1,Withdrawn,8,0,1,0,1,1,1,0,1,1,0,0,0,1,1,3
DDD,2013B,554729,0,Yorkshire Region,Lower Than A Level,40-50%,35-55,0,60,0,Withdrawn,12,1,0,0,0,0,0,1,1,0,1,1,0,0,1,7
DDD,2013B,554773,0,West Midlands Region,Lower Than A Level,20-30%,0-35,0,60,0,Fail,7,1,0,0,0,1,1,0,1,0,1,1,1,0,1,3
DDD,2013B,554881,0,West Midlands Region,Lower Than A Level,0-10%,0-35,0,90,0,Fail,14,1,0,0,0,0,0,0,1,1,1,0,0,0,1,5
DDD,2013B,554885,0,Yorkshire Region,A Level or Equivalent,20-30%,35-55,0,60,0,Fail,2,0,0,1,0,1,0,1,1,0,0,0,0,1,0,2
DDD,2013B,554995,0,North Region,A Level or Equivalent,,0-35,0,150,0,Pass,4,1,1,0,1,0,0,1,0,1,0,0,1,1,1,8
DDD,2013B,555151,1,West Midlands Region,Lower Than A Level,50-60%,0-35,0,60,0,Withdrawn,1,0,0,1,1,0,1,0,0,1,1,0,0,1,1,2
DDD,2013B,555297,0,North Western Region,Lower Than A Level,70-80%,0-35,0,60,0,Withdrawn,1,1,0,1,0,1,1,1,0,1,0,0,0,1,0,2
DDD,2013B,555360,0,West Midlands Region,Lower Than A Level,20-Oct,35-55,0,60,0,Fail,8,0,1,1,1,1,0,0,1,1,1,0,0,1,1,3
DDD,2013B,555408,0,South Region,A Level or Equivalent,70-80%,0-35,0,60,0,Fail,4,1,1,1,1,1,1,0,1,1,1,1,1,0,0,8
DDD,2013B,555428,0,Wales,HE Qualification,80-90%,0-35,0,60,0,Fail,15,1,1,0,0,1,1,0,1,0,0,0,0,1,1,10
DDD,2013B,555446,0,East Anglian Region,Lower Than A Level,90-100%,0-35,0,60,0,Withdrawn,15,0,1,1,0,1,1,1,1,1,1,1,0,0,1,10
DDD,2013B,555497,0,South West Region,A Level or Equivalent,50-60%,0-35,0,60,0,Fail,5,0,0,1,0,1,1,0,1,1,0,0,1,1,0,9
DDD,2013B,555740,0,London Region,A Level or Equivalent,20-Oct,0-35,0,60,1,Pass,4,1,0,0,1,0,1,0,1,0,1,0,1,1,0,8
DDD,2013B,555765,0,South Region,A Level or Equivalent,60-70%,0-35,0,60,0,Fail,5,0,1,0,0,0,0,1,1,1,0,0,1,1,0,9
DDD,2013B,555772,0,North Western Region,A Level or Equivalent,50-60%,0-35,0,100,0,Fail,2,0,0,1,1,0,1,1,0,0,0,1,1,1,0,2
DDD,2013B,555830,0,South East Region,Lower Than A Level,0-10%,0-35,0,60,0,Withdrawn,8,1,0,1,1,1,0,0,0,1,0,0,0,0,0,3
DDD,2013B,556030,0,East Midlands Region,HE Qualification,30-40%,0-35,0,60,0,Fail,6,0,1,1,1,0,0,0,1,0,1,1,1,0,0,9
DDD,2013B,556082,0,East Anglian Region,A Level or Equivalent,90-100%,35-55,0,60,0,Pass,9,0,0,0,0,1,1,1,1,0,0,0,1,1,1,4
DDD,2013B,556093,1,West Midlands Region,A Level or Equivalent,60-70%,0-35,0,60,0,Withdrawn,16,0,1,0,1,0,1,0,0,0,1,0,1,0,1,10
DDD,2013B,556165,0,Wales,Lower Than A Level,40-50%,0-35,0,60,0,Fail,7,1,0,0,0,1,0,0,1,1,0,0,0,1,1,3
DDD,2013B,556185,0,North Region,A Level or Equivalent,,0-35,0,60,0,Distinction,10,0,0,1,0,0,1,0,1,0,0,1,1,1,0,1
DDD,2013B,556295,0,North Region,Lower Than A Level,,0-35,0,60,0,Fail,5,0,1,1,0,0,1,0,0,1,1,1,1,0,1,9
DDD,2013B,556308,1,West Midlands Region,Lower Than A Level,0-10%,0-35,0,60,0,Withdrawn,11,0,0,0,1,0,1,1,0,0,0,0,1,1,0,6
DDD,2013B,556337,1,Wales,Lower Than A Level,60-70%,0-35,0,60,1,Pass,4,1,1,1,0,0,0,1,1,0,1,1,1,1,1,8
DDD,2013B,556354,0,South West Region,Lower Than A Level,20-30%,0-35,0,60,0,Withdrawn,2,0,1,1,0,0,1,1,1,0,1,0,1,1,0,2
DDD,2013B,556360,0,Wales,Lower Than A Level,20-30%,0-35,0,60,0,Withdrawn,14,0,1,1,1,1,1,0,1,1,0,1,0,1,1,5
DDD,2013B,556362,0,South Region,Lower Than A Level,80-90%,35-55,0,60,1,Pass,3,1,1,1,0,1,1,1,1,1,1,1,0,0,1,8
DDD,2013B,556369,0,South Region,HE Qualification,90-100%,0-35,0,60,0,Withdrawn,1,0,0,1,0,1,0,1,0,0,0,1,0,1,0,2
DDD,2013B,556370,0,Scotland,HE Qualification,50-60%,0-35,0,60,0,Fail,16,0,0,1,1,1,1,0,0,1,1,0,1,1,1,10
DDD,2013B,556373,0,South Region,HE Qualification,90-100%,0-35,0,60,0,Distinction,12,1,1,1,0,1,1,0,0,0,1,0,1,0,0,7
DDD,2013B,556389,0,London Region,HE Qualification,70-80%,0-35,0,60,0,Pass,6,1,1,0,0,1,1,1,0,1,1,1,1,0,0,9
DDD,2013B,556575,0,North Region,HE Qualification,,0-35,0,60,0,Distinction,16,0,1,0,0,1,0,0,0,0,0,1,1,1,0,10
DDD,2013B,556584,0,East Anglian Region,HE Qualification,60-70%,0-35,0,60,0,Pass,5,0,1,1,1,1,0,1,1,0,0,0,0,0,1,9
DDD,2013B,556660,1,East Midlands Region,Lower Than A Level,0-10%,0-35,0,60,0,Fail,8,1,0,0,0,0,0,0,1,0,0,0,0,0,1,3
DDD,2013B,556713,0,London Region,Lower Than A Level,20-30%,0-35,0,120,0,Withdrawn,15,1,1,0,1,0,0,0,0,0,1,0,1,1,0,10
DDD,2013B,556721,0,South Region,A Level or Equivalent,80-90%,0-35,0,60,0,Pass,4,1,1,1,0,0,1,1,0,1,0,0,1,1,1,8
DDD,2013B,556739,1,South Region,A Level or Equivalent,50-60%,0-35,0,120,0,Withdrawn,4,0,0,0,1,1,0,0,0,0,0,1,1,1,1,8
DDD,2013B,556756,0,South East Region,Lower Than A Level,40-50%,0-35,0,60,0,Fail,12,1,0,1,1,0,0,0,0,1,1,0,1,1,1,7
DDD,2013B,556774,0,East Midlands Region,A Level or Equivalent,20-30%,0-35,0,60,0,Distinction,12,0,1,0,1,1,1,0,1,0,0,1,0,0,1,7
DDD,2013B,556780,0,North Region,Post Graduate Qualification,,35-55,0,60,0,Pass,10,1,0,1,0,0,1,1,1,0,0,1,0,1,0,1
DDD,2013B,556785,1,North Region,Lower Than A Level,,0-35,0,60,0,Pass,10,0,1,0,0,0,0,0,0,1,1,0,0,1,0,1
DDD,2013B,556835,0,East Anglian Region,A Level or Equivalent,70-80%,35-55,0,90,0,Pass,13,0,0,0,1,0,1,1,1,1,0,0,0,1,1,5
DDD,2013B,556918,0,West Midlands Region,A Level or Equivalent,30-40%,0-35,0,60,0,Pass,7,1,0,1,0,1,1,0,1,0,1,1,1,0,1,3
DDD,2013B,556934,1,Yorkshire Region,A Level or Equivalent,50-60%,0-35,0,60,0,Pass,11,1,0,0,0,0,1,1,1,1,0,0,0,1,0,6
DDD,2013B,557005,0,London Region,Lower Than A Level,20-30%,35-55,0,60,0,Fail,4,0,0,1,1,0,0,1,1,1,0,1,0,0,0,8
DDD,2013B,557045,0,East Anglian Region,A Level or Equivalent,30-40%,0-35,0,60,0,Pass,8,0,0,0,1,1,1,1,0,1,0,0,1,0,1,3
DDD,2013B,557083,1,North Western Region,Lower Than A Level,20-Oct,0-35,0,180,1,Withdrawn,7,1,1,0,0,1,0,0,0,0,1,1,1,0,0,3
DDD,2013B,557237,0,Scotland,A Level or Equivalent,20-30%,0-35,0,60,1,Fail,5,1,0,1,0,1,0,0,0,1,1,0,1,0,0,9
DDD,2013B,557247,1,Yorkshire Region,A Level or Equivalent,0-10%,0-35,0,60,1,Withdrawn,16,1,1,1,1,1,0,0,1,1,1,0,1,0,0,10
DDD,2013B,557358,0,London Region,Lower Than A Level,50-60%,0-35,0,90,0,Fail,7,1,0,0,1,0,1,0,1,1,0,0,1,0,0,3
DDD,2013B,557432,0,South West Region,Lower Than A Level,50-60%,0-35,0,60,0,Fail,10,1,1,1,0,1,0,1,1,1,1,0,0,1,0,1
DDD,2013B,557467,1,London Region,A Level or Equivalent,40-50%,0-35,0,60,0,Withdrawn,6,0,0,1,1,1,1,0,1,1,1,0,1,0,1,9
DDD,2013B,557477,0,Scotland,A Level or Equivalent,90-100%,0-35,0,60,0,Fail,16,0,0,1,0,1,1,1,0,1,0,0,1,1,0,10
DDD,2013B,557504,1,London Region,Lower Than A Level,40-50%,0-35,0,60,0,Withdrawn,13,0,1,0,1,0,0,1,0,0,1,1,0,0,1,5
DDD,2013B,557694,0,London Region,HE Qualification,30-40%,35-55,0,60,0,Pass,11,0,1,0,1,1,1,1,1,1,0,1,1,1,0,6
DDD,2013B,557706,1,North Western Region,HE Qualification,20-30%,0-35,0,60,0,Withdrawn,8,0,0,0,0,1,1,0,1,1,0,0,1,1,0,3
DDD,2013B,557742,1,East Midlands Region,A Level or Equivalent,90-100%,0-35,0,60,0,Pass,14,1,0,1,1,0,1,1,1,0,0,0,1,0,1,5
DDD,2013B,557751,0,East Midlands Region,A Level or Equivalent,0-10%,0-35,0,60,0,Withdrawn,16,0,0,0,0,1,0,0,1,1,1,0,1,0,0,10
DDD,2013B,557752,1,South Region,A Level or Equivalent,50-60%,0-35,0,60,0,Withdrawn,8,1,1,1,0,1,0,1,1,1,1,0,1,1,1,3
DDD,2013B,557764,1,North Western Region,A Level or Equivalent,20-30%,0-35,0,60,0,Fail,12,0,0,0,0,1,0,0,1,0,1,0,0,0,1,7
DDD,2013B,557826,0,East Anglian Region,A Level or Equivalent,50-60%,0-35,0,60,1,Withdrawn,14,1,1,0,0,0,0,1,0,0,1,1,0,0,1,5
DDD,2013B,557846,0,Yorkshire Region,HE Qualification,40-50%,0-35,0,60,0,Pass,6,1,1,0,0,1,1,0,1,0,1,0,0,1,1,9
DDD,2013B,557850,0,South Region,HE Qualification,60-70%,35-55,0,60,0,Fail,5,1,0,1,1,1,1,0,0,0,1,1,0,1,0,9
DDD,2013B,557911,0,North Region,A Level or Equivalent,,35-55,0,60,0,Pass,9,0,1,0,0,0,1,0,1,1,1,0,0,1,0,4
DDD,2013B,557924,0,North Region,A Level or Equivalent,50-60%,0-35,0,60,0,Pass,11,1,1,1,1,0,1,0,1,1,1,0,1,1,0,6
DDD,2013B,558123,0,North Western Region,Lower Than A Level,0-10%,0-35,0,60,0,Withdrawn,4,0,1,1,1,0,1,1,0,0,1,1,0,0,0,8
DDD,2013B,558134,0,South West Region,A Level or Equivalent,70-80%,0-35,0,60,0,Withdrawn,11,1,0,0,0,0,1,0,1,1,1,1,1,0,1,6
DDD,2013B,558153,0,South West Region,A Level or Equivalent,40-50%,0-35,0,60,0,Fail,14,0,1,0,0,1,0,1,0,0,1,0,0,0,0,5
DDD,2013B,558200,1,North Region,A Level or Equivalent,40-50%,0-35,0,60,0,Pass,5,1,0,1,0,0,1,0,1,0,1,1,1,0,1,9
DDD,2013B,558224,1,East Midlands Region,A Level or Equivalent,20-Oct,0-35,0,60,0,Fail,13,1,1,0,0,1,1,1,0,1,0,1,0,0,0,5
DDD,2013B,558290,0,Scotland,A Level or Equivalent,70-80%,35-55,0,60,0,Pass,14,0,1,0,1,0,1,0,1,0,1,0,0,1,1,5
DDD,2013B,558308,0,North Western Region,Lower Than A Level,70-80%,35-55,0,60,0,Withdrawn,9,0,0,0,0,1,1,1,0,0,0,0,0,1,1,4
DDD,2013B,558317,0,Yorkshire Region,Lower Than A Level,30-40%,35-55,0,60,0,Withdrawn,11,1,1,0,0,1,1,0,1,0,0,0,1,0,0,6
DDD,2013B,558415,1,South West Region,A Level or Equivalent,30-40%,0-35,0,60,1,Pass,9,0,0,1,1,1,1,1,0,1,1,0,1,1,1,4
DDD,2013B,558440,1,South West Region,Lower Than A Level,20-30%,0-35,0,60,1,Pass,2,0,1,1,1,0,1,0,0,1,0,1,0,1,0,2
DDD,2013B,558488,0,East Anglian Region,A Level or Equivalent,50-60%,0-35,0,60,0,Fail,10,1,0,1,1,0,0,0,1,1,0,1,1,0,1,1
DDD,2013B,558610,1,Scotland,Lower Than A Level,0-10%,0-35,0,60,0,Withdrawn,9,1,1,1,1,0,1,0,1,0,0,1,1,0,0,4
DDD,2013B,558626,0,South West Region,Lower Than A Level,50-60%,0-35,0,60,0,Withdrawn,13,0,0,1,1,1,0,1,0,0,0,1,0,0,0,5
DDD,2013B,558645,1,London Region,A Level or Equivalent,20-30%,0-35,0,60,0,Fail,4,0,1,1,1,0,1,0,1,1,0,0,1,1,0,8
DDD,2013B,558678,1,North Region,HE Qualification,,0-35,0,60,0,Pass,8,1,0,0,0,0,1,0,0,0,0,1,1,1,1,3
DDD,2013B,558779,0,Scotland,HE Qualification,90-100%,0-35,0,60,0,Fail,14,0,0,1,0,0,1,1,1,0,0,1,1,1,0,5
DDD,2013B,558787,0,London Region,HE Qualification,30-40%,0-35,0,60,0,Distinction,6,1,0,1,0,0,1,0,1,0,1,1,0,1,1,9
DDD,2013B,558806,0,West Midlands Region,A Level or Equivalent,30-40%,0-35,0,60,0,Pass,10,1,0,1,1,1,1,0,1,1,0,1,1,0,0,1
DDD,2013B,558817,1,South Region,A Level or Equivalent,70-80%,0-35,0,60,0,Withdrawn,9,0,0,1,0,1,1,0,0,0,1,1,1,0,1,4
DDD,2013B,558829,0,Scotland,Lower Than A Level,40-50%,35-55,0,60,0,Fail,9,0,0,0,0,0,0,0,0,0,1,1,1,1,1,4
DDD,2013B,558837,1,South East Region,HE Qualification,90-100%,0-35,0,60,0,Pass,8,0,1,0,0,1,0,0,1,0,1,0,0,0,0,3
DDD,2013B,558914,1,North Western Region,A Level or Equivalent,20-Oct,0-35,0,60,0,Fail,14,0,0,1,1,0,1,0,1,1,0,1,0,1,1,5
DDD,2013B,558948,0,South West Region,A Level or Equivalent,40-50%,0-35,0,60,0,Pass,15,1,1,0,1,1,0,1,0,1,1,0,1,1,1,10
DDD,2013B,558954,0,Scotland,Lower Than A Level,50-60%,0-35,0,120,0,Withdrawn,3,0,1,1,1,0,1,0,1,0,0,1,0,1,1,8
DDD,2013B,559081,0,North Region,HE Qualification,,35-55,0,60,0,Pass,12,1,0,1,0,1,1,1,0,0,0,1,0,1,1,7
DDD,2013B,559261,0,East Midlands Region,Lower Than A Level,40-50%,0-35,0,60,0,Withdrawn,14,0,1,1,0,1,0,0,1,1,0,0,0,0,0,5
DDD,2013B,559282,0,South Region,A Level or Equivalent,70-80%,0-35,0,60,0,Distinction,14,1,1,0,1,1,0,1,1,1,1,0,0,1,0,5
DDD,2013B,559293,1,East Anglian Region,Lower Than A Level,50-60%,0-35,0,60,0,Fail,7,1,1,1,0,0,0,0,1,0,0,1,1,1,1,3
DDD,2013B,559410,0,Ireland,HE Qualification,50-60%,0-35,0,60,0,Fail,5,0,0,0,1,0,1,1,0,0,0,0,0,1,1,9
DDD,2013B,559420,0,North Region,A Level or Equivalent,,0-35,0,60,0,Pass,4,0,1,1,0,0,1,0,0,1,1,1,1,0,0,8
DDD,2013B,559459,1,Scotland,HE Qualification,60-70%,0-35,0,60,0,Fail,14,0,1,0,0,1,1,1,1,0,1,0,1,0,0,5
DDD,2013B,559469,1,North Region,Lower Than A Level,,0-35,0,60,0,Pass,14,1,0,1,1,1,1,1,1,1,1,0,0,0,1,5
DDD,2013B,559474,1,South West Region,A Level or Equivalent,50-60%,35-55,0,60,0,Pass,6,0,0,0,0,1,0,0,1,1,1,0,1,1,0,9
DDD,2013B,559612,0,North Region,HE Qualification,,0-35,0,60,0,Fail,9,1,1,1,0,1,0,0,0,1,1,0,0,0,1,4
DDD,2013B,559672,0,North Region,A Level or Equivalent,20-30%,0-35,0,60,0,Pass,1,1,1,1,0,1,1,1,1,0,1,0,0,0,1,2
DDD,2013B,559706,0,East Midlands Region,Lower Than A Level,60-70%,0-35,0,60,0,Pass,13,0,1,1,1,0,0,1,0,0,1,1,1,1,0,5
DDD,2013B,559823,0,North Western Region,Lower Than A Level,40-50%,0-35,0,60,0,Fail,7,0,1,1,1,0,1,0,0,1,0,0,0,1,0,3
DDD,2013B,559826,0,Scotland,A Level or Equivalent,20-30%,0-35,0,60,0,Fail,13,0,1,0,1,1,1,1,0,1,1,1,0,0,1,5
DDD,2013B,559838,0,Scotland,HE Qualification,20-30%,0-35,0,60,0,Fail,10,0,1,1,0,1,0,1,1,0,0,1,1,0,1,1
DDD,2013B,559903,0,Yorkshire Region,Lower Than A Level,70-80%,0-35,0,60,0,Pass,13,0,1,0,1,0,0,0,1,0,1,1,0,1,1,5
DDD,2013B,559930,0,South West Region,A Level or Equivalent,80-90%,35-55,0,60,0,Fail,8,0,1,0,1,1,0,0,1,0,0,1,0,0,1,3
DDD,2013B,559950,0,North Western Region,A Level or Equivalent,90-100%,0-35,0,60,0,Fail,6,0,0,0,1,1,0,0,1,0,1,1,1,1,0,9
DDD,2013B,560024,0,East Anglian Region,A Level or Equivalent,40-50%,0-35,0,60,0,Distinction,12,0,1,1,1,1,1,0,0,0,0,0,1,0,1,7
DDD,2013B,560114,0,North Western Region,A Level or Equivalent,20-Oct,0-35,0,60,1,Pass,1,0,0,1,0,1,0,0,1,1,0,1,0,1,0,2
DDD,2013B,560127,1,South Region,A Level or Equivalent,40-50%,0-35,0,90,0,Withdrawn,4,0,1,0,1,0,0,0,0,0,1,1,0,0,0,8
DDD,2013B,560179,0,North Region,Lower Than A Level,,0-35,0,60,0,Pass,15,0,1,0,1,1,0,0,0,0,0,1,1,1,0,10
DDD,2013B,560240,0,South East Region,HE Qualification,40-50%,0-35,0,60,0,Pass,1,0,0,1,0,1,0,1,0,1,1,0,0,1,1,2
DDD,2013B,560260,1,West Midlands Region,HE Qualification,90-100%,35-55,0,60,0,Pass,11,0,0,1,0,1,0,0,1,0,0,1,1,0,1,6
DDD,2013B,560311,0,East Anglian Region,Lower Than A Level,50-60%,0-35,0,60,0,Pass,13,1,0,1,0,1,0,0,1,1,0,0,0,0,0,5
DDD,2013B,560347,0,East Anglian Region,A Level or Equivalent,70-80%,35-55,0,60,0,Pass,4,1,0,0,0,0,0,1,1,1,1,1,0,0,1,8
DDD,2013B,560381,0,East Midlands Region,A Level or Equivalent,20-Oct,0-35,0,60,0,Pass,16,0,1,1,0,1,1,1,1,0,0,0,1,0,0,10
DDD,2013B,560384,1,South West Region,Lower Than A Level,40-50%,35-55,0,60,0,Withdrawn,12,0,1,1,0,0,1,0,1,1,0,1,1,0,1,7
DDD,2013B,560391,0,London Region,HE Qualification,30-40%,35-55,0,60,0,Pass,1,0,0,0,0,1,1,0,1,0,0,1,0,1,0,2
DDD,2013B,560444,0,London Region,HE Qualification,40-50%,35-55,0,90,0,Pass,12,1,0,0,0,1,0,1,1,0,0,0,1,1,0,7
DDD,2013B,560743,0,East Anglian Region,A Level or Equivalent,30-40%,0-35,0,60,0,Withdrawn,12,1,0,1,1,1,1,0,0,1,1,1,1,0,1,7
DDD,2013B,561088,0,North Western Region,HE Qualification,60-70%,35-55,0,60,0,Withdrawn,9,0,1,1,1,0,1,0,1,1,0,0,1,0,0,4
DDD,2013B,561734,0,North Region,Lower Than A Level,,35-55,0,60,0,Withdrawn,14,1,0,0,0,1,0,1,0,0,1,0,0,1,0,5
DDD,2013B,561848,0,London Region,A Level or Equivalent,40-50%,0-35,0,60,0,Withdrawn,8,0,0,0,0,1,0,1,0,1,1,1,1,1,0,3
DDD,2013B,564465,0,West Midlands Region,A Level or Equivalent,40-50%,35-55,0,60,0,Fail,5,0,1,1,1,1,0,0,0,0,1,1,0,0,0,9
DDD,2013B,596620,1,East Midlands Region,Lower Than A Level,20-30%,0-35,0,90,1,Withdrawn,4,1,0,0,0,0,0,1,0,1,0,1,0,1,0,8
DDD,2013B,879295,0,London Region,HE Qualification,20-30%,35-55,0,180,0,Withdrawn,7,1,0,0,1,0,0,1,1,0,1,1,1,1,1,3
DDD,2013B,907261,1,Scotland,HE Qualification,50-60%,55<=,0,60,0,Pass,15,1,0,1,1,1,1,1,1,1,0,1,0,1,0,10
DDD,2013B,925553,0,London Region,HE Qualification,90-100%,55<=,0,90,0,Withdrawn,8,0,0,0,1,0,1,1,1,0,1,1,0,0,0,3
DDD,2013B,957467,0,Scotland,HE Qualification,20-30%,35-55,0,90,0,Pass,2,1,1,1,0,0,0,1,1,1,0,0,0,0,1,2
DDD,2013B,987203,1,South West Region,Lower Than A Level,20-30%,35-55,6,130,0,Withdrawn,7,0,0,0,0,0,0,1,0,1,0,0,1,0,1,3
DDD,2013B,1018685,0,North Region,Lower Than A Level,20-30%,35-55,0,60,0,Fail,1,0,1,0,0,0,1,1,0,0,0,1,1,1,1,2
DDD,2013B,1044992,0,Wales,HE Qualification,70-80%,35-55,0,60,0,Pass,5,1,1,0,1,1,1,0,0,0,0,1,1,0,0,9
DDD,2013B,1060973,0,East Anglian Region,Lower Than A Level,30-40%,35-55,0,120,0,Withdrawn,7,1,1,1,0,0,0,1,0,1,0,1,1,1,1,3
DDD,2013B,1068316,0,Scotland,A Level or Equivalent,40-50%,35-55,0,75,0,Pass,5,0,1,1,1,0,1,0,0,1,1,0,1,0,0,9
DDD,2013B,1073372,0,London Region,A Level or Equivalent,20-30%,35-55,0,90,0,Withdrawn,8,1,1,0,0,0,1,1,1,1,1,1,0,0,0,3
DDD,2013B,1095916,0,South Region,A Level or Equivalent,90-100%,35-55,0,60,0,Pass,1,1,1,0,1,0,0,1,1,0,1,0,0,1,0,2
DDD,2013B,1105628,1,East Anglian Region,Lower Than A Level,90-100%,35-55,0,60,0,Fail,1,1,0,1,1,0,0,1,0,1,1,0,1,0,1,2
DDD,2013B,1107079,1,Ireland,A Level or Equivalent,60-70%,35-55,1,120,0,Withdrawn,12,1,0,1,1,1,1,0,1,0,1,1,0,1,0,7
DDD,2013B,1311171,0,South Region,A Level or Equivalent,80-90%,35-55,0,60,0,Pass,4,0,0,1,1,0,1,0,0,1,0,1,1,0,0,8
DDD,2013B,1347447,0,East Anglian Region,A Level or Equivalent,80-90%,35-55,0,60,0,Pass,10,1,0,1,0,0,1,0,1,1,0,0,1,1,1,1
DDD,2013B,1351739,0,South East Region,A Level or Equivalent,60-70%,35-55,1,90,0,Pass,9,1,0,0,0,1,1,1,0,1,1,0,1,1,0,4
DDD,2013B,1384882,0,East Anglian Region,HE Qualification,30-40%,35-55,1,120,0,Fail,10,0,1,1,1,1,0,1,1,1,1,0,1,0,1,1
DDD,2013B,1392016,0,South East Region,Lower Than A Level,20-Oct,35-55,0,60,0,Fail,10,0,1,0,0,1,1,1,1,1,0,1,0,1,0,1
DDD,2013B,1430804,0,West Midlands Region,Lower Than A Level,70-80%,35-55,0,120,0,Withdrawn,13,1,1,1,0,0,0,1,1,1,1,1,1,1,1,5
DDD,2013B,1444134,1,East Midlands Region,HE Qualification,50-60%,35-55,0,60,0,Pass,9,1,0,0,0,1,1,1,1,0,1,0,1,1,0,4
DDD,2013B,1446954,1,East Midlands Region,A Level or Equivalent,60-70%,35-55,0,60,0,Fail,1,0,1,0,0,0,0,1,1,1,0,1,0,1,0,2
DDD,2013B,1470291,1,South West Region,HE Qualification,70-80%,35-55,0,60,0,Pass,2,0,1,1,0,0,0,1,1,0,1,1,0,0,1,2
DDD,2013B,1510198,1,South Region,A Level or Equivalent,80-90%,35-55,0,70,1,Pass,12,1,0,1,1,0,0,0,1,0,0,0,1,0,1,7
DDD,2013B,1534854,0,South West Region,Lower Than A Level,50-60%,35-55,0,90,0,Fail,3,1,1,0,0,0,0,0,1,0,1,0,1,0,0,8
DDD,2013B,1577134,1,North Western Region,A Level or Equivalent,0-10%,35-55,0,60,0,Fail,10,1,1,0,0,0,1,1,0,1,1,0,0,1,1,1
DDD,2013B,1584449,0,South Region,Lower Than A Level,90-100%,35-55,1,270,1,Fail,15,1,1,1,1,1,0,0,0,0,1,0,0,0,1,10
DDD,2013B,1587816,0,East Anglian Region,A Level or Equivalent,90-100%,35-55,0,120,0,Fail,14,0,1,0,1,1,1,0,1,0,0,1,1,1,0,5
DDD,2013B,1587817,0,East Anglian Region,Lower Than A Level,80-90%,35-55,0,60,0,Withdrawn,6,1,1,1,0,1,0,1,0,1,0,0,0,1,0,9
DDD,2013B,1611842,1,South East Region,A Level or Equivalent,90-100%,35-55,0,70,0,Pass,10,1,0,1,1,0,0,1,0,0,1,1,1,0,0,1
DDD,2013B,1620593,0,Scotland,Lower Than A Level,0-10%,35-55,1,60,0,Fail,6,0,1,0,1,1,1,1,1,0,0,0,1,1,0,9
DDD,2013B,1622020,0,North Western Region,HE Qualification,20-30%,35-55,0,120,0,Withdrawn,12,0,0,0,1,0,1,1,1,0,1,1,1,0,1,7
DDD,2013B,1626418,0,East Anglian Region,Lower Than A Level,20-30%,0-35,0,60,0,Pass,4,1,1,1,0,0,0,1,1,1,0,0,0,0,0,8
DDD,2013B,1638119,0,Wales,A Level or Equivalent,80-90%,35-55,0,60,0,Fail,13,1,0,1,0,1,0,0,1,0,1,0,0,1,1,5
DDD,2013B,1638425,1,Scotland,HE Qualification,0-10%,35-55,0,120,0,Fail,12,0,1,0,0,1,1,1,0,1,0,1,0,1,1,7
DDD,2013B,1640773,0,North Western Region,A Level or Equivalent,30-40%,35-55,0,60,0,Distinction,3,1,1,1,0,1,1,0,1,0,1,1,0,0,1,8
DDD,2013B,1651198,1,London Region,HE Qualification,0-10%,35-55,1,150,0,Pass,4,0,0,1,1,0,0,1,0,0,0,0,0,1,0,8
DDD,2013B,1656527,1,South East Region,Lower Than A Level,80-90%,0-35,1,120,0,Withdrawn,2,1,1,1,0,1,0,1,1,1,0,1,0,0,0,2
DDD,2013B,1664920,0,North Western Region,HE Qualification,20-30%,55<=,1,90,0,Pass,6,1,0,0,0,1,0,1,1,1,1,1,1,1,1,9
DDD,2013B,1690836,0,Scotland,A Level or Equivalent,60-70%,35-55,0,60,0,Distinction,10,0,1,0,0,0,1,1,0,0,0,1,1,0,0,1
DDD,2013B,1696174,0,East Anglian Region,Lower Than A Level,0-10%,35-55,1,180,0,Pass,2,0,0,0,1,0,1,1,0,1,0,0,0,1,1,2
DDD,2013B,1719566,0,Scotland,A Level or Equivalent,50-60%,35-55,0,60,0,Pass,7,0,0,1,1,1,0,0,1,0,1,0,0,0,1,3
DDD,2013B,1730611,1,East Anglian Region,A Level or Equivalent,90-100%,35-55,1,150,0,Withdrawn,2,0,1,1,0,0,1,1,0,1,0,1,0,0,0,2
DDD,2013B,1741838,0,North Western Region,HE Qualification,30-40%,35-55,0,60,0,Withdrawn,8,0,0,0,0,1,1,1,1,0,0,1,1,1,1,3
DDD,2013B,1766513,0,South East Region,Lower Than A Level,80-90%,35-55,0,70,0,Withdrawn,14,0,1,0,1,1,1,1,1,1,1,0,0,0,1,5
DDD,2013B,1819994,0,South Region,HE Qualification,70-80%,55<=,0,90,0,Withdrawn,13,1,0,1,0,1,0,0,0,1,0,1,1,0,1,5
DDD,2013B,1841753,1,South West Region,A Level or Equivalent,20-Oct,35-55,0,75,0,Withdrawn,8,0,0,1,1,1,0,0,1,1,1,1,0,1,1,3
DDD,2013B,1843026,1,West Midlands Region,A Level or Equivalent,30-40%,0-35,0,60,0,Fail,7,1,0,0,1,0,0,1,0,1,0,1,1,1,0,3
DDD,2013B,1843355,0,East Anglian Region,Lower Than A Level,90-100%,35-55,0,60,0,Withdrawn,5,0,0,1,0,1,0,0,1,0,0,1,0,1,1,9
DDD,2013B,1845093,1,London Region,A Level or Equivalent,0-10%,35-55,1,120,0,Withdrawn,3,1,0,1,0,0,1,1,1,0,1,0,1,0,1,8
DDD,2013B,1879272,1,Scotland,HE Qualification,80-90%,35-55,0,60,0,Withdrawn,16,1,1,1,0,1,1,1,1,0,0,0,0,1,1,10
DDD,2013B,1901165,0,South Region,A Level or Equivalent,90-100%,35-55,0,60,0,Withdrawn,8,0,0,1,0,1,1,1,1,1,0,0,1,0,0,3
DDD,2013B,1906919,0,North Western Region,Lower Than A Level,0-10%,35-55,0,60,0,Fail,1,1,1,0,0,1,0,1,0,1,0,1,0,1,0,2
DDD,2013B,1913872,1,South Region,A Level or Equivalent,90-100%,55<=,0,80,0,Withdrawn,11,0,1,1,1,0,0,0,0,1,0,1,1,0,0,6
DDD,2013B,1922497,1,East Anglian Region,A Level or Equivalent,40-50%,0-35,1,120,0,Withdrawn,9,1,0,1,0,0,1,0,0,1,0,1,1,0,1,4
DDD,2013B,1935774,0,South West Region,A Level or Equivalent,40-50%,0-35,1,120,0,Withdrawn,6,1,0,0,1,1,1,1,0,1,1,0,0,0,0,9
DDD,2013B,1944130,0,London Region,A Level or Equivalent,0-10%,35-55,0,70,0,Pass,16,0,1,1,0,1,1,1,1,1,0,0,0,1,1,10
DDD,2013B,1945240,0,East Midlands Region,Lower Than A Level,50-60%,0-35,0,60,0,Pass,9,0,1,0,0,1,0,1,0,0,1,0,0,0,1,4
DDD,2013B,1962854,0,London Region,A Level or Equivalent,90-100%,35-55,0,60,0,Withdrawn,10,1,1,1,1,1,1,0,0,0,0,1,1,0,1,1
DDD,2013B,1968757,0,North Western Region,HE Qualification,50-60%,35-55,0,60,0,Pass,8,1,1,1,0,0,1,0,0,1,1,1,1,1,1,3
DDD,2013B,1976350,0,Wales,A Level or Equivalent,70-80%,35-55,0,90,0,Pass,3,1,0,0,0,1,1,0,0,0,0,1,0,1,0,8
DDD,2013B,1982845,1,South East Region,HE Qualification,60-70%,35-55,1,90,0,Pass,5,0,0,1,1,1,1,0,0,0,0,0,0,1,0,9
DDD,2013B,2002727,0,North Western Region,A Level or Equivalent,30-40%,0-35,0,60,0,Withdrawn,14,1,0,0,0,0,1,1,0,0,0,1,1,1,1,5
DDD,2013B,2006894,0,South Region,Post Graduate Qualification,90-100%,55<=,0,60,0,Distinction,12,1,1,0,1,0,0,0,0,0,1,1,1,1,0,7
DDD,2013B,2020916,0,North Region,Lower Than A Level,40-50%,0-35,0,60,0,Pass,9,0,0,1,0,0,1,1,0,1,0,1,1,0,1,4
DDD,2013B,2028388,0,London Region,Lower Than A Level,40-50%,35-55,0,90,0,Pass,5,0,1,1,0,0,1,1,1,0,0,1,1,1,0,9
DDD,2013B,2034000,1,South West Region,Lower Than A Level,50-60%,35-55,0,60,0,Withdrawn,5,1,0,0,0,1,0,0,0,1,1,0,1,1,1,9
DDD,2013B,2036685,0,Scotland,HE Qualification,20-Oct,35-55,1,60,0,Fail,13,0,1,1,1,1,0,1,1,0,0,0,1,1,0,5
DDD,2013B,2037479,0,North Western Region,Lower Than A Level,60-70%,0-35,0,180,0,Withdrawn,12,0,1,1,0,1,0,0,1,1,1,1,0,1,1,7
DDD,2013B,2046628,0,Ireland,HE Qualification,60-70%,35-55,0,90,1,Withdrawn,14,1,0,0,1,1,1,0,0,0,1,0,0,1,0,5
DDD,2013B,2063578,0,Scotland,A Level or Equivalent,0-10%,0-35,0,70,0,Distinction,14,1,1,1,0,1,1,1,1,1,1,1,0,1,0,5
DDD,2013B,2080539,0,Scotland,Lower Than A Level,50-60%,0-35,0,60,0,Pass,13,0,1,1,1,0,0,1,1,0,0,1,1,1,0,5
DDD,2013B,2082180,0,London Region,A Level or Equivalent,90-100%,0-35,1,60,0,Withdrawn,15,0,0,1,1,0,0,0,0,1,1,1,0,0,1,10
DDD,2013B,2088765,1,South Region,HE Qualification,90-100%,35-55,0,70,1,Pass,13,1,1,1,1,0,0,0,1,1,1,0,0,0,0,5
DDD,2013B,2094546,0,East Anglian Region,A Level or Equivalent,60-70%,35-55,0,60,0,Withdrawn,5,1,0,0,1,0,0,0,0,1,1,0,0,1,0,9
DDD,2013B,2126013,0,East Midlands Region,Lower Than A Level,20-30%,35-55,0,60,1,Withdrawn,13,0,1,1,0,1,1,0,0,1,0,0,1,1,1,5
DDD,2013B,2133242,1,Yorkshire Region,Lower Than A Level,0-10%,35-55,0,60,0,Withdrawn,12,0,0,0,1,1,1,0,1,0,1,1,0,1,0,7
DDD,2013B,2140311,0,Scotland,HE Qualification,30-40%,35-55,0,160,0,Pass,2,1,0,1,1,1,0,0,1,1,1,0,0,0,1,2
DDD,2013B,2141506,1,North Region,A Level or Equivalent,60-70%,35-55,1,120,0,Withdrawn,11,0,0,0,0,1,0,1,1,0,0,0,0,1,0,6
DDD,2013B,2142579,0,London Region,Lower Than A Level,40-50%,0-35,0,60,0,Fail,3,1,1,0,0,1,0,0,0,1,0,1,0,1,1,8
DDD,2013B,2146936,1,North Western Region,A Level or Equivalent,30-40%,35-55,0,60,0,Fail,5,0,0,0,0,1,1,0,0,1,1,0,1,0,1,9
DDD,2013B,2154361,0,Scotland,Lower Than A Level,70-80%,0-35,1,90,0,Fail,5,0,0,1,0,1,0,1,1,1,1,1,0,1,1,9
DDD,2013B,2155857,0,North Region,A Level or Equivalent,20-Oct,0-35,0,180,0,Withdrawn,11,0,1,1,0,1,0,1,0,1,1,1,0,0,0,6
DDD,2013B,2156514,0,South West Region,A Level or Equivalent,50-60%,55<=,0,90,0,Pass,3,1,0,0,1,1,0,0,1,0,1,1,0,0,1,8
DDD,2013B,2177871,0,London Region,HE Qualification,20-30%,35-55,0,120,0,Pass,1,0,1,0,1,0,1,1,1,0,0,0,1,1,0,2
DDD,2013B,2191819,1,Wales,HE Qualification,60-70%,35-55,0,90,0,Withdrawn,10,1,1,0,0,1,1,1,0,1,0,0,0,0,1,1
DDD,2013B,2193231,0,East Midlands Region,Lower Than A Level,0-10%,35-55,0,60,0,Fail,6,0,1,1,0,1,1,1,0,1,0,0,1,1,1,9
DDD,2013B,2195445,1,North Western Region,HE Qualification,0-10%,0-35,0,60,1,Pass,10,0,0,0,0,0,1,1,0,1,0,1,1,0,1,1
DDD,2013B,2209728,1,South Region,A Level or Equivalent,90-100%,35-55,1,60,0,Pass,8,1,1,0,1,1,0,0,1,0,0,1,0,1,1,3
DDD,2013B,2214589,0,West Midlands Region,Lower Than A Level,20-30%,35-55,1,240,0,Withdrawn,9,1,1,1,0,1,1,1,0,1,0,0,1,1,1,4
DDD,2013B,2227786,0,London Region,HE Qualification,30-40%,35-55,1,130,0,Fail,9,1,0,1,1,1,0,1,0,0,1,0,1,0,1,4
DDD,2013B,2228206,0,West Midlands Region,A Level or Equivalent,70-80%,35-55,1,180,0,Withdrawn,9,1,1,1,1,1,1,1,1,1,1,1,0,1,1,4
DDD,2013B,2229785,0,West Midlands Region,HE Qualification,20-Oct,0-35,0,90,0,Withdrawn,4,1,1,1,0,1,1,0,0,0,1,1,0,0,0,8
DDD,2013B,2231961,0,London Region,HE Qualification,20-Oct,35-55,1,60,0,Distinction,16,0,1,1,1,0,0,0,1,0,1,1,0,1,1,10
DDD,2013B,2232218,0,South Region,A Level or Equivalent,30-40%,35-55,0,150,0,Withdrawn,11,1,1,1,1,1,0,1,0,1,0,1,1,1,0,6
DDD,2013B,2238679,0,North Western Region,HE Qualification,0-10%,35-55,1,60,0,Fail,1,1,0,1,1,1,0,1,1,0,0,1,1,0,1,2
DDD,2013B,2248715,0,South West Region,HE Qualification,70-80%,0-35,1,90,0,Pass,12,0,1,0,1,0,0,1,0,1,0,0,1,1,1,7
DDD,2013B,2267712,1,North Western Region,Lower Than A Level,0-10%,0-35,0,60,0,Fail,6,1,0,0,0,1,1,0,0,1,1,1,1,1,0,9
DDD,2013B,2279449,0,South West Region,A Level or Equivalent,20-30%,0-35,0,60,0,Pass,2,0,1,1,1,0,1,0,0,0,1,0,0,1,1,2
DDD,2013B,2281292,0,Scotland,A Level or Equivalent,90-100%,35-55,0,60,0,Pass,3,0,1,0,0,1,0,0,1,0,1,0,1,0,1,8
DDD,2013B,2283212,1,Scotland,Lower Than A Level,20-30%,0-35,1,60,0,Withdrawn,11,0,0,1,1,1,1,1,1,0,0,0,0,1,1,6
DDD,2013B,2298696,0,North Western Region,Lower Than A Level,0-10%,0-35,0,60,0,Withdrawn,3,0,1,1,0,1,0,0,0,0,1,0,1,0,0,8
DDD,2013B,2318590,1,East Anglian Region,HE Qualification,60-70%,0-35,0,60,0,Withdrawn,2,1,0,0,1,1,1,1,1,0,1,0,1,1,0,2
DDD,2013B,2321898,0,East Anglian Region,Lower Than A Level,70-80%,0-35,0,60,0,Fail,7,0,1,0,0,1,1,0,0,0,0,0,0,0,0,3
DDD,2013B,2330534,1,South East Region,Lower Than A Level,90-100%,35-55,0,60,0,Fail,15,1,1,1,0,1,1,0,1,0,0,1,1,1,1,10
DDD,2013B,2332060,0,East Anglian Region,Lower Than A Level,50-60%,0-35,0,60,1,Pass,2,1,1,0,0,0,0,1,0,1,1,1,1,0,0,2
DDD,2013B,2338290,0,East Anglian Region,A Level or Equivalent,80-90%,0-35,2,120,0,Withdrawn,16,1,0,1,1,0,1,0,0,1,1,1,0,1,1,10
DDD,2013B,2348111,1,South Region,A Level or Equivalent,90-100%,35-55,0,60,0,Pass,7,1,1,0,1,0,1,1,1,0,0,0,1,1,1,3
DDD,2013B,2350300,1,South Region,A Level or Equivalent,80-90%,0-35,1,120,1,Fail,16,1,0,0,0,0,0,0,1,1,1,1,1,0,0,10
DDD,2013B,2353766,1,North Western Region,HE Qualification,20-30%,35-55,0,60,0,Withdrawn,14,1,0,0,1,0,0,0,0,0,1,0,1,0,1,5
DDD,2013B,2358423,1,South East Region,A Level or Equivalent,20-Oct,0-35,1,120,1,Pass,9,0,1,0,1,1,1,0,0,1,1,0,0,0,0,4
DDD,2013B,2374051,1,West Midlands Region,A Level or Equivalent,30-40%,0-35,3,120,0,Fail,8,1,0,0,0,1,1,1,1,1,1,0,1,1,0,3
DDD,2013B,2374404,0,Ireland,Post Graduate Qualification,,35-55,0,60,0,Pass,11,1,0,1,1,1,1,0,0,1,0,0,0,0,0,6
DDD,2013B,2375123,0,North Western Region,HE Qualification,70-80%,0-35,0,60,0,Withdrawn,3,1,0,0,0,0,1,1,1,0,1,0,0,1,1,8
DDD,2013B,2375627,0,Wales,A Level or Equivalent,30-40%,0-35,0,60,1,Withdrawn,12,1,0,1,0,1,1,1,1,0,1,1,0,1,0,7
DDD,2013B,2377623,1,East Midlands Region,HE Qualification,30-40%,35-55,0,80,0,Pass,2,0,0,1,0,1,0,0,0,0,1,1,1,1,0,2
DDD,2013B,2381845,1,North Western Region,Lower Than A Level,30-40%,0-35,1,160,0,Fail,8,1,1,1,1,1,0,0,0,1,0,0,0,1,1,3
DDD,2013B,2388623,1,South Region,A Level or Equivalent,90-100%,0-35,0,60,1,Pass,8,0,1,1,1,0,1,0,0,0,0,1,0,1,0,3
DDD,2013B,2400764,1,Scotland,HE Qualification,80-90%,0-35,0,60,0,Fail,6,0,1,1,0,0,0,1,0,1,1,0,0,1,1,9
DDD,2013B,2406709,0,Scotland,HE Qualification,30-40%,0-35,0,60,0,Distinction,2,0,0,0,0,1,1,0,0,1,1,0,1,0,0,2
DDD,2013B,2418045,0,South West Region,A Level or Equivalent,40-50%,35-55,1,120,0,Pass,13,0,1,0,0,1,1,1,1,0,0,0,0,1,1,5
DDD,2013B,2418580,0,North Western Region,Lower Than A Level,70-80%,0-35,0,60,0,Pass,12,0,0,0,1,0,0,0,0,0,1,0,0,0,1,7
DDD,2013B,2421609,0,East Anglian Region,Lower Than A Level,60-70%,0-35,1,60,0,Fail,16,1,1,1,0,1,0,1,0,1,1,1,1,0,0,10
DDD,2013B,2435965,0,North Western Region,A Level or Equivalent,30-40%,35-55,2,120,1,Withdrawn,16,1,1,0,1,1,0,1,0,1,1,1,0,1,0,10
DDD,2013B,2444632,0,North Western Region,HE Qualification,80-90%,35-55,0,60,0,Pass,1,1,0,1,1,0,1,1,1,0,1,1,1,0,1,2
DDD,2013B,2451672,0,South Region,HE Qualification,40-50%,35-55,0,60,0,Fail,15,1,0,0,1,0,1,0,0,1,1,1,0,0,1,10
DDD,2013B,2454933,1,North Western Region,HE Qualification,60-70%,35-55,2,150,0,Fail,11,1,1,1,0,1,1,1,0,1,1,0,0,0,1,6
DDD,2013B,2456387,0,East Anglian Region,A Level or Equivalent,70-80%,35-55,2,130,0,Withdrawn,8,0,0,1,0,0,1,0,0,0,0,0,0,0,1,3
DDD,2013B,2456612,0,Yorkshire Region,HE Qualification,40-50%,35-55,1,60,0,Pass,2,0,1,0,1,1,0,0,1,1,1,1,1,1,0,2
DDD,2013B,2459878,0,East Midlands Region,A Level or Equivalent,20-Oct,35-55,0,60,0,Pass,1,0,1,1,0,0,1,0,0,1,1,0,1,1,1,2
DDD,2013B,2460752,1,West Midlands Region,A Level or Equivalent,20-Oct,0-35,0,60,0,Pass,5,1,1,0,1,0,1,1,0,1,1,0,0,0,0,9
DDD,2013B,2465876,1,Wales,A Level or Equivalent,20-30%,0-35,0,60,0,Pass,9,1,1,0,1,1,1,1,1,1,0,1,0,0,1,4
DDD,2013B,2476998,1,London Region,Lower Than A Level,30-40%,0-35,0,60,0,Pass,2,0,1,0,1,1,1,0,0,1,0,0,0,1,0,2
DDD,2013B,2479086,1,Scotland,Lower Than A Level,20-30%,0-35,0,60,0,Withdrawn,16,0,0,0,0,1,1,0,0,0,0,0,0,1,1,10
DDD,2013B,2480562,1,North Region,Lower Than A Level,,35-55,1,315,0,Withdrawn,2,1,1,0,0,1,0,1,1,1,0,1,1,0,0,2
DDD,2013B,2498388,1,North Region,Lower Than A Level,,0-35,0,60,1,Pass,11,0,0,0,1,0,1,0,1,1,1,1,1,0,1,6
DDD,2013B,2499307,0,East Anglian Region,A Level or Equivalent,60-70%,0-35,0,60,0,Fail,8,1,0,0,1,0,0,0,1,1,1,1,1,0,1,3
DDD,2013B,2501479,0,Scotland,HE Qualification,40-50%,35-55,0,60,0,Fail,15,0,0,0,0,0,0,0,1,0,1,0,1,0,0,10
DDD,2013B,2501768,1,East Midlands Region,Lower Than A Level,20-Oct,35-55,1,120,0,Pass,4,0,0,1,1,0,0,1,0,1,0,0,1,0,1,8
DDD,2013B,2502504,1,South East Region,A Level or Equivalent,80-90%,0-35,0,60,0,Pass,11,1,0,0,0,1,0,0,0,1,1,0,0,0,1,6
DDD,2013B,2502707,0,Yorkshire Region,A Level or Equivalent,40-50%,0-35,0,90,0,Withdrawn,3,1,0,0,1,0,1,1,1,1,0,1,0,0,1,8
DDD,2013B,2505501,0,East Midlands Region,HE Qualification,60-70%,35-55,0,180,0,Pass,6,1,0,1,1,0,1,0,1,1,0,0,1,1,0,9
DDD,2013B,2508785,1,South Region,Lower Than A Level,80-90%,0-35,3,130,0,Fail,12,1,0,1,0,0,1,0,1,1,1,1,0,0,1,7
DDD,2013B,2513245,0,North Western Region,Lower Than A Level,20-30%,0-35,0,120,0,Pass,8,1,1,0,1,1,1,1,0,1,1,0,1,0,1,3
DDD,2013B,2517826,1,Yorkshire Region,HE Qualification,50-60%,35-55,0,120,0,Withdrawn,2,1,0,1,0,1,0,1,0,1,1,1,1,1,1,2
DDD,2013B,2518617,0,East Anglian Region,Lower Than A Level,40-50%,0-35,0,60,0,Fail,12,1,0,0,1,1,0,0,0,0,1,1,0,0,1,7
DDD,2013B,2523146,0,East Midlands Region,A Level or Equivalent,80-90%,0-35,0,60,0,Withdrawn,3,1,1,1,1,1,0,0,0,1,1,1,0,1,0,8
DDD,2013B,2526483,0,Scotland,Lower Than A Level,20-30%,35-55,0,60,1,Fail,3,1,0,1,0,1,1,0,0,0,0,0,0,1,0,8
DDD,2013B,2531298,1,North Western Region,A Level or Equivalent,0-10%,35-55,0,120,0,Fail,16,0,1,1,1,1,1,0,0,0,1,1,0,0,0,10
DDD,2013B,2532322,0,South Region,A Level or Equivalent,90-100%,35-55,0,90,1,Pass,3,0,1,0,1,1,0,0,1,0,1,0,0,1,1,8
DDD,2013B,2535493,0,North Region,A Level or Equivalent,,0-35,0,100,0,Withdrawn,10,1,1,0,0,1,0,0,1,1,0,0,0,1,0,1
DDD,2013B,2536214,1,South West Region,Lower Than A Level,50-60%,0-35,1,120,1,Fail,15,0,1,0,0,0,1,0,0,1,1,1,0,0,1,10
DDD,2013B,2537695,0,London Region,HE Qualification,20-30%,0-35,0,60,0,Distinction,6,0,1,1,1,1,0,0,0,1,0,0,0,0,0,9
DDD,2013B,2540922,0,North Western Region,A Level or Equivalent,20-30%,0-35,3,120,0,Pass,14,0,0,0,0,0,1,0,1,1,1,1,0,0,1,5
DDD,2013B,2543267,0,South Region,Lower Than A Level,40-50%,35-55,0,60,0,Fail,12,1,0,1,1,0,1,1,1,1,1,0,1,1,0,7
DDD,2013B,2543600,0,North Western Region,Lower Than A Level,40-50%,35-55,1,120,1,Pass,15,0,1,1,1,1,1,1,1,0,0,1,0,0,1,10
DDD,2013B,2545113,0,North Western Region,A Level or Equivalent,70-80%,35-55,1,60,0,Withdrawn,13,1,0,1,1,1,1,0,0,1,0,1,1,1,1,5
DDD,2013B,2546792,0,North Western Region,Lower Than A Level,20-30%,0-35,0,60,0,Withdrawn,8,0,1,1,1,0,0,0,0,0,0,0,1,1,0,3
DDD,2013B,2547321,1,London Region,Lower Than A Level,20-30%,0-35,0,60,0,Pass,3,0,0,0,1,1,1,0,0,1,1,1,1,1,0,8
DDD,2013B,2547402,0,South East Region,Lower Than A Level,50-60%,0-35,2,180,1,Pass,16,0,1,1,1,1,1,0,1,1,1,1,1,0,0,10
DDD,2013B,2549875,0,Ireland,Post Graduate Qualification,,0-35,1,120,0,Pass,5,0,1,0,1,1,1,1,1,1,0,0,0,0,1,9
DDD,2013B,2549939,1,Scotland,HE Qualification,90-100%,35-55,0,60,0,Pass,11,1,1,1,1,1,0,1,0,1,1,0,0,0,1,6
DDD,2013B,2554973,0,South Region,Lower Than A Level,40-50%,35-55,0,60,0,Withdrawn,14,0,0,1,0,0,0,1,1,0,0,1,0,1,1,5
DDD,2013B,2571497,1,East Anglian Region,Lower Than A Level,40-50%,0-35,0,120,0,Pass,1,1,1,0,1,0,1,1,1,1,0,1,1,1,1,2
DDD,2013B,2581822,0,West Midlands Region,HE Qualification,30-40%,0-35,0,120,0,Withdrawn,13,0,1,0,0,1,1,1,1,0,1,1,1,0,0,5
DDD,2013B,2585285,1,North Western Region,A Level or Equivalent,60-70%,35-55,0,60,0,Pass,12,0,0,1,1,0,0,0,0,1,0,1,0,1,0,7
DDD,2013B,2586026,0,South West Region,Lower Than A Level,50-60%,35-55,1,60,0,Fail,10,1,1,0,1,0,0,0,1,0,1,0,1,0,0,1
DDD,2013B,2594888,1,East Anglian Region,A Level or Equivalent,70-80%,0-35,1,200,1,Pass,4,1,0,1,1,1,0,1,0,1,1,1,1,0,0,8
DDD,2013B,2602486,1,West Midlands Region,A Level or Equivalent,80-90%,0-35,0,60,0,Pass,7,0,1,0,1,0,0,1,0,1,1,0,0,0,0,3
DDD,2013B,2604660,1,West Midlands Region,Lower Than A Level,20-30%,0-35,1,120,0,Withdrawn,15,1,0,1,1,0,1,1,1,1,0,0,1,1,0,10
DDD,2013B,2604698,1,East Midlands Region,A Level or Equivalent,90-100%,0-35,4,300,1,Withdrawn,11,0,0,1,0,1,0,1,1,1,0,1,0,1,1,6
DDD,2013B,2607945,1,East Midlands Region,A Level or Equivalent,70-80%,0-35,0,120,0,Withdrawn,14,0,1,1,0,0,1,1,0,0,0,1,1,1,1,5
DDD,2013B,2611779,0,London Region,A Level or Equivalent,50-60%,0-35,0,60,0,Fail,5,1,0,1,1,0,0,0,0,0,1,1,1,1,0,9
DDD,2013B,2614272,1,Wales,HE Qualification,70-80%,35-55,0,60,0,Withdrawn,3,0,1,1,0,0,0,0,1,1,1,1,0,1,0,8
DDD,2013B,2615892,0,South Region,A Level or Equivalent,40-50%,35-55,0,110,0,Pass,12,1,1,1,0,1,1,0,0,0,1,0,0,0,0,7
DDD,2013B,2621590,0,East Anglian Region,A Level or Equivalent,0-10%,0-35,0,60,0,Fail,15,1,0,1,0,0,0,0,1,1,0,1,1,1,1,10
DDD,2013B,2624569,1,South Region,HE Qualification,80-90%,35-55,1,60,0,Withdrawn,3,0,0,1,1,1,0,1,0,0,0,1,1,0,1,8
DDD,2013B,2624720,1,South West Region,Lower Than A Level,50-60%,0-35,0,60,1,Fail,9,0,0,1,0,0,1,1,1,1,0,1,0,1,0,4
DDD,2013B,2626179,0,East Midlands Region,Lower Than A Level,20-Oct,0-35,0,60,0,Pass,3,1,0,1,1,0,1,1,1,0,1,0,0,0,0,8
DDD,2013B,2628025,0,East Anglian Region,Lower Than A Level,80-90%,0-35,0,60,0,Fail,7,0,1,0,0,1,0,0,0,0,0,0,1,1,1,3
DDD,2013B,2629511,1,Wales,Lower Than A Level,40-50%,35-55,0,120,0,Withdrawn,2,1,0,1,1,0,1,0,0,0,1,1,0,1,0,2
DDD,2013B,2632491,0,Wales,A Level or Equivalent,50-60%,0-35,0,60,0,Fail,16,0,0,1,1,0,1,0,0,1,0,1,1,0,0,10
DDD,2013B,2633235,1,North Region,A Level or Equivalent,,0-35,0,60,0,Pass,14,0,0,0,0,0,1,1,1,1,0,1,1,0,1,5
DDD,2013B,2636225,0,West Midlands Region,A Level or Equivalent,70-80%,0-35,0,60,0,Pass,15,1,0,0,0,0,1,1,1,0,1,0,1,1,1,10
DDD,2013B,2636885,1,Yorkshire Region,A Level or Equivalent,20-Oct,35-55,1,120,0,Withdrawn,7,0,0,0,0,0,0,1,0,1,1,1,1,0,1,3
DDD,2013B,2639451,1,East Anglian Region,A Level or Equivalent,80-90%,0-35,2,180,1,Distinction,6,1,1,0,0,0,1,0,1,0,0,1,0,1,1,9
DDD,2013B,2640063,0,West Midlands Region,Lower Than A Level,70-80%,0-35,0,120,0,Fail,6,0,0,0,1,1,0,1,0,1,1,0,1,0,1,9
DDD,2013B,2640992,0,West Midlands Region,A Level or Equivalent,80-90%,35-55,1,150,0,Fail,16,1,1,0,0,1,1,0,1,1,0,1,1,0,0,10
DDD,2013B,2642830,1,Scotland,A Level or Equivalent,60-70%,0-35,0,120,0,Pass,5,0,1,0,0,0,0,1,0,1,1,1,1,0,1,9
DDD,2013B,2643034,1,South Region,Lower Than A Level,50-60%,0-35,1,60,0,Withdrawn,3,1,1,0,1,1,0,1,1,1,0,0,0,0,0,8
DDD,2013B,2643777,0,South Region,Lower Than A Level,20-Oct,0-35,5,60,0,Fail,3,1,1,0,0,0,0,0,0,1,0,0,1,1,0,8
DDD,2013B,2647226,1,South West Region,HE Qualification,90-100%,0-35,0,60,0,Pass,10,0,1,1,1,1,0,0,1,0,0,1,0,0,0,1
DDD,2013B,2648271,0,Scotland,A Level or Equivalent,80-90%,0-35,0,60,0,Withdrawn,11,1,0,0,1,1,0,0,0,0,1,0,0,0,0,6
DDD,2013B,2652066,0,East Midlands Region,Lower Than A Level,0-10%,35-55,1,60,0,Withdrawn,14,1,1,0,1,0,0,1,1,1,1,0,0,1,1,5
DDD,2013B,2655683,0,West Midlands Region,No Formal quals,30-40%,0-35,0,60,0,Fail,11,1,0,1,0,0,0,0,0,1,0,0,0,1,0,6
DDD,2013B,2656282,1,Scotland,A Level or Equivalent,30-40%,35-55,0,90,0,Withdrawn,3,1,0,0,1,1,1,1,0,1,0,0,0,1,1,8
DDD,2013B,2659756,0,East Anglian Region,A Level or Equivalent,40-50%,0-35,0,60,0,Fail,4,1,1,1,0,1,1,0,1,1,1,1,0,0,0,8
DDD,2013B,2661870,0,East Anglian Region,A Level or Equivalent,60-70%,0-35,0,180,0,Pass,1,0,0,0,1,0,1,0,1,1,1,0,1,1,1,2
DDD,2013B,2665767,0,South West Region,A Level or Equivalent,30-40%,35-55,2,120,0,Withdrawn,5,1,1,0,0,0,1,1,0,1,0,1,0,1,1,9
DDD,2013B,2666577,1,South West Region,Lower Than A Level,30-40%,0-35,1,60,1,Pass,15,1,0,0,1,1,0,1,1,0,1,0,0,0,1,10
DDD,2013B,2667605,0,East Midlands Region,HE Qualification,50-60%,0-35,2,280,0,Withdrawn,1,0,1,0,1,0,0,1,0,0,0,1,1,1,1,2
DDD,2013B,2669206,0,South West Region,A Level or Equivalent,0-10%,0-35,2,90,0,Pass,9,1,1,1,0,1,0,0,0,1,0,1,0,0,1,4
DDD,2013B,2672686,0,London Region,HE Qualification,30-40%,0-35,0,60,0,Distinction,15,1,1,0,0,0,0,1,1,0,0,1,0,0,1,10
DDD,2013B,2677955,1,South Region,A Level or Equivalent,80-90%,0-35,0,70,0,Pass,10,0,1,0,1,0,0,1,1,0,1,0,0,0,0,1
DDD,2013B,2678338,1,East Anglian Region,No Formal quals,70-80%,0-35,1,120,0,Fail,10,0,0,1,1,1,1,0,1,1,1,1,0,1,1,1
DDD,2013B,2683836,0,East Anglian Region,Lower Than A Level,40-50%,35-55,0,60,0,Pass,9,1,1,0,0,0,1,1,0,1,0,1,0,1,1,4
DDD,2013B,2685825,0,London Region,Lower Than A Level,70-80%,0-35,0,60,1,Fail,5,1,0,1,1,0,0,0,1,0,1,1,1,1,1,9
DDD,2013B,2686609,0,South West Region,A Level or Equivalent,30-40%,0-35,1,180,1,Withdrawn,4,0,0,0,0,1,1,0,0,1,0,1,1,1,0,8
DDD,2013B,2689536,0,Scotland,HE Qualification,40-50%,35-55,0,120,1,Pass,2,0,1,1,0,1,0,0,0,0,0,0,1,1,1,2
DDD,2013B,2691780,1,East Anglian Region,A Level or Equivalent,90-100%,0-35,0,120,0,Withdrawn,8,0,1,0,1,1,1,1,0,0,0,0,0,0,0,3
DDD,2013B,2692101,0,Wales,Lower Than A Level,40-50%,0-35,0,90,0,Withdrawn,9,0,0,0,1,0,1,1,1,0,1,1,1,1,0,4
DDD,2013B,2693243,1,Yorkshire Region,Lower Than A Level,50-60%,35-55,0,60,0,Distinction,9,1,1,0,0,0,0,1,0,0,0,1,0,0,0,4
DDD,2013B,2694933,1,East Midlands Region,A Level or Equivalent,20-Oct,0-35,0,60,1,Pass,7,0,0,0,1,0,1,1,0,0,1,0,0,1,0,3
DDD,2013B,2697773,1,East Anglian Region,A Level or Equivalent,60-70%,0-35,0,60,0,Fail,5,1,0,0,0,0,1,0,1,1,1,1,1,1,0,9
DDD,2013B,2707979,1,East Midlands Region,Lower Than A Level,60-70%,0-35,0,120,0,Fail,14,1,1,1,0,0,1,0,1,1,0,1,0,0,0,5
DDD,2013B,2710343,0,North Western Region,Lower Than A Level,0-10%,0-35,0,60,0,Fail,9,0,0,1,0,1,1,0,0,1,0,1,0,1,1,4
DDD,2013J,3733,0,South Region,HE Qualification,90-100%,55<=,0,60,0,Withdrawn,15,1,0,1,0,1,0,0,0,1,0,1,0,1,1,10
DDD,2013J,8462,0,London Region,HE Qualification,30-40%,55<=,0,90,0,Withdrawn,5,0,1,0,1,1,0,1,1,0,1,1,1,1,0,9
DDD,2013J,27417,0,South West Region,Lower Than A Level,60-70%,0-35,0,60,0,Withdrawn,13,0,1,1,1,1,1,0,1,0,0,0,0,1,0,5
DDD,2013J,27935,1,East Anglian Region,Lower Than A Level,30-40%,0-35,0,60,1,Fail,8,0,0,0,0,0,0,1,1,1,0,0,1,1,1,3
DDD,2013J,28046,1,Yorkshire Region,HE Qualification,20-Oct,35-55,0,70,0,Fail,14,1,1,0,1,0,0,0,0,0,0,0,0,0,0,5
DDD,2013J,29411,0,East Midlands Region,A Level or Equivalent,80-90%,0-35,0,60,0,Pass,12,1,1,0,0,0,0,1,1,1,0,0,0,1,1,7
DDD,2013J,30549,0,South East Region,A Level or Equivalent,0-10%,35-55,2,60,0,Fail,4,0,1,0,1,1,0,0,1,1,0,1,0,1,1,8
DDD,2013J,31173,0,North Western Region,A Level or Equivalent,40-50%,35-55,1,60,0,Fail,11,1,1,1,0,1,0,1,0,0,1,1,0,1,0,6
DDD,2013J,31269,1,East Midlands Region,A Level or Equivalent,30-40%,35-55,0,120,0,Withdrawn,4,0,1,0,0,1,0,0,1,1,0,0,1,1,0,8
DDD,2013J,33387,0,Scotland,HE Qualification,20-Oct,0-35,1,120,0,Withdrawn,11,1,0,0,1,1,1,0,0,1,1,1,0,1,0,6
DDD,2013J,33681,0,South East Region,A Level or Equivalent,50-60%,35-55,2,60,1,Withdrawn,8,1,0,1,0,0,0,1,0,1,0,0,0,1,0,3
DDD,2013J,33897,0,West Midlands Region,Lower Than A Level,30-40%,0-35,0,60,0,Withdrawn,14,1,1,0,1,0,0,0,0,1,1,0,1,0,1,5
DDD,2013J,33930,1,South West Region,A Level or Equivalent,20-30%,0-35,0,90,0,Pass,10,1,1,1,1,1,1,0,1,1,1,0,1,1,1,1
DDD,2013J,34087,0,South East Region,A Level or Equivalent,60-70%,35-55,0,60,1,Withdrawn,8,0,1,0,1,0,0,0,0,0,1,0,1,1,0,3
DDD,2013J,34653,0,East Midlands Region,Lower Than A Level,30-40%,0-35,0,60,0,Fail,15,1,0,0,1,0,1,0,1,0,1,1,0,0,0,10
DDD,2013J,35859,0,North Western Region,A Level or Equivalent,90-100%,0-35,0,60,0,Fail,4,1,0,1,1,0,1,1,1,0,1,0,0,0,1,8
DDD,2013J,39411,1,West Midlands Region,Lower Than A Level,0-10%,0-35,0,60,0,Fail,14,1,0,1,0,1,0,0,0,1,0,0,1,0,1,5
DDD,2013J,39427,1,South Region,A Level or Equivalent,90-100%,0-35,0,60,0,Withdrawn,2,1,0,1,0,1,0,0,1,1,1,0,0,0,0,2
DDD,2013J,40184,0,Wales,HE Qualification,30-40%,55<=,0,60,0,Distinction,7,0,1,0,1,0,1,1,1,0,1,1,0,0,0,3
DDD,2013J,40419,0,East Midlands Region,Lower Than A Level,20-30%,35-55,1,60,0,Pass,3,1,1,0,1,1,0,1,1,0,0,1,1,1,0,8
DDD,2013J,40563,1,South East Region,A Level or Equivalent,0-10%,0-35,0,60,0,Pass,2,1,0,0,1,0,0,1,0,1,0,0,1,1,1,2
DDD,2013J,42818,1,East Anglian Region,Lower Than A Level,40-50%,0-35,0,180,1,Fail,5,0,0,1,1,0,1,0,0,0,1,0,1,0,1,9
DDD,2013J,46633,1,London Region,A Level or Equivalent,0-10%,0-35,0,60,0,Withdrawn,3,0,0,1,1,0,1,0,1,1,1,0,1,0,0,8
DDD,2013J,47063,0,London Region,HE Qualification,40-50%,35-55,0,120,0,Withdrawn,7,1,0,1,1,0,1,1,1,1,1,1,0,1,1,3
DDD,2013J,48152,1,East Anglian Region,A Level or Equivalent,70-80%,0-35,0,120,0,Pass,9,1,0,1,0,1,0,0,0,1,0,0,0,0,1,4
DDD,2013J,49530,0,East Anglian Region,A Level or Equivalent,30-40%,0-35,1,60,0,Withdrawn,12,1,0,1,1,1,0,1,1,0,1,0,0,1,0,7
DDD,2013J,50610,1,East Anglian Region,A Level or Equivalent,50-60%,0-35,1,70,1,Fail,12,1,0,1,0,1,1,0,1,0,0,0,0,0,1,7
DDD,2013J,51163,0,London Region,HE Qualification,20-30%,35-55,0,60,0,Pass,16,0,0,0,0,1,0,1,0,1,0,0,1,1,1,10
DDD,2013J,52494,1,South Region,Lower Than A Level,90-100%,0-35,0,240,0,Withdrawn,7,1,1,0,1,1,0,0,1,1,0,0,0,0,1,3
DDD,2013J,57227,1,North Western Region,Lower Than A Level,60-70%,0-35,1,160,0,Pass,11,0,1,0,1,1,1,1,0,0,0,0,0,1,1,6
DDD,2013J,57818,0,Wales,A Level or Equivalent,80-90%,35-55,0,60,0,Pass,13,0,0,0,1,1,0,1,0,0,1,1,0,0,0,5
DDD,2013J,59275,0,Scotland,HE Qualification,40-50%,0-35,0,60,0,Fail,8,0,0,0,0,1,0,0,0,1,0,0,1,0,1,3
DDD,2013J,59370,0,Ireland,A Level or Equivalent,0-10%,35-55,0,180,0,Pass,13,1,1,0,1,1,0,0,0,0,0,0,0,0,1,5
DDD,2013J,63566,0,South East Region,HE Qualification,70-80%,55<=,0,120,0,Fail,13,1,0,0,0,1,1,1,1,0,0,0,1,1,0,5
DDD,2013J,63856,0,Scotland,A Level or Equivalent,60-70%,35-55,1,60,0,Pass,10,0,0,1,0,0,1,1,1,1,1,0,0,1,0,1
DDD,2013J,66047,1,North Western Region,HE Qualification,0-10%,0-35,4,90,1,Withdrawn,9,1,0,1,1,1,1,0,0,1,1,1,1,0,1,4
DDD,2013J,66577,1,North Western Region,HE Qualification,20-Oct,0-35,1,60,0,Fail,11,1,1,0,1,0,0,1,1,1,1,1,0,0,1,6
DDD,2013J,67471,1,London Region,Lower Than A Level,20-30%,0-35,2,60,0,Pass,9,0,1,1,1,0,1,0,0,1,1,1,0,0,1,4
DDD,2013J,67505,1,North Region,A Level or Equivalent,,35-55,1,60,0,Fail,11,0,1,0,1,0,1,0,0,0,0,0,1,0,0,6
DDD,2013J,68011,0,London Region,A Level or Equivalent,90-100%,0-35,0,180,0,Withdrawn,1,1,1,0,1,0,1,1,1,0,0,0,1,1,1,2
DDD,2013J,68376,0,Yorkshire Region,HE Qualification,90-100%,0-35,0,60,0,Pass,13,1,0,1,1,0,0,1,1,0,0,0,0,0,0,5
DDD,2013J,69489,0,South West Region,Lower Than A Level,80-90%,0-35,1,150,0,Withdrawn,11,1,1,1,0,1,1,0,1,1,0,0,1,1,1,6
DDD,2013J,71209,0,South East Region,Lower Than A Level,50-60%,35-55,0,60,0,Pass,5,0,0,1,1,0,0,1,1,1,1,0,1,0,0,9
DDD,2013J,74130,0,South Region,A Level or Equivalent,50-60%,0-35,1,60,0,Withdrawn,7,0,0,0,1,0,0,1,1,0,0,1,0,0,0,3
DDD,2013J,74502,1,Wales,Lower Than A Level,60-70%,0-35,0,120,0,Pass,6,1,0,0,1,0,0,0,0,1,1,0,0,1,1,9
DDD,2013J,77241,0,West Midlands Region,Lower Than A Level,30-40%,35-55,0,60,0,Withdrawn,6,1,0,1,0,0,0,0,1,1,1,0,1,0,1,9
DDD,2013J,78170,1,West Midlands Region,Lower Than A Level,30-40%,0-35,0,60,0,Fail,5,1,1,1,0,1,0,0,1,0,0,0,1,0,0,9
DDD,2013J,80329,0,South Region,Lower Than A Level,80-90%,0-35,1,120,0,Withdrawn,5,0,0,1,1,0,1,1,0,0,1,1,1,1,1,9
DDD,2013J,80868,0,South West Region,Lower Than A Level,80-90%,0-35,0,60,0,Pass,11,1,0,1,1,1,0,1,0,1,0,0,1,1,0,6
DDD,2013J,82088,1,East Midlands Region,HE Qualification,70-80%,35-55,2,60,0,Fail,11,0,0,1,1,0,0,0,0,1,0,1,0,0,0,6
DDD,2013J,83588,0,South West Region,HE Qualification,50-60%,35-55,2,60,0,Fail,14,0,0,1,1,1,0,1,0,0,1,1,0,0,0,5
DDD,2013J,84605,0,North Region,A Level or Equivalent,,35-55,0,120,0,Withdrawn,13,0,1,0,1,1,0,1,1,0,1,1,1,1,0,5
DDD,2013J,85325,1,South Region,Lower Than A Level,80-90%,0-35,0,120,0,Withdrawn,12,1,0,0,0,1,0,0,1,1,0,0,0,1,1,7
DDD,2013J,89188,1,South Region,A Level or Equivalent,50-60%,0-35,0,60,1,Pass,15,1,1,1,0,0,0,1,1,1,0,0,1,0,1,10
DDD,2013J,89727,1,Wales,A Level or Equivalent,40-50%,0-35,0,70,0,Fail,6,0,1,0,0,1,0,1,0,1,0,1,0,1,0,9
DDD,2013J,90979,1,East Anglian Region,HE Qualification,80-90%,35-55,0,120,0,Fail,9,0,0,0,1,1,1,1,1,1,0,1,1,0,0,4
DDD,2013J,91354,0,Ireland,A Level or Equivalent,90-100%,0-35,1,60,1,Withdrawn,1,0,1,0,0,0,0,1,1,1,0,0,1,1,1,2
DDD,2013J,92166,0,South East Region,HE Qualification,90-100%,35-55,3,60,0,Withdrawn,11,1,1,1,0,1,1,1,0,1,1,0,1,1,1,6
DDD,2013J,92312,0,Wales,Lower Than A Level,50-60%,0-35,3,60,0,Fail,9,0,0,0,1,0,0,0,0,0,1,0,0,0,1,4
DDD,2013J,92391,1,East Anglian Region,A Level or Equivalent,40-50%,35-55,1,60,0,Fail,10,1,1,1,0,0,0,1,1,0,0,1,0,0,1,1
DDD,2013J,102850,1,South West Region,A Level or Equivalent,70-80%,35-55,0,165,0,Pass,3,0,1,0,0,0,1,1,0,1,0,0,0,1,0,8
DDD,2013J,103800,0,Wales,A Level or Equivalent,40-50%,0-35,0,90,0,Pass,9,1,0,1,0,1,1,0,1,0,1,0,1,1,1,4
DDD,2013J,104643,1,South West Region,A Level or Equivalent,70-80%,0-35,0,60,0,Pass,10,0,1,0,1,0,0,0,1,0,1,0,1,0,1,1
DDD,2013J,104772,0,South West Region,A Level or Equivalent,70-80%,35-55,0,60,0,Withdrawn,12,0,0,0,1,0,1,0,1,1,0,1,1,1,0,7
DDD,2013J,105523,0,Scotland,HE Qualification,60-70%,35-55,0,90,0,Pass,14,1,0,1,0,0,1,1,0,1,0,1,0,1,0,5
DDD,2013J,108275,1,East Anglian Region,A Level or Equivalent,70-80%,35-55,1,120,1,Withdrawn,8,0,0,1,0,1,0,0,1,0,0,1,0,0,0,3
DDD,2013J,108789,0,London Region,A Level or Equivalent,20-Oct,0-35,0,70,1,Fail,9,1,0,1,1,0,1,1,0,0,1,1,1,0,1,4
DDD,2013J,111360,0,West Midlands Region,HE Qualification,30-40%,0-35,3,60,0,Fail,12,1,1,0,0,0,1,1,1,0,0,1,1,1,0,7
DDD,2013J,111548,1,South West Region,A Level or Equivalent,70-80%,0-35,1,120,0,Withdrawn,16,1,0,0,1,1,1,1,0,1,1,0,1,0,1,10
DDD,2013J,111926,0,East Anglian Region,Lower Than A Level,30-40%,0-35,1,60,0,Fail,14,0,1,1,0,0,0,0,0,1,0,1,1,1,1,5
DDD,2013J,114558,0,North Region,Lower Than A Level,,0-35,0,60,0,Pass,3,0,0,0,1,0,1,1,0,1,0,1,1,0,0,8
DDD,2013J,118887,1,Yorkshire Region,Lower Than A Level,20-30%,0-35,0,120,0,Withdrawn,16,0,0,0,0,0,0,1,0,1,0,0,0,1,0,10
DDD,2013J,120999,0,East Anglian Region,Lower Than A Level,80-90%,0-35,1,60,0,Pass,11,1,0,1,1,1,0,1,0,0,0,0,1,1,1,6
DDD,2013J,122739,0,Yorkshire Region,A Level or Equivalent,30-40%,0-35,0,60,0,Fail,10,0,0,1,0,1,1,1,1,1,1,0,1,1,0,1
DDD,2013J,123497,0,East Anglian Region,A Level or Equivalent,70-80%,0-35,1,60,0,Fail,9,1,0,1,1,1,1,0,0,0,0,0,0,1,1,4
DDD,2013J,123598,0,Scotland,A Level or Equivalent,50-60%,0-35,0,90,1,Distinction,13,1,1,0,1,0,1,1,1,0,1,0,0,1,1,5
DDD,2013J,123957,1,North Western Region,Lower Than A Level,70-80%,0-35,0,120,0,Withdrawn,16,1,0,1,0,1,1,0,0,1,1,0,0,0,0,10
DDD,2013J,124006,1,Scotland,A Level or Equivalent,30-40%,0-35,1,70,1,Pass,6,1,1,0,0,1,1,0,0,1,0,0,1,0,1,9
DDD,2013J,124387,0,Scotland,Post Graduate Qualification,80-90%,35-55,0,60,0,Withdrawn,14,1,0,0,1,0,0,1,0,1,1,0,1,0,1,5
DDD,2013J,126394,0,Wales,A Level or Equivalent,90-100%,0-35,0,120,0,Pass,2,0,1,0,1,0,0,1,1,0,1,0,1,0,0,2
DDD,2013J,126812,1,East Midlands Region,A Level or Equivalent,40-50%,0-35,0,120,0,Pass,3,0,1,1,1,0,0,1,1,1,0,1,0,0,1,8
DDD,2013J,127988,0,Yorkshire Region,A Level or Equivalent,80-90%,0-35,0,150,0,Pass,10,0,1,0,1,1,1,1,1,0,1,0,0,1,1,1
DDD,2013J,128656,1,North Region,A Level or Equivalent,20-Oct,0-35,0,60,0,Pass,5,0,0,1,0,1,0,0,1,0,1,1,0,1,0,9
DDD,2013J,128965,0,South West Region,A Level or Equivalent,60-70%,55<=,1,60,0,Pass,5,1,0,1,0,0,1,1,0,0,1,0,1,1,1,9
DDD,2013J,130467,0,West Midlands Region,A Level or Equivalent,70-80%,0-35,0,60,0,Pass,9,1,0,0,0,0,0,0,0,0,0,0,1,0,0,4
DDD,2013J,130671,1,West Midlands Region,Lower Than A Level,70-80%,0-35,0,60,0,Pass,10,0,1,0,0,0,0,1,0,0,0,1,0,1,0,1
DDD,2013J,130837,0,Scotland,A Level or Equivalent,20-Oct,0-35,0,60,1,Fail,3,0,1,1,1,0,1,0,1,1,0,0,0,1,0,8
DDD,2013J,131222,0,South Region,A Level or Equivalent,90-100%,0-35,0,60,0,Pass,2,0,1,0,0,1,1,0,1,0,0,0,1,1,0,2
DDD,2013J,132401,0,Yorkshire Region,Lower Than A Level,70-80%,0-35,0,60,0,Fail,8,0,0,1,0,0,1,1,0,0,0,1,0,0,0,3
DDD,2013J,135385,1,East Anglian Region,A Level or Equivalent,20-30%,35-55,0,60,0,Pass,8,1,0,1,1,1,1,0,1,1,1,0,1,0,1,3
DDD,2013J,138709,0,North Region,Lower Than A Level,20-Oct,0-35,1,60,1,Withdrawn,9,0,1,1,0,0,0,1,1,1,0,0,0,1,1,4
DDD,2013J,138715,0,South East Region,A Level or Equivalent,0-10%,0-35,0,60,0,Withdrawn,3,1,1,0,1,1,1,0,0,1,1,1,0,0,0,8
DDD,2013J,139843,0,North Western Region,HE Qualification,0-10%,0-35,2,60,0,Fail,2,1,1,0,1,0,1,0,0,1,0,1,1,0,1,2
DDD,2013J,140807,1,East Anglian Region,A Level or Equivalent,0-10%,0-35,0,60,1,Pass,7,1,0,1,1,1,1,0,0,0,0,1,1,0,0,3
DDD,2013J,141301,0,West Midlands Region,Lower Than A Level,20-Oct,0-35,2,150,0,Withdrawn,10,1,1,1,0,0,1,0,1,0,0,0,0,0,1,1
DDD,2013J,142998,1,North Western Region,HE Qualification,20-30%,35-55,1,120,1,Withdrawn,3,0,0,0,0,0,0,1,1,0,0,1,0,0,0,8
DDD,2013J,144895,0,East Anglian Region,A Level or Equivalent,70-80%,0-35,0,60,0,Pass,15,0,1,1,1,1,0,0,0,1,0,1,0,1,1,10
DDD,2013J,146485,0,North Region,Lower Than A Level,70-80%,0-35,0,90,0,Fail,11,0,1,1,0,0,1,1,0,0,1,0,1,1,1,6
DDD,2013J,146666,1,East Anglian Region,HE Qualification,60-70%,35-55,0,120,0,Fail,12,0,1,1,1,1,1,1,0,0,1,1,1,0,1,7
DDD,2013J,148008,0,North Western Region,A Level or Equivalent,50-60%,0-35,2,60,0,Fail,9,0,0,1,1,0,0,0,0,1,1,1,0,1,0,4
DDD,2013J,148515,1,Scotland,Lower Than A Level,30-40%,0-35,1,60,0,Fail,11,1,1,1,1,0,1,0,0,0,0,1,0,1,0,6
DDD,2013J,156783,0,Yorkshire Region,Lower Than A Level,90-100%,0-35,0,60,0,Pass,16,0,0,0,0,1,1,0,0,1,1,1,0,1,1,10
DDD,2013J,157310,1,Yorkshire Region,Lower Than A Level,40-50%,0-35,0,210,0,Pass,14,0,1,1,1,0,0,1,0,1,0,1,1,1,1,5
DDD,2013J,158611,0,East Midlands Region,HE Qualification,80-90%,0-35,1,60,0,Pass,5,1,0,0,0,0,1,1,1,0,1,1,0,1,0,9
DDD,2013J,160178,0,East Anglian Region,A Level or Equivalent,50-60%,0-35,0,60,0,Withdrawn,7,0,0,0,0,0,0,1,0,1,1,0,1,1,0,3
DDD,2013J,162337,1,West Midlands Region,Lower Than A Level,30-40%,0-35,0,120,0,Fail,3,1,1,0,1,0,1,0,0,0,0,0,0,0,0,8
DDD,2013J,164935,0,North Western Region,HE Qualification,50-60%,0-35,0,60,0,Pass,3,1,1,0,0,0,0,1,0,0,0,1,0,0,1,8
DDD,2013J,165178,1,West Midlands Region,A Level or Equivalent,40-50%,0-35,0,120,0,Withdrawn,9,1,0,0,1,1,0,0,1,1,1,0,0,0,0,4
DDD,2013J,169079,0,West Midlands Region,A Level or Equivalent,30-40%,0-35,0,120,0,Distinction,6,1,1,1,1,1,0,1,1,1,1,1,0,0,1,9
DDD,2013J,169700,0,North Western Region,No Formal quals,0-10%,35-55,0,60,0,Fail,16,1,1,0,0,0,1,1,0,1,1,1,0,0,0,10
DDD,2013J,172965,0,Scotland,Post Graduate Qualification,60-70%,35-55,0,150,0,Withdrawn,15,0,1,1,0,0,0,0,1,1,0,0,1,0,0,10
DDD,2013J,173004,1,Ireland,HE Qualification,60-70%,0-35,1,90,0,Fail,7,0,1,0,1,0,1,1,1,0,1,0,0,1,1,3
DDD,2013J,173370,0,South Region,Lower Than A Level,90-100%,0-35,0,60,0,Pass,8,1,0,0,1,1,1,0,0,1,0,1,1,1,0,3
DDD,2013J,177354,1,Wales,Lower Than A Level,80-90%,0-35,1,90,0,Pass,8,1,0,1,0,0,1,0,0,1,1,0,1,0,1,3
DDD,2013J,178020,1,London Region,No Formal quals,20-30%,0-35,0,120,0,Pass,1,1,0,1,0,1,1,0,0,0,0,1,1,0,1,2
DDD,2013J,179718,1,South East Region,HE Qualification,20-30%,35-55,2,150,1,Fail,15,1,0,1,0,0,1,0,0,0,0,1,1,0,1,10
DDD,2013J,179904,0,North Western Region,A Level or Equivalent,70-80%,0-35,0,90,0,Fail,6,0,1,1,1,0,0,0,1,0,0,1,1,0,1,9
DDD,2013J,180651,0,Yorkshire Region,Lower Than A Level,70-80%,0-35,0,60,0,Pass,11,1,0,1,1,1,0,1,1,0,0,0,0,0,1,6
DDD,2013J,184025,1,North Region,Lower Than A Level,20-30%,35-55,0,120,0,Fail,1,1,0,0,0,1,1,0,0,0,0,0,0,0,1,2
DDD,2013J,185024,1,West Midlands Region,Lower Than A Level,0-10%,0-35,0,180,1,Withdrawn,16,1,1,0,0,0,1,1,0,1,0,1,0,0,1,10
DDD,2013J,185127,0,London Region,A Level or Equivalent,20-30%,0-35,1,60,0,Pass,7,1,0,1,1,1,1,0,0,1,0,0,1,1,0,3
DDD,2013J,188875,0,Yorkshire Region,HE Qualification,20-Oct,35-55,0,60,0,Fail,4,1,0,0,0,0,1,0,0,1,1,1,1,1,0,8
DDD,2013J,189624,0,West Midlands Region,A Level or Equivalent,60-70%,0-35,0,150,0,Pass,11,0,0,1,0,1,0,0,0,0,1,0,1,1,1,6
DDD,2013J,191445,0,South Region,Lower Than A Level,50-60%,0-35,0,60,0,Fail,12,0,0,0,0,0,0,0,1,1,0,1,0,0,0,7
DDD,2013J,198953,1,Wales,Lower Than A Level,60-70%,35-55,2,180,0,Withdrawn,14,1,0,0,1,0,0,0,0,0,1,0,1,0,1,5
DDD,2013J,202489,0,Yorkshire Region,Lower Than A Level,0-10%,0-35,0,60,0,Withdrawn,1,1,1,1,0,0,0,1,0,0,1,0,1,0,1,2
DDD,2013J,203066,1,North Region,A Level or Equivalent,20-30%,0-35,0,60,0,Pass,2,0,1,1,0,0,1,0,0,1,0,0,1,1,1,2
DDD,2013J,204182,0,South West Region,A Level or Equivalent,90-100%,0-35,1,60,0,Pass,15,1,1,0,0,1,1,0,0,1,0,1,0,1,0,10
DDD,2013J,204505,0,North Western Region,HE Qualification,40-50%,0-35,0,60,0,Pass,1,1,0,0,0,1,0,0,0,1,0,0,0,1,1,2
DDD,2013J,205417,0,West Midlands Region,Lower Than A Level,80-90%,0-35,0,60,0,Withdrawn,2,1,1,1,1,0,0,1,0,0,0,0,0,1,1,2
DDD,2013J,205442,0,Ireland,HE Qualification,,35-55,0,60,0,Pass,8,1,0,1,0,0,1,1,1,1,1,1,1,0,0,3
DDD,2013J,227020,0,North Western Region,A Level or Equivalent,30-40%,0-35,0,60,0,Fail,11,1,0,0,0,1,1,0,1,1,0,0,0,0,1,6
DDD,2013J,227167,1,South East Region,A Level or Equivalent,60-70%,0-35,0,60,0,Withdrawn,1,1,1,1,1,0,0,1,0,1,0,0,1,0,1,2
DDD,2013J,227491,1,West Midlands Region,A Level or Equivalent,20-Oct,35-55,1,150,0,Withdrawn,13,0,0,1,1,1,0,0,0,0,0,0,0,0,0,5
DDD,2013J,228695,0,East Midlands Region,A Level or Equivalent,40-50%,0-35,0,120,0,Withdrawn,15,1,1,1,1,1,0,1,1,1,0,1,0,0,1,10
DDD,2013J,228888,1,South Region,A Level or Equivalent,70-80%,35-55,0,90,0,Pass,12,1,1,1,1,1,0,1,1,1,0,1,0,1,1,7
DDD,2013J,230510,0,South Region,Lower Than A Level,20-Oct,0-35,0,60,1,Fail,16,1,1,1,0,0,0,0,0,1,1,1,0,0,0,10
DDD,2013J,231572,0,South West Region,A Level or Equivalent,50-60%,0-35,0,120,0,Pass,14,1,0,1,0,1,0,1,0,0,1,1,0,0,1,5
DDD,2013J,232078,0,Yorkshire Region,HE Qualification,20-Oct,35-55,0,60,0,Withdrawn,2,0,0,0,1,1,0,0,0,1,0,0,1,0,0,2
DDD,2013J,234406,1,Scotland,HE Qualification,60-70%,0-35,0,75,0,Pass,7,1,0,0,0,1,0,1,1,0,0,1,0,0,1,3
DDD,2013J,234827,0,South Region,Lower Than A Level,90-100%,0-35,0,120,1,Withdrawn,11,0,1,0,1,1,0,0,1,0,1,1,0,1,0,6
DDD,2013J,235777,0,London Region,A Level or Equivalent,20-Oct,0-35,2,60,0,Withdrawn,9,0,1,0,0,1,1,0,1,0,1,0,0,0,0,4
DDD,2013J,236150,1,Wales,HE Qualification,80-90%,35-55,0,120,0,Withdrawn,4,0,0,1,0,0,1,0,0,0,1,0,1,1,0,8
DDD,2013J,236857,0,North Western Region,Lower Than A Level,70-80%,0-35,0,120,0,Pass,1,1,1,0,1,1,0,0,1,0,1,0,0,0,1,2
DDD,2013J,236953,1,South East Region,A Level or Equivalent,80-90%,0-35,2,60,0,Pass,15,1,1,1,0,0,0,1,1,0,1,1,0,1,1,10
DDD,2013J,237418,1,London Region,A Level or Equivalent,20-30%,35-55,0,90,1,Withdrawn,4,1,1,0,0,1,1,0,1,1,1,0,1,0,1,8
DDD,2013J,237506,0,North Western Region,Lower Than A Level,60-70%,0-35,0,60,0,Fail,13,1,0,1,0,1,0,0,0,0,0,1,0,0,0,5
DDD,2013J,237602,1,South East Region,Lower Than A Level,20-Oct,0-35,1,60,0,Pass,16,0,0,1,1,0,0,1,1,0,0,0,1,1,0,10
DDD,2013J,237808,0,East Anglian Region,Lower Than A Level,90-100%,35-55,0,60,0,Fail,7,1,0,0,0,1,0,0,0,0,1,1,1,1,1,3
DDD,2013J,238800,0,East Midlands Region,A Level or Equivalent,50-60%,0-35,0,60,0,Fail,10,0,0,1,0,1,0,1,0,1,1,1,0,0,1,1
DDD,2013J,238983,1,West Midlands Region,A Level or Equivalent,20-30%,0-35,2,90,1,Pass,2,0,0,1,0,1,0,1,0,0,0,0,1,0,1,2
DDD,2013J,240641,1,North Region,A Level or Equivalent,,0-35,0,60,0,Pass,7,1,1,1,0,0,0,1,1,0,1,0,0,1,1,3
DDD,2013J,242472,0,South Region,Lower Than A Level,30-40%,35-55,0,60,0,Fail,5,1,0,1,1,1,1,0,1,1,0,1,0,0,0,9
DDD,2013J,243372,0,South West Region,A Level or Equivalent,70-80%,35-55,0,75,0,Pass,8,0,1,0,1,1,0,1,1,1,1,1,1,0,1,3
DDD,2013J,244738,0,London Region,A Level or Equivalent,40-50%,0-35,0,60,0,Pass,9,1,0,1,1,1,1,1,1,0,1,1,1,1,1,4
DDD,2013J,245653,1,Scotland,HE Qualification,70-80%,0-35,0,60,0,Fail,1,1,0,1,0,0,1,1,1,1,0,1,1,0,0,2
DDD,2013J,245946,0,Wales,HE Qualification,40-50%,0-35,0,90,0,Pass,15,1,0,1,1,1,1,0,0,1,0,0,1,0,1,10
DDD,2013J,248252,1,Yorkshire Region,HE Qualification,0-10%,35-55,0,90,0,Withdrawn,11,0,1,0,1,0,0,0,1,0,0,0,0,1,0,6
DDD,2013J,248695,1,North Western Region,A Level or Equivalent,20-30%,0-35,0,60,0,Fail,8,0,0,1,0,1,1,0,1,1,0,0,0,1,0,3
DDD,2013J,248961,0,South Region,A Level or Equivalent,80-90%,0-35,0,120,0,Pass,8,0,1,1,1,1,0,0,1,1,0,0,1,0,1,3
DDD,2013J,249704,0,North Western Region,A Level or Equivalent,30-40%,0-35,1,180,0,Withdrawn,16,1,0,1,1,0,0,0,0,0,1,1,0,1,1,10
DDD,2013J,250163,1,East Anglian Region,A Level or Equivalent,40-50%,35-55,0,60,0,Pass,14,0,1,0,0,1,0,0,1,1,1,0,1,0,0,5
DDD,2013J,250456,1,East Anglian Region,A Level or Equivalent,80-90%,0-35,0,150,0,Withdrawn,3,0,1,0,1,0,0,0,0,1,1,0,0,0,0,8
DDD,2013J,250644,1,Scotland,HE Qualification,20-30%,0-35,0,90,0,Withdrawn,16,0,0,1,1,0,1,1,0,0,1,0,0,0,0,10
DDD,2013J,253579,0,North Region,A Level or Equivalent,20-Oct,0-35,0,120,0,Withdrawn,9,1,0,0,0,1,0,1,0,1,0,1,0,1,1,4
DDD,2013J,255622,1,South Region,HE Qualification,60-70%,0-35,0,180,0,Fail,1,1,0,0,1,1,1,0,0,0,0,0,1,1,0,2
DDD,2013J,257167,0,South Region,Lower Than A Level,70-80%,0-35,0,120,0,Pass,1,1,0,1,1,1,0,1,1,0,0,1,1,0,1,2
DDD,2013J,257359,1,South Region,Lower Than A Level,20-Oct,0-35,0,120,0,Withdrawn,4,1,0,0,0,0,0,1,0,1,0,0,0,1,0,8
DDD,2013J,258010,0,South Region,Lower Than A Level,50-60%,0-35,1,120,0,Pass,8,0,1,1,0,1,1,1,0,1,0,0,0,0,1,3
DDD,2013J,258042,1,South East Region,HE Qualification,60-70%,35-55,0,90,0,Pass,4,1,1,0,1,1,1,0,0,0,0,1,0,0,0,8
DDD,2013J,259060,1,North Region,Lower Than A Level,20-Oct,0-35,0,60,0,Pass,15,1,1,1,1,1,1,0,0,1,1,1,1,1,0,10
DDD,2013J,259641,0,North Region,A Level or Equivalent,,35-55,0,60,0,Pass,16,1,0,1,0,0,0,0,0,0,0,0,0,0,0,10
DDD,2013J,259951,1,South Region,A Level or Equivalent,70-80%,0-35,0,60,0,Pass,2,1,1,0,1,1,0,0,0,1,0,1,0,0,1,2
DDD,2013J,261495,1,South West Region,A Level or Equivalent,40-50%,0-35,0,90,1,Withdrawn,11,1,0,0,1,0,0,0,1,0,0,0,0,0,1,6
DDD,2013J,263524,1,Scotland,Lower Than A Level,60-70%,0-35,1,60,0,Fail,6,1,0,1,0,1,1,1,1,1,1,0,0,1,1,9
DDD,2013J,266286,1,South West Region,HE Qualification,70-80%,35-55,0,60,0,Pass,3,0,1,1,0,1,1,1,0,0,0,1,1,1,1,8
DDD,2013J,266558,0,Yorkshire Region,A Level or Equivalent,30-40%,0-35,0,90,1,Pass,14,0,0,1,0,1,1,0,1,0,1,0,1,1,1,5
DDD,2013J,267871,0,Yorkshire Region,A Level or Equivalent,0-10%,35-55,2,120,0,Pass,13,1,1,1,0,1,0,0,1,0,0,1,0,0,1,5
DDD,2013J,268817,1,North Western Region,Lower Than A Level,40-50%,0-35,0,90,1,Withdrawn,14,1,0,1,1,0,0,0,0,0,1,1,0,0,0,5
DDD,2013J,269065,0,South Region,A Level or Equivalent,40-50%,35-55,0,90,1,Withdrawn,7,1,1,1,0,0,0,0,1,1,0,1,0,0,1,3
DDD,2013J,270393,1,East Anglian Region,Lower Than A Level,0-10%,0-35,1,60,0,Pass,15,1,0,0,0,0,0,1,1,0,1,0,1,0,0,10
DDD,2013J,270493,1,South Region,Lower Than A Level,50-60%,0-35,0,60,0,Fail,9,1,1,1,1,0,0,0,0,1,0,1,1,1,0,4
DDD,2013J,271206,0,North Region,HE Qualification,50-60%,0-35,0,60,0,Fail,13,0,1,1,0,1,1,0,1,0,1,0,0,0,1,5
DDD,2013J,271526,0,South Region,HE Qualification,80-90%,35-55,2,60,0,Pass,11,0,1,0,1,0,0,0,1,1,0,0,0,1,0,6
DDD,2013J,273106,0,East Midlands Region,Lower Than A Level,40-50%,0-35,1,60,0,Fail,1,1,0,0,1,1,0,0,0,1,1,0,1,1,0,2
DDD,2013J,274712,0,London Region,HE Qualification,70-80%,35-55,2,60,0,Fail,5,1,0,0,0,0,1,0,1,0,1,1,1,0,1,9
DDD,2013J,274964,0,East Midlands Region,Lower Than A Level,20-30%,35-55,0,120,0,Fail,6,1,0,0,0,1,1,1,0,0,1,1,0,0,0,9
DDD,2013J,275232,1,Wales,A Level or Equivalent,40-50%,35-55,0,60,0,Pass,5,0,0,0,0,0,0,1,1,1,0,1,1,0,0,9
DDD,2013J,276857,1,Wales,HE Qualification,80-90%,35-55,0,60,0,Pass,13,1,0,1,0,1,0,1,0,0,0,1,0,1,1,5
DDD,2013J,277412,0,Wales,A Level or Equivalent,20-30%,35-55,0,120,0,Fail,11,1,1,1,1,1,1,0,0,1,1,1,1,1,0,6
DDD,2013J,277596,0,South Region,Lower Than A Level,90-100%,0-35,0,60,0,Pass,10,1,0,1,1,0,1,1,1,0,1,0,0,1,0,1
DDD,2013J,277729,0,South West Region,A Level or Equivalent,30-40%,0-35,0,90,0,Fail,14,1,1,0,1,1,0,1,1,0,0,0,1,1,0,5
DDD,2013J,279868,1,Yorkshire Region,HE Qualification,30-40%,0-35,0,120,0,Pass,1,0,0,0,0,1,1,1,1,0,0,1,0,1,1,2
DDD,2013J,279883,0,East Midlands Region,A Level or Equivalent,0-10%,0-35,1,150,0,Withdrawn,11,0,1,1,0,1,0,1,0,0,0,1,1,1,0,6
DDD,2013J,280541,1,East Midlands Region,A Level or Equivalent,50-60%,0-35,0,60,0,Withdrawn,7,0,1,0,1,1,0,1,0,0,0,1,1,1,0,3
DDD,2013J,281656,0,North Region,Lower Than A Level,30-40%,0-35,1,210,1,Withdrawn,6,0,1,1,1,1,0,1,1,1,1,0,0,0,0,9
DDD,2013J,282317,1,East Midlands Region,A Level or Equivalent,20-30%,0-35,0,60,1,Pass,9,1,1,1,1,0,1,0,1,0,0,0,1,0,1,4
DDD,2013J,283401,1,East Anglian Region,A Level or Equivalent,20-30%,0-35,0,120,0,Withdrawn,14,1,0,1,0,1,1,1,0,0,0,0,1,0,1,5
DDD,2013J,283535,0,London Region,A Level or Equivalent,30-40%,0-35,0,60,0,Withdrawn,5,1,0,0,1,0,1,0,0,0,1,1,1,1,1,9
DDD,2013J,284540,1,South East Region,Lower Than A Level,80-90%,0-35,0,120,0,Withdrawn,4,1,1,1,1,1,1,0,1,0,0,0,0,0,1,8
DDD,2013J,285085,0,South East Region,Lower Than A Level,30-40%,0-35,0,60,0,Withdrawn,16,0,0,1,0,0,0,1,0,1,0,1,0,1,1,10
DDD,2013J,285557,0,Scotland,A Level or Equivalent,90-100%,0-35,0,60,0,Pass,11,0,1,0,0,1,0,1,1,1,0,0,0,0,1,6
DDD,2013J,286449,1,East Midlands Region,Lower Than A Level,40-50%,0-35,5,120,0,Withdrawn,4,0,0,0,1,1,1,0,1,1,1,1,0,0,0,8
DDD,2013J,286842,1,East Anglian Region,A Level or Equivalent,20-30%,0-35,0,60,0,Pass,7,1,1,0,1,1,0,1,0,1,1,0,0,0,0,3
DDD,2013J,287783,1,Wales,HE Qualification,50-60%,0-35,1,90,0,Distinction,5,0,1,1,0,0,1,1,0,0,0,1,1,0,0,9
DDD,2013J,289009,0,Yorkshire Region,HE Qualification,20-Oct,35-55,0,150,0,Pass,2,0,1,1,1,0,0,1,0,1,0,1,0,1,1,2
DDD,2013J,289529,0,East Anglian Region,A Level or Equivalent,90-100%,0-35,0,120,0,Withdrawn,9,1,0,0,1,0,1,0,0,1,1,0,1,1,1,4
DDD,2013J,290371,1,London Region,A Level or Equivalent,20-Oct,0-35,0,90,0,Withdrawn,3,1,1,0,1,0,1,0,0,1,1,1,1,1,0,8
DDD,2013J,292694,1,Yorkshire Region,A Level or Equivalent,70-80%,0-35,1,180,0,Fail,15,0,0,0,1,0,1,0,0,0,1,0,1,1,0,10
DDD,2013J,293853,1,East Anglian Region,A Level or Equivalent,90-100%,0-35,0,60,0,Pass,9,1,0,1,1,1,1,1,1,0,1,1,1,1,1,4
DDD,2013J,294364,0,West Midlands Region,Lower Than A Level,20-Oct,0-35,0,60,0,Fail,4,1,1,0,1,1,1,1,0,0,1,1,1,1,0,8
DDD,2013J,296813,0,North Western Region,Lower Than A Level,0-10%,0-35,0,60,0,Withdrawn,14,1,1,0,0,0,0,0,0,1,0,1,0,0,0,5
DDD,2013J,296849,1,North Western Region,A Level or Equivalent,0-10%,0-35,0,90,0,Withdrawn,12,0,0,0,0,1,0,0,0,1,0,1,0,1,0,7
DDD,2013J,297382,0,London Region,HE Qualification,60-70%,0-35,0,120,0,Withdrawn,5,0,1,1,0,1,0,0,1,0,0,1,1,0,0,9
DDD,2013J,298402,0,West Midlands Region,Lower Than A Level,50-60%,0-35,0,120,0,Pass,4,0,1,0,1,0,1,0,1,1,0,0,0,0,0,8
DDD,2013J,298911,1,Scotland,Lower Than A Level,30-40%,0-35,0,70,0,Withdrawn,13,1,0,0,1,1,1,0,1,0,1,0,1,0,1,5
DDD,2013J,299473,0,East Midlands Region,Lower Than A Level,40-50%,0-35,2,60,1,Fail,8,1,1,0,1,0,1,0,1,0,0,1,1,1,1,3
DDD,2013J,303582,1,North Western Region,A Level or Equivalent,20-Oct,0-35,0,105,0,Pass,2,0,0,1,1,1,0,1,0,0,1,0,0,1,0,2
DDD,2013J,305535,0,West Midlands Region,A Level or Equivalent,0-10%,0-35,2,180,0,Pass,16,0,0,0,0,1,0,1,1,1,0,0,0,0,1,10
DDD,2013J,305702,1,London Region,A Level or Equivalent,20-Oct,0-35,1,120,0,Withdrawn,3,1,0,1,0,1,0,0,0,1,1,0,0,1,0,8
DDD,2013J,307932,0,Scotland,HE Qualification,90-100%,0-35,1,120,0,Fail,5,1,1,1,1,1,0,1,1,0,1,1,0,0,1,9
DDD,2013J,308231,0,North Western Region,Lower Than A Level,70-80%,0-35,0,60,0,Fail,11,1,1,0,1,1,0,1,0,0,1,0,1,1,0,6
DDD,2013J,308707,1,South West Region,Lower Than A Level,60-70%,0-35,1,120,0,Withdrawn,2,0,0,0,0,0,0,1,1,0,0,0,0,1,1,2
DDD,2013J,308982,0,North Western Region,HE Qualification,60-70%,0-35,1,60,0,Withdrawn,11,1,0,0,0,1,0,1,1,1,1,1,0,1,1,6
DDD,2013J,309258,0,South West Region,HE Qualification,60-70%,35-55,1,120,0,Withdrawn,11,1,0,0,1,0,1,0,0,1,0,1,1,1,0,6
DDD,2013J,311117,0,Scotland,A Level or Equivalent,0-10%,0-35,1,60,1,Withdrawn,6,0,1,0,0,1,0,0,1,1,1,0,0,0,1,9
DDD,2013J,311474,0,South West Region,Lower Than A Level,50-60%,0-35,0,90,0,Withdrawn,2,0,0,0,1,0,0,0,0,1,0,1,1,1,0,2
DDD,2013J,311877,1,South West Region,Lower Than A Level,20-Oct,0-35,0,90,0,Withdrawn,3,0,1,1,1,0,0,0,0,1,0,1,0,0,1,8
DDD,2013J,314123,1,North Region,A Level or Equivalent,20-Oct,0-35,1,60,0,Withdrawn,11,1,0,0,1,1,0,0,1,1,0,1,0,1,1,6
DDD,2013J,314219,0,South East Region,Lower Than A Level,20-Oct,0-35,0,120,0,Withdrawn,8,0,0,1,0,1,0,1,1,0,0,1,1,1,0,3
DDD,2013J,314956,0,South East Region,A Level or Equivalent,60-70%,0-35,1,60,0,Pass,5,0,0,0,1,0,0,0,0,0,1,0,0,1,0,9
DDD,2013J,315082,0,West Midlands Region,A Level or Equivalent,50-60%,0-35,0,60,0,Fail,5,1,1,0,1,0,1,0,0,1,0,1,0,0,1,9
DDD,2013J,315388,0,South East Region,A Level or Equivalent,50-60%,0-35,1,60,1,Withdrawn,16,0,0,0,1,0,0,0,0,0,1,1,1,1,1,10
DDD,2013J,315517,1,Yorkshire Region,Lower Than A Level,40-50%,0-35,0,180,1,Withdrawn,4,0,1,0,1,0,1,0,1,0,0,1,1,0,0,8
DDD,2013J,315625,0,South East Region,A Level or Equivalent,50-60%,0-35,1,60,0,Pass,8,0,0,0,0,1,1,0,0,1,1,0,0,0,0,3
DDD,2013J,315730,0,South West Region,A Level or Equivalent,60-70%,0-35,0,60,0,Pass,9,0,1,1,1,0,1,1,0,0,0,1,1,1,0,4
DDD,2013J,315909,1,East Anglian Region,Lower Than A Level,30-40%,0-35,0,60,0,Fail,8,1,1,0,0,0,1,1,0,0,0,1,0,0,0,3
DDD,2013J,317096,1,London Region,A Level or Equivalent,50-60%,0-35,0,90,0,Pass,7,1,1,1,0,1,1,1,1,1,0,0,0,0,0,3
DDD,2013J,318574,0,North Western Region,A Level or Equivalent,40-50%,0-35,0,90,0,Withdrawn,2,1,1,1,1,1,0,1,0,1,1,0,1,0,1,2
DDD,2013J,318794,1,North Western Region,Lower Than A Level,0-10%,0-35,0,150,0,Pass,2,0,1,0,1,1,1,0,1,0,1,0,0,1,1,2
DDD,2013J,318977,0,South West Region,Lower Than A Level,50-60%,0-35,0,60,0,Fail,2,0,0,1,1,0,1,1,0,0,1,0,0,1,0,2
DDD,2013J,319479,1,Scotland,HE Qualification,60-70%,0-35,0,60,0,Withdrawn,16,0,0,0,1,0,1,0,1,1,0,0,1,1,0,10
DDD,2013J,320963,0,Ireland,A Level or Equivalent,90-100%,0-35,0,60,0,Pass,2,0,1,0,0,0,1,0,1,0,0,0,1,1,1,2
DDD,2013J,325497,1,South West Region,A Level or Equivalent,20-30%,0-35,0,90,0,Fail,12,0,0,1,1,0,0,1,1,0,1,0,1,1,0,7
DDD,2013J,328173,1,Scotland,Lower Than A Level,20-30%,0-35,0,90,0,Withdrawn,2,1,0,1,0,1,0,0,0,0,0,1,1,1,1,2
DDD,2013J,331315,0,East Midlands Region,A Level or Equivalent,70-80%,0-35,1,130,0,Pass,10,0,0,0,0,0,0,0,1,1,0,1,0,1,1,1
DDD,2013J,331404,1,North Region,HE Qualification,,55<=,0,60,0,Pass,12,1,0,1,1,0,0,1,0,0,1,1,1,1,1,7
DDD,2013J,332309,0,North Western Region,A Level or Equivalent,30-40%,0-35,0,60,0,Pass,3,1,0,0,1,1,0,1,0,0,0,0,0,0,1,8
DDD,2013J,332436,0,South Region,Lower Than A Level,70-80%,0-35,0,60,0,Pass,5,0,1,0,0,0,1,0,1,0,1,1,0,1,0,9
DDD,2013J,332726,1,South East Region,Lower Than A Level,30-40%,0-35,0,60,0,Fail,10,1,1,1,1,0,1,0,1,1,0,1,0,0,1,1
DDD,2013J,333155,0,North Western Region,Lower Than A Level,70-80%,35-55,0,120,0,Fail,10,1,1,1,0,1,0,1,0,1,1,1,1,0,0,1
DDD,2013J,334255,1,Scotland,HE Qualification,30-40%,0-35,0,60,1,Pass,14,1,0,0,0,0,1,1,0,1,0,1,0,1,1,5
DDD,2013J,334257,0,North Region,Lower Than A Level,,0-35,0,60,0,Pass,7,0,1,0,0,1,0,1,1,1,1,1,1,1,0,3
DDD,2013J,335018,1,London Region,Lower Than A Level,50-60%,0-35,1,100,0,Withdrawn,1,1,0,1,1,1,1,0,1,1,1,1,0,0,0,2
DDD,2013J,335405,0,East Anglian Region,A Level or Equivalent,50-60%,0-35,0,60,0,Distinction,13,0,1,1,0,0,0,0,0,1,1,0,0,0,1,5
DDD,2013J,335910,1,South East Region,A Level or Equivalent,30-40%,0-35,0,60,0,Withdrawn,3,0,0,0,0,0,0,1,0,0,0,1,0,0,0,8
DDD,2013J,336037,0,North Region,Post Graduate Qualification,,0-35,1,60,0,Pass,14,0,1,0,1,0,1,0,1,1,1,0,1,1,0,5
DDD,2013J,337314,0,Yorkshire Region,A Level or Equivalent,50-60%,0-35,1,60,0,Withdrawn,1,0,1,0,0,1,1,1,1,1,1,1,0,0,0,2
DDD,2013J,338034,0,South West Region,A Level or Equivalent,30-40%,0-35,0,60,0,Fail,1,1,0,1,1,0,1,1,0,1,1,0,0,0,1,2
DDD,2013J,339739,1,South Region,Lower Than A Level,80-90%,0-35,0,60,1,Fail,12,1,1,1,1,0,1,1,1,0,1,1,1,0,0,7
DDD,2013J,339924,0,North Western Region,No Formal quals,20-Oct,0-35,3,60,0,Fail,7,0,0,0,1,1,0,1,1,0,0,1,1,0,0,3
DDD,2013J,341854,0,Wales,HE Qualification,70-80%,35-55,0,60,0,Fail,16,1,1,0,0,0,1,1,1,0,0,0,0,1,1,10
DDD,2013J,341855,1,North Western Region,Lower Than A Level,0-10%,0-35,0,60,0,Withdrawn,7,1,0,0,0,0,1,0,1,0,1,1,0,1,0,3
DDD,2013J,342100,0,East Anglian Region,Lower Than A Level,60-70%,0-35,0,60,0,Pass,12,0,1,1,0,0,0,1,0,1,0,1,1,1,1,7
DDD,2013J,342176,0,West Midlands Region,Lower Than A Level,60-70%,35-55,2,60,0,Withdrawn,8,0,1,0,0,1,0,0,0,1,1,1,1,1,0,3
DDD,2013J,342387,1,London Region,A Level or Equivalent,20-30%,0-35,1,180,0,Fail,7,0,0,0,1,0,1,0,0,1,1,1,0,1,0,3
DDD,2013J,342483,0,Scotland,A Level or Equivalent,0-10%,0-35,0,90,0,Withdrawn,7,0,0,1,1,1,0,1,0,1,1,0,1,1,1,3
DDD,2013J,342697,1,South West Region,A Level or Equivalent,80-90%,0-35,0,60,0,Withdrawn,9,0,0,0,1,0,0,1,1,0,1,1,1,0,0,4
DDD,2013J,342949,0,East Anglian Region,A Level or Equivalent,60-70%,0-35,0,70,0,Fail,11,1,1,0,1,0,1,1,1,1,0,1,1,0,0,6
DDD,2013J,343238,1,North Western Region,Lower Than A Level,40-50%,0-35,0,120,0,Pass,1,0,0,1,1,0,0,0,0,1,1,0,0,0,1,2
DDD,2013J,343781,1,South Region,Post Graduate Qualification,90-100%,35-55,0,60,0,Distinction,11,1,0,1,0,1,0,0,0,1,0,0,1,0,0,6
DDD,2013J,343911,0,West Midlands Region,A Level or Equivalent,70-80%,0-35,0,120,0,Fail,6,1,0,1,1,1,1,1,1,1,1,1,1,0,0,9
DDD,2013J,344474,0,South West Region,A Level or Equivalent,50-60%,0-35,1,60,0,Fail,3,0,1,1,0,1,0,1,0,1,0,0,0,0,1,8
DDD,2013J,346333,1,South East Region,Lower Than A Level,80-90%,0-35,0,60,0,Pass,6,1,0,0,1,0,1,1,1,0,0,0,0,0,0,9
DDD,2013J,348050,0,London Region,A Level or Equivalent,40-50%,0-35,1,90,0,Pass,12,0,0,0,0,1,0,0,1,1,1,0,1,1,0,7
DDD,2013J,348547,0,North Western Region,No Formal quals,20-Oct,0-35,0,120,0,Withdrawn,2,0,1,0,1,0,1,0,1,1,1,1,1,1,1,2
DDD,2013J,349182,0,West Midlands Region,A Level or Equivalent,20-30%,0-35,2,120,0,Fail,7,1,1,0,0,0,0,0,0,0,1,0,0,1,1,3
DDD,2013J,349710,0,South Region,Lower Than A Level,80-90%,0-35,0,90,0,Withdrawn,11,0,1,0,0,0,1,0,0,1,1,1,1,0,1,6
DDD,2013J,350164,0,Scotland,Lower Than A Level,70-80%,0-35,0,60,1,Withdrawn,1,0,1,0,0,1,1,1,1,0,1,1,0,1,1,2
DDD,2013J,350644,0,London Region,A Level or Equivalent,40-50%,0-35,1,90,0,Fail,9,1,1,1,1,0,0,0,1,1,1,1,1,0,0,4
DDD,2013J,350929,1,London Region,A Level or Equivalent,40-50%,0-35,0,60,1,Distinction,2,0,0,1,0,0,0,0,1,0,1,0,0,1,1,2
DDD,2013J,350949,1,East Anglian Region,HE Qualification,40-50%,35-55,0,60,0,Withdrawn,16,0,0,0,0,1,1,0,0,1,0,1,1,1,0,10
DDD,2013J,352051,1,North Western Region,Lower Than A Level,20-30%,35-55,1,60,0,Pass,5,1,0,0,1,1,1,1,1,0,1,0,0,0,0,9
DDD,2013J,352641,1,East Midlands Region,Lower Than A Level,80-90%,0-35,0,120,0,Withdrawn,2,0,1,0,0,1,1,1,1,0,0,0,1,0,0,2
DDD,2013J,352771,1,Yorkshire Region,A Level or Equivalent,50-60%,0-35,0,60,0,Pass,10,1,0,0,0,1,1,1,1,0,0,0,1,1,1,1
DDD,2013J,355510,1,North Western Region,A Level or Equivalent,90-100%,35-55,1,150,0,Pass,14,1,0,0,1,1,0,1,0,0,1,1,1,1,1,5
DDD,2013J,356274,0,Scotland,A Level or Equivalent,20-Oct,0-35,0,90,0,Fail,14,1,1,1,0,1,1,0,1,0,0,0,0,0,0,5
DDD,2013J,358504,1,London Region,A Level or Equivalent,30-40%,0-35,0,120,0,Pass,6,0,1,1,1,0,0,1,0,1,0,1,0,1,1,9
DDD,2013J,359855,1,West Midlands Region,A Level or Equivalent,50-60%,0-35,0,60,0,Withdrawn,1,1,0,1,1,0,1,1,1,1,0,1,0,1,1,2
DDD,2013J,359943,0,South Region,A Level or Equivalent,20-Oct,0-35,0,60,0,Pass,4,0,1,1,1,0,0,1,1,0,0,0,1,1,1,8
DDD,2013J,361243,1,South Region,Lower Than A Level,70-80%,0-35,0,90,0,Pass,9,1,0,1,1,1,0,0,0,0,0,0,1,1,1,4
DDD,2013J,361282,0,Wales,Lower Than A Level,20-Oct,0-35,1,60,0,Fail,4,0,1,0,1,1,0,1,0,0,0,1,0,0,0,8
DDD,2013J,361889,1,Wales,Lower Than A Level,50-60%,35-55,0,120,1,Withdrawn,14,0,1,1,1,0,1,0,1,0,0,0,1,1,1,5
DDD,2013J,362647,0,North Region,A Level or Equivalent,20-30%,0-35,0,120,0,Fail,1,0,1,1,1,1,0,0,1,1,0,1,0,0,0,2
DDD,2013J,363990,1,London Region,A Level or Equivalent,20-30%,0-35,2,60,1,Fail,8,1,1,1,0,0,0,0,1,0,0,1,1,1,1,3
DDD,2013J,364239,0,East Midlands Region,Lower Than A Level,40-50%,0-35,0,120,0,Pass,15,1,1,1,0,0,0,0,0,1,0,1,0,1,1,10
DDD,2013J,364547,0,South Region,A Level or Equivalent,50-60%,0-35,0,210,0,Pass,10,0,1,1,1,1,1,0,0,0,1,1,1,1,1,1
DDD,2013J,364770,0,North Western Region,Lower Than A Level,20-Oct,0-35,1,60,0,Pass,1,1,0,0,1,0,1,1,1,1,0,1,1,1,1,2
DDD,2013J,365239,1,South Region,A Level or Equivalent,50-60%,0-35,0,120,0,Withdrawn,1,0,1,0,0,0,0,1,0,0,1,1,1,0,0,2
DDD,2013J,365893,0,North Western Region,A Level or Equivalent,0-10%,0-35,0,120,0,Withdrawn,8,1,0,1,0,0,0,1,1,1,0,0,0,1,1,3
DDD,2013J,365939,1,Wales,Lower Than A Level,0-10%,0-35,0,90,0,Fail,14,0,1,1,1,1,0,0,1,0,0,1,0,1,1,5
DDD,2013J,366267,1,North Region,Lower Than A Level,20-30%,0-35,1,60,0,Withdrawn,1,1,1,0,0,0,1,0,0,1,1,1,0,1,1,2
DDD,2013J,366449,0,East Anglian Region,A Level or Equivalent,20-Oct,0-35,1,120,1,Pass,9,0,0,1,0,0,1,1,1,1,1,0,0,0,0,4
DDD,2013J,366535,1,Wales,A Level or Equivalent,40-50%,0-35,1,120,1,Withdrawn,15,1,1,0,0,1,0,1,0,0,0,0,1,1,0,10
DDD,2013J,366987,0,Yorkshire Region,A Level or Equivalent,20-30%,0-35,0,60,0,Pass,12,0,1,0,0,1,1,0,0,1,0,0,1,0,1,7
DDD,2013J,367045,0,Scotland,Lower Than A Level,80-90%,0-35,0,240,0,Withdrawn,2,1,1,1,0,1,1,0,1,1,1,0,0,1,0,2
DDD,2013J,368106,0,Yorkshire Region,Lower Than A Level,30-40%,0-35,0,60,0,Fail,1,1,1,1,1,1,1,0,1,1,0,0,0,0,1,2
DDD,2013J,368436,0,East Midlands Region,Lower Than A Level,30-40%,0-35,0,60,0,Pass,13,0,0,0,0,0,1,0,1,1,1,1,0,1,1,5
DDD,2013J,369319,0,East Anglian Region,Lower Than A Level,80-90%,0-35,0,60,0,Pass,2,1,1,1,1,1,1,0,0,1,1,0,0,0,0,2
DDD,2013J,370294,1,West Midlands Region,A Level or Equivalent,70-80%,0-35,2,70,1,Fail,11,0,0,1,1,1,1,1,1,1,1,1,0,0,1,6
DDD,2013J,370336,0,East Midlands Region,Lower Than A Level,30-40%,0-35,0,150,0,Withdrawn,13,0,1,0,1,1,1,1,1,0,0,1,0,1,0,5
DDD,2013J,370367,1,East Anglian Region,HE Qualification,40-50%,0-35,0,60,0,Withdrawn,6,0,0,1,0,1,0,0,1,1,1,1,1,0,0,9
DDD,2013J,370920,1,South East Region,Lower Than A Level,80-90%,0-35,0,60,0,Withdrawn,3,0,1,1,1,0,0,0,0,1,1,0,1,1,0,8
DDD,2013J,371362,1,South West Region,A Level or Equivalent,0-10%,0-35,2,60,0,Withdrawn,9,0,0,1,1,1,1,1,1,0,0,0,0,1,1,4
DDD,2013J,371679,1,South East Region,Lower Than A Level,70-80%,0-35,0,180,0,Withdrawn,16,0,1,0,0,1,0,0,1,0,0,1,1,0,1,10
DDD,2013J,373237,1,East Midlands Region,Lower Than A Level,20-Oct,0-35,1,150,1,Fail,5,1,1,1,0,0,1,0,0,1,0,1,0,0,0,9
DDD,2013J,373280,0,South West Region,A Level or Equivalent,30-40%,0-35,0,60,0,Withdrawn,6,0,1,0,1,1,1,1,0,0,1,0,0,1,1,9
DDD,2013J,374636,0,Ireland,A Level or Equivalent,50-60%,0-35,0,120,0,Pass,5,0,0,1,0,0,0,1,0,0,1,0,0,0,0,9
DDD,2013J,376067,0,North Western Region,A Level or Equivalent,20-30%,0-35,2,120,0,Withdrawn,7,0,1,1,1,0,0,0,0,0,0,0,0,0,1,3
DDD,2013J,378825,0,South West Region,A Level or Equivalent,20-30%,0-35,0,120,0,Pass,10,0,1,0,0,0,0,0,1,0,1,1,1,0,1,1
DDD,2013J,379023,1,East Midlands Region,HE Qualification,70-80%,35-55,0,60,0,Fail,11,0,0,0,1,1,0,0,0,1,0,1,0,0,1,6
DDD,2013J,379124,1,London Region,A Level or Equivalent,20-Oct,0-35,2,70,0,Pass,2,1,0,1,0,1,0,0,1,0,0,1,0,1,1,2
DDD,2013J,380138,1,North Region,Lower Than A Level,50-60%,0-35,0,90,0,Fail,4,1,1,0,0,0,0,0,1,0,0,1,0,1,1,8
DDD,2013J,380239,0,North Western Region,A Level or Equivalent,20-30%,0-35,0,60,0,Pass,7,0,1,0,0,1,0,0,1,1,1,0,0,1,0,3
DDD,2013J,380253,1,East Anglian Region,Post Graduate Qualification,90-100%,35-55,0,60,0,Pass,13,1,0,0,1,0,0,1,0,0,1,1,0,0,0,5
DDD,2013J,380429,1,Scotland,HE Qualification,80-90%,35-55,1,60,0,Pass,4,1,0,1,1,0,0,1,0,0,0,0,1,0,1,8
DDD,2013J,380662,0,East Anglian Region,A Level or Equivalent,90-100%,0-35,0,90,0,Pass,16,0,0,0,0,1,0,0,0,0,1,1,0,0,1,10
DDD,2013J,381539,0,West Midlands Region,No Formal quals,0-10%,0-35,1,120,0,Withdrawn,3,0,0,1,1,1,1,1,0,1,0,1,1,1,1,8
DDD,2013J,382378,0,Scotland,A Level or Equivalent,50-60%,0-35,0,150,0,Pass,7,1,0,1,1,1,0,1,0,0,1,0,1,1,1,3
DDD,2013J,382742,0,North Western Region,A Level or Equivalent,0-10%,0-35,0,60,0,Fail,8,1,1,1,1,1,0,1,0,1,0,1,1,1,0,3
DDD,2013J,382879,0,Wales,HE Qualification,20-30%,0-35,0,120,0,Fail,3,1,1,0,0,0,1,0,1,0,1,1,1,0,1,8
DDD,2013J,383694,1,South West Region,Lower Than A Level,30-40%,0-35,0,60,0,Pass,1,1,0,0,0,0,0,1,0,0,0,1,1,0,0,2
DDD,2013J,383785,1,London Region,A Level or Equivalent,30-40%,0-35,0,60,0,Withdrawn,10,1,1,1,0,1,0,0,1,0,1,1,0,1,1,1
DDD,2013J,383978,0,Scotland,A Level or Equivalent,30-40%,0-35,0,60,0,Pass,10,0,1,1,1,0,0,1,1,0,0,0,0,0,0,1
DDD,2013J,384153,1,Yorkshire Region,Lower Than A Level,0-10%,0-35,0,165,0,Withdrawn,16,0,0,0,1,0,0,1,0,1,0,0,0,0,0,10
DDD,2013J,384999,1,London Region,HE Qualification,20-30%,0-35,0,60,0,Withdrawn,6,1,0,0,0,0,0,0,0,0,1,0,0,0,0,9
DDD,2013J,385218,0,Wales,A Level or Equivalent,90-100%,0-35,0,120,0,Fail,1,1,0,1,1,1,1,0,1,0,0,1,1,1,0,2
DDD,2013J,385495,0,East Anglian Region,A Level or Equivalent,30-40%,35-55,0,60,0,Withdrawn,11,1,1,1,1,1,0,0,0,1,1,0,0,1,1,6
DDD,2013J,385937,0,South Region,Lower Than A Level,70-80%,35-55,0,60,0,Pass,1,1,1,1,0,1,1,0,0,1,0,1,1,1,1,2
DDD,2013J,386912,1,South West Region,A Level or Equivalent,20-Oct,0-35,0,90,1,Withdrawn,1,0,1,0,1,0,1,1,1,0,0,0,1,0,1,2
DDD,2013J,387359,0,South East Region,Lower Than A Level,50-60%,0-35,0,90,0,Withdrawn,13,0,1,0,0,1,0,0,0,0,1,0,0,1,1,5
DDD,2013J,387453,1,South West Region,A Level or Equivalent,20-30%,0-35,0,60,0,Withdrawn,5,0,1,0,0,0,1,0,1,1,1,0,1,1,1,9
DDD,2013J,388947,0,North Region,HE Qualification,,35-55,0,60,0,Pass,12,0,0,1,0,0,1,0,1,0,1,1,0,0,0,7
DDD,2013J,389025,0,East Anglian Region,A Level or Equivalent,90-100%,0-35,0,60,0,Fail,14,0,0,0,0,0,1,1,0,1,0,1,1,1,0,5
DDD,2013J,389362,1,South West Region,Lower Than A Level,60-70%,35-55,1,60,0,Fail,8,1,0,1,0,1,0,0,1,0,0,0,1,1,0,3
DDD,2013J,389639,0,Scotland,HE Qualification,70-80%,35-55,0,60,0,Pass,12,0,0,1,0,0,1,0,0,1,1,0,1,0,1,7
DDD,2013J,390029,0,Wales,A Level or Equivalent,30-40%,0-35,0,120,0,Pass,9,0,0,1,1,1,1,0,1,0,1,0,1,1,0,4
DDD,2013J,390556,0,London Region,Post Graduate Qualification,20-Oct,35-55,0,60,0,Withdrawn,11,1,0,0,1,0,1,1,0,0,1,1,1,0,0,6
DDD,2013J,390690,1,Scotland,Lower Than A Level,0-10%,0-35,0,60,0,Pass,8,1,0,0,0,1,1,0,0,1,0,1,1,1,0,3
DDD,2013J,391537,0,East Anglian Region,A Level or Equivalent,50-60%,0-35,2,60,0,Pass,9,1,1,1,0,1,0,1,1,1,1,0,1,1,0,4
DDD,2013J,391578,0,East Anglian Region,Lower Than A Level,30-40%,35-55,0,60,0,Fail,7,0,0,0,1,0,0,0,0,0,1,0,0,1,1,3
DDD,2013J,391638,1,South West Region,A Level or Equivalent,40-50%,0-35,1,60,0,Withdrawn,14,0,1,0,1,0,0,1,0,1,1,1,1,1,0,5
DDD,2013J,392626,1,London Region,Lower Than A Level,0-10%,0-35,1,180,1,Fail,12,0,1,1,1,1,1,0,1,1,0,0,0,0,1,7
DDD,2013J,392664,1,South Region,A Level or Equivalent,70-80%,0-35,0,60,0,Pass,13,0,1,1,0,0,0,1,0,1,0,0,0,0,1,5
DDD,2013J,392713,0,South Region,A Level or Equivalent,90-100%,35-55,0,60,0,Fail,3,1,1,1,0,1,0,0,0,0,1,1,1,0,0,8
DDD,2013J,392890,0,West Midlands Region,A Level or Equivalent,60-70%,0-35,0,60,0,Pass,11,0,0,0,1,0,1,1,0,0,1,1,0,0,1,6
DDD,2013J,394076,1,South West Region,A Level or Equivalent,70-80%,35-55,1,60,0,Withdrawn,11,1,0,1,0,0,1,0,0,0,1,1,1,0,0,6
DDD,2013J,394384,0,North Western Region,Lower Than A Level,30-40%,0-35,0,60,0,Fail,1,1,1,1,1,0,1,1,0,0,0,0,1,1,0,2
DDD,2013J,394951,1,South Region,Lower Than A Level,50-60%,0-35,1,60,0,Withdrawn,16,1,0,0,0,1,0,0,1,0,1,0,0,1,1,10
DDD,2013J,396028,0,Wales,A Level or Equivalent,20-Oct,0-35,2,60,0,Fail,2,1,0,0,0,1,1,1,1,0,0,0,1,1,1,2
DDD,2013J,396210,0,South East Region,A Level or Equivalent,0-10%,0-35,2,60,0,Pass,4,0,0,1,0,1,1,1,1,0,0,1,0,1,0,8
DDD,2013J,396292,0,Wales,HE Qualification,40-50%,0-35,0,60,0,Pass,13,1,0,1,0,0,0,1,0,0,0,1,1,0,0,5
DDD,2013J,396668,0,South East Region,A Level or Equivalent,20-30%,0-35,0,60,0,Pass,2,0,0,0,1,1,0,1,1,1,0,0,0,0,1,2
DDD,2013J,398529,0,Wales,Lower Than A Level,30-40%,0-35,0,120,0,Withdrawn,5,0,1,1,1,1,1,0,1,0,1,0,0,0,1,9
DDD,2013J,399203,1,Wales,HE Qualification,40-50%,35-55,1,120,0,Withdrawn,14,0,0,0,1,0,0,1,1,1,1,1,1,0,1,5
DDD,2013J,399453,0,West Midlands Region,A Level or Equivalent,50-60%,0-35,0,60,1,Pass,9,0,0,0,0,0,0,0,0,0,1,0,0,1,1,4
DDD,2013J,399794,1,Scotland,HE Qualification,20-Oct,0-35,0,60,0,Fail,8,0,1,0,1,0,0,0,0,0,1,1,1,0,0,3
DDD,2013J,399843,1,South Region,Lower Than A Level,30-40%,0-35,2,120,0,Fail,6,1,1,0,1,0,1,0,1,0,0,1,0,1,0,9
DDD,2013J,399863,0,West Midlands Region,A Level or Equivalent,30-40%,0-35,0,270,0,Withdrawn,1,0,1,0,0,0,0,1,1,0,0,0,1,1,1,2
DDD,2013J,399935,0,North Western Region,Lower Than A Level,50-60%,0-35,0,70,0,Fail,7,1,0,0,1,0,0,0,1,1,1,0,0,0,1,3
DDD,2013J,400942,1,North Region,Lower Than A Level,,0-35,1,300,0,Withdrawn,13,1,1,1,0,1,0,0,0,0,0,1,1,1,1,5
DDD,2013J,401947,0,North Region,Lower Than A Level,20-Oct,35-55,0,60,0,Withdrawn,13,0,1,1,1,0,1,1,1,0,0,0,1,0,1,5
DDD,2013J,402210,1,London Region,No Formal quals,50-60%,0-35,0,75,0,Pass,14,0,1,1,1,1,0,0,0,1,0,0,0,0,1,5
DDD,2013J,402433,0,South Region,A Level or Equivalent,90-100%,0-35,0,120,0,Fail,1,0,0,1,0,1,0,0,0,1,0,1,1,1,1,2
DDD,2013J,403052,1,Yorkshire Region,HE Qualification,20-30%,0-35,0,150,0,Fail,1,1,0,0,0,1,0,1,0,1,0,1,1,1,0,2
DDD,2013J,405336,1,East Anglian Region,A Level or Equivalent,50-60%,0-35,2,120,0,Fail,10,0,1,1,1,0,0,0,0,1,1,0,1,1,0,1
DDD,2013J,405784,1,Wales,HE Qualification,20-30%,0-35,1,110,0,Withdrawn,10,1,0,0,0,1,1,0,1,0,1,0,1,1,0,1
DDD,2013J,406224,0,East Anglian Region,A Level or Equivalent,90-100%,0-35,0,120,0,Pass,9,0,0,1,1,1,1,1,0,0,1,0,0,1,1,4
DDD,2013J,406498,1,West Midlands Region,A Level or Equivalent,0-10%,0-35,2,60,0,Pass,4,1,1,1,1,0,1,1,0,1,0,1,1,1,1,8
DDD,2013J,407374,0,North Region,Lower Than A Level,,0-35,0,60,0,Distinction,3,0,1,0,0,0,1,1,0,1,0,1,1,0,1,8
DDD,2013J,408061,0,South Region,A Level or Equivalent,50-60%,0-35,0,90,0,Fail,6,0,1,0,1,0,0,1,1,1,0,1,0,0,1,9
DDD,2013J,408239,0,South West Region,Lower Than A Level,60-70%,0-35,2,60,0,Pass,15,0,0,1,1,1,1,0,0,1,0,1,1,1,1,10
DDD,2013J,408817,1,London Region,A Level or Equivalent,30-40%,0-35,1,60,0,Fail,8,0,0,1,1,0,1,1,0,1,1,1,0,1,0,3
DDD,2013J,409056,1,West Midlands Region,HE Qualification,0-10%,35-55,2,60,0,Withdrawn,7,1,0,1,0,1,0,1,0,0,0,0,1,0,0,3
DDD,2013J,409105,0,Scotland,A Level or Equivalent,90-100%,35-55,0,60,0,Fail,7,0,1,0,0,0,1,0,1,0,0,0,1,1,1,3
DDD,2013J,409794,0,East Anglian Region,A Level or Equivalent,60-70%,0-35,0,120,0,Withdrawn,11,1,0,0,0,0,0,1,0,0,0,1,0,1,1,6
DDD,2013J,409880,1,South Region,A Level or Equivalent,20-30%,35-55,1,60,0,Pass,5,1,0,0,0,0,1,0,1,0,0,1,0,1,0,9
DDD,2013J,409953,0,West Midlands Region,A Level or Equivalent,30-40%,0-35,0,60,0,Pass,3,0,0,1,1,1,1,0,1,0,0,1,0,0,0,8
DDD,2013J,410084,0,Scotland,A Level or Equivalent,80-90%,0-35,1,60,0,Fail,11,0,0,1,1,0,1,0,0,1,0,0,0,0,1,6
DDD,2013J,410767,1,East Midlands Region,A Level or Equivalent,60-70%,0-35,0,90,1,Withdrawn,5,0,0,1,0,1,1,0,1,1,1,0,1,0,0,9
DDD,2013J,411707,1,North Western Region,A Level or Equivalent,60-70%,0-35,1,120,0,Pass,2,1,1,0,0,0,0,1,0,1,1,1,0,1,0,2
DDD,2013J,411730,1,South Region,A Level or Equivalent,70-80%,35-55,0,60,0,Withdrawn,5,0,0,0,0,0,0,1,0,1,1,1,1,0,1,9
DDD,2013J,412175,0,East Midlands Region,Lower Than A Level,30-40%,35-55,0,60,0,Withdrawn,7,1,0,1,1,0,1,1,1,0,0,0,0,0,0,3
DDD,2013J,412618,0,North Western Region,Lower Than A Level,60-70%,0-35,0,80,0,Distinction,2,1,1,1,1,0,1,0,0,0,1,1,0,1,0,2
DDD,2013J,414077,1,East Anglian Region,HE Qualification,20-30%,0-35,0,60,0,Withdrawn,11,1,0,1,0,0,1,0,0,0,0,1,0,0,0,6
DDD,2013J,414247,1,East Anglian Region,A Level or Equivalent,20-30%,0-35,0,180,0,Fail,9,0,0,0,0,1,1,1,0,1,1,0,1,1,1,4
DDD,2013J,415151,0,East Midlands Region,Lower Than A Level,20-Oct,0-35,1,180,1,Withdrawn,4,1,0,1,1,0,0,0,0,0,1,0,1,1,1,8
DDD,2013J,415187,1,West Midlands Region,A Level or Equivalent,60-70%,0-35,0,120,0,Withdrawn,3,0,0,1,0,0,1,0,1,0,0,1,0,0,1,8
DDD,2013J,416243,1,East Midlands Region,A Level or Equivalent,50-60%,0-35,1,60,1,Pass,14,0,0,0,1,1,1,1,0,1,1,0,1,0,1,5
DDD,2013J,416500,0,South East Region,A Level or Equivalent,90-100%,0-35,0,90,0,Fail,10,1,0,1,0,0,1,0,0,0,0,1,0,1,0,1
DDD,2013J,418159,0,Scotland,Lower Than A Level,70-80%,0-35,0,60,0,Withdrawn,13,0,0,1,0,1,0,1,0,1,0,1,1,0,1,5
DDD,2013J,418397,0,South Region,Lower Than A Level,20-30%,0-35,0,60,1,Pass,16,0,0,1,1,0,0,1,0,1,0,0,0,1,0,10
DDD,2013J,419192,0,East Anglian Region,A Level or Equivalent,30-40%,0-35,0,60,1,Distinction,6,1,1,1,1,1,0,1,1,0,0,1,0,1,1,9
DDD,2013J,419517,0,East Anglian Region,Lower Than A Level,70-80%,0-35,0,60,0,Distinction,11,1,1,0,0,1,1,1,0,0,1,1,1,1,1,6
DDD,2013J,419822,1,North Western Region,Lower Than A Level,40-50%,35-55,0,90,0,Withdrawn,16,0,1,1,1,1,1,1,1,1,0,0,1,0,0,10
DDD,2013J,420650,1,London Region,A Level or Equivalent,20-Oct,0-35,0,180,0,Withdrawn,8,1,1,0,1,1,0,0,0,0,1,1,1,1,0,3
DDD,2013J,420745,0,Yorkshire Region,A Level or Equivalent,70-80%,0-35,1,150,0,Withdrawn,15,0,1,1,1,0,0,1,1,0,1,1,0,0,1,10
DDD,2013J,421301,1,South Region,A Level or Equivalent,60-70%,0-35,0,60,0,Withdrawn,14,0,1,1,0,0,0,0,0,1,1,1,0,1,1,5
DDD,2013J,422276,1,North Western Region,Lower Than A Level,0-10%,0-35,1,100,0,Pass,7,1,1,0,1,1,0,1,0,0,1,0,1,0,0,3
DDD,2013J,422534,0,West Midlands Region,Lower Than A Level,60-70%,0-35,0,60,0,Fail,13,0,1,1,0,1,1,1,0,1,0,0,1,1,0,5
DDD,2013J,423147,0,South West Region,A Level or Equivalent,30-40%,0-35,0,60,0,Pass,1,0,0,1,1,1,1,1,0,1,1,1,0,1,0,2
DDD,2013J,423474,1,East Anglian Region,HE Qualification,30-40%,35-55,1,150,0,Withdrawn,9,0,0,1,1,0,1,1,0,0,0,0,1,0,1,4
DDD,2013J,423876,0,East Midlands Region,Post Graduate Qualification,60-70%,35-55,1,60,0,Fail,14,1,0,1,0,0,0,1,1,0,0,0,1,0,0,5
DDD,2013J,425543,1,Yorkshire Region,A Level or Equivalent,20-Oct,0-35,0,120,0,Withdrawn,3,0,1,0,1,0,1,0,1,0,1,1,1,0,0,8
DDD,2013J,426059,0,North Region,A Level or Equivalent,,0-35,1,80,0,Pass,6,1,0,0,1,1,1,1,1,1,0,0,0,1,1,9
DDD,2013J,426097,0,East Anglian Region,Lower Than A Level,30-40%,0-35,0,120,1,Withdrawn,6,1,0,0,0,0,1,1,0,1,0,1,1,0,0,9
DDD,2013J,426887,1,Scotland,A Level or Equivalent,20-30%,35-55,0,60,0,Distinction,11,1,0,0,1,0,1,0,1,1,0,1,0,0,0,6
DDD,2013J,427248,1,North Western Region,A Level or Equivalent,0-10%,35-55,0,120,0,Withdrawn,1,1,1,1,0,1,0,1,0,0,0,0,1,1,0,2
DDD,2013J,427344,1,East Midlands Region,A Level or Equivalent,30-40%,0-35,0,60,0,Fail,5,1,1,1,0,0,0,0,0,1,0,0,1,0,0,9
DDD,2013J,428321,1,Wales,Lower Than A Level,80-90%,0-35,1,60,0,Fail,13,0,0,0,0,0,0,0,0,1,0,0,1,1,1,5
DDD,2013J,429212,0,South West Region,HE Qualification,50-60%,0-35,0,60,0,Pass,7,1,1,0,0,0,1,1,1,1,1,1,0,0,0,3
DDD,2013J,429854,1,West Midlands Region,No Formal quals,0-10%,0-35,1,70,0,Pass,9,1,0,0,0,0,1,0,1,1,0,0,1,0,0,4
DDD,2013J,430356,0,East Midlands Region,Lower Than A Level,60-70%,35-55,2,90,0,Pass,9,0,1,0,0,0,0,1,0,1,1,1,1,1,1,4
DDD,2013J,431005,0,London Region,A Level or Equivalent,20-30%,0-35,2,180,0,Pass,10,0,0,1,1,1,1,0,1,1,0,1,0,0,1,1
DDD,2013J,432624,0,Wales,Lower Than A Level,70-80%,0-35,2,60,0,Withdrawn,6,1,1,1,1,1,1,1,0,1,1,1,1,1,1,9
DDD,2013J,432862,1,London Region,Lower Than A Level,0-10%,0-35,0,60,0,Fail,6,0,0,1,1,1,0,0,0,1,0,0,0,1,0,9
DDD,2013J,432968,1,London Region,Lower Than A Level,30-40%,0-35,0,180,0,Withdrawn,16,1,1,1,0,1,0,0,0,1,0,0,1,0,0,10
DDD,2013J,433508,0,North Region,Lower Than A Level,,35-55,1,60,0,Pass,9,0,0,0,0,0,0,1,0,1,1,1,1,1,1,4
DDD,2013J,433748,0,North Western Region,A Level or Equivalent,30-40%,0-35,0,60,0,Pass,12,1,1,0,0,1,1,0,1,1,0,1,0,0,0,7
DDD,2013J,434159,0,South Region,Lower Than A Level,40-50%,0-35,2,60,0,Fail,4,1,0,0,0,1,1,0,1,1,1,0,1,1,1,8
DDD,2013J,435587,0,North Region,No Formal quals,,0-35,0,150,0,Pass,7,1,1,1,1,0,0,1,0,1,1,1,0,1,0,3
DDD,2013J,437923,0,East Anglian Region,A Level or Equivalent,80-90%,0-35,0,90,1,Pass,9,1,1,1,1,1,0,1,0,1,0,1,1,1,0,4
DDD,2013J,438290,1,Scotland,Lower Than A Level,30-40%,0-35,0,60,0,Withdrawn,9,0,1,1,1,1,0,1,1,1,1,1,0,1,1,4
DDD,2013J,438751,1,South West Region,A Level or Equivalent,20-30%,0-35,0,60,0,Pass,9,1,1,0,0,0,1,1,0,0,1,1,1,1,0,4
DDD,2013J,439568,1,South West Region,A Level or Equivalent,50-60%,0-35,0,90,1,Distinction,16,0,0,1,0,0,0,0,1,1,0,1,1,1,0,10
DDD,2013J,439713,1,East Midlands Region,A Level or Equivalent,90-100%,0-35,0,90,0,Fail,7,1,1,1,1,0,0,1,0,1,0,1,0,1,0,3
DDD,2013J,439855,0,Scotland,A Level or Equivalent,60-70%,35-55,0,90,0,Pass,14,1,1,0,1,1,0,1,1,0,0,0,0,0,1,5
DDD,2013J,440003,1,Wales,Lower Than A Level,70-80%,35-55,0,60,0,Pass,1,1,1,1,0,0,0,0,0,1,1,0,0,1,0,2
DDD,2013J,441342,0,East Anglian Region,Lower Than A Level,60-70%,0-35,0,60,0,Pass,10,1,0,0,1,1,0,1,0,1,0,0,0,0,1,1
DDD,2013J,441444,0,South Region,Lower Than A Level,20-Oct,35-55,0,90,0,Pass,4,1,0,1,1,1,1,0,0,0,0,0,0,0,1,8
DDD,2013J,441885,1,West Midlands Region,Lower Than A Level,20-Oct,0-35,1,60,0,Fail,8,0,1,0,0,0,1,0,1,0,1,0,1,0,0,3
DDD,2013J,441892,0,South East Region,Lower Than A Level,70-80%,0-35,0,60,0,Fail,11,0,0,1,0,1,1,1,1,0,1,0,1,1,0,6
DDD,2013J,442530,0,South East Region,Lower Than A Level,90-100%,0-35,0,120,1,Withdrawn,16,1,1,1,0,0,0,1,0,0,1,0,1,1,0,10
DDD,2013J,442547,0,Yorkshire Region,A Level or Equivalent,30-40%,0-35,0,90,0,Fail,13,0,1,1,1,0,0,1,0,1,0,0,0,1,0,5
DDD,2013J,442589,1,London Region,Lower Than A Level,30-40%,0-35,0,90,0,Pass,12,1,1,0,1,1,0,0,0,1,1,0,0,1,1,7
DDD,2013J,442590,0,Scotland,Lower Than A Level,40-50%,35-55,0,60,0,Fail,4,0,1,1,0,0,1,1,0,0,0,0,1,1,0,8
DDD,2013J,442878,1,North Region,A Level or Equivalent,50-60%,0-35,0,120,0,Fail,8,0,0,1,1,0,0,1,1,0,1,1,1,1,1,3
DDD,2013J,442924,0,North Region,A Level or Equivalent,70-80%,0-35,0,60,0,Pass,3,0,1,0,0,0,1,0,1,0,0,0,0,1,0,8
DDD,2013J,443400,1,West Midlands Region,Lower Than A Level,20-30%,0-35,0,60,0,Fail,8,0,1,1,0,1,0,0,0,0,0,0,1,0,0,3
DDD,2013J,443438,1,East Anglian Region,Lower Than A Level,70-80%,0-35,0,60,0,Fail,6,1,1,1,1,1,1,1,0,1,1,1,1,0,1,9
DDD,2013J,443540,1,Wales,Lower Than A Level,40-50%,0-35,0,120,1,Withdrawn,2,1,0,0,1,0,1,0,1,1,0,1,0,1,1,2
DDD,2013J,443731,0,South East Region,HE Qualification,20-30%,0-35,0,60,0,Pass,6,0,0,1,0,1,1,0,0,1,0,1,1,1,0,9
DDD,2013J,444063,1,London Region,Lower Than A Level,0-10%,0-35,1,60,0,Fail,15,0,0,1,0,1,1,1,0,1,1,0,1,1,1,10
DDD,2013J,444317,1,London Region,Lower Than A Level,50-60%,35-55,0,60,0,Pass,6,1,0,0,1,0,0,0,0,0,0,0,0,1,1,9
DDD,2013J,444375,0,South West Region,A Level or Equivalent,80-90%,0-35,0,60,0,Pass,7,1,1,0,1,0,1,1,1,0,0,0,1,0,0,3
DDD,2013J,444541,1,North Region,A Level or Equivalent,0-10%,0-35,0,60,0,Withdrawn,13,1,1,0,1,0,1,1,0,0,1,0,1,0,0,5
DDD,2013J,444847,1,West Midlands Region,A Level or Equivalent,70-80%,0-35,0,90,0,Withdrawn,16,1,0,1,0,0,0,1,0,0,0,1,0,0,1,10
DDD,2013J,444909,0,Scotland,Lower Than A Level,20-30%,0-35,1,60,0,Fail,5,0,1,0,1,0,0,1,1,1,1,0,1,0,0,9
DDD,2013J,445109,1,Scotland,HE Qualification,90-100%,0-35,0,60,0,Fail,9,1,0,0,1,1,1,1,1,0,0,0,0,1,0,4
DDD,2013J,445386,1,South East Region,Lower Than A Level,80-90%,0-35,1,60,0,Pass,8,1,0,0,1,1,0,1,0,1,1,0,1,1,1,3
DDD,2013J,445749,1,Scotland,A Level or Equivalent,20-30%,0-35,0,60,0,Withdrawn,13,0,0,1,0,1,1,1,1,0,1,0,0,0,0,5
DDD,2013J,445785,1,East Midlands Region,A Level or Equivalent,20-30%,0-35,0,60,0,Withdrawn,10,0,0,0,1,0,1,1,1,0,1,1,0,1,0,1
DDD,2013J,445917,0,North Western Region,HE Qualification,90-100%,0-35,0,90,0,Distinction,9,1,0,0,0,1,1,0,1,0,0,1,1,1,0,4
DDD,2013J,445930,0,South West Region,A Level or Equivalent,60-70%,0-35,1,120,0,Pass,11,0,1,0,0,0,1,1,0,0,1,1,0,0,1,6
DDD,2013J,446246,0,Scotland,HE Qualification,60-70%,0-35,0,120,0,Distinction,15,1,1,0,0,1,0,0,0,0,0,1,1,1,0,10
DDD,2013J,446279,1,Yorkshire Region,Lower Than A Level,50-60%,0-35,0,90,0,Pass,7,0,1,0,0,1,0,0,1,0,1,1,1,1,0,3
DDD,2013J,446448,1,South West Region,A Level or Equivalent,20-Oct,0-35,0,60,1,Withdrawn,1,1,1,1,0,1,1,1,0,0,0,1,1,1,0,2
DDD,2013J,447059,1,West Midlands Region,A Level or Equivalent,50-60%,0-35,0,60,0,Pass,11,1,1,0,1,1,0,0,1,0,1,0,0,0,0,6
DDD,2013J,464924,1,West Midlands Region,A Level or Equivalent,60-70%,35-55,0,60,0,Pass,5,0,1,0,1,1,0,1,1,1,1,1,0,1,1,9
DDD,2013J,465399,1,East Midlands Region,Lower Than A Level,50-60%,0-35,3,60,1,Withdrawn,13,1,0,0,1,1,1,0,0,0,0,1,1,0,0,5
DDD,2013J,465418,0,East Midlands Region,HE Qualification,40-50%,0-35,0,60,0,Withdrawn,13,1,1,1,0,0,0,0,0,0,0,1,0,0,0,5
DDD,2013J,465441,0,West Midlands Region,HE Qualification,60-70%,0-35,1,60,0,Pass,2,1,1,0,1,0,1,0,1,1,0,1,1,1,0,2
DDD,2013J,465629,1,Wales,Lower Than A Level,0-10%,0-35,0,60,0,Fail,6,0,1,0,1,0,1,1,0,0,1,0,0,1,0,9
DDD,2013J,466158,1,South Region,Lower Than A Level,30-40%,0-35,1,180,1,Withdrawn,6,0,0,0,1,0,0,0,0,1,1,0,1,0,0,9
DDD,2013J,466539,1,Yorkshire Region,A Level or Equivalent,50-60%,0-35,0,60,0,Pass,1,0,1,1,1,0,0,1,1,0,0,1,1,1,0,2
DDD,2013J,466880,1,South West Region,A Level or Equivalent,80-90%,0-35,1,120,0,Pass,10,0,1,1,0,0,1,0,0,0,1,0,1,1,1,1
DDD,2013J,467776,0,East Midlands Region,A Level or Equivalent,90-100%,0-35,0,60,0,Withdrawn,2,0,0,0,0,1,1,0,1,1,1,1,1,0,1,2
DDD,2013J,468657,1,West Midlands Region,A Level or Equivalent,0-10%,0-35,2,90,0,Withdrawn,16,1,0,1,0,1,1,0,1,1,1,1,0,1,1,10
DDD,2013J,468927,0,Scotland,A Level or Equivalent,90-100%,0-35,0,90,0,Pass,16,1,0,0,1,1,0,1,0,1,1,0,0,1,0,10
DDD,2013J,469389,1,East Anglian Region,No Formal quals,70-80%,0-35,0,70,0,Withdrawn,6,0,1,0,1,0,1,0,0,1,1,0,0,1,0,9
DDD,2013J,469465,0,East Anglian Region,A Level or Equivalent,60-70%,0-35,0,60,0,Pass,1,1,1,0,0,0,1,1,1,0,0,0,1,0,1,2
DDD,2013J,469553,0,South West Region,Lower Than A Level,90-100%,0-35,0,180,1,Pass,10,0,0,1,0,0,0,1,0,0,1,0,1,1,0,1
DDD,2013J,470119,0,West Midlands Region,Lower Than A Level,40-50%,0-35,1,240,0,Withdrawn,6,0,1,1,1,0,1,1,1,0,1,1,1,0,0,9
DDD,2013J,470403,1,Ireland,A Level or Equivalent,30-40%,0-35,0,150,0,Fail,11,0,0,0,0,1,1,0,0,0,1,1,1,1,1,6
DDD,2013J,471373,1,South East Region,HE Qualification,90-100%,35-55,0,60,0,Distinction,7,0,1,0,1,0,0,0,1,1,1,1,0,0,1,3
DDD,2013J,472000,0,North Western Region,Lower Than A Level,20-Oct,0-35,0,120,0,Pass,3,1,1,1,1,1,1,0,0,1,0,1,0,1,0,8
DDD,2013J,472060,1,South East Region,Lower Than A Level,80-90%,35-55,2,60,0,Fail,9,0,0,0,1,1,0,0,1,0,0,1,0,0,0,4
DDD,2013J,473104,1,East Anglian Region,Lower Than A Level,80-90%,35-55,0,60,0,Pass,2,1,0,1,0,0,0,0,0,0,1,1,1,1,1,2
DDD,2013J,473340,0,South Region,Lower Than A Level,60-70%,0-35,0,180,0,Fail,6,0,0,0,0,0,0,0,1,0,1,0,1,0,1,9
DDD,2013J,473378,0,South West Region,A Level or Equivalent,80-90%,0-35,0,60,0,Withdrawn,7,0,0,0,0,0,1,1,1,0,1,1,1,1,0,3
DDD,2013J,473406,0,Scotland,Lower Than A Level,90-100%,35-55,0,120,0,Withdrawn,2,1,0,0,1,0,1,1,0,1,1,0,1,1,1,2
DDD,2013J,473509,0,West Midlands Region,Lower Than A Level,90-100%,35-55,0,300,0,Withdrawn,16,1,1,1,0,1,1,1,1,1,0,1,1,0,1,10
DDD,2013J,473640,0,North Western Region,Lower Than A Level,0-10%,35-55,1,60,0,Withdrawn,13,0,0,1,0,1,1,0,0,1,1,1,0,1,0,5
DDD,2013J,474246,0,South East Region,Lower Than A Level,20-Oct,0-35,1,90,0,Fail,10,1,0,0,0,1,1,1,1,0,1,1,0,1,0,1
DDD,2013J,474385,1,North Western Region,Lower Than A Level,50-60%,0-35,1,60,0,Withdrawn,12,1,0,1,1,0,0,1,0,1,0,1,1,0,0,7
DDD,2013J,474495,0,South West Region,A Level or Equivalent,20-30%,0-35,0,60,0,Pass,9,1,0,0,1,0,0,0,1,1,1,1,1,0,0,4
DDD,2013J,474508,1,East Midlands Region,HE Qualification,30-40%,0-35,0,60,0,Withdrawn,1,0,1,0,1,0,0,1,0,0,0,0,1,1,0,2
DDD,2013J,474902,0,South Region,Lower Than A Level,60-70%,35-55,0,60,0,Fail,15,1,1,0,1,0,0,1,0,1,1,1,0,1,1,10
DDD,2013J,476144,1,North Western Region,HE Qualification,0-10%,0-35,0,60,0,Pass,13,0,0,0,0,1,1,1,1,0,1,0,1,0,0,5
DDD,2013J,476170,1,East Anglian Region,A Level or Equivalent,40-50%,0-35,1,60,0,Fail,4,0,1,0,1,0,1,1,1,0,1,1,1,1,1,8
DDD,2013J,476355,0,London Region,Lower Than A Level,80-90%,35-55,0,120,0,Fail,1,1,1,1,1,0,0,1,0,1,0,0,0,1,1,2
DDD,2013J,476822,1,London Region,A Level or Equivalent,40-50%,0-35,0,60,0,Fail,7,1,1,0,0,1,1,1,1,0,1,0,0,1,1,3
DDD,2013J,476906,1,East Midlands Region,A Level or Equivalent,30-40%,0-35,0,60,0,Withdrawn,14,1,1,0,0,1,1,0,0,0,1,1,1,1,0,5
DDD,2013J,477120,1,South East Region,HE Qualification,40-50%,0-35,0,60,0,Pass,16,0,1,0,1,0,0,1,0,0,0,1,1,1,1,10
DDD,2013J,477128,1,East Midlands Region,A Level or Equivalent,60-70%,0-35,0,60,0,Pass,7,1,0,0,1,0,0,0,0,1,0,1,1,0,0,3
DDD,2013J,477161,0,North Western Region,Lower Than A Level,20-30%,0-35,1,70,0,Fail,4,0,1,1,1,1,1,1,0,0,1,0,0,0,1,8
DDD,2013J,477348,1,South West Region,A Level or Equivalent,50-60%,0-35,0,60,0,Pass,4,0,0,0,1,0,1,1,1,1,1,1,1,1,0,8
DDD,2013J,477412,0,West Midlands Region,HE Qualification,20-Oct,0-35,0,60,0,Pass,2,0,1,0,1,0,1,0,1,1,0,0,1,0,1,2
DDD,2013J,478238,1,East Anglian Region,Lower Than A Level,90-100%,0-35,1,60,0,Distinction,8,1,0,0,1,1,0,1,1,1,1,0,1,1,0,3
DDD,2013J,478244,0,North Western Region,A Level or Equivalent,80-90%,0-35,0,60,0,Pass,4,0,1,0,1,0,1,0,1,1,1,0,1,0,0,8
DDD,2013J,478289,0,West Midlands Region,A Level or Equivalent,20-Oct,0-35,0,60,0,Withdrawn,16,1,0,0,0,0,0,1,1,1,1,0,1,0,0,10
DDD,2013J,478692,1,South Region,Lower Than A Level,80-90%,0-35,0,165,0,Withdrawn,10,1,1,1,1,1,1,1,0,0,1,0,1,0,1,1
DDD,2013J,478744,1,North Western Region,A Level or Equivalent,50-60%,0-35,2,60,0,Withdrawn,9,1,0,1,0,1,0,1,0,0,0,0,0,0,1,4
DDD,2013J,479141,1,North Region,A Level or Equivalent,,0-35,0,60,0,Pass,10,1,0,1,0,1,0,1,1,0,0,0,1,0,0,1
DDD,2013J,479457,1,North Western Region,A Level or Equivalent,90-100%,0-35,0,60,0,Distinction,14,1,0,1,1,0,0,0,0,1,1,0,1,1,0,5
DDD,2013J,479848,0,London Region,A Level or Equivalent,20-30%,0-35,0,120,0,Distinction,7,1,1,0,1,1,1,1,0,0,1,1,1,0,1,3
DDD,2013J,479977,1,South Region,A Level or Equivalent,80-90%,0-35,0,60,0,Pass,12,0,1,0,0,0,0,0,1,0,1,1,0,1,1,7
DDD,2013J,480716,0,South Region,HE Qualification,90-100%,35-55,0,60,0,Pass,5,1,1,1,0,1,1,0,1,0,1,0,0,0,0,9
DDD,2013J,480938,0,South Region,HE Qualification,50-60%,35-55,0,60,0,Pass,9,1,0,1,0,1,1,0,0,1,1,0,0,0,0,4
DDD,2013J,481538,0,North Western Region,Lower Than A Level,20-Oct,0-35,1,60,0,Pass,10,1,0,0,0,1,1,1,1,1,1,0,1,0,1,1
DDD,2013J,481667,0,Wales,HE Qualification,50-60%,0-35,0,120,0,Pass,8,1,0,0,1,1,0,1,1,1,0,1,1,1,1,3
DDD,2013J,481863,1,Scotland,A Level or Equivalent,60-70%,0-35,0,120,0,Withdrawn,16,0,0,0,0,0,0,1,1,1,1,1,1,1,0,10
DDD,2013J,482083,1,South Region,Lower Than A Level,70-80%,35-55,0,60,0,Pass,12,0,0,0,1,0,0,1,1,0,1,1,0,1,1,7
DDD,2013J,482173,1,Scotland,A Level or Equivalent,30-40%,0-35,0,60,0,Withdrawn,13,0,0,0,0,0,0,0,1,0,0,1,0,1,0,5
DDD,2013J,482635,1,East Anglian Region,A Level or Equivalent,30-40%,0-35,0,60,0,Withdrawn,7,1,1,1,1,1,0,0,0,1,0,1,1,0,1,3
DDD,2013J,482868,0,South East Region,Lower Than A Level,60-70%,0-35,0,60,0,Pass,16,1,1,1,1,1,1,1,0,0,0,1,0,0,0,10
DDD,2013J,483362,0,East Anglian Region,Lower Than A Level,90-100%,35-55,1,60,0,Fail,10,0,0,1,0,0,0,0,0,1,1,1,0,0,1,1
DDD,2013J,483934,0,North Western Region,Lower Than A Level,20-30%,0-35,1,60,0,Fail,3,1,1,1,0,1,0,1,0,0,1,0,0,1,1,8
DDD,2013J,484266,0,Scotland,Lower Than A Level,20-Oct,0-35,1,60,0,Withdrawn,1,0,1,0,1,1,0,1,0,0,0,0,1,0,1,2
DDD,2013J,484355,0,Yorkshire Region,Lower Than A Level,30-40%,0-35,1,60,0,Withdrawn,8,0,1,1,0,0,1,1,0,0,0,1,0,1,0,3
DDD,2013J,484423,1,South West Region,A Level or Equivalent,90-100%,0-35,0,60,0,Pass,12,0,0,1,0,0,1,0,1,1,0,1,1,1,0,7
DDD,2013J,484436,0,North Western Region,Lower Than A Level,0-10%,0-35,1,60,0,Pass,4,1,1,0,1,0,0,0,0,1,1,1,0,0,0,8
DDD,2013J,484999,0,South Region,Lower Than A Level,70-80%,0-35,1,60,0,Withdrawn,3,0,1,1,1,0,1,1,0,1,1,0,0,1,1,8
DDD,2013J,485195,1,South West Region,Lower Than A Level,90-100%,0-35,1,120,0,Fail,3,0,1,1,0,0,0,1,0,0,1,1,0,0,1,8
DDD,2013J,485506,1,West Midlands Region,A Level or Equivalent,20-Oct,0-35,0,120,0,Pass,8,1,1,0,1,1,1,1,1,0,1,0,0,1,0,3
DDD,2013J,485519,1,North Western Region,A Level or Equivalent,20-30%,0-35,1,60,0,Pass,15,0,1,1,0,1,1,0,1,0,0,0,0,0,0,10
DDD,2013J,485594,1,West Midlands Region,A Level or Equivalent,30-40%,0-35,1,120,0,Fail,10,1,1,1,1,1,0,0,1,0,1,1,1,1,1,1
DDD,2013J,485734,0,Wales,Lower Than A Level,70-80%,35-55,0,60,0,Fail,15,0,0,1,1,0,1,1,0,1,1,1,1,0,0,10
DDD,2013J,485791,1,Scotland,A Level or Equivalent,70-80%,0-35,0,90,0,Pass,2,1,0,1,0,1,0,1,0,0,1,0,0,0,0,2
DDD,2013J,485980,0,East Midlands Region,Lower Than A Level,0-10%,35-55,0,210,0,Withdrawn,11,0,1,0,0,1,0,1,0,1,1,0,1,1,1,6
DDD,2013J,486533,1,Ireland,A Level or Equivalent,60-70%,35-55,0,60,0,Pass,10,0,1,0,0,1,0,1,1,0,1,1,0,0,0,1
DDD,2013J,486777,1,London Region,Lower Than A Level,20-Oct,0-35,0,180,0,Withdrawn,1,1,0,0,0,1,1,0,1,0,1,1,0,1,0,2
DDD,2013J,486877,0,South East Region,A Level or Equivalent,60-70%,0-35,0,150,0,Pass,16,1,1,0,0,1,1,0,0,1,0,0,1,0,1,10
DDD,2013J,486890,0,East Anglian Region,A Level or Equivalent,50-60%,0-35,0,60,0,Pass,14,0,1,1,0,1,0,0,1,1,1,1,1,0,0,5
DDD,2013J,487293,1,North Western Region,A Level or Equivalent,60-70%,0-35,1,120,0,Pass,11,0,1,1,1,0,0,0,0,0,0,1,0,0,0,6
DDD,2013J,487556,0,East Midlands Region,HE Qualification,90-100%,0-35,0,60,0,Withdrawn,4,0,0,1,0,1,1,0,1,0,1,1,1,0,0,8
DDD,2013J,488198,0,South Region,Lower Than A Level,70-80%,0-35,1,60,0,Fail,2,0,1,0,1,1,1,1,1,1,0,0,1,0,1,2
DDD,2013J,488550,1,Scotland,HE Qualification,20-30%,0-35,0,120,0,Withdrawn,5,1,1,1,1,0,1,1,1,1,0,0,0,1,0,9
DDD,2013J,488575,0,Scotland,Lower Than A Level,20-30%,0-35,0,60,0,Withdrawn,15,1,0,0,1,0,0,1,0,1,1,0,1,0,0,10
DDD,2013J,488680,0,South West Region,A Level or Equivalent,30-40%,35-55,1,80,0,Distinction,14,1,1,0,1,1,1,1,1,1,0,0,0,1,0,5
DDD,2013J,489084,0,Scotland,HE Qualification,30-40%,0-35,1,60,0,Fail,6,1,1,0,0,1,0,0,0,1,1,0,0,0,1,9
DDD,2013J,489150,0,West Midlands Region,A Level or Equivalent,70-80%,0-35,1,60,0,Withdrawn,14,0,1,0,0,0,1,1,0,1,1,1,1,0,0,5
DDD,2013J,489209,1,East Midlands Region,A Level or Equivalent,90-100%,35-55,0,60,0,Pass,11,1,1,1,1,0,0,0,0,0,1,1,0,0,0,6
DDD,2013J,489410,1,West Midlands Region,Lower Than A Level,80-90%,0-35,0,120,0,Pass,9,1,1,1,1,0,0,0,1,0,0,0,1,0,1,4
DDD,2013J,489990,1,North Western Region,Lower Than A Level,40-50%,0-35,0,120,0,Fail,10,0,1,1,1,0,1,1,1,0,0,1,0,1,0,1
DDD,2013J,490164,1,South East Region,Lower Than A Level,90-100%,0-35,0,120,1,Withdrawn,7,0,0,0,0,0,1,0,0,1,1,1,1,0,1,3
DDD,2013J,490297,0,Scotland,Lower Than A Level,20-Oct,0-35,0,150,1,Withdrawn,13,1,0,0,1,0,1,1,0,1,1,0,1,1,0,5
DDD,2013J,490530,0,Wales,Lower Than A Level,0-10%,0-35,1,60,0,Withdrawn,1,0,0,1,0,1,0,0,1,0,1,1,1,0,0,2
DDD,2013J,490738,0,North Western Region,HE Qualification,90-100%,0-35,0,60,0,Withdrawn,15,0,0,0,1,0,1,0,1,0,0,1,1,0,0,10
DDD,2013J,491081,0,London Region,HE Qualification,20-30%,35-55,0,60,0,Fail,9,0,0,0,0,0,0,0,1,0,0,1,1,1,1,4
DDD,2013J,491110,1,West Midlands Region,HE Qualification,60-70%,0-35,0,60,0,Withdrawn,16,0,1,0,1,0,0,1,0,1,0,0,0,1,1,10
DDD,2013J,491688,0,South East Region,Lower Than A Level,30-40%,0-35,1,210,1,Withdrawn,4,1,0,0,0,1,1,0,0,1,0,1,0,1,0,8
DDD,2013J,491874,1,West Midlands Region,A Level or Equivalent,40-50%,0-35,0,60,0,Withdrawn,4,0,0,0,0,0,1,0,1,1,0,0,0,1,0,8
DDD,2013J,491875,1,Ireland,Lower Than A Level,20-Oct,0-35,1,60,0,Fail,13,1,0,0,1,1,0,0,0,1,1,1,1,0,0,5
DDD,2013J,491912,0,East Anglian Region,No Formal quals,60-70%,0-35,0,120,0,Withdrawn,5,1,1,1,0,0,0,0,1,0,0,0,1,0,1,9
DDD,2013J,491926,0,Wales,Lower Than A Level,20-Oct,35-55,0,60,1,Pass,15,0,0,1,1,1,0,1,0,1,1,1,0,0,0,10
DDD,2013J,492552,0,Wales,A Level or Equivalent,40-50%,0-35,1,120,0,Withdrawn,8,0,1,0,0,1,1,1,0,1,0,0,0,0,1,3
DDD,2013J,492635,1,South West Region,A Level or Equivalent,40-50%,0-35,0,60,0,Pass,2,0,0,1,0,1,1,1,0,1,0,1,0,1,1,2
DDD,2013J,492740,1,Scotland,HE Qualification,50-60%,0-35,0,60,0,Pass,5,1,0,1,0,1,1,1,0,1,0,1,1,1,1,9
DDD,2013J,492842,1,North Western Region,Lower Than A Level,20-Oct,0-35,0,60,1,Withdrawn,9,1,1,0,0,0,1,0,1,1,0,1,0,1,1,4
DDD,2013J,493147,1,South East Region,A Level or Equivalent,40-50%,0-35,0,120,1,Withdrawn,4,1,0,0,1,1,1,1,0,0,1,0,0,1,0,8
DDD,2013J,493207,1,West Midlands Region,Lower Than A Level,60-70%,0-35,0,60,0,Withdrawn,14,1,1,0,1,0,1,1,1,0,1,1,0,0,1,5
DDD,2013J,493404,1,West Midlands Region,A Level or Equivalent,20-30%,35-55,0,60,0,Pass,10,0,0,1,1,1,0,0,0,1,0,0,1,1,1,1
DDD,2013J,493725,1,South East Region,Lower Than A Level,50-60%,35-55,0,60,0,Fail,9,0,0,1,0,1,0,1,1,0,0,1,0,0,1,4
DDD,2013J,493876,0,London Region,A Level or Equivalent,20-30%,0-35,0,90,0,Withdrawn,9,1,1,0,1,1,1,1,0,1,1,1,1,0,0,4
DDD,2013J,493879,0,Scotland,A Level or Equivalent,60-70%,0-35,1,120,1,Withdrawn,13,0,0,1,1,1,1,0,1,0,1,1,1,1,0,5
DDD,2013J,494389,1,London Region,A Level or Equivalent,30-40%,0-35,0,120,1,Withdrawn,5,1,1,0,0,0,0,0,1,1,1,0,0,1,0,9
DDD,2013J,494667,0,East Anglian Region,Lower Than A Level,40-50%,35-55,0,60,0,Pass,13,0,1,1,0,0,1,1,0,1,0,0,0,0,1,5
DDD,2013J,494722,1,Scotland,HE Qualification,80-90%,35-55,0,60,0,Withdrawn,7,0,0,0,0,0,1,0,0,1,0,0,1,1,1,3
DDD,2013J,494728,0,North Region,Lower Than A Level,30-40%,0-35,1,60,1,Withdrawn,8,1,0,0,0,1,0,0,1,1,0,0,1,1,1,3
DDD,2013J,495115,1,East Midlands Region,Lower Than A Level,20-30%,0-35,1,60,1,Withdrawn,10,0,1,1,1,1,1,1,1,0,1,0,0,1,0,1
DDD,2013J,495762,0,Wales,HE Qualification,60-70%,0-35,1,60,0,Withdrawn,4,1,1,0,0,0,0,1,0,0,1,0,1,0,1,8
DDD,2013J,496154,1,South Region,A Level or Equivalent,50-60%,35-55,0,60,0,Withdrawn,5,0,0,0,0,1,1,0,1,0,0,0,0,0,0,9
DDD,2013J,496185,0,South West Region,A Level or Equivalent,70-80%,0-35,0,60,1,Fail,8,0,0,0,1,0,1,1,0,0,1,1,1,0,0,3
DDD,2013J,496315,0,South Region,A Level or Equivalent,90-100%,0-35,1,60,1,Fail,8,1,1,0,0,0,1,0,1,0,0,0,0,1,0,3
DDD,2013J,496373,1,Yorkshire Region,Lower Than A Level,40-50%,0-35,0,120,0,Withdrawn,12,1,0,1,1,0,0,0,0,0,0,0,1,0,0,7
DDD,2013J,497229,1,North Western Region,Lower Than A Level,0-10%,0-35,0,90,0,Fail,1,0,1,1,0,1,0,1,0,1,0,1,0,0,1,2
DDD,2013J,497475,0,North Western Region,Lower Than A Level,70-80%,35-55,1,60,0,Fail,12,1,1,1,0,1,0,1,0,0,1,0,0,0,0,7
DDD,2013J,497590,1,West Midlands Region,A Level or Equivalent,30-40%,0-35,0,120,0,Pass,15,1,1,0,0,1,1,1,0,0,1,0,1,1,1,10
DDD,2013J,497809,0,Yorkshire Region,A Level or Equivalent,0-10%,0-35,0,120,0,Fail,5,1,0,0,1,0,0,1,1,0,0,1,0,0,1,9
DDD,2013J,497994,0,East Anglian Region,A Level or Equivalent,40-50%,0-35,1,90,1,Pass,13,1,1,0,1,0,1,0,0,0,1,1,0,1,0,5
DDD,2013J,498793,0,Wales,Lower Than A Level,20-Oct,35-55,0,240,1,Withdrawn,14,0,0,1,1,1,0,0,0,0,0,0,0,1,1,5
DDD,2013J,498821,1,Yorkshire Region,Lower Than A Level,20-30%,0-35,0,60,0,Pass,13,1,1,1,0,1,0,0,0,1,0,1,1,0,1,5
DDD,2013J,498877,1,South Region,A Level or Equivalent,20-30%,0-35,0,120,0,Withdrawn,16,1,1,1,1,1,0,0,0,1,1,0,0,0,0,10
DDD,2013J,498903,0,South West Region,Lower Than A Level,20-30%,0-35,0,60,0,Withdrawn,16,0,1,1,0,0,1,1,1,0,0,1,1,1,1,10
DDD,2013J,499392,0,South West Region,Lower Than A Level,40-50%,0-35,0,60,1,Fail,2,0,0,1,1,0,1,1,0,1,0,0,0,0,1,2
DDD,2013J,499469,0,Wales,Lower Than A Level,0-10%,0-35,0,120,0,Fail,16,1,0,1,1,0,0,1,0,0,0,1,1,1,1,10
DDD,2013J,500283,0,South Region,Lower Than A Level,90-100%,0-35,0,60,0,Pass,1,1,0,1,0,0,1,1,0,0,1,1,0,0,1,2
DDD,2013J,500339,0,North Western Region,Lower Than A Level,70-80%,0-35,0,60,0,Withdrawn,3,1,0,0,0,1,0,1,0,0,0,1,1,1,0,8
DDD,2013J,500521,1,Scotland,Lower Than A Level,30-40%,0-35,0,90,1,Withdrawn,15,0,0,1,1,0,1,1,1,0,1,0,1,0,1,10
DDD,2013J,500581,0,East Anglian Region,Post Graduate Qualification,90-100%,0-35,0,60,0,Distinction,1,1,0,1,1,0,0,0,1,1,1,0,1,0,0,2
DDD,2013J,500707,1,East Anglian Region,A Level or Equivalent,60-70%,35-55,1,60,1,Withdrawn,4,1,1,1,0,0,0,0,1,0,1,1,0,1,0,8
DDD,2013J,500785,1,South Region,A Level or Equivalent,50-60%,35-55,0,60,1,Withdrawn,13,1,1,1,0,1,0,0,0,0,0,0,0,0,0,5
DDD,2013J,501203,0,South Region,Lower Than A Level,90-100%,35-55,0,60,0,Fail,10,0,1,0,0,0,1,1,0,1,1,0,0,0,1,1
DDD,2013J,501488,1,North Western Region,A Level or Equivalent,20-30%,0-35,1,120,0,Withdrawn,11,1,0,0,0,1,1,0,0,1,0,1,1,1,0,6
DDD,2013J,501723,1,South Region,A Level or Equivalent,40-50%,0-35,1,120,0,Withdrawn,2,0,1,0,0,1,1,0,1,1,1,0,0,0,1,2
DDD,2013J,501867,0,London Region,HE Qualification,20-30%,0-35,0,90,0,Pass,11,1,1,0,0,1,1,1,0,1,0,0,0,0,0,6
DDD,2013J,502051,1,South Region,Lower Than A Level,40-50%,35-55,0,90,0,Withdrawn,14,1,0,0,0,1,0,0,0,0,0,0,0,0,1,5
DDD,2013J,502057,1,London Region,Lower Than A Level,40-50%,35-55,0,120,0,Withdrawn,14,1,0,0,1,1,0,1,1,1,1,0,1,0,0,5
DDD,2013J,502207,0,North Region,A Level or Equivalent,40-50%,0-35,1,120,0,Withdrawn,15,1,0,1,0,0,0,1,0,0,1,0,1,0,1,10
DDD,2013J,502466,0,London Region,Lower Than A Level,0-10%,35-55,0,150,0,Withdrawn,4,0,0,0,0,0,1,0,0,0,1,1,0,1,0,8
DDD,2013J,502477,1,South East Region,A Level or Equivalent,60-70%,0-35,0,90,0,Distinction,12,0,0,1,1,1,1,0,1,0,1,0,0,1,1,7
DDD,2013J,502638,0,South East Region,Lower Than A Level,80-90%,0-35,0,90,0,Pass,9,1,1,0,1,1,1,0,1,1,1,0,0,1,1,4
DDD,2013J,502642,0,East Anglian Region,A Level or Equivalent,70-80%,35-55,0,60,0,Fail,13,0,0,1,0,1,0,0,1,1,0,1,1,1,0,5
DDD,2013J,503023,1,South East Region,Lower Than A Level,70-80%,0-35,0,60,0,Pass,8,1,0,0,1,1,1,0,0,1,0,0,0,0,1,3
DDD,2013J,503783,1,East Anglian Region,A Level or Equivalent,0-10%,0-35,1,60,0,Pass,16,1,0,1,0,0,0,1,0,1,1,0,0,0,0,10
DDD,2013J,503838,1,East Anglian Region,HE Qualification,90-100%,35-55,0,60,0,Fail,13,0,1,1,0,1,0,0,1,0,0,1,0,1,1,5
DDD,2013J,504034,1,Ireland,A Level or Equivalent,0-10%,0-35,0,120,0,Withdrawn,6,0,1,0,1,1,1,1,0,1,0,0,0,1,1,9
DDD,2013J,504064,1,East Anglian Region,A Level or Equivalent,30-40%,35-55,0,120,1,Withdrawn,6,1,1,0,1,0,0,1,0,1,0,0,1,0,0,9
DDD,2013J,504234,1,London Region,A Level or Equivalent,20-Oct,0-35,0,60,0,Pass,10,0,0,1,0,0,1,1,0,0,0,1,0,0,0,1
DDD,2013J,504368,0,East Anglian Region,Lower Than A Level,40-50%,0-35,1,60,0,Fail,15,1,0,1,0,1,0,0,1,0,1,1,0,1,0,10
DDD,2013J,504429,1,North Western Region,HE Qualification,80-90%,35-55,0,60,0,Pass,10,1,0,0,0,1,0,0,0,1,0,0,1,0,1,1
DDD,2013J,504552,0,East Anglian Region,Lower Than A Level,60-70%,0-35,0,90,0,Withdrawn,7,0,0,0,0,0,1,1,1,1,0,1,0,1,1,3
DDD,2013J,504596,0,Wales,Lower Than A Level,50-60%,35-55,1,60,0,Fail,15,1,1,1,0,0,1,1,1,0,1,0,0,1,0,10
DDD,2013J,504602,0,East Anglian Region,HE Qualification,20-30%,35-55,1,90,0,Fail,3,1,1,0,0,1,0,0,0,0,1,1,0,0,1,8
DDD,2013J,504862,1,Scotland,HE Qualification,30-40%,0-35,0,90,0,Fail,10,0,1,0,1,1,0,1,1,0,1,1,0,1,0,1
DDD,2013J,505142,0,Yorkshire Region,Lower Than A Level,0-10%,0-35,0,120,0,Withdrawn,4,0,1,1,0,0,1,1,1,1,0,1,0,1,0,8
DDD,2013J,505209,1,East Anglian Region,Lower Than A Level,20-30%,0-35,0,240,0,Withdrawn,6,0,0,0,0,1,0,1,1,1,0,1,0,1,0,9
DDD,2013J,505561,1,East Midlands Region,Lower Than A Level,50-60%,0-35,0,120,1,Withdrawn,9,0,1,1,1,1,0,0,1,1,1,1,0,0,1,4
DDD,2013J,505856,0,Wales,Lower Than A Level,90-100%,0-35,0,60,0,Pass,3,1,0,1,1,1,0,0,1,1,0,0,0,1,0,8
DDD,2013J,506476,1,East Anglian Region,Lower Than A Level,30-40%,0-35,0,60,1,Withdrawn,13,0,0,1,1,0,0,1,0,1,0,1,0,1,1,5
DDD,2013J,506582,1,London Region,A Level or Equivalent,60-70%,35-55,0,60,0,Distinction,1,1,0,0,0,1,1,1,0,1,0,1,0,1,1,2
DDD,2013J,506597,0,West Midlands Region,A Level or Equivalent,50-60%,0-35,1,60,0,Withdrawn,1,0,1,0,0,1,0,0,0,1,1,1,1,0,1,2
DDD,2013J,506829,1,North Western Region,A Level or Equivalent,60-70%,0-35,2,120,0,Fail,2,1,1,0,1,1,0,1,0,0,1,1,0,1,0,2
DDD,2013J,507113,1,Yorkshire Region,A Level or Equivalent,50-60%,0-35,0,60,0,Pass,8,1,0,0,1,0,0,1,0,1,0,1,0,1,0,3
DDD,2013J,507115,0,Ireland,A Level or Equivalent,40-50%,0-35,0,120,0,Fail,10,0,0,1,0,1,1,1,1,0,0,1,0,1,1,1
DDD,2013J,507257,0,South Region,A Level or Equivalent,20-30%,0-35,0,60,0,Fail,12,1,1,0,1,0,0,0,0,0,1,0,0,1,1,7
DDD,2013J,507285,0,West Midlands Region,A Level or Equivalent,30-40%,35-55,0,60,0,Pass,4,1,1,0,0,1,1,0,1,0,1,0,0,1,1,8
DDD,2013J,507344,0,West Midlands Region,A Level or Equivalent,30-40%,0-35,0,120,0,Pass,15,1,0,1,0,0,0,0,0,0,0,0,0,1,1,10
DDD,2013J,507478,0,West Midlands Region,Lower Than A Level,,0-35,1,90,0,Fail,7,1,0,1,0,1,0,0,1,1,1,1,0,0,1,3
DDD,2013J,508025,1,West Midlands Region,A Level or Equivalent,70-80%,0-35,0,120,0,Pass,1,0,1,1,0,1,0,0,0,1,0,1,1,1,0,2
DDD,2013J,508227,1,East Midlands Region,A Level or Equivalent,20-Oct,0-35,0,120,0,Withdrawn,16,1,1,0,0,0,1,0,1,0,0,1,1,1,1,10
DDD,2013J,508246,0,Wales,Lower Than A Level,90-100%,0-35,1,60,0,Fail,3,1,0,1,0,0,1,0,1,0,1,1,1,0,1,8
DDD,2013J,508601,1,Scotland,HE Qualification,20-30%,35-55,0,180,0,Withdrawn,15,0,0,1,0,1,1,0,0,0,1,0,0,1,1,10
DDD,2013J,508615,0,London Region,HE Qualification,40-50%,0-35,1,120,0,Withdrawn,1,0,1,1,1,0,0,1,0,0,0,0,0,1,0,2
DDD,2013J,508637,0,Scotland,HE Qualification,20-30%,0-35,0,60,0,Pass,6,1,0,1,0,0,1,0,1,1,1,0,0,1,1,9
DDD,2013J,508785,1,South Region,A Level or Equivalent,90-100%,0-35,0,60,0,Fail,4,0,0,1,1,0,1,0,1,1,0,1,0,1,1,8
DDD,2013J,509102,0,South East Region,A Level or Equivalent,70-80%,0-35,0,150,0,Pass,7,0,1,0,1,0,0,1,0,0,0,1,0,1,1,3
DDD,2013J,509279,0,East Midlands Region,A Level or Equivalent,60-70%,0-35,0,60,0,Pass,4,0,1,0,1,0,1,1,1,0,0,0,1,1,1,8
DDD,2013J,509327,1,East Anglian Region,A Level or Equivalent,90-100%,35-55,0,120,0,Pass,6,0,1,1,0,1,1,0,0,0,0,1,0,1,0,9
DDD,2013J,509416,1,West Midlands Region,A Level or Equivalent,50-60%,0-35,0,120,0,Withdrawn,10,0,1,0,1,0,0,1,0,1,1,1,0,1,0,1
DDD,2013J,509501,0,East Anglian Region,A Level or Equivalent,50-60%,0-35,0,120,1,Withdrawn,16,1,1,1,0,0,1,0,1,1,1,0,0,0,0,10
DDD,2013J,509610,0,South East Region,Lower Than A Level,90-100%,0-35,0,60,1,Pass,8,0,1,1,1,0,1,1,0,0,0,1,0,1,0,3
DDD,2013J,509929,0,Scotland,Post Graduate Qualification,80-90%,35-55,0,60,0,Pass,2,1,1,1,0,1,1,1,1,1,0,1,0,0,1,2
DDD,2013J,510182,1,London Region,Lower Than A Level,20-30%,0-35,0,60,0,Pass,6,1,0,0,1,0,0,1,0,0,1,0,0,0,0,9
DDD,2013J,510864,1,Yorkshire Region,A Level or Equivalent,20-30%,0-35,0,120,0,Pass,3,0,0,1,0,1,1,0,1,1,0,1,0,0,0,8
DDD,2013J,510873,1,Scotland,HE Qualification,30-40%,0-35,1,120,0,Pass,5,1,0,0,1,1,0,0,0,1,0,1,1,0,1,9
DDD,2013J,511282,1,North Western Region,A Level or Equivalent,20-Oct,0-35,0,90,0,Pass,11,0,0,0,0,0,0,0,1,0,1,1,0,1,1,6
DDD,2013J,511453,0,South West Region,A Level or Equivalent,30-40%,0-35,0,60,0,Pass,13,1,1,1,0,1,1,0,1,0,1,0,1,0,1,5
DDD,2013J,511636,0,East Midlands Region,A Level or Equivalent,20-Oct,0-35,0,120,1,Withdrawn,16,0,1,0,1,0,1,0,1,1,1,1,1,0,0,10
DDD,2013J,511890,0,Yorkshire Region,A Level or Equivalent,0-10%,0-35,0,120,1,Withdrawn,13,0,0,0,1,1,1,0,0,0,1,0,1,1,1,5
DDD,2013J,512050,0,North Western Region,Lower Than A Level,50-60%,0-35,1,60,0,Fail,4,0,0,0,1,0,1,0,0,0,1,0,0,0,1,8
DDD,2013J,512259,0,South Region,Lower Than A Level,70-80%,35-55,0,60,0,Pass,13,1,1,1,1,0,0,1,1,1,1,0,0,1,0,5
DDD,2013J,512525,0,Wales,A Level or Equivalent,70-80%,0-35,0,90,1,Withdrawn,5,1,1,1,1,0,0,1,1,0,0,0,0,0,0,9
DDD,2013J,512706,0,East Midlands Region,A Level or Equivalent,0-10%,0-35,0,60,1,Fail,13,0,1,1,1,0,1,0,0,1,0,1,1,0,0,5
DDD,2013J,513007,0,East Midlands Region,A Level or Equivalent,40-50%,0-35,1,90,0,Fail,9,1,0,1,1,1,1,0,0,0,0,1,1,0,0,4
DDD,2013J,513204,1,Wales,A Level or Equivalent,20-Oct,0-35,0,60,0,Withdrawn,12,1,0,0,0,1,0,1,1,0,0,1,0,0,0,7
DDD,2013J,513349,1,East Midlands Region,A Level or Equivalent,90-100%,35-55,0,75,0,Fail,13,0,1,0,0,1,0,0,0,1,0,1,0,0,0,5
DDD,2013J,513356,0,North Region,Lower Than A Level,40-50%,0-35,1,120,0,Withdrawn,4,1,0,0,1,0,0,0,1,1,1,1,0,1,1,8
DDD,2013J,513482,0,East Midlands Region,Lower Than A Level,40-50%,35-55,0,60,0,Fail,16,0,1,0,0,0,1,0,0,1,1,0,0,1,1,10
DDD,2013J,513499,0,Ireland,A Level or Equivalent,20-30%,0-35,0,60,0,Pass,12,1,1,0,1,1,1,0,0,0,0,1,1,0,1,7
DDD,2013J,513853,1,East Anglian Region,A Level or Equivalent,60-70%,0-35,0,60,0,Pass,11,1,0,0,0,0,1,0,0,1,1,1,1,1,1,6
DDD,2013J,513954,1,South West Region,Lower Than A Level,90-100%,0-35,1,60,0,Fail,9,1,0,0,1,0,0,1,1,1,1,0,0,0,0,4
DDD,2013J,514125,1,Ireland,A Level or Equivalent,30-40%,0-35,1,90,0,Pass,14,0,0,1,0,0,0,0,0,1,1,1,0,1,1,5
DDD,2013J,514218,1,South East Region,Lower Than A Level,90-100%,0-35,1,60,0,Withdrawn,7,0,1,0,0,0,1,0,1,1,1,0,0,0,0,3
DDD,2013J,514495,0,South East Region,A Level or Equivalent,50-60%,0-35,0,90,0,Withdrawn,1,1,0,1,1,0,0,1,1,1,1,1,1,0,1,2
DDD,2013J,514852,1,Scotland,Lower Than A Level,0-10%,0-35,0,60,0,Fail,5,0,0,0,1,0,0,0,0,0,0,0,0,1,1,9
DDD,2013J,514934,1,North Western Region,A Level or Equivalent,0-10%,0-35,0,60,0,Withdrawn,3,1,0,1,1,0,1,1,1,1,1,1,0,0,1,8
DDD,2013J,515056,0,South West Region,HE Qualification,60-70%,0-35,0,60,0,Pass,10,0,0,1,1,0,0,0,0,0,1,0,1,1,1,1
DDD,2013J,515247,1,East Anglian Region,A Level or Equivalent,60-70%,0-35,0,150,0,Withdrawn,7,0,1,1,1,0,1,1,1,0,1,0,1,1,1,3
DDD,2013J,515520,0,Scotland,Lower Than A Level,60-70%,0-35,0,60,1,Pass,9,0,1,0,1,0,0,0,0,1,0,0,1,0,0,4
DDD,2013J,516343,0,East Midlands Region,Lower Than A Level,50-60%,0-35,1,60,0,Fail,11,0,0,0,1,0,1,1,0,1,0,1,0,1,0,6
DDD,2013J,516653,0,South West Region,Lower Than A Level,60-70%,0-35,1,60,0,Fail,11,0,1,0,1,1,0,0,1,1,1,1,1,0,0,6
DDD,2013J,516946,0,West Midlands Region,A Level or Equivalent,70-80%,35-55,0,60,0,Fail,1,1,1,1,0,1,0,1,1,1,1,1,1,1,0,2
DDD,2013J,517093,0,Scotland,A Level or Equivalent,70-80%,0-35,0,75,0,Distinction,3,1,1,1,0,1,0,1,1,1,1,0,1,0,0,8
DDD,2013J,517416,0,Wales,A Level or Equivalent,0-10%,0-35,0,60,0,Pass,15,1,1,0,1,0,1,0,0,0,1,1,0,1,1,10
DDD,2013J,518194,1,South West Region,Lower Than A Level,40-50%,0-35,0,60,0,Withdrawn,7,1,0,1,0,0,0,1,0,1,1,1,1,1,1,3
DDD,2013J,518709,0,East Midlands Region,Lower Than A Level,20-30%,0-35,0,60,0,Withdrawn,13,1,1,1,1,1,1,1,1,1,0,0,0,0,0,5
DDD,2013J,518731,0,South East Region,A Level or Equivalent,80-90%,0-35,1,60,0,Fail,14,1,1,1,0,0,1,0,1,0,0,1,0,0,1,5
DDD,2013J,518951,0,Yorkshire Region,Lower Than A Level,30-40%,35-55,0,60,0,Fail,8,0,0,0,1,0,1,1,0,1,1,0,0,0,0,3
DDD,2013J,519100,1,South West Region,HE Qualification,20-Oct,0-35,0,60,0,Withdrawn,15,0,0,1,0,0,1,1,0,0,1,1,1,1,1,10
DDD,2013J,519211,0,Yorkshire Region,A Level or Equivalent,20-30%,0-35,0,60,0,Fail,6,0,0,0,1,1,0,0,0,1,0,1,0,0,0,9
DDD,2013J,519358,0,East Anglian Region,A Level or Equivalent,40-50%,0-35,0,60,0,Withdrawn,11,1,1,1,1,1,1,1,1,1,0,1,1,0,1,6
DDD,2013J,519449,0,East Midlands Region,A Level or Equivalent,30-40%,0-35,1,120,0,Withdrawn,10,0,1,0,0,0,1,1,1,1,0,0,0,1,0,1
DDD,2013J,519552,1,Scotland,HE Qualification,0-10%,0-35,0,60,0,Pass,3,0,0,0,1,0,1,1,1,0,1,0,1,1,1,8
DDD,2013J,519961,1,West Midlands Region,Lower Than A Level,70-80%,0-35,1,120,0,Fail,5,0,1,0,0,0,1,0,1,0,0,1,1,1,0,9
DDD,2013J,520150,1,South West Region,HE Qualification,90-100%,0-35,0,60,0,Pass,5,1,1,1,0,0,0,1,1,1,0,0,0,0,0,9
DDD,2013J,520891,0,South Region,Lower Than A Level,50-60%,0-35,0,90,0,Pass,3,1,1,0,0,1,0,1,1,0,1,0,0,0,1,8
DDD,2013J,522312,0,Yorkshire Region,A Level or Equivalent,80-90%,0-35,0,90,0,Pass,3,1,1,1,0,0,0,0,1,1,1,0,0,0,0,8
DDD,2013J,522363,1,London Region,HE Qualification,20-30%,35-55,0,120,0,Withdrawn,9,1,1,0,1,0,1,1,0,1,1,0,0,0,1,4
DDD,2013J,522473,1,North Region,Lower Than A Level,,0-35,0,60,0,Pass,6,0,0,1,0,1,1,0,0,1,0,0,0,0,0,9
DDD,2013J,522538,1,London Region,A Level or Equivalent,50-60%,0-35,1,60,0,Withdrawn,5,0,1,1,1,1,1,0,1,0,1,0,1,0,0,9
DDD,2013J,522690,1,East Midlands Region,A Level or Equivalent,90-100%,35-55,0,150,0,Withdrawn,10,0,1,1,0,0,0,1,0,1,1,1,0,1,1,1
DDD,2013J,522777,0,South West Region,A Level or Equivalent,40-50%,0-35,1,60,0,Pass,16,1,0,0,1,0,1,1,0,1,0,1,0,0,0,10
DDD,2013J,523047,1,Wales,A Level or Equivalent,40-50%,0-35,1,60,0,Fail,14,1,1,0,0,0,0,0,1,0,1,0,0,1,1,5
DDD,2013J,523248,0,Wales,A Level or Equivalent,90-100%,0-35,0,60,0,Pass,16,1,1,1,0,1,0,0,1,1,0,1,0,1,0,10
DDD,2013J,523275,0,Ireland,A Level or Equivalent,20-Oct,0-35,1,120,0,Withdrawn,1,0,1,1,1,1,0,0,0,0,1,0,1,1,0,2
DDD,2013J,523583,1,London Region,A Level or Equivalent,20-30%,35-55,0,120,1,Withdrawn,8,1,1,1,1,0,1,1,0,0,0,1,0,0,1,3
DDD,2013J,523632,0,West Midlands Region,Lower Than A Level,40-50%,0-35,0,60,0,Withdrawn,16,0,1,1,1,0,0,1,1,0,0,0,0,1,1,10
DDD,2013J,523834,1,North Region,A Level or Equivalent,60-70%,35-55,0,90,0,Withdrawn,8,0,0,0,0,1,1,0,0,1,0,1,1,0,0,3
DDD,2013J,524261,1,Scotland,HE Qualification,0-10%,35-55,1,60,1,Withdrawn,3,1,1,0,0,1,1,0,1,0,1,0,1,0,1,8
DDD,2013J,524575,1,Scotland,A Level or Equivalent,60-70%,0-35,0,60,0,Distinction,8,0,1,0,0,1,0,1,0,0,0,1,1,0,0,3
DDD,2013J,524711,1,South West Region,Lower Than A Level,30-40%,0-35,0,120,0,Pass,2,1,1,1,1,0,1,1,1,1,0,0,1,1,1,2
DDD,2013J,524730,1,West Midlands Region,Lower Than A Level,90-100%,0-35,0,60,0,Withdrawn,8,0,0,0,0,0,0,1,0,0,1,0,0,0,0,3
DDD,2013J,524791,1,Yorkshire Region,Lower Than A Level,40-50%,0-35,0,120,0,Fail,5,1,0,1,0,1,0,0,1,1,0,1,1,1,1,9
DDD,2013J,525189,0,East Midlands Region,Lower Than A Level,90-100%,0-35,1,60,0,Withdrawn,9,1,0,1,0,0,1,0,1,1,1,1,1,0,0,4
DDD,2013J,525456,1,East Anglian Region,A Level or Equivalent,0-10%,0-35,0,60,1,Pass,12,1,1,0,1,1,0,0,0,0,0,0,1,0,1,7
DDD,2013J,525472,0,East Anglian Region,Lower Than A Level,50-60%,0-35,0,60,0,Distinction,10,0,0,1,1,1,1,1,0,1,1,0,1,1,1,1
DDD,2013J,525800,1,East Anglian Region,No Formal quals,20-Oct,0-35,1,60,0,Withdrawn,9,1,0,1,0,1,1,1,1,1,0,1,0,1,1,4
DDD,2013J,526098,0,North Region,Post Graduate Qualification,,0-35,0,150,0,Withdrawn,3,1,0,1,1,1,0,1,1,1,0,1,1,0,1,8
DDD,2013J,526158,0,South Region,Lower Than A Level,80-90%,35-55,0,60,0,Pass,9,0,0,0,0,0,0,0,1,0,0,1,1,1,1,4
DDD,2013J,526242,1,South West Region,A Level or Equivalent,40-50%,0-35,0,60,0,Pass,1,1,0,1,1,0,1,1,0,0,0,0,1,0,0,2
DDD,2013J,526659,1,East Midlands Region,A Level or Equivalent,70-80%,0-35,0,90,0,Withdrawn,3,0,0,0,1,1,0,1,0,1,0,0,0,1,0,8
DDD,2013J,526679,1,Yorkshire Region,A Level or Equivalent,70-80%,35-55,0,60,0,Pass,13,1,0,1,0,1,1,0,1,0,0,1,1,0,1,5
DDD,2013J,527427,1,Yorkshire Region,A Level or Equivalent,20-30%,0-35,0,90,0,Pass,13,0,1,1,0,1,1,0,0,0,0,0,0,0,0,5
DDD,2013J,527574,1,North Western Region,Lower Than A Level,0-10%,0-35,0,60,0,Pass,4,0,0,0,0,0,1,1,0,1,1,0,0,0,0,8
DDD,2013J,527751,0,South East Region,Lower Than A Level,20-Oct,35-55,0,60,0,Fail,3,0,0,1,1,0,1,1,1,1,0,1,0,0,1,8
DDD,2013J,527954,1,North Western Region,A Level or Equivalent,90-100%,0-35,0,210,0,Fail,9,1,1,0,1,1,0,0,0,0,1,1,1,1,0,4
DDD,2013J,528467,0,East Anglian Region,A Level or Equivalent,70-80%,0-35,0,120,0,Pass,12,0,0,1,1,0,1,0,0,0,0,0,0,0,1,7
DDD,2013J,528551,1,North Region,A Level or Equivalent,,0-35,0,120,0,Pass,1,1,1,1,0,0,0,1,0,0,1,0,0,1,0,2
DDD,2013J,528892,0,South West Region,A Level or Equivalent,30-40%,0-35,0,90,0,Pass,10,1,0,0,0,1,1,0,1,1,1,0,1,1,1,1
DDD,2013J,528971,1,East Anglian Region,A Level or Equivalent,20-Oct,0-35,0,60,0,Fail,13,1,1,0,0,1,1,0,1,0,0,0,0,0,0,5
DDD,2013J,529073,0,North Western Region,Lower Than A Level,60-70%,0-35,0,100,0,Withdrawn,1,1,0,1,1,1,1,1,0,0,0,0,0,1,0,2
DDD,2013J,529226,0,East Anglian Region,A Level or Equivalent,60-70%,0-35,1,60,0,Fail,16,0,0,0,1,1,0,1,1,0,1,1,1,0,0,10
DDD,2013J,529522,1,Yorkshire Region,A Level or Equivalent,20-30%,0-35,0,60,0,Fail,3,1,1,0,0,0,1,0,0,0,1,1,1,1,0,8
DDD,2013J,529670,0,Yorkshire Region,Lower Than A Level,80-90%,0-35,1,60,0,Withdrawn,13,1,1,0,0,1,0,1,1,0,1,0,0,0,0,5
DDD,2013J,529868,1,London Region,A Level or Equivalent,80-90%,0-35,0,60,0,Pass,6,1,0,0,1,1,0,0,0,1,1,1,1,0,0,9
DDD,2013J,530270,0,South Region,A Level or Equivalent,50-60%,0-35,1,180,0,Withdrawn,14,0,1,0,0,1,0,0,0,0,1,1,0,1,0,5
DDD,2013J,530519,0,South Region,Lower Than A Level,40-50%,0-35,0,60,0,Withdrawn,14,1,1,1,0,0,1,0,0,1,1,1,1,0,1,5
DDD,2013J,530967,0,Yorkshire Region,A Level or Equivalent,20-Oct,0-35,0,60,0,Pass,3,0,0,1,0,1,1,1,1,1,0,0,1,1,1,8
DDD,2013J,531234,1,West Midlands Region,Lower Than A Level,70-80%,35-55,0,120,0,Withdrawn,11,0,0,0,0,1,0,0,0,1,0,0,1,1,0,6
DDD,2013J,531402,1,London Region,HE Qualification,90-100%,35-55,0,60,0,Pass,12,0,0,0,1,0,1,0,1,1,1,0,1,1,1,7
DDD,2013J,531888,1,East Anglian Region,Lower Than A Level,40-50%,35-55,1,60,0,Fail,10,0,1,0,1,1,0,0,1,0,0,0,0,1,0,1
DDD,2013J,532020,0,Scotland,HE Qualification,30-40%,0-35,0,90,0,Pass,1,0,0,0,0,0,0,0,0,0,0,0,1,0,1,2
DDD,2013J,532116,1,South Region,A Level or Equivalent,60-70%,0-35,0,60,0,Pass,1,0,1,0,0,0,1,0,0,0,0,1,0,1,0,2
DDD,2013J,532144,0,London Region,A Level or Equivalent,40-50%,35-55,2,60,0,Pass,2,1,1,0,1,1,1,1,1,0,0,1,0,0,0,2
DDD,2013J,532683,1,Scotland,A Level or Equivalent,70-80%,0-35,0,60,0,Withdrawn,6,0,1,0,1,0,0,0,0,1,1,0,1,1,0,9
DDD,2013J,532859,0,Scotland,HE Qualification,20-30%,0-35,0,180,0,Withdrawn,3,1,1,0,0,0,1,1,0,1,1,0,1,0,0,8
DDD,2013J,532863,0,South West Region,Lower Than A Level,30-40%,0-35,0,60,0,Fail,6,1,1,0,0,0,0,0,1,0,0,1,0,0,1,9
DDD,2013J,532941,0,East Anglian Region,Lower Than A Level,90-100%,0-35,1,90,1,Fail,5,1,1,1,1,0,1,0,0,0,1,1,0,1,0,9
DDD,2013J,533988,0,West Midlands Region,Lower Than A Level,30-40%,35-55,0,60,0,Pass,13,0,1,0,1,0,0,1,1,1,0,1,0,1,1,5
DDD,2013J,534093,0,Yorkshire Region,A Level or Equivalent,60-70%,35-55,0,60,0,Pass,6,0,1,1,1,1,1,0,0,0,1,1,1,1,1,9
DDD,2013J,535161,0,West Midlands Region,Lower Than A Level,80-90%,0-35,1,60,0,Pass,5,1,0,1,1,1,1,1,1,1,1,0,0,0,0,9
DDD,2013J,535220,0,East Anglian Region,Lower Than A Level,90-100%,0-35,0,60,0,Withdrawn,8,0,0,0,1,1,0,0,1,1,1,0,1,1,1,3
DDD,2013J,535351,0,North Western Region,Lower Than A Level,50-60%,0-35,0,120,0,Fail,16,1,0,1,1,0,1,0,0,0,1,1,1,0,1,10
DDD,2013J,535632,1,North Western Region,A Level or Equivalent,0-10%,0-35,0,60,0,Fail,6,1,0,1,0,0,0,1,0,0,0,1,1,0,0,9
DDD,2013J,535707,1,Ireland,A Level or Equivalent,20-Oct,0-35,1,90,0,Withdrawn,6,0,0,1,1,0,0,1,1,0,1,0,0,1,0,9
DDD,2013J,535794,1,North Western Region,Lower Than A Level,0-10%,0-35,0,60,0,Fail,5,1,0,0,0,0,0,1,1,1,1,0,0,0,1,9
DDD,2013J,536199,0,East Anglian Region,A Level or Equivalent,60-70%,0-35,0,60,0,Pass,14,1,1,1,1,1,0,1,0,0,0,1,0,0,1,5
DDD,2013J,536210,0,Ireland,Lower Than A Level,0-10%,0-35,1,60,1,Withdrawn,10,0,1,1,1,1,1,0,1,1,0,0,1,0,1,1
DDD,2013J,536979,0,Scotland,HE Qualification,20-30%,0-35,0,120,0,Fail,7,1,0,0,1,1,0,0,1,1,0,1,1,0,0,3
DDD,2013J,537652,1,South Region,Lower Than A Level,70-80%,35-55,1,90,0,Withdrawn,9,1,1,1,0,1,0,0,0,1,0,1,0,0,1,4
DDD,2013J,537691,1,North Region,Lower Than A Level,,0-35,0,90,0,Withdrawn,12,1,1,0,1,1,0,1,0,0,1,1,1,0,0,7
DDD,2013J,537747,1,North Region,HE Qualification,,35-55,0,60,0,Pass,5,1,0,1,1,0,0,0,0,1,1,0,1,1,0,9
DDD,2013J,537811,1,East Midlands Region,A Level or Equivalent,50-60%,0-35,0,60,1,Distinction,3,1,0,0,1,1,1,0,0,0,1,1,1,0,0,8
DDD,2013J,537918,1,South East Region,A Level or Equivalent,40-50%,35-55,1,60,0,Fail,2,1,1,0,1,1,1,1,0,1,0,1,0,0,0,2
DDD,2013J,537962,0,East Anglian Region,Lower Than A Level,70-80%,0-35,0,60,0,Pass,7,0,1,1,0,1,0,1,1,1,0,1,1,0,0,3
DDD,2013J,538863,1,North Western Region,A Level or Equivalent,90-100%,0-35,0,60,0,Pass,1,1,1,1,0,0,0,0,0,0,0,1,0,1,1,2
DDD,2013J,538903,0,East Midlands Region,Lower Than A Level,20-30%,0-35,0,60,1,Pass,7,0,0,1,0,0,0,0,0,0,0,1,1,1,0,3
DDD,2013J,539872,1,West Midlands Region,A Level or Equivalent,50-60%,0-35,0,120,0,Withdrawn,3,0,1,0,1,0,1,1,1,1,1,0,0,1,1,8
DDD,2013J,540806,1,East Anglian Region,A Level or Equivalent,80-90%,35-55,0,60,0,Pass,9,1,0,1,1,1,1,1,1,1,1,1,0,1,1,4
DDD,2013J,540947,0,Yorkshire Region,Lower Than A Level,40-50%,0-35,0,150,0,Pass,8,1,0,1,1,0,1,1,0,0,1,0,1,1,0,3
DDD,2013J,541108,1,East Anglian Region,Lower Than A Level,70-80%,35-55,0,60,1,Pass,9,0,0,0,0,0,1,1,1,0,1,1,0,1,1,4
DDD,2013J,541482,0,East Anglian Region,Lower Than A Level,0-10%,0-35,1,60,0,Pass,1,1,0,0,1,0,0,1,0,1,1,0,0,1,0,2
DDD,2013J,542180,1,South West Region,Lower Than A Level,40-50%,0-35,0,240,1,Pass,3,1,0,1,1,1,0,1,1,0,1,1,0,0,0,8
DDD,2013J,542244,1,North Region,Lower Than A Level,40-50%,0-35,0,60,0,Withdrawn,10,0,0,1,1,1,1,1,0,0,0,0,1,1,1,1
DDD,2013J,542321,0,North Region,HE Qualification,0-10%,35-55,1,60,0,Withdrawn,15,1,0,1,0,0,1,1,1,0,1,1,0,1,0,10
DDD,2013J,542558,0,East Anglian Region,A Level or Equivalent,90-100%,35-55,0,60,0,Pass,2,0,1,1,0,1,1,1,0,1,0,1,1,0,0,2
DDD,2013J,543481,0,East Anglian Region,Lower Than A Level,40-50%,0-35,0,90,0,Fail,3,1,1,0,0,0,1,1,0,1,1,0,1,1,1,8
DDD,2013J,543648,1,South Region,A Level or Equivalent,60-70%,0-35,0,120,1,Fail,11,1,1,1,0,0,1,0,0,1,1,0,0,1,0,6
DDD,2013J,543683,0,Scotland,Lower Than A Level,40-50%,35-55,1,60,0,Fail,12,1,1,0,1,0,1,1,1,1,0,0,1,0,0,7
DDD,2013J,543723,0,South Region,HE Qualification,70-80%,35-55,0,60,0,Pass,10,0,0,1,0,0,0,1,0,0,0,0,1,0,0,1
DDD,2013J,543788,1,South Region,A Level or Equivalent,90-100%,35-55,0,60,0,Pass,13,0,1,0,0,0,0,0,1,1,1,0,1,0,0,5
DDD,2013J,543825,0,North Region,Lower Than A Level,50-60%,0-35,0,120,0,Pass,10,0,1,0,0,1,0,0,0,1,0,1,0,1,0,1
DDD,2013J,544031,0,South West Region,A Level or Equivalent,50-60%,35-55,0,180,0,Withdrawn,6,0,0,1,1,1,1,0,0,0,1,1,1,0,0,9
DDD,2013J,544155,0,North Western Region,Lower Than A Level,20-Oct,0-35,0,120,0,Withdrawn,15,0,1,1,1,1,1,1,1,1,1,1,1,1,1,10
DDD,2013J,544499,1,Wales,Lower Than A Level,20-Oct,0-35,1,180,0,Withdrawn,13,0,0,1,1,0,0,1,1,1,0,1,1,1,0,5
DDD,2013J,544576,0,Ireland,A Level or Equivalent,80-90%,0-35,0,60,1,Pass,4,0,1,1,0,0,0,1,1,1,1,0,0,0,0,8
DDD,2013J,544587,1,South East Region,Lower Than A Level,90-100%,35-55,0,120,1,Withdrawn,3,0,1,0,1,1,1,1,0,0,1,1,0,1,0,8
DDD,2013J,544594,0,London Region,A Level or Equivalent,90-100%,0-35,0,90,0,Distinction,4,0,0,0,0,0,0,1,1,1,1,0,1,1,1,8
DDD,2013J,544649,0,North Region,Lower Than A Level,,35-55,1,60,0,Withdrawn,8,0,1,0,0,1,0,1,1,1,0,0,0,0,1,3
DDD,2013J,544982,0,London Region,Lower Than A Level,20-Oct,0-35,0,60,0,Fail,4,1,1,1,1,1,1,1,0,1,1,0,1,1,0,8
DDD,2013J,545093,1,South West Region,A Level or Equivalent,90-100%,0-35,0,60,0,Pass,16,1,1,1,0,0,0,0,0,0,1,0,0,1,1,10
DDD,2013J,545124,1,East Anglian Region,Lower Than A Level,70-80%,0-35,0,60,0,Fail,2,1,0,1,0,0,1,1,0,0,0,0,0,1,0,2
DDD,2013J,545179,0,West Midlands Region,HE Qualification,20-Oct,0-35,0,90,0,Fail,15,1,0,1,1,1,1,1,1,0,1,0,0,0,0,10
DDD,2013J,545211,0,North Western Region,A Level or Equivalent,70-80%,0-35,0,120,0,Pass,13,1,0,1,1,1,1,1,0,1,0,1,1,1,0,5
DDD,2013J,545255,0,East Anglian Region,A Level or Equivalent,0-10%,0-35,0,90,0,Pass,3,0,1,1,1,1,0,0,1,0,0,0,0,0,1,8
DDD,2013J,545769,0,South West Region,Lower Than A Level,60-70%,35-55,0,60,0,Pass,11,1,1,1,1,0,1,0,1,0,1,1,0,0,0,6
DDD,2013J,545991,0,Wales,A Level or Equivalent,70-80%,0-35,0,90,0,Fail,7,1,0,0,0,1,0,0,0,0,1,0,0,1,1,3
DDD,2013J,546293,0,Scotland,HE Qualification,40-50%,35-55,1,60,1,Fail,16,0,0,0,0,0,0,0,0,1,0,1,0,1,0,10
DDD,2013J,546403,0,North Western Region,Lower Than A Level,60-70%,0-35,1,180,0,Withdrawn,14,1,0,0,0,1,0,1,0,0,0,1,0,0,0,5
DDD,2013J,546722,1,South West Region,A Level or Equivalent,40-50%,0-35,0,60,0,Pass,14,0,0,1,1,0,1,0,1,1,0,0,0,0,0,5
DDD,2013J,546809,1,South Region,Lower Than A Level,0-10%,0-35,0,60,0,Withdrawn,3,1,1,1,1,1,1,0,0,1,0,1,0,0,1,8
DDD,2013J,546852,1,East Anglian Region,A Level or Equivalent,20-Oct,0-35,0,60,0,Pass,14,0,1,0,1,0,0,1,0,0,0,0,0,0,0,5
DDD,2013J,547378,0,Wales,A Level or Equivalent,0-10%,0-35,1,120,0,Withdrawn,5,0,1,0,0,1,0,1,0,1,1,1,1,1,0,9
DDD,2013J,547448,0,South Region,Lower Than A Level,90-100%,35-55,0,60,0,Distinction,3,0,1,0,0,1,1,1,0,0,0,0,1,0,0,8
DDD,2013J,547584,0,Yorkshire Region,Lower Than A Level,70-80%,0-35,0,60,0,Fail,6,1,1,0,1,1,0,1,0,0,0,0,1,0,1,9
DDD,2013J,547737,1,London Region,Lower Than A Level,60-70%,0-35,0,60,0,Pass,11,1,1,0,0,1,1,0,0,0,1,1,1,1,0,6
DDD,2013J,547784,1,South Region,Lower Than A Level,50-60%,0-35,1,120,1,Fail,12,0,0,0,0,1,0,1,1,1,0,1,1,1,0,7
DDD,2013J,548027,1,North Western Region,A Level or Equivalent,0-10%,0-35,0,60,0,Pass,2,1,0,1,1,0,0,1,1,0,1,0,1,0,1,2
DDD,2013J,548173,1,East Anglian Region,Lower Than A Level,80-90%,0-35,1,60,0,Fail,2,1,0,0,0,1,0,0,0,0,0,1,0,1,0,2
DDD,2013J,548301,1,West Midlands Region,HE Qualification,40-50%,0-35,0,60,0,Pass,9,0,1,1,1,0,1,1,1,1,0,0,0,0,0,4
DDD,2013J,548825,1,South West Region,Lower Than A Level,70-80%,35-55,0,60,0,Withdrawn,3,0,1,1,1,1,1,1,1,1,1,1,1,1,0,8
DDD,2013J,548851,0,Yorkshire Region,Lower Than A Level,0-10%,0-35,0,60,0,Withdrawn,3,0,0,1,1,0,0,0,0,0,0,0,0,0,0,8
DDD,2013J,549032,1,South East Region,A Level or Equivalent,20-30%,0-35,0,120,0,Pass,15,1,1,1,0,1,1,1,1,1,1,0,1,1,0,10
DDD,2013J,549113,0,London Region,A Level or Equivalent,40-50%,0-35,1,90,0,Pass,10,1,1,1,1,0,0,0,0,1,0,1,1,1,1,1
DDD,2013J,549160,0,East Anglian Region,A Level or Equivalent,60-70%,0-35,0,120,0,Withdrawn,1,1,0,1,0,1,0,1,0,1,1,1,1,1,1,2
DDD,2013J,549337,0,Ireland,A Level or Equivalent,50-60%,0-35,0,60,0,Withdrawn,5,0,0,1,0,0,0,1,1,0,1,1,1,1,0,9
DDD,2013J,549424,0,South Region,Post Graduate Qualification,90-100%,35-55,1,60,0,Withdrawn,13,1,1,1,1,0,1,1,1,1,1,0,1,0,1,5
DDD,2013J,549601,0,West Midlands Region,Lower Than A Level,20-30%,35-55,0,60,1,Withdrawn,1,0,0,1,1,1,1,0,0,1,1,1,1,1,1,2
DDD,2013J,550142,1,South East Region,A Level or Equivalent,40-50%,0-35,1,60,0,Withdrawn,5,0,0,1,0,1,0,1,0,1,1,0,1,1,0,9
DDD,2013J,550331,0,South East Region,Lower Than A Level,50-60%,35-55,0,60,0,Pass,14,1,0,0,1,0,0,0,0,0,0,0,0,0,0,5
DDD,2013J,550380,0,Scotland,Lower Than A Level,70-80%,35-55,0,120,0,Withdrawn,7,0,0,1,1,0,0,1,1,0,1,0,1,1,1,3
DDD,2013J,550814,0,South West Region,Lower Than A Level,50-60%,0-35,0,90,0,Pass,13,0,1,1,1,0,0,1,1,1,0,1,0,1,1,5
DDD,2013J,551126,0,Yorkshire Region,Lower Than A Level,70-80%,35-55,0,60,0,Pass,13,1,1,1,1,0,0,1,0,0,0,1,1,0,0,5
DDD,2013J,551214,0,South East Region,A Level or Equivalent,60-70%,0-35,0,60,0,Pass,11,1,1,1,1,1,0,1,0,1,1,0,1,0,0,6
DDD,2013J,551456,0,South Region,Lower Than A Level,80-90%,0-35,0,60,0,Fail,5,1,1,1,1,0,1,0,1,0,1,1,1,1,0,9
DDD,2013J,551674,1,London Region,A Level or Equivalent,30-40%,0-35,1,120,0,Withdrawn,6,1,1,1,0,1,0,0,1,1,0,0,1,0,1,9
DDD,2013J,551760,0,East Midlands Region,A Level or Equivalent,50-60%,0-35,0,60,0,Fail,5,0,1,1,0,1,1,0,0,0,1,0,0,1,0,9
DDD,2013J,551774,0,London Region,Lower Than A Level,80-90%,0-35,0,60,0,Withdrawn,4,1,0,0,0,1,0,0,1,1,1,1,0,1,0,8
DDD,2013J,552003,1,London Region,A Level or Equivalent,90-100%,35-55,0,120,0,Withdrawn,1,1,0,0,0,0,1,1,0,1,0,1,0,1,1,2
DDD,2013J,552192,0,East Midlands Region,Lower Than A Level,20-30%,0-35,1,90,0,Withdrawn,1,1,1,0,0,1,1,0,0,0,1,1,0,1,0,2
DDD,2013J,552282,0,East Midlands Region,HE Qualification,30-40%,35-55,0,60,0,Fail,5,1,1,0,1,1,1,0,1,0,0,0,0,0,1,9
DDD,2013J,552313,1,Scotland,Lower Than A Level,70-80%,0-35,0,60,0,Pass,3,0,0,0,0,1,0,1,0,0,1,0,1,0,0,8
DDD,2013J,552537,0,Scotland,A Level or Equivalent,70-80%,0-35,0,120,1,Pass,6,0,1,0,1,1,1,0,0,1,1,1,0,1,1,9
DDD,2013J,552747,1,East Anglian Region,Lower Than A Level,50-60%,35-55,0,60,0,Pass,6,0,1,0,1,1,0,1,0,1,0,0,0,0,1,9
DDD,2013J,552898,0,South West Region,A Level or Equivalent,40-50%,0-35,0,240,1,Pass,12,0,0,1,0,0,1,1,0,1,1,1,1,1,0,7
DDD,2013J,553170,1,North Region,Post Graduate Qualification,,0-35,0,90,0,Withdrawn,12,0,0,1,1,0,0,0,1,1,1,1,1,0,1,7
DDD,2013J,553280,1,South Region,A Level or Equivalent,50-60%,0-35,0,120,0,Pass,9,1,0,1,0,0,1,0,0,0,1,0,0,1,1,4
DDD,2013J,553301,0,North Western Region,Lower Than A Level,20-30%,0-35,0,60,0,Pass,3,1,0,0,1,1,0,1,0,1,0,0,1,0,1,8
DDD,2013J,553353,0,East Anglian Region,Lower Than A Level,40-50%,0-35,0,60,0,Fail,2,1,1,1,1,1,0,0,1,1,1,0,0,0,1,2
DDD,2013J,553719,0,West Midlands Region,A Level or Equivalent,40-50%,0-35,0,60,0,Distinction,7,1,0,0,1,0,0,1,0,1,1,0,0,1,1,3
DDD,2013J,553832,1,East Anglian Region,Lower Than A Level,90-100%,0-35,0,60,0,Fail,5,0,1,1,0,1,1,0,1,0,1,1,1,0,0,9
DDD,2013J,553992,0,North Region,Lower Than A Level,40-50%,0-35,0,210,0,Withdrawn,4,0,0,0,0,1,0,1,0,1,0,0,1,1,0,8
DDD,2013J,554283,0,South West Region,A Level or Equivalent,40-50%,0-35,0,60,0,Pass,14,1,1,0,1,1,0,0,1,0,0,1,0,1,0,5
DDD,2013J,554356,0,Scotland,A Level or Equivalent,70-80%,35-55,0,60,0,Pass,10,0,1,0,1,1,0,0,1,0,1,1,0,0,0,1
DDD,2013J,554691,0,North Western Region,Lower Than A Level,40-50%,35-55,1,60,1,Pass,4,1,0,1,0,0,0,1,0,1,1,1,0,1,0,8
DDD,2013J,555239,1,Yorkshire Region,A Level or Equivalent,70-80%,0-35,0,60,0,Distinction,15,1,1,1,1,1,0,1,1,0,1,0,1,0,0,10
DDD,2013J,555316,0,South West Region,Lower Than A Level,20-Oct,0-35,0,120,1,Fail,14,1,1,0,0,0,0,1,0,1,1,0,0,0,1,5
DDD,2013J,555422,1,Yorkshire Region,A Level or Equivalent,70-80%,0-35,0,180,0,Withdrawn,13,1,0,1,1,0,1,1,0,1,1,1,0,1,1,5
DDD,2013J,555636,0,North Western Region,A Level or Equivalent,50-60%,0-35,0,240,0,Withdrawn,3,1,0,1,0,0,0,0,1,1,1,0,0,1,0,8
DDD,2013J,555644,0,North Region,Lower Than A Level,20-30%,0-35,0,60,0,Fail,15,0,0,0,0,0,0,0,1,1,1,1,0,1,0,10
DDD,2013J,555791,1,Scotland,A Level or Equivalent,50-60%,0-35,0,60,1,Fail,4,1,1,0,0,0,1,0,0,0,1,0,0,0,0,8
DDD,2013J,556539,0,South Region,A Level or Equivalent,20-30%,0-35,0,120,0,Pass,12,1,1,1,0,0,0,1,0,1,0,0,1,1,1,7
DDD,2013J,556751,0,Ireland,A Level or Equivalent,80-90%,0-35,0,60,0,Withdrawn,13,1,0,1,1,0,1,1,1,0,0,1,1,0,0,5
DDD,2013J,556821,0,Wales,Lower Than A Level,40-50%,0-35,0,220,0,Withdrawn,1,1,1,0,0,0,1,1,0,0,1,1,1,0,1,2
DDD,2013J,557247,1,Yorkshire Region,A Level or Equivalent,0-10%,0-35,1,60,1,Withdrawn,10,1,1,0,1,0,0,1,1,1,0,0,1,0,0,1
DDD,2013J,557320,1,West Midlands Region,Lower Than A Level,50-60%,0-35,0,60,1,Withdrawn,2,1,1,1,1,1,0,0,0,0,1,0,0,1,0,2
DDD,2013J,557474,0,London Region,A Level or Equivalent,50-60%,0-35,0,60,0,Fail,16,0,1,0,1,0,0,0,0,1,0,0,1,1,1,10
DDD,2013J,558021,0,North Region,Lower Than A Level,,0-35,0,60,0,Pass,3,1,1,1,1,0,1,1,1,0,0,0,0,1,0,8
DDD,2013J,558029,0,Scotland,HE Qualification,60-70%,35-55,0,120,0,Withdrawn,2,1,0,1,1,1,1,0,1,0,0,0,1,0,1,2
DDD,2013J,558052,1,North Western Region,Lower Than A Level,20-Oct,0-35,0,120,0,Withdrawn,5,1,0,0,0,0,0,1,0,1,1,1,0,1,1,9
DDD,2013J,558140,0,North Western Region,A Level or Equivalent,50-60%,0-35,0,60,0,Fail,13,1,0,0,0,0,1,0,1,1,0,1,1,1,0,5
DDD,2013J,558610,1,Scotland,Lower Than A Level,0-10%,0-35,1,120,0,Fail,16,1,1,1,0,0,1,0,1,0,1,1,0,0,0,10
DDD,2013J,558765,1,Yorkshire Region,Lower Than A Level,20-30%,0-35,0,60,0,Fail,8,0,1,1,1,0,0,0,0,1,1,0,0,0,1,3
DDD,2013J,559096,0,Yorkshire Region,A Level or Equivalent,80-90%,35-55,0,60,0,Pass,2,0,1,0,1,0,1,0,0,1,0,1,1,0,1,2
DDD,2013J,559123,0,East Anglian Region,A Level or Equivalent,90-100%,0-35,0,60,1,Pass,4,0,0,1,1,1,0,0,1,1,1,1,0,1,0,8
DDD,2013J,559140,1,Scotland,A Level or Equivalent,80-90%,0-35,0,60,0,Pass,5,0,1,1,0,0,0,0,0,0,1,0,1,0,0,9
DDD,2013J,559540,0,London Region,A Level or Equivalent,30-40%,0-35,0,150,0,Fail,15,1,1,1,0,0,1,1,0,0,1,1,0,0,0,10
DDD,2013J,559547,0,West Midlands Region,A Level or Equivalent,20-Oct,0-35,0,60,1,Withdrawn,13,1,1,0,0,1,0,1,1,1,0,1,1,1,1,5
DDD,2013J,559680,0,North Region,A Level or Equivalent,60-70%,0-35,0,60,0,Pass,10,0,1,1,0,1,0,0,1,0,0,1,0,1,0,1
DDD,2013J,559735,0,North Western Region,A Level or Equivalent,70-80%,0-35,0,120,0,Withdrawn,3,0,0,0,0,1,0,0,0,1,1,0,0,1,0,8
DDD,2013J,559855,0,West Midlands Region,Lower Than A Level,20-30%,0-35,0,60,0,Withdrawn,12,0,1,1,1,0,1,1,0,0,1,0,0,0,0,7
DDD,2013J,559908,0,Yorkshire Region,A Level or Equivalent,30-40%,35-55,1,120,0,Pass,10,0,1,0,0,1,1,0,1,0,1,1,0,1,0,1
DDD,2013J,559992,1,North Region,HE Qualification,,35-55,1,60,0,Pass,4,1,1,0,0,1,1,0,0,1,0,0,0,1,0,8
DDD,2013J,560015,0,North Region,Lower Than A Level,30-40%,0-35,0,60,0,Fail,7,1,1,0,1,1,0,1,1,1,1,1,1,0,0,3
DDD,2013J,560243,1,South West Region,A Level or Equivalent,60-70%,35-55,0,120,0,Pass,16,0,0,1,1,1,0,0,1,1,0,0,0,0,1,10
DDD,2013J,560423,0,North Region,HE Qualification,,35-55,0,120,0,Withdrawn,4,0,1,0,0,1,0,0,1,1,0,0,0,1,1,8
DDD,2013J,560458,1,South East Region,A Level or Equivalent,90-100%,0-35,0,60,0,Pass,7,1,1,1,0,1,1,0,0,0,0,0,0,1,0,3
DDD,2013J,560486,0,Wales,HE Qualification,70-80%,0-35,0,120,0,Pass,4,1,0,0,0,0,1,0,1,0,1,0,1,1,0,8
DDD,2013J,560493,1,Wales,HE Qualification,40-50%,0-35,0,120,0,Pass,9,1,1,0,1,0,0,0,0,0,0,0,0,1,1,4
DDD,2013J,560759,0,West Midlands Region,A Level or Equivalent,80-90%,0-35,0,60,0,Pass,6,0,1,0,1,1,0,1,1,0,1,0,1,0,0,9
DDD,2013J,560870,1,South Region,A Level or Equivalent,20-30%,0-35,0,60,0,Withdrawn,10,0,1,0,0,1,1,0,0,0,1,0,1,1,1,1
DDD,2013J,560879,1,North Western Region,A Level or Equivalent,50-60%,0-35,0,60,0,Pass,14,1,1,0,0,0,0,0,1,1,0,1,1,1,0,5
DDD,2013J,560948,1,East Anglian Region,A Level or Equivalent,40-50%,0-35,0,60,0,Fail,16,1,1,0,0,0,0,0,0,0,1,1,0,0,0,10
DDD,2013J,561072,0,East Anglian Region,HE Qualification,30-40%,0-35,0,60,0,Pass,3,0,0,1,0,0,1,1,1,0,1,0,1,0,1,8
DDD,2013J,561195,0,Scotland,Lower Than A Level,50-60%,35-55,0,60,0,Pass,8,1,1,0,0,0,0,1,0,0,1,1,1,1,1,3
DDD,2013J,561272,1,Wales,A Level or Equivalent,0-10%,0-35,0,120,1,Fail,13,0,0,1,1,1,0,0,1,1,1,0,0,0,0,5
DDD,2013J,561476,0,East Anglian Region,Lower Than A Level,70-80%,0-35,0,60,0,Pass,11,1,0,0,0,1,1,0,0,1,1,0,0,0,0,6
DDD,2013J,561515,0,South West Region,A Level or Equivalent,50-60%,0-35,0,60,0,Pass,2,0,1,0,0,1,1,1,1,1,1,1,0,1,1,2
DDD,2013J,561734,0,North Region,Lower Than A Level,,35-55,1,120,0,Distinction,5,0,0,0,1,0,1,0,0,0,1,1,0,1,0,9
DDD,2013J,561807,0,North Region,HE Qualification,,35-55,0,60,0,Distinction,9,0,0,0,0,1,1,1,0,1,0,0,1,1,0,4
DDD,2013J,561810,0,East Anglian Region,A Level or Equivalent,70-80%,0-35,0,60,0,Pass,5,1,1,0,1,0,1,1,1,1,1,1,1,1,1,9
DDD,2013J,561819,1,West Midlands Region,A Level or Equivalent,50-60%,0-35,0,120,0,Distinction,16,0,1,0,1,1,0,0,1,0,0,0,1,1,0,10
DDD,2013J,561823,0,South East Region,A Level or Equivalent,20-Oct,0-35,0,120,0,Withdrawn,10,1,0,1,1,1,0,0,0,1,1,1,0,1,0,1
DDD,2013J,561881,0,South East Region,A Level or Equivalent,30-40%,0-35,0,60,0,Distinction,4,1,1,0,1,0,1,0,1,1,0,1,1,0,1,8
DDD,2013J,561905,1,London Region,A Level or Equivalent,20-Oct,35-55,0,60,0,Withdrawn,4,1,1,1,1,0,0,1,1,1,1,0,1,1,1,8
DDD,2013J,561955,0,East Anglian Region,Lower Than A Level,60-70%,0-35,0,60,0,Pass,4,1,1,1,1,0,1,0,1,0,0,1,0,0,0,8
DDD,2013J,562064,1,North Western Region,A Level or Equivalent,50-60%,0-35,0,120,0,Fail,6,1,1,0,1,0,0,1,1,1,0,1,1,1,0,9
DDD,2013J,562096,1,North Region,A Level or Equivalent,0-10%,35-55,0,60,0,Withdrawn,16,0,1,1,1,1,1,0,1,0,1,0,1,1,0,10
DDD,2013J,562100,0,North Western Region,A Level or Equivalent,20-30%,35-55,0,60,1,Withdrawn,9,0,1,0,0,0,0,1,0,0,0,0,1,0,0,4
DDD,2013J,562287,1,North Western Region,A Level or Equivalent,0-10%,0-35,0,60,1,Withdrawn,1,0,1,0,1,0,0,0,1,1,1,0,1,1,0,2
DDD,2013J,562437,0,South East Region,A Level or Equivalent,50-60%,0-35,0,90,0,Pass,3,0,0,1,0,1,1,0,1,1,0,0,0,1,0,8
DDD,2013J,562490,0,East Anglian Region,Lower Than A Level,30-40%,0-35,0,90,0,Withdrawn,10,0,0,0,0,1,0,1,0,0,1,1,1,1,1,1
DDD,2013J,562548,1,London Region,A Level or Equivalent,30-40%,0-35,0,120,0,Withdrawn,1,1,1,0,0,1,0,1,0,1,1,0,0,1,1,2
DDD,2013J,562561,0,Yorkshire Region,Lower Than A Level,0-10%,0-35,0,60,0,Withdrawn,14,0,0,1,0,0,0,0,1,1,1,0,0,1,0,5
DDD,2013J,562585,1,South East Region,No Formal quals,60-70%,0-35,0,90,0,Withdrawn,1,1,0,1,0,1,0,1,0,0,0,1,0,1,0,2
DDD,2013J,562728,0,Yorkshire Region,A Level or Equivalent,20-30%,0-35,0,120,0,Pass,2,0,0,0,0,0,0,0,1,0,0,1,0,0,0,2
DDD,2013J,562758,1,North Western Region,A Level or Equivalent,0-10%,0-35,0,180,1,Withdrawn,1,0,1,1,1,0,1,1,0,1,1,0,1,1,1,2
DDD,2013J,562929,0,East Anglian Region,Lower Than A Level,70-80%,0-35,0,120,0,Withdrawn,13,1,1,1,1,0,1,1,0,0,1,0,1,0,1,5
DDD,2013J,563016,0,Yorkshire Region,HE Qualification,80-90%,55<=,0,60,0,Pass,9,1,0,1,0,1,1,0,1,1,0,1,0,1,0,4
DDD,2013J,563503,0,North Western Region,Lower Than A Level,20-Oct,0-35,0,120,0,Withdrawn,13,1,0,0,0,0,0,0,0,1,1,1,1,1,1,5
DDD,2013J,563675,0,South West Region,Lower Than A Level,40-50%,0-35,0,60,1,Pass,2,0,0,0,1,1,0,0,0,1,0,0,0,0,0,2
DDD,2013J,563718,0,West Midlands Region,Lower Than A Level,70-80%,0-35,0,60,0,Withdrawn,7,0,1,1,1,1,0,1,0,1,1,0,1,0,0,3
DDD,2013J,563770,0,West Midlands Region,Lower Than A Level,0-10%,0-35,0,90,0,Fail,1,1,1,0,0,1,0,1,1,0,1,0,0,0,0,2
DDD,2013J,563819,0,South East Region,A Level or Equivalent,50-60%,0-35,0,90,1,Pass,2,0,0,1,1,0,0,0,0,0,0,1,0,0,1,2
DDD,2013J,563847,1,Ireland,Lower Than A Level,20-30%,0-35,0,75,0,Withdrawn,14,0,0,1,0,1,0,1,0,0,0,1,1,1,0,5
DDD,2013J,563862,0,East Anglian Region,A Level or Equivalent,40-50%,0-35,0,60,0,Fail,4,0,0,1,0,0,0,0,1,0,1,1,0,0,1,8
DDD,2013J,563888,1,South West Region,HE Qualification,20-Oct,0-35,0,90,0,Withdrawn,16,1,0,0,0,0,1,1,0,1,0,0,0,1,1,10
DDD,2013J,563971,0,North Western Region,Lower Than A Level,30-40%,35-55,0,60,0,Pass,12,1,1,1,1,0,1,1,0,0,1,1,1,1,1,7
DDD,2013J,564213,0,London Region,Lower Than A Level,30-40%,0-35,0,60,0,Pass,14,0,1,1,0,1,1,0,1,0,1,1,0,0,0,5
DDD,2013J,564325,1,North Western Region,Lower Than A Level,30-40%,0-35,0,120,1,Withdrawn,14,1,1,0,1,1,0,1,0,1,1,1,0,1,0,5
DDD,2013J,564356,1,Yorkshire Region,A Level or Equivalent,60-70%,0-35,0,60,0,Pass,6,0,0,1,0,0,0,1,0,1,1,0,0,0,1,9
DDD,2013J,564454,0,Scotland,A Level or Equivalent,90-100%,0-35,0,60,1,Fail,1,1,1,0,1,0,1,0,0,0,0,1,1,1,0,2
DDD,2013J,565175,0,North Western Region,Lower Than A Level,0-10%,0-35,0,60,0,Pass,14,0,0,1,1,1,0,1,0,0,1,0,1,0,1,5
DDD,2013J,565301,0,East Midlands Region,Lower Than A Level,80-90%,0-35,0,60,0,Pass,10,1,0,0,1,1,0,0,0,1,1,0,1,1,1,1
DDD,2013J,565570,0,West Midlands Region,A Level or Equivalent,,0-35,0,90,0,Fail,15,0,0,0,1,0,1,0,0,1,0,0,0,1,0,10
DDD,2013J,565657,1,East Midlands Region,Lower Than A Level,20-30%,0-35,0,60,0,Pass,8,0,1,1,0,0,0,0,0,1,0,1,1,0,0,3
DDD,2013J,565662,1,South East Region,A Level or Equivalent,60-70%,0-35,0,60,0,Withdrawn,2,0,1,0,0,0,0,0,1,0,0,0,0,0,1,2
DDD,2013J,566134,0,North Western Region,Lower Than A Level,0-10%,0-35,0,60,0,Withdrawn,14,0,1,1,1,1,1,0,0,1,0,1,0,1,1,5
DDD,2013J,566185,1,West Midlands Region,A Level or Equivalent,0-10%,35-55,0,120,0,Pass,16,0,0,1,1,1,1,1,1,1,0,1,1,0,1,10
DDD,2013J,566381,1,North Region,A Level or Equivalent,20-30%,0-35,0,120,0,Fail,8,0,0,0,1,0,0,1,1,1,0,1,1,1,1,3
DDD,2013J,566445,1,North Western Region,A Level or Equivalent,50-60%,0-35,0,60,0,Withdrawn,15,1,0,0,0,1,1,1,0,0,0,1,0,1,0,10
DDD,2013J,566482,1,London Region,A Level or Equivalent,30-40%,0-35,0,120,0,Withdrawn,13,0,0,0,1,0,1,0,0,0,0,1,0,0,0,5
DDD,2013J,566553,1,Scotland,HE Qualification,70-80%,35-55,0,90,0,Withdrawn,4,0,0,1,0,0,0,0,0,1,1,0,1,1,1,8
DDD,2013J,566704,1,Wales,HE Qualification,20-30%,35-55,0,90,0,Withdrawn,2,0,0,0,1,0,0,0,0,0,0,0,1,1,1,2
DDD,2013J,566795,0,London Region,HE Qualification,30-40%,0-35,0,90,0,Fail,14,1,1,0,0,0,1,1,1,1,0,1,0,0,1,5
DDD,2013J,566810,0,West Midlands Region,Lower Than A Level,30-40%,0-35,0,60,0,Fail,7,0,1,1,0,0,1,0,1,0,1,1,1,0,0,3
DDD,2013J,566979,0,North Western Region,Lower Than A Level,0-10%,0-35,0,90,0,Distinction,2,0,1,1,0,1,1,0,1,0,0,1,0,1,0,2
DDD,2013J,567152,0,London Region,HE Qualification,20-Oct,0-35,0,60,0,Pass,12,1,1,1,0,1,1,1,0,0,1,0,1,0,0,7
DDD,2013J,567167,0,East Anglian Region,A Level or Equivalent,90-100%,0-35,0,120,0,Pass,13,1,0,1,1,0,0,0,0,1,0,0,0,0,1,5
DDD,2013J,567176,1,North Region,A Level or Equivalent,30-40%,0-35,0,60,0,Withdrawn,2,1,0,1,0,0,1,1,0,1,0,1,1,0,1,2
DDD,2013J,567246,0,South East Region,A Level or Equivalent,80-90%,0-35,0,90,0,Withdrawn,9,1,1,0,1,1,0,1,0,1,1,0,1,0,1,4
DDD,2013J,567292,0,Ireland,A Level or Equivalent,80-90%,35-55,0,60,0,Pass,15,0,0,0,1,0,1,0,1,0,0,0,0,0,0,10
DDD,2013J,567304,0,London Region,Lower Than A Level,40-50%,0-35,0,60,0,Pass,4,1,0,0,0,0,1,1,0,1,0,1,1,1,0,8
DDD,2013J,567417,0,South Region,Lower Than A Level,90-100%,35-55,0,60,0,Pass,2,0,0,1,0,0,1,1,1,0,0,1,0,1,1,2
DDD,2013J,567451,0,North Western Region,Lower Than A Level,90-100%,0-35,0,210,0,Pass,3,1,1,1,1,0,1,0,1,1,0,0,1,1,1,8
DDD,2013J,567970,1,Wales,A Level or Equivalent,80-90%,0-35,0,60,0,Fail,3,1,0,1,0,1,1,1,1,0,0,1,1,0,1,8
DDD,2013J,568043,0,Yorkshire Region,A Level or Equivalent,30-40%,0-35,0,60,0,Fail,13,0,0,0,0,0,1,1,0,1,1,0,0,0,1,5
DDD,2013J,568045,0,East Anglian Region,Lower Than A Level,20-30%,35-55,0,120,0,Withdrawn,2,0,1,1,0,0,1,1,1,1,1,0,1,0,0,2
DDD,2013J,568068,0,Scotland,Lower Than A Level,50-60%,0-35,0,60,0,Fail,10,1,1,1,1,0,0,0,0,1,1,0,0,1,1,1
DDD,2013J,568196,1,West Midlands Region,Lower Than A Level,40-50%,35-55,0,60,1,Pass,14,1,1,0,1,0,0,1,0,1,0,1,0,1,0,5
DDD,2013J,568223,0,South West Region,Lower Than A Level,30-40%,35-55,0,120,0,Distinction,9,1,1,0,1,0,1,1,0,1,1,0,1,0,0,4
DDD,2013J,568296,0,East Midlands Region,Lower Than A Level,50-60%,0-35,0,150,0,Withdrawn,9,1,1,0,1,0,0,1,0,0,0,1,0,1,1,4
DDD,2013J,568422,0,East Anglian Region,Lower Than A Level,0-10%,0-35,0,60,0,Fail,11,1,0,0,1,1,1,0,1,1,0,0,1,0,1,6
DDD,2013J,568566,1,Yorkshire Region,A Level or Equivalent,60-70%,0-35,0,60,0,Pass,10,0,1,1,0,1,0,0,0,0,1,1,0,0,0,1
DDD,2013J,568578,0,West Midlands Region,A Level or Equivalent,30-40%,0-35,0,60,0,Fail,7,0,1,0,1,1,1,1,1,1,0,0,0,1,0,3
DDD,2013J,568580,0,East Anglian Region,Lower Than A Level,0-10%,0-35,0,60,0,Withdrawn,13,0,1,0,0,1,1,1,0,1,1,0,0,1,1,5
DDD,2013J,568598,0,East Anglian Region,Lower Than A Level,80-90%,35-55,0,60,0,Pass,11,1,1,1,1,1,0,1,1,1,0,1,1,0,1,6
DDD,2013J,568668,0,East Anglian Region,A Level or Equivalent,40-50%,0-35,0,60,0,Fail,2,1,0,1,1,0,1,0,1,0,0,0,0,0,1,2
DDD,2013J,568741,1,South Region,A Level or Equivalent,50-60%,35-55,0,60,0,Withdrawn,12,0,0,1,0,1,1,0,1,0,0,0,0,0,0,7
DDD,2013J,568835,1,Yorkshire Region,A Level or Equivalent,30-40%,0-35,0,60,0,Fail,14,1,1,1,1,0,0,1,0,1,1,0,1,0,1,5
DDD,2013J,568948,0,North Western Region,A Level or Equivalent,30-40%,0-35,0,90,0,Pass,8,1,0,1,0,0,1,0,1,0,1,0,1,0,1,3
DDD,2013J,568963,0,Wales,A Level or Equivalent,40-50%,0-35,0,120,0,Pass,5,0,0,0,1,1,1,0,0,0,1,1,1,1,0,9
DDD,2013J,569279,0,Wales,Lower Than A Level,0-10%,0-35,0,60,0,Fail,2,0,1,1,0,1,1,0,1,0,1,0,1,1,1,2
DDD,2013J,569743,1,East Anglian Region,HE Qualification,30-40%,0-35,0,120,0,Withdrawn,11,1,0,1,0,0,1,0,1,0,1,0,0,0,0,6
DDD,2013J,569857,0,Yorkshire Region,A Level or Equivalent,40-50%,0-35,0,120,0,Withdrawn,15,0,0,1,1,1,0,0,0,1,0,0,1,1,0,10
DDD,2013J,569891,0,South West Region,HE Qualification,80-90%,0-35,0,90,0,Withdrawn,16,1,1,1,0,0,0,0,0,1,1,1,0,0,0,10
DDD,2013J,569928,0,South East Region,A Level or Equivalent,80-90%,0-35,0,150,0,Pass,13,1,1,0,0,0,1,0,1,1,0,0,0,1,0,5
DDD,2013J,569935,1,East Anglian Region,A Level or Equivalent,80-90%,0-35,0,120,0,Pass,1,1,0,1,0,1,1,1,1,0,0,0,1,1,1,2
DDD,2013J,569978,0,North Western Region,A Level or Equivalent,0-10%,0-35,0,165,0,Pass,16,1,1,1,0,0,1,1,1,1,1,1,1,1,0,10
DDD,2013J,570237,1,North Western Region,A Level or Equivalent,20-30%,0-35,0,60,0,Pass,12,0,1,0,1,1,1,1,1,1,1,1,0,1,0,7
DDD,2013J,570319,0,South Region,HE Qualification,90-100%,0-35,0,60,0,Withdrawn,9,0,0,1,0,0,1,1,0,1,1,0,0,0,0,4
DDD,2013J,570401,1,North Region,Lower Than A Level,,0-35,0,120,0,Withdrawn,6,0,1,1,1,0,0,0,0,1,0,0,1,0,1,9
DDD,2013J,570403,0,Scotland,HE Qualification,50-60%,0-35,0,60,0,Pass,12,1,1,1,1,0,1,1,1,1,0,0,1,0,1,7
DDD,2013J,570531,0,South Region,A Level or Equivalent,90-100%,0-35,0,70,0,Pass,12,0,0,0,1,0,1,0,1,1,0,0,0,1,0,7
DDD,2013J,570630,0,North Region,A Level or Equivalent,,0-35,0,60,0,Pass,14,1,1,1,1,0,0,0,1,0,0,0,0,0,1,5
DDD,2013J,570671,0,Ireland,A Level or Equivalent,90-100%,0-35,0,120,1,Pass,1,0,0,1,1,1,0,1,0,1,0,0,0,0,0,2
DDD,2013J,570871,1,West Midlands Region,A Level or Equivalent,0-10%,0-35,0,120,0,Pass,4,0,0,0,1,0,0,1,0,0,0,0,0,1,0,8
DDD,2013J,570872,1,London Region,A Level or Equivalent,30-40%,0-35,0,90,1,Pass,16,1,1,1,1,1,0,0,0,1,0,0,1,1,1,10
DDD,2013J,570896,0,West Midlands Region,A Level or Equivalent,30-40%,0-35,0,120,0,Pass,3,1,0,0,0,0,1,1,1,1,1,0,0,1,1,8
DDD,2013J,571000,0,East Anglian Region,Lower Than A Level,60-70%,0-35,0,195,0,Withdrawn,6,0,0,0,0,1,1,0,0,1,0,1,0,0,1,9
DDD,2013J,571055,0,Wales,Lower Than A Level,90-100%,0-35,0,120,0,Fail,10,0,0,0,1,1,1,1,1,0,1,1,0,0,1,1
DDD,2013J,571131,0,Wales,Lower Than A Level,60-70%,0-35,0,60,0,Pass,1,0,1,0,0,1,1,0,1,0,1,0,0,1,1,2
DDD,2013J,571242,0,Yorkshire Region,A Level or Equivalent,20-30%,0-35,0,60,0,Pass,2,0,1,1,1,1,1,0,1,0,0,0,1,0,1,2
DDD,2013J,571382,0,North Western Region,A Level or Equivalent,0-10%,0-35,0,60,0,Withdrawn,8,1,0,1,1,0,0,1,0,1,0,0,0,1,0,3
DDD,2013J,571451,1,South Region,A Level or Equivalent,30-40%,0-35,0,120,0,Pass,12,1,1,1,1,0,1,0,0,0,0,0,0,0,1,7
DDD,2013J,571512,1,North Region,HE Qualification,,35-55,0,60,0,Pass,8,1,0,1,1,1,0,1,0,1,1,0,0,0,1,3
DDD,2013J,571640,0,South Region,A Level or Equivalent,50-60%,35-55,0,120,0,Fail,5,1,1,1,1,0,1,0,0,0,1,1,1,0,1,9
DDD,2013J,571682,0,East Anglian Region,A Level or Equivalent,30-40%,0-35,0,120,1,Withdrawn,3,1,0,0,0,1,0,0,0,1,1,0,1,0,1,8
DDD,2013J,571716,0,South West Region,Lower Than A Level,20-Oct,0-35,0,60,0,Fail,4,1,0,0,1,1,0,0,1,1,1,1,1,1,0,8
DDD,2013J,571765,0,South East Region,No Formal quals,20-30%,0-35,0,60,0,Pass,1,0,1,1,0,1,1,0,1,1,0,1,1,1,1,2
DDD,2013J,571776,0,North Region,A Level or Equivalent,,0-35,0,120,0,Pass,7,0,0,0,0,0,0,0,1,1,0,1,0,0,0,3
DDD,2013J,571808,0,West Midlands Region,A Level or Equivalent,0-10%,35-55,0,90,0,Pass,4,1,1,1,0,0,1,0,1,1,0,0,0,1,1,8
DDD,2013J,571921,1,Scotland,HE Qualification,50-60%,35-55,0,60,0,Distinction,6,1,1,0,1,0,0,1,1,0,1,1,1,1,0,9
DDD,2013J,571950,0,North Western Region,No Formal quals,0-10%,35-55,0,90,0,Withdrawn,8,1,1,0,0,1,1,0,0,1,1,1,0,0,1,3
DDD,2013J,571951,0,Yorkshire Region,Lower Than A Level,50-60%,35-55,0,60,0,Pass,15,1,0,0,1,1,1,0,0,0,0,1,1,1,0,10
DDD,2013J,572038,0,Yorkshire Region,A Level or Equivalent,40-50%,0-35,0,120,0,Withdrawn,3,0,1,1,0,1,0,0,1,0,1,1,1,1,1,8
DDD,2013J,572060,0,South West Region,Lower Than A Level,40-50%,35-55,0,60,1,Pass,16,1,0,0,0,1,1,1,1,0,1,1,0,0,1,10
DDD,2013J,572087,0,East Anglian Region,A Level or Equivalent,50-60%,0-35,0,120,0,Withdrawn,9,0,1,0,0,1,0,1,0,1,1,0,0,1,0,4
DDD,2013J,572089,0,Scotland,Lower Than A Level,0-10%,0-35,0,60,0,Withdrawn,5,1,1,0,1,0,1,1,1,1,0,0,1,0,1,9
DDD,2013J,572134,0,North Western Region,Lower Than A Level,30-40%,35-55,0,120,0,Fail,5,1,1,1,1,1,0,1,0,0,0,0,1,1,1,9
DDD,2013J,572143,0,South East Region,A Level or Equivalent,20-30%,35-55,0,120,1,Withdrawn,4,1,0,0,0,1,1,0,1,1,1,1,0,0,1,8
DDD,2013J,572149,1,London Region,A Level or Equivalent,20-Oct,0-35,0,60,0,Pass,7,0,0,0,0,1,0,1,0,0,0,0,0,0,1,3
DDD,2013J,572231,1,Scotland,Lower Than A Level,40-50%,0-35,0,150,1,Pass,15,0,1,0,1,0,1,0,1,1,1,0,1,1,0,10
DDD,2013J,572233,0,Yorkshire Region,Lower Than A Level,50-60%,0-35,0,120,0,Pass,4,1,1,1,0,0,0,1,1,0,1,1,0,0,1,8
DDD,2013J,572241,1,Yorkshire Region,A Level or Equivalent,0-10%,0-35,0,120,0,Fail,16,0,1,0,1,0,0,0,0,0,1,0,0,0,1,10
DDD,2013J,572280,0,Wales,Lower Than A Level,20-Oct,0-35,0,60,0,Pass,5,0,0,0,0,1,1,0,0,0,1,1,1,1,1,9
DDD,2013J,572281,0,East Midlands Region,A Level or Equivalent,40-50%,35-55,0,120,1,Withdrawn,9,1,0,0,1,1,0,0,0,0,0,0,0,0,0,4
DDD,2013J,572338,0,Yorkshire Region,A Level or Equivalent,70-80%,35-55,0,60,0,Pass,14,1,0,0,1,0,1,1,1,0,1,0,1,0,1,5
DDD,2013J,572348,1,South West Region,A Level or Equivalent,70-80%,0-35,0,60,0,Distinction,14,1,1,1,0,1,1,0,0,0,1,1,1,1,1,5
DDD,2013J,572382,0,West Midlands Region,A Level or Equivalent,20-Oct,0-35,0,120,0,Pass,13,1,0,1,0,1,0,0,0,0,0,0,1,0,0,5
DDD,2013J,572431,0,South West Region,A Level or Equivalent,30-40%,0-35,0,60,0,Pass,10,0,0,1,0,1,0,0,0,1,0,1,0,1,0,1
DDD,2013J,572452,0,South East Region,A Level or Equivalent,80-90%,0-35,0,120,0,Fail,1,0,0,1,0,1,1,0,1,0,1,1,0,1,1,2
DDD,2013J,572457,0,East Anglian Region,HE Qualification,70-80%,0-35,0,60,0,Pass,8,1,1,1,0,1,1,0,0,0,1,0,1,0,1,3
DDD,2013J,572460,1,South West Region,A Level or Equivalent,30-40%,0-35,0,90,0,Fail,14,0,1,1,0,1,1,0,1,1,1,1,0,1,0,5
DDD,2013J,572470,0,Scotland,A Level or Equivalent,30-40%,0-35,0,60,0,Fail,12,1,1,1,1,0,0,0,1,1,0,0,1,0,0,7
DDD,2013J,572548,1,West Midlands Region,Lower Than A Level,20-Oct,0-35,0,60,0,Withdrawn,4,1,1,1,0,0,0,0,1,0,0,1,1,0,0,8
DDD,2013J,572567,1,North Region,Lower Than A Level,80-90%,0-35,0,150,0,Withdrawn,9,1,0,1,0,1,0,1,0,0,1,0,0,0,0,4
DDD,2013J,572620,0,East Anglian Region,Lower Than A Level,40-50%,0-35,0,150,0,Withdrawn,15,1,1,1,1,0,0,1,0,0,1,1,0,1,1,10
DDD,2013J,572648,0,Ireland,A Level or Equivalent,20-Oct,0-35,0,60,0,Fail,11,0,0,1,0,1,1,1,0,1,1,0,0,1,0,6
DDD,2013J,572688,0,London Region,A Level or Equivalent,0-10%,0-35,0,120,0,Pass,16,0,1,0,1,0,0,0,1,1,1,0,1,1,1,10
DDD,2013J,572697,0,West Midlands Region,A Level or Equivalent,40-50%,0-35,0,120,0,Pass,14,0,0,0,1,0,0,0,1,1,1,1,1,0,0,5
DDD,2013J,572698,1,North Region,A Level or Equivalent,40-50%,0-35,0,120,0,Withdrawn,15,1,0,1,0,0,1,0,0,0,0,0,1,0,1,10
DDD,2013J,572730,1,East Midlands Region,Lower Than A Level,40-50%,0-35,0,120,0,Pass,6,0,1,1,1,1,1,1,0,0,1,1,0,1,0,9
DDD,2013J,572735,0,East Anglian Region,Lower Than A Level,60-70%,35-55,0,60,0,Pass,8,1,1,0,0,0,0,1,1,0,0,1,1,1,0,3
DDD,2013J,572751,0,East Midlands Region,Lower Than A Level,70-80%,0-35,0,120,0,Fail,10,0,1,0,1,1,0,1,1,0,0,0,0,1,0,1
DDD,2013J,572754,0,Scotland,A Level or Equivalent,80-90%,0-35,0,120,1,Pass,10,1,1,0,0,1,1,0,1,0,1,1,1,1,1,1
DDD,2013J,572774,0,London Region,Lower Than A Level,70-80%,0-35,0,120,0,Pass,15,1,0,1,1,1,1,1,0,0,0,0,1,1,0,10
DDD,2013J,572806,0,West Midlands Region,A Level or Equivalent,60-70%,55<=,0,60,0,Pass,2,0,0,0,1,0,0,1,0,1,0,0,1,0,1,2
DDD,2013J,572854,1,South East Region,A Level or Equivalent,40-50%,0-35,0,90,0,Distinction,12,0,1,0,1,0,0,1,1,0,1,0,0,0,0,7
DDD,2013J,572874,0,London Region,Lower Than A Level,20-Oct,0-35,0,60,0,Pass,9,0,1,0,0,0,0,0,0,1,0,0,0,0,0,4
DDD,2013J,572880,1,South Region,A Level or Equivalent,90-100%,0-35,0,60,1,Withdrawn,5,1,1,1,1,0,1,0,1,1,1,0,0,1,1,9
DDD,2013J,572900,1,South East Region,A Level or Equivalent,60-70%,0-35,0,60,0,Withdrawn,13,1,0,0,1,1,1,0,1,1,1,0,1,0,0,5
DDD,2013J,572909,0,South East Region,A Level or Equivalent,50-60%,0-35,0,120,0,Fail,8,0,1,1,0,1,1,0,0,1,1,0,0,1,0,3
DDD,2013J,572949,0,South East Region,A Level or Equivalent,70-80%,0-35,0,120,0,Withdrawn,15,1,1,1,0,0,1,0,1,1,0,0,0,0,0,10
DDD,2013J,572976,1,South East Region,A Level or Equivalent,40-50%,0-35,0,60,0,Pass,10,0,0,0,1,1,1,0,1,0,0,0,0,1,0,1
DDD,2013J,573235,0,Scotland,HE Qualification,60-70%,0-35,0,120,0,Withdrawn,9,1,1,1,0,1,0,1,1,1,0,0,0,1,1,4
DDD,2013J,573284,1,East Anglian Region,A Level or Equivalent,40-50%,35-55,0,210,0,Withdrawn,3,0,0,0,1,0,1,0,1,0,1,0,0,0,1,8
DDD,2013J,573307,1,East Anglian Region,Lower Than A Level,70-80%,0-35,0,120,0,Withdrawn,3,0,1,0,0,1,0,0,1,1,1,1,0,1,1,8
DDD,2013J,573473,0,South Region,Lower Than A Level,20-Oct,0-35,0,120,0,Pass,10,0,1,1,0,0,1,0,1,0,0,1,0,0,1,1
DDD,2013J,573541,1,West Midlands Region,Lower Than A Level,70-80%,0-35,0,120,0,Withdrawn,4,1,0,0,1,0,0,0,1,1,0,1,0,1,0,8
DDD,2013J,573602,1,South Region,Lower Than A Level,80-90%,0-35,0,60,0,Fail,7,1,0,1,1,1,0,0,1,0,1,0,1,0,0,3
DDD,2013J,573646,0,North Western Region,A Level or Equivalent,20-30%,0-35,0,120,0,Withdrawn,12,0,0,1,1,0,0,0,0,1,0,1,0,1,1,7
DDD,2013J,573689,0,East Midlands Region,Lower Than A Level,60-70%,0-35,0,60,0,Pass,3,1,1,0,1,1,1,0,1,0,0,0,0,1,1,8
DDD,2013J,573709,0,East Midlands Region,HE Qualification,20-Oct,0-35,0,210,0,Withdrawn,3,1,0,1,0,1,0,1,1,0,1,0,0,1,1,8
DDD,2013J,573712,1,North Region,Lower Than A Level,0-10%,0-35,0,60,0,Withdrawn,10,0,1,0,0,0,0,0,1,1,1,0,0,1,1,1
DDD,2013J,573780,0,Scotland,A Level or Equivalent,80-90%,0-35,0,120,0,Pass,2,0,0,0,1,1,1,0,0,1,0,0,1,1,1,2
DDD,2013J,573845,1,South West Region,A Level or Equivalent,30-40%,0-35,0,60,0,Pass,13,1,0,1,1,0,1,1,1,1,0,1,0,1,0,5
DDD,2013J,573970,1,North Western Region,A Level or Equivalent,40-50%,0-35,0,240,0,Withdrawn,14,1,0,1,0,0,0,0,1,0,1,1,1,0,1,5
DDD,2013J,574029,0,North Region,A Level or Equivalent,20-Oct,0-35,0,60,0,Withdrawn,8,0,1,1,0,1,1,1,0,0,0,1,0,1,0,3
DDD,2013J,574035,0,Wales,HE Qualification,20-Oct,0-35,0,60,0,Pass,14,1,0,1,0,0,1,1,0,0,1,0,1,1,1,5
DDD,2013J,574088,0,Ireland,A Level or Equivalent,20-Oct,0-35,0,60,0,Pass,12,1,0,0,0,0,0,0,0,0,1,1,1,0,1,7
DDD,2013J,574098,1,West Midlands Region,Lower Than A Level,50-60%,0-35,0,120,0,Pass,8,0,0,1,0,1,0,0,1,1,0,1,1,0,0,3
DDD,2013J,574099,0,South Region,Lower Than A Level,60-70%,35-55,0,60,0,Withdrawn,3,1,1,1,0,1,0,1,0,0,1,0,1,0,1,8
DDD,2013J,574181,1,South West Region,Lower Than A Level,50-60%,0-35,0,60,1,Withdrawn,16,1,0,0,1,1,0,1,0,0,1,1,1,1,1,10
DDD,2013J,574310,1,Yorkshire Region,A Level or Equivalent,70-80%,0-35,0,60,0,Distinction,3,0,0,0,1,1,0,0,0,0,0,1,1,1,1,8
DDD,2013J,574330,1,Yorkshire Region,A Level or Equivalent,60-70%,0-35,0,60,0,Withdrawn,5,1,0,0,1,0,0,1,1,0,1,1,0,0,1,9
DDD,2013J,574498,1,South East Region,A Level or Equivalent,60-70%,0-35,0,60,0,Pass,12,0,0,1,0,1,1,0,0,1,1,1,1,1,1,7
DDD,2013J,574529,1,South West Region,A Level or Equivalent,20-Oct,0-35,0,120,0,Fail,3,0,1,0,0,0,1,0,1,1,0,1,0,1,1,8
DDD,2013J,574623,1,East Midlands Region,A Level or Equivalent,30-40%,0-35,0,120,0,Fail,2,0,0,0,1,0,1,0,1,1,0,0,1,1,1,2
DDD,2013J,574627,0,East Anglian Region,Lower Than A Level,70-80%,0-35,0,60,0,Withdrawn,16,1,1,1,1,0,0,1,0,1,1,1,1,1,0,10
DDD,2013J,574665,1,South East Region,A Level or Equivalent,90-100%,0-35,0,60,0,Withdrawn,11,1,1,1,1,1,1,1,0,1,0,1,0,1,1,6
DDD,2013J,574705,0,North Region,Lower Than A Level,,0-35,0,60,0,Distinction,11,1,0,0,1,1,0,0,1,1,1,1,1,1,0,6
DDD,2013J,574720,0,North Western Region,A Level or Equivalent,30-40%,0-35,0,60,0,Pass,14,0,0,0,0,0,1,1,1,1,1,1,0,1,1,5
DDD,2013J,574730,0,Wales,A Level or Equivalent,30-40%,0-35,0,60,1,Fail,3,1,1,1,1,0,1,0,1,0,1,0,0,1,1,8
DDD,2013J,574743,1,South Region,Lower Than A Level,90-100%,0-35,0,60,0,Fail,10,1,1,1,0,0,1,0,0,0,0,0,0,0,0,1
DDD,2013J,574819,1,South West Region,A Level or Equivalent,20-30%,0-35,0,120,0,Fail,8,0,0,1,1,1,1,1,1,1,0,1,0,1,0,3
DDD,2013J,574842,0,South Region,HE Qualification,40-50%,0-35,0,60,0,Pass,4,1,1,0,0,0,0,0,0,1,1,0,0,0,0,8
DDD,2013J,574860,0,Yorkshire Region,Lower Than A Level,20-Oct,0-35,0,60,0,Withdrawn,9,0,1,0,0,0,1,0,0,1,1,0,1,1,0,4
DDD,2013J,574866,0,North Region,Lower Than A Level,30-40%,0-35,0,60,0,Withdrawn,10,0,1,1,1,1,1,1,0,1,1,1,1,1,0,1
DDD,2013J,574873,0,North Western Region,A Level or Equivalent,30-40%,35-55,0,60,0,Pass,9,1,1,0,0,1,1,1,1,1,1,0,1,1,1,4
DDD,2013J,574895,1,West Midlands Region,HE Qualification,70-80%,0-35,0,60,0,Distinction,3,1,0,1,1,1,0,1,1,0,1,0,1,0,0,8
DDD,2013J,574938,0,West Midlands Region,A Level or Equivalent,0-10%,0-35,0,60,0,Distinction,9,0,0,1,0,1,1,1,1,1,0,1,0,1,1,4
DDD,2013J,575192,1,East Anglian Region,A Level or Equivalent,30-40%,0-35,0,60,0,Pass,15,0,0,0,1,0,1,0,0,0,0,1,0,0,1,10
DDD,2013J,575213,1,Scotland,Lower Than A Level,30-40%,0-35,0,60,0,Withdrawn,7,1,0,0,0,0,0,0,1,1,0,0,1,1,0,3
DDD,2013J,575258,0,East Anglian Region,Lower Than A Level,20-30%,0-35,0,60,0,Pass,8,1,1,0,1,0,1,0,1,0,0,1,0,0,0,3
DDD,2013J,575337,1,Scotland,HE Qualification,60-70%,0-35,0,120,0,Withdrawn,13,0,1,0,0,1,0,1,0,1,0,0,1,0,1,5
DDD,2013J,575365,0,East Anglian Region,HE Qualification,80-90%,35-55,0,120,0,Withdrawn,10,0,1,0,0,0,0,1,0,0,1,1,1,1,0,1
DDD,2013J,575376,1,Ireland,HE Qualification,90-100%,0-35,0,60,0,Pass,1,1,0,1,1,0,1,0,1,0,0,1,1,1,0,2
DDD,2013J,575385,0,Scotland,HE Qualification,50-60%,0-35,0,120,0,Distinction,16,0,1,1,1,0,0,1,0,1,1,0,1,0,1,10
DDD,2013J,575431,1,Ireland,A Level or Equivalent,80-90%,0-35,0,60,0,Pass,10,0,0,1,1,0,0,0,1,1,0,0,1,1,1,1
DDD,2013J,575493,0,East Anglian Region,A Level or Equivalent,0-10%,0-35,0,120,0,Withdrawn,9,1,0,0,0,0,0,0,0,0,0,1,1,1,1,4
DDD,2013J,575766,0,South Region,Lower Than A Level,90-100%,0-35,0,60,0,Pass,2,1,1,0,0,0,0,1,0,1,1,0,0,0,0,2
DDD,2013J,575773,0,London Region,Lower Than A Level,30-40%,0-35,0,120,1,Withdrawn,12,0,0,1,1,1,0,0,0,0,1,1,1,0,1,7
DDD,2013J,575798,0,South West Region,A Level or Equivalent,40-50%,0-35,0,90,0,Pass,1,1,0,1,0,1,1,0,1,1,1,0,0,1,1,2
DDD,2013J,575811,1,East Midlands Region,Lower Than A Level,20-Oct,35-55,0,60,0,Withdrawn,1,1,1,0,0,1,1,1,1,1,0,0,0,0,1,2
DDD,2013J,575855,0,London Region,HE Qualification,80-90%,0-35,0,180,0,Withdrawn,12,0,1,0,0,1,0,1,1,1,1,0,0,0,1,7
DDD,2013J,575962,0,North Western Region,A Level or Equivalent,0-10%,35-55,0,60,0,Fail,8,0,0,1,1,1,1,1,0,1,1,1,1,0,0,3
DDD,2013J,575999,1,East Midlands Region,A Level or Equivalent,30-40%,35-55,0,60,0,Withdrawn,2,0,0,1,0,1,0,0,0,1,0,1,1,0,0,2
DDD,2013J,576031,0,East Anglian Region,A Level or Equivalent,60-70%,0-35,0,60,0,Withdrawn,1,0,1,0,1,0,1,1,1,1,0,0,0,0,0,2
DDD,2013J,576040,0,South Region,Lower Than A Level,80-90%,0-35,0,60,0,Withdrawn,2,1,0,1,1,1,1,1,0,1,1,1,0,0,0,2
DDD,2013J,576083,1,South West Region,A Level or Equivalent,90-100%,0-35,0,90,0,Pass,8,1,0,0,1,1,0,0,1,0,0,1,1,1,1,3
DDD,2013J,576131,0,East Anglian Region,Lower Than A Level,70-80%,35-55,0,120,0,Withdrawn,10,0,0,1,0,0,1,1,0,1,0,1,0,0,0,1
DDD,2013J,576231,0,West Midlands Region,HE Qualification,20-Oct,0-35,0,60,0,Withdrawn,12,1,1,0,1,1,0,0,0,1,0,0,1,1,0,7
DDD,2013J,576233,0,South East Region,A Level or Equivalent,90-100%,0-35,0,60,0,Pass,16,0,0,1,0,1,0,1,1,1,0,1,0,1,1,10
DDD,2013J,576251,0,Ireland,A Level or Equivalent,80-90%,35-55,0,75,0,Distinction,9,1,0,0,0,1,0,1,1,1,0,1,1,0,1,4
DDD,2013J,576314,0,East Anglian Region,A Level or Equivalent,70-80%,0-35,0,120,0,Fail,2,1,1,1,1,0,1,0,1,0,0,0,0,0,0,2
DDD,2013J,576368,0,South Region,Lower Than A Level,20-30%,0-35,0,60,0,Fail,12,1,1,1,1,0,0,0,1,1,1,0,1,1,0,7
DDD,2013J,576383,1,South East Region,A Level or Equivalent,90-100%,0-35,0,120,0,Distinction,5,0,1,1,1,1,1,0,0,1,0,1,0,0,0,9
DDD,2013J,576413,0,North Region,A Level or Equivalent,20-Oct,0-35,0,120,0,Distinction,5,0,1,0,1,0,0,0,0,0,1,0,0,1,0,9
DDD,2013J,576453,0,Scotland,HE Qualification,80-90%,35-55,0,90,0,Distinction,2,0,0,0,1,0,1,1,0,1,1,1,0,0,0,2
DDD,2013J,576492,0,Scotland,A Level or Equivalent,80-90%,0-35,0,60,0,Fail,6,0,0,0,0,1,1,0,1,1,0,1,0,0,1,9
DDD,2013J,576767,0,East Anglian Region,Lower Than A Level,80-90%,35-55,0,120,0,Pass,5,0,0,1,0,0,0,1,0,1,0,1,1,1,1,9
DDD,2013J,576847,1,Ireland,Lower Than A Level,,0-35,0,60,0,Distinction,7,0,0,0,0,1,0,0,0,1,0,1,0,0,1,3
DDD,2013J,576879,0,London Region,HE Qualification,0-10%,0-35,0,120,0,Fail,4,1,1,1,1,1,1,1,0,0,1,0,1,1,0,8
DDD,2013J,576949,1,London Region,HE Qualification,50-60%,0-35,0,90,0,Pass,10,1,1,1,1,1,1,1,1,0,1,1,0,0,0,1
DDD,2013J,577035,0,South Region,HE Qualification,90-100%,35-55,0,90,0,Distinction,16,0,1,1,1,0,0,0,0,1,1,1,0,0,1,10
DDD,2013J,577126,0,East Midlands Region,A Level or Equivalent,70-80%,35-55,0,60,0,Pass,11,1,1,1,1,0,1,0,0,1,0,0,0,1,0,6
DDD,2013J,577196,1,Scotland,A Level or Equivalent,20-Oct,0-35,0,120,1,Withdrawn,5,1,1,1,0,1,1,1,1,0,0,1,1,0,0,9
DDD,2013J,577200,0,North Western Region,Lower Than A Level,20-30%,0-35,0,90,0,Fail,11,0,0,1,0,0,1,0,0,0,1,0,1,0,1,6
DDD,2013J,577212,0,Yorkshire Region,Lower Than A Level,40-50%,0-35,0,90,0,Fail,10,1,1,1,1,1,0,1,0,1,0,1,0,0,0,1
DDD,2013J,577279,0,East Anglian Region,HE Qualification,60-70%,35-55,0,60,0,Distinction,9,0,1,0,0,1,1,0,1,1,0,0,1,1,0,4
DDD,2013J,577401,1,South Region,Lower Than A Level,40-50%,0-35,0,120,1,Withdrawn,14,0,1,0,0,0,0,1,1,1,0,0,0,0,0,5
DDD,2013J,577414,0,Scotland,HE Qualification,0-10%,0-35,0,120,0,Pass,3,1,1,1,0,0,0,1,0,1,1,1,0,0,0,8
DDD,2013J,577464,0,South Region,A Level or Equivalent,90-100%,0-35,0,60,1,Pass,13,0,0,1,1,1,0,0,1,1,0,0,0,1,1,5
DDD,2013J,577558,0,East Midlands Region,HE Qualification,40-50%,0-35,0,60,0,Withdrawn,9,1,0,1,1,1,1,0,1,0,1,1,1,0,0,4
DDD,2013J,577570,1,South Region,Lower Than A Level,80-90%,0-35,0,60,0,Withdrawn,13,0,0,1,1,0,0,0,1,1,1,1,0,1,0,5
DDD,2013J,577638,1,West Midlands Region,A Level or Equivalent,20-Oct,0-35,0,90,1,Withdrawn,5,1,1,1,1,0,1,1,1,0,1,1,0,1,1,9
DDD,2013J,577652,1,London Region,Lower Than A Level,70-80%,0-35,0,90,0,Withdrawn,2,0,0,1,0,1,0,0,0,0,1,1,1,1,1,2
DDD,2013J,577736,0,London Region,A Level or Equivalent,80-90%,0-35,0,120,0,Withdrawn,13,0,1,0,1,0,1,0,1,0,1,1,1,0,1,5
DDD,2013J,577930,1,East Midlands Region,A Level or Equivalent,80-90%,0-35,0,60,0,Withdrawn,4,1,0,0,0,1,0,0,0,0,1,0,1,1,1,8
DDD,2013J,578026,0,London Region,Lower Than A Level,80-90%,0-35,0,60,0,Fail,4,0,0,0,1,0,1,0,0,0,1,0,1,0,0,8
DDD,2013J,578117,0,Wales,Lower Than A Level,90-100%,0-35,0,60,0,Fail,15,0,1,0,1,0,0,0,1,0,1,0,1,0,1,10
DDD,2013J,578150,0,East Midlands Region,Lower Than A Level,20-Oct,0-35,0,120,0,Withdrawn,15,1,0,1,0,1,1,0,1,0,0,1,1,0,0,10
DDD,2013J,578285,1,South Region,HE Qualification,80-90%,0-35,0,60,0,Withdrawn,12,0,1,1,0,1,0,1,0,0,0,1,1,1,0,7
DDD,2013J,578303,1,East Midlands Region,A Level or Equivalent,80-90%,0-35,0,60,1,Pass,8,1,0,0,0,0,0,0,1,1,1,1,0,0,1,3
DDD,2013J,578427,1,South Region,Lower Than A Level,0-10%,0-35,0,60,0,Withdrawn,9,1,0,1,0,0,1,0,1,0,1,0,1,1,1,4
DDD,2013J,578544,0,South West Region,Lower Than A Level,90-100%,0-35,0,60,0,Withdrawn,15,0,0,0,0,0,1,0,1,0,0,1,0,0,0,10
DDD,2013J,578644,0,East Anglian Region,A Level or Equivalent,90-100%,35-55,0,90,0,Pass,13,1,0,0,0,1,0,1,0,0,0,1,0,0,0,5
DDD,2013J,578697,1,South Region,A Level or Equivalent,60-70%,0-35,0,60,0,Pass,9,0,0,0,1,0,1,1,0,1,0,1,1,1,0,4
DDD,2013J,578823,0,East Anglian Region,A Level or Equivalent,70-80%,0-35,0,180,0,Pass,16,1,1,0,1,0,0,0,0,1,0,0,1,1,0,10
DDD,2013J,578850,0,West Midlands Region,A Level or Equivalent,20-Oct,0-35,0,90,0,Pass,2,0,1,1,1,0,0,0,0,0,1,1,0,0,1,2
DDD,2013J,578906,0,Ireland,Lower Than A Level,,0-35,0,60,0,Distinction,6,1,0,1,1,1,0,1,0,0,1,1,1,0,0,9
DDD,2013J,578943,1,West Midlands Region,Lower Than A Level,50-60%,0-35,0,90,0,Pass,14,1,0,1,1,0,0,1,0,0,0,1,0,0,1,5
DDD,2013J,578956,1,London Region,HE Qualification,50-60%,0-35,0,60,0,Pass,9,0,1,1,1,0,0,0,1,0,1,1,1,1,1,4
DDD,2013J,579105,1,South East Region,A Level or Equivalent,70-80%,0-35,0,90,0,Distinction,5,0,0,1,1,0,1,1,1,0,1,1,0,1,1,9
DDD,2013J,579112,0,South Region,Lower Than A Level,20-30%,0-35,0,60,0,Fail,2,1,0,0,0,0,1,0,1,1,0,1,0,1,0,2
DDD,2013J,579151,1,North Western Region,A Level or Equivalent,70-80%,0-35,0,60,0,Pass,2,0,0,1,1,1,0,1,1,1,0,0,0,0,1,2
DDD,2013J,579303,0,Scotland,Lower Than A Level,20-30%,0-35,0,75,0,Withdrawn,9,1,0,1,0,1,1,0,0,0,0,1,0,0,0,4
DDD,2013J,579325,0,North Western Region,Lower Than A Level,0-10%,0-35,0,60,0,Pass,15,1,1,1,0,0,0,0,1,1,1,0,0,1,1,10
DDD,2013J,579367,1,Wales,HE Qualification,50-60%,0-35,0,60,0,Pass,13,0,0,1,0,1,1,1,0,0,0,1,1,1,0,5
DDD,2013J,579372,0,Yorkshire Region,Lower Than A Level,0-10%,0-35,0,90,0,Fail,5,1,1,1,1,0,1,1,0,0,1,1,1,0,1,9
DDD,2013J,579470,0,Scotland,A Level or Equivalent,20-Oct,0-35,0,90,0,Fail,1,1,0,0,1,0,1,1,1,0,1,1,0,0,0,2
DDD,2013J,579567,0,South Region,A Level or Equivalent,90-100%,0-35,0,60,0,Pass,4,1,0,0,0,0,1,0,0,1,1,1,1,1,0,8
DDD,2013J,579717,1,Scotland,A Level or Equivalent,40-50%,0-35,0,120,1,Pass,8,0,0,0,1,0,1,0,1,0,0,0,1,1,0,3
DDD,2013J,580393,0,East Anglian Region,A Level or Equivalent,70-80%,0-35,0,90,0,Pass,15,0,1,1,0,0,0,1,1,1,0,0,0,1,1,10
DDD,2013J,580415,1,North Western Region,Lower Than A Level,80-90%,0-35,0,120,0,Distinction,1,0,1,0,1,1,1,0,1,1,0,0,1,1,1,2
DDD,2013J,580441,0,East Anglian Region,HE Qualification,40-50%,35-55,0,60,0,Fail,11,1,1,1,0,0,1,1,1,0,1,1,0,0,0,6
DDD,2013J,580468,1,London Region,Lower Than A Level,30-40%,0-35,0,60,0,Pass,13,0,0,1,1,0,0,0,0,1,0,1,1,0,0,5
DDD,2013J,580516,0,East Midlands Region,A Level or Equivalent,80-90%,0-35,0,180,0,Pass,9,0,0,0,1,0,0,1,0,1,1,1,1,0,1,4
DDD,2013J,580534,0,North Western Region,A Level or Equivalent,0-10%,0-35,0,60,0,Fail,11,0,1,1,0,1,1,0,0,1,0,1,1,0,1,6
DDD,2013J,580595,0,East Anglian Region,Lower Than A Level,40-50%,35-55,0,120,0,Withdrawn,2,0,1,1,0,0,0,1,1,0,1,1,0,0,1,2
DDD,2013J,580642,1,North Western Region,HE Qualification,0-10%,0-35,0,60,0,Pass,12,1,1,1,1,0,0,0,1,1,0,0,0,1,1,7
DDD,2013J,580706,0,West Midlands Region,A Level or Equivalent,60-70%,0-35,0,60,0,Withdrawn,3,1,1,0,1,0,1,1,1,0,0,1,1,0,1,8
DDD,2013J,580714,0,Yorkshire Region,A Level or Equivalent,60-70%,0-35,0,60,0,Distinction,13,1,1,0,0,1,1,1,1,1,1,0,0,0,0,5
DDD,2013J,580916,1,North Region,A Level or Equivalent,50-60%,35-55,0,60,0,Pass,3,0,1,0,0,0,1,0,0,0,0,1,0,0,1,8
DDD,2013J,581065,0,Wales,Lower Than A Level,60-70%,0-35,0,120,0,Withdrawn,5,0,1,0,0,1,1,1,1,0,0,0,0,0,1,9
DDD,2013J,581138,1,South East Region,A Level or Equivalent,80-90%,0-35,0,60,0,Fail,3,0,0,1,1,0,1,1,0,1,0,1,1,0,1,8
DDD,2013J,581283,1,London Region,A Level or Equivalent,40-50%,35-55,0,60,0,Withdrawn,3,1,1,0,0,1,1,0,0,1,0,1,0,0,0,8
DDD,2013J,581320,0,Scotland,HE Qualification,0-10%,0-35,0,120,0,Withdrawn,9,1,0,1,1,0,0,1,1,1,1,0,1,0,1,4
DDD,2013J,581552,0,London Region,A Level or Equivalent,30-40%,0-35,0,90,0,Distinction,13,0,0,0,1,0,0,0,0,1,0,1,0,1,1,5
DDD,2013J,581584,1,South East Region,Lower Than A Level,80-90%,0-35,0,240,0,Withdrawn,8,0,1,1,0,1,0,0,0,1,0,0,1,0,0,3
DDD,2013J,581593,0,North Western Region,HE Qualification,40-50%,0-35,0,60,0,Pass,6,1,0,1,1,0,1,1,0,1,1,1,0,0,1,9
DDD,2013J,581648,1,Ireland,A Level or Equivalent,,0-35,0,180,0,Withdrawn,2,0,1,1,1,0,1,1,1,0,1,1,1,1,1,2
DDD,2013J,581697,0,West Midlands Region,A Level or Equivalent,50-60%,0-35,0,60,0,Pass,7,1,0,1,0,1,1,1,1,0,0,1,0,1,0,3
DDD,2013J,581755,1,East Anglian Region,A Level or Equivalent,20-Oct,0-35,0,60,0,Fail,5,1,1,0,1,0,0,1,1,0,1,1,0,1,1,9
DDD,2013J,581818,0,Wales,HE Qualification,60-70%,0-35,0,90,0,Withdrawn,14,0,1,0,1,0,0,0,0,1,0,0,1,1,0,5
DDD,2013J,581922,1,South Region,HE Qualification,70-80%,0-35,0,180,0,Pass,4,1,0,0,0,0,1,0,1,1,0,1,0,1,1,8
DDD,2013J,582026,1,South East Region,Lower Than A Level,40-50%,0-35,0,120,0,Fail,2,0,1,0,0,0,1,0,0,1,1,1,1,1,0,2
DDD,2013J,582160,1,East Anglian Region,A Level or Equivalent,90-100%,0-35,0,60,0,Fail,16,0,0,1,0,0,1,0,1,1,1,0,1,1,1,10
DDD,2013J,582227,0,East Anglian Region,Lower Than A Level,20-Oct,0-35,0,60,0,Fail,4,1,0,1,0,0,1,1,1,1,0,0,1,1,0,8
DDD,2013J,582288,1,West Midlands Region,Lower Than A Level,60-70%,35-55,0,60,0,Withdrawn,9,0,1,1,0,0,1,0,1,0,1,1,0,0,1,4
DDD,2013J,582302,0,South Region,Lower Than A Level,80-90%,0-35,0,60,0,Fail,14,1,1,0,0,1,0,1,0,1,0,1,1,1,1,5
DDD,2013J,582320,1,South Region,A Level or Equivalent,50-60%,0-35,0,60,0,Pass,16,1,1,1,1,0,1,0,1,1,1,1,1,0,1,10
DDD,2013J,582373,0,South East Region,A Level or Equivalent,60-70%,0-35,0,60,0,Withdrawn,14,0,1,0,0,1,0,0,1,1,0,1,1,0,1,5
DDD,2013J,582416,0,North Region,A Level or Equivalent,,0-35,0,60,0,Pass,10,1,1,0,0,1,1,0,1,0,1,1,0,1,0,1
DDD,2013J,582452,1,South Region,A Level or Equivalent,90-100%,0-35,0,60,0,Pass,9,1,1,0,1,0,1,1,0,0,1,1,1,1,0,4
DDD,2013J,582464,0,East Anglian Region,A Level or Equivalent,60-70%,0-35,0,60,0,Pass,11,1,0,1,1,0,0,0,1,0,1,1,1,1,1,6
DDD,2013J,582554,0,Ireland,Lower Than A Level,,0-35,0,120,0,Fail,4,1,1,1,0,0,1,1,0,0,1,0,1,0,0,8
DDD,2013J,582848,0,Yorkshire Region,A Level or Equivalent,0-10%,0-35,0,60,0,Withdrawn,5,1,0,1,0,1,0,0,1,0,0,1,0,0,1,9
DDD,2013J,582879,0,East Anglian Region,Lower Than A Level,40-50%,35-55,0,90,0,Pass,10,1,0,1,1,0,0,0,1,1,0,0,1,1,0,1
DDD,2013J,582931,0,London Region,Lower Than A Level,40-50%,0-35,0,120,0,Fail,15,1,0,0,1,0,0,1,0,1,1,0,0,0,1,10
DDD,2013J,582954,0,London Region,Lower Than A Level,20-Oct,0-35,0,120,0,Fail,16,1,0,1,1,1,1,1,1,1,1,1,1,1,0,10
DDD,2013J,583037,0,Yorkshire Region,Lower Than A Level,50-60%,0-35,0,60,0,Withdrawn,8,0,0,0,0,1,1,1,0,0,1,1,1,0,0,3
DDD,2013J,583147,0,Wales,Lower Than A Level,50-60%,0-35,0,120,0,Withdrawn,14,1,0,0,1,1,1,1,1,1,1,1,1,0,0,5
DDD,2013J,583198,1,North Region,Lower Than A Level,,0-35,0,195,0,Pass,13,1,1,1,0,1,1,1,0,0,1,0,0,0,0,5
DDD,2013J,583215,0,London Region,A Level or Equivalent,20-Oct,0-35,0,120,0,Withdrawn,8,0,0,0,1,0,1,1,1,0,0,0,0,0,1,3
DDD,2013J,583221,1,South West Region,A Level or Equivalent,30-40%,0-35,0,120,1,Withdrawn,15,1,1,1,1,0,0,0,1,0,1,1,0,0,0,10
DDD,2013J,583247,0,South East Region,Lower Than A Level,80-90%,0-35,0,60,0,Fail,14,1,0,0,0,1,0,0,1,1,1,1,1,0,1,5
DDD,2013J,583293,0,Wales,A Level or Equivalent,30-40%,0-35,0,60,0,Pass,5,0,1,0,1,1,1,1,1,1,1,0,1,0,0,9
DDD,2013J,583335,0,South West Region,Lower Than A Level,0-10%,0-35,0,120,0,Fail,7,1,0,0,1,0,0,0,0,0,0,1,0,0,1,3
DDD,2013J,583438,1,London Region,A Level or Equivalent,90-100%,0-35,0,300,0,Withdrawn,2,1,1,0,0,1,1,1,1,0,0,0,1,0,0,2
DDD,2013J,583514,1,South Region,A Level or Equivalent,60-70%,35-55,0,70,0,Pass,2,1,1,0,1,0,0,1,1,1,0,1,0,1,0,2
DDD,2013J,583540,0,South West Region,A Level or Equivalent,30-40%,35-55,0,60,0,Pass,12,1,0,1,1,0,1,1,1,0,0,1,1,1,1,7
DDD,2013J,583570,0,North Western Region,Lower Than A Level,20-30%,0-35,0,120,0,Fail,9,1,0,1,1,0,1,1,0,1,0,1,0,1,0,4
DDD,2013J,583580,0,South Region,Lower Than A Level,90-100%,35-55,0,60,1,Fail,4,0,0,1,1,1,1,0,1,1,1,0,1,1,1,8
DDD,2013J,583606,1,North Western Region,A Level or Equivalent,30-40%,0-35,0,60,0,Fail,1,1,1,0,1,0,0,0,0,0,0,0,0,0,0,2
DDD,2013J,583775,0,West Midlands Region,Lower Than A Level,20-Oct,0-35,0,120,0,Withdrawn,9,1,1,0,1,0,1,0,1,0,1,1,1,0,1,4
DDD,2013J,583871,1,South West Region,Lower Than A Level,30-40%,0-35,0,60,0,Pass,8,1,1,1,1,0,1,0,0,0,1,0,0,1,1,3
DDD,2013J,583946,1,Scotland,A Level or Equivalent,90-100%,0-35,0,60,0,Pass,4,0,0,0,0,1,1,0,0,0,0,0,0,0,0,8
DDD,2013J,583955,1,Scotland,Lower Than A Level,40-50%,35-55,0,60,0,Pass,7,0,1,0,0,1,0,0,0,1,0,0,0,0,0,3
DDD,2013J,584077,0,North Western Region,A Level or Equivalent,20-30%,0-35,0,150,0,Withdrawn,8,0,1,1,0,0,0,1,1,0,1,1,1,0,0,3
DDD,2013J,584082,1,South West Region,Lower Than A Level,30-40%,0-35,0,180,0,Withdrawn,5,0,1,0,0,1,0,0,1,1,1,0,0,1,0,9
DDD,2013J,584132,0,East Midlands Region,A Level or Equivalent,20-30%,0-35,0,120,0,Pass,7,0,1,1,0,1,1,0,0,1,1,1,1,0,0,3
DDD,2013J,584183,0,South East Region,A Level or Equivalent,30-40%,0-35,0,120,0,Pass,7,0,1,0,1,0,1,1,0,1,0,1,1,1,1,3
DDD,2013J,584305,0,Scotland,A Level or Equivalent,40-50%,0-35,0,150,0,Withdrawn,11,1,0,1,1,1,0,1,0,0,0,1,0,0,0,6
DDD,2013J,584315,1,Scotland,A Level or Equivalent,60-70%,0-35,0,120,0,Fail,3,0,1,0,1,1,0,1,1,0,1,0,0,1,0,8
DDD,2013J,584433,1,East Anglian Region,A Level or Equivalent,40-50%,0-35,0,120,1,Pass,3,0,1,1,1,0,0,0,1,0,0,0,0,1,0,8
DDD,2013J,584455,1,Yorkshire Region,A Level or Equivalent,0-10%,0-35,0,90,0,Withdrawn,3,0,1,0,1,0,1,1,1,0,0,0,1,1,0,8
DDD,2013J,584495,0,Wales,HE Qualification,70-80%,0-35,0,60,0,Pass,12,1,0,1,1,1,1,1,0,0,1,0,0,0,1,7
DDD,2013J,584517,0,East Midlands Region,Lower Than A Level,50-60%,0-35,0,120,1,Withdrawn,7,0,1,1,1,0,0,1,1,0,1,0,0,0,1,3
DDD,2013J,584532,1,South West Region,Lower Than A Level,20-30%,0-35,0,60,0,Withdrawn,13,0,0,0,1,0,1,1,1,0,0,1,0,0,1,5
DDD,2013J,584586,0,South Region,A Level or Equivalent,40-50%,0-35,0,120,1,Fail,8,1,0,0,0,0,0,1,1,0,0,0,1,1,0,3
DDD,2013J,584591,1,South West Region,A Level or Equivalent,0-10%,0-35,0,120,1,Withdrawn,5,1,1,1,1,0,0,0,0,0,1,0,0,1,1,9
DDD,2013J,584615,0,North Region,HE Qualification,0-10%,0-35,0,120,0,Withdrawn,14,1,0,0,0,0,0,0,1,1,1,1,0,0,1,5
DDD,2013J,584628,0,Yorkshire Region,Lower Than A Level,20-30%,0-35,0,120,0,Withdrawn,12,0,1,0,0,1,0,0,0,1,1,1,1,1,1,7
DDD,2013J,584640,1,South Region,A Level or Equivalent,60-70%,0-35,0,120,0,Pass,11,0,1,0,1,0,1,1,0,1,1,1,0,0,1,6
DDD,2013J,584883,1,South Region,A Level or Equivalent,50-60%,35-55,0,120,1,Withdrawn,14,1,0,1,1,0,1,1,0,1,1,0,1,1,1,5
DDD,2013J,584914,0,Scotland,HE Qualification,20-Oct,0-35,0,90,0,Pass,6,1,1,1,0,0,1,1,1,0,1,0,1,1,1,9
DDD,2013J,584918,1,North Western Region,A Level or Equivalent,20-Oct,0-35,0,120,0,Fail,4,0,1,0,1,1,1,1,1,0,0,1,1,1,0,8
DDD,2013J,584932,0,East Midlands Region,A Level or Equivalent,60-70%,0-35,0,60,0,Fail,3,0,1,0,1,1,1,1,1,0,0,1,1,0,1,8
DDD,2013J,584943,0,South Region,Lower Than A Level,90-100%,0-35,0,120,0,Pass,8,1,1,1,0,0,1,1,0,1,1,1,0,1,1,3
DDD,2013J,585098,0,West Midlands Region,A Level or Equivalent,90-100%,0-35,0,60,0,Pass,6,0,1,1,1,0,1,0,1,0,0,0,1,0,0,9
DDD,2013J,585134,0,Wales,HE Qualification,30-40%,35-55,0,60,0,Pass,12,0,1,0,0,1,1,0,0,0,0,0,1,1,1,7
DDD,2013J,585208,1,East Anglian Region,A Level or Equivalent,90-100%,0-35,0,60,1,Withdrawn,10,0,1,0,1,1,1,0,1,1,0,0,0,0,1,1
DDD,2013J,585210,0,London Region,A Level or Equivalent,30-40%,0-35,0,60,1,Fail,15,0,0,1,1,0,1,1,1,0,0,0,1,1,0,10
DDD,2013J,585326,1,South Region,A Level or Equivalent,90-100%,35-55,0,60,1,Pass,15,0,1,1,0,1,0,1,1,1,1,0,1,1,0,10
DDD,2013J,585359,1,London Region,A Level or Equivalent,20-Oct,0-35,0,60,0,Fail,8,1,1,0,1,1,1,0,1,0,0,1,0,0,1,3
DDD,2013J,585384,1,East Anglian Region,Lower Than A Level,80-90%,0-35,0,210,0,Withdrawn,7,1,1,0,1,1,1,0,0,0,1,1,0,0,1,3
DDD,2013J,585422,0,London Region,A Level or Equivalent,30-40%,0-35,0,60,0,Pass,7,0,1,0,1,1,0,0,0,1,1,0,1,0,1,3
DDD,2013J,585525,0,West Midlands Region,Lower Than A Level,20-30%,0-35,0,120,1,Withdrawn,15,0,0,1,0,0,0,0,0,1,0,0,0,0,0,10
DDD,2013J,585579,0,Yorkshire Region,Lower Than A Level,0-10%,0-35,0,120,0,Withdrawn,3,1,0,0,0,0,0,1,0,0,0,0,0,1,1,8
DDD,2013J,585695,0,South West Region,A Level or Equivalent,60-70%,0-35,0,90,1,Pass,9,1,1,0,1,1,1,0,1,1,1,1,1,1,1,4
DDD,2013J,585929,0,North Western Region,A Level or Equivalent,20-Oct,0-35,0,120,0,Withdrawn,6,0,0,1,0,0,1,1,0,0,1,0,0,0,1,9
DDD,2013J,585998,1,Wales,Lower Than A Level,40-50%,0-35,0,60,0,Withdrawn,3,1,1,1,1,0,1,1,0,1,1,0,0,1,0,8
DDD,2013J,586022,0,Scotland,Lower Than A Level,50-60%,0-35,0,60,0,Fail,12,0,1,1,1,0,1,1,0,1,0,0,0,1,0,7
DDD,2013J,586113,1,North Western Region,Lower Than A Level,70-80%,35-55,0,60,0,Fail,10,0,0,1,1,1,0,0,1,0,1,1,0,0,1,1
DDD,2013J,586128,0,East Midlands Region,HE Qualification,90-100%,35-55,0,60,0,Pass,4,1,1,1,1,0,1,0,0,1,0,0,1,0,0,8
DDD,2013J,586243,1,North Region,A Level or Equivalent,0-10%,35-55,0,60,0,Distinction,3,0,0,0,1,1,0,1,0,0,1,1,1,1,0,8
DDD,2013J,586257,1,Ireland,HE Qualification,,0-35,0,120,0,Pass,12,1,0,1,0,0,0,1,1,0,1,1,0,0,0,7
DDD,2013J,586317,0,East Midlands Region,Lower Than A Level,30-40%,0-35,0,60,0,Withdrawn,16,0,1,0,1,1,1,1,1,0,1,0,0,1,0,10
DDD,2013J,586470,0,Scotland,Lower Than A Level,20-Oct,35-55,0,60,0,Fail,5,0,1,0,0,0,0,1,0,0,0,0,1,0,1,9
DDD,2013J,586497,0,East Midlands Region,A Level or Equivalent,90-100%,0-35,0,60,0,Pass,4,1,0,1,0,1,1,0,1,0,0,1,0,0,1,8
DDD,2013J,586526,0,South Region,A Level or Equivalent,90-100%,0-35,0,120,0,Pass,11,1,0,1,0,0,0,0,0,0,1,1,1,0,1,6
DDD,2013J,586536,0,London Region,A Level or Equivalent,0-10%,0-35,0,60,0,Withdrawn,12,1,1,0,0,0,0,0,1,0,1,0,1,0,0,7
DDD,2013J,586550,0,London Region,HE Qualification,0-10%,0-35,0,60,0,Pass,6,0,0,0,0,1,1,0,1,0,0,0,1,0,1,9
DDD,2013J,586609,0,North Region,Lower Than A Level,80-90%,0-35,0,60,0,Withdrawn,15,1,0,0,0,0,0,0,1,1,1,1,0,0,1,10
DDD,2013J,586625,0,South East Region,HE Qualification,40-50%,0-35,0,60,0,Fail,2,1,0,1,0,0,1,0,1,0,1,0,0,0,1,2
DDD,2013J,586707,0,West Midlands Region,Lower Than A Level,20-Oct,0-35,0,60,0,Withdrawn,4,1,1,1,0,1,0,1,0,0,0,1,1,1,0,8
DDD,2013J,586762,0,Yorkshire Region,Lower Than A Level,0-10%,0-35,0,60,0,Pass,7,0,1,1,1,1,0,0,1,1,1,0,0,0,1,3
DDD,2013J,586800,0,East Anglian Region,HE Qualification,80-90%,35-55,0,60,0,Distinction,1,0,0,0,0,0,0,1,1,0,0,0,0,1,0,2
DDD,2013J,586823,0,South East Region,A Level or Equivalent,90-100%,0-35,0,60,0,Withdrawn,6,1,1,0,1,0,1,1,1,1,1,1,0,0,0,9
DDD,2013J,586912,0,South East Region,Lower Than A Level,50-60%,0-35,0,120,0,Pass,10,0,1,1,0,0,1,1,1,1,0,0,1,0,1,1
DDD,2013J,586961,0,South East Region,Lower Than A Level,20-30%,0-35,0,120,0,Withdrawn,9,0,0,1,0,0,1,1,0,0,0,0,1,0,0,4
DDD,2013J,587002,1,North Western Region,Lower Than A Level,0-10%,0-35,0,60,0,Pass,7,0,0,1,0,0,1,0,0,1,0,1,0,0,1,3
DDD,2013J,587006,0,Scotland,Lower Than A Level,0-10%,35-55,0,60,0,Fail,6,1,0,0,0,0,1,0,1,1,1,1,1,1,0,9
DDD,2013J,587099,1,East Anglian Region,Lower Than A Level,90-100%,0-35,0,60,1,Withdrawn,4,0,1,1,1,0,0,1,0,1,0,0,0,1,0,8
DDD,2013J,587179,1,West Midlands Region,HE Qualification,20-Oct,0-35,0,120,0,Withdrawn,9,0,0,0,1,1,1,0,0,1,0,0,1,0,1,4
DDD,2013J,587310,0,North Western Region,A Level or Equivalent,30-40%,35-55,0,120,0,Withdrawn,16,1,0,1,0,1,1,1,0,1,0,1,0,0,1,10
DDD,2013J,587552,1,North Western Region,A Level or Equivalent,0-10%,0-35,0,60,0,Withdrawn,15,0,0,1,1,0,1,1,0,1,1,1,0,0,0,10
DDD,2013J,587576,0,North Region,A Level or Equivalent,,0-35,0,180,0,Withdrawn,9,1,0,0,0,0,1,1,0,1,0,1,0,1,0,4
DDD,2013J,587641,0,South West Region,A Level or Equivalent,70-80%,0-35,0,60,0,Pass,9,0,1,1,1,0,0,0,0,1,1,1,0,1,0,4
DDD,2013J,587862,0,Scotland,A Level or Equivalent,70-80%,0-35,0,120,0,Pass,11,1,1,1,0,0,1,0,0,0,1,1,1,0,0,6
DDD,2013J,587989,0,South Region,A Level or Equivalent,80-90%,0-35,0,60,0,Pass,14,1,1,1,1,0,1,1,0,0,1,0,0,1,0,5
DDD,2013J,588013,1,South West Region,HE Qualification,90-100%,0-35,0,60,0,Withdrawn,6,1,0,0,0,0,0,1,0,0,1,1,1,0,0,9
DDD,2013J,588033,0,Yorkshire Region,A Level or Equivalent,30-40%,0-35,0,60,0,Pass,15,1,1,0,0,1,1,0,0,1,0,0,0,0,1,10
DDD,2013J,588086,0,South East Region,A Level or Equivalent,30-40%,0-35,0,60,0,Pass,8,1,0,0,0,1,0,1,1,1,1,0,0,0,1,3
DDD,2013J,588132,1,South West Region,A Level or Equivalent,40-50%,0-35,0,60,0,Pass,16,0,1,1,1,1,0,1,1,0,0,0,0,0,0,10
DDD,2013J,588146,0,London Region,A Level or Equivalent,30-40%,0-35,0,60,0,Fail,1,1,1,1,1,0,1,1,0,0,1,0,0,1,1,2
DDD,2013J,588178,0,South West Region,A Level or Equivalent,30-40%,35-55,0,60,0,Pass,16,1,0,1,1,1,1,0,0,0,0,0,1,0,0,10
DDD,2013J,588197,0,Scotland,A Level or Equivalent,20-30%,0-35,0,60,0,Withdrawn,11,1,0,1,1,0,0,0,0,0,1,1,1,0,1,6
DDD,2013J,588208,1,South East Region,A Level or Equivalent,40-50%,0-35,0,60,0,Pass,16,1,0,1,0,1,0,0,0,0,1,0,1,1,0,10
DDD,2013J,588219,0,South East Region,Lower Than A Level,50-60%,0-35,0,90,0,Pass,1,1,0,0,0,0,1,0,0,1,0,0,0,1,0,2
DDD,2013J,588242,0,South Region,A Level or Equivalent,90-100%,0-35,0,60,0,Withdrawn,16,1,1,1,0,0,1,1,0,0,1,0,1,0,0,10
DDD,2013J,588293,0,West Midlands Region,Lower Than A Level,20-30%,35-55,0,60,0,Pass,11,1,0,0,1,0,0,1,0,1,1,1,0,1,1,6
DDD,2013J,588352,1,Scotland,HE Qualification,80-90%,0-35,0,60,0,Pass,9,1,1,1,0,1,1,0,0,1,1,1,1,0,0,4
DDD,2013J,588430,0,North Region,Lower Than A Level,60-70%,0-35,0,90,0,Pass,3,0,1,1,1,1,0,0,0,0,0,1,0,1,1,8
DDD,2013J,588460,0,East Anglian Region,Lower Than A Level,60-70%,35-55,0,90,0,Fail,1,1,1,1,0,0,0,0,0,1,0,1,0,0,1,2
DDD,2013J,588482,0,North Region,A Level or Equivalent,30-40%,0-35,0,60,0,Distinction,10,1,0,0,0,1,1,1,0,0,0,0,1,1,0,1
DDD,2013J,588485,1,South West Region,A Level or Equivalent,20-Oct,0-35,0,180,0,Withdrawn,3,1,1,0,0,0,1,1,0,0,0,0,0,0,0,8
DDD,2013J,588493,0,Scotland,HE Qualification,90-100%,0-35,0,60,0,Pass,1,1,0,0,0,1,0,0,0,1,1,1,0,1,1,2
DDD,2013J,588537,0,North Western Region,A Level or Equivalent,40-50%,35-55,0,60,0,Withdrawn,14,0,0,1,1,0,0,0,1,1,1,1,0,0,1,5
DDD,2013J,588540,1,Yorkshire Region,A Level or Equivalent,80-90%,35-55,0,60,0,Distinction,3,1,1,1,0,0,0,1,1,0,1,0,0,1,1,8
DDD,2013J,588556,0,Yorkshire Region,A Level or Equivalent,40-50%,0-35,0,60,0,Pass,7,1,0,0,0,0,1,0,0,0,0,0,1,0,1,3
DDD,2013J,588566,0,East Midlands Region,A Level or Equivalent,20-30%,35-55,0,60,0,Pass,2,1,0,1,1,0,1,0,1,0,1,1,1,0,1,2
DDD,2013J,588658,1,Ireland,HE Qualification,,35-55,0,120,0,Withdrawn,5,0,1,0,0,0,1,1,0,0,0,1,1,0,1,9
DDD,2013J,588707,1,Wales,A Level or Equivalent,60-70%,0-35,0,150,0,Distinction,9,0,0,0,0,1,1,0,1,1,0,0,1,1,0,4
DDD,2013J,588815,1,South West Region,A Level or Equivalent,0-10%,0-35,0,120,1,Withdrawn,2,0,0,0,1,0,1,0,1,1,0,0,1,0,0,2
DDD,2013J,588824,1,Scotland,HE Qualification,20-30%,0-35,0,60,1,Pass,6,0,1,1,1,1,0,0,0,0,1,1,0,1,1,9
DDD,2013J,588850,0,East Anglian Region,A Level or Equivalent,80-90%,0-35,0,120,0,Pass,9,0,0,1,0,1,1,0,1,0,0,0,0,1,1,4
DDD,2013J,588884,0,South Region,A Level or Equivalent,20-Oct,0-35,0,120,0,Withdrawn,6,0,1,0,0,1,0,0,0,1,0,1,1,0,0,9
DDD,2013J,589007,1,Yorkshire Region,A Level or Equivalent,20-30%,0-35,0,60,0,Withdrawn,16,1,1,1,0,0,1,1,0,0,1,0,1,1,0,10
DDD,2013J,589019,0,West Midlands Region,A Level or Equivalent,70-80%,0-35,0,120,0,Pass,4,1,0,0,1,1,0,0,0,0,0,0,0,0,1,8
DDD,2013J,589171,1,Scotland,Lower Than A Level,50-60%,0-35,0,60,0,Fail,14,0,0,0,0,0,0,1,0,0,0,1,0,1,0,5
DDD,2013J,589212,0,South West Region,A Level or Equivalent,20-Oct,0-35,0,120,1,Withdrawn,16,0,1,0,0,1,1,0,0,1,0,1,1,0,0,10
DDD,2013J,589220,1,South East Region,HE Qualification,60-70%,35-55,0,60,0,Pass,9,0,0,0,1,1,0,1,0,0,1,0,0,1,0,4
DDD,2013J,589445,0,South East Region,Lower Than A Level,40-50%,35-55,0,120,0,Withdrawn,14,0,1,0,0,0,0,0,0,0,0,1,0,1,0,5
DDD,2013J,589458,1,West Midlands Region,A Level or Equivalent,40-50%,0-35,0,60,0,Pass,8,1,1,0,0,1,0,0,1,1,1,0,1,1,1,3
DDD,2013J,589503,1,North Region,Lower Than A Level,,0-35,0,60,0,Pass,12,1,0,1,0,1,1,1,1,1,1,0,0,1,1,7
DDD,2013J,589531,1,West Midlands Region,A Level or Equivalent,20-Oct,0-35,0,120,1,Pass,10,0,0,0,1,0,1,1,0,0,1,0,0,1,1,1
DDD,2013J,589557,1,Wales,A Level or Equivalent,50-60%,0-35,0,120,0,Pass,16,1,0,1,1,0,1,0,1,0,0,0,1,1,0,10
DDD,2013J,589569,0,East Anglian Region,Lower Than A Level,40-50%,0-35,0,120,0,Withdrawn,13,0,0,0,1,0,1,0,1,0,0,1,0,1,0,5
DDD,2013J,589582,0,Scotland,A Level or Equivalent,20-30%,0-35,0,90,0,Withdrawn,3,0,0,0,0,1,0,0,0,1,0,1,1,0,0,8
DDD,2013J,589584,0,West Midlands Region,A Level or Equivalent,20-Oct,0-35,0,60,0,Fail,13,0,1,1,0,0,1,0,0,0,0,0,1,1,0,5
DDD,2013J,589630,0,East Anglian Region,Lower Than A Level,30-40%,0-35,0,60,0,Withdrawn,12,0,0,0,0,1,0,1,0,1,1,0,1,1,0,7
DDD,2013J,589723,1,South Region,A Level or Equivalent,60-70%,0-35,0,60,0,Pass,6,0,1,1,0,1,0,0,1,1,1,0,1,1,0,9
DDD,2013J,589875,0,South Region,Lower Than A Level,80-90%,0-35,0,60,0,Pass,1,1,0,0,0,0,0,0,1,1,1,0,0,1,0,2
DDD,2013J,589932,1,East Anglian Region,Lower Than A Level,40-50%,0-35,0,90,0,Fail,6,1,1,1,0,0,0,1,1,1,0,1,1,0,0,9
DDD,2013J,589956,0,South Region,Lower Than A Level,,35-55,0,60,0,Pass,3,1,1,1,0,0,0,1,0,0,1,1,1,0,0,8
DDD,2013J,589963,0,Scotland,Lower Than A Level,30-40%,0-35,0,180,0,Withdrawn,13,1,1,1,1,1,0,0,1,0,0,0,1,1,1,5
DDD,2013J,590177,0,South West Region,Lower Than A Level,70-80%,0-35,0,60,0,Withdrawn,16,1,1,1,0,0,0,0,1,1,0,0,1,1,0,10
DDD,2013J,590184,0,North Western Region,A Level or Equivalent,20-30%,0-35,0,60,0,Fail,12,0,0,1,0,0,1,1,1,1,1,1,1,1,1,7
DDD,2013J,590235,0,North Western Region,A Level or Equivalent,40-50%,0-35,0,60,0,Withdrawn,16,0,0,1,0,0,0,1,1,0,0,1,0,0,0,10
DDD,2013J,590370,0,Ireland,Lower Than A Level,,35-55,0,60,0,Fail,4,1,1,1,1,1,1,1,0,0,0,0,0,1,0,8
DDD,2013J,590380,0,East Midlands Region,A Level or Equivalent,40-50%,35-55,0,60,1,Withdrawn,7,0,1,1,1,1,0,1,0,0,0,0,0,1,1,3
DDD,2013J,590392,0,East Midlands Region,A Level or Equivalent,80-90%,0-35,0,60,1,Pass,12,0,1,1,1,0,1,0,0,0,0,0,0,1,1,7
DDD,2013J,590397,1,Ireland,A Level or Equivalent,,0-35,0,60,0,Pass,3,1,0,0,0,0,0,0,1,1,1,0,1,0,0,8
DDD,2013J,590402,0,Yorkshire Region,A Level or Equivalent,70-80%,35-55,0,60,0,Fail,6,1,0,1,1,1,1,0,0,0,1,1,1,1,0,9
DDD,2013J,590420,0,East Midlands Region,Lower Than A Level,50-60%,0-35,0,90,0,Fail,2,0,1,1,0,1,0,0,0,0,0,1,1,0,0,2
DDD,2013J,590443,1,South West Region,A Level or Equivalent,30-40%,0-35,0,90,0,Pass,7,0,0,1,1,0,1,0,1,1,1,1,1,0,1,3
DDD,2013J,590464,0,Ireland,A Level or Equivalent,50-60%,0-35,0,60,0,Withdrawn,9,0,1,0,0,0,1,1,1,1,0,0,1,0,1,4
DDD,2013J,590482,0,North Region,HE Qualification,,0-35,0,60,0,Pass,10,1,1,1,0,1,0,0,1,1,1,0,1,0,1,1
DDD,2013J,590541,1,Wales,A Level or Equivalent,50-60%,35-55,0,120,0,Withdrawn,3,0,0,1,1,0,0,0,1,1,0,0,1,0,1,8
DDD,2013J,590676,0,South East Region,No Formal quals,20-30%,0-35,0,60,0,Pass,13,1,1,1,1,1,0,0,0,1,0,0,1,1,0,5
DDD,2013J,590762,0,Scotland,A Level or Equivalent,30-40%,0-35,0,120,0,Fail,13,1,1,0,1,0,1,0,1,0,1,1,1,1,0,5
DDD,2013J,590789,1,North Region,HE Qualification,,0-35,0,120,0,Pass,16,0,0,1,0,0,0,1,1,0,0,0,1,1,0,10
DDD,2013J,590811,0,Ireland,Lower Than A Level,20-Oct,0-35,0,60,0,Withdrawn,15,1,0,0,0,0,0,0,1,0,0,1,1,0,1,10
DDD,2013J,590828,1,South East Region,A Level or Equivalent,20-30%,0-35,0,120,1,Withdrawn,13,1,0,0,1,1,0,1,1,0,1,0,1,1,0,5
DDD,2013J,590881,0,East Anglian Region,Lower Than A Level,30-40%,0-35,0,90,0,Withdrawn,1,0,0,1,0,1,1,1,1,1,1,0,0,0,1,2
DDD,2013J,590886,0,North Western Region,HE Qualification,20-30%,0-35,0,120,0,Withdrawn,12,1,0,1,0,1,1,0,1,1,1,0,1,1,0,7
DDD,2013J,590918,0,North Western Region,Lower Than A Level,20-30%,0-35,0,120,0,Fail,6,1,1,0,1,0,1,0,1,1,0,0,0,0,0,9
DDD,2013J,590920,1,East Midlands Region,Lower Than A Level,20-30%,0-35,0,120,0,Withdrawn,11,1,1,0,1,0,0,0,1,1,1,1,1,0,0,6
DDD,2013J,590921,1,West Midlands Region,A Level or Equivalent,20-Oct,0-35,0,90,0,Fail,6,0,0,1,0,0,0,1,1,1,1,1,1,0,1,9
DDD,2013J,590951,1,South West Region,Lower Than A Level,0-10%,0-35,0,60,0,Fail,8,1,1,1,1,0,1,1,0,0,0,1,1,0,1,3
DDD,2013J,591071,1,South Region,A Level or Equivalent,90-100%,0-35,0,60,0,Pass,12,1,0,0,1,0,1,1,0,1,0,0,1,1,0,7
DDD,2013J,591163,0,Scotland,A Level or Equivalent,40-50%,0-35,0,60,0,Withdrawn,14,0,1,1,1,1,1,1,0,0,0,0,0,1,1,5
DDD,2013J,591193,0,South Region,Lower Than A Level,90-100%,35-55,0,60,0,Pass,8,1,1,1,0,0,1,0,1,1,0,1,1,1,0,3
DDD,2013J,591202,1,East Midlands Region,A Level or Equivalent,20-Oct,0-35,0,120,0,Pass,10,1,1,1,0,1,0,1,1,0,1,1,1,0,0,1
DDD,2013J,591210,1,North Western Region,A Level or Equivalent,80-90%,35-55,0,120,0,Pass,2,1,1,1,1,0,0,0,1,1,1,1,0,1,0,2
DDD,2013J,591230,0,London Region,HE Qualification,20-30%,0-35,0,60,0,Pass,8,1,0,0,1,1,1,0,1,1,1,0,0,1,1,3
DDD,2013J,591593,0,South East Region,Lower Than A Level,50-60%,0-35,0,60,1,Pass,12,0,1,0,0,0,1,1,1,0,0,0,0,1,0,7
DDD,2013J,591648,0,East Anglian Region,Lower Than A Level,90-100%,0-35,0,120,0,Withdrawn,1,0,1,1,1,0,0,1,1,1,1,1,0,1,0,2
DDD,2013J,591650,0,South Region,Lower Than A Level,0-10%,0-35,0,120,0,Withdrawn,14,0,0,1,0,1,0,0,0,1,1,1,1,0,1,5
DDD,2013J,591694,1,Scotland,HE Qualification,0-10%,0-35,0,60,0,Fail,12,1,0,0,0,1,0,1,0,1,0,0,1,0,1,7
DDD,2013J,591845,1,London Region,Lower Than A Level,50-60%,0-35,0,120,0,Withdrawn,7,0,1,0,1,0,1,0,0,0,1,1,1,0,0,3
DDD,2013J,591852,1,Scotland,A Level or Equivalent,0-10%,0-35,0,120,1,Withdrawn,5,0,0,1,0,1,0,1,0,0,0,0,0,1,0,9
DDD,2013J,591891,0,South East Region,A Level or Equivalent,50-60%,35-55,0,60,1,Pass,10,1,0,1,1,0,0,1,1,1,0,1,0,1,1,1
DDD,2013J,591980,0,East Midlands Region,HE Qualification,90-100%,0-35,0,60,0,Fail,15,1,1,1,1,0,1,1,0,0,1,1,1,1,0,10
DDD,2013J,592093,0,West Midlands Region,Lower Than A Level,20-30%,0-35,0,90,0,Pass,8,0,0,1,1,1,1,0,0,0,0,0,1,1,0,3
DDD,2013J,592173,0,East Anglian Region,HE Qualification,80-90%,0-35,0,60,0,Withdrawn,15,0,0,0,1,1,0,0,1,1,1,0,0,1,0,10
DDD,2013J,592189,0,Wales,HE Qualification,50-60%,0-35,0,60,0,Pass,11,1,1,0,0,1,1,0,1,1,1,1,0,1,0,6
DDD,2013J,592252,0,South East Region,A Level or Equivalent,80-90%,0-35,0,120,0,Pass,9,0,1,1,0,1,1,0,0,0,1,1,0,1,1,4
DDD,2013J,592284,1,North Western Region,A Level or Equivalent,20-Oct,0-35,0,120,1,Fail,8,0,1,1,0,1,1,1,0,0,0,1,1,0,1,3
DDD,2013J,592299,1,East Anglian Region,HE Qualification,60-70%,0-35,0,60,0,Withdrawn,13,1,0,0,1,1,1,1,1,1,1,0,1,0,1,5
DDD,2013J,592315,0,East Anglian Region,Lower Than A Level,70-80%,0-35,0,120,1,Pass,16,1,0,0,1,0,1,1,0,0,1,0,1,0,0,10
DDD,2013J,592382,0,Ireland,Lower Than A Level,,35-55,0,60,0,Pass,11,1,1,1,1,0,1,0,1,0,0,1,0,1,1,6
DDD,2013J,592486,0,Scotland,Lower Than A Level,70-80%,0-35,0,90,0,Fail,11,0,1,0,1,0,1,0,0,1,1,0,0,1,0,6
DDD,2013J,592494,1,West Midlands Region,A Level or Equivalent,0-10%,0-35,0,90,0,Pass,8,1,1,0,0,0,0,1,1,1,1,0,1,0,0,3
DDD,2013J,592577,0,South Region,A Level or Equivalent,,0-35,0,120,0,Pass,16,0,1,1,0,1,1,0,1,1,0,1,1,0,0,10
DDD,2013J,592625,0,Wales,A Level or Equivalent,40-50%,0-35,0,60,0,Distinction,7,0,1,0,0,0,0,1,0,0,0,0,0,0,0,3
DDD,2013J,592658,0,West Midlands Region,Lower Than A Level,0-10%,35-55,0,120,0,Withdrawn,16,1,1,0,0,0,0,0,0,1,0,0,1,0,1,10
DDD,2013J,592709,0,Yorkshire Region,A Level or Equivalent,70-80%,35-55,0,60,0,Fail,16,0,1,1,1,0,0,0,0,0,0,1,0,1,1,10
DDD,2013J,592749,0,Scotland,Lower Than A Level,0-10%,0-35,0,60,0,Fail,5,0,1,1,0,1,1,0,0,1,0,1,0,1,0,9
DDD,2013J,592804,0,East Anglian Region,A Level or Equivalent,0-10%,0-35,0,60,0,Withdrawn,13,1,0,1,0,1,1,1,1,1,1,0,1,1,1,5
DDD,2013J,592950,1,South East Region,A Level or Equivalent,60-70%,35-55,0,60,1,Pass,11,1,1,0,1,1,1,1,0,1,0,1,0,0,1,6
DDD,2013J,593075,0,South Region,A Level or Equivalent,40-50%,0-35,0,60,0,Withdrawn,13,1,1,1,0,1,0,0,0,1,0,1,0,1,1,5
DDD,2013J,593103,0,North Western Region,A Level or Equivalent,20-30%,0-35,0,120,0,Pass,10,1,0,0,0,0,0,1,0,1,1,0,0,0,1,1
DDD,2013J,593303,0,Scotland,Lower Than A Level,20-Oct,0-35,0,60,0,Fail,13,0,1,1,0,1,1,0,0,1,1,0,1,0,1,5
DDD,2013J,593338,0,East Midlands Region,Lower Than A Level,60-70%,0-35,0,60,0,Pass,3,0,0,1,1,0,1,1,0,1,0,0,1,1,1,8
DDD,2013J,593345,1,Yorkshire Region,A Level or Equivalent,60-70%,0-35,0,240,0,Withdrawn,10,0,0,1,0,1,1,0,1,0,0,0,0,0,0,1
DDD,2013J,593475,0,Wales,Lower Than A Level,20-30%,0-35,0,150,0,Withdrawn,6,0,1,1,1,1,0,1,1,1,0,1,1,0,0,9
DDD,2013J,593594,0,South West Region,Lower Than A Level,20-30%,0-35,0,90,0,Withdrawn,10,0,1,1,1,1,1,0,0,0,0,1,1,1,1,1
DDD,2013J,593654,1,East Anglian Region,A Level or Equivalent,80-90%,35-55,0,60,0,Pass,16,0,0,0,0,0,0,1,0,0,0,0,0,1,0,10
DDD,2013J,593903,0,South Region,A Level or Equivalent,70-80%,0-35,0,120,0,Fail,7,1,0,1,1,1,1,0,0,0,1,0,0,0,1,3
DDD,2013J,593973,0,South Region,Lower Than A Level,90-100%,0-35,0,90,0,Pass,15,0,1,0,1,0,1,0,0,1,0,0,0,1,1,10
DDD,2013J,594011,1,London Region,A Level or Equivalent,50-60%,0-35,0,90,0,Pass,7,0,0,1,1,1,1,1,0,1,1,1,0,1,1,3
DDD,2013J,594052,0,North Western Region,A Level or Equivalent,80-90%,0-35,0,90,0,Pass,9,0,1,0,1,1,0,1,0,0,1,1,0,1,1,4
DDD,2013J,594079,0,Yorkshire Region,Lower Than A Level,0-10%,0-35,0,60,0,Withdrawn,15,1,1,1,1,1,1,1,0,1,0,1,0,1,0,10
DDD,2013J,594081,0,South West Region,A Level or Equivalent,90-100%,0-35,0,120,0,Withdrawn,7,0,0,0,0,0,0,0,0,0,0,0,0,1,1,3
DDD,2013J,594086,0,Wales,A Level or Equivalent,20-30%,0-35,0,120,0,Fail,3,1,0,0,1,0,0,1,0,1,1,1,0,0,0,8
DDD,2013J,594164,1,North Western Region,HE Qualification,0-10%,0-35,0,120,1,Withdrawn,6,1,1,0,0,1,1,1,1,0,0,0,1,0,1,9
DDD,2013J,594201,1,North Region,No Formal quals,,0-35,0,120,0,Pass,7,0,1,0,0,0,1,1,1,1,1,1,0,1,1,3
DDD,2013J,594407,1,South East Region,A Level or Equivalent,90-100%,0-35,0,120,0,Withdrawn,13,0,1,0,1,1,0,0,1,0,1,1,1,1,1,5
DDD,2013J,594414,0,West Midlands Region,Lower Than A Level,20-Oct,0-35,0,120,0,Withdrawn,15,1,1,0,1,1,1,1,1,1,0,0,0,0,0,10
DDD,2013J,594419,1,North Western Region,Lower Than A Level,40-50%,0-35,0,90,0,Pass,13,0,1,0,1,1,0,1,0,0,1,0,1,1,1,5
DDD,2013J,594507,0,South Region,Lower Than A Level,50-60%,35-55,0,60,0,Pass,14,0,0,0,1,1,0,1,0,1,1,1,1,0,1,5
DDD,2013J,594578,0,East Anglian Region,A Level or Equivalent,90-100%,0-35,0,60,0,Fail,2,1,0,0,1,0,1,1,1,1,0,1,0,0,0,2
DDD,2013J,594599,1,North Region,Lower Than A Level,,0-35,0,60,0,Withdrawn,16,1,0,1,1,0,1,0,1,0,0,1,0,0,1,10
DDD,2013J,594869,1,North Western Region,A Level or Equivalent,50-60%,0-35,0,60,0,Fail,14,1,1,1,0,1,1,1,1,0,1,0,0,0,0,5
DDD,2013J,594880,1,South East Region,A Level or Equivalent,40-50%,0-35,0,90,0,Withdrawn,2,0,0,0,0,1,0,1,0,0,0,1,1,1,1,2
DDD,2013J,594925,1,Ireland,Lower Than A Level,20-30%,0-35,0,60,0,Pass,14,1,0,1,0,0,1,1,0,0,0,1,1,0,0,5
DDD,2013J,594963,1,Wales,A Level or Equivalent,80-90%,35-55,0,60,0,Pass,3,1,0,1,1,0,0,1,1,1,1,1,0,1,1,8
DDD,2013J,595008,0,North Western Region,A Level or Equivalent,20-Oct,0-35,0,60,0,Withdrawn,12,0,0,1,1,1,0,0,1,1,0,1,0,1,1,7
DDD,2013J,595079,1,Scotland,A Level or Equivalent,40-50%,0-35,0,90,0,Pass,8,0,1,1,0,0,1,0,0,0,0,0,0,1,0,3
DDD,2013J,595319,0,North Western Region,A Level or Equivalent,0-10%,0-35,0,120,0,Distinction,13,1,1,0,0,0,1,0,1,0,1,0,0,1,0,5
DDD,2013J,595396,1,South Region,A Level or Equivalent,60-70%,0-35,0,120,0,Withdrawn,13,0,0,0,1,0,1,0,0,0,0,1,1,0,0,5
DDD,2013J,595495,0,East Anglian Region,A Level or Equivalent,50-60%,0-35,0,60,1,Pass,5,0,0,1,0,0,1,0,0,0,1,1,1,0,1,9
DDD,2013J,595601,1,Wales,A Level or Equivalent,20-Oct,0-35,0,60,0,Fail,11,1,0,0,0,0,0,1,1,0,0,0,0,1,1,6
DDD,2013J,595659,0,Yorkshire Region,A Level or Equivalent,0-10%,0-35,0,90,0,Pass,14,0,1,0,0,0,0,0,1,0,0,0,0,0,1,5
DDD,2013J,595685,0,East Midlands Region,A Level or Equivalent,60-70%,0-35,0,120,0,Pass,6,0,0,0,1,1,0,1,0,1,0,0,0,1,1,9
DDD,2013J,595687,0,Scotland,A Level or Equivalent,20-30%,0-35,0,60,0,Pass,12,0,1,1,1,1,1,1,1,0,0,0,1,1,0,7
DDD,2013J,595720,1,South West Region,A Level or Equivalent,40-50%,0-35,0,210,0,Withdrawn,14,1,1,1,1,1,1,1,0,0,1,0,0,0,0,5
DDD,2013J,595723,0,West Midlands Region,Lower Than A Level,0-10%,0-35,0,60,0,Fail,1,1,1,0,0,0,0,1,1,1,0,0,0,0,0,2
DDD,2013J,595894,1,London Region,A Level or Equivalent,60-70%,0-35,0,120,0,Withdrawn,16,1,0,1,1,1,1,0,0,0,1,0,0,0,1,10
DDD,2013J,595940,1,Wales,HE Qualification,40-50%,0-35,0,120,0,Fail,7,0,1,0,1,0,1,0,0,1,0,0,1,1,1,3
DDD,2013J,595963,1,North Region,A Level or Equivalent,70-80%,0-35,0,60,0,Withdrawn,1,1,1,1,0,0,0,0,0,1,1,0,0,1,0,2
DDD,2013J,595986,0,South West Region,A Level or Equivalent,80-90%,0-35,0,120,0,Pass,13,0,0,0,0,1,0,0,1,1,0,1,0,0,1,5
DDD,2013J,595988,1,London Region,A Level or Equivalent,20-Oct,0-35,0,90,0,Pass,11,1,0,1,0,0,0,0,1,1,1,0,0,1,1,6
DDD,2013J,596093,0,East Anglian Region,A Level or Equivalent,30-40%,0-35,0,60,0,Pass,10,0,1,0,1,1,1,0,1,1,1,1,1,0,1,1
DDD,2013J,596104,1,South West Region,Lower Than A Level,70-80%,35-55,0,60,0,Fail,11,0,0,0,1,1,1,1,1,0,1,1,1,0,1,6
DDD,2013J,596204,0,East Anglian Region,A Level or Equivalent,50-60%,35-55,0,60,0,Fail,2,0,0,1,0,1,1,0,1,1,0,0,1,1,0,2
DDD,2013J,596270,1,Scotland,HE Qualification,60-70%,0-35,0,60,0,Pass,14,1,1,1,1,0,0,0,1,0,0,1,1,1,0,5
DDD,2013J,596292,0,West Midlands Region,Lower Than A Level,30-40%,0-35,0,120,0,Withdrawn,16,1,0,1,0,0,1,0,0,1,0,1,1,1,0,10
DDD,2013J,596306,0,West Midlands Region,A Level or Equivalent,40-50%,0-35,0,60,0,Fail,6,1,0,1,0,1,1,1,1,0,0,0,1,0,1,9
DDD,2013J,596441,0,South Region,A Level or Equivalent,90-100%,0-35,0,60,0,Pass,7,1,0,0,0,0,0,0,0,1,0,1,1,0,0,3
DDD,2013J,596473,1,Scotland,HE Qualification,40-50%,0-35,0,60,0,Fail,15,1,1,0,0,0,0,1,1,0,0,0,1,0,1,10
DDD,2013J,596542,0,West Midlands Region,Lower Than A Level,20-Oct,0-35,0,60,1,Fail,1,0,0,0,0,1,1,0,0,1,1,1,1,1,1,2
DDD,2013J,596570,0,Scotland,A Level or Equivalent,80-90%,0-35,0,60,0,Pass,8,1,1,1,0,1,1,0,0,0,0,0,0,1,0,3
DDD,2013J,596589,0,Scotland,Lower Than A Level,50-60%,0-35,0,90,0,Fail,7,1,1,0,1,0,0,1,0,0,0,1,1,0,0,3
DDD,2013J,596620,1,East Midlands Region,Lower Than A Level,20-30%,0-35,1,60,1,Withdrawn,4,0,0,1,1,1,1,1,0,0,1,1,0,1,1,8
DDD,2013J,596629,0,Wales,HE Qualification,20-Oct,35-55,0,60,0,Fail,8,1,1,0,0,1,1,0,0,1,1,0,0,0,0,3
DDD,2013J,596731,0,Yorkshire Region,A Level or Equivalent,30-40%,0-35,0,90,0,Pass,3,0,0,1,0,1,1,1,0,0,0,0,0,1,0,8
DDD,2013J,596845,0,East Anglian Region,A Level or Equivalent,90-100%,0-35,0,60,0,Pass,7,1,0,1,0,0,0,0,0,0,0,1,1,1,1,3
DDD,2013J,596846,0,South West Region,A Level or Equivalent,50-60%,0-35,0,90,0,Distinction,3,0,0,0,1,0,1,0,0,1,0,0,1,0,0,8
DDD,2013J,596978,1,Yorkshire Region,A Level or Equivalent,50-60%,0-35,0,180,0,Withdrawn,8,0,0,1,0,1,0,1,0,1,1,0,0,1,1,3
DDD,2013J,597178,0,Ireland,Lower Than A Level,0-10%,0-35,0,60,0,Withdrawn,14,1,0,0,1,1,1,0,0,1,1,1,1,0,1,5
DDD,2013J,597192,0,London Region,A Level or Equivalent,30-40%,35-55,0,150,1,Withdrawn,12,1,1,0,1,1,1,1,0,1,0,1,0,1,0,7
DDD,2013J,597235,1,Yorkshire Region,A Level or Equivalent,20-30%,0-35,0,120,0,Fail,6,0,0,0,0,1,1,0,0,1,0,0,0,0,1,9
DDD,2013J,597243,0,East Anglian Region,A Level or Equivalent,50-60%,0-35,0,60,0,Pass,7,1,1,1,1,0,0,0,1,0,1,1,0,1,0,3
DDD,2013J,597308,0,South West Region,A Level or Equivalent,50-60%,0-35,0,90,0,Withdrawn,7,0,0,0,1,0,0,1,1,0,0,1,1,0,1,3
DDD,2013J,597365,0,North Western Region,A Level or Equivalent,0-10%,35-55,0,60,0,Pass,11,0,0,1,1,1,0,1,1,0,0,1,0,1,1,6
DDD,2013J,597403,0,North Western Region,A Level or Equivalent,20-Oct,0-35,0,90,0,Pass,4,1,1,1,0,1,0,1,0,0,0,1,0,0,0,8
DDD,2013J,597428,0,Scotland,HE Qualification,20-30%,0-35,0,60,0,Pass,12,1,0,0,1,1,1,1,1,1,1,0,0,1,1,7
DDD,2013J,597433,1,West Midlands Region,A Level or Equivalent,80-90%,0-35,0,60,0,Pass,7,1,0,1,1,1,1,0,1,1,1,1,0,1,1,3
DDD,2013J,597443,0,Scotland,Lower Than A Level,30-40%,0-35,0,60,0,Fail,11,1,0,0,1,1,1,0,0,0,0,0,1,1,1,6
DDD,2013J,597453,0,South West Region,A Level or Equivalent,20-Oct,0-35,0,60,0,Withdrawn,11,0,1,1,1,0,1,0,1,1,1,1,0,1,0,6
DDD,2013J,597504,1,East Midlands Region,A Level or Equivalent,50-60%,0-35,0,90,0,Withdrawn,15,0,0,0,1,1,0,1,1,0,0,0,0,1,1,10
DDD,2013J,597560,0,East Midlands Region,Lower Than A Level,60-70%,35-55,0,120,0,Pass,2,1,1,0,1,1,0,1,0,1,0,0,0,0,1,2
DDD,2013J,597561,0,Scotland,A Level or Equivalent,50-60%,35-55,0,90,0,Withdrawn,8,0,1,1,1,0,0,1,0,0,1,0,0,0,0,3
DDD,2013J,597571,0,South Region,Lower Than A Level,60-70%,0-35,0,120,0,Pass,11,1,1,1,0,0,1,0,1,1,0,1,1,0,1,6
DDD,2013J,597602,0,East Anglian Region,A Level or Equivalent,80-90%,0-35,0,60,0,Pass,1,1,1,1,0,1,0,0,0,1,0,0,1,0,1,2
DDD,2013J,597726,0,London Region,No Formal quals,20-30%,0-35,0,60,0,Fail,15,0,0,1,0,0,0,1,1,1,1,0,1,1,1,10
DDD,2013J,597754,1,South Region,Lower Than A Level,80-90%,35-55,0,90,0,Withdrawn,6,1,1,1,0,0,0,1,1,0,1,1,1,1,0,9
DDD,2013J,597755,0,Wales,A Level or Equivalent,70-80%,0-35,0,60,0,Pass,4,0,0,1,0,0,0,0,1,1,1,0,1,1,1,8
DDD,2013J,597770,1,West Midlands Region,Lower Than A Level,20-30%,0-35,0,130,1,Pass,3,1,1,1,1,0,0,0,0,1,1,1,1,1,1,8
DDD,2013J,597871,0,East Anglian Region,HE Qualification,90-100%,55<=,0,90,0,Pass,7,0,0,1,0,1,1,0,0,1,1,1,1,0,1,3
DDD,2013J,597924,0,London Region,A Level or Equivalent,60-70%,0-35,0,60,0,Withdrawn,13,1,0,1,0,0,0,1,0,1,1,0,0,0,0,5
DDD,2013J,597938,1,North Western Region,A Level or Equivalent,20-Oct,0-35,0,60,0,Distinction,13,0,1,1,0,0,0,1,0,0,1,1,0,1,1,5
DDD,2013J,597968,0,South East Region,A Level or Equivalent,80-90%,0-35,0,60,0,Pass,2,0,1,1,0,0,1,0,1,0,1,0,1,1,0,2
DDD,2013J,598052,0,South East Region,HE Qualification,40-50%,0-35,0,60,0,Pass,15,1,1,0,1,1,0,1,1,1,0,0,1,0,0,10
DDD,2013J,598064,0,Scotland,A Level or Equivalent,90-100%,35-55,0,60,0,Pass,14,1,0,0,0,1,1,0,0,1,1,0,0,0,0,5
DDD,2013J,598089,1,South Region,Lower Than A Level,30-40%,0-35,0,60,0,Withdrawn,8,1,1,0,0,1,0,1,0,0,0,1,1,0,1,3
DDD,2013J,598123,0,West Midlands Region,A Level or Equivalent,20-Oct,0-35,0,120,1,Withdrawn,12,1,1,0,1,0,1,0,1,0,1,1,1,1,1,7
DDD,2013J,598246,1,North Western Region,A Level or Equivalent,0-10%,0-35,0,120,0,Distinction,7,1,0,1,0,1,0,1,1,0,0,1,1,0,1,3
DDD,2013J,598323,1,Scotland,A Level or Equivalent,80-90%,0-35,0,60,0,Withdrawn,5,1,1,0,0,0,0,1,1,1,1,1,1,0,0,9
DDD,2013J,598430,0,North Region,Post Graduate Qualification,,0-35,0,120,0,Withdrawn,10,1,0,1,0,0,1,0,1,0,1,0,0,1,1,1
DDD,2013J,598501,0,South West Region,A Level or Equivalent,60-70%,0-35,0,60,0,Pass,6,1,1,1,1,0,0,1,1,0,0,0,0,1,0,9
DDD,2013J,598516,0,North Western Region,A Level or Equivalent,80-90%,0-35,0,120,0,Pass,12,0,1,1,1,1,0,1,1,1,1,0,1,1,0,7
DDD,2013J,598536,1,East Midlands Region,A Level or Equivalent,0-10%,0-35,0,60,0,Withdrawn,7,0,1,1,0,0,1,0,0,0,1,0,0,0,1,3
DDD,2013J,598637,1,North Western Region,HE Qualification,50-60%,0-35,0,60,0,Distinction,12,1,1,0,0,1,1,0,0,1,0,1,0,1,1,7
DDD,2013J,598650,1,Yorkshire Region,A Level or Equivalent,0-10%,0-35,0,60,0,Fail,6,0,1,1,1,0,1,1,1,0,0,0,1,1,0,9
DDD,2013J,598664,0,London Region,HE Qualification,50-60%,35-55,0,60,0,Pass,13,1,0,0,0,0,0,1,0,0,0,0,0,1,0,5
DDD,2013J,598665,0,South Region,Lower Than A Level,90-100%,35-55,0,60,0,Distinction,11,0,1,1,1,1,1,1,0,0,0,1,0,1,0,6
DDD,2013J,598701,0,Scotland,HE Qualification,40-50%,0-35,0,60,0,Fail,11,1,0,1,0,1,0,1,0,1,0,0,1,1,0,6
DDD,2013J,598842,0,North Western Region,Lower Than A Level,20-30%,0-35,0,120,0,Fail,12,1,0,1,0,0,1,0,1,0,1,0,1,0,1,7
DDD,2013J,598860,1,London Region,Lower Than A Level,20-30%,0-35,0,90,0,Pass,11,0,1,0,1,0,0,1,1,0,1,1,1,1,1,6
DDD,2013J,598949,0,East Midlands Region,Lower Than A Level,20-Oct,0-35,0,120,0,Withdrawn,10,1,1,0,1,1,0,1,1,0,1,1,0,1,0,1
DDD,2013J,598989,0,North Western Region,A Level or Equivalent,30-40%,0-35,0,60,0,Pass,10,0,1,0,1,0,1,0,1,0,1,1,1,0,0,1
DDD,2013J,599049,1,North Region,Lower Than A Level,60-70%,35-55,0,120,0,Pass,12,1,1,0,1,0,1,0,0,0,1,0,1,1,1,7
DDD,2013J,599068,0,East Midlands Region,HE Qualification,70-80%,0-35,0,60,0,Pass,6,0,1,0,1,1,0,1,1,0,0,1,1,1,0,9
DDD,2013J,599101,1,London Region,Lower Than A Level,40-50%,0-35,0,60,0,Withdrawn,3,1,0,1,0,1,1,1,1,1,1,0,1,0,0,8
DDD,2013J,599109,0,South East Region,A Level or Equivalent,70-80%,0-35,0,60,0,Pass,15,0,1,0,0,1,0,0,1,0,1,0,1,0,1,10
DDD,2013J,599146,0,South East Region,Lower Than A Level,60-70%,0-35,0,90,0,Pass,15,0,1,1,0,0,0,0,0,0,1,0,0,1,0,10
DDD,2013J,599169,0,Scotland,A Level or Equivalent,60-70%,0-35,0,60,1,Pass,6,1,1,0,1,1,0,0,0,1,0,0,1,0,0,9
DDD,2013J,599177,0,South Region,Lower Than A Level,30-40%,0-35,0,120,0,Pass,7,1,1,0,1,0,0,1,1,0,0,0,0,0,1,3
DDD,2013J,599206,0,East Midlands Region,Lower Than A Level,20-Oct,0-35,0,60,0,Fail,5,0,1,1,0,1,1,0,1,0,0,1,1,1,0,9
DDD,2013J,599262,0,Yorkshire Region,Lower Than A Level,60-70%,0-35,0,60,0,Withdrawn,14,1,0,0,1,1,1,0,1,1,1,0,1,1,1,5
DDD,2013J,599314,0,South West Region,Lower Than A Level,20-30%,0-35,0,60,0,Pass,15,1,1,1,0,1,1,0,0,0,1,1,0,1,0,10
DDD,2013J,599406,0,East Anglian Region,Lower Than A Level,40-50%,0-35,0,120,0,Withdrawn,6,1,1,1,0,0,1,0,1,1,1,1,1,1,0,9
DDD,2013J,599425,0,North Western Region,HE Qualification,20-Oct,0-35,0,150,0,Pass,2,1,0,0,0,1,0,1,0,0,1,0,0,1,0,2
DDD,2013J,599577,1,South Region,A Level or Equivalent,80-90%,35-55,0,60,0,Pass,11,0,0,1,0,1,0,1,0,1,1,0,0,1,1,6
DDD,2013J,599585,0,Wales,HE Qualification,30-40%,35-55,0,60,0,Pass,8,0,0,1,0,1,1,1,0,0,0,1,0,1,1,3
DDD,2013J,599615,0,East Midlands Region,Lower Than A Level,40-50%,0-35,0,90,1,Withdrawn,15,0,0,0,0,0,1,1,0,0,1,0,1,0,1,10
DDD,2013J,599649,0,East Midlands Region,HE Qualification,50-60%,0-35,0,150,0,Withdrawn,4,1,0,0,1,1,0,1,1,1,0,0,1,0,0,8
DDD,2013J,599655,0,East Anglian Region,Lower Than A Level,80-90%,0-35,0,120,0,Fail,14,1,0,1,1,0,0,0,1,0,1,1,1,1,0,5
DDD,2013J,599658,0,Scotland,A Level or Equivalent,50-60%,0-35,0,60,0,Fail,8,0,1,1,0,0,0,0,0,0,1,1,0,0,0,3
DDD,2013J,599711,0,West Midlands Region,Lower Than A Level,70-80%,0-35,0,60,0,Withdrawn,1,0,0,0,0,0,0,1,1,1,0,0,0,0,0,2
DDD,2013J,599725,1,North Western Region,A Level or Equivalent,90-100%,0-35,0,120,1,Pass,2,0,1,0,0,0,1,1,1,1,1,0,1,0,0,2
DDD,2013J,599737,1,Scotland,HE Qualification,60-70%,0-35,0,60,0,Pass,10,0,1,0,0,0,0,1,0,0,1,0,1,1,0,1
DDD,2013J,599741,0,South Region,Lower Than A Level,80-90%,0-35,0,60,1,Withdrawn,14,1,1,0,1,0,1,0,0,0,0,0,1,1,1,5
DDD,2013J,599742,1,South West Region,A Level or Equivalent,80-90%,0-35,0,60,0,Withdrawn,6,1,0,1,0,1,1,0,1,1,1,0,1,1,0,9
DDD,2013J,599837,1,Scotland,A Level or Equivalent,0-10%,35-55,0,120,1,Withdrawn,8,1,0,0,1,1,1,0,1,1,1,1,0,0,1,3
DDD,2013J,599854,1,South Region,A Level or Equivalent,70-80%,0-35,0,120,0,Pass,5,1,0,1,1,1,0,1,0,1,0,0,0,0,0,9
DDD,2013J,599876,1,North Western Region,A Level or Equivalent,0-10%,0-35,0,120,0,Withdrawn,4,1,0,1,0,0,1,1,0,0,0,0,0,0,0,8
DDD,2013J,599947,0,West Midlands Region,A Level or Equivalent,50-60%,0-35,0,120,0,Pass,10,1,0,1,0,1,1,0,0,1,0,0,1,0,0,1
DDD,2013J,600067,0,East Anglian Region,A Level or Equivalent,80-90%,0-35,0,60,0,Pass,14,0,1,1,1,0,1,1,1,0,0,1,0,0,0,5
DDD,2013J,600094,0,North Western Region,A Level or Equivalent,70-80%,0-35,0,90,0,Withdrawn,16,1,1,0,1,1,1,1,1,1,1,1,0,0,1,10
DDD,2013J,600242,1,Yorkshire Region,Lower Than A Level,50-60%,35-55,0,60,0,Pass,13,0,1,0,1,0,0,1,1,0,1,0,0,0,0,5
DDD,2013J,600289,0,North Region,Lower Than A Level,0-10%,0-35,0,90,0,Withdrawn,5,1,0,1,1,0,1,1,1,0,1,0,0,1,0,9
DDD,2013J,600365,0,West Midlands Region,Lower Than A Level,70-80%,0-35,0,60,0,Pass,4,1,0,1,1,0,0,1,0,1,1,1,0,1,1,8
DDD,2013J,600478,0,South East Region,Lower Than A Level,80-90%,0-35,0,60,0,Pass,3,0,0,1,0,1,1,1,1,0,0,0,0,0,0,8
DDD,2013J,600525,1,North Region,Lower Than A Level,20-30%,0-35,0,120,0,Withdrawn,5,0,0,1,1,0,0,0,0,1,0,1,1,0,0,9
DDD,2013J,600635,1,South Region,A Level or Equivalent,60-70%,0-35,0,120,0,Pass,7,0,0,0,1,0,1,0,0,0,0,0,1,0,0,3
DDD,2013J,600648,0,East Midlands Region,Lower Than A Level,50-60%,35-55,0,60,0,Withdrawn,4,1,1,1,0,0,1,1,1,0,0,0,0,0,1,8
DDD,2013J,600671,0,South Region,Lower Than A Level,60-70%,0-35,0,120,0,Distinction,2,1,1,1,1,1,1,1,0,1,0,1,1,1,0,2
DDD,2013J,600686,0,South Region,HE Qualification,80-90%,0-35,0,60,0,Pass,9,1,1,1,1,0,1,0,1,1,0,0,1,0,1,4
DDD,2013J,600753,1,South Region,A Level or Equivalent,30-40%,0-35,0,180,0,Withdrawn,11,0,1,0,0,1,1,0,1,1,0,0,0,0,1,6
DDD,2013J,600796,1,Ireland,Lower Than A Level,80-90%,0-35,0,60,0,Pass,8,1,1,0,1,0,1,1,0,1,1,0,0,0,1,3
DDD,2013J,600817,1,North Region,Lower Than A Level,,0-35,0,60,0,Distinction,1,1,1,1,0,0,1,1,0,1,0,1,0,0,1,2
DDD,2013J,600842,0,North Western Region,A Level or Equivalent,30-40%,0-35,0,60,0,Withdrawn,15,0,1,0,1,0,1,0,1,0,0,1,0,0,1,10
DDD,2013J,600859,0,Scotland,HE Qualification,20-30%,0-35,0,90,0,Withdrawn,7,1,0,1,1,1,0,0,0,1,0,0,0,0,1,3
DDD,2013J,600963,0,West Midlands Region,Lower Than A Level,70-80%,0-35,0,120,0,Withdrawn,7,1,0,0,1,1,1,0,0,0,0,0,0,1,0,3
DDD,2013J,601048,1,North Western Region,A Level or Equivalent,0-10%,0-35,0,60,0,Fail,6,1,0,0,0,1,0,1,0,1,1,0,1,0,1,9
DDD,2013J,601088,1,South West Region,Lower Than A Level,30-40%,0-35,0,90,0,Fail,7,1,0,1,1,0,0,0,0,1,1,1,1,1,0,3
DDD,2013J,601092,0,West Midlands Region,A Level or Equivalent,40-50%,35-55,0,60,0,Pass,6,0,0,1,1,1,0,0,0,1,0,1,1,1,1,9
DDD,2013J,601133,0,South East Region,A Level or Equivalent,70-80%,0-35,0,60,0,Fail,14,0,0,0,1,0,0,1,1,0,1,1,1,1,1,5
DDD,2013J,601204,0,North Region,A Level or Equivalent,,0-35,0,60,0,Withdrawn,12,1,1,0,1,0,0,1,0,0,1,1,1,0,1,7
DDD,2013J,601230,0,West Midlands Region,Lower Than A Level,20-Oct,0-35,0,120,0,Pass,13,0,1,0,1,1,0,0,1,0,0,1,0,0,0,5
DDD,2013J,601234,0,North Western Region,A Level or Equivalent,40-50%,35-55,0,60,0,Pass,10,1,0,1,1,0,1,1,0,1,1,1,0,1,1,1
DDD,2013J,601263,0,East Anglian Region,Lower Than A Level,40-50%,0-35,0,60,0,Pass,12,1,0,1,0,0,0,0,1,1,1,0,1,1,1,7
DDD,2013J,601270,1,Scotland,Lower Than A Level,50-60%,0-35,0,120,0,Withdrawn,3,1,1,1,1,0,1,0,0,0,0,0,0,1,1,8
DDD,2013J,601286,0,East Anglian Region,A Level or Equivalent,70-80%,0-35,0,60,0,Withdrawn,3,0,1,0,0,0,1,0,0,1,0,0,1,0,0,8
DDD,2013J,601289,1,North Region,HE Qualification,,35-55,0,60,0,Withdrawn,16,1,1,0,0,1,0,1,0,1,1,0,1,1,1,10
DDD,2013J,601293,1,London Region,A Level or Equivalent,20-Oct,0-35,0,90,1,Pass,15,1,0,0,1,0,0,1,0,1,0,1,1,0,1,10
DDD,2013J,601310,0,Ireland,Lower Than A Level,40-50%,0-35,0,60,0,Fail,3,1,0,1,1,1,1,1,1,1,1,1,1,1,0,8
DDD,2013J,601380,1,London Region,A Level or Equivalent,70-80%,0-35,0,120,0,Pass,4,0,1,1,0,1,0,1,1,1,0,0,1,0,1,8
DDD,2013J,601392,0,East Midlands Region,A Level or Equivalent,30-40%,0-35,0,60,0,Withdrawn,16,0,0,0,1,1,0,1,1,1,0,1,0,0,1,10
DDD,2013J,601467,1,East Anglian Region,Lower Than A Level,70-80%,0-35,0,90,0,Fail,3,0,1,1,0,1,0,0,0,1,1,1,1,0,0,8
DDD,2013J,601488,0,North Western Region,Lower Than A Level,20-30%,0-35,0,60,0,Withdrawn,5,1,1,0,1,0,0,0,1,0,1,1,1,1,1,9
DDD,2013J,601566,0,North Western Region,A Level or Equivalent,60-70%,0-35,0,60,0,Pass,15,1,0,1,0,1,1,1,0,0,0,0,0,0,1,10
DDD,2013J,601579,1,South East Region,A Level or Equivalent,80-90%,0-35,0,90,0,Pass,8,1,1,0,0,0,0,0,1,0,1,1,0,0,1,3
DDD,2013J,601731,0,London Region,A Level or Equivalent,30-40%,0-35,0,210,0,Withdrawn,5,1,1,0,0,1,0,0,0,1,0,0,1,1,0,9
DDD,2013J,601857,1,South Region,Lower Than A Level,60-70%,0-35,0,150,1,Pass,9,0,0,0,1,1,1,0,0,0,0,0,1,1,0,4
DDD,2013J,602302,1,North Region,Lower Than A Level,,0-35,0,60,0,Pass,13,0,1,0,0,1,1,1,1,0,0,0,0,0,0,5
DDD,2013J,602312,0,Yorkshire Region,A Level or Equivalent,40-50%,0-35,0,120,1,Withdrawn,2,1,0,0,0,0,0,0,0,0,1,0,1,1,1,2
DDD,2013J,602356,1,Wales,A Level or Equivalent,90-100%,0-35,0,60,0,Pass,7,1,1,1,0,1,1,0,0,0,0,0,1,1,0,3
DDD,2013J,602404,1,South East Region,A Level or Equivalent,60-70%,0-35,0,60,1,Pass,9,1,1,0,1,0,1,0,1,1,0,0,1,0,1,4
DDD,2013J,602413,0,North Western Region,HE Qualification,80-90%,0-35,0,90,0,Withdrawn,13,1,0,0,0,1,0,1,1,0,0,1,1,1,0,5
DDD,2013J,602452,0,West Midlands Region,Lower Than A Level,0-10%,0-35,0,60,0,Withdrawn,2,1,1,1,0,0,1,0,0,1,0,0,1,0,1,2
DDD,2013J,602453,1,Ireland,A Level or Equivalent,40-50%,0-35,0,120,0,Withdrawn,14,0,0,1,0,1,0,1,0,0,0,0,0,0,1,5
DDD,2013J,602595,1,South Region,A Level or Equivalent,60-70%,0-35,0,60,0,Pass,3,1,1,1,0,0,1,1,0,1,1,1,1,1,0,8
DDD,2013J,602692,1,London Region,A Level or Equivalent,20-Oct,0-35,0,120,1,Withdrawn,8,1,0,0,1,1,0,0,0,0,1,1,1,1,0,3
DDD,2013J,602706,0,South East Region,Lower Than A Level,60-70%,0-35,0,60,0,Withdrawn,16,0,0,1,1,0,0,0,0,0,0,1,0,0,0,10
DDD,2013J,602725,0,North Western Region,Lower Than A Level,80-90%,0-35,0,120,0,Fail,13,1,0,1,1,1,0,0,1,0,0,0,0,1,1,5
DDD,2013J,602729,0,Yorkshire Region,A Level or Equivalent,40-50%,0-35,0,60,0,Fail,3,0,1,0,1,0,1,1,0,1,0,1,1,0,0,8
DDD,2013J,602783,0,South Region,A Level or Equivalent,80-90%,0-35,0,60,0,Pass,10,1,0,1,1,0,1,0,0,0,1,0,0,1,1,1
DDD,2013J,602856,1,East Anglian Region,HE Qualification,50-60%,0-35,0,60,0,Distinction,2,1,0,1,0,1,1,1,0,0,0,1,0,0,1,2
DDD,2013J,602902,1,Yorkshire Region,Lower Than A Level,80-90%,0-35,0,90,0,Pass,10,0,1,1,1,0,1,0,0,0,0,1,0,1,1,1
DDD,2013J,602986,0,Scotland,A Level or Equivalent,90-100%,35-55,0,120,0,Fail,12,0,0,1,0,0,1,0,1,0,1,0,1,1,1,7
DDD,2013J,603034,0,South East Region,HE Qualification,70-80%,0-35,0,60,0,Pass,4,1,0,1,1,1,0,0,1,0,1,1,0,1,1,8
DDD,2013J,603049,0,Scotland,HE Qualification,30-40%,0-35,0,60,0,Pass,12,0,1,0,1,0,0,1,0,0,0,0,0,1,1,7
DDD,2013J,603201,0,Ireland,A Level or Equivalent,,35-55,0,60,0,Withdrawn,4,1,1,1,1,1,0,1,1,1,0,1,0,1,0,8
DDD,2013J,603302,0,South West Region,A Level or Equivalent,20-30%,0-35,0,120,1,Withdrawn,4,1,0,0,1,1,0,1,1,1,0,1,1,0,0,8
DDD,2013J,603325,1,South East Region,A Level or Equivalent,30-40%,0-35,0,60,1,Distinction,5,1,0,1,0,0,0,1,0,1,1,0,1,0,1,9
DDD,2013J,603410,0,London Region,A Level or Equivalent,20-30%,0-35,0,60,0,Fail,2,0,0,1,0,0,0,0,0,0,0,1,0,0,1,2
DDD,2013J,603431,0,East Midlands Region,A Level or Equivalent,0-10%,0-35,0,60,1,Pass,4,1,1,0,0,0,1,0,1,0,1,1,1,0,1,8
DDD,2013J,603469,1,Wales,HE Qualification,60-70%,0-35,0,180,0,Fail,16,1,1,0,1,0,0,1,1,1,0,0,1,0,0,10
DDD,2013J,603498,0,Yorkshire Region,A Level or Equivalent,40-50%,0-35,0,90,0,Fail,1,0,1,0,0,0,0,0,0,0,0,1,1,0,1,2
DDD,2013J,603513,1,South East Region,HE Qualification,30-40%,0-35,0,60,0,Pass,8,1,1,0,0,0,0,0,1,0,0,1,0,1,0,3
DDD,2013J,603669,0,East Anglian Region,A Level or Equivalent,70-80%,0-35,0,120,0,Withdrawn,1,1,1,0,0,0,0,1,1,0,0,1,1,1,1,2
DDD,2013J,603684,0,North Western Region,Lower Than A Level,50-60%,0-35,0,60,0,Withdrawn,10,1,0,0,0,1,1,1,1,1,0,0,0,1,0,1
DDD,2013J,603730,1,East Anglian Region,A Level or Equivalent,60-70%,35-55,0,120,0,Fail,15,1,0,0,0,1,0,0,0,1,1,1,0,1,0,10
DDD,2013J,603749,0,South East Region,A Level or Equivalent,90-100%,35-55,0,60,0,Withdrawn,10,1,0,0,0,0,1,1,0,1,1,1,1,1,1,1
DDD,2013J,603803,0,East Midlands Region,A Level or Equivalent,30-40%,35-55,0,120,0,Withdrawn,15,1,0,1,1,0,0,1,1,1,1,0,1,1,0,10
DDD,2013J,603850,0,Scotland,Lower Than A Level,40-50%,35-55,0,60,0,Withdrawn,6,1,0,0,1,1,0,0,1,1,1,0,1,1,1,9
DDD,2013J,603931,0,North Region,Lower Than A Level,20-Oct,0-35,0,120,0,Withdrawn,16,1,0,1,1,0,0,1,0,1,1,1,0,1,0,10
DDD,2013J,603953,1,North Region,A Level or Equivalent,30-40%,0-35,0,120,0,Withdrawn,8,0,1,1,1,1,1,1,0,1,0,0,1,1,1,3
DDD,2013J,604055,0,North Western Region,A Level or Equivalent,80-90%,0-35,0,120,0,Pass,15,1,0,0,1,0,0,0,0,1,0,0,0,0,1,10
DDD,2013J,604072,1,South Region,A Level or Equivalent,60-70%,0-35,0,120,0,Pass,5,0,0,1,0,1,0,0,0,0,0,0,1,0,0,9
DDD,2013J,604156,0,London Region,A Level or Equivalent,20-30%,0-35,0,60,0,Pass,5,1,0,1,0,1,0,1,1,0,1,1,0,1,1,9
DDD,2013J,604281,1,London Region,HE Qualification,20-30%,0-35,0,60,0,Distinction,16,1,0,0,1,0,1,0,1,0,0,0,0,0,0,10
DDD,2013J,604317,0,North Western Region,HE Qualification,90-100%,0-35,0,60,0,Pass,11,1,0,1,0,1,0,1,1,1,0,0,1,0,0,6
DDD,2013J,604392,1,East Anglian Region,A Level or Equivalent,40-50%,0-35,0,60,0,Withdrawn,2,0,0,0,1,0,0,0,0,1,1,1,1,0,0,2
DDD,2013J,604398,1,North Region,No Formal quals,20-Oct,0-35,0,180,0,Withdrawn,6,0,1,0,0,0,0,0,1,1,0,1,0,1,0,9
DDD,2013J,604462,0,North Western Region,Lower Than A Level,20-30%,0-35,0,90,0,Fail,11,1,0,1,1,0,1,0,1,0,0,0,0,0,1,6
DDD,2013J,604546,0,East Anglian Region,Lower Than A Level,70-80%,35-55,0,60,1,Withdrawn,15,0,0,1,1,1,0,1,0,0,0,1,1,1,1,10
DDD,2013J,604559,0,Yorkshire Region,A Level or Equivalent,90-100%,0-35,0,90,0,Fail,7,0,1,0,1,0,0,1,1,0,0,0,1,0,0,3
DDD,2013J,604574,0,Wales,A Level or Equivalent,0-10%,0-35,0,60,0,Withdrawn,15,0,0,1,1,0,1,1,0,1,1,1,1,1,1,10
DDD,2013J,604627,0,South East Region,A Level or Equivalent,50-60%,0-35,0,90,0,Pass,6,0,0,1,1,0,0,0,0,0,0,0,1,0,0,9
DDD,2013J,604641,0,North Western Region,A Level or Equivalent,40-50%,0-35,0,60,0,Fail,16,1,0,1,1,1,0,0,0,0,1,0,0,0,0,10
DDD,2013J,604655,0,Wales,A Level or Equivalent,70-80%,0-35,0,90,1,Withdrawn,7,1,0,1,1,0,0,0,1,0,1,1,0,1,0,3
DDD,2013J,604692,1,South East Region,Lower Than A Level,60-70%,0-35,0,120,0,Withdrawn,1,1,1,0,0,1,1,1,0,0,0,0,0,0,0,2
DDD,2013J,604723,0,South Region,A Level or Equivalent,90-100%,0-35,0,90,0,Pass,1,1,1,1,0,1,0,0,0,1,1,0,0,1,1,2
DDD,2013J,604729,0,South Region,A Level or Equivalent,80-90%,0-35,0,60,0,Withdrawn,9,0,0,1,1,1,1,0,0,1,0,1,1,0,1,4
DDD,2013J,604854,1,East Midlands Region,A Level or Equivalent,80-90%,0-35,0,90,0,Pass,3,0,1,1,1,1,0,1,1,1,1,1,0,1,0,8
DDD,2013J,604912,0,East Anglian Region,Lower Than A Level,30-40%,0-35,0,90,1,Withdrawn,13,0,0,1,1,0,1,1,1,1,1,1,0,1,0,5
DDD,2013J,604952,1,North Western Region,Lower Than A Level,20-30%,0-35,0,120,0,Withdrawn,14,0,0,1,0,0,1,0,0,0,0,0,1,0,1,5
DDD,2013J,605005,0,South Region,Lower Than A Level,50-60%,0-35,0,60,0,Withdrawn,1,0,0,0,0,0,1,0,0,0,0,0,1,0,0,2
DDD,2013J,605070,0,North Region,A Level or Equivalent,,0-35,0,120,0,Fail,8,1,1,1,1,0,1,0,1,1,1,0,1,1,0,3
DDD,2013J,605105,0,North Western Region,Lower Than A Level,20-30%,0-35,0,90,1,Fail,15,0,1,1,1,1,0,0,1,1,0,0,1,1,1,10
DDD,2013J,605118,1,North Western Region,Lower Than A Level,40-50%,35-55,0,60,0,Fail,16,0,0,0,1,0,1,1,1,0,0,0,1,0,0,10
DDD,2013J,605144,0,Scotland,HE Qualification,80-90%,0-35,0,90,0,Pass,11,0,0,0,1,0,1,0,1,0,1,1,0,0,1,6
DDD,2013J,605191,0,South East Region,A Level or Equivalent,60-70%,0-35,0,60,0,Fail,13,1,1,1,0,0,0,1,1,0,1,0,0,0,0,5
DDD,2013J,605245,1,Scotland,HE Qualification,90-100%,35-55,0,60,0,Fail,8,1,1,0,1,1,1,0,0,1,1,0,0,1,0,3
DDD,2013J,605266,1,London Region,A Level or Equivalent,40-50%,0-35,0,90,0,Pass,10,0,1,0,1,0,0,0,1,0,0,1,0,1,0,1
DDD,2013J,605313,0,North Region,A Level or Equivalent,30-40%,0-35,0,60,0,Withdrawn,13,0,1,0,1,0,1,0,1,1,1,0,1,1,0,5
DDD,2013J,605476,0,South Region,A Level or Equivalent,90-100%,0-35,0,120,0,Pass,3,0,0,1,0,0,0,0,0,1,1,1,1,1,1,8
DDD,2013J,605540,0,London Region,A Level or Equivalent,20-30%,0-35,0,90,1,Distinction,6,1,0,1,0,0,1,1,0,0,0,0,0,0,1,9
DDD,2013J,605561,0,Scotland,Lower Than A Level,90-100%,0-35,0,60,0,Fail,1,0,0,1,1,0,0,1,0,1,0,1,1,1,1,2
DDD,2013J,605652,1,South Region,A Level or Equivalent,90-100%,0-35,0,180,0,Withdrawn,7,1,0,1,1,0,0,0,1,0,0,0,1,0,1,3
DDD,2013J,605703,0,London Region,A Level or Equivalent,40-50%,0-35,0,90,0,Pass,5,0,1,0,0,1,0,1,0,1,1,1,1,1,0,9
DDD,2013J,605859,0,East Anglian Region,Lower Than A Level,80-90%,0-35,0,90,0,Withdrawn,3,1,1,0,0,0,1,1,0,1,1,1,0,1,1,8
DDD,2013J,605885,0,Ireland,HE Qualification,,0-35,0,70,0,Withdrawn,7,0,1,0,0,0,0,0,0,1,0,1,1,0,0,3
DDD,2013J,605941,1,South West Region,Lower Than A Level,50-60%,0-35,0,90,1,Pass,6,0,1,0,0,0,0,1,1,1,1,0,1,0,0,9
DDD,2013J,606082,0,South West Region,Lower Than A Level,30-40%,0-35,0,120,0,Pass,1,1,1,1,1,1,0,0,0,0,0,1,0,1,0,2
DDD,2013J,606270,0,London Region,Lower Than A Level,50-60%,0-35,0,60,0,Fail,12,0,1,1,1,0,1,1,0,1,1,1,0,0,1,7
DDD,2013J,606319,1,South Region,Lower Than A Level,80-90%,0-35,0,90,0,Pass,12,1,0,1,0,1,1,0,0,1,1,1,0,0,1,7
DDD,2013J,606322,0,South East Region,A Level or Equivalent,40-50%,0-35,0,60,0,Pass,10,0,1,1,0,0,0,1,0,0,0,1,0,1,0,1
DDD,2013J,606344,0,Yorkshire Region,A Level or Equivalent,20-30%,0-35,0,60,0,Pass,5,1,0,1,0,1,1,1,1,0,0,1,0,1,1,9
DDD,2013J,606492,1,South East Region,Lower Than A Level,40-50%,0-35,0,60,0,Fail,14,1,1,1,1,1,1,0,1,1,0,0,1,1,1,5
DDD,2013J,606513,0,West Midlands Region,Lower Than A Level,40-50%,0-35,0,60,1,Withdrawn,7,0,0,1,1,0,0,1,0,1,0,0,0,0,1,3
DDD,2013J,606593,0,Scotland,A Level or Equivalent,20-30%,0-35,0,120,0,Withdrawn,12,0,0,0,1,0,0,1,0,0,1,0,1,0,1,7
DDD,2013J,606665,0,North Western Region,A Level or Equivalent,20-30%,0-35,0,90,0,Pass,7,1,1,0,0,1,1,1,1,0,1,1,0,0,0,3
DDD,2013J,606719,1,South Region,HE Qualification,70-80%,35-55,0,60,0,Withdrawn,3,0,1,0,1,0,0,1,1,0,1,1,0,1,1,8
DDD,2013J,606788,1,London Region,HE Qualification,20-30%,0-35,0,90,1,Distinction,11,1,0,0,0,1,1,1,1,0,0,1,1,1,1,6
DDD,2013J,606908,0,Yorkshire Region,Lower Than A Level,90-100%,0-35,0,60,1,Pass,3,0,1,1,1,1,0,0,0,1,0,0,1,1,1,8
DDD,2013J,607061,0,Scotland,A Level or Equivalent,20-30%,0-35,0,90,0,Distinction,4,1,1,0,0,0,1,0,0,0,1,0,0,1,0,8
DDD,2013J,607073,1,North Region,Post Graduate Qualification,,35-55,0,60,0,Pass,7,0,0,0,0,1,0,0,1,0,1,0,1,0,1,3
DDD,2013J,607110,0,South Region,A Level or Equivalent,70-80%,0-35,0,120,0,Withdrawn,3,0,1,1,1,0,1,0,0,1,1,0,0,0,0,8
DDD,2013J,607151,1,Scotland,A Level or Equivalent,50-60%,0-35,0,60,0,Distinction,1,0,1,0,1,1,0,1,0,1,1,0,1,1,1,2
DDD,2013J,607196,0,East Anglian Region,A Level or Equivalent,70-80%,0-35,0,60,0,Pass,12,0,0,1,1,0,0,0,0,1,1,1,0,0,0,7
DDD,2013J,607231,0,West Midlands Region,A Level or Equivalent,30-40%,0-35,0,90,0,Fail,2,1,0,1,0,0,0,0,1,0,0,1,1,0,1,2
DDD,2013J,607316,1,Scotland,Lower Than A Level,20-Oct,0-35,0,60,0,Pass,11,1,1,0,0,1,0,1,1,1,0,1,1,0,0,6
DDD,2013J,607427,1,South West Region,Lower Than A Level,50-60%,0-35,0,150,1,Withdrawn,16,1,1,0,1,0,0,0,1,1,1,1,1,0,0,10
DDD,2013J,607485,0,Scotland,A Level or Equivalent,80-90%,0-35,0,60,1,Pass,5,0,0,1,0,0,0,1,0,0,0,1,0,1,0,9
DDD,2013J,607498,1,North Region,A Level or Equivalent,,0-35,0,90,0,Fail,15,1,0,1,0,0,1,0,0,0,0,0,0,1,0,10
DDD,2013J,607515,0,North Western Region,Lower Than A Level,60-70%,0-35,0,120,0,Withdrawn,6,0,1,0,0,0,0,0,1,1,1,1,0,1,1,9
DDD,2013J,607555,0,Scotland,HE Qualification,70-80%,0-35,0,60,0,Pass,4,0,0,0,0,0,0,0,0,1,0,1,0,0,1,8
DDD,2013J,607622,0,Scotland,A Level or Equivalent,50-60%,0-35,0,60,0,Fail,3,0,0,1,0,0,0,1,0,0,1,0,1,1,1,8
DDD,2013J,607670,0,Scotland,A Level or Equivalent,30-40%,0-35,0,60,0,Fail,14,0,1,0,0,0,1,0,1,1,1,1,1,1,0,5
DDD,2013J,607800,1,London Region,HE Qualification,20-Oct,0-35,0,60,0,Distinction,15,1,0,0,1,1,0,0,0,0,1,0,0,0,1,10
DDD,2013J,607854,1,South West Region,HE Qualification,40-50%,0-35,0,90,0,Fail,16,1,0,1,0,1,0,0,1,1,1,1,0,1,1,10
DDD,2013J,607900,0,South East Region,A Level or Equivalent,70-80%,35-55,0,60,0,Distinction,14,1,0,1,1,1,0,1,0,1,1,1,1,0,0,5
DDD,2013J,607927,1,North Western Region,Lower Than A Level,30-40%,0-35,0,120,0,Pass,12,0,0,1,1,0,1,1,0,0,1,0,0,1,1,7
DDD,2013J,607928,1,Yorkshire Region,A Level or Equivalent,50-60%,35-55,0,120,0,Withdrawn,6,1,0,0,0,1,0,1,0,0,0,1,1,1,0,9
DDD,2013J,607966,1,North Region,A Level or Equivalent,20-Oct,0-35,0,90,0,Withdrawn,8,0,0,0,1,1,1,1,1,1,0,0,1,0,1,3
DDD,2013J,608062,0,South Region,A Level or Equivalent,80-90%,0-35,0,60,1,Pass,6,0,0,1,1,1,0,1,0,0,0,1,0,1,1,9
DDD,2013J,608170,0,South East Region,A Level or Equivalent,70-80%,0-35,0,60,0,Withdrawn,8,1,1,1,1,1,1,0,1,1,0,1,0,1,0,3
DDD,2013J,608178,1,Ireland,Lower Than A Level,0-10%,0-35,0,60,0,Fail,3,1,0,1,1,0,0,0,1,0,1,0,1,0,0,8
DDD,2013J,608206,0,Ireland,A Level or Equivalent,,0-35,0,120,0,Withdrawn,5,0,1,1,1,0,0,1,0,0,1,0,0,0,1,9
DDD,2013J,608217,1,South East Region,HE Qualification,90-100%,35-55,0,60,0,Pass,13,0,0,0,1,0,1,0,1,1,0,1,0,1,0,5
DDD,2013J,608238,0,North Region,Lower Than A Level,,35-55,0,120,0,Distinction,12,1,1,0,1,0,1,0,1,0,0,0,0,0,0,7
DDD,2013J,608267,0,South West Region,A Level or Equivalent,0-10%,0-35,0,60,0,Pass,1,1,0,0,0,0,1,1,1,1,1,1,0,0,1,2
DDD,2013J,608284,0,West Midlands Region,A Level or Equivalent,0-10%,0-35,0,120,0,Fail,9,1,1,1,1,1,1,1,0,0,1,1,0,0,0,4
DDD,2013J,608417,1,South Region,A Level or Equivalent,20-Oct,0-35,0,60,0,Pass,10,1,0,0,0,1,1,1,0,1,0,1,0,0,1,1
DDD,2013J,608449,0,Scotland,A Level or Equivalent,70-80%,0-35,0,60,0,Pass,15,1,1,0,0,1,0,1,1,0,0,1,1,0,1,10
DDD,2013J,608630,0,Yorkshire Region,A Level or Equivalent,0-10%,0-35,0,120,0,Fail,1,1,1,0,1,1,0,1,1,1,0,1,0,0,1,2
DDD,2013J,608638,0,West Midlands Region,A Level or Equivalent,0-10%,0-35,0,60,0,Withdrawn,4,0,0,0,0,1,1,1,0,0,1,0,1,0,0,8
DDD,2013J,608643,0,North Region,HE Qualification,40-50%,0-35,0,120,0,Pass,6,0,0,1,1,0,1,1,1,1,1,0,1,1,1,9
DDD,2013J,608733,0,East Anglian Region,Lower Than A Level,50-60%,0-35,0,90,0,Pass,1,0,1,0,0,0,1,0,1,0,1,1,1,0,1,2
DDD,2013J,608745,0,Scotland,HE Qualification,60-70%,0-35,0,60,0,Pass,14,0,1,1,1,0,0,0,0,0,1,0,0,1,0,5
DDD,2013J,608815,1,Scotland,A Level or Equivalent,50-60%,0-35,0,60,0,Pass,4,1,1,0,0,1,0,1,0,1,1,1,0,0,1,8
DDD,2013J,608848,1,North Western Region,A Level or Equivalent,70-80%,0-35,0,120,0,Withdrawn,2,1,0,1,1,1,0,1,0,1,1,0,0,0,1,2
DDD,2013J,608923,0,East Anglian Region,Lower Than A Level,0-10%,0-35,0,120,0,Pass,9,0,0,1,1,1,1,1,1,0,1,1,0,1,1,4
DDD,2013J,608943,1,South West Region,Lower Than A Level,30-40%,0-35,0,120,1,Withdrawn,9,1,0,0,0,1,0,1,1,0,0,0,0,1,0,4
DDD,2013J,608983,1,Wales,HE Qualification,20-30%,35-55,0,90,0,Pass,2,1,0,0,1,1,0,1,1,0,1,1,1,0,1,2
DDD,2013J,609031,1,East Anglian Region,Lower Than A Level,70-80%,0-35,0,90,0,Distinction,16,0,1,1,1,0,1,1,0,0,1,0,0,1,1,10
DDD,2013J,609044,0,London Region,A Level or Equivalent,20-30%,0-35,0,120,0,Fail,5,1,1,0,0,1,1,1,0,0,0,0,0,0,0,9
DDD,2013J,609089,0,South West Region,Lower Than A Level,80-90%,35-55,0,120,0,Withdrawn,3,0,1,0,0,0,1,1,1,1,1,0,1,1,1,8
DDD,2013J,609242,0,North Western Region,Lower Than A Level,20-Oct,0-35,0,60,0,Fail,7,0,1,0,0,0,0,1,0,0,0,1,1,0,1,3
DDD,2013J,609381,1,London Region,A Level or Equivalent,50-60%,35-55,0,60,0,Withdrawn,16,1,1,0,0,0,0,1,0,0,0,0,0,1,1,10
DDD,2013J,609480,1,South East Region,A Level or Equivalent,30-40%,35-55,0,60,0,Fail,2,0,0,1,0,1,0,1,0,0,0,1,1,0,1,2
DDD,2013J,609488,1,South West Region,A Level or Equivalent,70-80%,0-35,0,60,0,Fail,14,0,1,0,1,0,0,0,0,0,1,1,0,0,0,5
DDD,2013J,609593,0,North Region,HE Qualification,30-40%,0-35,0,60,0,Pass,4,0,1,1,1,0,1,0,0,1,1,1,0,1,1,8
DDD,2013J,609797,1,South West Region,A Level or Equivalent,30-40%,0-35,0,60,1,Withdrawn,3,1,1,1,1,1,0,1,1,1,1,0,1,0,0,8
DDD,2013J,609932,1,West Midlands Region,A Level or Equivalent,0-10%,0-35,0,60,0,Pass,15,1,0,1,0,1,1,1,0,0,0,0,1,1,0,10
DDD,2013J,609969,0,North Region,Lower Than A Level,,0-35,0,60,0,Pass,16,1,1,1,1,0,1,1,1,0,0,0,0,1,1,10
DDD,2013J,610019,0,Yorkshire Region,A Level or Equivalent,40-50%,55<=,0,60,0,Pass,2,1,1,0,1,1,0,1,0,0,1,1,0,1,1,2
DDD,2013J,610106,1,South Region,A Level or Equivalent,30-40%,0-35,0,90,1,Withdrawn,1,0,0,1,0,0,1,0,1,1,1,1,1,0,1,2
DDD,2013J,610170,0,South Region,Lower Than A Level,40-50%,0-35,0,120,0,Withdrawn,9,0,1,1,1,1,1,0,1,1,0,1,0,0,1,4
DDD,2013J,610220,1,London Region,A Level or Equivalent,30-40%,0-35,0,120,0,Pass,3,0,0,1,0,0,1,0,0,1,1,1,1,0,1,8
DDD,2013J,610257,0,Ireland,Post Graduate Qualification,,35-55,0,70,0,Pass,1,0,0,0,0,1,0,1,0,0,0,0,1,1,1,2
DDD,2013J,610279,0,South Region,A Level or Equivalent,60-70%,0-35,0,60,0,Pass,8,0,0,0,1,1,0,1,1,0,1,1,0,1,1,3
DDD,2013J,610393,0,North Region,A Level or Equivalent,,0-35,0,90,0,Fail,2,1,0,0,0,1,1,0,1,1,0,0,0,0,1,2
DDD,2013J,610402,0,Wales,HE Qualification,0-10%,0-35,0,60,0,Withdrawn,16,0,1,0,1,1,1,1,1,0,0,1,1,0,0,10
DDD,2013J,610469,1,North Region,Post Graduate Qualification,,0-35,0,60,0,Withdrawn,10,0,0,0,0,0,1,1,1,1,0,0,1,1,1,1
DDD,2013J,610537,0,North Western Region,A Level or Equivalent,50-60%,0-35,0,60,0,Fail,11,0,1,0,1,1,0,0,1,1,1,1,0,1,1,6
DDD,2013J,610595,1,North Region,A Level or Equivalent,,0-35,0,90,0,Pass,9,0,0,0,1,1,1,1,1,0,0,1,0,1,0,4
DDD,2013J,610603,1,North Region,A Level or Equivalent,20-30%,0-35,0,60,1,Pass,1,0,0,1,1,0,0,0,1,0,1,0,0,1,0,2
DDD,2013J,610606,0,South Region,HE Qualification,70-80%,0-35,0,60,0,Withdrawn,12,1,0,0,0,0,0,1,1,1,0,1,1,0,1,7
DDD,2013J,610701,1,London Region,HE Qualification,0-10%,0-35,0,120,0,Fail,8,1,1,0,1,0,0,1,1,1,1,0,0,0,1,3
DDD,2013J,610817,1,Wales,Lower Than A Level,80-90%,35-55,0,60,0,Withdrawn,15,1,0,0,0,0,1,1,1,1,1,1,1,0,1,10
DDD,2013J,610830,1,Wales,Lower Than A Level,80-90%,0-35,0,60,0,Withdrawn,9,0,0,0,1,1,0,1,1,1,1,1,1,1,0,4
DDD,2013J,610834,0,North Western Region,A Level or Equivalent,40-50%,35-55,0,60,0,Withdrawn,8,0,1,0,0,0,1,0,0,0,1,1,0,0,0,3
DDD,2013J,610838,1,Wales,Lower Than A Level,40-50%,35-55,0,60,0,Withdrawn,1,0,0,1,0,0,1,1,1,1,0,1,0,1,1,2
DDD,2013J,610870,1,South Region,A Level or Equivalent,90-100%,0-35,0,90,0,Pass,7,0,1,1,0,1,1,0,0,1,1,1,1,1,0,3
DDD,2013J,610913,1,North Western Region,Lower Than A Level,0-10%,0-35,0,60,0,Withdrawn,8,0,0,0,0,1,0,1,0,1,1,1,0,1,1,3
DDD,2013J,611162,1,Ireland,Lower Than A Level,20-30%,0-35,0,120,0,Pass,8,1,1,1,1,0,0,1,0,0,0,0,1,0,0,3
DDD,2013J,611244,0,South West Region,A Level or Equivalent,30-40%,0-35,0,60,0,Fail,13,1,0,0,0,1,0,1,0,1,0,0,1,1,0,5
DDD,2013J,611259,1,North Region,Lower Than A Level,,0-35,0,60,0,Pass,5,1,0,1,1,0,1,0,1,1,0,1,0,1,1,9
DDD,2013J,611271,0,Wales,Lower Than A Level,30-40%,0-35,0,60,0,Fail,13,1,0,0,0,0,0,1,1,0,0,1,1,0,0,5
DDD,2013J,611284,0,West Midlands Region,Lower Than A Level,70-80%,35-55,0,90,0,Distinction,13,0,1,0,1,1,1,1,1,1,0,0,0,1,0,5
DDD,2013J,611408,0,South Region,A Level or Equivalent,80-90%,0-35,0,120,0,Pass,4,1,0,0,0,0,1,0,1,1,0,0,1,0,1,8
DDD,2013J,611418,0,Ireland,A Level or Equivalent,,0-35,0,60,0,Fail,9,0,0,0,0,1,0,0,1,0,1,1,1,1,1,4
DDD,2013J,611464,1,West Midlands Region,A Level or Equivalent,50-60%,0-35,0,240,0,Pass,2,0,0,1,1,1,0,1,1,1,1,1,0,1,1,2
DDD,2013J,611478,1,South East Region,A Level or Equivalent,60-70%,0-35,0,60,0,Distinction,5,1,1,0,1,1,1,0,0,0,0,0,1,1,1,9
DDD,2013J,611593,0,South Region,Post Graduate Qualification,90-100%,35-55,0,60,0,Pass,4,0,1,0,0,1,1,1,0,1,0,0,0,1,0,8
DDD,2013J,835603,0,North Western Region,HE Qualification,20-30%,55<=,0,150,0,Withdrawn,9,1,0,0,1,0,1,0,1,1,0,1,1,0,1,4
DDD,2013J,925553,0,London Region,HE Qualification,90-100%,55<=,1,120,0,Withdrawn,12,1,0,1,1,0,0,1,0,1,0,1,1,1,0,7
DDD,2013J,983970,0,East Midlands Region,HE Qualification,80-90%,35-55,0,90,0,Pass,14,1,0,0,0,1,1,1,1,0,1,1,1,1,1,5
DDD,2013J,997948,0,North Western Region,A Level or Equivalent,20-30%,55<=,0,120,0,Withdrawn,12,1,1,0,0,1,0,0,0,0,1,0,1,1,1,7
DDD,2013J,1080206,1,Scotland,HE Qualification,70-80%,35-55,0,60,0,Pass,5,1,0,0,0,0,0,1,1,0,0,0,1,1,1,9
DDD,2013J,1103608,1,South West Region,HE Qualification,70-80%,35-55,0,60,0,Pass,11,0,1,1,1,1,0,1,1,1,0,1,0,1,0,6
DDD,2013J,1187586,0,Scotland,HE Qualification,80-90%,55<=,0,90,0,Pass,4,1,0,1,0,0,0,0,0,1,1,1,1,1,0,8
DDD,2013J,1282596,0,West Midlands Region,HE Qualification,40-50%,35-55,4,60,0,Fail,3,0,0,1,1,0,1,1,1,1,1,1,1,1,0,8
DDD,2013J,1345808,1,Scotland,HE Qualification,20-30%,35-55,0,60,0,Pass,10,0,1,1,0,1,1,1,1,1,0,1,1,0,0,1
DDD,2013J,1346966,0,North Region,HE Qualification,,35-55,0,60,0,Withdrawn,12,1,1,1,1,1,0,0,0,1,0,0,0,0,0,7
DDD,2013J,1355699,0,West Midlands Region,HE Qualification,50-60%,35-55,2,60,0,Pass,13,0,1,1,1,0,0,0,0,0,1,0,0,0,1,5
DDD,2013J,1375851,0,London Region,HE Qualification,50-60%,55<=,0,150,0,Pass,9,1,0,0,0,1,1,1,0,0,1,1,1,1,0,4
DDD,2013J,1440467,0,East Anglian Region,A Level or Equivalent,30-40%,35-55,0,90,0,Pass,5,0,1,1,1,1,1,0,1,0,0,0,1,0,0,9
DDD,2013J,1442991,0,Scotland,HE Qualification,70-80%,35-55,0,210,0,Pass,6,1,0,0,1,0,0,0,1,0,1,0,1,0,0,9
DDD,2013J,1449692,0,West Midlands Region,Lower Than A Level,40-50%,35-55,0,120,0,Pass,10,0,0,1,0,0,0,1,1,1,1,1,1,0,1,1
DDD,2013J,1464932,1,East Midlands Region,Lower Than A Level,20-Oct,35-55,0,60,0,Withdrawn,8,0,0,0,0,1,1,1,1,0,1,0,0,0,0,3
DDD,2013J,1485105,0,Wales,Lower Than A Level,60-70%,35-55,2,60,0,Fail,11,1,0,0,0,0,0,0,0,0,0,0,1,0,1,6
DDD,2013J,1497480,1,Scotland,A Level or Equivalent,40-50%,35-55,0,60,0,Fail,13,0,0,0,1,1,0,1,1,1,0,1,1,0,0,5
DDD,2013J,1507503,1,East Anglian Region,A Level or Equivalent,70-80%,35-55,0,60,1,Pass,3,1,1,0,0,1,0,1,0,0,1,0,0,1,0,8
DDD,2013J,1509881,1,Scotland,A Level or Equivalent,0-10%,35-55,0,60,1,Fail,12,1,1,0,0,1,1,1,0,1,1,1,1,1,0,7
DDD,2013J,1517755,0,South Region,A Level or Equivalent,20-30%,35-55,0,60,0,Withdrawn,10,0,1,0,0,1,1,0,1,1,1,0,0,1,0,1
DDD,2013J,1522631,1,East Anglian Region,A Level or Equivalent,30-40%,35-55,0,90,0,Fail,6,0,1,0,0,0,0,0,0,1,0,0,1,1,1,9
DDD,2013J,1530521,0,East Midlands Region,Lower Than A Level,80-90%,35-55,0,60,0,Pass,14,1,0,0,0,1,0,1,1,0,0,1,0,1,0,5
DDD,2013J,1563203,0,London Region,HE Qualification,40-50%,35-55,1,60,0,Fail,7,0,1,0,0,1,0,0,0,0,1,1,0,1,1,3
DDD,2013J,1564630,1,East Midlands Region,Lower Than A Level,80-90%,35-55,0,60,0,Pass,16,0,1,1,0,0,1,1,1,0,1,1,1,0,1,10
DDD,2013J,1569426,0,South West Region,A Level or Equivalent,20-30%,35-55,0,60,0,Pass,3,0,0,1,0,0,1,0,1,0,0,1,1,1,1,8
DDD,2013J,1580084,1,North Western Region,A Level or Equivalent,40-50%,35-55,0,60,0,Fail,14,0,1,0,0,0,0,1,0,1,1,1,1,0,1,5
DDD,2013J,1581243,0,East Midlands Region,A Level or Equivalent,30-40%,35-55,0,60,0,Pass,14,0,0,0,0,1,0,0,1,0,0,0,0,0,1,5
DDD,2013J,1592048,0,Wales,HE Qualification,30-40%,55<=,0,120,0,Withdrawn,2,0,1,1,0,0,0,1,0,1,1,0,1,0,0,2
DDD,2013J,1610188,0,East Midlands Region,Lower Than A Level,60-70%,35-55,1,90,0,Fail,6,1,0,1,0,1,1,1,0,1,0,0,1,0,1,9
DDD,2013J,1644266,1,South Region,Lower Than A Level,60-70%,35-55,0,60,0,Withdrawn,5,1,1,0,0,1,0,1,1,1,1,1,0,0,1,9
DDD,2013J,1644568,1,East Anglian Region,Lower Than A Level,50-60%,35-55,0,60,1,Fail,14,0,0,1,0,1,1,0,0,1,1,1,0,1,1,5
DDD,2013J,1678800,0,Scotland,A Level or Equivalent,40-50%,35-55,2,90,0,Pass,7,1,0,1,0,0,0,0,0,0,0,0,1,0,1,3
DDD,2013J,1679727,0,Scotland,A Level or Equivalent,80-90%,35-55,0,60,0,Pass,11,1,1,0,1,0,1,1,1,1,1,1,0,0,1,6
DDD,2013J,1679862,0,Scotland,A Level or Equivalent,80-90%,0-35,0,135,1,Fail,8,1,1,0,1,1,1,1,1,0,1,0,1,1,0,3
DDD,2013J,1684787,0,South West Region,HE Qualification,40-50%,35-55,0,90,0,Withdrawn,6,0,1,1,1,0,0,1,1,0,0,0,1,1,1,9
DDD,2013J,1687996,0,North Western Region,Lower Than A Level,80-90%,55<=,0,60,0,Withdrawn,9,1,1,1,1,1,0,0,1,0,0,0,0,0,0,4
DDD,2013J,1689069,1,North Region,A Level or Equivalent,,35-55,0,60,0,Pass,12,0,1,0,0,1,0,0,1,1,0,0,1,1,0,7
DDD,2013J,1713615,1,South West Region,HE Qualification,30-40%,35-55,0,130,0,Distinction,15,0,0,1,0,0,0,1,1,0,0,1,1,0,1,10
DDD,2013J,1716492,0,East Anglian Region,Lower Than A Level,60-70%,35-55,0,60,1,Fail,16,0,0,0,0,1,1,1,1,1,1,1,0,1,0,10
DDD,2013J,1721891,0,South Region,Lower Than A Level,20-Oct,35-55,0,60,0,Fail,10,1,1,1,1,0,1,0,1,1,1,1,1,1,1,1
DDD,2013J,1723019,1,South Region,HE Qualification,60-70%,35-55,0,120,0,Fail,9,1,0,1,1,1,1,1,0,0,1,0,1,1,1,4
DDD,2013J,1753235,0,Yorkshire Region,HE Qualification,60-70%,35-55,0,60,0,Withdrawn,13,1,1,1,1,1,1,1,0,1,1,1,1,0,0,5
DDD,2013J,1756165,1,North Region,HE Qualification,30-40%,0-35,0,60,0,Pass,16,0,1,1,0,1,0,1,0,1,0,1,0,0,0,10
DDD,2013J,1766513,0,South East Region,Lower Than A Level,80-90%,35-55,1,60,0,Pass,7,0,0,0,0,0,1,1,1,1,1,0,1,1,1,3
DDD,2013J,1777511,0,South West Region,A Level or Equivalent,40-50%,35-55,0,60,0,Pass,8,1,0,1,1,0,0,0,0,1,1,0,1,1,0,3
DDD,2013J,1782581,1,East Anglian Region,Lower Than A Level,40-50%,35-55,0,60,0,Withdrawn,15,1,0,1,1,0,1,0,1,1,0,0,0,0,0,10
DDD,2013J,1796059,0,South Region,Lower Than A Level,90-100%,0-35,0,60,0,Withdrawn,1,1,1,1,1,1,1,0,1,0,0,0,0,1,1,2
DDD,2013J,1818677,0,East Anglian Region,A Level or Equivalent,80-90%,35-55,0,90,0,Withdrawn,9,1,0,1,1,0,1,0,1,1,0,0,1,0,0,4
DDD,2013J,1819994,0,South Region,HE Qualification,70-80%,55<=,1,120,0,Distinction,5,0,0,1,1,1,0,1,0,0,1,0,1,1,1,9
DDD,2013J,1830562,0,Scotland,HE Qualification,20-30%,35-55,0,60,0,Fail,13,1,1,1,0,1,0,0,0,0,1,0,1,1,1,5
DDD,2013J,1833308,1,Yorkshire Region,Lower Than A Level,50-60%,35-55,0,60,0,Withdrawn,10,1,0,0,1,1,1,1,0,0,0,0,1,1,1,1
DDD,2013J,1835411,0,Scotland,HE Qualification,90-100%,55<=,0,60,0,Distinction,11,0,1,1,1,1,1,0,0,0,0,1,0,1,1,6
DDD,2013J,1840610,0,West Midlands Region,HE Qualification,40-50%,35-55,1,60,0,Withdrawn,12,1,1,0,0,0,1,1,0,1,1,0,0,0,1,7
DDD,2013J,1847481,1,East Anglian Region,HE Qualification,30-40%,35-55,0,60,0,Pass,5,1,1,0,1,1,0,0,1,1,1,1,0,0,1,9
DDD,2013J,1868389,0,North Western Region,A Level or Equivalent,30-40%,35-55,0,60,1,Fail,11,1,1,1,1,0,0,1,0,0,0,1,1,0,1,6
DDD,2013J,1874363,0,East Midlands Region,HE Qualification,40-50%,35-55,0,60,0,Pass,2,0,1,0,1,1,0,0,1,1,1,0,0,0,0,2
DDD,2013J,1877732,0,West Midlands Region,HE Qualification,70-80%,35-55,0,90,0,Withdrawn,1,1,0,0,1,0,1,0,0,0,1,1,0,0,1,2
DDD,2013J,1887928,0,North Western Region,HE Qualification,0-10%,35-55,0,90,0,Pass,1,0,0,1,0,1,1,1,1,0,1,0,0,0,1,2
DDD,2013J,1894634,0,London Region,HE Qualification,0-10%,35-55,1,180,1,Pass,10,0,1,1,1,1,1,0,1,0,1,1,1,0,0,1
DDD,2013J,1901764,1,London Region,HE Qualification,30-40%,35-55,0,180,0,Withdrawn,5,1,0,0,0,0,0,0,0,0,0,1,0,1,0,9
DDD,2013J,1903131,0,East Anglian Region,Lower Than A Level,40-50%,35-55,0,120,0,Withdrawn,5,1,1,0,0,1,1,0,0,1,0,1,1,0,0,9
DDD,2013J,1903477,0,Wales,HE Qualification,90-100%,35-55,0,90,0,Pass,15,1,1,1,0,1,0,1,1,1,0,0,0,1,0,10
DDD,2013J,1913872,1,South Region,A Level or Equivalent,90-100%,55<=,1,60,0,Fail,7,0,0,1,0,0,1,1,1,0,1,1,1,1,0,3
DDD,2013J,1935774,0,South West Region,A Level or Equivalent,40-50%,0-35,2,60,0,Withdrawn,7,1,0,0,1,1,1,1,0,0,1,0,1,0,0,3
DDD,2013J,1957728,0,East Midlands Region,Lower Than A Level,80-90%,0-35,0,60,0,Fail,7,0,0,0,0,0,1,0,0,0,0,1,0,0,0,3
DDD,2013J,1963677,0,North Western Region,Lower Than A Level,0-10%,0-35,0,60,1,Pass,13,1,0,0,1,0,1,1,1,0,0,1,0,0,0,5
DDD,2013J,1982833,0,Wales,HE Qualification,80-90%,35-55,0,60,0,Fail,3,1,0,0,0,1,0,1,1,0,0,1,1,1,1,8
DDD,2013J,2014252,0,South Region,HE Qualification,60-70%,0-35,0,60,0,Withdrawn,16,1,1,1,1,0,0,1,0,0,1,1,0,1,1,10
DDD,2013J,2032057,0,South Region,A Level or Equivalent,80-90%,0-35,0,60,0,Pass,8,0,0,1,1,1,0,0,0,1,1,1,0,1,0,3
DDD,2013J,2032882,1,East Midlands Region,A Level or Equivalent,30-40%,35-55,0,60,1,Withdrawn,16,0,0,0,0,1,0,0,1,0,0,0,1,0,0,10
DDD,2013J,2034802,0,Scotland,HE Qualification,90-100%,55<=,0,130,0,Distinction,12,1,0,1,1,0,1,1,1,1,0,0,0,0,0,7
DDD,2013J,2039190,1,North Region,Lower Than A Level,,35-55,0,60,0,Distinction,6,1,0,1,1,0,0,1,1,0,1,1,1,1,0,9
DDD,2013J,2039810,0,Scotland,HE Qualification,80-90%,35-55,0,60,0,Withdrawn,8,0,1,1,1,0,1,0,1,0,0,1,0,1,0,3
DDD,2013J,2043916,0,South East Region,Lower Than A Level,90-100%,35-55,0,120,0,Withdrawn,1,1,0,1,1,0,0,1,0,1,1,1,1,1,1,2
DDD,2013J,2045139,0,Scotland,Lower Than A Level,80-90%,35-55,0,70,0,Withdrawn,11,1,1,0,1,1,0,0,1,0,0,0,1,0,0,6
DDD,2013J,2046628,0,Ireland,HE Qualification,60-70%,35-55,1,120,1,Withdrawn,9,1,0,1,0,0,1,0,0,1,1,1,1,0,1,4
DDD,2013J,2068627,1,Scotland,Post Graduate Qualification,60-70%,35-55,0,130,0,Withdrawn,10,0,0,1,1,0,1,0,1,0,0,1,0,0,1,1
DDD,2013J,2082180,0,London Region,A Level or Equivalent,90-100%,0-35,2,60,0,Withdrawn,6,0,0,1,0,1,0,1,1,1,0,0,0,1,1,9
DDD,2013J,2089582,1,South East Region,HE Qualification,20-30%,35-55,0,60,0,Pass,11,0,0,0,0,0,0,0,1,1,1,1,0,0,0,6
DDD,2013J,2094546,0,East Anglian Region,A Level or Equivalent,60-70%,35-55,1,60,0,Withdrawn,15,0,0,0,0,1,1,1,0,0,0,0,1,0,0,10
DDD,2013J,2098405,0,South Region,HE Qualification,90-100%,55<=,0,60,0,Pass,6,0,1,1,1,0,0,0,1,1,1,1,1,0,0,9
DDD,2013J,2112088,1,South West Region,A Level or Equivalent,30-40%,35-55,1,70,0,Pass,11,0,0,1,0,0,0,1,1,0,1,1,0,1,0,6
DDD,2013J,2134578,1,East Anglian Region,A Level or Equivalent,40-50%,0-35,0,60,0,Withdrawn,13,1,0,1,1,1,0,0,0,1,1,1,1,1,0,5
DDD,2013J,2149701,1,Wales,Lower Than A Level,0-10%,0-35,0,240,0,Withdrawn,6,0,1,0,0,1,1,0,0,1,1,0,0,0,1,9
DDD,2013J,2157412,0,South West Region,HE Qualification,30-40%,35-55,0,60,0,Pass,14,1,0,1,1,1,1,1,0,1,0,1,0,0,0,5
DDD,2013J,2175266,0,Wales,HE Qualification,50-60%,35-55,0,60,0,Withdrawn,16,1,1,0,0,0,0,0,1,0,0,1,0,1,1,10
DDD,2013J,2194777,0,East Anglian Region,Lower Than A Level,20-Oct,0-35,0,120,0,Withdrawn,9,1,1,0,1,1,1,0,0,0,0,1,1,0,1,4
DDD,2013J,2195479,1,South Region,Lower Than A Level,40-50%,35-55,0,90,0,Withdrawn,9,0,1,1,0,0,1,0,0,1,1,0,0,1,0,4
DDD,2013J,2198952,0,Ireland,A Level or Equivalent,,35-55,0,60,0,Pass,5,0,0,1,1,0,0,1,1,0,1,1,0,1,1,9
DDD,2013J,2198970,0,North Western Region,HE Qualification,50-60%,35-55,0,60,0,Withdrawn,16,1,0,0,1,0,1,1,1,0,0,0,0,0,1,10
DDD,2013J,2202076,0,Ireland,Lower Than A Level,70-80%,0-35,0,90,0,Pass,2,0,0,0,1,0,0,1,1,0,1,1,0,1,0,2
DDD,2013J,2204293,1,Scotland,Lower Than A Level,50-60%,35-55,0,120,0,Pass,9,0,0,0,0,1,0,0,0,1,0,0,1,0,1,4
DDD,2013J,2215898,1,Scotland,HE Qualification,40-50%,35-55,2,60,1,Pass,12,0,1,1,0,0,0,1,0,1,1,0,1,1,0,7
DDD,2013J,2221869,1,Wales,HE Qualification,20-Oct,35-55,2,150,0,Withdrawn,14,0,1,0,0,1,0,0,1,1,0,0,0,0,1,5
DDD,2013J,2232218,0,South Region,A Level or Equivalent,30-40%,35-55,1,120,0,Pass,8,1,1,1,0,1,0,1,0,0,1,0,1,0,0,3
DDD,2013J,2239650,1,East Anglian Region,HE Qualification,90-100%,35-55,0,140,0,Distinction,9,0,1,0,1,1,0,0,1,1,0,1,0,0,0,4
DDD,2013J,2252750,1,East Anglian Region,A Level or Equivalent,30-40%,0-35,0,220,0,Pass,15,1,0,0,0,1,0,0,0,0,1,0,1,0,1,10
DDD,2013J,2253576,0,Yorkshire Region,Lower Than A Level,20-Oct,35-55,0,60,0,Fail,6,1,0,0,1,1,1,1,0,0,1,0,0,0,0,9
DDD,2013J,2256318,0,Yorkshire Region,A Level or Equivalent,20-30%,0-35,1,120,1,Withdrawn,15,0,1,0,0,1,1,0,1,1,1,0,0,0,1,10
DDD,2013J,2281870,0,East Anglian Region,Lower Than A Level,0-10%,0-35,0,60,0,Withdrawn,11,1,1,1,0,1,1,0,1,0,1,0,0,0,1,6
DDD,2013J,2282040,1,Yorkshire Region,A Level or Equivalent,40-50%,0-35,0,60,0,Pass,9,0,0,1,1,0,0,1,1,0,0,1,1,1,0,4
DDD,2013J,2284294,1,East Midlands Region,HE Qualification,20-Oct,0-35,0,60,0,Distinction,7,0,0,1,1,0,0,1,1,1,0,0,0,1,0,3
DDD,2013J,2288599,0,North Region,Lower Than A Level,0-10%,0-35,0,60,0,Withdrawn,7,0,1,1,1,0,1,0,1,1,0,1,1,1,1,3
DDD,2013J,2289847,0,Ireland,Lower Than A Level,80-90%,0-35,0,60,0,Pass,5,0,1,1,1,1,1,1,1,1,1,1,1,0,1,9
DDD,2013J,2292724,0,East Anglian Region,Lower Than A Level,60-70%,0-35,1,60,0,Pass,2,1,1,0,1,0,1,1,1,0,1,0,1,0,0,2
DDD,2013J,2296163,1,Wales,A Level or Equivalent,30-40%,35-55,0,120,0,Pass,12,1,0,1,0,0,1,0,0,0,1,1,0,1,0,7
DDD,2013J,2305957,1,North Western Region,HE Qualification,0-10%,0-35,0,150,0,Withdrawn,12,1,0,1,1,1,1,1,1,0,1,0,0,1,0,7
DDD,2013J,2314761,0,East Midlands Region,A Level or Equivalent,90-100%,0-35,0,60,0,Withdrawn,1,0,0,0,0,0,0,0,1,1,1,0,1,1,1,2
DDD,2013J,2321492,1,East Midlands Region,Lower Than A Level,20-Oct,35-55,0,150,1,Withdrawn,9,0,1,1,1,0,1,1,0,0,1,1,0,1,0,4
DDD,2013J,2325606,1,North Region,Lower Than A Level,40-50%,0-35,1,70,0,Withdrawn,9,0,1,0,0,1,1,1,1,0,0,0,1,0,0,4
DDD,2013J,2327045,0,London Region,A Level or Equivalent,0-10%,35-55,0,60,0,Pass,3,1,0,1,0,0,0,0,1,0,1,0,0,1,0,8
DDD,2013J,2327472,0,Ireland,HE Qualification,,35-55,0,60,0,Pass,12,1,1,1,0,1,0,0,0,1,1,1,1,0,1,7
DDD,2013J,2336922,1,South East Region,A Level or Equivalent,80-90%,35-55,0,180,0,Withdrawn,13,0,0,1,0,1,1,0,1,0,1,1,1,1,0,5
DDD,2013J,2337441,1,Scotland,Lower Than A Level,90-100%,0-35,0,60,0,Fail,6,1,0,0,0,1,0,1,0,0,0,0,0,1,1,9
DDD,2013J,2339150,1,West Midlands Region,A Level or Equivalent,0-10%,0-35,4,60,0,Fail,3,1,1,0,1,1,1,0,1,0,1,0,1,1,1,8
DDD,2013J,2340230,1,Scotland,HE Qualification,0-10%,0-35,0,120,0,Pass,15,0,1,1,1,0,1,1,0,0,0,0,1,1,0,10
DDD,2013J,2340786,0,London Region,A Level or Equivalent,90-100%,35-55,0,60,0,Distinction,4,0,1,1,1,0,1,0,1,0,1,0,1,0,0,8
DDD,2013J,2342399,0,South West Region,Lower Than A Level,50-60%,35-55,1,60,0,Pass,12,1,1,1,1,1,0,0,1,0,1,1,0,1,1,7
DDD,2013J,2352039,1,North Western Region,Lower Than A Level,30-40%,35-55,0,180,0,Withdrawn,4,0,0,1,0,1,1,0,1,0,0,1,0,1,0,8
DDD,2013J,2355555,0,South West Region,Lower Than A Level,20-30%,0-35,0,60,1,Fail,10,0,1,1,1,0,0,1,0,0,0,1,0,0,1,1
DDD,2013J,2356801,0,East Anglian Region,HE Qualification,70-80%,35-55,0,60,0,Pass,9,0,1,1,1,1,0,1,0,1,1,1,1,1,1,4
DDD,2013J,2358707,1,South West Region,A Level or Equivalent,90-100%,0-35,0,120,0,Pass,10,0,1,0,1,0,0,0,1,1,1,0,0,1,0,1
DDD,2013J,2359191,0,Yorkshire Region,Lower Than A Level,20-30%,35-55,0,60,0,Pass,9,1,1,1,1,0,1,1,0,1,0,0,1,1,1,4
DDD,2013J,2365438,0,Yorkshire Region,HE Qualification,60-70%,35-55,0,60,0,Fail,11,1,0,0,1,0,0,0,1,0,1,1,1,0,1,6
DDD,2013J,2366024,0,North Western Region,A Level or Equivalent,20-30%,0-35,0,90,0,Fail,12,1,1,1,1,1,0,1,1,0,1,0,0,0,1,7
DDD,2013J,2366701,1,South West Region,HE Qualification,40-50%,35-55,1,190,1,Withdrawn,15,1,1,0,0,0,1,1,1,0,0,1,0,1,1,10
DDD,2013J,2367887,1,Scotland,A Level or Equivalent,0-10%,35-55,1,330,0,Withdrawn,14,1,1,1,1,1,1,1,0,0,0,0,0,0,0,5
DDD,2013J,2375123,0,North Western Region,HE Qualification,70-80%,0-35,1,60,0,Pass,13,1,1,0,1,0,1,0,1,1,1,0,1,0,0,5
DDD,2013J,2375627,0,Wales,A Level or Equivalent,30-40%,0-35,1,60,1,Pass,5,1,0,1,1,1,0,0,1,0,0,0,0,1,1,9
DDD,2013J,2377769,1,North Western Region,A Level or Equivalent,20-Oct,0-35,0,60,0,Pass,16,0,1,0,0,0,0,0,1,0,1,1,0,0,1,10
DDD,2013J,2382048,1,East Midlands Region,HE Qualification,60-70%,35-55,0,90,0,Distinction,3,0,0,1,1,0,0,1,1,0,1,1,0,0,0,8
DDD,2013J,2383036,1,Yorkshire Region,A Level or Equivalent,20-Oct,0-35,0,120,0,Pass,8,0,0,0,1,1,1,1,1,1,1,0,0,0,0,3
DDD,2013J,2388030,0,Scotland,A Level or Equivalent,50-60%,0-35,3,60,0,Fail,1,0,1,0,0,1,0,0,1,1,1,0,1,1,1,2
DDD,2013J,2404530,0,Scotland,A Level or Equivalent,30-40%,0-35,0,70,0,Fail,15,1,1,0,1,0,1,1,1,0,1,1,0,0,0,10
DDD,2013J,2409396,1,West Midlands Region,A Level or Equivalent,70-80%,0-35,0,90,1,Withdrawn,1,1,1,0,1,1,1,1,1,1,0,1,1,0,0,2
DDD,2013J,2410364,1,East Midlands Region,A Level or Equivalent,90-100%,0-35,0,60,0,Withdrawn,6,1,0,1,1,1,1,0,1,0,0,0,1,0,1,9
DDD,2013J,2411981,0,Wales,A Level or Equivalent,20-30%,0-35,0,270,0,Withdrawn,7,0,0,1,0,1,0,0,1,0,0,1,1,0,0,3
DDD,2013J,2416024,0,East Anglian Region,Lower Than A Level,70-80%,35-55,0,60,0,Fail,16,1,0,1,0,1,0,0,1,1,1,1,1,1,1,10
DDD,2013J,2421961,0,Yorkshire Region,A Level or Equivalent,30-40%,0-35,0,90,0,Fail,8,0,1,0,0,1,1,0,0,0,1,1,1,0,0,3
DDD,2013J,2430070,0,Yorkshire Region,A Level or Equivalent,30-40%,35-55,0,60,0,Pass,3,0,1,0,1,0,0,1,0,1,0,0,1,0,0,8
DDD,2013J,2430405,1,East Midlands Region,Lower Than A Level,60-70%,0-35,0,60,1,Pass,6,1,1,1,0,0,0,1,1,1,1,1,0,1,1,9
DDD,2013J,2434369,1,Scotland,HE Qualification,90-100%,0-35,0,240,1,Distinction,4,0,0,0,1,0,0,0,1,1,0,1,1,1,0,8
DDD,2013J,2437065,0,Scotland,A Level or Equivalent,20-Oct,35-55,1,60,1,Distinction,7,1,0,1,0,1,1,0,1,0,0,1,0,0,1,3
DDD,2013J,2445016,1,South West Region,A Level or Equivalent,50-60%,0-35,1,150,0,Withdrawn,15,1,0,0,1,0,1,1,0,0,1,0,0,1,1,10
DDD,2013J,2446109,0,East Anglian Region,Lower Than A Level,20-30%,0-35,0,90,0,Pass,3,0,1,0,1,1,1,0,1,1,0,0,0,0,0,8
DDD,2013J,2452902,1,West Midlands Region,Lower Than A Level,50-60%,0-35,0,120,1,Withdrawn,3,1,0,0,0,1,0,1,0,0,0,1,1,0,0,8
DDD,2013J,2457907,0,North Western Region,A Level or Equivalent,60-70%,0-35,0,90,0,Pass,7,1,1,0,0,0,1,1,0,1,1,0,1,0,0,3
DDD,2013J,2461936,0,East Midlands Region,A Level or Equivalent,60-70%,0-35,0,60,0,Pass,2,0,0,1,1,1,1,0,1,1,0,1,1,0,1,2
DDD,2013J,2462628,0,South East Region,HE Qualification,50-60%,35-55,0,60,0,Pass,1,0,1,0,0,1,0,1,0,0,0,0,1,1,1,2
DDD,2013J,2472145,0,East Anglian Region,HE Qualification,40-50%,35-55,1,160,0,Pass,12,1,0,0,0,0,0,1,1,1,0,1,1,0,0,7
DDD,2013J,2473456,1,London Region,Lower Than A Level,70-80%,35-55,0,60,0,Pass,2,0,0,1,0,1,1,1,1,0,1,1,1,0,1,2
DDD,2013J,2474436,1,North Western Region,A Level or Equivalent,20-30%,0-35,0,120,0,Fail,9,1,1,1,1,1,1,1,1,0,1,1,1,0,0,4
DDD,2013J,2477052,0,South Region,Lower Than A Level,90-100%,35-55,0,70,0,Pass,2,0,1,1,1,0,0,0,0,0,0,1,1,0,1,2
DDD,2013J,2477792,0,South East Region,HE Qualification,40-50%,35-55,0,60,0,Withdrawn,3,1,1,1,1,0,1,0,0,0,0,1,0,1,1,8
DDD,2013J,2479086,1,Scotland,Lower Than A Level,20-30%,0-35,1,60,0,Fail,8,0,0,1,1,1,0,1,1,1,0,1,1,1,1,3
DDD,2013J,2485582,0,South West Region,Lower Than A Level,40-50%,35-55,0,60,0,Distinction,14,1,1,1,0,0,1,1,0,1,0,1,0,1,1,5
DDD,2013J,2485856,1,Scotland,Lower Than A Level,20-30%,35-55,1,120,0,Withdrawn,10,1,0,0,1,0,0,0,1,1,1,0,0,1,0,1
DDD,2013J,2486769,0,London Region,HE Qualification,0-10%,35-55,0,90,0,Fail,11,0,0,1,1,1,1,1,1,0,1,0,0,0,1,6
DDD,2013J,2494999,1,North Region,Lower Than A Level,,0-35,0,60,0,Fail,11,0,1,0,0,1,0,1,0,0,1,1,0,0,0,6
DDD,2013J,2495352,0,Ireland,Lower Than A Level,30-40%,35-55,0,60,0,Fail,13,1,0,1,0,0,1,0,1,1,1,0,1,1,1,5
DDD,2013J,2501578,1,Wales,A Level or Equivalent,70-80%,0-35,0,60,0,Withdrawn,9,0,0,0,1,0,0,0,0,1,1,1,0,1,0,4
DDD,2013J,2505389,0,West Midlands Region,A Level or Equivalent,20-30%,0-35,0,60,0,Withdrawn,10,0,0,1,0,1,1,0,1,1,1,0,1,1,1,1
DDD,2013J,2505413,1,South Region,Lower Than A Level,30-40%,0-35,0,120,1,Withdrawn,12,1,1,0,1,1,1,1,0,0,1,0,1,1,1,7
DDD,2013J,2505859,0,North Region,HE Qualification,,35-55,0,60,0,Pass,5,0,1,1,0,0,1,0,1,0,1,1,0,0,1,9
DDD,2013J,2520868,1,Yorkshire Region,Lower Than A Level,80-90%,0-35,0,120,0,Pass,9,1,0,1,1,0,1,1,0,1,1,0,0,1,1,4
DDD,2013J,2522932,1,Scotland,HE Qualification,20-30%,0-35,0,90,0,Fail,12,0,1,1,0,1,1,0,0,0,0,1,0,1,0,7
DDD,2013J,2539092,0,Scotland,Lower Than A Level,20-Oct,0-35,1,60,0,Fail,15,0,1,1,0,1,0,1,0,1,1,0,0,0,1,10
DDD,2013J,2540195,0,South Region,HE Qualification,90-100%,0-35,1,90,0,Fail,9,1,1,1,0,0,0,0,0,0,1,0,0,0,0,4
DDD,2013J,2542803,0,Wales,A Level or Equivalent,30-40%,0-35,0,60,0,Withdrawn,13,0,1,0,0,1,0,1,0,1,0,0,0,1,1,5
DDD,2013J,2546792,0,North Western Region,Lower Than A Level,20-30%,0-35,1,90,0,Withdrawn,7,0,1,1,1,1,1,0,0,1,0,1,0,1,1,3
DDD,2013J,2546976,0,Wales,HE Qualification,20-Oct,35-55,0,60,0,Withdrawn,9,1,0,0,1,1,0,0,0,0,1,1,1,1,1,4
DDD,2013J,2547032,1,North Western Region,A Level or Equivalent,0-10%,0-35,1,60,0,Withdrawn,4,1,1,1,0,1,0,1,0,0,0,0,1,0,0,8
DDD,2013J,2550054,1,North Western Region,HE Qualification,50-60%,35-55,0,60,0,Fail,9,1,1,1,0,1,1,0,0,0,0,0,0,0,1,4
DDD,2013J,2552672,1,Scotland,HE Qualification,50-60%,35-55,1,60,1,Pass,16,0,1,0,0,1,0,1,0,0,0,1,1,0,1,10
DDD,2013J,2554973,0,South Region,Lower Than A Level,40-50%,35-55,1,60,0,Fail,16,1,0,0,0,1,0,0,1,1,0,0,0,1,1,10
DDD,2013J,2555596,0,South Region,A Level or Equivalent,30-40%,0-35,0,90,0,Pass,1,1,0,1,1,0,1,0,1,0,0,1,1,1,1,2
DDD,2013J,2556345,1,North Western Region,Lower Than A Level,0-10%,35-55,1,60,0,Fail,4,1,0,1,0,1,1,0,1,1,1,1,0,0,0,8
DDD,2013J,2560868,0,London Region,A Level or Equivalent,40-50%,0-35,0,60,0,Pass,1,1,1,1,1,1,1,0,1,0,0,0,1,1,0,2
DDD,2013J,2561282,1,West Midlands Region,Lower Than A Level,0-10%,0-35,0,60,1,Fail,4,0,0,0,1,0,1,1,0,0,0,0,0,1,0,8
DDD,2013J,2561811,0,South East Region,Lower Than A Level,60-70%,35-55,0,60,0,Withdrawn,11,0,0,0,1,1,0,1,1,1,0,1,1,1,1,6
DDD,2013J,2569051,1,South Region,HE Qualification,50-60%,35-55,0,60,0,Fail,10,0,0,1,1,0,1,1,0,0,1,1,1,1,1,1
DDD,2013J,2569416,0,South Region,A Level or Equivalent,80-90%,35-55,1,90,0,Distinction,1,0,1,1,1,0,0,0,1,1,0,1,0,0,1,2
DDD,2013J,2569653,0,North Western Region,HE Qualification,90-100%,35-55,0,90,0,Fail,6,1,1,1,1,1,0,0,0,1,0,0,0,1,0,9
DDD,2013J,2570253,0,South East Region,Lower Than A Level,70-80%,35-55,0,120,0,Pass,6,0,0,1,1,0,1,0,0,1,0,0,1,1,1,9
DDD,2013J,2574281,1,North Western Region,Lower Than A Level,30-40%,35-55,0,60,0,Fail,2,1,1,0,0,1,1,1,1,1,0,0,0,0,1,2
DDD,2013J,2576298,0,South West Region,A Level or Equivalent,60-70%,0-35,0,90,0,Fail,1,0,1,1,1,0,1,0,1,0,0,1,0,1,1,2
DDD,2013J,2577480,0,North Western Region,Lower Than A Level,30-40%,0-35,0,120,0,Withdrawn,11,0,0,1,0,1,1,0,0,1,1,0,0,1,1,6
DDD,2013J,2579683,0,West Midlands Region,A Level or Equivalent,20-30%,0-35,0,60,1,Withdrawn,16,1,0,1,0,0,1,0,0,0,1,1,0,0,1,10
DDD,2013J,2581779,0,London Region,A Level or Equivalent,50-60%,0-35,0,60,0,Pass,4,0,0,1,0,1,1,0,0,0,1,1,1,0,1,8
DDD,2013J,2581822,0,West Midlands Region,HE Qualification,30-40%,0-35,1,150,0,Pass,7,0,0,0,0,1,1,1,0,0,0,0,1,1,0,3
DDD,2013J,2585270,0,North Western Region,A Level or Equivalent,0-10%,0-35,2,60,0,Pass,11,1,1,1,1,1,1,1,1,0,1,0,0,0,1,6
DDD,2013J,2585395,0,South East Region,Lower Than A Level,80-90%,0-35,0,60,0,Withdrawn,7,0,1,1,1,0,1,0,0,1,0,0,1,1,0,3
DDD,2013J,2588379,0,East Anglian Region,Lower Than A Level,70-80%,35-55,0,60,1,Fail,6,0,1,1,1,0,0,1,1,0,0,0,1,0,1,9
DDD,2013J,2588655,0,Scotland,Lower Than A Level,50-60%,0-35,1,60,0,Withdrawn,5,0,0,1,1,1,0,1,0,0,1,0,1,1,1,9
DDD,2013J,2589096,0,South Region,Lower Than A Level,30-40%,0-35,0,60,0,Withdrawn,8,0,1,1,1,1,0,0,0,1,0,0,0,0,1,3
DDD,2013J,2595968,0,South Region,A Level or Equivalent,90-100%,35-55,0,60,0,Withdrawn,5,1,0,1,1,1,0,0,0,0,1,1,1,0,1,9
DDD,2013J,2597673,1,Scotland,HE Qualification,30-40%,0-35,0,60,0,Withdrawn,5,0,1,1,1,0,0,1,1,0,1,0,0,1,1,9
DDD,2013J,2598861,0,South West Region,Lower Than A Level,20-Oct,0-35,1,60,0,Withdrawn,11,0,1,1,1,1,1,1,0,1,0,1,1,0,1,6
DDD,2013J,2602235,0,East Midlands Region,Lower Than A Level,50-60%,0-35,0,90,0,Fail,14,0,1,0,1,1,1,1,0,0,0,0,1,1,0,5
DDD,2013J,2606871,0,Scotland,HE Qualification,80-90%,0-35,0,60,0,Withdrawn,7,0,0,1,0,0,1,1,1,0,0,1,1,0,1,3
DDD,2013J,2608420,1,East Midlands Region,Lower Than A Level,40-50%,0-35,0,120,0,Withdrawn,1,0,0,0,1,1,0,1,0,0,1,0,1,1,0,2
DDD,2013J,2612561,0,North Region,A Level or Equivalent,70-80%,0-35,0,60,0,Pass,14,1,1,1,0,0,0,1,1,0,0,0,1,0,0,5
DDD,2013J,2613296,0,Scotland,Lower Than A Level,40-50%,0-35,1,120,0,Pass,9,1,1,1,0,1,1,0,0,0,1,0,1,1,0,4
DDD,2013J,2615169,0,Wales,A Level or Equivalent,40-50%,0-35,0,60,0,Withdrawn,5,0,1,1,1,1,0,0,1,1,0,1,0,1,1,9
DDD,2013J,2615761,1,London Region,A Level or Equivalent,80-90%,0-35,1,60,0,Fail,2,1,1,1,0,1,0,0,1,1,1,0,1,1,0,2
DDD,2013J,2618352,1,London Region,Lower Than A Level,20-30%,0-35,0,60,0,Withdrawn,16,1,1,0,0,0,0,1,1,1,1,0,0,0,1,10
DDD,2013J,2624040,1,South West Region,Lower Than A Level,80-90%,0-35,1,210,0,Pass,2,1,1,0,1,1,0,1,1,0,1,1,0,0,0,2
DDD,2013J,2627449,0,East Midlands Region,Lower Than A Level,30-40%,0-35,0,120,0,Pass,16,0,0,1,0,0,1,0,1,1,1,1,0,0,1,10
DDD,2013J,2630796,1,Yorkshire Region,A Level or Equivalent,30-40%,0-35,0,120,0,Withdrawn,6,1,1,0,0,1,0,1,0,1,1,1,1,0,0,9
DDD,2013J,2631225,1,Scotland,HE Qualification,70-80%,0-35,0,60,0,Withdrawn,16,1,1,1,0,1,1,0,0,1,0,0,0,0,1,10
DDD,2013J,2635163,0,Scotland,Lower Than A Level,40-50%,35-55,0,70,0,Pass,3,1,0,1,1,1,0,1,0,1,0,0,1,1,1,8
DDD,2013J,2636885,1,Yorkshire Region,A Level or Equivalent,20-Oct,35-55,2,120,0,Fail,5,1,0,0,1,1,1,1,0,1,0,1,1,1,1,9
DDD,2013J,2639310,0,East Anglian Region,A Level or Equivalent,60-70%,0-35,0,90,0,Pass,13,1,1,0,0,0,1,0,0,1,0,1,1,0,1,5
DDD,2013J,2642498,1,Scotland,Lower Than A Level,0-10%,35-55,2,120,1,Withdrawn,1,0,1,1,0,0,1,1,1,1,0,0,1,0,1,2
DDD,2013J,2643555,0,Scotland,A Level or Equivalent,70-80%,0-35,0,60,0,Pass,16,1,1,0,0,1,0,0,0,1,1,1,1,1,1,10
DDD,2013J,2646291,1,South West Region,A Level or Equivalent,20-30%,0-35,1,60,0,Pass,15,0,1,1,0,1,1,0,0,1,0,0,1,1,1,10
DDD,2013J,2648271,0,Scotland,A Level or Equivalent,80-90%,0-35,1,60,0,Withdrawn,3,0,1,0,1,0,1,0,1,1,0,0,0,1,1,8
DDD,2013J,2648317,0,East Midlands Region,Lower Than A Level,60-70%,0-35,0,60,1,Withdrawn,1,0,0,1,0,1,0,0,0,1,0,1,1,1,0,2
DDD,2013J,2649310,1,London Region,Lower Than A Level,20-Oct,35-55,0,60,0,Withdrawn,9,0,0,0,0,0,1,0,0,0,1,0,1,1,1,4
DDD,2013J,2650741,0,South Region,Lower Than A Level,70-80%,0-35,0,60,0,Pass,3,1,0,0,0,1,1,1,1,0,0,0,0,1,0,8
DDD,2013J,2654602,0,West Midlands Region,HE Qualification,80-90%,0-35,0,90,0,Withdrawn,15,0,1,1,1,0,0,0,0,0,0,1,1,0,1,10
DDD,2013J,2658898,1,South West Region,Lower Than A Level,50-60%,0-35,0,120,0,Pass,3,1,0,1,1,1,0,0,0,1,1,1,1,0,1,8
DDD,2013J,2662178,1,South Region,A Level or Equivalent,30-40%,35-55,2,60,0,Pass,10,1,0,0,1,1,0,1,0,0,1,0,0,1,1,1
DDD,2013J,2662451,0,Scotland,A Level or Equivalent,40-50%,0-35,2,60,0,Withdrawn,3,0,0,1,1,0,1,1,1,1,0,1,0,0,1,8
DDD,2013J,2663010,0,East Anglian Region,Lower Than A Level,50-60%,35-55,2,60,0,Pass,3,1,0,1,0,1,0,0,0,0,1,1,1,0,0,8
DDD,2013J,2668945,0,Scotland,A Level or Equivalent,50-60%,35-55,1,60,0,Withdrawn,1,1,1,1,1,1,1,0,1,1,0,1,0,0,0,2
DDD,2013J,2671469,1,South East Region,Lower Than A Level,60-70%,0-35,0,60,0,Pass,7,0,0,1,0,1,1,0,1,1,0,0,0,0,0,3
DDD,2013J,2677097,1,Scotland,A Level or Equivalent,40-50%,0-35,0,120,0,Pass,4,1,1,1,1,1,1,1,1,1,1,0,0,0,0,8
DDD,2013J,2678587,0,East Midlands Region,Lower Than A Level,20-30%,0-35,0,60,0,Withdrawn,11,0,0,1,0,0,0,0,1,1,1,0,0,1,0,6
DDD,2013J,2681198,0,East Anglian Region,Lower Than A Level,70-80%,35-55,2,100,0,Withdrawn,11,0,0,1,0,0,0,0,0,1,1,1,1,0,1,6
DDD,2013J,2681471,0,South Region,A Level or Equivalent,60-70%,0-35,0,60,0,Withdrawn,2,0,0,0,0,1,0,1,0,0,0,1,0,1,1,2
DDD,2013J,2683696,0,South Region,A Level or Equivalent,60-70%,35-55,0,330,0,Withdrawn,9,0,0,1,1,0,0,0,0,0,1,0,1,1,0,4
DDD,2013J,2685827,1,East Midlands Region,Lower Than A Level,50-60%,0-35,1,120,0,Withdrawn,5,0,1,1,1,0,1,0,1,0,1,0,0,1,0,9
DDD,2013J,2686578,0,Scotland,A Level or Equivalent,60-70%,0-35,0,90,0,Distinction,3,1,1,0,0,1,0,0,0,1,0,1,1,0,0,8
DDD,2013J,2688422,1,South Region,A Level or Equivalent,60-70%,0-35,0,120,1,Withdrawn,10,0,1,1,0,0,0,0,0,0,1,0,1,1,1,1
DDD,2013J,2691780,1,East Anglian Region,A Level or Equivalent,90-100%,0-35,1,120,0,Withdrawn,12,0,1,1,0,1,0,1,0,1,1,0,0,1,0,7
DDD,2013J,2692186,1,North Western Region,Lower Than A Level,20-30%,0-35,1,60,1,Pass,1,0,1,1,1,0,0,1,0,0,1,1,0,1,1,2
DDD,2013J,2695608,1,South Region,A Level or Equivalent,90-100%,55<=,0,60,0,Pass,14,1,1,0,0,1,0,0,1,0,0,0,0,1,1,5
DDD,2013J,2697921,0,East Anglian Region,Lower Than A Level,80-90%,0-35,0,120,0,Withdrawn,13,0,1,1,1,1,1,0,1,1,0,1,1,1,1,5
DDD,2014B,24213,1,East Anglian Region,A Level or Equivalent,40-50%,0-35,1,60,0,Pass,5,0,0,0,1,0,1,0,1,0,1,0,1,0,1,9
DDD,2014B,28149,0,East Anglian Region,A Level or Equivalent,60-70%,35-55,0,60,0,Withdrawn,15,0,0,1,0,1,1,1,0,0,1,1,1,0,0,10
DDD,2014B,31269,1,East Midlands Region,A Level or Equivalent,30-40%,35-55,1,120,0,Withdrawn,7,1,1,1,0,1,0,1,0,1,1,1,1,1,1,3
DDD,2014B,35502,0,West Midlands Region,HE Qualification,30-40%,0-35,0,60,0,Withdrawn,2,1,0,1,1,0,0,1,0,1,1,0,1,0,1,2
DDD,2014B,39660,1,North Western Region,Lower Than A Level,0-10%,0-35,0,120,0,Fail,15,0,0,1,0,1,0,1,0,0,0,1,1,0,1,10
DDD,2014B,46753,1,East Anglian Region,A Level or Equivalent,60-70%,35-55,0,60,0,Pass,2,1,0,1,1,1,0,1,1,1,0,0,0,0,0,2
DDD,2014B,49119,0,Ireland,HE Qualification,,0-35,0,90,0,Withdrawn,15,1,0,0,1,0,1,0,0,1,0,1,0,1,1,10
DDD,2014B,50309,0,East Midlands Region,Lower Than A Level,20-Oct,0-35,1,60,0,Withdrawn,11,0,0,1,0,1,1,0,1,1,0,1,0,1,0,6
DDD,2014B,50476,1,South West Region,HE Qualification,0-10%,0-35,0,60,0,Distinction,11,1,1,0,0,0,0,0,1,1,1,1,1,0,0,6
DDD,2014B,50619,0,North Western Region,A Level or Equivalent,60-70%,0-35,0,60,0,Withdrawn,7,0,1,0,1,1,0,0,1,0,0,1,0,1,1,3
DDD,2014B,51030,0,West Midlands Region,A Level or Equivalent,60-70%,0-35,0,60,0,Pass,6,0,1,1,1,0,1,0,1,1,1,1,1,1,0,9
DDD,2014B,53632,0,Wales,Lower Than A Level,90-100%,0-35,1,60,0,Withdrawn,5,0,0,0,0,1,0,1,1,0,1,0,0,0,1,9
DDD,2014B,54810,0,South Region,HE Qualification,40-50%,0-35,0,60,0,Withdrawn,7,1,0,0,1,1,0,1,0,0,1,1,1,1,0,3
DDD,2014B,58617,0,East Midlands Region,A Level or Equivalent,70-80%,0-35,0,60,0,Fail,5,1,0,0,1,0,0,1,1,1,0,1,1,1,1,9
DDD,2014B,61911,0,Wales,Lower Than A Level,50-60%,0-35,0,180,0,Fail,16,0,1,1,1,0,1,0,0,1,1,1,1,0,0,10
DDD,2014B,64450,0,West Midlands Region,Lower Than A Level,30-40%,0-35,1,120,0,Pass,3,0,0,1,0,0,0,0,1,1,0,1,1,0,1,8
DDD,2014B,64767,0,East Anglian Region,A Level or Equivalent,30-40%,35-55,0,60,0,Withdrawn,5,0,1,0,1,1,0,0,0,0,0,1,1,0,1,9
DDD,2014B,67781,1,South Region,A Level or Equivalent,20-30%,0-35,0,60,0,Distinction,11,0,0,0,0,1,1,1,1,0,0,1,0,0,1,6
DDD,2014B,69489,0,South West Region,Lower Than A Level,80-90%,0-35,2,150,0,Fail,2,1,1,0,0,0,0,1,0,0,0,1,0,1,0,2
DDD,2014B,71723,0,North Western Region,A Level or Equivalent,20-Oct,0-35,0,60,0,Fail,13,0,0,0,0,0,1,1,0,1,1,1,0,0,1,5
DDD,2014B,75309,1,East Midlands Region,A Level or Equivalent,50-60%,35-55,0,120,0,Withdrawn,13,0,0,0,0,1,1,1,1,1,0,0,1,1,0,5
DDD,2014B,75469,0,East Midlands Region,A Level or Equivalent,80-90%,0-35,4,210,0,Withdrawn,16,1,1,0,1,0,0,0,1,0,1,1,0,0,1,10
DDD,2014B,76081,1,East Midlands Region,Lower Than A Level,60-70%,0-35,0,150,1,Withdrawn,4,0,1,1,1,1,0,0,1,1,0,1,0,1,1,8
DDD,2014B,84576,0,Wales,HE Qualification,30-40%,35-55,0,150,0,Distinction,9,1,0,0,0,0,1,1,1,1,1,1,0,1,1,4
DDD,2014B,84605,0,North Region,A Level or Equivalent,,35-55,1,120,0,Pass,4,1,1,1,1,0,0,1,0,1,0,0,0,1,0,8
DDD,2014B,85216,1,Scotland,HE Qualification,20-Oct,35-55,1,195,0,Fail,3,1,0,0,0,0,1,1,0,0,1,1,1,0,0,8
DDD,2014B,85304,1,London Region,HE Qualification,20-30%,0-35,0,60,0,Withdrawn,7,0,1,0,1,0,1,1,1,1,0,0,0,0,0,3
DDD,2014B,88490,0,Scotland,Post Graduate Qualification,90-100%,35-55,0,60,0,Distinction,12,1,0,0,1,1,1,1,1,1,1,1,1,0,1,7
DDD,2014B,88910,1,North Western Region,Lower Than A Level,20-Oct,0-35,1,180,0,Pass,15,1,0,0,0,0,1,1,0,1,1,0,1,0,0,10
DDD,2014B,89904,0,Wales,Lower Than A Level,30-40%,35-55,0,60,0,Pass,16,1,1,1,1,0,0,1,1,1,1,0,1,0,1,10
DDD,2014B,90537,1,Scotland,A Level or Equivalent,90-100%,0-35,0,60,1,Pass,6,1,0,1,0,0,1,1,1,1,1,1,0,1,1,9
DDD,2014B,95356,1,Scotland,HE Qualification,20-30%,0-35,1,240,0,Withdrawn,11,0,1,0,0,0,1,0,1,1,1,1,0,0,0,6
DDD,2014B,97939,0,Scotland,A Level or Equivalent,40-50%,0-35,0,60,1,Fail,7,1,0,1,0,1,1,1,0,1,0,0,1,1,1,3
DDD,2014B,99151,0,London Region,Lower Than A Level,40-50%,0-35,0,120,0,Fail,3,1,0,0,1,1,0,0,1,1,1,0,0,0,0,8
DDD,2014B,103891,0,South Region,HE Qualification,70-80%,0-35,0,60,0,Withdrawn,6,1,0,1,0,0,1,0,0,0,0,0,0,0,0,9
DDD,2014B,111959,0,South Region,Lower Than A Level,60-70%,0-35,0,60,0,Withdrawn,11,0,0,1,1,1,1,1,1,0,1,1,1,1,0,6
DDD,2014B,116763,1,Yorkshire Region,Lower Than A Level,20-30%,0-35,1,120,0,Withdrawn,10,0,1,0,1,0,0,1,0,0,1,1,0,0,0,1
DDD,2014B,117281,0,South Region,A Level or Equivalent,70-80%,0-35,0,60,0,Pass,4,1,0,1,1,1,1,0,1,0,1,1,0,1,1,8
DDD,2014B,117435,0,South West Region,Lower Than A Level,30-40%,0-35,1,60,1,Fail,8,0,1,1,0,0,1,1,0,1,0,1,1,1,0,3
DDD,2014B,118479,0,Ireland,A Level or Equivalent,,0-35,0,60,0,Pass,8,1,0,0,1,1,0,0,1,1,0,0,0,0,0,3
DDD,2014B,118578,1,Scotland,A Level or Equivalent,60-70%,0-35,1,100,1,Withdrawn,11,1,1,1,1,0,1,1,1,1,0,1,1,0,1,6
DDD,2014B,124134,1,London Region,HE Qualification,20-30%,0-35,1,60,1,Fail,4,0,0,0,0,0,0,1,0,0,0,0,0,1,0,8
DDD,2014B,124847,1,North Western Region,Lower Than A Level,30-40%,35-55,0,210,1,Withdrawn,6,0,0,0,1,1,0,0,0,1,0,0,1,1,0,9
DDD,2014B,127580,1,South Region,Lower Than A Level,50-60%,0-35,0,60,0,Pass,8,1,0,1,0,0,0,0,1,1,1,0,0,0,1,3
DDD,2014B,128348,0,West Midlands Region,A Level or Equivalent,60-70%,0-35,0,60,0,Withdrawn,14,0,1,1,1,0,1,1,1,0,0,1,1,1,0,5
DDD,2014B,131695,1,East Midlands Region,Lower Than A Level,0-10%,0-35,1,120,0,Withdrawn,12,1,0,1,0,1,1,0,1,0,0,0,1,1,1,7
DDD,2014B,134721,1,West Midlands Region,Lower Than A Level,0-10%,35-55,2,60,0,Withdrawn,3,1,1,0,0,0,0,0,1,1,0,0,0,0,0,8
DDD,2014B,137150,0,South East Region,Lower Than A Level,20-30%,0-35,0,60,1,Withdrawn,7,1,0,1,0,1,0,0,1,0,0,1,1,0,0,3
DDD,2014B,138204,0,East Anglian Region,A Level or Equivalent,60-70%,0-35,0,60,0,Fail,12,0,0,1,1,0,1,1,1,0,0,0,1,1,1,7
DDD,2014B,138416,0,North Region,Lower Than A Level,20-Oct,0-35,0,60,0,Pass,4,1,1,0,0,0,1,1,1,1,1,0,1,1,0,8
DDD,2014B,138704,0,South West Region,A Level or Equivalent,80-90%,0-35,0,60,0,Pass,11,0,1,1,0,1,1,1,1,1,0,1,1,1,0,6
DDD,2014B,139455,1,West Midlands Region,Lower Than A Level,30-40%,0-35,2,60,0,Fail,11,0,1,1,1,1,1,1,1,1,0,0,0,1,0,6
DDD,2014B,141182,0,Yorkshire Region,A Level or Equivalent,50-60%,0-35,1,120,0,Withdrawn,15,1,1,0,1,1,0,0,1,1,1,1,1,0,1,10
DDD,2014B,141301,0,West Midlands Region,Lower Than A Level,20-Oct,0-35,3,150,0,Withdrawn,1,0,1,0,0,0,1,1,1,0,0,0,0,0,0,2
DDD,2014B,141497,0,North Western Region,A Level or Equivalent,30-40%,35-55,0,60,0,Fail,13,1,0,0,1,1,1,0,0,0,1,1,1,1,1,5
DDD,2014B,144908,0,East Anglian Region,Lower Than A Level,70-80%,0-35,0,60,0,Withdrawn,10,1,1,0,1,0,1,0,0,1,1,0,1,0,0,1
DDD,2014B,145114,1,South West Region,A Level or Equivalent,40-50%,0-35,0,60,0,Pass,14,1,0,0,0,0,1,0,0,1,0,1,0,0,1,5
DDD,2014B,145640,0,East Anglian Region,A Level or Equivalent,70-80%,0-35,0,60,0,Distinction,16,1,1,0,0,1,1,1,1,1,1,0,0,0,0,10
DDD,2014B,145770,0,Yorkshire Region,Lower Than A Level,0-10%,35-55,0,60,0,Withdrawn,1,1,1,0,0,1,0,1,1,1,1,0,0,0,1,2
DDD,2014B,152320,0,South Region,A Level or Equivalent,80-90%,0-35,0,60,1,Withdrawn,7,1,1,1,1,0,1,0,0,0,0,0,1,1,0,3
DDD,2014B,154697,1,South West Region,A Level or Equivalent,80-90%,35-55,4,80,1,Withdrawn,7,0,1,1,0,0,0,1,1,1,0,1,0,0,1,3
DDD,2014B,157310,1,Yorkshire Region,Lower Than A Level,40-50%,0-35,1,210,0,Withdrawn,14,0,0,1,0,0,0,1,1,1,1,0,1,1,1,5
DDD,2014B,161286,0,South Region,HE Qualification,90-100%,35-55,0,60,0,Withdrawn,2,1,0,1,1,0,0,0,0,0,0,1,0,0,1,2
DDD,2014B,161878,1,North Region,HE Qualification,40-50%,35-55,0,60,0,Withdrawn,15,1,0,0,0,1,1,1,1,1,1,1,0,0,0,10
DDD,2014B,162901,1,Scotland,HE Qualification,60-70%,35-55,0,60,0,Withdrawn,14,1,0,0,1,0,0,1,0,0,0,1,0,1,0,5
DDD,2014B,165178,1,West Midlands Region,A Level or Equivalent,40-50%,0-35,1,120,0,Fail,10,1,1,1,1,0,1,1,0,0,0,1,1,0,1,1
DDD,2014B,172965,0,Scotland,Post Graduate Qualification,60-70%,35-55,1,150,0,Withdrawn,3,0,1,0,0,1,0,1,1,0,0,1,0,0,1,8
DDD,2014B,178258,1,West Midlands Region,HE Qualification,20-Oct,35-55,0,270,0,Withdrawn,9,0,0,1,1,0,1,0,0,1,0,0,0,1,1,4
DDD,2014B,183331,0,Ireland,Lower Than A Level,0-10%,0-35,0,90,0,Fail,11,0,0,1,0,1,0,0,1,0,1,0,1,1,0,6
DDD,2014B,187663,0,North Region,HE Qualification,20-Oct,0-35,0,60,0,Pass,13,0,0,0,0,1,1,1,1,0,1,1,1,0,1,5
DDD,2014B,189178,0,South East Region,A Level or Equivalent,40-50%,0-35,0,60,0,Fail,7,1,1,1,1,1,0,1,1,0,1,0,1,0,1,3
DDD,2014B,189442,1,East Midlands Region,Lower Than A Level,0-10%,35-55,0,135,0,Withdrawn,9,0,1,0,0,0,1,0,0,0,0,0,1,0,0,4
DDD,2014B,192186,0,West Midlands Region,A Level or Equivalent,20-30%,0-35,0,120,0,Pass,8,0,0,1,1,1,1,1,0,0,1,0,0,1,1,3
DDD,2014B,196264,0,West Midlands Region,Lower Than A Level,20-30%,0-35,0,60,0,Withdrawn,5,0,0,1,0,1,0,1,0,0,1,0,1,1,0,9
DDD,2014B,201151,1,South West Region,A Level or Equivalent,0-10%,0-35,0,60,1,Distinction,10,0,1,0,1,0,1,0,1,1,1,0,1,1,0,1
DDD,2014B,226895,0,South Region,HE Qualification,90-100%,35-55,0,90,0,Withdrawn,5,0,1,1,1,0,0,1,0,1,1,0,1,1,1,9
DDD,2014B,227826,0,East Midlands Region,A Level or Equivalent,80-90%,0-35,1,60,0,Withdrawn,13,0,1,1,0,0,0,0,0,0,1,1,1,1,1,5
DDD,2014B,228272,1,South Region,A Level or Equivalent,30-40%,0-35,0,60,0,Pass,4,0,1,0,0,0,1,0,1,1,1,0,0,0,1,8
DDD,2014B,228373,1,South West Region,A Level or Equivalent,50-60%,0-35,1,60,0,Fail,15,1,0,1,0,1,1,0,0,1,0,1,1,0,1,10
DDD,2014B,228775,0,North Region,Lower Than A Level,,0-35,0,60,0,Fail,12,1,1,0,0,1,0,1,1,1,1,0,0,0,1,7
DDD,2014B,229499,0,East Midlands Region,A Level or Equivalent,50-60%,0-35,1,90,0,Fail,8,0,1,1,1,1,0,0,0,0,1,1,1,0,0,3
DDD,2014B,231973,1,South East Region,Lower Than A Level,20-Oct,35-55,0,60,1,Withdrawn,3,0,1,0,0,0,1,1,1,0,0,0,1,1,0,8
DDD,2014B,232827,0,South Region,HE Qualification,90-100%,35-55,0,60,0,Distinction,6,1,1,1,0,0,1,0,1,1,0,1,1,0,0,9
DDD,2014B,233868,0,South Region,HE Qualification,30-40%,0-35,0,60,0,Withdrawn,6,1,0,1,1,1,0,0,1,1,1,1,0,0,0,9
DDD,2014B,236015,0,West Midlands Region,HE Qualification,50-60%,0-35,0,60,0,Withdrawn,16,1,1,1,0,1,1,0,0,0,1,1,0,1,1,10
DDD,2014B,237925,1,East Midlands Region,Lower Than A Level,40-50%,35-55,1,60,0,Withdrawn,5,0,0,0,0,0,0,0,0,0,1,1,1,1,0,9
DDD,2014B,237969,1,Yorkshire Region,HE Qualification,70-80%,35-55,0,60,0,Withdrawn,9,1,0,1,1,1,0,0,1,1,0,1,0,1,0,4
DDD,2014B,239459,1,East Midlands Region,A Level or Equivalent,80-90%,35-55,0,60,0,Pass,13,1,1,1,0,0,1,1,0,1,0,0,1,1,1,5
DDD,2014B,240389,1,South Region,HE Qualification,80-90%,35-55,1,150,0,Withdrawn,15,1,0,0,0,0,0,1,0,1,0,0,1,0,1,10
DDD,2014B,240486,0,South Region,A Level or Equivalent,80-90%,35-55,0,60,0,Pass,1,0,1,1,0,1,0,1,1,1,1,0,1,1,0,2
DDD,2014B,240755,0,London Region,A Level or Equivalent,90-100%,0-35,1,120,0,Distinction,12,0,1,0,1,1,0,1,0,1,0,0,0,1,1,7
DDD,2014B,242633,1,Yorkshire Region,Lower Than A Level,40-50%,0-35,0,60,0,Pass,4,1,0,1,1,0,0,1,1,1,0,0,0,0,0,8
DDD,2014B,244438,0,North Western Region,A Level or Equivalent,20-Oct,0-35,1,540,0,Withdrawn,10,1,1,1,1,1,1,1,0,0,1,1,0,0,1,1
DDD,2014B,247342,1,London Region,A Level or Equivalent,30-40%,0-35,0,135,0,Withdrawn,10,1,0,1,0,1,1,1,0,1,0,1,0,0,1,1
DDD,2014B,250058,1,North Western Region,Lower Than A Level,30-40%,35-55,0,60,0,Withdrawn,1,1,0,1,1,1,1,1,0,0,1,1,0,0,0,2
DDD,2014B,255622,1,South Region,HE Qualification,60-70%,0-35,1,180,0,Withdrawn,14,0,1,0,1,0,0,1,1,1,0,0,1,0,1,5
DDD,2014B,260367,0,Ireland,Lower Than A Level,70-80%,0-35,0,120,0,Withdrawn,14,0,0,1,0,0,1,1,0,1,0,0,0,1,0,5
DDD,2014B,260565,0,West Midlands Region,A Level or Equivalent,20-30%,0-35,1,60,1,Pass,15,0,1,1,1,1,0,0,0,1,0,1,1,1,1,10
DDD,2014B,263022,1,Ireland,HE Qualification,60-70%,0-35,0,60,0,Withdrawn,16,1,1,0,0,0,1,1,1,0,1,1,0,1,1,10
DDD,2014B,264723,0,East Midlands Region,Lower Than A Level,0-10%,0-35,0,60,0,Pass,16,0,1,1,1,1,1,0,1,0,1,1,0,1,1,10
DDD,2014B,266922,0,North Region,Lower Than A Level,80-90%,0-35,2,120,0,Pass,3,1,0,1,0,0,1,0,1,0,0,0,1,1,0,8
DDD,2014B,267118,1,South West Region,Lower Than A Level,30-40%,0-35,0,90,1,Withdrawn,2,0,1,0,0,1,0,0,1,1,0,0,0,0,1,2
DDD,2014B,268883,0,Scotland,Post Graduate Qualification,80-90%,0-35,1,150,0,Withdrawn,16,1,0,1,0,0,0,1,1,0,1,0,1,1,1,10
DDD,2014B,268915,1,East Anglian Region,Lower Than A Level,60-70%,35-55,0,60,0,Withdrawn,9,1,0,0,1,0,0,1,1,1,0,0,1,1,0,4
DDD,2014B,271974,1,West Midlands Region,A Level or Equivalent,20-30%,0-35,0,120,0,Pass,12,1,0,1,1,1,0,0,1,1,1,0,0,1,0,7
DDD,2014B,277166,1,East Midlands Region,A Level or Equivalent,50-60%,0-35,1,90,1,Pass,16,1,1,1,0,1,1,0,1,1,1,1,1,0,0,10
DDD,2014B,284540,1,South East Region,Lower Than A Level,80-90%,0-35,1,120,0,Fail,8,0,1,1,0,1,0,0,0,0,0,0,1,0,0,3
DDD,2014B,285412,0,North Region,Lower Than A Level,30-40%,0-35,0,60,0,Pass,15,0,0,1,0,0,0,0,0,0,0,1,0,1,0,10
DDD,2014B,286449,1,East Midlands Region,Lower Than A Level,40-50%,0-35,6,120,0,Fail,16,0,0,0,1,1,1,1,1,1,0,0,0,1,1,10
DDD,2014B,287499,0,Yorkshire Region,Lower Than A Level,20-Oct,0-35,0,60,1,Withdrawn,7,1,1,1,0,0,0,0,0,0,0,1,1,0,0,3
DDD,2014B,288407,0,London Region,A Level or Equivalent,20-Oct,0-35,0,60,0,Withdrawn,8,1,1,0,1,1,1,1,1,0,1,1,1,0,1,3
DDD,2014B,291005,1,East Anglian Region,Lower Than A Level,50-60%,0-35,1,60,0,Fail,6,0,1,0,1,1,1,1,1,1,0,1,0,0,1,9
DDD,2014B,299949,0,South East Region,A Level or Equivalent,30-40%,0-35,1,60,0,Withdrawn,5,1,1,1,0,1,0,1,1,1,0,0,1,1,1,9
DDD,2014B,300592,0,West Midlands Region,A Level or Equivalent,0-10%,0-35,0,90,0,Pass,15,0,0,0,0,1,1,0,1,1,0,1,0,0,0,10
DDD,2014B,306944,1,South East Region,A Level or Equivalent,50-60%,0-35,2,120,0,Fail,4,1,1,1,1,1,1,1,0,0,1,0,1,1,1,8
DDD,2014B,309258,0,South West Region,HE Qualification,60-70%,35-55,2,120,0,Withdrawn,16,1,0,1,1,1,0,1,1,1,0,1,1,0,0,10
DDD,2014B,309756,0,London Region,No Formal quals,20-30%,35-55,2,150,0,Fail,12,0,0,1,0,1,1,1,1,1,0,0,1,1,1,7
DDD,2014B,312761,0,East Midlands Region,A Level or Equivalent,70-80%,0-35,0,60,0,Pass,7,0,1,0,0,1,1,0,0,0,0,1,0,0,1,3
DDD,2014B,315517,1,Yorkshire Region,Lower Than A Level,40-50%,0-35,1,180,1,Withdrawn,8,0,0,0,1,0,0,1,0,1,0,1,0,0,1,3
DDD,2014B,315633,0,London Region,Lower Than A Level,30-40%,35-55,0,180,0,Withdrawn,4,0,1,1,1,1,1,1,0,1,0,0,0,0,1,8
DDD,2014B,315723,0,East Anglian Region,A Level or Equivalent,60-70%,0-35,1,60,0,Withdrawn,9,0,1,1,0,1,0,1,1,0,1,1,1,1,1,4
DDD,2014B,317801,0,East Anglian Region,A Level or Equivalent,90-100%,0-35,3,90,0,Pass,12,0,1,0,0,1,1,1,1,0,1,0,0,0,1,7
DDD,2014B,320593,0,North Western Region,Lower Than A Level,30-40%,0-35,0,60,0,Fail,3,0,1,0,0,0,1,1,1,1,1,1,1,1,1,8
DDD,2014B,321810,0,East Midlands Region,Lower Than A Level,30-40%,0-35,0,60,0,Pass,1,0,1,1,0,1,1,1,1,1,1,1,0,0,0,2
DDD,2014B,323659,1,West Midlands Region,Lower Than A Level,20-30%,0-35,0,60,0,Withdrawn,15,1,0,1,0,1,1,0,1,1,1,1,1,1,0,10
DDD,2014B,325044,1,Scotland,HE Qualification,40-50%,0-35,0,60,0,Distinction,4,1,1,0,1,1,0,1,1,0,0,1,0,1,0,8
DDD,2014B,325566,0,South West Region,A Level or Equivalent,20-Oct,0-35,0,60,0,Fail,6,0,1,0,1,0,0,0,1,0,1,1,0,1,1,9
DDD,2014B,327449,0,Wales,Lower Than A Level,50-60%,0-35,0,90,0,Fail,6,1,1,0,1,1,0,1,1,1,1,1,0,1,1,9
DDD,2014B,328123,0,West Midlands Region,Lower Than A Level,0-10%,0-35,1,60,1,Fail,1,0,0,0,1,1,1,1,0,0,1,1,1,0,0,2
DDD,2014B,333308,1,South East Region,A Level or Equivalent,20-30%,0-35,0,70,0,Pass,2,0,1,0,1,0,1,0,0,0,1,0,0,0,0,2
DDD,2014B,334504,1,South Region,Lower Than A Level,80-90%,0-35,2,60,0,Withdrawn,6,1,0,1,0,1,1,1,0,0,0,1,0,1,1,9
DDD,2014B,335471,1,South East Region,HE Qualification,40-50%,35-55,0,60,0,Withdrawn,14,1,0,1,0,1,1,0,0,0,0,0,1,0,0,5
DDD,2014B,336936,0,East Midlands Region,Lower Than A Level,20-Oct,0-35,0,60,0,Withdrawn,12,1,1,0,0,1,1,1,1,0,1,1,1,1,0,7
DDD,2014B,339513,1,South East Region,A Level or Equivalent,60-70%,0-35,0,60,0,Pass,16,1,0,0,0,0,0,1,1,1,1,1,1,1,0,10
DDD,2014B,347365,0,West Midlands Region,A Level or Equivalent,90-100%,35-55,0,60,0,Fail,6,0,0,0,0,1,0,0,0,1,0,0,0,1,1,9
DDD,2014B,348439,1,East Anglian Region,A Level or Equivalent,90-100%,0-35,0,60,1,Withdrawn,16,0,0,0,1,0,0,0,1,1,1,0,0,1,0,10
DDD,2014B,352308,0,South West Region,A Level or Equivalent,20-Oct,35-55,0,60,0,Withdrawn,7,1,1,1,1,1,1,0,0,0,1,0,0,0,1,3
DDD,2014B,352600,1,Scotland,HE Qualification,20-Oct,0-35,0,135,0,Withdrawn,2,0,1,0,0,0,0,1,1,0,0,1,1,0,0,2
DDD,2014B,352679,1,South Region,Lower Than A Level,80-90%,0-35,1,120,0,Withdrawn,9,0,1,0,0,1,1,0,1,0,1,0,0,1,1,4
DDD,2014B,354050,0,South West Region,A Level or Equivalent,70-80%,0-35,2,90,0,Fail,14,0,0,1,1,0,1,0,1,0,0,0,0,1,0,5
DDD,2014B,354953,0,East Anglian Region,A Level or Equivalent,20-Oct,35-55,2,60,0,Withdrawn,14,1,0,0,0,0,0,0,0,0,0,1,0,0,0,5
DDD,2014B,355309,0,North Region,Lower Than A Level,,0-35,0,120,0,Distinction,2,1,1,1,0,1,0,0,0,0,0,0,1,1,0,2
DDD,2014B,355780,0,North Region,HE Qualification,,35-55,0,60,0,Withdrawn,11,0,1,0,0,1,0,0,0,1,1,1,1,0,1,6
DDD,2014B,355935,1,Yorkshire Region,A Level or Equivalent,60-70%,0-35,1,60,0,Pass,10,1,1,0,0,0,0,1,1,1,1,1,0,1,1,1
DDD,2014B,356166,0,South Region,Post Graduate Qualification,90-100%,35-55,0,60,0,Pass,11,1,1,1,0,1,0,1,1,1,0,0,1,0,0,6
DDD,2014B,356297,0,Wales,Lower Than A Level,0-10%,35-55,0,60,0,Pass,12,1,1,1,1,0,1,0,1,1,1,0,1,1,1,7
DDD,2014B,356705,1,South East Region,HE Qualification,20-30%,35-55,0,150,0,Withdrawn,3,0,0,0,0,1,0,0,0,0,0,1,0,1,0,8
DDD,2014B,360759,0,West Midlands Region,HE Qualification,60-70%,35-55,0,60,0,Withdrawn,16,0,0,0,0,1,1,1,0,1,1,0,1,0,1,10
DDD,2014B,361842,0,West Midlands Region,Lower Than A Level,60-70%,0-35,0,120,0,Withdrawn,5,1,1,0,1,0,0,0,1,1,0,0,1,0,0,9
DDD,2014B,362115,0,South Region,A Level or Equivalent,90-100%,35-55,2,120,0,Fail,16,1,1,0,1,0,1,0,1,0,1,0,1,0,0,10
DDD,2014B,363122,0,London Region,Lower Than A Level,0-10%,0-35,0,60,0,Pass,9,0,0,0,0,1,0,0,1,1,0,1,0,0,1,4
DDD,2014B,365397,1,South West Region,Lower Than A Level,20-Oct,0-35,0,60,0,Fail,12,0,1,1,0,1,0,1,1,0,0,1,0,1,1,7
DDD,2014B,365764,0,West Midlands Region,A Level or Equivalent,50-60%,0-35,0,60,0,Fail,3,1,0,1,0,0,1,0,1,1,0,1,0,0,1,8
DDD,2014B,367045,0,Scotland,Lower Than A Level,80-90%,0-35,1,180,0,Withdrawn,3,1,1,0,0,1,0,0,1,1,1,0,1,0,0,8
DDD,2014B,367127,1,London Region,A Level or Equivalent,90-100%,0-35,0,120,0,Pass,6,1,0,0,1,0,1,1,1,1,1,0,1,1,0,9
DDD,2014B,367646,1,London Region,A Level or Equivalent,20-Oct,0-35,0,120,0,Distinction,16,1,1,1,0,1,0,1,1,0,1,0,1,1,0,10
DDD,2014B,370089,0,Scotland,HE Qualification,40-50%,35-55,0,120,0,Withdrawn,10,1,1,1,1,0,0,1,0,1,1,0,0,0,1,1
DDD,2014B,370865,0,East Anglian Region,HE Qualification,20-30%,35-55,0,60,0,Pass,12,1,0,1,0,1,1,0,0,0,1,1,0,1,0,7
DDD,2014B,373790,0,East Anglian Region,Lower Than A Level,20-Oct,0-35,0,120,0,Withdrawn,2,1,1,1,0,0,0,1,1,1,0,1,1,0,1,2
DDD,2014B,373795,1,London Region,Lower Than A Level,20-Oct,0-35,0,60,0,Withdrawn,9,1,1,0,0,0,1,1,1,1,1,1,1,1,1,4
DDD,2014B,374645,1,South West Region,A Level or Equivalent,40-50%,35-55,0,160,0,Pass,4,0,1,1,1,1,0,0,1,0,0,1,0,0,1,8
DDD,2014B,375856,0,East Anglian Region,A Level or Equivalent,30-40%,0-35,0,150,0,Pass,13,1,1,0,1,0,0,0,0,1,1,0,1,0,1,5
DDD,2014B,376280,1,London Region,A Level or Equivalent,70-80%,35-55,1,60,0,Fail,11,0,1,1,1,1,0,1,0,0,0,0,1,0,1,6
DDD,2014B,378728,0,South Region,A Level or Equivalent,70-80%,0-35,0,60,0,Pass,14,1,0,1,0,0,1,0,1,0,0,1,0,1,0,5
DDD,2014B,379330,1,Wales,HE Qualification,60-70%,35-55,1,60,0,Withdrawn,2,1,1,1,1,0,1,1,0,0,1,0,1,1,0,2
DDD,2014B,380681,0,London Region,HE Qualification,20-Oct,0-35,0,60,0,Withdrawn,15,1,1,1,1,1,1,0,0,0,1,0,0,0,0,10
DDD,2014B,382051,1,West Midlands Region,A Level or Equivalent,0-10%,0-35,2,70,0,Pass,1,0,0,0,1,0,0,1,0,0,0,0,0,0,1,2
DDD,2014B,384372,1,South West Region,Lower Than A Level,0-10%,35-55,2,60,1,Fail,1,0,0,1,1,0,0,1,1,0,1,0,0,0,0,2
DDD,2014B,385927,0,North Western Region,A Level or Equivalent,40-50%,0-35,0,60,0,Pass,5,0,0,0,0,0,1,0,1,1,1,0,0,0,0,9
DDD,2014B,385947,0,Ireland,A Level or Equivalent,70-80%,0-35,0,60,0,Withdrawn,8,1,0,0,0,0,1,0,1,0,0,1,0,0,0,3
DDD,2014B,386140,1,Wales,Lower Than A Level,80-90%,35-55,0,60,0,Withdrawn,16,0,0,0,0,0,0,0,1,0,0,1,1,0,1,10
DDD,2014B,386671,0,North Western Region,Lower Than A Level,30-40%,0-35,0,150,0,Distinction,3,0,0,1,0,1,1,0,1,1,0,0,0,1,1,8
DDD,2014B,386849,1,East Anglian Region,Lower Than A Level,40-50%,0-35,4,60,0,Withdrawn,13,0,1,0,1,0,1,1,1,0,0,0,0,1,1,5
DDD,2014B,387289,0,East Anglian Region,Lower Than A Level,30-40%,0-35,2,120,0,Fail,6,1,1,0,1,0,0,0,0,0,0,1,1,0,1,9
DDD,2014B,387656,1,North Western Region,Lower Than A Level,0-10%,0-35,0,60,1,Withdrawn,7,1,1,0,0,0,1,0,1,0,1,1,1,0,1,3
DDD,2014B,387963,0,Scotland,HE Qualification,80-90%,0-35,0,60,0,Distinction,15,1,0,1,0,1,0,1,0,0,0,1,0,0,1,10
DDD,2014B,390026,0,London Region,Lower Than A Level,50-60%,0-35,0,120,0,Pass,9,1,1,0,1,0,0,1,0,0,0,0,1,0,0,4
DDD,2014B,391611,1,Ireland,A Level or Equivalent,0-10%,0-35,3,60,0,Fail,12,1,0,1,1,0,0,1,1,1,0,0,0,0,0,7
DDD,2014B,391924,1,North Region,A Level or Equivalent,,0-35,0,60,0,Pass,9,1,0,1,1,0,0,0,0,1,0,0,0,1,0,4
DDD,2014B,392802,1,London Region,Lower Than A Level,20-30%,0-35,3,60,0,Withdrawn,5,1,0,0,0,0,1,0,0,1,1,0,0,0,1,9
DDD,2014B,393094,0,West Midlands Region,Lower Than A Level,20-30%,0-35,1,150,0,Withdrawn,12,1,1,0,0,0,0,1,0,1,0,0,1,1,1,7
DDD,2014B,394020,0,North Region,Lower Than A Level,80-90%,0-35,2,60,0,Fail,11,0,1,1,0,1,1,1,0,1,0,1,0,0,0,6
DDD,2014B,395164,0,Yorkshire Region,A Level or Equivalent,20-30%,0-35,2,150,1,Withdrawn,13,0,1,0,1,0,0,0,0,1,0,0,0,1,0,5
DDD,2014B,395288,1,East Anglian Region,Lower Than A Level,20-Oct,0-35,1,90,0,Fail,10,0,1,1,0,0,1,0,0,1,0,0,1,1,1,1
DDD,2014B,397429,0,Yorkshire Region,A Level or Equivalent,20-30%,0-35,0,60,0,Fail,8,0,0,0,1,0,1,0,1,1,1,0,0,1,0,3
DDD,2014B,398529,0,Wales,Lower Than A Level,30-40%,0-35,1,120,0,Fail,12,0,0,0,0,1,1,1,1,0,1,0,1,1,1,7
DDD,2014B,399203,1,Wales,HE Qualification,40-50%,35-55,2,120,0,Withdrawn,14,0,0,0,1,1,0,0,1,1,1,1,1,1,0,5
DDD,2014B,400461,1,London Region,Lower Than A Level,20-30%,0-35,0,60,0,Withdrawn,14,0,0,1,1,0,0,1,1,1,1,1,0,0,1,5
DDD,2014B,400599,0,Wales,HE Qualification,90-100%,35-55,0,90,0,Withdrawn,14,1,1,0,0,0,0,1,0,0,1,0,1,1,0,5
DDD,2014B,402314,1,North Region,HE Qualification,,0-35,1,150,0,Distinction,9,0,1,1,0,0,1,1,1,0,0,1,0,1,1,4
DDD,2014B,402575,1,London Region,A Level or Equivalent,20-30%,0-35,0,60,0,Withdrawn,15,1,1,0,1,0,1,0,1,1,1,1,1,0,0,10
DDD,2014B,406753,1,East Anglian Region,Lower Than A Level,50-60%,35-55,0,120,0,Withdrawn,14,1,1,1,1,1,0,0,1,1,1,0,0,1,0,5
DDD,2014B,407115,0,South Region,A Level or Equivalent,50-60%,0-35,3,120,0,Fail,7,1,1,0,1,0,0,1,0,0,1,1,1,0,1,3
DDD,2014B,407303,0,Scotland,A Level or Equivalent,90-100%,0-35,0,120,0,Pass,15,1,1,1,1,0,0,0,1,1,0,1,0,0,0,10
DDD,2014B,409284,1,Wales,No Formal quals,30-40%,35-55,0,90,0,Withdrawn,14,1,0,0,1,0,1,1,0,1,0,0,0,0,1,5
DDD,2014B,410816,0,East Anglian Region,A Level or Equivalent,30-40%,0-35,0,330,1,Withdrawn,3,0,0,0,1,0,0,1,0,1,0,0,0,0,1,8
DDD,2014B,411060,1,East Midlands Region,Lower Than A Level,50-60%,0-35,0,60,0,Pass,14,1,1,0,1,1,0,1,0,0,0,0,1,0,0,5
DDD,2014B,412600,0,East Anglian Region,A Level or Equivalent,40-50%,0-35,1,60,0,Fail,4,1,0,1,0,0,1,0,1,1,0,0,1,0,0,8
DDD,2014B,412663,0,North Western Region,A Level or Equivalent,20-Oct,0-35,0,60,0,Pass,10,0,1,1,1,0,1,1,0,0,1,1,0,0,0,1
DDD,2014B,413629,0,Scotland,HE Qualification,60-70%,35-55,0,60,0,Withdrawn,12,0,0,0,1,0,1,0,0,1,1,1,1,1,1,7
DDD,2014B,415151,0,East Midlands Region,Lower Than A Level,20-Oct,0-35,2,120,1,Fail,11,1,0,0,1,0,1,0,1,1,1,0,0,1,0,6
DDD,2014B,415695,1,South Region,A Level or Equivalent,70-80%,0-35,1,120,0,Fail,11,0,1,0,0,1,1,0,0,0,1,1,1,1,0,6
DDD,2014B,416008,0,Scotland,Lower Than A Level,0-10%,0-35,1,60,0,Pass,4,1,0,1,0,1,1,0,0,0,1,0,1,1,0,8
DDD,2014B,418453,1,North Region,A Level or Equivalent,,0-35,1,60,0,Pass,15,0,1,1,0,1,1,0,0,0,1,0,0,0,1,10
DDD,2014B,418781,0,West Midlands Region,Lower Than A Level,60-70%,0-35,2,120,0,Pass,2,0,0,0,1,1,1,1,0,0,1,0,1,1,0,2
DDD,2014B,421242,0,South West Region,A Level or Equivalent,60-70%,0-35,0,60,0,Withdrawn,15,0,1,1,0,0,1,1,1,0,1,1,0,0,0,10
DDD,2014B,421754,1,South East Region,A Level or Equivalent,80-90%,0-35,0,60,0,Withdrawn,6,1,1,0,1,0,0,1,1,1,0,0,0,0,1,9
DDD,2014B,421877,1,North Western Region,A Level or Equivalent,0-10%,0-35,1,120,1,Withdrawn,13,1,1,1,0,1,0,0,0,0,1,1,1,0,1,5
DDD,2014B,424880,1,East Anglian Region,A Level or Equivalent,60-70%,35-55,1,150,0,Pass,14,1,1,1,1,1,1,0,1,1,1,0,1,1,1,5
DDD,2014B,426137,0,South West Region,A Level or Equivalent,40-50%,0-35,2,120,0,Withdrawn,12,0,1,0,0,0,1,0,1,0,1,1,0,0,0,7
DDD,2014B,426297,1,East Anglian Region,Lower Than A Level,70-80%,0-35,0,60,0,Distinction,7,1,0,1,0,0,1,0,1,0,1,1,0,0,1,3
DDD,2014B,428769,0,North Region,A Level or Equivalent,40-50%,0-35,1,120,0,Fail,2,1,1,1,0,1,0,1,0,0,1,0,0,0,0,2
DDD,2014B,430282,0,South West Region,Lower Than A Level,30-40%,0-35,1,60,1,Withdrawn,7,0,1,1,1,0,0,1,0,0,1,1,1,0,1,3
DDD,2014B,430678,0,London Region,A Level or Equivalent,70-80%,0-35,1,60,0,Pass,12,0,0,0,0,1,1,1,1,1,1,1,0,1,1,7
DDD,2014B,431136,0,Wales,A Level or Equivalent,20-Oct,0-35,1,60,0,Withdrawn,5,1,0,1,1,1,1,0,1,1,0,0,0,1,0,9
DDD,2014B,431406,1,South West Region,A Level or Equivalent,30-40%,0-35,0,60,0,Distinction,6,0,1,0,0,1,1,0,1,0,0,1,1,0,1,9
DDD,2014B,434002,1,Yorkshire Region,A Level or Equivalent,20-30%,0-35,0,120,0,Withdrawn,4,1,0,1,1,0,0,0,0,0,1,1,0,1,0,8
DDD,2014B,434841,0,Scotland,A Level or Equivalent,40-50%,0-35,0,60,0,Fail,2,1,1,1,0,0,1,1,0,0,1,1,0,1,0,2
DDD,2014B,440103,0,East Anglian Region,Lower Than A Level,80-90%,0-35,0,60,0,Pass,3,0,0,1,1,1,0,1,1,0,0,0,0,1,1,8
DDD,2014B,440331,1,West Midlands Region,A Level or Equivalent,90-100%,0-35,1,60,0,Pass,7,1,1,0,0,0,0,1,0,0,1,0,1,0,1,3
DDD,2014B,440798,0,Wales,Lower Than A Level,60-70%,0-35,1,150,0,Fail,10,0,1,1,1,0,1,0,1,1,1,1,0,0,1,1
DDD,2014B,441213,0,North Western Region,A Level or Equivalent,80-90%,0-35,1,60,0,Pass,11,0,1,1,0,0,0,1,0,0,0,1,1,1,0,6
DDD,2014B,441393,1,North Region,A Level or Equivalent,0-10%,0-35,0,60,0,Withdrawn,15,1,0,0,0,1,1,0,1,1,1,1,1,0,1,10
DDD,2014B,442393,1,West Midlands Region,A Level or Equivalent,20-30%,0-35,0,60,1,Fail,7,1,0,1,1,1,0,0,1,0,0,0,0,1,1,3
DDD,2014B,442873,1,East Midlands Region,Lower Than A Level,20-Oct,35-55,0,120,0,Pass,16,0,0,0,0,0,0,1,1,1,0,0,0,0,1,10
DDD,2014B,443861,0,South Region,Lower Than A Level,90-100%,0-35,0,60,0,Pass,7,0,1,0,1,0,0,0,0,0,0,1,0,0,0,3
DDD,2014B,444474,0,South West Region,A Level or Equivalent,80-90%,0-35,1,60,0,Withdrawn,10,1,1,0,0,0,1,1,1,1,1,0,0,0,1,1
DDD,2014B,445145,0,West Midlands Region,A Level or Equivalent,70-80%,0-35,0,60,0,Fail,11,1,0,0,0,1,1,0,0,1,0,0,1,1,1,6
DDD,2014B,445857,1,South East Region,A Level or Equivalent,20-30%,0-35,0,60,0,Pass,1,1,0,1,1,1,0,1,0,1,1,1,1,1,1,2
DDD,2014B,447162,0,South Region,A Level or Equivalent,70-80%,0-35,0,60,0,Pass,12,1,1,1,0,0,0,1,1,1,1,0,0,0,1,7
DDD,2014B,464592,0,Wales,Lower Than A Level,50-60%,0-35,1,60,0,Fail,16,0,0,1,0,1,0,0,0,1,1,0,1,1,1,10
DDD,2014B,464685,1,East Anglian Region,A Level or Equivalent,50-60%,0-35,1,70,0,Pass,11,1,0,0,1,0,0,1,0,1,1,1,1,1,0,6
DDD,2014B,464748,1,North Region,HE Qualification,30-40%,0-35,0,120,0,Withdrawn,5,0,1,1,0,0,0,1,0,0,0,0,1,1,0,9
DDD,2014B,464887,0,West Midlands Region,Lower Than A Level,30-40%,0-35,0,120,0,Withdrawn,2,0,0,1,1,1,0,1,0,0,1,1,0,1,1,2
DDD,2014B,465413,1,South East Region,Lower Than A Level,30-40%,35-55,0,150,0,Pass,4,0,0,0,0,1,0,0,1,0,1,1,1,0,1,8
DDD,2014B,466158,1,South Region,Lower Than A Level,30-40%,0-35,2,180,1,Withdrawn,8,0,1,0,1,0,1,1,0,1,1,1,0,1,0,3
DDD,2014B,466714,0,South West Region,A Level or Equivalent,40-50%,0-35,2,120,1,Withdrawn,7,1,1,1,1,0,1,0,0,1,0,0,1,1,0,3
DDD,2014B,467230,0,East Anglian Region,A Level or Equivalent,0-10%,0-35,1,90,0,Distinction,14,0,1,1,1,1,1,0,0,1,0,0,1,0,0,5
DDD,2014B,468386,1,Scotland,HE Qualification,0-10%,0-35,2,310,0,Withdrawn,15,1,0,0,0,0,1,0,1,1,0,0,1,1,1,10
DDD,2014B,469425,0,East Anglian Region,HE Qualification,50-60%,0-35,0,120,0,Fail,10,1,1,1,0,0,0,1,0,0,0,0,1,0,0,1
DDD,2014B,469614,0,Wales,Lower Than A Level,20-Oct,0-35,0,90,0,Pass,12,1,1,1,1,0,1,1,1,0,1,0,0,0,0,7
DDD,2014B,470555,0,South West Region,Lower Than A Level,20-30%,0-35,0,60,1,Withdrawn,7,1,1,0,0,0,1,0,1,1,0,0,1,0,1,3
DDD,2014B,470733,0,London Region,A Level or Equivalent,40-50%,0-35,0,60,0,Fail,2,1,0,0,1,0,1,0,0,1,0,1,1,0,1,2
DDD,2014B,471189,0,London Region,Lower Than A Level,70-80%,35-55,1,120,0,Withdrawn,13,1,1,1,1,0,0,1,1,0,1,1,0,0,1,5
DDD,2014B,471476,1,North Western Region,A Level or Equivalent,40-50%,35-55,1,120,0,Fail,3,1,1,0,1,1,0,0,0,0,1,0,0,0,0,8
DDD,2014B,471669,0,Yorkshire Region,Lower Than A Level,60-70%,0-35,1,60,0,Fail,15,0,0,0,0,1,0,0,1,1,1,1,1,0,0,10
DDD,2014B,472257,0,West Midlands Region,A Level or Equivalent,90-100%,0-35,1,150,0,Pass,13,1,1,1,1,0,0,1,1,0,0,1,0,0,0,5
DDD,2014B,472284,0,Yorkshire Region,Lower Than A Level,50-60%,0-35,0,60,0,Distinction,3,1,1,1,1,0,1,1,0,0,1,0,0,1,1,8
DDD,2014B,472651,0,South West Region,HE Qualification,70-80%,35-55,0,60,0,Distinction,1,0,0,1,1,0,1,1,0,1,0,1,0,1,0,2
DDD,2014B,473265,1,South East Region,Lower Than A Level,40-50%,35-55,0,75,0,Withdrawn,4,1,0,0,1,1,1,1,0,0,0,0,1,0,0,8
DDD,2014B,473406,0,Scotland,Lower Than A Level,90-100%,35-55,1,120,0,Withdrawn,10,0,0,1,0,0,0,0,1,0,1,1,1,0,1,1
DDD,2014B,474153,0,London Region,Lower Than A Level,0-10%,0-35,3,150,0,Fail,15,0,1,0,1,0,0,0,0,1,1,1,0,1,1,10
DDD,2014B,474451,0,North Western Region,Lower Than A Level,0-10%,0-35,1,60,1,Fail,7,1,0,0,1,1,0,1,1,1,1,1,0,1,1,3
DDD,2014B,477063,0,East Anglian Region,Lower Than A Level,90-100%,0-35,3,150,0,Fail,11,1,0,1,0,1,0,0,1,1,0,1,1,1,1,6
DDD,2014B,477180,1,East Midlands Region,Lower Than A Level,70-80%,0-35,2,130,0,Fail,8,1,1,1,1,1,0,1,1,1,1,0,0,0,0,3
DDD,2014B,479649,0,South Region,A Level or Equivalent,0-10%,0-35,0,60,0,Pass,16,1,1,0,0,0,0,0,0,1,1,0,0,0,1,10
DDD,2014B,479921,1,West Midlands Region,A Level or Equivalent,40-50%,0-35,2,75,0,Withdrawn,14,1,1,1,1,0,1,1,1,0,1,0,0,0,1,5
DDD,2014B,480956,0,Scotland,HE Qualification,30-40%,35-55,0,60,0,Pass,12,1,0,1,1,0,1,1,1,1,0,0,0,1,0,7
DDD,2014B,481863,1,Scotland,A Level or Equivalent,60-70%,0-35,1,120,0,Pass,1,0,0,0,0,1,0,1,1,0,1,1,1,1,0,2
DDD,2014B,484130,1,London Region,A Level or Equivalent,60-70%,0-35,0,70,0,Withdrawn,8,0,0,0,0,1,1,0,1,0,0,0,0,1,1,3
DDD,2014B,484213,1,London Region,A Level or Equivalent,20-Oct,0-35,0,130,0,Pass,15,0,0,1,1,1,0,0,0,0,1,1,1,0,1,10
DDD,2014B,484305,0,East Anglian Region,Lower Than A Level,20-Oct,0-35,2,150,0,Withdrawn,6,1,1,0,1,1,0,1,1,1,1,0,1,1,1,9
DDD,2014B,484762,1,South East Region,A Level or Equivalent,20-Oct,35-55,2,120,1,Pass,3,1,1,1,0,1,0,0,1,0,1,0,1,1,1,8
DDD,2014B,485219,0,East Anglian Region,A Level or Equivalent,20-Oct,0-35,1,90,0,Fail,3,1,1,0,0,1,0,1,0,0,1,0,0,0,0,8
DDD,2014B,485306,1,West Midlands Region,Lower Than A Level,0-10%,0-35,0,60,0,Withdrawn,5,1,1,1,1,1,1,0,0,0,0,1,1,1,1,9
DDD,2014B,486022,0,Yorkshire Region,A Level or Equivalent,80-90%,0-35,0,60,0,Pass,6,0,1,1,0,0,1,0,0,0,1,0,1,0,0,9
DDD,2014B,488550,1,Scotland,HE Qualification,20-30%,0-35,1,120,0,Withdrawn,16,0,0,1,1,1,1,0,0,0,0,0,1,0,1,10
DDD,2014B,489507,1,North Region,A Level or Equivalent,0-10%,0-35,0,60,0,Pass,3,0,1,0,1,1,1,1,0,1,1,1,0,1,0,8
DDD,2014B,490164,1,South East Region,Lower Than A Level,90-100%,0-35,1,120,1,Fail,8,0,1,1,0,1,0,1,1,1,0,0,1,0,1,3
DDD,2014B,491036,1,South East Region,A Level or Equivalent,40-50%,0-35,2,180,0,Pass,8,0,0,1,1,1,1,1,0,0,1,1,1,1,0,3
DDD,2014B,491792,0,South Region,HE Qualification,90-100%,35-55,0,120,0,Withdrawn,14,0,1,0,1,1,0,1,0,1,0,1,1,1,0,5
DDD,2014B,491912,0,East Anglian Region,No Formal quals,60-70%,0-35,1,120,0,Withdrawn,1,0,1,0,1,1,1,1,0,1,1,1,1,0,0,2
DDD,2014B,492095,0,North Western Region,Lower Than A Level,40-50%,0-35,0,60,0,Pass,11,0,0,0,0,0,0,1,0,0,0,1,1,1,1,6
DDD,2014B,492537,0,London Region,Lower Than A Level,70-80%,0-35,1,60,1,Pass,15,0,1,0,1,1,1,1,1,1,1,1,1,0,0,10
DDD,2014B,493055,0,London Region,HE Qualification,20-30%,0-35,0,60,0,Withdrawn,16,0,1,0,0,1,1,0,0,1,0,0,0,0,1,10
DDD,2014B,493296,1,North Region,Lower Than A Level,50-60%,0-35,2,60,0,Fail,15,1,0,0,0,1,0,0,0,1,1,1,1,1,0,10
DDD,2014B,493434,0,Ireland,Lower Than A Level,,35-55,0,120,0,Withdrawn,10,0,1,0,1,1,0,0,1,1,1,0,1,1,1,1
DDD,2014B,493793,0,South Region,A Level or Equivalent,40-50%,0-35,1,180,1,Withdrawn,11,1,0,1,0,0,0,0,1,0,0,1,1,1,1,6
DDD,2014B,493879,0,Scotland,A Level or Equivalent,60-70%,0-35,2,120,1,Withdrawn,11,1,0,1,1,0,1,1,0,1,1,0,0,0,1,6
DDD,2014B,493984,1,East Anglian Region,A Level or Equivalent,40-50%,0-35,1,60,0,Withdrawn,4,1,1,0,1,0,0,1,1,1,1,0,1,1,0,8
DDD,2014B,494329,0,North Western Region,Lower Than A Level,0-10%,0-35,0,60,0,Withdrawn,8,0,0,1,1,0,0,1,0,1,0,0,1,1,1,3
DDD,2014B,496085,1,South West Region,Lower Than A Level,30-40%,0-35,0,150,0,Fail,13,0,0,1,1,1,1,1,0,1,1,0,0,0,1,5
DDD,2014B,497206,0,Yorkshire Region,A Level or Equivalent,20-30%,0-35,1,60,0,Withdrawn,13,0,1,0,1,1,1,1,1,1,1,1,0,1,1,5
DDD,2014B,497405,0,London Region,HE Qualification,80-90%,55<=,1,60,0,Withdrawn,8,0,1,0,0,1,1,1,0,1,0,1,0,0,1,3
DDD,2014B,498363,1,East Anglian Region,Lower Than A Level,60-70%,0-35,2,90,1,Pass,3,1,0,1,1,1,0,0,0,0,0,1,1,1,1,8
DDD,2014B,498438,0,East Anglian Region,Lower Than A Level,50-60%,0-35,0,60,0,Withdrawn,15,0,1,0,0,0,0,0,1,1,0,0,0,0,1,10
DDD,2014B,498582,0,North Region,A Level or Equivalent,70-80%,0-35,0,60,0,Withdrawn,3,1,0,0,0,0,0,0,1,1,1,0,0,0,1,8
DDD,2014B,498793,0,Wales,Lower Than A Level,20-Oct,35-55,1,240,1,Withdrawn,14,1,1,1,0,1,1,1,0,1,0,0,0,1,1,5
DDD,2014B,498905,1,London Region,A Level or Equivalent,70-80%,0-35,0,60,0,Withdrawn,5,0,0,1,0,1,1,0,0,0,0,1,0,1,0,9
DDD,2014B,498980,0,South East Region,Lower Than A Level,20-30%,0-35,0,120,1,Fail,15,0,0,0,1,1,0,1,1,1,0,1,1,0,0,10
DDD,2014B,501123,1,West Midlands Region,A Level or Equivalent,50-60%,0-35,0,180,0,Withdrawn,4,0,1,0,0,1,1,1,0,0,1,1,0,1,1,8
DDD,2014B,501487,0,Ireland,A Level or Equivalent,40-50%,0-35,0,60,0,Distinction,10,0,1,0,0,1,0,1,0,0,1,1,0,1,0,1
DDD,2014B,501723,1,South Region,A Level or Equivalent,40-50%,0-35,2,120,0,Withdrawn,14,0,0,0,0,0,0,1,0,0,1,0,0,1,1,5
DDD,2014B,501890,0,North Western Region,A Level or Equivalent,20-Oct,35-55,0,60,0,Withdrawn,14,0,0,0,0,1,1,1,1,1,1,1,0,0,1,5
DDD,2014B,502004,0,North Western Region,A Level or Equivalent,40-50%,35-55,0,60,0,Pass,9,1,1,0,1,1,1,0,1,1,1,0,0,1,0,4
DDD,2014B,502057,1,London Region,Lower Than A Level,40-50%,35-55,1,120,0,Pass,2,1,1,0,0,1,0,0,1,1,1,1,1,0,0,2
DDD,2014B,502161,0,East Anglian Region,A Level or Equivalent,50-60%,0-35,1,60,1,Fail,12,1,0,0,1,1,0,1,0,0,0,1,1,1,1,7
DDD,2014B,502207,0,North Region,A Level or Equivalent,40-50%,0-35,2,120,0,Fail,16,1,1,0,1,1,0,1,0,1,1,0,0,1,0,10
DDD,2014B,504089,0,North Western Region,A Level or Equivalent,70-80%,0-35,0,60,0,Fail,8,1,1,1,0,1,0,0,1,0,0,1,0,0,0,3
DDD,2014B,505561,1,East Midlands Region,Lower Than A Level,50-60%,0-35,1,120,1,Fail,15,0,1,0,0,0,1,0,1,1,1,1,1,1,0,10
DDD,2014B,505815,0,Yorkshire Region,A Level or Equivalent,40-50%,0-35,0,90,1,Pass,14,0,0,0,0,1,0,0,0,1,0,1,0,0,1,5
DDD,2014B,505854,0,London Region,A Level or Equivalent,60-70%,0-35,0,60,0,Withdrawn,5,1,1,1,0,0,0,0,1,0,1,1,1,0,1,9
DDD,2014B,507812,1,Yorkshire Region,Lower Than A Level,70-80%,0-35,0,60,0,Withdrawn,3,1,0,0,0,1,1,1,0,0,0,0,1,1,0,8
DDD,2014B,508446,0,Yorkshire Region,Lower Than A Level,0-10%,0-35,0,60,1,Withdrawn,15,0,1,1,1,1,0,0,1,0,0,0,0,1,1,10
DDD,2014B,508594,0,Yorkshire Region,A Level or Equivalent,60-70%,0-35,0,120,0,Withdrawn,11,1,1,1,0,0,0,1,0,0,0,0,1,1,1,6
DDD,2014B,508872,0,North Western Region,Lower Than A Level,30-40%,0-35,0,60,0,Withdrawn,4,0,0,1,1,0,1,0,0,0,0,0,0,1,0,8
DDD,2014B,509100,1,South Region,Lower Than A Level,80-90%,0-35,0,60,0,Withdrawn,15,1,1,1,0,0,0,1,0,0,1,0,0,0,0,10
DDD,2014B,509417,1,East Midlands Region,No Formal quals,20-30%,0-35,1,60,0,Withdrawn,12,1,0,1,0,0,0,0,1,1,1,1,0,0,0,7
DDD,2014B,511869,0,North Region,Lower Than A Level,20-Oct,0-35,0,60,0,Withdrawn,11,1,1,0,1,0,0,1,0,1,0,1,1,0,0,6
DDD,2014B,511890,0,Yorkshire Region,A Level or Equivalent,0-10%,0-35,1,120,1,Withdrawn,14,0,0,0,1,1,0,1,1,0,0,0,0,0,0,5
DDD,2014B,513415,0,South East Region,A Level or Equivalent,20-Oct,0-35,1,60,1,Withdrawn,1,0,1,0,0,0,0,1,1,1,0,0,0,0,0,2
DDD,2014B,513687,0,North Western Region,Lower Than A Level,20-30%,35-55,2,120,0,Pass,14,0,1,1,0,0,0,0,0,1,0,1,1,1,1,5
DDD,2014B,513957,0,West Midlands Region,A Level or Equivalent,0-10%,0-35,1,60,0,Pass,2,1,0,1,1,0,1,0,1,1,1,1,0,1,0,2
DDD,2014B,514277,1,Scotland,HE Qualification,70-80%,0-35,0,120,0,Withdrawn,11,0,1,1,0,1,1,1,1,0,0,0,0,1,1,6
DDD,2014B,515161,1,North Region,No Formal quals,,0-35,0,60,0,Fail,11,1,1,1,0,1,0,1,1,1,1,0,0,0,1,6
DDD,2014B,515331,0,South East Region,Lower Than A Level,30-40%,35-55,2,60,0,Fail,11,0,0,1,0,1,0,0,1,0,1,0,1,1,1,6
DDD,2014B,516318,0,North Western Region,Lower Than A Level,0-10%,0-35,1,120,0,Fail,12,1,0,0,0,0,0,1,0,1,0,0,1,0,0,7
DDD,2014B,517864,0,West Midlands Region,A Level or Equivalent,20-30%,0-35,1,120,0,Pass,12,0,1,1,0,0,1,0,0,1,0,1,0,1,0,7
DDD,2014B,518265,0,Scotland,Lower Than A Level,60-70%,0-35,0,60,1,Withdrawn,15,1,0,0,0,0,1,1,1,1,1,0,0,0,1,10
DDD,2014B,518330,1,South West Region,A Level or Equivalent,60-70%,0-35,1,90,0,Withdrawn,3,0,0,1,0,0,0,0,1,0,0,1,0,1,1,8
DDD,2014B,520349,0,South Region,Lower Than A Level,70-80%,0-35,1,120,0,Withdrawn,16,0,1,1,1,1,0,1,1,1,1,1,0,0,1,10
DDD,2014B,520962,1,South East Region,A Level or Equivalent,70-80%,35-55,1,120,0,Pass,7,1,0,1,1,0,1,1,1,1,1,1,1,0,0,3
DDD,2014B,521249,0,South Region,A Level or Equivalent,60-70%,0-35,0,60,0,Withdrawn,7,0,1,0,1,0,1,1,0,1,0,0,0,1,0,3
DDD,2014B,522129,0,North Western Region,A Level or Equivalent,70-80%,35-55,1,120,0,Withdrawn,8,1,1,0,1,1,1,1,1,1,1,0,0,0,1,3
DDD,2014B,522205,0,North Region,A Level or Equivalent,70-80%,0-35,2,60,0,Fail,14,0,1,0,1,1,1,0,1,0,0,1,1,1,1,5
DDD,2014B,522363,1,London Region,HE Qualification,20-30%,35-55,1,120,0,Withdrawn,7,1,1,1,0,0,1,1,1,0,1,1,0,1,0,3
DDD,2014B,522690,1,East Midlands Region,A Level or Equivalent,90-100%,35-55,1,150,0,Withdrawn,11,0,1,1,0,0,0,1,0,0,1,1,0,0,0,6
DDD,2014B,522840,1,East Anglian Region,Lower Than A Level,20-30%,0-35,0,60,0,Pass,14,0,1,1,1,1,0,0,0,1,0,1,0,0,0,5
DDD,2014B,523583,1,London Region,A Level or Equivalent,20-30%,35-55,1,120,1,Fail,14,0,1,1,0,1,0,1,1,0,1,1,1,1,0,5
DDD,2014B,523857,1,West Midlands Region,HE Qualification,20-30%,0-35,0,120,1,Pass,4,1,0,1,0,0,0,0,1,1,0,1,0,0,1,8
DDD,2014B,523978,1,South West Region,Lower Than A Level,60-70%,0-35,1,60,0,Pass,8,1,0,0,1,0,0,0,1,0,1,0,1,0,1,3
DDD,2014B,524109,0,London Region,HE Qualification,80-90%,55<=,0,60,0,Fail,13,1,0,0,1,0,0,0,1,0,0,0,0,0,0,5
DDD,2014B,524137,1,North Western Region,A Level or Equivalent,20-Oct,0-35,1,120,0,Pass,3,0,0,0,1,1,0,1,0,0,0,1,1,1,1,8
DDD,2014B,525412,0,Yorkshire Region,Lower Than A Level,30-40%,0-35,0,120,0,Fail,11,1,0,1,0,0,0,0,1,0,0,1,1,0,0,6
DDD,2014B,525635,1,East Anglian Region,A Level or Equivalent,60-70%,0-35,0,60,0,Fail,14,1,1,1,0,1,0,0,1,1,1,0,1,0,0,5
DDD,2014B,526098,0,North Region,Post Graduate Qualification,,35-55,1,150,0,Withdrawn,7,1,1,0,0,0,1,1,1,0,0,0,1,1,1,3
DDD,2014B,526175,0,London Region,Lower Than A Level,20-Oct,0-35,0,60,0,Fail,8,1,0,0,0,1,0,1,1,1,0,0,0,1,1,3
DDD,2014B,527242,1,Scotland,Lower Than A Level,20-Oct,0-35,0,90,0,Withdrawn,11,1,0,0,0,0,1,0,1,0,1,1,0,0,0,6
DDD,2014B,527323,1,London Region,Lower Than A Level,20-Oct,0-35,3,90,0,Fail,8,0,1,1,0,1,0,1,1,1,0,0,0,1,1,3
DDD,2014B,528330,0,West Midlands Region,A Level or Equivalent,20-30%,0-35,0,120,0,Withdrawn,10,0,0,1,0,0,0,0,1,1,0,1,0,1,0,1
DDD,2014B,528699,0,South Region,A Level or Equivalent,80-90%,35-55,0,60,0,Withdrawn,8,1,0,0,0,1,0,1,0,0,1,1,0,0,1,3
DDD,2014B,528822,0,North Western Region,Lower Than A Level,20-Oct,0-35,0,60,0,Withdrawn,15,1,1,1,1,1,0,1,0,0,1,1,0,0,1,10
DDD,2014B,529190,0,South Region,Lower Than A Level,70-80%,0-35,0,60,0,Pass,1,1,0,1,1,0,1,1,0,0,0,0,1,1,1,2
DDD,2014B,531069,0,East Anglian Region,Lower Than A Level,60-70%,35-55,2,120,1,Withdrawn,14,0,0,0,1,1,0,1,1,0,0,0,1,0,1,5
DDD,2014B,531234,1,West Midlands Region,Lower Than A Level,70-80%,35-55,1,120,0,Pass,13,0,1,0,0,1,0,1,0,1,0,1,1,0,1,5
DDD,2014B,531243,0,South East Region,HE Qualification,80-90%,0-35,0,60,0,Withdrawn,5,0,1,0,0,0,0,1,1,0,1,0,0,0,1,9
DDD,2014B,531340,1,East Anglian Region,Lower Than A Level,20-30%,0-35,2,60,0,Withdrawn,16,1,0,1,1,1,1,0,1,0,1,0,0,0,1,10
DDD,2014B,532194,0,North Region,A Level or Equivalent,,35-55,0,120,0,Withdrawn,5,1,0,0,1,1,1,0,0,1,1,0,1,0,1,9
DDD,2014B,532988,0,South West Region,A Level or Equivalent,70-80%,0-35,1,60,0,Fail,16,1,0,0,1,0,0,1,1,0,0,1,0,1,0,10
DDD,2014B,533012,0,Scotland,A Level or Equivalent,50-60%,35-55,0,90,0,Fail,13,1,1,0,0,1,0,1,1,0,1,1,1,1,1,5
DDD,2014B,534201,1,South West Region,A Level or Equivalent,20-Oct,0-35,0,60,0,Pass,11,1,0,1,1,0,1,0,0,1,1,0,1,0,0,6
DDD,2014B,536794,0,South West Region,Lower Than A Level,70-80%,0-35,0,210,0,Withdrawn,13,0,0,0,1,0,0,0,1,1,1,0,1,0,1,5
DDD,2014B,536941,1,East Anglian Region,A Level or Equivalent,90-100%,0-35,0,60,0,Pass,2,1,0,0,0,0,0,1,0,1,0,1,0,1,0,2
DDD,2014B,536999,0,North Region,Lower Than A Level,,35-55,1,60,1,Withdrawn,9,1,0,1,1,0,0,1,1,1,0,0,0,1,0,4
DDD,2014B,537238,1,West Midlands Region,A Level or Equivalent,0-10%,35-55,0,180,0,Withdrawn,16,1,1,0,1,0,0,0,1,1,1,0,1,1,0,10
DDD,2014B,537756,1,Yorkshire Region,A Level or Equivalent,0-10%,0-35,0,270,0,Pass,6,1,1,1,0,1,1,1,1,0,1,1,1,1,1,9
DDD,2014B,539060,1,Ireland,Lower Than A Level,0-10%,0-35,0,120,1,Withdrawn,11,0,0,1,1,1,1,1,0,0,1,1,0,1,0,6
DDD,2014B,539186,1,East Midlands Region,A Level or Equivalent,30-40%,0-35,2,120,0,Fail,13,0,1,1,0,0,0,1,1,1,0,0,0,0,0,5
DDD,2014B,539451,0,London Region,Lower Than A Level,20-Oct,55<=,0,60,0,Pass,5,0,0,0,0,0,1,0,0,0,1,0,0,1,0,9
DDD,2014B,539588,1,South East Region,A Level or Equivalent,80-90%,0-35,0,60,0,Fail,13,0,0,0,0,0,0,0,1,0,0,0,1,0,0,5
DDD,2014B,539872,1,West Midlands Region,A Level or Equivalent,50-60%,0-35,1,120,0,Withdrawn,15,0,0,1,1,1,0,1,1,1,1,1,1,0,0,10
DDD,2014B,540758,1,South Region,Lower Than A Level,80-90%,0-35,2,90,0,Pass,15,1,0,1,1,0,0,0,0,1,0,1,0,1,1,10
DDD,2014B,541000,1,North Western Region,A Level or Equivalent,0-10%,0-35,0,60,0,Pass,1,1,0,0,1,1,1,0,1,0,1,0,1,1,1,2
DDD,2014B,541765,0,South East Region,A Level or Equivalent,80-90%,0-35,0,120,0,Pass,8,0,1,0,1,1,1,1,0,0,0,0,1,0,1,3
DDD,2014B,543356,1,Ireland,Lower Than A Level,20-Oct,35-55,0,210,0,Withdrawn,7,1,0,1,1,0,1,0,0,0,1,1,1,0,1,3
DDD,2014B,543361,1,Yorkshire Region,A Level or Equivalent,70-80%,0-35,0,60,0,Withdrawn,11,0,0,0,0,1,1,0,1,0,0,0,0,1,1,6
DDD,2014B,543789,1,Yorkshire Region,A Level or Equivalent,50-60%,0-35,0,60,0,Distinction,11,0,0,1,1,0,1,1,0,0,0,0,0,1,1,6
DDD,2014B,543976,1,East Midlands Region,Lower Than A Level,50-60%,35-55,0,60,0,Withdrawn,1,0,0,1,1,0,0,1,0,1,1,0,1,1,0,2
DDD,2014B,544499,1,Wales,Lower Than A Level,20-Oct,0-35,2,180,0,Withdrawn,10,0,0,1,0,0,1,0,0,0,0,0,1,1,1,1
DDD,2014B,544587,1,South East Region,Lower Than A Level,90-100%,35-55,1,120,1,Fail,13,0,1,1,0,1,0,0,1,0,0,0,0,0,0,5
DDD,2014B,545387,0,Yorkshire Region,A Level or Equivalent,30-40%,0-35,1,60,0,Withdrawn,15,0,0,0,1,1,1,1,1,0,0,0,0,1,1,10
DDD,2014B,546025,1,Wales,Lower Than A Level,50-60%,35-55,0,60,0,Fail,9,0,0,1,0,1,1,1,0,1,1,0,0,0,0,4
DDD,2014B,546040,0,East Midlands Region,HE Qualification,80-90%,0-35,0,120,0,Fail,8,1,1,1,1,1,1,0,0,0,1,1,0,1,1,3
DDD,2014B,546299,0,West Midlands Region,Lower Than A Level,60-70%,0-35,0,60,0,Withdrawn,16,0,0,0,1,1,1,0,0,0,1,1,0,0,0,10
DDD,2014B,546403,0,North Western Region,Lower Than A Level,60-70%,0-35,2,240,0,Withdrawn,10,1,0,1,0,1,0,0,1,0,1,1,1,0,0,1
DDD,2014B,546584,0,South Region,A Level or Equivalent,70-80%,35-55,0,60,0,Pass,16,1,0,1,0,1,1,1,1,1,1,0,1,0,1,10
DDD,2014B,546654,0,East Midlands Region,A Level or Equivalent,80-90%,0-35,1,60,1,Distinction,14,1,0,0,0,0,1,0,0,1,1,0,1,1,0,5
DDD,2014B,547629,1,East Midlands Region,Lower Than A Level,90-100%,35-55,1,60,0,Withdrawn,6,0,1,0,1,1,0,0,1,0,1,0,1,0,1,9
DDD,2014B,547786,0,Scotland,HE Qualification,90-100%,0-35,0,120,0,Withdrawn,15,1,1,0,1,1,1,0,0,0,0,1,0,1,0,10
DDD,2014B,547816,1,North Western Region,Lower Than A Level,60-70%,0-35,1,210,0,Withdrawn,12,0,0,0,0,1,1,1,0,0,1,1,0,0,0,7
DDD,2014B,547860,1,Yorkshire Region,A Level or Equivalent,40-50%,0-35,0,180,0,Withdrawn,10,0,1,0,0,1,1,1,0,0,1,1,0,1,1,1
DDD,2014B,548292,0,East Anglian Region,A Level or Equivalent,40-50%,0-35,0,60,0,Pass,2,1,0,0,0,0,0,0,0,1,0,0,1,1,1,2
DDD,2014B,548371,0,North Western Region,A Level or Equivalent,20-30%,0-35,1,60,0,Fail,7,1,0,0,1,0,0,1,0,1,0,1,1,0,0,3
DDD,2014B,548500,0,Wales,A Level or Equivalent,50-60%,35-55,1,120,0,Withdrawn,15,0,0,0,0,1,0,0,0,0,1,1,0,1,0,10
DDD,2014B,549160,0,East Anglian Region,A Level or Equivalent,60-70%,0-35,1,120,0,Withdrawn,6,0,1,0,0,0,0,0,1,1,1,0,1,1,1,9
DDD,2014B,549785,1,South Region,Lower Than A Level,70-80%,0-35,0,60,0,Withdrawn,3,0,1,1,1,0,1,0,0,0,1,1,0,1,1,8
DDD,2014B,550046,0,South Region,A Level or Equivalent,90-100%,0-35,0,60,0,Distinction,4,1,0,0,0,1,0,1,1,0,0,1,1,1,0,8
DDD,2014B,550638,1,North Region,A Level or Equivalent,0-10%,0-35,0,60,0,Fail,6,1,1,0,0,0,0,0,0,1,1,0,1,1,0,9
DDD,2014B,550893,0,North Region,A Level or Equivalent,0-10%,0-35,1,90,0,Fail,9,0,1,1,0,0,0,0,0,1,1,0,1,0,1,4
DDD,2014B,551109,1,North Region,Lower Than A Level,0-10%,0-35,0,210,0,Withdrawn,7,0,0,1,0,0,1,0,1,0,0,1,0,1,0,3
DDD,2014B,551171,1,South West Region,Lower Than A Level,80-90%,0-35,0,120,0,Pass,10,1,1,1,0,0,0,0,1,1,1,0,0,0,0,1
DDD,2014B,551340,0,South Region,Lower Than A Level,30-40%,35-55,0,120,1,Withdrawn,5,0,0,0,1,1,1,0,1,0,0,1,0,1,1,9
DDD,2014B,551427,1,East Anglian Region,A Level or Equivalent,40-50%,0-35,0,60,0,Fail,16,1,1,0,0,1,1,1,1,0,1,0,0,1,0,10
DDD,2014B,551814,0,North Western Region,Lower Than A Level,90-100%,0-35,0,90,0,Pass,6,0,0,1,1,1,0,0,1,1,1,1,0,0,1,9
DDD,2014B,552003,1,London Region,A Level or Equivalent,90-100%,35-55,1,120,0,Distinction,11,1,1,0,1,0,0,0,0,1,0,1,1,0,0,6
DDD,2014B,552255,0,North Western Region,A Level or Equivalent,20-30%,0-35,1,90,0,Pass,14,0,1,0,0,0,1,0,1,0,0,0,0,0,1,5
DDD,2014B,552908,0,North Western Region,Lower Than A Level,20-30%,0-35,1,120,0,Withdrawn,13,0,1,1,0,1,0,1,0,0,1,0,1,0,1,5
DDD,2014B,554065,0,North Region,Lower Than A Level,,0-35,1,60,0,Distinction,5,1,0,0,0,0,1,0,1,1,1,0,0,0,0,9
DDD,2014B,554444,1,West Midlands Region,Lower Than A Level,20-Oct,0-35,1,120,0,Withdrawn,11,1,0,1,0,1,0,0,0,0,1,1,0,1,0,6
DDD,2014B,554585,0,East Midlands Region,Lower Than A Level,30-40%,0-35,0,60,0,Withdrawn,13,0,0,0,1,0,1,1,0,1,0,1,0,1,0,5
DDD,2014B,554588,1,North Region,HE Qualification,20-30%,35-55,1,90,0,Fail,13,1,1,0,1,0,1,1,0,1,1,1,0,0,0,5
DDD,2014B,554712,0,South Region,A Level or Equivalent,40-50%,0-35,0,120,0,Withdrawn,9,0,0,0,0,1,0,1,1,1,1,1,0,0,0,4
DDD,2014B,555132,0,South Region,A Level or Equivalent,40-50%,0-35,0,60,0,Withdrawn,16,0,1,1,1,1,1,0,0,1,0,1,0,0,1,10
DDD,2014B,555137,1,Scotland,Lower Than A Level,20-Oct,0-35,2,150,0,Fail,12,1,0,1,0,1,0,1,1,0,0,1,1,0,0,7
DDD,2014B,555408,0,South Region,A Level or Equivalent,70-80%,0-35,2,150,0,Fail,16,1,1,0,1,1,0,1,0,0,1,0,1,0,1,10
DDD,2014B,555446,0,East Anglian Region,Lower Than A Level,90-100%,0-35,1,60,0,Fail,1,1,0,1,0,1,0,1,1,0,0,1,0,0,0,2
DDD,2014B,556007,1,East Anglian Region,A Level or Equivalent,30-40%,0-35,0,90,0,Withdrawn,1,1,0,0,1,1,1,0,1,0,0,1,0,1,0,2
DDD,2014B,556057,1,London Region,Lower Than A Level,40-50%,0-35,0,60,0,Pass,10,0,0,1,0,1,0,1,1,1,0,1,1,1,1,1
DDD,2014B,556170,0,Yorkshire Region,Lower Than A Level,40-50%,0-35,1,120,0,Withdrawn,2,1,1,0,1,1,0,0,0,1,0,0,0,1,1,2
DDD,2014B,556171,0,South Region,Lower Than A Level,40-50%,35-55,0,60,0,Fail,3,1,0,0,0,0,1,0,1,0,1,1,0,0,1,8
DDD,2014B,556370,0,Scotland,HE Qualification,50-60%,0-35,2,120,0,Fail,2,0,1,1,1,0,0,1,0,0,1,1,1,0,1,2
DDD,2014B,556374,0,Wales,Lower Than A Level,80-90%,35-55,0,60,0,Withdrawn,15,1,1,0,1,1,1,0,1,1,1,1,1,0,1,10
DDD,2014B,556416,0,South East Region,Lower Than A Level,30-40%,0-35,0,60,1,Distinction,11,1,1,0,1,1,1,1,1,1,0,0,0,1,0,6
DDD,2014B,556836,0,East Anglian Region,A Level or Equivalent,80-90%,0-35,0,150,0,Withdrawn,12,0,0,0,0,0,0,1,1,1,1,0,0,1,0,7
DDD,2014B,557404,1,South Region,HE Qualification,60-70%,0-35,0,60,0,Pass,2,1,1,0,1,0,0,0,0,1,1,1,1,1,0,2
DDD,2014B,557751,0,East Midlands Region,A Level or Equivalent,0-10%,0-35,1,60,0,Withdrawn,7,1,0,1,1,1,1,1,0,0,1,1,1,1,1,3
DDD,2014B,558029,0,Scotland,HE Qualification,60-70%,35-55,1,120,0,Pass,1,0,1,1,1,0,1,0,1,0,0,0,0,0,0,2
DDD,2014B,558292,0,West Midlands Region,A Level or Equivalent,70-80%,0-35,0,180,0,Pass,13,0,0,0,1,1,1,0,1,0,0,0,1,0,0,5
DDD,2014B,558629,0,South West Region,Lower Than A Level,30-40%,0-35,0,60,0,Fail,8,0,0,1,0,0,0,0,1,1,1,1,1,0,1,3
DDD,2014B,558705,0,South Region,A Level or Equivalent,80-90%,0-35,2,120,0,Pass,9,0,1,1,0,0,1,1,1,0,0,0,0,1,0,4
DDD,2014B,559328,0,West Midlands Region,Lower Than A Level,40-50%,35-55,0,60,0,Pass,7,1,0,0,1,0,0,1,0,1,0,1,1,1,0,3
DDD,2014B,559872,0,East Midlands Region,A Level or Equivalent,50-60%,0-35,1,180,0,Pass,15,0,1,1,1,0,1,1,1,1,1,1,1,1,0,10
DDD,2014B,560944,1,London Region,A Level or Equivalent,30-40%,0-35,0,120,1,Pass,1,1,0,1,0,1,1,0,1,1,0,1,0,1,1,2
DDD,2014B,561503,0,North Region,No Formal quals,,0-35,0,120,0,Withdrawn,14,1,0,0,1,1,1,0,1,0,0,0,1,0,1,5
DDD,2014B,561906,0,Yorkshire Region,Lower Than A Level,0-10%,0-35,0,60,0,Withdrawn,16,1,0,1,0,0,0,1,0,0,1,0,0,0,0,10
DDD,2014B,561913,0,Scotland,HE Qualification,0-10%,35-55,0,60,0,Pass,7,1,1,0,1,0,0,1,0,1,0,0,0,0,0,3
DDD,2014B,562112,1,East Midlands Region,A Level or Equivalent,80-90%,0-35,0,120,0,Distinction,5,1,1,0,0,0,0,0,1,1,1,0,1,1,0,9
DDD,2014B,562248,1,London Region,Lower Than A Level,20-30%,0-35,0,60,0,Fail,10,0,1,0,1,1,1,1,1,1,1,1,0,0,1,1
DDD,2014B,562632,1,South West Region,Lower Than A Level,30-40%,35-55,0,60,0,Pass,5,0,0,0,0,0,0,0,1,0,1,0,1,0,0,9
DDD,2014B,562708,1,South Region,A Level or Equivalent,20-Oct,35-55,0,60,0,Withdrawn,10,1,0,1,0,1,0,1,0,0,1,0,1,1,0,1
DDD,2014B,562929,0,East Anglian Region,Lower Than A Level,70-80%,0-35,1,120,0,Fail,8,1,1,0,1,1,0,1,1,1,1,0,0,1,1,3
DDD,2014B,563081,1,South Region,A Level or Equivalent,20-30%,35-55,0,60,0,Pass,14,1,1,0,0,1,1,1,0,1,1,1,1,0,1,5
DDD,2014B,563631,0,West Midlands Region,A Level or Equivalent,60-70%,0-35,0,90,0,Fail,11,1,1,0,0,0,1,1,0,1,0,0,1,1,1,6
DDD,2014B,563763,1,East Anglian Region,Lower Than A Level,30-40%,0-35,0,60,1,Pass,8,1,1,1,0,0,1,1,1,1,1,1,0,1,0,3
DDD,2014B,564081,0,East Anglian Region,Lower Than A Level,90-100%,0-35,0,60,0,Fail,6,1,1,0,0,1,1,0,1,1,0,1,1,0,1,9
DDD,2014B,564643,1,North Region,Lower Than A Level,20-30%,0-35,0,120,0,Withdrawn,4,1,0,0,0,0,0,0,0,1,0,1,1,1,1,8
DDD,2014B,564712,1,East Midlands Region,A Level or Equivalent,60-70%,0-35,0,60,0,Withdrawn,16,1,0,0,1,0,1,0,1,0,1,1,0,1,0,10
DDD,2014B,564944,0,East Midlands Region,A Level or Equivalent,70-80%,0-35,0,60,0,Withdrawn,16,1,0,0,0,0,0,0,0,1,0,1,1,1,0,10
DDD,2014B,564970,1,South East Region,Lower Than A Level,60-70%,0-35,0,60,0,Withdrawn,10,1,1,0,0,1,1,0,1,0,1,1,1,1,1,1
DDD,2014B,565158,1,Scotland,Lower Than A Level,80-90%,0-35,0,60,0,Pass,5,0,1,1,0,0,0,0,1,1,1,1,1,0,0,9
DDD,2014B,565840,0,Wales,A Level or Equivalent,70-80%,0-35,0,60,0,Fail,7,1,1,1,0,1,1,0,0,1,1,1,1,1,0,3
DDD,2014B,565851,0,Scotland,A Level or Equivalent,0-10%,0-35,0,60,1,Fail,5,1,0,1,0,0,0,0,1,0,1,0,0,1,0,9
DDD,2014B,566240,0,North Western Region,A Level or Equivalent,20-30%,35-55,0,60,0,Pass,11,0,1,1,0,0,1,0,0,1,0,1,0,0,1,6
DDD,2014B,566652,0,South West Region,Lower Than A Level,70-80%,35-55,0,60,0,Fail,8,1,0,0,0,0,1,1,0,0,1,0,1,0,1,3
DDD,2014B,566694,1,South Region,Lower Than A Level,20-30%,0-35,0,90,0,Pass,3,0,0,1,0,0,1,0,0,1,1,1,0,0,0,8
DDD,2014B,566788,0,South East Region,A Level or Equivalent,50-60%,0-35,1,240,0,Pass,8,0,0,1,1,0,1,1,1,1,1,1,1,0,0,3
DDD,2014B,567595,0,North Western Region,Lower Than A Level,20-Oct,0-35,0,60,0,Distinction,10,1,1,1,1,0,0,1,1,0,1,1,0,0,1,1
DDD,2014B,567808,1,Wales,A Level or Equivalent,40-50%,0-35,1,180,0,Fail,2,0,0,0,0,0,1,0,0,0,0,1,0,0,1,2
DDD,2014B,567896,1,Yorkshire Region,A Level or Equivalent,30-40%,35-55,1,120,0,Fail,1,0,0,0,1,1,1,1,0,1,1,1,1,0,1,2
DDD,2014B,568631,0,East Midlands Region,A Level or Equivalent,60-70%,0-35,0,60,0,Withdrawn,8,1,1,1,1,0,1,0,0,0,1,0,0,0,1,3
DDD,2014B,568686,0,North Western Region,Lower Than A Level,60-70%,35-55,0,60,0,Fail,16,0,1,1,1,1,0,0,0,1,1,1,0,0,1,10
DDD,2014B,569084,0,East Midlands Region,Lower Than A Level,20-Oct,0-35,0,60,0,Pass,9,1,1,0,1,0,0,0,0,1,0,0,1,1,1,4
DDD,2014B,569706,0,South Region,A Level or Equivalent,90-100%,0-35,0,120,1,Withdrawn,16,1,0,1,0,1,0,0,1,0,1,1,1,0,1,10
DDD,2014B,569944,0,Yorkshire Region,No Formal quals,30-40%,0-35,0,60,0,Distinction,13,1,0,1,1,0,0,1,0,0,0,1,1,1,0,5
DDD,2014B,570049,1,Yorkshire Region,Lower Than A Level,0-10%,0-35,1,180,0,Pass,16,0,0,0,1,1,0,0,0,1,1,1,1,0,1,10
DDD,2014B,570215,1,North Western Region,Lower Than A Level,20-30%,0-35,0,60,1,Pass,12,1,1,0,1,1,1,1,0,1,0,0,1,1,0,7
DDD,2014B,571000,0,East Anglian Region,Lower Than A Level,60-70%,0-35,1,180,0,Pass,8,0,0,1,0,0,1,1,1,0,1,1,0,1,0,3
DDD,2014B,571008,0,Yorkshire Region,Lower Than A Level,0-10%,35-55,0,60,1,Withdrawn,8,0,1,1,1,1,1,1,0,1,1,1,1,1,0,3
DDD,2014B,571292,1,Wales,Lower Than A Level,60-70%,35-55,0,60,0,Withdrawn,5,0,0,0,1,1,1,1,0,0,1,1,1,0,0,9
DDD,2014B,571397,0,East Anglian Region,Lower Than A Level,20-30%,0-35,0,60,0,Pass,3,1,0,1,1,0,0,1,1,1,0,1,1,1,1,8
DDD,2014B,572043,0,North Region,A Level or Equivalent,20-Oct,35-55,0,120,0,Withdrawn,10,0,0,1,1,0,0,1,0,1,1,1,0,1,1,1
DDD,2014B,572235,1,Scotland,A Level or Equivalent,20-30%,0-35,0,60,0,Withdrawn,11,0,1,0,1,0,0,1,1,1,1,0,0,1,0,6
DDD,2014B,572414,1,Ireland,Lower Than A Level,20-Oct,0-35,1,180,0,Withdrawn,4,1,1,0,0,1,1,0,0,1,0,0,0,1,1,8
DDD,2014B,572924,0,North Western Region,Lower Than A Level,0-10%,0-35,0,120,0,Pass,2,0,1,0,0,0,0,1,0,0,0,1,1,1,1,2
DDD,2014B,573126,1,South East Region,A Level or Equivalent,90-100%,0-35,0,60,0,Pass,16,0,1,1,0,1,0,0,0,0,0,1,0,0,0,10
DDD,2014B,573235,0,Scotland,HE Qualification,60-70%,0-35,1,120,0,Fail,5,0,0,0,1,1,1,1,1,0,1,1,1,1,1,9
DDD,2014B,574190,1,East Anglian Region,A Level or Equivalent,30-40%,0-35,0,60,0,Withdrawn,10,1,1,0,0,0,1,1,0,1,1,1,1,0,0,1
DDD,2014B,574590,0,South West Region,A Level or Equivalent,70-80%,0-35,0,180,0,Pass,2,0,1,0,0,1,1,1,0,0,0,1,1,1,0,2
DDD,2014B,574909,0,South East Region,A Level or Equivalent,90-100%,35-55,0,60,0,Distinction,1,1,1,0,0,1,1,1,1,1,0,1,0,0,0,2
DDD,2014B,575603,0,South West Region,A Level or Equivalent,50-60%,0-35,0,120,0,Pass,12,0,1,1,1,1,0,0,0,0,0,0,0,1,1,7
DDD,2014B,575773,0,London Region,Lower Than A Level,30-40%,0-35,1,120,1,Fail,15,0,0,1,0,0,1,0,1,1,1,0,1,0,1,10
DDD,2014B,575792,0,Scotland,HE Qualification,80-90%,0-35,0,60,0,Pass,5,1,0,1,1,0,1,1,1,0,0,1,0,1,1,9
DDD,2014B,576041,0,South West Region,A Level or Equivalent,30-40%,0-35,1,120,0,Pass,1,1,0,1,1,0,0,1,1,1,0,0,0,1,1,2
DDD,2014B,576350,1,Scotland,Lower Than A Level,20-Oct,0-35,0,70,0,Fail,8,1,1,0,1,1,1,0,0,1,1,1,0,0,0,3
DDD,2014B,576584,0,South Region,A Level or Equivalent,60-70%,0-35,0,60,0,Pass,15,0,1,0,0,0,1,0,0,1,1,1,1,1,1,10
DDD,2014B,576827,1,East Anglian Region,Lower Than A Level,20-Oct,0-35,0,120,0,Withdrawn,4,0,0,1,0,1,0,1,0,0,0,0,1,0,0,8
DDD,2014B,576869,1,Yorkshire Region,A Level or Equivalent,50-60%,0-35,0,120,0,Withdrawn,2,0,1,0,0,1,0,0,1,0,0,0,1,1,0,2
DDD,2014B,577954,1,South Region,Lower Than A Level,40-50%,0-35,0,150,1,Withdrawn,9,0,1,1,1,1,0,0,0,1,1,0,0,1,1,4
DDD,2014B,577977,1,West Midlands Region,Lower Than A Level,90-100%,0-35,1,180,0,Withdrawn,2,1,1,0,1,1,0,0,0,0,1,1,0,0,1,2
DDD,2014B,578031,0,South West Region,A Level or Equivalent,20-30%,0-35,0,60,0,Distinction,13,0,0,1,0,1,1,0,0,1,1,0,0,1,1,5
DDD,2014B,578595,0,North Western Region,HE Qualification,50-60%,0-35,0,120,0,Fail,5,1,1,1,0,1,1,1,1,1,1,1,1,0,0,9
DDD,2014B,578815,0,North Region,Post Graduate Qualification,,35-55,0,60,0,Pass,2,0,0,0,1,0,1,1,0,0,0,0,0,0,1,2
DDD,2014B,579134,1,London Region,Lower Than A Level,20-30%,0-35,0,60,1,Pass,14,0,1,0,1,0,1,1,0,1,1,0,0,1,1,5
DDD,2014B,579178,1,Yorkshire Region,HE Qualification,20-Oct,0-35,0,120,0,Withdrawn,12,1,0,0,1,0,0,0,1,1,0,1,0,0,0,7
DDD,2014B,579711,0,East Anglian Region,HE Qualification,80-90%,35-55,0,120,0,Pass,1,1,1,1,0,0,0,0,0,0,0,1,1,1,1,2
DDD,2014B,580912,0,Scotland,A Level or Equivalent,50-60%,0-35,0,90,1,Pass,2,0,1,0,0,0,1,1,1,0,1,0,1,1,1,2
DDD,2014B,581409,0,South Region,Lower Than A Level,80-90%,35-55,1,120,1,Withdrawn,9,0,0,0,1,0,0,0,0,0,0,1,0,1,1,4
DDD,2014B,581648,1,Ireland,A Level or Equivalent,,35-55,1,180,0,Distinction,6,1,0,0,0,0,0,1,0,1,0,1,1,0,0,9
DDD,2014B,581909,0,North Western Region,Lower Than A Level,0-10%,35-55,0,240,1,Fail,9,1,1,0,0,1,0,0,0,0,1,1,0,1,0,4
DDD,2014B,582366,0,South East Region,Lower Than A Level,40-50%,0-35,1,180,0,Fail,9,1,1,0,0,1,1,1,0,0,1,0,1,0,0,4
DDD,2014B,582479,0,South Region,Lower Than A Level,90-100%,0-35,0,60,1,Pass,4,1,1,1,1,0,1,1,0,1,1,1,1,0,1,8
DDD,2014B,582920,1,Ireland,A Level or Equivalent,0-10%,35-55,0,60,0,Fail,11,1,0,1,0,0,1,0,0,1,1,1,1,0,0,6
DDD,2014B,583053,1,North Western Region,A Level or Equivalent,20-Oct,0-35,0,60,0,Pass,10,1,1,1,0,1,0,1,1,1,0,1,0,1,0,1
DDD,2014B,583348,0,West Midlands Region,A Level or Equivalent,20-Oct,35-55,0,120,0,Withdrawn,12,1,0,0,0,1,1,1,0,1,1,1,0,0,1,7
DDD,2014B,583713,0,Yorkshire Region,A Level or Equivalent,70-80%,0-35,0,60,0,Pass,1,1,0,0,1,0,0,0,0,0,1,0,0,0,1,2
DDD,2014B,583775,0,West Midlands Region,Lower Than A Level,20-Oct,0-35,1,120,0,Pass,16,1,0,0,1,1,1,0,1,0,1,0,1,1,0,10
DDD,2014B,584077,0,North Western Region,A Level or Equivalent,20-30%,0-35,1,150,0,Withdrawn,2,0,0,0,0,1,1,0,0,1,0,0,0,0,0,2
DDD,2014B,584082,1,South West Region,Lower Than A Level,30-40%,0-35,1,180,0,Fail,10,1,1,1,1,1,0,1,0,0,0,1,0,1,1,1
DDD,2014B,584089,0,Yorkshire Region,HE Qualification,80-90%,0-35,0,120,0,Withdrawn,11,0,0,0,1,1,0,0,1,1,0,0,0,1,1,6
DDD,2014B,584660,0,East Midlands Region,A Level or Equivalent,40-50%,0-35,0,120,0,Pass,11,1,1,0,1,1,1,0,0,0,0,0,0,1,0,6
DDD,2014B,584952,0,North Western Region,Lower Than A Level,0-10%,0-35,1,120,0,Withdrawn,7,1,1,0,1,1,0,0,0,0,1,1,1,1,1,3
DDD,2014B,585372,1,Yorkshire Region,Lower Than A Level,20-30%,0-35,0,60,0,Withdrawn,4,1,1,1,0,0,1,1,0,0,1,0,0,1,1,8
DDD,2014B,585384,1,East Anglian Region,Lower Than A Level,80-90%,0-35,1,210,0,Withdrawn,6,0,1,1,0,1,1,1,1,1,0,1,0,1,0,9
DDD,2014B,585485,0,London Region,Lower Than A Level,0-10%,0-35,0,60,0,Withdrawn,15,0,0,1,0,1,0,1,0,1,0,1,1,1,0,10
DDD,2014B,585830,1,East Anglian Region,A Level or Equivalent,40-50%,0-35,0,60,0,Distinction,9,1,0,0,1,1,0,1,1,1,1,1,0,1,1,4
DDD,2014B,586347,1,Wales,A Level or Equivalent,30-40%,0-35,0,150,0,Pass,5,0,1,1,1,0,0,0,1,1,0,1,1,0,0,9
DDD,2014B,586369,0,East Midlands Region,A Level or Equivalent,80-90%,0-35,0,120,0,Withdrawn,13,1,1,1,0,0,0,0,1,1,1,1,1,1,0,5
DDD,2014B,586537,0,South West Region,A Level or Equivalent,30-40%,0-35,0,120,0,Withdrawn,16,1,0,1,1,1,1,1,0,0,0,0,0,1,0,10
DDD,2014B,586876,0,East Midlands Region,A Level or Equivalent,60-70%,0-35,0,120,0,Pass,9,1,1,1,0,1,1,1,1,1,1,1,1,1,1,4
DDD,2014B,586946,1,West Midlands Region,A Level or Equivalent,80-90%,0-35,0,120,0,Withdrawn,12,0,1,1,0,0,0,1,0,1,0,1,1,0,0,7
DDD,2014B,587310,0,North Western Region,A Level or Equivalent,30-40%,35-55,1,120,0,Withdrawn,6,1,1,1,0,0,0,1,1,1,0,1,1,1,0,9
DDD,2014B,587403,0,Wales,A Level or Equivalent,80-90%,0-35,1,210,1,Withdrawn,4,0,0,1,0,1,1,0,1,1,0,1,0,0,0,8
DDD,2014B,587576,0,North Region,A Level or Equivalent,,0-35,1,180,0,Withdrawn,6,0,1,0,0,1,0,1,1,1,0,0,1,1,1,9
DDD,2014B,587633,0,Yorkshire Region,Lower Than A Level,50-60%,0-35,1,120,0,Fail,3,0,1,1,0,1,0,1,0,0,0,1,0,1,1,8
DDD,2014B,588059,1,East Midlands Region,Lower Than A Level,60-70%,35-55,0,90,1,Withdrawn,12,0,0,0,0,1,1,1,0,1,1,1,1,0,0,7
DDD,2014B,588182,0,South Region,Lower Than A Level,40-50%,0-35,0,60,0,Fail,8,0,1,0,0,0,1,0,0,1,0,0,1,1,0,3
DDD,2014B,588198,1,Wales,HE Qualification,20-Oct,0-35,0,120,0,Pass,4,0,0,0,0,0,1,1,0,0,0,1,0,1,1,8
DDD,2014B,588397,0,North Region,A Level or Equivalent,60-70%,0-35,0,120,0,Fail,11,1,1,0,0,1,0,0,0,1,0,1,0,1,0,6
DDD,2014B,588560,0,South East Region,A Level or Equivalent,20-Oct,0-35,0,120,1,Withdrawn,8,1,0,1,0,0,0,0,0,1,1,1,0,0,1,3
DDD,2014B,588749,0,Yorkshire Region,Lower Than A Level,50-60%,0-35,0,60,0,Withdrawn,4,1,0,1,0,0,0,1,1,0,0,1,1,0,0,8
DDD,2014B,588752,0,North Region,A Level or Equivalent,30-40%,35-55,0,60,0,Fail,10,0,1,1,1,1,1,0,0,1,1,0,0,0,1,1
DDD,2014B,589445,0,South East Region,Lower Than A Level,40-50%,35-55,1,120,0,Withdrawn,6,0,0,1,0,0,0,0,1,1,1,1,1,0,0,9
DDD,2014B,589569,0,East Anglian Region,Lower Than A Level,40-50%,0-35,1,120,0,Withdrawn,15,0,0,0,1,0,1,1,0,1,0,1,0,1,1,10
DDD,2014B,589963,0,Scotland,Lower Than A Level,30-40%,0-35,1,180,0,Pass,11,0,1,0,0,0,0,1,1,0,1,1,1,1,0,6
DDD,2014B,590410,1,South West Region,A Level or Equivalent,30-40%,0-35,0,120,1,Withdrawn,7,0,0,1,0,1,0,0,1,1,0,1,1,0,0,3
DDD,2014B,590504,0,East Anglian Region,A Level or Equivalent,80-90%,0-35,0,60,0,Fail,2,1,1,1,1,1,0,1,1,1,1,1,0,1,1,2
DDD,2014B,590541,1,Wales,A Level or Equivalent,50-60%,35-55,1,120,0,Distinction,1,0,1,1,1,1,1,1,1,0,0,0,1,1,1,2
DDD,2014B,590680,1,Yorkshire Region,A Level or Equivalent,20-Oct,0-35,0,60,0,Pass,8,0,0,0,1,0,0,1,1,0,1,1,1,1,1,3
DDD,2014B,591100,1,South West Region,A Level or Equivalent,60-70%,0-35,0,60,0,Withdrawn,6,0,1,1,1,1,1,0,0,1,0,0,0,0,0,9
DDD,2014B,591448,1,London Region,A Level or Equivalent,60-70%,0-35,0,120,0,Pass,4,1,1,1,1,1,1,1,0,0,1,0,1,1,0,8
DDD,2014B,591648,0,East Anglian Region,Lower Than A Level,90-100%,0-35,1,120,0,Withdrawn,16,1,1,1,0,0,1,1,1,0,1,0,0,1,0,10
DDD,2014B,591654,0,North Region,A Level or Equivalent,20-Oct,0-35,0,60,0,Fail,5,1,1,0,0,1,1,0,0,1,1,1,1,1,1,9
DDD,2014B,591742,1,East Anglian Region,HE Qualification,30-40%,35-55,0,120,0,Withdrawn,3,1,0,1,0,0,0,1,1,0,0,1,1,0,1,8
DDD,2014B,591852,1,Scotland,A Level or Equivalent,0-10%,0-35,1,120,1,Withdrawn,5,0,0,1,0,0,0,1,0,0,0,0,1,0,1,9
DDD,2014B,592220,0,Yorkshire Region,A Level or Equivalent,60-70%,0-35,1,120,0,Fail,4,1,0,0,1,1,0,1,0,1,1,1,1,1,1,8
DDD,2014B,592465,1,South West Region,Lower Than A Level,40-50%,0-35,0,60,0,Pass,8,1,1,1,0,0,1,0,0,0,0,0,0,0,0,3
DDD,2014B,593099,0,North Region,Lower Than A Level,20-30%,0-35,0,90,0,Withdrawn,13,1,1,1,1,1,0,1,1,1,1,0,0,0,0,5
DDD,2014B,593607,0,East Midlands Region,A Level or Equivalent,30-40%,0-35,0,60,0,Pass,10,1,0,0,1,1,0,0,0,1,1,1,1,0,1,1
DDD,2014B,593657,0,East Anglian Region,Lower Than A Level,20-30%,0-35,0,60,0,Distinction,8,0,1,1,0,0,0,1,0,0,0,1,1,0,0,3
DDD,2014B,594078,0,North Region,Lower Than A Level,,0-35,0,120,0,Pass,6,1,0,0,1,1,0,0,1,1,1,1,1,0,1,9
DDD,2014B,594407,1,South East Region,A Level or Equivalent,90-100%,0-35,1,120,0,Fail,1,1,1,0,1,0,0,0,1,0,0,0,1,1,0,2
DDD,2014B,595193,0,South Region,A Level or Equivalent,40-50%,35-55,0,60,0,Pass,7,1,1,0,0,0,0,0,1,0,1,0,1,1,1,3
DDD,2014B,595342,0,South Region,A Level or Equivalent,70-80%,0-35,0,60,0,Withdrawn,12,1,0,0,1,1,0,0,1,1,1,0,0,0,1,7
DDD,2014B,595373,1,Wales,A Level or Equivalent,80-90%,0-35,0,60,0,Fail,12,1,0,0,1,0,0,0,0,0,0,1,1,0,1,7
DDD,2014B,596439,0,South West Region,A Level or Equivalent,20-Oct,0-35,0,120,0,Pass,14,1,1,1,1,1,0,1,0,0,0,1,1,0,0,5
DDD,2014B,596465,1,London Region,A Level or Equivalent,20-30%,35-55,0,60,0,Pass,13,1,1,1,1,1,1,0,0,1,1,0,0,1,0,5
DDD,2014B,596906,0,Scotland,A Level or Equivalent,90-100%,0-35,1,120,0,Fail,12,1,1,1,0,0,0,1,0,0,1,1,1,1,0,7
DDD,2014B,597242,1,East Midlands Region,Lower Than A Level,20-Oct,0-35,1,120,1,Withdrawn,7,0,0,1,1,1,0,0,1,0,1,0,0,1,1,3
DDD,2014B,597356,0,Scotland,Lower Than A Level,90-100%,0-35,0,70,0,Withdrawn,4,1,1,0,0,1,1,1,0,0,1,1,0,0,1,8
DDD,2014B,597379,0,North Western Region,Lower Than A Level,20-30%,0-35,0,120,0,Withdrawn,9,0,1,0,1,1,1,0,0,1,0,0,0,0,0,4
DDD,2014B,597839,1,South West Region,A Level or Equivalent,0-10%,35-55,0,120,0,Withdrawn,7,1,1,1,0,1,1,0,0,0,0,1,1,0,0,3
DDD,2014B,598102,0,London Region,HE Qualification,0-10%,0-35,0,60,0,Pass,8,1,0,0,1,1,1,1,1,1,0,1,1,0,0,3
DDD,2014B,598179,1,Scotland,HE Qualification,50-60%,0-35,0,60,0,Pass,9,1,1,1,1,0,1,0,0,0,0,1,0,0,0,4
DDD,2014B,598750,0,London Region,A Level or Equivalent,60-70%,0-35,0,60,0,Pass,14,0,0,0,1,1,1,1,0,1,1,0,0,0,0,5
DDD,2014B,599134,0,South East Region,Lower Than A Level,30-40%,0-35,0,60,0,Fail,8,0,0,1,0,0,0,0,0,1,0,0,1,0,0,3
DDD,2014B,599649,0,East Midlands Region,HE Qualification,50-60%,0-35,1,150,0,Fail,16,0,0,1,1,0,0,1,0,0,1,0,0,0,1,10
DDD,2014B,599789,1,Scotland,HE Qualification,50-60%,0-35,0,60,0,Pass,16,1,1,0,1,1,0,0,1,0,1,1,0,0,1,10
DDD,2014B,600130,1,Yorkshire Region,A Level or Equivalent,0-10%,0-35,1,180,0,Withdrawn,15,0,0,1,0,0,0,1,0,1,1,1,1,0,1,10
DDD,2014B,600670,1,Scotland,A Level or Equivalent,90-100%,0-35,0,60,0,Pass,9,0,0,0,1,1,0,1,0,1,1,1,0,1,0,4
DDD,2014B,600767,0,South Region,A Level or Equivalent,50-60%,35-55,0,60,0,Pass,15,0,0,0,1,0,1,1,1,1,0,0,1,0,1,10
DDD,2014B,600814,0,South West Region,Lower Than A Level,30-40%,35-55,0,180,0,Withdrawn,15,0,0,1,0,1,0,1,1,0,1,1,1,1,0,10
DDD,2014B,600891,1,South East Region,A Level or Equivalent,70-80%,0-35,1,120,0,Pass,2,1,1,0,0,0,1,1,0,1,1,0,1,1,1,2
DDD,2014B,601082,0,Wales,Lower Than A Level,70-80%,35-55,0,60,0,Pass,11,0,0,1,0,1,1,0,1,1,1,1,1,1,0,6
DDD,2014B,601093,0,North Region,Lower Than A Level,,0-35,0,60,0,Pass,15,0,0,1,0,0,0,0,1,0,1,1,0,1,0,10
DDD,2014B,601270,1,Scotland,Lower Than A Level,50-60%,0-35,1,120,0,Withdrawn,8,1,1,1,1,1,0,0,1,0,1,1,1,0,0,3
DDD,2014B,601329,1,South East Region,A Level or Equivalent,90-100%,0-35,0,60,0,Withdrawn,8,1,1,1,0,0,0,1,1,1,1,1,1,1,1,3
DDD,2014B,601652,1,East Midlands Region,Lower Than A Level,60-70%,35-55,0,60,0,Withdrawn,16,0,0,0,0,1,1,0,0,1,0,0,0,0,1,10
DDD,2014B,601731,0,London Region,A Level or Equivalent,30-40%,0-35,1,210,0,Fail,12,1,0,0,0,1,0,0,1,0,0,0,1,1,0,7
DDD,2014B,601956,0,East Anglian Region,A Level or Equivalent,40-50%,0-35,0,60,0,Pass,15,1,0,0,0,0,1,1,1,0,1,1,0,0,0,10
DDD,2014B,602228,0,East Anglian Region,A Level or Equivalent,70-80%,0-35,0,60,0,Fail,1,1,0,1,1,0,1,1,0,0,0,0,0,1,0,2
DDD,2014B,602365,0,West Midlands Region,Lower Than A Level,30-40%,0-35,0,60,0,Pass,14,1,1,1,1,0,1,1,0,1,0,1,1,0,0,5
DDD,2014B,602454,1,London Region,Lower Than A Level,20-Oct,0-35,0,120,0,Pass,16,1,0,1,0,0,1,0,1,0,0,1,1,0,0,10
DDD,2014B,602533,0,West Midlands Region,A Level or Equivalent,20-30%,0-35,0,60,1,Distinction,16,0,0,0,0,1,1,0,0,1,0,0,1,1,0,10
DDD,2014B,603241,0,North Region,A Level or Equivalent,80-90%,0-35,0,60,0,Withdrawn,4,1,0,0,1,1,0,1,0,1,0,0,1,0,0,8
DDD,2014B,603302,0,South West Region,A Level or Equivalent,20-30%,0-35,1,120,1,Distinction,15,0,1,1,0,0,1,1,1,1,1,1,1,0,1,10
DDD,2014B,603559,0,Scotland,Lower Than A Level,20-Oct,0-35,0,60,0,Fail,1,1,1,1,0,1,1,1,1,0,0,1,1,0,0,2
DDD,2014B,603690,1,South Region,Lower Than A Level,40-50%,0-35,0,120,0,Pass,3,1,1,1,0,0,0,0,1,0,0,0,0,0,0,8
DDD,2014B,604027,0,Wales,A Level or Equivalent,50-60%,0-35,1,135,0,Withdrawn,6,0,0,0,0,0,1,1,1,0,0,1,1,0,1,9
DDD,2014B,604398,1,North Region,No Formal quals,20-Oct,0-35,1,180,0,Withdrawn,2,0,1,1,0,0,0,1,1,0,1,0,1,0,0,2
DDD,2014B,604480,0,West Midlands Region,A Level or Equivalent,80-90%,0-35,0,120,0,Withdrawn,12,1,1,1,0,1,0,1,1,1,0,0,0,0,1,7
DDD,2014B,604704,1,Scotland,A Level or Equivalent,30-40%,0-35,1,120,1,Withdrawn,13,0,0,0,0,1,0,1,1,1,1,0,0,0,0,5
DDD,2014B,604905,1,South West Region,A Level or Equivalent,20-30%,0-35,0,60,0,Pass,3,1,1,1,1,1,1,0,1,0,1,0,1,1,1,8
DDD,2014B,605131,0,West Midlands Region,Lower Than A Level,20-Oct,0-35,0,60,0,Withdrawn,8,1,1,1,1,0,0,1,0,1,1,0,1,0,1,3
DDD,2014B,605596,0,East Anglian Region,Lower Than A Level,90-100%,0-35,0,120,0,Pass,1,1,1,0,1,0,1,1,0,0,0,1,0,1,0,2
DDD,2014B,605652,1,South Region,A Level or Equivalent,90-100%,0-35,1,180,0,Pass,7,1,0,1,1,0,0,1,0,1,1,0,1,0,0,3
DDD,2014B,605695,1,West Midlands Region,A Level or Equivalent,30-40%,0-35,0,60,0,Pass,15,0,1,1,1,1,1,0,0,0,1,1,0,0,1,10
DDD,2014B,605759,0,East Midlands Region,A Level or Equivalent,50-60%,0-35,0,90,0,Withdrawn,8,0,0,0,1,1,0,1,1,0,0,0,1,0,1,3
DDD,2014B,605781,0,London Region,A Level or Equivalent,30-40%,0-35,0,120,0,Pass,8,0,0,0,1,1,0,0,0,1,0,0,0,1,0,3
DDD,2014B,605890,0,Wales,Lower Than A Level,50-60%,0-35,0,60,0,Fail,14,1,1,0,0,0,1,1,1,1,0,0,1,1,0,5
DDD,2014B,606802,1,South Region,Lower Than A Level,20-30%,0-35,0,60,0,Withdrawn,12,0,0,1,0,0,0,0,0,0,1,1,1,1,1,7
DDD,2014B,606884,1,Wales,Lower Than A Level,20-30%,0-35,0,60,0,Fail,9,1,1,1,0,0,1,0,1,0,0,0,1,1,0,4
DDD,2014B,606905,1,South Region,A Level or Equivalent,20-Oct,0-35,1,120,0,Withdrawn,14,0,0,0,1,1,1,1,1,1,1,1,1,1,1,5
DDD,2014B,607063,1,North Region,A Level or Equivalent,,0-35,0,90,0,Withdrawn,13,0,1,1,0,0,0,0,1,1,1,0,0,1,1,5
DDD,2014B,607130,0,East Midlands Region,Lower Than A Level,80-90%,0-35,0,120,0,Pass,13,0,0,0,1,1,0,1,1,0,1,0,1,0,0,5
DDD,2014B,607214,1,Ireland,Lower Than A Level,30-40%,0-35,0,90,0,Withdrawn,6,0,1,1,1,0,0,1,1,1,0,1,0,1,0,9
DDD,2014B,607462,0,North Region,Lower Than A Level,50-60%,0-35,0,60,0,Fail,1,1,1,1,1,1,0,1,0,0,0,1,0,1,0,2
DDD,2014B,607572,0,Ireland,A Level or Equivalent,70-80%,0-35,0,60,0,Fail,4,1,1,0,1,1,1,0,0,0,1,0,0,0,1,8
DDD,2014B,607705,1,East Anglian Region,Lower Than A Level,70-80%,35-55,0,60,0,Withdrawn,5,0,1,1,1,0,0,1,0,0,1,1,1,1,0,9
DDD,2014B,607939,0,South Region,A Level or Equivalent,30-40%,35-55,0,60,0,Fail,4,0,1,1,0,0,1,0,1,1,0,1,0,0,0,8
DDD,2014B,607946,0,London Region,Lower Than A Level,30-40%,0-35,1,120,1,Withdrawn,10,1,0,1,1,0,0,1,1,1,0,1,0,0,0,1
DDD,2014B,608322,0,South Region,HE Qualification,60-70%,35-55,0,60,0,Pass,12,1,1,1,1,1,1,1,1,1,1,0,0,0,1,7
DDD,2014B,608487,0,Scotland,A Level or Equivalent,80-90%,0-35,0,120,0,Pass,8,0,1,0,0,1,0,1,1,0,0,0,1,0,0,3
DDD,2014B,608724,0,North Region,A Level or Equivalent,,0-35,0,120,0,Pass,15,1,0,1,1,0,1,1,0,1,1,0,0,0,0,10
DDD,2014B,608772,0,Wales,Lower Than A Level,50-60%,0-35,0,150,1,Withdrawn,2,0,1,1,1,0,1,1,1,0,0,1,0,0,0,2
DDD,2014B,609019,0,Wales,A Level or Equivalent,40-50%,0-35,0,120,0,Fail,6,0,1,0,1,1,1,1,1,0,1,1,1,1,1,9
DDD,2014B,609089,0,South West Region,Lower Than A Level,80-90%,35-55,1,120,0,Withdrawn,1,1,1,0,0,1,0,0,1,1,0,0,1,0,1,2
DDD,2014B,609194,1,Yorkshire Region,Lower Than A Level,0-10%,0-35,0,120,0,Pass,12,0,0,1,0,1,1,0,0,0,1,1,1,0,1,7
DDD,2014B,609265,1,East Midlands Region,Lower Than A Level,0-10%,0-35,0,60,1,Pass,14,0,1,1,1,0,1,1,1,1,1,0,0,1,1,5
DDD,2014B,609267,0,East Anglian Region,Lower Than A Level,70-80%,0-35,0,60,0,Withdrawn,16,0,0,0,1,0,1,1,0,0,1,0,0,0,0,10
DDD,2014B,609354,1,Scotland,Lower Than A Level,90-100%,0-35,0,120,0,Withdrawn,15,0,1,0,0,0,0,0,1,1,1,1,0,1,0,10
DDD,2014B,609570,1,West Midlands Region,HE Qualification,60-70%,0-35,0,60,0,Fail,4,1,0,0,1,1,0,0,1,0,0,0,0,0,1,8
DDD,2014B,609573,0,East Anglian Region,A Level or Equivalent,60-70%,0-35,1,180,0,Distinction,5,1,0,0,0,1,1,0,0,0,0,0,1,1,0,9
DDD,2014B,609681,0,South East Region,A Level or Equivalent,20-Oct,0-35,1,180,0,Withdrawn,2,1,1,0,1,1,0,1,1,1,0,0,0,0,1,2
DDD,2014B,609708,0,Wales,A Level or Equivalent,70-80%,0-35,0,60,0,Fail,4,0,0,0,0,1,0,0,1,0,0,0,1,0,1,8
DDD,2014B,609852,0,North Region,HE Qualification,,35-55,0,60,0,Distinction,5,1,1,1,0,1,0,0,0,0,0,0,1,0,1,9
DDD,2014B,609946,0,West Midlands Region,Lower Than A Level,0-10%,0-35,0,60,0,Withdrawn,14,0,1,1,1,1,1,1,0,1,1,1,0,0,0,5
DDD,2014B,610129,0,South Region,Lower Than A Level,80-90%,0-35,0,120,0,Withdrawn,10,0,1,1,0,1,0,1,0,0,0,1,1,0,0,1
DDD,2014B,610170,0,South Region,Lower Than A Level,40-50%,0-35,1,120,0,Withdrawn,9,0,0,1,1,1,0,0,1,1,1,0,0,1,0,4
DDD,2014B,610228,1,North Region,Lower Than A Level,,0-35,0,90,1,Withdrawn,5,1,1,0,0,0,0,1,0,0,1,1,1,1,1,9
DDD,2014B,610261,0,Wales,Lower Than A Level,80-90%,0-35,0,60,0,Fail,9,0,1,0,1,1,0,1,0,0,0,1,1,1,1,4
DDD,2014B,610285,0,South East Region,A Level or Equivalent,60-70%,0-35,1,120,0,Distinction,11,0,1,1,1,0,0,1,0,0,1,1,1,0,0,6
DDD,2014B,610326,0,Yorkshire Region,Lower Than A Level,0-10%,35-55,0,60,1,Pass,14,1,1,0,1,1,0,0,0,0,1,0,0,0,0,5
DDD,2014B,610515,1,East Midlands Region,Lower Than A Level,60-70%,0-35,0,60,0,Pass,11,0,0,0,0,0,1,1,0,0,1,0,1,1,1,6
DDD,2014B,610609,1,South Region,Lower Than A Level,60-70%,0-35,0,120,0,Withdrawn,4,0,0,0,0,0,1,0,1,0,1,0,0,1,0,8
DDD,2014B,610931,0,South Region,A Level or Equivalent,60-70%,0-35,0,60,0,Distinction,12,1,1,1,1,1,0,0,0,1,0,1,1,1,1,7
DDD,2014B,611377,1,East Anglian Region,HE Qualification,50-60%,0-35,0,60,0,Pass,3,0,0,1,0,1,1,0,0,1,1,0,1,0,1,8
DDD,2014B,611493,0,South East Region,A Level or Equivalent,90-100%,0-35,0,60,0,Fail,3,1,0,1,0,0,0,1,1,1,1,0,0,1,1,8
DDD,2014B,611520,0,North Western Region,A Level or Equivalent,60-70%,0-35,0,60,0,Withdrawn,15,1,0,1,1,1,0,1,1,0,0,0,0,0,1,10
DDD,2014B,611735,0,North Western Region,Lower Than A Level,0-10%,0-35,0,90,0,Withdrawn,4,1,1,1,1,0,1,0,1,0,0,0,0,1,1,8
DDD,2014B,611800,0,East Midlands Region,Lower Than A Level,0-10%,0-35,0,60,0,Withdrawn,7,0,0,0,0,1,1,0,1,0,0,1,1,1,1,3
DDD,2014B,611845,1,West Midlands Region,Lower Than A Level,0-10%,0-35,0,60,0,Fail,14,1,1,1,1,0,1,0,1,1,1,1,1,1,1,5
DDD,2014B,611865,0,London Region,A Level or Equivalent,50-60%,0-35,0,90,0,Withdrawn,16,0,0,1,1,0,1,0,1,1,0,1,0,0,1,10
DDD,2014B,611879,0,East Anglian Region,A Level or Equivalent,40-50%,0-35,0,60,0,Pass,3,0,1,1,1,0,0,0,1,1,0,0,0,1,0,8
DDD,2014B,611910,0,East Anglian Region,A Level or Equivalent,40-50%,35-55,0,60,0,Fail,15,1,1,0,1,1,0,1,0,0,0,1,1,0,1,10
DDD,2014B,611983,0,Scotland,Lower Than A Level,80-90%,0-35,0,60,0,Fail,16,1,1,0,0,1,1,0,1,0,1,0,0,1,1,10
DDD,2014B,611988,0,South East Region,Lower Than A Level,40-50%,35-55,0,60,0,Withdrawn,12,1,0,1,0,1,0,0,1,0,1,1,0,0,0,7
DDD,2014B,612000,1,South East Region,A Level or Equivalent,90-100%,0-35,0,60,0,Distinction,14,1,1,0,0,0,0,0,1,0,1,0,1,0,0,5
DDD,2014B,612026,0,South East Region,A Level or Equivalent,60-70%,0-35,0,60,0,Withdrawn,5,0,1,0,0,0,1,0,1,1,0,1,0,0,1,9
DDD,2014B,612111,1,East Anglian Region,Lower Than A Level,50-60%,0-35,0,60,0,Withdrawn,16,0,0,0,0,0,1,0,0,0,1,1,1,1,0,10
DDD,2014B,612136,1,Scotland,Lower Than A Level,70-80%,0-35,0,75,0,Pass,11,0,1,1,0,0,1,1,1,0,0,1,1,1,1,6
DDD,2014B,612283,1,Scotland,Lower Than A Level,20-Oct,0-35,0,90,0,Withdrawn,10,0,1,0,0,1,0,1,1,1,0,0,1,0,1,1
DDD,2014B,612326,0,Wales,A Level or Equivalent,30-40%,0-35,0,60,0,Distinction,13,0,1,0,1,1,1,0,1,0,0,1,1,1,0,5
DDD,2014B,612439,0,Wales,HE Qualification,20-30%,0-35,0,60,0,Pass,8,0,1,0,0,1,1,0,0,1,0,1,0,1,0,3
DDD,2014B,612443,1,Ireland,A Level or Equivalent,30-40%,35-55,0,120,0,Withdrawn,14,0,0,1,0,0,0,0,1,0,0,0,1,1,1,5
DDD,2014B,612563,0,West Midlands Region,A Level or Equivalent,50-60%,0-35,0,60,0,Fail,4,1,0,1,1,1,0,1,1,0,0,0,0,0,0,8
DDD,2014B,612625,1,East Anglian Region,A Level or Equivalent,30-40%,0-35,0,60,0,Fail,9,0,0,1,1,1,0,0,1,1,1,1,1,1,1,4
DDD,2014B,612669,1,London Region,Lower Than A Level,20-30%,0-35,0,60,0,Withdrawn,6,1,1,1,0,0,0,1,0,1,1,0,0,1,1,9
DDD,2014B,612805,0,South East Region,HE Qualification,30-40%,0-35,0,90,0,Withdrawn,14,1,0,0,1,1,1,0,1,0,1,0,1,0,1,5
DDD,2014B,612822,0,North Western Region,Lower Than A Level,0-10%,0-35,0,90,0,Withdrawn,10,1,1,0,0,1,0,0,0,1,1,0,1,1,0,1
DDD,2014B,612935,0,North Western Region,HE Qualification,0-10%,0-35,0,60,0,Withdrawn,15,1,1,1,1,1,1,1,1,0,0,0,0,0,0,10
DDD,2014B,613063,0,West Midlands Region,Lower Than A Level,90-100%,0-35,0,90,0,Withdrawn,10,0,1,1,0,1,0,0,0,1,1,0,0,0,1,1
DDD,2014B,613105,0,Yorkshire Region,Lower Than A Level,0-10%,0-35,0,60,0,Fail,4,0,1,0,0,0,1,1,1,1,1,0,1,1,1,8
DDD,2014B,613107,1,Ireland,A Level or Equivalent,,35-55,0,60,0,Pass,12,1,0,0,0,0,1,1,0,1,1,0,1,0,0,7
DDD,2014B,613313,0,Scotland,A Level or Equivalent,90-100%,0-35,0,60,0,Distinction,9,0,0,1,0,0,1,0,0,0,0,0,1,0,0,4
DDD,2014B,613370,0,South East Region,A Level or Equivalent,80-90%,0-35,0,60,0,Distinction,12,0,1,1,0,1,1,1,0,1,1,0,1,0,1,7
DDD,2014B,613466,0,Wales,HE Qualification,70-80%,35-55,0,60,0,Distinction,8,1,1,0,1,1,1,0,1,0,1,1,0,1,0,3
DDD,2014B,613617,1,Yorkshire Region,Lower Than A Level,90-100%,0-35,0,120,0,Withdrawn,3,0,0,0,1,0,0,1,1,0,0,1,1,0,1,8
DDD,2014B,613667,0,West Midlands Region,A Level or Equivalent,50-60%,0-35,0,60,0,Distinction,2,1,0,0,1,1,0,1,1,1,0,0,0,1,1,2
DDD,2014B,613834,0,South Region,A Level or Equivalent,40-50%,35-55,0,60,0,Pass,8,0,0,1,0,1,1,1,0,1,0,0,1,0,1,3
DDD,2014B,613876,0,Scotland,Lower Than A Level,40-50%,0-35,0,60,1,Fail,9,0,1,1,1,1,1,0,0,0,1,0,0,1,1,4
DDD,2014B,614025,0,Wales,A Level or Equivalent,90-100%,0-35,0,60,0,Withdrawn,1,1,1,1,0,1,0,0,1,0,0,0,1,1,1,2
DDD,2014B,614074,0,North Region,Lower Than A Level,,0-35,0,70,0,Pass,9,1,0,1,1,1,1,1,0,1,1,1,0,0,1,4
DDD,2014B,614176,0,East Anglian Region,HE Qualification,90-100%,35-55,0,60,0,Pass,7,1,1,0,1,1,1,0,1,1,1,1,0,1,0,3
DDD,2014B,614217,0,South West Region,HE Qualification,60-70%,35-55,0,60,0,Withdrawn,14,1,1,1,0,1,0,0,1,1,0,1,1,1,0,5
DDD,2014B,614241,1,East Anglian Region,Lower Than A Level,40-50%,0-35,0,60,1,Fail,11,1,0,1,0,0,1,1,1,0,1,0,1,0,0,6
DDD,2014B,614265,0,South Region,Lower Than A Level,50-60%,35-55,0,120,1,Distinction,8,1,1,1,1,0,0,1,0,1,0,0,0,0,0,3
DDD,2014B,614406,1,Scotland,HE Qualification,0-10%,0-35,0,60,0,Withdrawn,11,0,0,1,1,1,1,1,1,1,1,1,1,1,1,6
DDD,2014B,614471,1,South East Region,Lower Than A Level,40-50%,0-35,0,60,0,Withdrawn,14,1,1,1,1,0,1,0,1,0,1,0,0,0,0,5
DDD,2014B,614633,0,Yorkshire Region,A Level or Equivalent,0-10%,0-35,0,90,0,Withdrawn,12,1,0,1,1,0,1,0,1,1,0,0,0,0,1,7
DDD,2014B,614649,0,Wales,Lower Than A Level,70-80%,0-35,0,60,0,Fail,12,0,1,0,0,1,0,0,1,1,0,0,0,0,0,7
DDD,2014B,614650,1,Scotland,HE Qualification,60-70%,35-55,0,60,0,Withdrawn,14,1,1,1,1,0,0,0,1,0,0,0,0,0,0,5
DDD,2014B,614804,0,Scotland,A Level or Equivalent,0-10%,0-35,0,90,1,Pass,12,0,1,0,1,0,0,0,0,0,0,1,1,1,1,7
DDD,2014B,614808,0,South Region,A Level or Equivalent,70-80%,0-35,0,60,0,Pass,7,1,0,1,1,1,1,0,1,1,0,0,1,0,1,3
DDD,2014B,614879,0,North Western Region,Lower Than A Level,60-70%,0-35,0,120,0,Withdrawn,13,0,0,1,1,1,0,0,1,1,0,1,0,1,1,5
DDD,2014B,614930,0,London Region,A Level or Equivalent,20-Oct,0-35,0,60,0,Withdrawn,8,1,1,0,1,0,1,1,1,1,0,1,0,1,1,3
DDD,2014B,614949,1,Scotland,HE Qualification,60-70%,0-35,0,60,0,Pass,12,0,0,1,1,0,0,0,1,1,0,1,0,0,1,7
DDD,2014B,615075,0,East Anglian Region,A Level or Equivalent,30-40%,0-35,0,60,0,Distinction,16,0,0,0,1,0,0,1,1,0,1,1,1,0,0,10
DDD,2014B,615184,0,London Region,Lower Than A Level,80-90%,0-35,0,90,0,Fail,16,1,1,1,1,0,0,1,0,1,0,1,0,0,1,10
DDD,2014B,615438,1,East Anglian Region,Lower Than A Level,60-70%,0-35,0,60,0,Withdrawn,7,1,0,0,0,0,0,0,1,1,0,1,1,1,0,3
DDD,2014B,616166,0,London Region,A Level or Equivalent,50-60%,0-35,0,60,0,Withdrawn,14,0,1,1,1,0,0,1,1,1,1,1,0,0,1,5
DDD,2014B,616334,0,North Region,Lower Than A Level,50-60%,0-35,0,90,0,Fail,5,1,1,0,0,0,0,0,0,1,1,1,1,0,0,9
DDD,2014B,616388,1,East Midlands Region,A Level or Equivalent,50-60%,0-35,0,60,0,Withdrawn,15,0,0,0,0,0,0,1,1,0,1,1,0,1,0,10
DDD,2014B,616542,0,South Region,A Level or Equivalent,80-90%,0-35,0,70,0,Pass,6,0,1,1,0,1,1,0,0,1,1,0,0,1,0,9
DDD,2014B,616658,0,North Region,Lower Than A Level,,0-35,0,70,0,Pass,5,0,0,0,0,0,0,1,1,1,0,0,1,0,1,9
DDD,2014B,616684,0,East Midlands Region,Lower Than A Level,90-100%,0-35,0,60,0,Withdrawn,15,0,1,0,0,0,1,0,1,1,1,0,1,0,1,10
DDD,2014B,616862,1,North Western Region,A Level or Equivalent,30-40%,0-35,0,60,1,Withdrawn,5,1,1,0,1,0,0,0,1,1,0,0,1,1,1,9
DDD,2014B,616870,0,London Region,Lower Than A Level,20-30%,35-55,0,60,0,Pass,5,1,0,0,0,0,1,1,0,1,1,0,0,1,0,9
DDD,2014B,616874,1,East Anglian Region,A Level or Equivalent,70-80%,0-35,0,60,1,Withdrawn,11,0,0,1,0,0,1,0,1,1,0,1,0,0,0,6
DDD,2014B,616952,1,North Region,Lower Than A Level,0-10%,35-55,0,60,0,Pass,2,0,1,1,1,1,0,1,1,1,0,0,0,0,1,2
DDD,2014B,617265,0,East Anglian Region,Lower Than A Level,40-50%,0-35,0,60,0,Withdrawn,16,1,1,1,0,0,1,1,1,0,0,1,0,1,0,10
DDD,2014B,617327,1,West Midlands Region,A Level or Equivalent,40-50%,0-35,0,60,0,Pass,13,1,1,0,0,0,0,0,1,0,1,1,0,0,1,5
DDD,2014B,617350,0,South East Region,Lower Than A Level,50-60%,0-35,0,90,0,Withdrawn,6,1,0,1,1,1,1,0,0,1,0,1,0,0,1,9
DDD,2014B,617401,0,North Western Region,A Level or Equivalent,30-40%,0-35,0,60,0,Withdrawn,7,0,1,0,0,1,1,0,1,1,0,0,1,0,0,3
DDD,2014B,617442,0,South Region,A Level or Equivalent,60-70%,0-35,0,60,0,Pass,4,1,0,0,1,0,1,1,0,0,0,0,1,1,1,8
DDD,2014B,617619,0,Scotland,HE Qualification,70-80%,35-55,0,120,0,Fail,8,1,0,0,1,0,1,1,0,1,0,0,0,1,1,3
DDD,2014B,617699,1,Scotland,HE Qualification,70-80%,0-35,0,60,0,Pass,4,1,0,0,1,0,0,1,1,0,1,1,1,0,1,8
DDD,2014B,617771,1,Scotland,A Level or Equivalent,20-Oct,0-35,0,60,0,Withdrawn,12,0,1,0,0,0,1,1,1,0,1,0,0,0,1,7
DDD,2014B,617781,0,North Region,HE Qualification,30-40%,35-55,0,90,0,Pass,5,0,0,1,1,0,0,1,1,0,1,0,0,0,1,9
DDD,2014B,617801,0,East Anglian Region,A Level or Equivalent,40-50%,35-55,0,60,0,Pass,9,0,0,0,0,0,0,1,0,1,1,0,0,1,0,4
DDD,2014B,617880,1,North Region,HE Qualification,40-50%,35-55,0,60,0,Pass,9,0,1,0,1,0,0,0,1,1,0,0,0,0,1,4
DDD,2014B,617897,0,South West Region,Lower Than A Level,90-100%,0-35,0,60,0,Fail,7,1,1,1,1,1,0,0,0,0,0,1,0,0,0,3
DDD,2014B,618131,0,South Region,A Level or Equivalent,20-Oct,0-35,0,60,0,Fail,6,1,1,0,1,1,1,0,1,1,0,0,0,0,1,9
DDD,2014B,618171,0,East Midlands Region,Lower Than A Level,70-80%,0-35,0,90,0,Fail,16,1,0,1,0,1,1,1,0,1,1,1,1,1,0,10
DDD,2014B,618295,0,South Region,HE Qualification,80-90%,0-35,0,60,0,Pass,9,0,0,1,1,1,0,0,0,0,1,0,0,1,1,4
DDD,2014B,618300,1,East Anglian Region,Lower Than A Level,20-30%,35-55,0,120,0,Withdrawn,6,1,0,0,0,1,0,1,0,0,0,1,1,1,1,9
DDD,2014B,618377,0,South West Region,A Level or Equivalent,30-40%,0-35,0,60,0,Pass,6,1,0,1,0,0,1,0,0,0,1,1,1,0,0,9
DDD,2014B,618583,1,East Anglian Region,A Level or Equivalent,20-30%,0-35,0,90,1,Withdrawn,3,0,1,0,1,0,1,1,1,0,0,1,0,1,1,8
DDD,2014B,618649,1,South West Region,A Level or Equivalent,80-90%,0-35,0,90,1,Pass,11,1,0,1,0,0,1,1,1,1,0,1,1,1,1,6
DDD,2014B,618675,0,Wales,Lower Than A Level,30-40%,35-55,0,60,0,Fail,15,0,1,1,1,0,1,1,1,0,0,1,0,0,1,10
DDD,2014B,618682,1,South Region,Lower Than A Level,60-70%,0-35,0,60,1,Withdrawn,12,1,0,1,0,0,0,1,0,0,1,1,1,1,1,7
DDD,2014B,618683,0,Wales,HE Qualification,90-100%,35-55,0,60,0,Distinction,7,1,0,0,0,1,1,1,0,1,1,1,0,1,1,3
DDD,2014B,618696,0,South West Region,A Level or Equivalent,50-60%,0-35,0,60,0,Fail,13,1,0,0,0,0,0,0,1,1,0,0,1,1,1,5
DDD,2014B,618845,1,East Midlands Region,A Level or Equivalent,40-50%,0-35,0,60,0,Pass,2,0,1,1,0,1,1,0,1,0,0,0,1,0,0,2
DDD,2014B,618913,0,East Midlands Region,Lower Than A Level,60-70%,35-55,0,60,0,Withdrawn,11,1,0,1,0,0,1,1,1,1,1,0,1,0,0,6
DDD,2014B,618937,0,East Midlands Region,A Level or Equivalent,20-Oct,0-35,0,60,0,Pass,6,1,1,0,1,0,1,0,1,1,1,0,0,1,1,9
DDD,2014B,618940,1,Scotland,HE Qualification,90-100%,35-55,0,60,0,Distinction,9,1,0,1,1,0,0,1,1,1,1,1,1,1,0,4
DDD,2014B,618963,1,East Anglian Region,Lower Than A Level,50-60%,0-35,0,60,0,Withdrawn,9,1,0,1,1,1,1,1,1,0,0,1,1,1,1,4
DDD,2014B,618968,0,South East Region,A Level or Equivalent,20-Oct,0-35,0,60,1,Withdrawn,9,1,0,1,0,0,1,1,1,0,0,0,0,1,0,4
DDD,2014B,618998,0,East Anglian Region,Lower Than A Level,30-40%,0-35,0,60,0,Fail,11,0,0,1,0,0,0,0,0,1,0,0,0,1,1,6
DDD,2014B,619015,1,South Region,HE Qualification,40-50%,35-55,0,60,0,Withdrawn,9,0,1,0,0,1,1,1,1,0,1,0,0,0,1,4
DDD,2014B,619297,1,North Region,Lower Than A Level,,0-35,0,60,0,Pass,13,0,0,1,0,0,1,0,1,1,1,1,1,0,0,5
DDD,2014B,619359,0,East Anglian Region,HE Qualification,90-100%,0-35,0,60,1,Distinction,14,1,0,1,1,0,0,1,0,0,1,0,1,0,1,5
DDD,2014B,619382,0,Ireland,HE Qualification,20-30%,0-35,0,60,0,Withdrawn,5,0,1,0,1,0,1,1,0,0,0,0,1,0,1,9
DDD,2014B,619403,1,Scotland,HE Qualification,20-30%,0-35,0,60,0,Pass,3,0,1,1,1,1,1,0,0,0,1,0,0,0,1,8
DDD,2014B,619851,1,North Region,A Level or Equivalent,80-90%,0-35,0,60,0,Withdrawn,8,0,0,0,1,1,1,0,1,1,1,0,0,1,0,3
DDD,2014B,619908,0,South Region,Lower Than A Level,30-40%,0-35,0,60,0,Withdrawn,13,0,0,0,0,0,1,0,0,1,0,0,1,0,0,5
DDD,2014B,619939,1,Scotland,Lower Than A Level,80-90%,0-35,0,75,0,Fail,15,0,1,1,1,1,0,0,1,1,1,0,0,1,1,10
DDD,2014B,619964,1,Yorkshire Region,A Level or Equivalent,20-30%,0-35,0,60,1,Withdrawn,2,0,0,1,1,1,1,0,0,0,1,1,0,0,1,2
DDD,2014B,620060,1,South Region,A Level or Equivalent,60-70%,0-35,0,60,0,Withdrawn,1,0,0,1,0,0,0,0,1,0,0,1,1,1,0,2
DDD,2014B,620102,0,Scotland,Lower Than A Level,60-70%,0-35,0,60,0,Fail,1,0,0,0,0,0,1,1,1,1,0,1,1,0,1,2
DDD,2014B,620106,0,North Western Region,A Level or Equivalent,60-70%,0-35,0,60,0,Withdrawn,5,0,1,1,1,1,1,0,1,1,0,0,0,0,1,9
DDD,2014B,620159,0,South West Region,HE Qualification,50-60%,35-55,0,60,0,Pass,14,1,1,1,0,1,0,0,1,1,1,0,0,0,0,5
DDD,2014B,620231,0,Scotland,HE Qualification,80-90%,0-35,0,60,0,Pass,2,1,1,1,0,0,1,1,1,1,1,1,1,1,1,2
DDD,2014B,620243,0,South West Region,Lower Than A Level,80-90%,0-35,0,90,0,Pass,6,1,1,1,0,0,1,1,0,0,1,0,0,0,0,9
DDD,2014B,620337,1,East Anglian Region,HE Qualification,30-40%,35-55,0,120,0,Fail,9,1,1,1,1,1,1,1,1,0,0,0,0,1,0,4
DDD,2014B,620393,0,North Region,A Level or Equivalent,30-40%,0-35,0,60,0,Withdrawn,4,1,1,0,0,0,1,1,0,1,1,1,0,1,1,8
DDD,2014B,620437,1,South Region,A Level or Equivalent,60-70%,0-35,0,60,0,Fail,4,1,1,0,0,1,0,1,0,1,1,1,0,0,1,8
DDD,2014B,620508,0,West Midlands Region,Lower Than A Level,20-Oct,0-35,0,90,0,Withdrawn,4,1,1,1,0,1,0,0,0,1,1,1,0,0,0,8
DDD,2014B,620608,1,North Western Region,A Level or Equivalent,20-Oct,0-35,0,60,0,Fail,7,0,1,0,1,0,0,1,1,0,1,0,0,1,0,3
DDD,2014B,620630,0,East Anglian Region,Lower Than A Level,80-90%,55<=,0,60,0,Pass,6,1,1,1,0,1,1,0,1,1,1,1,0,0,0,9
DDD,2014B,620658,0,Ireland,A Level or Equivalent,60-70%,0-35,0,60,0,Pass,10,1,1,1,1,0,1,1,0,0,1,0,0,0,0,1
DDD,2014B,620734,0,South Region,HE Qualification,70-80%,0-35,0,60,0,Distinction,15,0,1,0,0,0,1,1,1,0,0,0,0,0,0,10
DDD,2014B,620793,1,East Anglian Region,A Level or Equivalent,30-40%,0-35,0,60,0,Withdrawn,13,0,0,1,0,0,0,0,1,1,0,1,0,0,0,5
DDD,2014B,620820,0,South Region,A Level or Equivalent,90-100%,35-55,0,60,0,Distinction,5,1,1,1,0,0,0,1,1,1,1,1,0,1,0,9
DDD,2014B,620892,0,South Region,Lower Than A Level,60-70%,0-35,0,60,0,Fail,10,0,0,0,1,1,1,1,0,0,1,0,1,0,1,1
DDD,2014B,620925,1,Wales,A Level or Equivalent,70-80%,0-35,0,60,0,Withdrawn,8,1,1,0,0,0,0,0,1,0,1,1,0,0,0,3
DDD,2014B,620951,0,Scotland,Lower Than A Level,20-Oct,35-55,0,60,0,Withdrawn,9,1,1,1,1,0,1,0,1,0,0,1,0,0,1,4
DDD,2014B,620974,1,South West Region,A Level or Equivalent,30-40%,0-35,0,90,1,Withdrawn,13,0,0,1,0,0,1,0,0,1,0,0,1,0,1,5
DDD,2014B,621004,0,London Region,A Level or Equivalent,40-50%,0-35,0,60,0,Pass,10,1,1,0,1,0,1,1,0,0,1,0,1,0,0,1
DDD,2014B,621010,0,West Midlands Region,Lower Than A Level,40-50%,0-35,0,60,0,Pass,11,1,1,1,0,1,1,0,0,1,1,0,1,0,0,6
DDD,2014B,621300,0,London Region,A Level or Equivalent,30-40%,0-35,0,90,0,Distinction,8,0,0,0,1,0,1,1,0,1,1,1,0,1,1,3
DDD,2014B,621352,0,Ireland,A Level or Equivalent,80-90%,0-35,0,60,0,Fail,2,0,0,1,0,1,0,0,0,0,0,1,1,0,1,2
DDD,2014B,621384,0,London Region,Lower Than A Level,80-90%,0-35,0,60,0,Fail,6,0,1,1,0,0,1,1,0,1,0,0,1,0,0,9
DDD,2014B,621442,0,Wales,Lower Than A Level,90-100%,0-35,0,60,0,Pass,2,0,1,1,1,1,0,0,0,1,1,1,0,1,1,2
DDD,2014B,621457,0,North Western Region,A Level or Equivalent,20-30%,35-55,0,60,1,Distinction,6,1,1,0,0,1,1,0,1,1,0,0,1,0,0,9
DDD,2014B,621615,0,Scotland,HE Qualification,80-90%,0-35,0,60,0,Distinction,5,0,0,0,0,0,0,0,0,1,0,1,0,0,0,9
DDD,2014B,621659,1,South East Region,Lower Than A Level,80-90%,0-35,0,60,0,Withdrawn,8,0,0,0,0,1,0,0,0,0,1,0,1,1,0,3
DDD,2014B,621675,0,South Region,Lower Than A Level,0-10%,0-35,0,120,0,Withdrawn,10,1,0,1,1,1,0,0,1,1,1,1,1,1,1,1
DDD,2014B,621699,1,East Midlands Region,Lower Than A Level,50-60%,0-35,0,60,0,Pass,8,0,0,0,0,1,1,0,1,0,0,1,1,0,0,3
DDD,2014B,621883,0,North Western Region,Lower Than A Level,0-10%,0-35,0,60,0,Distinction,5,0,1,0,1,0,1,0,0,0,0,0,1,1,0,9
DDD,2014B,621908,0,North Western Region,Lower Than A Level,30-40%,0-35,0,60,0,Fail,11,1,1,1,0,0,1,0,1,0,1,1,0,1,1,6
DDD,2014B,622086,0,North Western Region,HE Qualification,90-100%,35-55,0,60,0,Pass,16,1,1,0,0,1,1,1,1,1,0,0,1,1,1,10
DDD,2014B,622175,1,North Western Region,A Level or Equivalent,50-60%,0-35,0,120,0,Fail,13,1,1,0,1,0,1,1,1,1,0,1,0,1,0,5
DDD,2014B,622192,1,Scotland,A Level or Equivalent,30-40%,0-35,0,60,0,Distinction,6,1,0,1,0,0,0,1,1,0,0,1,1,1,0,9
DDD,2014B,622199,0,South West Region,A Level or Equivalent,30-40%,0-35,0,60,0,Withdrawn,2,0,0,0,0,1,1,0,1,1,0,1,1,1,0,2
DDD,2014B,622207,0,South Region,Lower Than A Level,70-80%,0-35,0,60,0,Fail,10,1,1,1,0,1,0,1,1,1,1,0,0,1,0,1
DDD,2014B,622215,1,South Region,A Level or Equivalent,80-90%,0-35,0,90,0,Pass,10,1,0,0,1,0,0,0,0,1,0,0,0,1,0,1
DDD,2014B,622225,0,South Region,A Level or Equivalent,60-70%,0-35,0,60,1,Fail,7,0,1,0,0,0,1,0,0,1,0,1,1,0,0,3
DDD,2014B,622256,0,East Midlands Region,A Level or Equivalent,50-60%,0-35,0,60,0,Withdrawn,8,0,1,1,1,0,0,1,0,0,1,1,0,0,0,3
DDD,2014B,622281,0,East Midlands Region,A Level or Equivalent,40-50%,0-35,0,60,1,Withdrawn,15,0,0,0,1,1,1,1,0,1,1,0,0,1,1,10
DDD,2014B,622333,0,North Western Region,A Level or Equivalent,90-100%,0-35,0,60,0,Withdrawn,7,1,1,0,0,1,1,1,1,1,1,0,1,1,0,3
DDD,2014B,622413,1,South Region,Lower Than A Level,20-30%,0-35,0,60,0,Pass,1,0,1,1,1,0,1,0,1,1,1,0,0,1,1,2
DDD,2014B,622435,0,East Midlands Region,A Level or Equivalent,20-Oct,0-35,0,60,0,Fail,9,1,0,0,0,0,1,0,1,1,0,0,1,1,0,4
DDD,2014B,622499,0,London Region,A Level or Equivalent,0-10%,0-35,0,60,0,Withdrawn,1,1,0,0,1,0,0,0,0,0,1,0,1,0,0,2
DDD,2014B,622541,0,Scotland,HE Qualification,90-100%,0-35,0,60,0,Pass,13,1,1,0,0,0,0,1,0,1,1,1,0,1,0,5
DDD,2014B,622571,0,South East Region,A Level or Equivalent,20-30%,0-35,0,60,0,Fail,1,0,0,1,1,0,1,0,0,0,0,0,1,0,1,2
DDD,2014B,622614,0,South West Region,Lower Than A Level,30-40%,0-35,0,60,0,Fail,1,1,1,1,0,0,1,1,0,1,1,0,1,0,0,2
DDD,2014B,622626,1,South East Region,A Level or Equivalent,20-30%,0-35,0,120,0,Withdrawn,4,1,0,0,0,1,1,1,1,0,0,1,1,0,1,8
DDD,2014B,622630,0,London Region,A Level or Equivalent,0-10%,0-35,0,60,0,Withdrawn,7,0,1,0,1,1,1,1,0,0,0,1,0,0,0,3
DDD,2014B,622657,0,South Region,Lower Than A Level,40-50%,35-55,0,60,0,Fail,6,1,0,0,1,1,0,1,0,0,1,0,1,1,1,9
DDD,2014B,622672,0,North Western Region,Lower Than A Level,20-Oct,0-35,0,60,0,Withdrawn,1,1,1,1,1,1,0,1,0,0,0,0,1,0,0,2
DDD,2014B,622724,0,South East Region,Lower Than A Level,70-80%,0-35,0,60,0,Pass,10,1,0,0,0,0,1,1,0,0,0,1,1,0,0,1
DDD,2014B,622764,1,East Anglian Region,A Level or Equivalent,80-90%,35-55,0,60,0,Distinction,3,0,0,0,0,0,1,1,1,1,0,0,0,0,0,8
DDD,2014B,622790,0,South East Region,HE Qualification,60-70%,0-35,0,60,0,Withdrawn,16,1,0,0,0,0,0,1,1,1,1,1,1,1,0,10
DDD,2014B,622792,0,North Region,A Level or Equivalent,80-90%,0-35,0,60,0,Fail,3,0,1,0,0,0,1,1,1,1,0,1,0,0,1,8
DDD,2014B,622844,1,South East Region,A Level or Equivalent,40-50%,0-35,0,60,0,Withdrawn,8,1,0,1,0,1,1,1,0,1,1,1,0,1,1,3
DDD,2014B,622851,0,South West Region,A Level or Equivalent,0-10%,0-35,0,60,0,Fail,5,0,1,0,1,1,1,1,1,1,0,0,1,0,0,9
DDD,2014B,622873,1,East Midlands Region,Lower Than A Level,30-40%,35-55,0,60,1,Withdrawn,8,1,1,0,0,1,0,0,0,0,1,1,0,1,0,3
DDD,2014B,622900,1,London Region,HE Qualification,0-10%,0-35,0,60,0,Fail,13,1,0,1,1,1,0,1,0,1,1,1,1,0,1,5
DDD,2014B,622968,1,East Midlands Region,A Level or Equivalent,20-30%,0-35,0,60,0,Withdrawn,14,0,1,1,0,1,0,0,0,1,1,1,1,0,1,5
DDD,2014B,623008,0,London Region,A Level or Equivalent,40-50%,35-55,0,60,1,Pass,15,0,1,1,1,1,1,0,1,0,0,0,1,1,0,10
DDD,2014B,623015,1,Wales,A Level or Equivalent,0-10%,0-35,0,90,0,Fail,16,0,0,1,1,1,0,0,0,1,0,1,1,0,1,10
DDD,2014B,623052,1,London Region,A Level or Equivalent,20-30%,35-55,0,90,0,Withdrawn,14,1,0,1,0,0,1,0,0,1,1,1,1,0,1,5
DDD,2014B,623073,1,North Region,A Level or Equivalent,,35-55,0,60,0,Pass,12,0,1,1,1,1,1,0,1,0,0,0,0,0,1,7
DDD,2014B,623099,0,Scotland,A Level or Equivalent,60-70%,0-35,0,60,0,Withdrawn,1,0,1,0,1,1,0,0,1,1,1,1,1,0,0,2
DDD,2014B,623164,1,West Midlands Region,A Level or Equivalent,60-70%,0-35,0,60,0,Pass,15,0,1,1,1,1,0,0,1,1,1,0,0,0,1,10
DDD,2014B,623210,0,East Midlands Region,A Level or Equivalent,20-Oct,0-35,0,60,0,Fail,9,1,0,1,1,1,0,1,0,0,1,1,1,1,1,4
DDD,2014B,623257,0,Yorkshire Region,A Level or Equivalent,20-Oct,0-35,0,60,0,Withdrawn,15,0,0,0,0,0,0,1,0,0,0,0,0,1,1,10
DDD,2014B,623332,0,Scotland,A Level or Equivalent,80-90%,0-35,0,120,0,Withdrawn,13,0,0,0,0,1,0,0,1,1,0,0,1,0,0,5
DDD,2014B,623347,0,Ireland,Post Graduate Qualification,,0-35,0,90,0,Distinction,1,0,1,0,1,0,1,1,0,0,1,1,0,0,0,2
DDD,2014B,623514,1,West Midlands Region,HE Qualification,20-Oct,35-55,0,60,0,Pass,2,0,0,1,0,0,0,0,0,1,1,0,1,0,0,2
DDD,2014B,623541,0,Wales,A Level or Equivalent,50-60%,0-35,0,60,0,Pass,10,1,1,0,0,1,1,0,1,0,0,0,1,0,1,1
DDD,2014B,623585,0,North Western Region,Lower Than A Level,20-30%,0-35,0,60,0,Pass,12,0,0,1,0,0,0,1,0,0,0,1,1,1,1,7
DDD,2014B,623601,0,East Anglian Region,Lower Than A Level,30-40%,35-55,0,60,0,Withdrawn,15,0,1,1,1,0,0,1,0,1,1,0,1,1,1,10
DDD,2014B,623740,0,London Region,A Level or Equivalent,80-90%,0-35,0,60,0,Withdrawn,15,1,0,1,0,1,1,1,0,1,0,0,1,0,0,10
DDD,2014B,623815,1,North Western Region,A Level or Equivalent,0-10%,35-55,0,90,0,Pass,4,1,0,1,1,0,1,0,1,1,1,0,0,0,0,8
DDD,2014B,623826,0,South Region,A Level or Equivalent,90-100%,0-35,0,90,0,Distinction,5,0,1,0,0,1,0,1,1,0,0,1,1,0,0,9
DDD,2014B,623829,1,North Region,Lower Than A Level,,0-35,0,60,0,Withdrawn,11,1,1,1,0,0,0,0,0,0,0,1,1,1,0,6
DDD,2014B,623834,0,South Region,Lower Than A Level,50-60%,0-35,0,60,1,Withdrawn,12,0,1,0,0,1,0,1,1,0,0,0,0,0,0,7
DDD,2014B,623917,0,South Region,Lower Than A Level,30-40%,35-55,0,120,0,Fail,13,0,1,1,1,1,0,0,1,1,0,1,0,1,1,5
DDD,2014B,623931,1,London Region,HE Qualification,20-Oct,0-35,0,60,0,Pass,10,1,1,1,0,0,0,0,1,1,0,1,0,1,0,1
DDD,2014B,623932,0,Yorkshire Region,A Level or Equivalent,20-30%,0-35,0,60,0,Fail,6,1,0,1,0,1,0,0,0,0,0,1,0,0,1,9
DDD,2014B,623997,0,North Region,Lower Than A Level,30-40%,0-35,0,60,0,Withdrawn,14,1,1,0,1,0,1,1,0,0,1,1,0,0,1,5
DDD,2014B,624007,0,Scotland,A Level or Equivalent,30-40%,0-35,0,60,0,Pass,6,0,0,1,1,0,1,0,0,1,1,1,0,0,1,9
DDD,2014B,624052,0,West Midlands Region,A Level or Equivalent,30-40%,0-35,0,60,0,Pass,13,1,1,1,0,0,1,0,1,1,0,0,0,0,1,5
DDD,2014B,624068,0,South East Region,Lower Than A Level,20-Oct,0-35,0,60,0,Withdrawn,4,0,0,1,0,0,0,0,0,0,1,1,1,1,1,8
DDD,2014B,624077,1,North Region,HE Qualification,,0-35,0,60,0,Distinction,1,1,1,0,1,0,0,1,0,1,1,0,1,0,0,2
DDD,2014B,624078,1,East Anglian Region,A Level or Equivalent,0-10%,0-35,0,60,0,Fail,13,1,0,0,0,1,0,1,0,0,1,0,1,1,0,5
DDD,2014B,624093,0,London Region,A Level or Equivalent,50-60%,35-55,0,60,0,Withdrawn,10,0,0,1,0,0,1,1,1,0,1,1,1,0,0,1
DDD,2014B,624105,0,South East Region,Lower Than A Level,0-10%,35-55,0,60,0,Fail,3,1,0,0,0,0,0,1,0,1,0,0,1,0,0,8
DDD,2014B,624156,0,West Midlands Region,A Level or Equivalent,0-10%,0-35,0,60,0,Pass,13,0,1,1,1,1,0,0,0,1,0,1,0,1,0,5
DDD,2014B,624358,1,North Western Region,Lower Than A Level,70-80%,0-35,0,60,0,Pass,14,1,1,1,1,0,1,0,0,0,0,0,0,0,1,5
DDD,2014B,624407,0,East Anglian Region,A Level or Equivalent,70-80%,0-35,0,120,0,Fail,16,0,1,1,0,1,0,1,1,1,0,0,0,1,0,10
DDD,2014B,624476,1,Wales,A Level or Equivalent,20-Oct,0-35,0,60,0,Withdrawn,8,0,1,0,0,0,1,0,0,0,0,0,1,1,1,3
DDD,2014B,624492,0,London Region,Lower Than A Level,70-80%,0-35,0,60,0,Withdrawn,9,1,0,0,1,1,0,1,1,1,1,0,1,0,0,4
DDD,2014B,624493,0,North Western Region,Lower Than A Level,20-Oct,0-35,0,60,0,Distinction,2,0,0,1,1,1,0,0,1,1,1,1,0,1,0,2
DDD,2014B,624570,0,London Region,Lower Than A Level,20-Oct,35-55,0,60,0,Fail,4,0,1,1,1,1,0,0,1,0,0,0,1,0,1,8
DDD,2014B,624585,0,East Anglian Region,Lower Than A Level,20-30%,0-35,0,60,0,Pass,5,1,0,0,0,1,0,0,1,0,0,0,1,1,0,9
DDD,2014B,624610,1,North Region,A Level or Equivalent,60-70%,0-35,0,60,0,Withdrawn,7,0,1,1,1,0,0,0,1,1,1,1,1,1,1,3
DDD,2014B,624651,0,North Region,Lower Than A Level,,35-55,0,60,0,Withdrawn,14,1,0,1,1,1,0,0,1,1,0,0,1,0,1,5
DDD,2014B,624730,0,Yorkshire Region,Lower Than A Level,20-Oct,0-35,0,90,0,Fail,16,1,1,0,0,1,0,1,1,0,1,0,1,1,0,10
DDD,2014B,624789,0,Scotland,HE Qualification,0-10%,0-35,0,60,1,Pass,14,1,1,0,0,1,0,1,0,0,1,0,1,0,1,5
DDD,2014B,624804,1,East Midlands Region,A Level or Equivalent,30-40%,0-35,0,60,0,Pass,8,1,1,1,0,0,1,1,0,0,1,1,1,1,1,3
DDD,2014B,624829,0,Scotland,Lower Than A Level,90-100%,35-55,0,60,0,Fail,15,0,1,1,0,1,0,1,0,0,1,1,0,0,0,10
DDD,2014B,624839,0,North Western Region,Lower Than A Level,60-70%,0-35,0,60,0,Pass,7,0,0,1,1,1,0,0,1,0,1,1,1,0,0,3
DDD,2014B,624881,1,Scotland,Post Graduate Qualification,50-60%,0-35,0,60,0,Pass,2,0,0,1,0,0,0,1,0,1,1,1,0,0,1,2
DDD,2014B,624921,0,South East Region,Lower Than A Level,50-60%,0-35,0,60,0,Withdrawn,13,0,1,1,0,1,1,1,1,1,0,1,0,0,1,5
DDD,2014B,624927,0,East Midlands Region,HE Qualification,80-90%,0-35,0,60,0,Distinction,11,0,1,1,1,1,0,0,1,1,1,1,1,1,1,6
DDD,2014B,624944,1,North Region,Lower Than A Level,20-30%,0-35,0,120,0,Withdrawn,8,0,1,0,1,0,0,1,0,0,0,1,0,0,1,3
DDD,2014B,625035,0,Ireland,Lower Than A Level,30-40%,35-55,0,60,0,Distinction,10,0,0,0,0,0,1,0,0,1,0,1,0,1,1,1
DDD,2014B,625080,0,North Region,Post Graduate Qualification,,35-55,0,60,0,Withdrawn,3,0,0,1,1,1,1,0,1,0,0,1,0,0,1,8
DDD,2014B,625098,0,East Anglian Region,Lower Than A Level,30-40%,0-35,0,60,0,Fail,9,0,0,0,1,1,1,0,1,1,1,1,0,0,0,4
DDD,2014B,625218,1,South Region,A Level or Equivalent,90-100%,0-35,0,60,1,Distinction,4,1,1,0,0,1,1,0,1,0,1,1,1,1,1,8
DDD,2014B,625263,1,London Region,HE Qualification,0-10%,0-35,0,60,0,Pass,12,0,1,1,1,1,0,0,0,0,0,1,0,1,1,7
DDD,2014B,625427,0,West Midlands Region,A Level or Equivalent,50-60%,0-35,0,60,0,Pass,1,1,1,0,0,1,0,1,1,0,1,1,1,1,0,2
DDD,2014B,625568,0,South Region,A Level or Equivalent,20-30%,0-35,0,90,0,Withdrawn,14,1,0,0,0,1,1,0,0,0,1,0,0,1,1,5
DDD,2014B,625613,0,Yorkshire Region,Lower Than A Level,40-50%,0-35,0,60,0,Withdrawn,4,0,1,1,0,0,1,1,0,1,1,0,1,0,1,8
DDD,2014B,625615,0,Yorkshire Region,A Level or Equivalent,20-Oct,0-35,0,60,0,Fail,1,0,1,0,1,1,1,1,0,1,1,0,1,0,1,2
DDD,2014B,625714,0,East Anglian Region,HE Qualification,50-60%,0-35,0,90,0,Pass,1,1,1,0,0,1,1,1,0,1,0,0,0,1,0,2
DDD,2014B,625748,0,Wales,HE Qualification,90-100%,0-35,0,60,0,Pass,16,1,0,1,0,1,1,0,1,0,0,0,0,0,1,10
DDD,2014B,625864,1,South East Region,Lower Than A Level,60-70%,35-55,0,60,0,Pass,9,0,1,1,1,1,0,1,1,0,1,1,1,1,1,4
DDD,2014B,625874,1,East Anglian Region,A Level or Equivalent,0-10%,0-35,0,60,0,Withdrawn,4,0,0,0,0,1,1,0,1,1,1,0,1,1,0,8
DDD,2014B,625902,1,Scotland,A Level or Equivalent,60-70%,0-35,0,60,0,Withdrawn,6,0,1,0,0,0,1,0,0,1,1,1,1,1,1,9
DDD,2014B,625913,1,South East Region,Lower Than A Level,20-30%,0-35,0,60,0,Withdrawn,11,0,0,0,0,1,1,1,1,0,0,0,0,1,1,6
DDD,2014B,625983,0,Wales,Lower Than A Level,70-80%,0-35,0,60,0,Withdrawn,16,1,1,0,1,1,0,1,1,0,1,0,0,0,1,10
DDD,2014B,626018,1,North Western Region,A Level or Equivalent,30-40%,0-35,0,60,0,Fail,13,1,1,1,1,1,1,1,1,1,0,0,1,1,0,5
DDD,2014B,626040,0,South Region,A Level or Equivalent,90-100%,0-35,0,60,0,Fail,2,0,1,1,1,1,1,1,1,0,0,1,0,0,0,2
DDD,2014B,626049,0,North Western Region,HE Qualification,0-10%,0-35,0,60,0,Withdrawn,2,0,1,1,1,1,1,1,1,1,1,0,0,0,0,2
DDD,2014B,626061,1,Scotland,A Level or Equivalent,0-10%,0-35,0,120,0,Pass,11,1,0,0,1,1,1,1,0,0,1,0,0,0,1,6
DDD,2014B,626114,1,Scotland,Lower Than A Level,20-30%,0-35,0,60,1,Distinction,12,0,1,1,0,0,0,0,1,1,1,1,1,1,0,7
DDD,2014B,626146,1,South West Region,A Level or Equivalent,40-50%,0-35,0,60,0,Pass,3,1,1,1,1,0,1,0,0,0,1,1,1,1,0,8
DDD,2014B,626172,1,East Midlands Region,A Level or Equivalent,80-90%,0-35,0,60,0,Distinction,1,1,1,1,0,0,1,0,1,1,0,0,1,1,0,2
DDD,2014B,626192,0,South Region,HE Qualification,40-50%,0-35,0,60,0,Pass,1,1,1,0,0,1,0,1,1,0,0,1,0,1,0,2
DDD,2014B,626217,1,London Region,A Level or Equivalent,70-80%,0-35,0,60,0,Fail,12,1,1,1,0,1,0,0,0,0,1,1,1,0,1,7
DDD,2014B,626238,0,Wales,HE Qualification,90-100%,0-35,0,60,0,Pass,16,1,0,1,1,1,0,1,0,1,0,1,0,0,1,10
DDD,2014B,626321,1,Yorkshire Region,A Level or Equivalent,50-60%,0-35,0,120,0,Withdrawn,3,0,1,0,0,0,1,0,0,0,1,0,1,0,1,8
DDD,2014B,626348,0,South Region,A Level or Equivalent,90-100%,0-35,0,60,0,Withdrawn,8,0,0,1,1,1,1,1,0,0,1,1,0,1,1,3
DDD,2014B,626405,0,Wales,A Level or Equivalent,80-90%,0-35,0,60,0,Fail,10,0,0,0,0,1,1,1,1,0,1,1,1,0,0,1
DDD,2014B,626417,0,Wales,Lower Than A Level,80-90%,0-35,0,90,0,Distinction,1,1,1,0,0,0,0,1,1,0,0,0,0,1,0,2
DDD,2014B,626450,0,South Region,A Level or Equivalent,90-100%,35-55,0,60,0,Distinction,16,0,0,0,1,1,1,1,0,0,0,0,1,0,0,10
DDD,2014B,626546,0,North Region,A Level or Equivalent,20-30%,0-35,0,60,0,Withdrawn,16,0,0,0,1,1,0,0,0,0,1,0,1,1,0,10
DDD,2014B,626551,0,Ireland,A Level or Equivalent,,0-35,0,60,0,Distinction,6,1,1,0,0,1,0,1,0,1,0,1,1,1,1,9
DDD,2014B,626556,0,Scotland,HE Qualification,30-40%,0-35,0,60,0,Pass,9,0,0,0,1,1,1,1,0,1,0,0,1,1,0,4
DDD,2014B,626607,1,South Region,Lower Than A Level,60-70%,0-35,0,60,0,Withdrawn,5,1,1,1,1,1,0,1,1,0,0,0,1,0,1,9
DDD,2014B,626679,1,North Western Region,Lower Than A Level,0-10%,0-35,0,60,0,Fail,1,0,0,0,0,1,1,1,1,1,1,0,0,0,0,2
DDD,2014B,626723,1,South West Region,A Level or Equivalent,70-80%,0-35,0,60,0,Fail,11,0,1,0,1,0,0,1,0,1,0,1,0,1,0,6
DDD,2014B,626798,0,East Midlands Region,Lower Than A Level,0-10%,0-35,0,60,0,Withdrawn,16,0,1,0,1,1,1,0,0,0,1,0,0,1,1,10
DDD,2014B,626852,0,North Western Region,Lower Than A Level,50-60%,35-55,0,60,0,Pass,16,0,0,1,1,0,1,0,1,0,0,0,0,0,0,10
DDD,2014B,626885,0,North Region,A Level or Equivalent,50-60%,0-35,0,60,0,Pass,7,1,0,1,0,0,0,0,0,0,0,0,0,0,1,3
DDD,2014B,626889,1,South West Region,A Level or Equivalent,50-60%,0-35,0,60,0,Pass,9,0,1,0,0,1,1,1,0,1,1,1,1,0,1,4
DDD,2014B,626930,0,Wales,Lower Than A Level,20-30%,0-35,0,90,0,Withdrawn,2,1,1,0,0,0,0,0,1,1,0,1,1,0,0,2
DDD,2014B,626979,0,East Anglian Region,Lower Than A Level,90-100%,0-35,0,60,0,Fail,4,0,0,0,1,0,1,0,1,0,1,0,1,0,0,8
DDD,2014B,627021,0,Wales,HE Qualification,50-60%,0-35,0,60,0,Pass,2,1,0,1,0,1,1,0,1,1,0,0,1,1,0,2
DDD,2014B,627071,0,Wales,A Level or Equivalent,20-30%,35-55,0,60,1,Withdrawn,2,0,1,0,1,1,1,0,0,0,1,0,0,0,1,2
DDD,2014B,627100,0,Scotland,A Level or Equivalent,20-30%,0-35,0,60,0,Pass,14,1,1,1,1,0,1,0,1,0,0,1,0,0,1,5
DDD,2014B,627173,1,West Midlands Region,A Level or Equivalent,20-Oct,0-35,0,120,0,Fail,12,0,1,1,0,1,0,0,1,1,1,0,0,0,0,7
DDD,2014B,627184,0,North Western Region,A Level or Equivalent,20-Oct,0-35,0,60,0,Pass,2,0,0,0,0,1,0,0,0,0,0,1,0,0,1,2
DDD,2014B,627276,1,Scotland,A Level or Equivalent,60-70%,0-35,0,60,0,Pass,8,1,0,1,1,0,0,0,0,1,0,1,1,0,1,3
DDD,2014B,627322,0,Scotland,HE Qualification,80-90%,0-35,0,60,0,Distinction,3,0,1,0,1,0,1,1,0,0,1,1,1,0,0,8
DDD,2014B,627333,0,South East Region,Lower Than A Level,20-Oct,35-55,0,120,0,Pass,1,1,1,1,0,0,0,0,1,0,0,1,1,0,1,2
DDD,2014B,627367,1,East Midlands Region,A Level or Equivalent,70-80%,0-35,0,60,0,Withdrawn,1,1,1,1,1,0,0,0,0,1,0,1,1,0,1,2
DDD,2014B,627370,0,West Midlands Region,Lower Than A Level,20-Oct,0-35,0,60,0,Withdrawn,7,1,0,1,1,0,0,0,1,1,1,0,1,0,1,3
DDD,2014B,627397,0,Scotland,A Level or Equivalent,80-90%,0-35,0,60,0,Distinction,13,1,0,1,1,1,0,0,0,0,1,1,0,1,1,5
DDD,2014B,627416,1,South West Region,A Level or Equivalent,50-60%,0-35,0,60,0,Withdrawn,14,1,1,0,0,1,1,0,0,1,0,0,0,0,0,5
DDD,2014B,627536,0,London Region,HE Qualification,30-40%,0-35,0,60,0,Distinction,4,1,1,0,1,0,0,1,0,0,1,1,0,1,1,8
DDD,2014B,627581,0,South West Region,Lower Than A Level,20-Oct,35-55,0,60,1,Fail,12,0,0,1,1,1,0,0,0,0,1,0,1,0,1,7
DDD,2014B,627616,1,North Region,A Level or Equivalent,20-30%,0-35,0,60,1,Withdrawn,9,0,0,1,1,1,0,1,0,1,1,1,1,1,0,4
DDD,2014B,627638,0,Yorkshire Region,Lower Than A Level,20-Oct,0-35,0,60,0,Withdrawn,16,1,0,0,0,1,0,0,0,1,1,1,1,0,0,10
DDD,2014B,627655,1,East Anglian Region,A Level or Equivalent,80-90%,0-35,0,60,0,Fail,4,0,1,1,0,1,1,0,1,1,1,0,1,0,1,8
DDD,2014B,627690,1,East Anglian Region,A Level or Equivalent,90-100%,0-35,0,120,0,Withdrawn,15,0,1,1,0,1,1,1,0,0,0,0,1,1,0,10
DDD,2014B,627772,1,South East Region,A Level or Equivalent,40-50%,0-35,0,60,0,Pass,13,0,0,1,1,0,1,1,1,1,1,0,1,1,0,5
DDD,2014B,627879,0,South West Region,A Level or Equivalent,60-70%,0-35,0,60,0,Pass,10,0,1,0,0,0,0,0,1,0,0,1,1,0,0,1
DDD,2014B,627882,1,West Midlands Region,A Level or Equivalent,0-10%,0-35,0,60,0,Distinction,7,1,0,0,0,1,1,0,1,0,0,1,1,1,1,3
DDD,2014B,627891,0,South East Region,A Level or Equivalent,80-90%,0-35,0,60,0,Pass,13,0,1,0,0,0,0,0,1,0,1,1,1,1,1,5
DDD,2014B,627924,0,Scotland,HE Qualification,20-Oct,0-35,0,60,0,Withdrawn,16,1,0,0,1,1,0,0,0,0,0,0,0,0,1,10
DDD,2014B,628008,0,South East Region,Lower Than A Level,20-30%,0-35,0,60,0,Pass,2,0,0,1,1,1,1,1,1,0,1,0,1,0,0,2
DDD,2014B,628099,0,East Midlands Region,A Level or Equivalent,60-70%,0-35,0,60,0,Pass,11,1,1,1,0,0,0,1,1,0,0,1,1,1,1,6
DDD,2014B,628150,0,North Western Region,Lower Than A Level,0-10%,0-35,0,60,0,Withdrawn,1,0,0,0,1,0,1,0,0,0,1,0,0,1,1,2
DDD,2014B,628216,0,South East Region,Lower Than A Level,90-100%,0-35,0,60,1,Distinction,16,0,1,1,0,1,1,1,0,1,1,0,1,1,1,10
DDD,2014B,628246,0,London Region,A Level or Equivalent,40-50%,35-55,0,60,0,Pass,14,0,1,1,0,1,0,0,1,1,1,0,1,1,1,5
DDD,2014B,628262,1,East Anglian Region,A Level or Equivalent,80-90%,0-35,0,60,0,Withdrawn,10,0,1,0,0,1,1,1,0,1,0,0,1,0,1,1
DDD,2014B,628333,1,South Region,A Level or Equivalent,70-80%,0-35,0,60,1,Pass,12,1,0,1,1,0,0,1,0,0,0,1,1,1,1,7
DDD,2014B,628347,1,South Region,A Level or Equivalent,40-50%,0-35,0,60,0,Pass,14,1,0,1,0,0,0,0,1,1,1,0,1,1,0,5
DDD,2014B,628376,0,Scotland,HE Qualification,40-50%,0-35,0,60,0,Pass,3,0,1,1,0,1,1,1,0,1,0,1,1,0,1,8
DDD,2014B,628386,0,South West Region,A Level or Equivalent,60-70%,0-35,0,60,1,Pass,7,1,1,1,1,0,0,0,1,1,1,1,0,0,0,3
DDD,2014B,628437,0,South Region,A Level or Equivalent,80-90%,0-35,0,120,0,Withdrawn,16,0,0,1,1,0,0,0,0,0,0,0,0,1,0,10
DDD,2014B,628502,1,West Midlands Region,A Level or Equivalent,60-70%,0-35,0,60,0,Pass,9,0,1,1,0,0,1,0,1,1,1,1,1,1,0,4
DDD,2014B,628575,0,Scotland,A Level or Equivalent,20-30%,0-35,0,90,0,Distinction,3,1,0,0,1,1,1,0,1,0,0,1,0,0,0,8
DDD,2014B,628642,0,North Western Region,Lower Than A Level,20-30%,35-55,0,60,0,Pass,9,1,1,0,0,1,0,1,0,0,0,0,1,0,0,4
DDD,2014B,628806,0,South Region,A Level or Equivalent,50-60%,0-35,0,60,0,Distinction,5,1,1,1,0,0,0,0,1,0,1,0,0,1,0,9
DDD,2014B,628835,1,South East Region,Lower Than A Level,50-60%,35-55,0,60,0,Pass,14,0,0,1,0,1,0,1,1,1,1,1,1,1,0,5
DDD,2014B,628841,0,South Region,Lower Than A Level,40-50%,0-35,0,120,1,Withdrawn,1,0,1,0,0,1,0,0,0,1,0,1,1,0,1,2
DDD,2014B,628858,0,East Anglian Region,A Level or Equivalent,50-60%,0-35,0,60,1,Withdrawn,12,1,0,1,1,1,1,1,0,0,0,0,1,1,1,7
DDD,2014B,628875,1,East Midlands Region,Lower Than A Level,60-70%,0-35,0,60,0,Pass,7,0,0,1,1,1,0,1,1,1,0,1,1,1,1,3
DDD,2014B,628915,1,Scotland,HE Qualification,60-70%,35-55,0,60,0,Distinction,11,0,0,1,0,1,0,0,0,0,0,1,0,0,0,6
DDD,2014B,628947,0,West Midlands Region,A Level or Equivalent,30-40%,0-35,0,60,0,Withdrawn,14,1,1,0,0,1,0,1,1,1,1,0,0,1,0,5
DDD,2014B,628956,0,Wales,A Level or Equivalent,90-100%,0-35,0,60,0,Pass,9,0,1,0,0,1,1,1,0,0,1,1,1,1,0,4
DDD,2014B,629000,0,Scotland,A Level or Equivalent,0-10%,0-35,0,60,1,Fail,11,0,0,1,0,0,1,1,1,0,1,1,1,1,0,6
DDD,2014B,629039,0,Scotland,A Level or Equivalent,20-30%,0-35,0,60,0,Withdrawn,1,1,1,1,0,0,1,0,1,1,1,1,1,0,1,2
DDD,2014B,629055,0,Ireland,A Level or Equivalent,30-40%,0-35,0,60,0,Pass,16,1,1,0,0,1,0,1,0,1,0,1,0,1,1,10
DDD,2014B,629316,1,North Region,A Level or Equivalent,,0-35,0,90,0,Fail,10,1,0,1,0,1,0,0,0,0,1,0,1,1,1,1
DDD,2014B,629405,0,London Region,A Level or Equivalent,0-10%,0-35,0,60,0,Pass,14,1,1,0,1,0,1,0,1,1,1,1,0,0,1,5
DDD,2014B,629442,0,Yorkshire Region,Lower Than A Level,50-60%,0-35,0,60,0,Withdrawn,11,0,0,0,0,0,0,1,0,0,0,1,0,1,0,6
DDD,2014B,629452,0,South Region,HE Qualification,70-80%,35-55,0,60,0,Distinction,9,0,1,0,1,0,1,0,0,0,1,1,1,0,0,4
DDD,2014B,629454,0,East Anglian Region,A Level or Equivalent,80-90%,35-55,0,60,0,Withdrawn,6,1,0,0,0,0,0,1,1,1,1,0,1,0,1,9
DDD,2014B,629632,1,North Western Region,A Level or Equivalent,20-Oct,0-35,0,90,1,Withdrawn,11,1,1,0,0,1,1,0,1,1,0,1,0,0,0,6
DDD,2014B,629673,0,East Anglian Region,A Level or Equivalent,70-80%,0-35,0,60,0,Fail,4,0,0,0,1,0,0,0,0,1,0,0,1,1,1,8
DDD,2014B,629696,0,Wales,HE Qualification,80-90%,0-35,0,90,0,Distinction,6,1,1,0,1,0,0,1,0,1,1,0,1,0,0,9
DDD,2014B,629699,0,South West Region,A Level or Equivalent,70-80%,0-35,0,60,0,Fail,2,0,1,1,1,1,0,0,0,0,1,1,1,1,1,2
DDD,2014B,629702,0,Wales,A Level or Equivalent,80-90%,35-55,0,60,0,Withdrawn,5,0,0,0,1,1,0,1,0,1,1,1,1,1,0,9
DDD,2014B,629706,0,Scotland,Lower Than A Level,0-10%,0-35,0,60,0,Withdrawn,1,0,1,0,0,1,1,0,1,0,1,1,1,0,1,2
DDD,2014B,629707,0,East Anglian Region,A Level or Equivalent,20-30%,0-35,0,200,0,Withdrawn,13,1,0,1,0,1,1,0,1,0,1,1,0,1,1,5
DDD,2014B,629710,0,North Region,HE Qualification,,35-55,0,90,0,Distinction,4,1,0,0,0,1,0,1,0,1,1,1,0,1,0,8
DDD,2014B,629713,0,North Region,Lower Than A Level,50-60%,0-35,0,120,0,Withdrawn,9,1,0,0,1,1,0,1,0,0,1,1,1,1,0,4
DDD,2014B,629725,0,North Western Region,A Level or Equivalent,70-80%,0-35,0,60,0,Pass,1,0,0,1,1,0,1,0,0,1,1,0,0,1,1,2
DDD,2014B,629773,0,South East Region,A Level or Equivalent,70-80%,0-35,0,90,1,Withdrawn,16,0,1,0,1,0,0,1,0,0,1,0,0,0,1,10
DDD,2014B,629822,0,East Anglian Region,Lower Than A Level,80-90%,0-35,0,60,1,Pass,13,1,0,0,0,0,1,0,1,0,0,1,1,0,1,5
DDD,2014B,629876,0,South West Region,Lower Than A Level,50-60%,0-35,0,60,0,Fail,4,0,0,0,0,0,1,0,1,1,0,0,0,1,0,8
DDD,2014B,629877,0,London Region,A Level or Equivalent,0-10%,0-35,0,60,0,Distinction,5,1,1,0,0,1,1,0,1,0,1,1,1,0,1,9
DDD,2014B,629898,1,North Western Region,A Level or Equivalent,90-100%,0-35,0,60,1,Pass,10,1,1,0,1,1,0,1,1,0,1,1,0,1,0,1
DDD,2014B,629921,1,Yorkshire Region,A Level or Equivalent,70-80%,0-35,0,60,0,Pass,5,0,0,0,1,0,0,0,0,1,0,0,1,0,1,9
DDD,2014B,629955,0,North Western Region,A Level or Equivalent,60-70%,0-35,0,60,0,Fail,10,0,0,0,1,1,1,0,0,0,0,1,0,1,0,1
DDD,2014B,630009,1,North Western Region,Lower Than A Level,20-30%,0-35,0,60,0,Withdrawn,14,1,0,1,0,1,1,1,1,0,0,1,0,0,0,5
DDD,2014B,630073,0,Scotland,HE Qualification,0-10%,0-35,0,60,0,Pass,6,0,0,0,1,1,0,1,0,1,1,1,0,0,0,9
DDD,2014B,630137,0,North Region,A Level or Equivalent,,0-35,0,60,0,Pass,6,1,1,0,1,0,1,0,0,1,1,0,0,0,0,9
DDD,2014B,630152,0,Ireland,A Level or Equivalent,50-60%,0-35,0,90,0,Fail,13,0,0,1,1,1,1,1,0,1,1,1,0,0,1,5
DDD,2014B,630178,0,South Region,Lower Than A Level,70-80%,0-35,0,90,0,Pass,16,1,1,0,0,0,1,1,1,0,0,1,0,1,0,10
DDD,2014B,630195,0,South Region,A Level or Equivalent,60-70%,0-35,0,60,1,Withdrawn,8,1,1,0,0,0,0,0,0,1,1,1,1,0,1,3
DDD,2014B,630200,1,East Midlands Region,A Level or Equivalent,60-70%,0-35,0,90,0,Pass,4,1,1,0,1,0,1,1,0,1,0,1,0,0,0,8
DDD,2014B,630301,0,Yorkshire Region,Lower Than A Level,30-40%,0-35,0,60,0,Fail,13,1,0,0,1,1,1,0,0,0,0,1,0,1,0,5
DDD,2014B,630359,0,East Midlands Region,A Level or Equivalent,40-50%,0-35,0,60,0,Withdrawn,13,0,1,0,0,1,0,1,0,1,0,0,1,0,0,5
DDD,2014B,630401,0,North Region,HE Qualification,,0-35,0,60,0,Withdrawn,8,1,0,0,0,0,0,1,0,0,1,1,0,0,1,3
DDD,2014B,630432,1,South West Region,A Level or Equivalent,50-60%,0-35,0,60,0,Pass,10,1,1,1,1,1,1,0,0,0,0,1,1,1,1,1
DDD,2014B,630531,0,North Region,Lower Than A Level,20-Oct,0-35,0,90,0,Withdrawn,15,0,0,0,0,1,1,1,0,1,1,0,1,1,0,10
DDD,2014B,630556,0,North Region,Lower Than A Level,20-Oct,0-35,0,60,0,Withdrawn,16,0,0,1,0,1,1,0,1,0,0,0,0,0,0,10
DDD,2014B,630596,1,South East Region,HE Qualification,20-30%,35-55,0,60,0,Distinction,15,1,1,1,1,1,1,0,1,1,0,1,0,0,1,10
DDD,2014B,630613,1,East Anglian Region,A Level or Equivalent,60-70%,0-35,0,90,0,Pass,10,0,1,1,0,1,1,1,1,1,1,0,1,0,0,1
DDD,2014B,630774,0,Scotland,Lower Than A Level,0-10%,0-35,0,60,0,Pass,10,0,1,1,1,1,0,0,1,0,1,0,0,1,0,1
DDD,2014B,630818,1,Scotland,Lower Than A Level,20-30%,0-35,0,60,0,Distinction,14,1,0,0,1,1,0,1,0,1,1,0,0,1,0,5
DDD,2014B,630935,0,London Region,Lower Than A Level,60-70%,35-55,0,60,0,Pass,7,1,1,0,1,1,1,1,0,0,0,0,1,1,0,3
DDD,2014B,630939,0,South Region,Lower Than A Level,20-30%,0-35,0,60,0,Withdrawn,15,0,1,1,1,1,0,0,0,1,1,0,1,1,0,10
DDD,2014B,630948,1,South East Region,HE Qualification,60-70%,35-55,0,60,0,Pass,12,1,0,0,1,0,1,1,0,1,0,0,0,1,0,7
DDD,2014B,631029,0,Scotland,A Level or Equivalent,90-100%,0-35,0,60,0,Fail,2,0,0,1,0,0,0,0,1,0,0,1,1,1,0,2
DDD,2014B,631131,0,East Midlands Region,A Level or Equivalent,80-90%,0-35,0,120,0,Pass,3,0,0,0,1,1,1,0,1,1,0,0,1,1,1,8
DDD,2014B,631207,1,South East Region,Lower Than A Level,80-90%,0-35,0,60,0,Fail,5,0,0,1,1,0,1,1,1,1,1,0,0,0,1,9
DDD,2014B,631240,0,West Midlands Region,A Level or Equivalent,20-30%,0-35,0,60,0,Withdrawn,1,1,0,0,0,1,1,0,1,0,1,0,0,1,1,2
DDD,2014B,631257,0,North Western Region,A Level or Equivalent,80-90%,0-35,0,60,0,Pass,14,1,0,0,1,1,0,1,1,1,1,1,0,1,0,5
DDD,2014B,631299,0,North Western Region,A Level or Equivalent,0-10%,0-35,0,60,0,Fail,7,0,1,0,0,1,1,0,0,0,0,0,0,1,0,3
DDD,2014B,631322,1,North Region,A Level or Equivalent,,0-35,0,60,0,Pass,13,1,1,0,0,0,0,1,0,0,0,1,0,0,1,5
DDD,2014B,631355,0,South East Region,HE Qualification,20-Oct,35-55,0,60,0,Fail,12,0,1,0,1,0,0,1,0,1,0,0,1,0,1,7
DDD,2014B,631388,1,North Region,Post Graduate Qualification,,0-35,0,60,0,Pass,3,1,1,0,1,1,1,0,0,1,0,0,1,1,1,8
DDD,2014B,631439,0,North Region,Post Graduate Qualification,,0-35,0,60,0,Distinction,13,0,0,0,0,1,0,1,1,1,0,1,0,0,1,5
DDD,2014B,631513,0,East Midlands Region,A Level or Equivalent,90-100%,0-35,0,60,0,Withdrawn,4,1,1,0,1,0,1,0,1,0,1,1,0,0,1,8
DDD,2014B,631514,0,East Anglian Region,Lower Than A Level,30-40%,0-35,0,60,0,Pass,14,1,1,1,0,0,0,0,1,1,0,1,1,0,0,5
DDD,2014B,631527,0,London Region,Lower Than A Level,40-50%,0-35,0,60,0,Withdrawn,11,0,0,1,0,1,0,1,0,1,1,1,0,0,1,6
DDD,2014B,631560,0,South West Region,A Level or Equivalent,70-80%,0-35,0,60,0,Withdrawn,1,0,1,1,0,1,0,0,1,1,0,0,0,1,0,2
DDD,2014B,631569,0,North Western Region,HE Qualification,0-10%,35-55,0,90,0,Pass,4,0,1,0,0,0,1,0,0,0,0,0,0,1,0,8
DDD,2014B,631600,0,South Region,Lower Than A Level,20-30%,0-35,0,60,0,Fail,3,0,0,0,0,0,0,0,1,0,1,1,0,1,1,8
DDD,2014B,631623,0,South West Region,A Level or Equivalent,90-100%,0-35,0,60,0,Withdrawn,12,0,1,0,1,1,0,0,0,0,0,0,0,0,1,7
DDD,2014B,631630,1,East Anglian Region,Lower Than A Level,30-40%,0-35,0,60,0,Withdrawn,11,0,0,1,1,0,0,0,0,1,0,1,1,1,0,6
DDD,2014B,631639,1,North Region,HE Qualification,,35-55,0,60,0,Pass,12,0,1,0,1,0,0,1,1,0,0,1,0,1,1,7
DDD,2014B,631670,0,North Western Region,HE Qualification,80-90%,0-35,0,60,0,Pass,6,0,1,0,1,1,0,0,1,0,1,1,1,0,1,9
DDD,2014B,631749,0,Yorkshire Region,Lower Than A Level,80-90%,0-35,0,60,0,Withdrawn,5,1,0,1,0,1,0,0,0,0,0,0,1,0,0,9
DDD,2014B,631771,0,East Midlands Region,HE Qualification,70-80%,0-35,0,60,0,Distinction,11,0,1,1,0,1,1,0,0,0,1,1,1,1,0,6
DDD,2014B,631813,0,North Western Region,HE Qualification,0-10%,0-35,0,60,0,Fail,11,1,0,0,0,1,1,0,0,0,0,1,0,0,0,6
DDD,2014B,631846,1,North Western Region,A Level or Equivalent,20-30%,0-35,0,60,0,Withdrawn,2,0,1,1,0,0,1,1,1,1,1,0,0,0,0,2
DDD,2014B,631851,0,North Region,HE Qualification,,0-35,0,60,0,Distinction,9,1,1,1,1,1,1,0,0,1,1,0,0,1,0,4
DDD,2014B,631945,1,South West Region,HE Qualification,30-40%,0-35,0,60,0,Fail,3,0,0,0,1,1,1,1,1,1,1,1,1,1,1,8
DDD,2014B,632115,0,North Western Region,Lower Than A Level,50-60%,0-35,0,60,0,Fail,16,1,0,0,1,1,1,0,0,1,1,0,0,1,1,10
DDD,2014B,632125,1,London Region,Lower Than A Level,70-80%,35-55,0,60,0,Fail,9,1,1,1,1,0,1,0,0,0,0,0,1,1,1,4
DDD,2014B,632195,1,North Western Region,A Level or Equivalent,20-Oct,0-35,0,60,0,Fail,2,0,1,1,1,1,1,1,0,1,0,0,0,1,0,2
DDD,2014B,632205,0,West Midlands Region,A Level or Equivalent,70-80%,0-35,0,60,0,Pass,1,1,0,0,1,1,1,0,0,1,1,1,1,0,0,2
DDD,2014B,632215,0,West Midlands Region,A Level or Equivalent,0-10%,0-35,0,60,0,Distinction,6,0,0,0,1,1,1,0,0,0,0,1,0,0,0,9
DDD,2014B,632260,1,South West Region,Lower Than A Level,40-50%,0-35,0,150,0,Withdrawn,1,1,0,1,1,0,1,0,1,1,1,1,0,0,0,2
DDD,2014B,632305,0,South East Region,A Level or Equivalent,50-60%,0-35,0,60,0,Pass,11,0,0,1,0,0,0,0,0,1,1,0,1,0,0,6
DDD,2014B,632314,1,East Anglian Region,A Level or Equivalent,30-40%,0-35,0,60,1,Withdrawn,2,0,0,1,0,1,0,0,1,1,0,0,0,0,0,2
DDD,2014B,632463,1,East Anglian Region,Lower Than A Level,70-80%,0-35,0,60,0,Fail,1,1,1,1,1,0,0,1,0,0,0,1,0,1,1,2
DDD,2014B,632469,1,South West Region,Lower Than A Level,20-30%,0-35,0,60,0,Withdrawn,11,0,0,1,1,1,0,1,1,0,0,1,0,1,0,6
DDD,2014B,632473,1,Scotland,A Level or Equivalent,80-90%,35-55,0,120,0,Withdrawn,8,1,0,1,1,1,1,1,1,0,0,1,0,1,0,3
DDD,2014B,632482,0,South East Region,A Level or Equivalent,60-70%,0-35,0,60,0,Fail,16,1,1,1,0,0,0,0,0,0,0,0,0,1,1,10
DDD,2014B,632486,1,West Midlands Region,A Level or Equivalent,40-50%,0-35,0,90,0,Withdrawn,1,1,0,1,0,0,0,0,0,1,0,1,0,0,0,2
DDD,2014B,632504,0,North Western Region,Lower Than A Level,20-Oct,0-35,0,60,0,Fail,1,1,1,0,0,0,1,0,1,1,1,1,1,0,0,2
DDD,2014B,632551,0,Wales,A Level or Equivalent,70-80%,35-55,0,60,0,Fail,14,0,0,0,0,0,1,0,0,0,0,1,1,1,0,5
DDD,2014B,632680,1,East Anglian Region,A Level or Equivalent,90-100%,0-35,0,60,1,Distinction,16,1,1,0,1,0,0,1,0,0,0,1,0,1,1,10
DDD,2014B,632725,1,Yorkshire Region,A Level or Equivalent,50-60%,0-35,0,60,0,Fail,6,0,1,1,0,0,0,1,1,1,1,1,1,0,0,9
DDD,2014B,632741,0,East Anglian Region,A Level or Equivalent,70-80%,0-35,0,60,0,Pass,3,1,1,0,1,0,0,1,1,0,0,1,1,0,1,8
DDD,2014B,632790,0,South West Region,HE Qualification,80-90%,0-35,0,60,0,Pass,6,0,0,1,1,1,0,1,1,0,1,0,0,1,0,9
DDD,2014B,632793,1,North Western Region,A Level or Equivalent,0-10%,0-35,0,60,0,Withdrawn,3,0,1,1,0,0,1,0,0,0,0,0,1,1,0,8
DDD,2014B,632814,1,North Region,Lower Than A Level,40-50%,0-35,0,120,0,Fail,12,0,1,1,1,1,1,0,1,0,0,0,0,0,0,7
DDD,2014B,632845,1,South Region,HE Qualification,80-90%,0-35,0,60,0,Pass,12,1,1,1,1,1,1,1,1,0,0,1,1,1,0,7
DDD,2014B,632856,0,London Region,A Level or Equivalent,20-30%,0-35,0,90,0,Withdrawn,6,0,0,1,1,1,1,1,0,0,1,0,0,1,1,9
DDD,2014B,632879,0,West Midlands Region,Lower Than A Level,20-Oct,0-35,0,60,0,Withdrawn,6,1,0,0,0,1,0,0,1,0,0,1,1,1,1,9
DDD,2014B,632898,0,East Anglian Region,Lower Than A Level,50-60%,0-35,0,60,0,Fail,1,0,0,1,0,1,1,0,0,0,0,1,0,0,1,2
DDD,2014B,632975,0,East Anglian Region,Lower Than A Level,50-60%,0-35,0,60,0,Withdrawn,6,0,0,1,1,0,1,0,1,1,0,1,1,0,0,9
DDD,2014B,633008,0,Wales,Post Graduate Qualification,80-90%,35-55,0,60,0,Distinction,5,0,0,1,0,0,0,1,1,1,1,1,1,0,1,9
DDD,2014B,633214,0,Wales,A Level or Equivalent,30-40%,0-35,0,60,0,Fail,6,0,0,1,1,0,0,1,1,0,1,0,0,1,0,9
DDD,2014B,633273,1,East Anglian Region,Lower Than A Level,90-100%,0-35,0,60,0,Withdrawn,14,1,0,1,0,0,1,0,1,0,0,1,1,1,0,5
DDD,2014B,633325,0,West Midlands Region,Lower Than A Level,,0-35,0,60,0,Pass,4,0,1,0,1,1,1,0,0,1,0,1,1,1,0,8
DDD,2014B,633331,1,West Midlands Region,A Level or Equivalent,90-100%,0-35,0,60,0,Withdrawn,3,0,0,0,1,0,0,0,0,1,1,1,1,0,1,8
DDD,2014B,633341,1,North Western Region,A Level or Equivalent,70-80%,0-35,0,90,0,Withdrawn,10,0,0,1,0,0,0,0,1,1,1,0,0,0,1,1
DDD,2014B,633355,1,East Anglian Region,Lower Than A Level,50-60%,0-35,0,60,0,Pass,1,0,1,1,0,0,1,1,1,0,1,0,1,0,0,2
DDD,2014B,633368,1,North Region,Lower Than A Level,20-30%,0-35,0,60,0,Pass,8,1,1,1,0,1,0,1,1,0,1,0,0,1,1,3
DDD,2014B,633384,0,South East Region,Lower Than A Level,60-70%,0-35,0,90,0,Withdrawn,3,0,1,0,0,1,1,0,0,1,0,0,1,1,1,8
DDD,2014B,633467,0,East Anglian Region,Lower Than A Level,90-100%,0-35,0,60,0,Pass,3,0,0,1,1,0,1,1,1,1,1,1,1,1,0,8
DDD,2014B,633477,1,South Region,A Level or Equivalent,80-90%,0-35,0,60,0,Withdrawn,5,1,1,0,0,0,1,0,0,1,1,0,0,0,0,9
DDD,2014B,633510,1,London Region,A Level or Equivalent,30-40%,0-35,0,60,0,Fail,3,0,1,0,1,0,1,0,1,0,1,1,0,0,0,8
DDD,2014B,633591,1,West Midlands Region,A Level or Equivalent,0-10%,0-35,0,60,0,Pass,16,0,0,0,1,1,0,0,1,0,0,1,0,1,0,10
DDD,2014B,633618,0,West Midlands Region,A Level or Equivalent,40-50%,0-35,0,60,0,Withdrawn,12,0,1,0,1,1,1,1,1,1,0,0,0,0,0,7
DDD,2014B,633763,0,South West Region,A Level or Equivalent,60-70%,35-55,0,60,0,Pass,6,1,1,0,1,1,0,0,1,0,0,1,1,1,0,9
DDD,2014B,633764,1,South East Region,A Level or Equivalent,90-100%,0-35,0,60,0,Pass,7,1,1,1,0,1,0,0,0,1,0,1,0,0,1,3
DDD,2014B,633771,0,Yorkshire Region,Lower Than A Level,50-60%,0-35,0,60,0,Fail,11,0,1,1,0,1,0,1,0,1,0,0,1,1,0,6
DDD,2014B,633864,0,London Region,A Level or Equivalent,70-80%,0-35,0,60,0,Distinction,15,1,1,0,0,1,0,0,1,1,0,1,1,1,1,10
DDD,2014B,633921,0,East Anglian Region,Lower Than A Level,60-70%,0-35,0,60,0,Pass,10,0,1,0,0,1,0,0,1,0,0,0,0,1,0,1
DDD,2014B,633960,0,North Region,Post Graduate Qualification,,35-55,0,60,0,Distinction,5,1,1,1,0,0,1,1,1,1,1,1,0,0,1,9
DDD,2014B,634094,1,West Midlands Region,A Level or Equivalent,20-Oct,0-35,0,60,0,Pass,13,1,0,0,1,0,1,1,1,0,1,0,0,1,1,5
DDD,2014B,634106,0,South West Region,A Level or Equivalent,30-40%,35-55,0,90,0,Pass,10,1,0,1,1,0,0,0,0,0,0,0,0,0,1,1
DDD,2014B,634107,1,North Region,HE Qualification,,0-35,0,90,0,Withdrawn,13,1,1,1,1,1,1,0,1,0,1,1,1,0,0,5
DDD,2014B,634108,1,West Midlands Region,A Level or Equivalent,40-50%,0-35,0,60,0,Withdrawn,15,1,0,0,1,0,0,1,0,0,0,0,1,0,1,10
DDD,2014B,634178,0,North Region,Lower Than A Level,80-90%,0-35,0,60,0,Pass,9,1,0,0,1,1,1,0,1,1,0,0,1,0,1,4
DDD,2014B,634246,1,Wales,A Level or Equivalent,0-10%,0-35,0,60,0,Pass,16,0,0,0,1,1,1,1,0,1,1,0,0,0,0,10
DDD,2014B,634278,0,North Region,Lower Than A Level,30-40%,0-35,0,60,0,Fail,8,0,0,0,1,1,0,0,0,1,0,0,1,0,1,3
DDD,2014B,634295,0,North Western Region,HE Qualification,0-10%,0-35,0,60,0,Withdrawn,9,0,1,1,1,1,0,1,0,0,1,0,1,0,1,4
DDD,2014B,634313,0,North Western Region,HE Qualification,0-10%,0-35,0,60,0,Withdrawn,15,0,0,0,0,0,1,0,0,0,0,1,1,0,1,10
DDD,2014B,634351,0,East Anglian Region,A Level or Equivalent,90-100%,0-35,0,60,0,Pass,9,0,0,1,1,0,1,1,1,0,1,1,1,0,1,4
DDD,2014B,634360,0,Ireland,Lower Than A Level,,35-55,0,60,0,Withdrawn,4,0,0,1,0,0,1,1,1,1,0,1,1,0,1,8
DDD,2014B,634383,0,North Region,A Level or Equivalent,,0-35,0,60,0,Distinction,2,0,1,0,0,1,1,1,0,1,0,0,0,0,1,2
DDD,2014B,634397,0,East Midlands Region,Lower Than A Level,20-Oct,0-35,0,60,0,Fail,8,1,0,0,0,0,1,1,1,1,0,0,1,1,0,3
DDD,2014B,634420,1,Ireland,Lower Than A Level,,0-35,0,60,0,Pass,5,1,0,1,1,1,0,1,1,1,1,1,0,0,1,9
DDD,2014B,634508,0,London Region,A Level or Equivalent,30-40%,0-35,0,60,0,Withdrawn,8,1,0,1,1,1,0,1,0,1,1,0,1,0,1,3
DDD,2014B,634596,1,East Midlands Region,A Level or Equivalent,80-90%,0-35,0,60,0,Pass,14,0,0,0,1,0,0,1,1,0,1,1,0,0,1,5
DDD,2014B,634648,0,Yorkshire Region,A Level or Equivalent,20-30%,0-35,0,60,0,Pass,14,0,1,0,1,0,0,0,0,1,0,1,1,0,0,5
DDD,2014B,634681,0,South Region,A Level or Equivalent,70-80%,35-55,0,120,0,Distinction,9,1,1,1,0,0,0,1,0,1,0,1,0,0,0,4
DDD,2014B,634816,0,Wales,HE Qualification,0-10%,0-35,0,120,0,Withdrawn,16,1,0,0,0,1,0,1,1,1,0,0,0,1,1,10
DDD,2014B,634824,0,South Region,A Level or Equivalent,90-100%,0-35,0,60,0,Pass,3,1,0,0,0,0,0,1,1,0,1,1,1,0,0,8
DDD,2014B,634905,0,North Region,HE Qualification,,0-35,0,60,0,Distinction,3,0,0,0,0,1,0,1,1,1,1,1,0,1,0,8
DDD,2014B,634909,0,West Midlands Region,A Level or Equivalent,60-70%,0-35,0,60,0,Fail,4,1,1,0,1,0,1,1,0,1,1,1,1,1,0,8
DDD,2014B,635058,0,Scotland,A Level or Equivalent,80-90%,0-35,0,60,0,Distinction,4,1,1,1,1,0,1,0,1,0,0,1,1,1,0,8
DDD,2014B,635100,0,East Anglian Region,A Level or Equivalent,20-30%,0-35,0,60,0,Pass,11,1,0,1,0,1,1,1,0,1,0,0,1,0,0,6
DDD,2014B,635141,0,East Midlands Region,HE Qualification,90-100%,0-35,0,60,0,Pass,8,1,0,0,1,0,1,1,0,1,0,1,1,0,0,3
DDD,2014B,669530,1,West Midlands Region,HE Qualification,60-70%,55<=,0,90,0,Withdrawn,9,0,1,1,1,1,0,0,0,1,0,0,0,1,0,4
DDD,2014B,835603,0,North Western Region,HE Qualification,20-30%,55<=,1,150,0,Withdrawn,8,1,0,1,1,1,1,1,0,1,0,1,1,1,1,3
DDD,2014B,879295,0,London Region,HE Qualification,20-30%,55<=,1,60,0,Distinction,2,1,1,1,1,1,0,0,1,0,1,1,1,0,0,2
DDD,2014B,909056,0,South East Region,HE Qualification,90-100%,55<=,0,60,0,Pass,2,0,1,1,0,1,0,0,1,0,1,0,0,0,1,2
DDD,2014B,963176,0,West Midlands Region,A Level or Equivalent,40-50%,35-55,0,60,0,Withdrawn,5,1,0,0,1,1,0,0,0,1,0,1,0,1,1,9
DDD,2014B,997948,0,North Western Region,A Level or Equivalent,20-30%,55<=,1,120,0,Withdrawn,4,0,0,1,1,1,1,1,1,1,0,0,0,1,0,8
DDD,2014B,1031884,0,East Midlands Region,A Level or Equivalent,80-90%,35-55,0,60,0,Distinction,1,0,1,1,0,0,0,1,0,0,1,1,0,1,0,2
DDD,2014B,1033968,1,Wales,No Formal quals,0-10%,35-55,1,60,0,Withdrawn,5,1,1,1,0,0,1,0,1,1,1,0,1,1,0,9
DDD,2014B,1049036,0,North Western Region,A Level or Equivalent,30-40%,35-55,0,120,0,Pass,10,1,1,0,0,0,0,1,0,1,0,0,1,0,0,1
DDD,2014B,1175060,0,London Region,Lower Than A Level,70-80%,35-55,0,90,0,Withdrawn,3,0,0,0,1,1,0,1,1,0,0,0,1,1,1,8
DDD,2014B,1332356,0,East Midlands Region,HE Qualification,70-80%,35-55,0,60,0,Distinction,1,0,0,1,0,0,0,1,0,0,0,0,0,1,1,2
DDD,2014B,1531649,1,Scotland,HE Qualification,40-50%,35-55,0,60,1,Withdrawn,16,1,0,0,1,0,0,0,1,0,0,1,1,0,0,10
DDD,2014B,1549107,0,North Western Region,Lower Than A Level,80-90%,55<=,0,60,0,Pass,15,1,0,1,0,1,0,0,0,0,0,1,1,1,0,10
DDD,2014B,1552044,0,South Region,A Level or Equivalent,20-30%,35-55,0,60,0,Distinction,1,0,1,1,1,1,1,1,0,0,0,0,1,0,0,2
DDD,2014B,1554143,0,London Region,A Level or Equivalent,90-100%,35-55,2,150,0,Withdrawn,4,0,1,0,1,1,0,1,0,1,1,1,1,0,1,8
DDD,2014B,1591864,1,East Anglian Region,HE Qualification,30-40%,35-55,0,60,0,Withdrawn,13,1,1,1,0,0,0,0,1,1,1,0,1,1,0,5
DDD,2014B,1592048,0,Wales,HE Qualification,30-40%,55<=,1,120,0,Distinction,3,1,1,0,0,1,1,0,0,0,0,0,1,1,0,8
DDD,2014B,1612600,0,South East Region,Lower Than A Level,20-Oct,35-55,0,90,0,Pass,2,1,1,0,0,0,0,0,1,0,0,0,1,1,0,2
DDD,2014B,1614808,1,East Anglian Region,A Level or Equivalent,40-50%,35-55,0,120,0,Withdrawn,8,0,1,1,0,1,0,0,1,0,0,0,0,0,1,3
DDD,2014B,1624025,1,East Anglian Region,A Level or Equivalent,70-80%,35-55,0,60,0,Withdrawn,16,0,1,0,1,0,1,0,1,0,1,0,0,1,1,10
DDD,2014B,1668372,1,North Region,Lower Than A Level,70-80%,35-55,1,60,0,Withdrawn,10,0,0,0,0,1,0,1,1,0,1,1,0,0,1,1
DDD,2014B,1671208,0,Scotland,Lower Than A Level,30-40%,35-55,0,60,0,Withdrawn,13,0,0,1,0,0,1,0,0,1,0,1,0,1,0,5
DDD,2014B,1671761,0,East Anglian Region,A Level or Equivalent,50-60%,35-55,0,60,0,Fail,7,0,0,1,0,0,0,0,0,1,1,0,1,1,0,3
DDD,2014B,1671811,0,West Midlands Region,A Level or Equivalent,70-80%,35-55,0,90,0,Pass,14,1,1,1,1,0,0,1,0,0,0,0,1,0,1,5
DDD,2014B,1735651,0,West Midlands Region,Lower Than A Level,70-80%,35-55,0,60,0,Pass,6,1,1,0,1,0,0,0,0,1,0,1,0,1,1,9
DDD,2014B,1735653,1,Scotland,A Level or Equivalent,50-60%,35-55,1,240,1,Pass,2,1,1,0,1,0,0,1,1,0,1,0,1,1,0,2
DDD,2014B,1763186,0,North Region,Lower Than A Level,20-30%,35-55,0,120,0,Pass,16,0,1,0,1,0,1,1,1,1,1,1,0,0,0,10
DDD,2014B,1767786,0,Scotland,HE Qualification,90-100%,55<=,0,60,0,Withdrawn,2,1,1,1,0,1,1,1,1,1,0,0,1,1,1,2
DDD,2014B,1777223,1,East Anglian Region,Lower Than A Level,60-70%,35-55,0,60,0,Withdrawn,3,0,1,0,0,1,1,1,0,1,1,0,1,0,0,8
DDD,2014B,1804143,0,North Western Region,A Level or Equivalent,20-30%,35-55,1,60,1,Withdrawn,14,0,0,1,1,1,1,1,1,0,1,1,1,1,0,5
DDD,2014B,1826729,0,South West Region,HE Qualification,70-80%,55<=,0,120,0,Pass,9,0,0,1,1,1,0,1,0,1,1,0,0,0,1,4
DDD,2014B,1843355,0,East Anglian Region,Lower Than A Level,90-100%,35-55,1,60,0,Fail,10,0,0,1,1,0,1,0,1,1,0,1,0,0,1,1
DDD,2014B,1845093,1,London Region,A Level or Equivalent,0-10%,35-55,2,150,0,Withdrawn,9,1,1,1,1,1,0,0,0,1,0,0,1,0,0,4
DDD,2014B,1874160,0,Wales,Lower Than A Level,20-Oct,35-55,0,60,0,Pass,13,1,0,0,1,1,0,1,1,1,1,1,0,1,0,5
DDD,2014B,1903131,0,East Anglian Region,Lower Than A Level,40-50%,35-55,1,120,0,Fail,9,0,0,0,0,0,0,1,0,0,1,1,1,1,0,4
DDD,2014B,1916140,1,Yorkshire Region,A Level or Equivalent,40-50%,35-55,0,60,0,Pass,10,1,1,1,1,1,0,1,0,1,1,1,0,0,0,1
DDD,2014B,1939179,1,London Region,Lower Than A Level,20-30%,35-55,0,210,0,Fail,6,0,0,0,0,1,0,0,1,0,0,0,1,1,1,9
DDD,2014B,1945434,1,West Midlands Region,A Level or Equivalent,80-90%,35-55,0,60,0,Pass,9,1,0,1,0,0,0,1,0,0,0,1,0,0,1,4
DDD,2014B,1951727,0,East Anglian Region,A Level or Equivalent,90-100%,0-35,0,60,0,Pass,10,0,0,1,1,1,0,1,0,0,1,0,1,1,1,1
DDD,2014B,1962854,0,London Region,A Level or Equivalent,90-100%,35-55,1,60,0,Pass,3,0,1,1,0,1,0,1,1,1,0,1,1,1,0,8
DDD,2014B,1981053,0,East Midlands Region,A Level or Equivalent,40-50%,35-55,0,120,1,Withdrawn,16,0,1,1,0,0,0,1,0,0,0,0,0,0,0,10
DDD,2014B,1986370,1,Scotland,HE Qualification,80-90%,35-55,0,60,0,Withdrawn,14,0,0,1,0,0,0,0,0,1,1,1,1,1,0,5
DDD,2014B,1994454,0,North Western Region,Lower Than A Level,30-40%,35-55,1,60,1,Withdrawn,5,0,0,1,0,0,0,0,1,0,0,1,0,1,0,9
DDD,2014B,2001102,1,Wales,Lower Than A Level,50-60%,35-55,1,120,1,Withdrawn,12,0,0,0,1,0,0,1,0,0,1,0,0,0,1,7
DDD,2014B,2002727,0,North Western Region,A Level or Equivalent,30-40%,0-35,1,60,0,Fail,6,0,0,1,0,1,0,1,1,0,0,1,1,1,1,9
DDD,2014B,2043916,0,South East Region,Lower Than A Level,90-100%,35-55,1,120,0,Withdrawn,13,1,0,0,0,0,1,0,1,0,1,0,0,1,0,5
DDD,2014B,2046628,0,Ireland,HE Qualification,60-70%,35-55,2,120,1,Withdrawn,13,1,1,0,0,0,1,0,0,0,1,1,0,1,0,5
DDD,2014B,2077023,0,South East Region,Lower Than A Level,30-40%,0-35,0,130,0,Pass,12,1,0,0,1,1,0,1,0,0,1,1,0,1,1,7
DDD,2014B,2080340,0,North Western Region,Lower Than A Level,60-70%,35-55,0,60,0,Fail,9,0,1,0,0,0,0,0,0,1,1,1,0,1,1,4
DDD,2014B,2087698,1,Scotland,Lower Than A Level,30-40%,35-55,0,60,0,Distinction,16,1,1,1,1,1,1,1,0,1,1,1,0,1,1,10
DDD,2014B,2091387,0,London Region,HE Qualification,30-40%,35-55,0,90,0,Distinction,6,0,0,0,1,0,0,0,1,1,0,1,1,0,1,9
DDD,2014B,2109013,1,Scotland,HE Qualification,80-90%,35-55,1,70,0,Withdrawn,2,0,0,0,1,1,0,1,0,1,0,1,1,0,1,2
DDD,2014B,2110039,0,London Region,Lower Than A Level,30-40%,35-55,1,90,1,Withdrawn,16,1,0,1,0,1,1,1,1,1,1,1,0,1,1,10
DDD,2014B,2151748,0,North Western Region,Lower Than A Level,20-Oct,35-55,0,60,1,Withdrawn,14,0,0,1,0,1,0,1,1,1,0,0,1,0,1,5
DDD,2014B,2162388,0,Scotland,A Level or Equivalent,80-90%,0-35,0,60,0,Fail,13,0,0,1,0,0,1,1,0,0,0,1,1,1,1,5
DDD,2014B,2172136,0,East Midlands Region,A Level or Equivalent,50-60%,0-35,0,60,0,Distinction,11,0,1,0,0,0,0,1,0,0,1,0,1,0,0,6
DDD,2014B,2173688,0,South West Region,Lower Than A Level,50-60%,35-55,0,60,0,Fail,1,0,1,1,0,0,0,0,0,1,0,1,0,0,0,2
DDD,2014B,2188469,1,Scotland,A Level or Equivalent,90-100%,0-35,0,75,1,Fail,12,0,0,0,1,1,0,1,1,1,0,1,0,1,0,7
DDD,2014B,2210989,0,London Region,A Level or Equivalent,70-80%,0-35,0,60,0,Distinction,10,1,0,0,1,1,1,0,0,0,0,1,1,1,1,1
DDD,2014B,2228206,0,West Midlands Region,A Level or Equivalent,70-80%,35-55,2,170,0,Withdrawn,7,0,0,0,1,0,1,0,0,1,0,1,0,1,0,3
DDD,2014B,2231018,0,North Western Region,Lower Than A Level,50-60%,35-55,0,60,0,Pass,14,0,0,0,0,1,0,0,1,0,1,1,1,0,1,5
DDD,2014B,2261142,1,London Region,A Level or Equivalent,70-80%,0-35,0,60,0,Fail,6,0,1,0,1,1,0,0,1,0,0,0,1,0,0,9
DDD,2014B,2265935,1,South Region,A Level or Equivalent,50-60%,35-55,0,60,0,Withdrawn,1,0,0,0,1,1,0,1,0,0,0,0,0,0,1,2
DDD,2014B,2266889,0,East Anglian Region,A Level or Equivalent,40-50%,35-55,0,60,0,Pass,13,1,1,0,1,0,1,0,1,0,0,1,1,1,1,5
DDD,2014B,2301511,1,London Region,Lower Than A Level,20-30%,35-55,0,60,0,Fail,6,0,1,0,0,0,1,1,0,0,1,1,1,0,1,9
DDD,2014B,2305237,0,Ireland,HE Qualification,80-90%,0-35,2,150,0,Withdrawn,8,1,0,0,1,1,1,1,0,0,1,0,0,1,1,3
DDD,2014B,2305957,1,North Western Region,HE Qualification,0-10%,0-35,1,150,0,Withdrawn,15,1,1,0,0,1,0,1,0,1,0,0,1,1,0,10
DDD,2014B,2306519,0,Yorkshire Region,HE Qualification,0-10%,35-55,0,60,0,Pass,10,0,1,0,0,0,1,1,1,0,0,0,1,0,0,1
DDD,2014B,2312809,0,South Region,Lower Than A Level,,35-55,0,60,0,Pass,12,1,1,0,0,0,1,0,1,1,1,0,0,1,0,7
DDD,2014B,2333244,1,Wales,HE Qualification,60-70%,35-55,0,60,0,Withdrawn,14,0,1,0,1,0,0,1,0,0,1,0,0,0,0,5
DDD,2014B,2336922,1,South East Region,A Level or Equivalent,80-90%,35-55,1,120,0,Pass,14,1,1,0,0,1,0,0,1,0,1,1,1,0,1,5
DDD,2014B,2343809,1,Yorkshire Region,A Level or Equivalent,70-80%,0-35,1,150,0,Pass,1,1,0,1,1,0,0,1,1,0,1,0,0,0,0,2
DDD,2014B,2348961,0,East Anglian Region,A Level or Equivalent,90-100%,35-55,0,120,0,Pass,10,0,0,1,1,1,1,1,0,1,1,0,0,1,1,1
DDD,2014B,2352039,1,North Western Region,Lower Than A Level,30-40%,35-55,1,180,0,Withdrawn,11,1,1,0,1,1,0,1,1,0,1,1,0,0,1,6
DDD,2014B,2356318,1,Ireland,A Level or Equivalent,0-10%,0-35,0,60,1,Fail,1,1,1,0,1,1,0,1,0,0,0,0,0,0,1,2
DDD,2014B,2357168,1,South West Region,Lower Than A Level,60-70%,35-55,0,120,1,Withdrawn,16,0,0,1,1,0,1,0,0,0,0,0,0,0,0,10
DDD,2014B,2365009,0,South West Region,Lower Than A Level,20-30%,35-55,0,90,0,Withdrawn,9,1,1,0,0,1,0,1,0,1,1,1,1,0,0,4
DDD,2014B,2366701,1,South West Region,HE Qualification,40-50%,35-55,2,180,1,Withdrawn,6,0,1,1,1,1,0,1,0,1,1,1,1,0,0,9
DDD,2014B,2371311,0,East Anglian Region,Lower Than A Level,60-70%,0-35,0,60,0,Fail,15,1,1,0,1,0,1,0,0,1,1,0,1,1,0,10
DDD,2014B,2394090,1,West Midlands Region,A Level or Equivalent,30-40%,0-35,0,90,0,Distinction,4,1,0,1,1,0,0,0,0,1,1,1,0,0,0,8
DDD,2014B,2399951,1,East Midlands Region,Lower Than A Level,20-Oct,35-55,1,120,0,Fail,7,0,1,1,0,1,1,1,1,0,1,0,1,0,0,3
DDD,2014B,2411981,0,Wales,A Level or Equivalent,20-30%,35-55,1,180,0,Withdrawn,1,0,0,0,1,1,1,0,0,1,0,0,0,1,1,2
DDD,2014B,2414973,0,North Region,A Level or Equivalent,80-90%,0-35,1,100,0,Pass,10,0,0,0,1,0,1,0,1,0,0,1,0,0,1,1
DDD,2014B,2415480,0,Wales,HE Qualification,30-40%,35-55,0,90,0,Distinction,5,0,0,0,0,1,1,1,1,1,1,0,1,0,1,9
DDD,2014B,2416424,1,North Western Region,Lower Than A Level,70-80%,0-35,0,60,0,Pass,14,0,1,1,0,0,0,0,1,0,1,1,0,1,0,5
DDD,2014B,2416501,1,London Region,A Level or Equivalent,20-30%,0-35,1,120,0,Pass,12,0,1,0,0,0,0,1,1,0,1,0,1,0,1,7
DDD,2014B,2436400,0,North Western Region,Lower Than A Level,20-30%,35-55,1,90,0,Distinction,1,1,0,1,1,1,1,1,0,0,1,0,1,0,0,2
DDD,2014B,2444109,0,Wales,A Level or Equivalent,50-60%,0-35,0,60,0,Withdrawn,7,0,1,1,0,0,0,0,1,0,1,0,1,1,0,3
DDD,2014B,2446778,1,Yorkshire Region,A Level or Equivalent,70-80%,0-35,2,90,0,Withdrawn,12,0,0,0,0,1,1,0,1,1,1,1,1,1,1,7
DDD,2014B,2450600,1,East Anglian Region,Lower Than A Level,90-100%,0-35,0,60,0,Distinction,14,1,1,1,0,1,0,1,1,0,1,0,0,0,1,5
DDD,2014B,2450650,1,North Region,A Level or Equivalent,40-50%,0-35,0,60,0,Pass,11,1,0,1,1,1,1,1,0,0,1,0,1,0,1,6
DDD,2014B,2451003,0,London Region,Lower Than A Level,0-10%,0-35,0,60,0,Pass,3,0,1,1,0,1,1,0,0,0,1,0,1,1,1,8
DDD,2014B,2452902,1,West Midlands Region,Lower Than A Level,50-60%,0-35,1,120,1,Pass,9,0,1,0,1,0,0,1,1,1,0,0,0,1,0,4
DDD,2014B,2460775,1,South West Region,HE Qualification,70-80%,0-35,0,70,0,Distinction,12,1,1,0,1,1,1,0,0,1,1,1,0,1,0,7
DDD,2014B,2465186,0,North Western Region,HE Qualification,40-50%,35-55,0,60,0,Fail,10,1,1,0,1,1,1,1,1,1,0,0,1,0,0,1
DDD,2014B,2473025,0,South West Region,HE Qualification,50-60%,35-55,0,120,0,Pass,1,1,1,1,0,0,1,0,1,0,0,1,1,0,0,2
DDD,2014B,2485856,1,Scotland,Lower Than A Level,20-30%,35-55,2,120,0,Fail,11,1,1,0,0,1,0,1,0,1,0,0,1,0,0,6
DDD,2014B,2495139,1,Wales,Lower Than A Level,20-30%,0-35,0,120,0,Fail,11,1,0,0,1,1,1,0,1,1,1,0,1,1,0,6
DDD,2014B,2499850,0,London Region,HE Qualification,50-60%,35-55,1,120,0,Withdrawn,13,0,0,0,1,0,1,0,0,1,0,0,0,1,1,5
DDD,2014B,2502516,1,South West Region,A Level or Equivalent,60-70%,0-35,0,60,0,Distinction,13,0,1,1,0,0,1,1,1,0,0,1,1,0,0,5
DDD,2014B,2502707,0,Yorkshire Region,A Level or Equivalent,40-50%,0-35,2,130,0,Withdrawn,1,1,1,0,1,1,1,1,0,1,0,0,0,0,0,2
DDD,2014B,2503273,0,Wales,Lower Than A Level,20-Oct,35-55,0,60,0,Pass,9,0,0,0,0,1,0,1,1,0,1,1,1,0,1,4
DDD,2014B,2516497,0,Wales,A Level or Equivalent,50-60%,0-35,0,60,0,Fail,4,1,0,1,0,0,1,0,1,1,1,0,1,1,1,8
DDD,2014B,2519622,1,South West Region,Lower Than A Level,40-50%,35-55,1,60,0,Withdrawn,4,0,0,0,1,0,1,1,0,0,1,0,1,0,0,8
DDD,2014B,2521837,1,London Region,A Level or Equivalent,20-30%,35-55,0,60,0,Withdrawn,13,1,1,1,0,1,0,0,1,1,0,0,0,1,1,5
DDD,2014B,2523146,0,East Midlands Region,A Level or Equivalent,80-90%,35-55,2,120,0,Fail,11,1,1,1,1,1,0,0,1,0,0,1,1,0,0,6
DDD,2014B,2527077,1,Scotland,HE Qualification,60-70%,35-55,0,60,0,Fail,13,1,1,0,0,1,1,1,1,1,0,0,0,1,1,5
DDD,2014B,2533297,0,South Region,HE Qualification,90-100%,35-55,1,60,0,Fail,7,1,0,0,0,0,1,1,1,1,1,1,1,1,1,3
DDD,2014B,2533590,0,East Midlands Region,A Level or Equivalent,80-90%,0-35,0,60,0,Fail,15,0,0,1,1,0,1,0,1,1,1,1,0,0,1,10
DDD,2014B,2544678,0,London Region,Lower Than A Level,70-80%,0-35,0,60,1,Withdrawn,4,0,0,1,0,1,1,0,1,0,0,0,0,1,0,8
DDD,2014B,2545413,0,Yorkshire Region,HE Qualification,40-50%,35-55,0,60,0,Fail,14,1,0,1,1,0,1,1,1,0,1,0,0,1,1,5
DDD,2014B,2550946,1,South West Region,Lower Than A Level,20-Oct,35-55,0,60,0,Distinction,16,1,0,1,0,0,1,1,1,0,0,0,0,1,0,10
DDD,2014B,2558463,0,London Region,Lower Than A Level,50-60%,35-55,0,60,0,Pass,14,1,1,0,0,0,1,1,0,1,1,1,1,0,0,5
DDD,2014B,2558536,0,North Western Region,A Level or Equivalent,0-10%,0-35,2,60,0,Withdrawn,1,0,0,1,1,0,0,0,0,1,1,0,0,0,0,2
DDD,2014B,2577480,0,North Western Region,Lower Than A Level,30-40%,0-35,1,120,0,Withdrawn,6,1,1,0,1,0,0,1,0,0,0,0,1,0,0,9
DDD,2014B,2588215,0,North Western Region,Lower Than A Level,20-Oct,0-35,1,120,1,Withdrawn,11,0,1,0,0,0,1,0,1,0,0,1,1,1,1,6
DDD,2014B,2588296,1,Ireland,Lower Than A Level,70-80%,35-55,0,90,0,Withdrawn,8,0,0,1,0,0,0,0,1,1,0,0,0,0,1,3
DDD,2014B,2588543,1,North Western Region,A Level or Equivalent,30-40%,35-55,2,60,1,Fail,2,1,0,0,1,1,1,1,0,0,1,0,0,1,0,2
DDD,2014B,2595457,0,Scotland,HE Qualification,50-60%,0-35,0,60,0,Withdrawn,6,1,0,0,1,1,1,0,0,0,0,0,1,0,1,9
DDD,2014B,2595730,1,Ireland,Lower Than A Level,40-50%,0-35,0,60,0,Withdrawn,1,0,1,0,0,0,1,0,0,0,0,0,1,0,1,2
DDD,2014B,2599201,0,North Region,Post Graduate Qualification,,35-55,0,120,0,Withdrawn,14,0,0,1,0,0,1,0,0,1,1,1,0,1,1,5
DDD,2014B,2608626,1,South Region,A Level or Equivalent,,0-35,0,60,0,Distinction,12,1,1,0,0,1,0,1,0,1,0,0,1,0,0,7
DDD,2014B,2609908,0,Scotland,A Level or Equivalent,60-70%,0-35,0,90,0,Pass,5,0,0,0,1,1,0,0,0,1,0,1,0,1,0,9
DDD,2014B,2610581,0,West Midlands Region,Lower Than A Level,40-50%,0-35,0,60,0,Withdrawn,4,1,0,1,0,0,0,0,0,0,0,1,0,1,0,8
DDD,2014B,2611371,0,West Midlands Region,Lower Than A Level,20-30%,0-35,1,150,1,Pass,14,0,0,1,0,1,0,1,1,0,0,0,1,1,0,5
DDD,2014B,2619496,0,South Region,Post Graduate Qualification,90-100%,35-55,0,60,0,Distinction,15,0,0,1,1,1,1,1,0,0,0,0,1,0,1,10
DDD,2014B,2621984,0,Yorkshire Region,A Level or Equivalent,70-80%,0-35,0,60,0,Withdrawn,11,0,0,1,0,0,1,1,1,0,1,1,0,0,0,6
DDD,2014B,2623532,1,Yorkshire Region,A Level or Equivalent,20-30%,0-35,0,60,0,Withdrawn,12,0,1,0,0,1,0,0,0,0,1,0,0,1,1,7
DDD,2014B,2631092,1,South Region,A Level or Equivalent,30-40%,0-35,0,90,0,Withdrawn,15,1,0,1,1,0,1,0,0,0,1,0,0,1,1,10
DDD,2014B,2635116,0,South East Region,Lower Than A Level,20-30%,0-35,0,60,1,Withdrawn,12,0,0,0,0,0,0,1,0,1,0,1,1,1,1,7
DDD,2014B,2636552,1,South East Region,Lower Than A Level,80-90%,0-35,0,90,1,Withdrawn,5,0,1,1,0,1,1,0,1,1,1,1,1,1,0,9
DDD,2014B,2637219,1,East Anglian Region,A Level or Equivalent,50-60%,0-35,0,120,0,Distinction,11,1,1,1,0,1,1,1,0,0,1,0,0,1,1,6
DDD,2014B,2638464,0,London Region,HE Qualification,20-30%,0-35,0,60,0,Withdrawn,12,0,1,0,0,0,1,0,1,1,1,1,1,0,0,7
DDD,2014B,2639021,0,Ireland,Lower Than A Level,20-Oct,0-35,0,60,0,Withdrawn,14,1,1,1,1,1,1,1,0,0,0,0,0,1,0,5
DDD,2014B,2640853,1,North Region,Lower Than A Level,80-90%,0-35,0,60,0,Fail,8,0,1,0,1,0,1,1,0,1,0,0,1,1,0,3
DDD,2014B,2643028,1,South East Region,A Level or Equivalent,60-70%,0-35,0,60,0,Pass,5,1,1,0,0,1,1,0,0,0,1,1,1,0,1,9
DDD,2014B,2646737,1,South Region,Lower Than A Level,80-90%,0-35,1,120,1,Withdrawn,2,0,0,0,1,0,0,0,0,0,0,1,0,1,1,2
DDD,2014B,2648035,0,Wales,Lower Than A Level,60-70%,0-35,2,120,0,Pass,14,1,1,1,0,0,1,0,1,0,0,0,0,0,1,5
DDD,2014B,2659530,1,South West Region,A Level or Equivalent,70-80%,0-35,1,70,1,Distinction,16,1,1,0,1,0,0,0,0,0,1,0,1,1,1,10
DDD,2014B,2660408,0,East Midlands Region,A Level or Equivalent,80-90%,0-35,0,60,0,Pass,3,0,0,0,0,0,1,0,1,1,0,0,1,1,1,8
DDD,2014B,2661162,0,Ireland,HE Qualification,,35-55,0,60,0,Pass,2,0,1,0,1,1,0,0,0,0,1,1,1,0,0,2
DDD,2014B,2668106,0,London Region,A Level or Equivalent,30-40%,0-35,0,60,0,Withdrawn,15,1,1,0,0,1,0,1,0,1,0,1,0,0,1,10
DDD,2014B,2669736,1,East Midlands Region,Lower Than A Level,30-40%,0-35,0,60,0,Pass,6,1,0,0,1,1,1,0,1,1,0,1,0,0,0,9
DDD,2014B,2669995,1,Scotland,HE Qualification,30-40%,0-35,0,60,1,Pass,11,1,0,1,1,0,1,0,1,1,0,1,0,1,1,6
DDD,2014B,2675343,1,Yorkshire Region,A Level or Equivalent,50-60%,0-35,0,120,0,Pass,10,0,1,1,1,1,0,0,0,1,1,1,0,0,0,1
DDD,2014B,2683696,0,South Region,A Level or Equivalent,60-70%,35-55,1,300,0,Withdrawn,14,1,0,1,0,1,0,0,1,0,1,1,1,1,0,5
DDD,2014B,2684847,0,North Region,HE Qualification,0-10%,35-55,0,70,0,Pass,6,0,0,0,0,0,0,0,1,0,1,1,1,0,0,9
DDD,2014B,2685827,1,East Midlands Region,Lower Than A Level,50-60%,0-35,2,120,0,Pass,11,1,0,1,0,0,0,1,0,0,0,0,0,1,1,6
DDD,2014B,2686365,0,East Anglian Region,A Level or Equivalent,20-30%,0-35,1,120,0,Fail,16,0,1,1,0,0,1,0,0,1,0,0,0,0,0,10
DDD,2014B,2686865,1,East Anglian Region,Lower Than A Level,30-40%,0-35,2,60,1,Pass,4,1,1,1,0,1,1,1,1,1,0,1,0,0,1,8
DDD,2014B,2688692,0,West Midlands Region,A Level or Equivalent,80-90%,0-35,0,60,0,Pass,15,1,0,0,0,1,0,1,1,0,1,0,1,0,0,10
DDD,2014B,2689501,1,East Midlands Region,Lower Than A Level,60-70%,0-35,1,60,1,Withdrawn,1,1,0,0,0,0,1,0,1,0,0,0,1,0,0,2
DDD,2014B,2692101,0,Wales,Lower Than A Level,40-50%,0-35,1,90,0,Fail,15,0,1,0,0,1,0,1,1,0,0,1,0,0,1,10
DDD,2014B,2692577,0,South Region,Lower Than A Level,80-90%,0-35,0,70,0,Distinction,7,1,1,1,1,0,1,1,1,1,1,1,0,1,1,3
DDD,2014B,2692948,1,Ireland,Lower Than A Level,,35-55,1,120,0,Pass,6,0,0,1,1,1,0,1,0,0,0,0,1,1,0,9
DDD,2014B,2694886,0,Ireland,HE Qualification,,0-35,0,60,0,Pass,16,1,1,0,1,0,0,1,1,1,1,1,0,1,1,10
DDD,2014B,2696376,1,London Region,Lower Than A Level,80-90%,0-35,3,210,0,Fail,7,1,1,1,0,0,1,0,1,0,1,0,0,0,1,3
DDD,2014B,2698251,1,South West Region,A Level or Equivalent,50-60%,0-35,0,60,0,Fail,6,1,0,0,1,1,1,1,1,1,0,0,1,1,0,9
DDD,2014B,2710343,0,North Western Region,Lower Than A Level,0-10%,0-35,1,60,0,Fail,8,0,0,1,1,1,0,0,0,1,0,1,0,1,1,3
DDD,2014J,8462,0,London Region,HE Qualification,30-40%,55<=,1,60,0,Withdrawn,1,0,1,1,0,0,0,1,0,1,0,1,0,0,0,2
DDD,2014J,25572,1,London Region,HE Qualification,20-Oct,0-35,2,150,0,Withdrawn,3,0,0,0,0,0,0,1,0,0,1,0,1,1,1,8
DDD,2014J,27417,0,South West Region,Lower Than A Level,60-70%,0-35,1,60,0,Withdrawn,3,0,0,0,1,1,1,1,0,1,1,1,0,1,1,8
DDD,2014J,33387,0,Scotland,HE Qualification,20-Oct,0-35,2,90,0,Fail,5,1,0,0,1,1,1,1,0,0,0,0,0,0,0,9
DDD,2014J,33681,0,South East Region,A Level or Equivalent,50-60%,35-55,3,60,1,Fail,6,0,1,0,0,1,1,1,0,1,1,1,0,0,1,9
DDD,2014J,33796,0,East Anglian Region,Lower Than A Level,80-90%,35-55,2,60,0,Pass,11,0,0,0,1,0,1,1,1,0,1,1,1,0,1,6
DDD,2014J,33897,0,West Midlands Region,Lower Than A Level,30-40%,0-35,1,60,0,Withdrawn,9,0,0,0,1,1,0,1,0,0,1,1,0,0,1,4
DDD,2014J,34087,0,South East Region,A Level or Equivalent,60-70%,35-55,1,60,1,Fail,11,1,0,0,0,1,0,0,1,0,0,0,0,0,1,6
DDD,2014J,36385,0,West Midlands Region,Lower Than A Level,70-80%,0-35,1,120,1,Withdrawn,12,1,1,0,1,0,1,1,0,1,0,0,1,1,0,7
DDD,2014J,39208,1,Wales,A Level or Equivalent,90-100%,35-55,0,120,0,Withdrawn,11,1,0,1,0,0,1,1,0,1,1,1,1,1,1,6
DDD,2014J,46016,0,North Western Region,Lower Than A Level,40-50%,0-35,0,60,0,Withdrawn,12,0,1,0,0,1,0,1,1,1,0,1,0,0,0,7
DDD,2014J,46812,1,North Region,Lower Than A Level,0-10%,0-35,1,180,1,Withdrawn,1,0,1,0,0,0,1,0,0,1,0,0,1,1,1,2
DDD,2014J,51033,1,South Region,A Level or Equivalent,80-90%,0-35,0,60,0,Pass,12,1,1,1,1,1,0,1,1,1,0,0,0,1,0,7
DDD,2014J,51153,1,East Midlands Region,HE Qualification,30-40%,35-55,0,60,0,Pass,12,1,1,1,0,1,0,1,1,0,0,1,1,0,0,7
DDD,2014J,51253,1,North Western Region,Lower Than A Level,40-50%,0-35,0,120,0,Withdrawn,14,1,0,0,1,1,1,1,0,1,0,1,1,0,0,5
DDD,2014J,51955,0,Scotland,A Level or Equivalent,80-90%,0-35,0,60,1,Fail,4,1,0,1,1,1,0,0,0,1,1,1,1,0,0,8
DDD,2014J,53632,0,Wales,Lower Than A Level,90-100%,0-35,2,60,0,Fail,9,0,0,0,1,1,0,0,1,0,1,1,0,1,1,4
DDD,2014J,54810,0,South Region,HE Qualification,40-50%,0-35,1,60,0,Pass,15,0,0,0,0,1,0,0,0,1,1,0,1,0,0,10
DDD,2014J,58731,1,South West Region,A Level or Equivalent,40-50%,0-35,1,110,1,Pass,3,0,0,0,0,1,1,0,0,0,0,0,1,1,0,8
DDD,2014J,63015,1,East Anglian Region,Lower Than A Level,70-80%,35-55,1,60,0,Fail,8,1,1,1,1,0,1,0,0,0,0,1,0,1,0,3
DDD,2014J,63827,0,South West Region,Lower Than A Level,40-50%,0-35,1,60,0,Withdrawn,13,0,0,0,1,0,1,1,0,1,1,1,0,1,1,5
DDD,2014J,68417,0,Scotland,Lower Than A Level,70-80%,0-35,0,60,0,Pass,16,1,0,1,1,0,0,1,0,0,1,0,0,0,1,10
DDD,2014J,69239,1,East Midlands Region,Lower Than A Level,50-60%,0-35,0,90,1,Withdrawn,14,1,0,0,0,1,1,1,0,0,0,0,1,0,1,5
DDD,2014J,71676,1,East Midlands Region,Lower Than A Level,80-90%,0-35,0,60,0,Pass,9,0,0,0,1,0,0,0,1,1,0,1,0,1,0,4
DDD,2014J,73019,0,Scotland,HE Qualification,50-60%,0-35,0,60,0,Fail,5,1,0,1,0,0,0,0,1,0,0,1,0,1,1,9
DDD,2014J,73664,0,North Western Region,A Level or Equivalent,40-50%,0-35,0,120,0,Fail,5,0,1,0,1,0,1,1,1,1,1,0,1,1,1,9
DDD,2014J,75309,1,East Midlands Region,A Level or Equivalent,50-60%,35-55,1,180,0,Withdrawn,12,1,0,0,1,0,1,0,0,1,1,0,0,0,0,7
DDD,2014J,75427,0,East Midlands Region,Lower Than A Level,20-30%,0-35,0,60,0,Fail,1,1,1,1,0,1,0,0,0,0,1,1,0,0,0,2
DDD,2014J,76081,1,East Midlands Region,Lower Than A Level,60-70%,0-35,1,150,1,Pass,7,1,1,0,1,0,1,1,0,0,0,0,0,0,0,3
DDD,2014J,80329,0,South Region,Lower Than A Level,80-90%,0-35,2,90,0,Pass,6,1,0,0,0,0,0,1,0,0,0,1,1,0,0,9
DDD,2014J,80775,0,Wales,A Level or Equivalent,50-60%,35-55,0,60,0,Pass,3,1,0,1,0,0,1,0,0,0,1,1,0,1,0,8
DDD,2014J,83553,0,West Midlands Region,Lower Than A Level,30-40%,0-35,1,60,0,Fail,5,1,1,1,1,1,0,1,1,0,1,0,0,1,0,9
DDD,2014J,88439,1,East Anglian Region,HE Qualification,30-40%,0-35,0,60,0,Pass,4,0,1,0,0,1,1,0,1,1,0,1,0,0,0,8
DDD,2014J,91470,1,East Anglian Region,A Level or Equivalent,50-60%,0-35,0,60,0,Pass,12,0,1,1,0,1,0,1,1,1,0,1,0,0,0,7
DDD,2014J,96874,1,South East Region,Lower Than A Level,60-70%,0-35,0,90,0,Fail,16,0,1,1,1,0,0,1,1,0,1,1,1,0,1,10
DDD,2014J,99075,0,South Region,A Level or Equivalent,30-40%,0-35,0,60,0,Fail,6,1,0,1,0,1,0,0,0,0,0,0,0,0,1,9
DDD,2014J,99609,1,South East Region,Lower Than A Level,80-90%,0-35,0,70,0,Withdrawn,6,0,0,0,0,0,1,1,0,0,1,1,0,1,1,9
DDD,2014J,100561,0,East Anglian Region,Lower Than A Level,70-80%,0-35,1,60,0,Fail,5,0,1,0,0,0,0,0,0,0,1,1,1,0,1,9
DDD,2014J,101187,1,London Region,HE Qualification,30-40%,35-55,0,120,0,Withdrawn,3,0,0,0,0,0,0,1,1,1,1,1,1,1,1,8
DDD,2014J,101279,1,Yorkshire Region,A Level or Equivalent,0-10%,35-55,0,60,0,Fail,2,0,1,1,0,1,0,0,1,1,0,0,0,0,0,2
DDD,2014J,102221,1,Scotland,HE Qualification,50-60%,35-55,0,60,0,Pass,3,1,0,0,0,0,1,0,0,1,1,1,0,0,1,8
DDD,2014J,103891,0,South Region,HE Qualification,70-80%,0-35,1,90,0,Withdrawn,16,1,0,1,1,0,0,0,0,1,0,0,0,1,0,10
DDD,2014J,104215,0,Scotland,A Level or Equivalent,0-10%,0-35,0,270,0,Withdrawn,7,0,0,1,1,1,0,1,1,0,1,0,0,0,1,3
DDD,2014J,104772,0,South West Region,A Level or Equivalent,70-80%,35-55,1,60,0,Fail,6,1,1,0,1,0,0,0,1,0,0,0,1,1,0,9
DDD,2014J,106553,1,Yorkshire Region,Lower Than A Level,40-50%,0-35,0,60,0,Pass,15,0,1,1,0,1,0,0,0,1,0,0,1,0,1,10
DDD,2014J,110524,0,Ireland,Lower Than A Level,50-60%,35-55,0,60,0,Pass,2,0,1,0,1,0,0,1,0,0,1,0,1,0,1,2
DDD,2014J,110640,1,East Anglian Region,HE Qualification,70-80%,35-55,0,120,0,Pass,5,1,0,0,1,1,0,0,1,1,1,0,0,1,1,9
DDD,2014J,111415,0,South Region,A Level or Equivalent,50-60%,35-55,1,60,0,Withdrawn,9,1,1,1,0,1,0,0,1,1,0,0,1,1,1,4
DDD,2014J,111926,0,East Anglian Region,Lower Than A Level,30-40%,0-35,2,60,0,Pass,8,0,1,0,1,1,1,0,0,0,0,0,1,0,0,3
DDD,2014J,118578,1,Scotland,A Level or Equivalent,60-70%,0-35,2,60,1,Withdrawn,16,1,1,0,0,0,0,1,1,0,0,0,1,1,1,10
DDD,2014J,123053,0,East Anglian Region,Lower Than A Level,60-70%,0-35,1,120,0,Withdrawn,10,0,0,1,1,1,1,0,1,0,0,0,1,1,1,1
DDD,2014J,123183,0,Wales,HE Qualification,50-60%,35-55,0,60,0,Pass,2,1,1,1,1,1,0,1,0,0,0,1,1,1,1,2
DDD,2014J,123957,1,North Western Region,Lower Than A Level,70-80%,0-35,1,60,0,Fail,11,1,1,0,1,1,0,0,0,1,1,0,1,1,0,6
DDD,2014J,124210,1,North Western Region,A Level or Equivalent,0-10%,0-35,0,120,0,Withdrawn,3,1,1,1,1,1,1,1,1,1,1,0,1,0,1,8
DDD,2014J,124728,1,North Western Region,A Level or Equivalent,20-Oct,35-55,1,60,1,Withdrawn,9,1,1,0,0,1,0,1,0,0,1,0,0,1,0,4
DDD,2014J,125830,1,South West Region,HE Qualification,40-50%,35-55,0,120,1,Withdrawn,16,0,1,1,1,1,1,0,0,1,0,0,0,1,0,10
DDD,2014J,129989,0,South West Region,A Level or Equivalent,20-30%,0-35,0,60,0,Distinction,8,0,0,0,0,1,1,0,1,0,0,1,1,0,0,3
DDD,2014J,131152,0,Yorkshire Region,A Level or Equivalent,90-100%,0-35,0,120,0,Fail,2,1,0,0,1,0,0,1,1,1,1,1,1,0,0,2
DDD,2014J,131612,0,Yorkshire Region,A Level or Equivalent,30-40%,0-35,0,60,0,Pass,7,1,1,0,0,0,1,0,1,1,0,1,1,0,1,3
DDD,2014J,132157,0,London Region,A Level or Equivalent,80-90%,35-55,0,60,1,Fail,14,0,1,1,0,1,1,1,1,1,1,1,1,0,0,5
DDD,2014J,132511,1,East Anglian Region,A Level or Equivalent,0-10%,0-35,0,120,0,Fail,1,0,1,1,0,1,0,0,1,0,0,1,1,1,0,2
DDD,2014J,133365,1,East Midlands Region,A Level or Equivalent,20-Oct,35-55,0,60,0,Pass,6,0,0,0,1,1,1,0,0,0,0,0,1,0,0,9
DDD,2014J,134243,1,East Anglian Region,A Level or Equivalent,80-90%,0-35,0,90,0,Pass,13,1,0,1,0,1,0,0,0,0,0,1,0,0,0,5
DDD,2014J,134920,1,South Region,A Level or Equivalent,50-60%,0-35,0,60,0,Fail,1,1,0,0,1,0,0,0,1,0,1,1,1,0,0,2
DDD,2014J,135999,0,South East Region,A Level or Equivalent,90-100%,0-35,0,60,0,Withdrawn,6,1,1,0,0,1,1,0,1,1,0,0,1,1,0,9
DDD,2014J,136135,0,East Anglian Region,A Level or Equivalent,60-70%,0-35,2,90,0,Pass,16,0,0,1,1,1,1,1,1,0,1,1,0,0,1,10
DDD,2014J,136793,0,Yorkshire Region,HE Qualification,60-70%,0-35,1,60,0,Pass,9,0,1,0,0,0,0,1,1,1,0,1,0,0,0,4
DDD,2014J,138715,0,South East Region,A Level or Equivalent,0-10%,0-35,1,60,0,Fail,6,1,1,0,1,1,0,1,1,1,1,0,0,1,1,9
DDD,2014J,145188,0,Wales,Lower Than A Level,30-40%,35-55,0,60,0,Fail,12,0,1,1,1,1,0,1,1,0,1,1,0,0,1,7
DDD,2014J,145578,1,Scotland,HE Qualification,80-90%,0-35,0,120,0,Withdrawn,1,0,1,1,1,0,0,0,0,0,0,1,0,0,1,2
DDD,2014J,146943,1,North Western Region,Lower Than A Level,30-40%,35-55,0,120,1,Withdrawn,6,0,0,0,1,0,0,1,1,1,1,0,1,0,0,9
DDD,2014J,147328,1,South Region,A Level or Equivalent,80-90%,0-35,0,60,0,Pass,7,1,1,1,1,0,1,0,1,0,1,1,1,0,0,3
DDD,2014J,147715,1,West Midlands Region,A Level or Equivalent,50-60%,0-35,0,60,0,Fail,4,1,1,0,1,0,0,1,0,1,0,1,0,1,0,8
DDD,2014J,148414,0,South West Region,Lower Than A Level,60-70%,0-35,1,60,0,Pass,5,1,1,1,1,0,1,0,0,1,1,0,1,1,0,9
DDD,2014J,151745,0,Scotland,A Level or Equivalent,70-80%,0-35,0,90,0,Pass,3,0,1,0,0,1,0,1,0,0,1,1,1,0,1,8
DDD,2014J,152320,0,South Region,A Level or Equivalent,80-90%,0-35,1,90,1,Pass,12,0,1,1,1,1,1,0,1,1,1,1,1,0,0,7
DDD,2014J,153170,1,Wales,A Level or Equivalent,0-10%,0-35,0,120,1,Pass,14,1,1,0,1,1,0,0,1,1,1,1,0,1,1,5
DDD,2014J,154073,0,South East Region,A Level or Equivalent,80-90%,0-35,0,90,0,Fail,14,0,1,1,0,1,1,1,0,0,0,1,1,0,0,5
DDD,2014J,158575,0,South West Region,Lower Than A Level,60-70%,0-35,0,60,0,Withdrawn,9,0,1,0,1,1,1,0,1,0,1,1,1,1,1,4
DDD,2014J,160181,0,East Midlands Region,Lower Than A Level,80-90%,0-35,0,60,0,Withdrawn,14,0,1,1,0,0,0,0,1,1,1,0,1,1,1,5
DDD,2014J,162337,1,West Midlands Region,Lower Than A Level,30-40%,0-35,1,120,0,Fail,13,0,0,0,0,1,0,0,0,0,0,0,0,0,1,5
DDD,2014J,163996,0,South East Region,Lower Than A Level,20-Oct,0-35,0,90,0,Fail,14,1,0,0,0,1,0,1,1,1,0,0,1,0,0,5
DDD,2014J,167945,1,Yorkshire Region,A Level or Equivalent,20-30%,0-35,0,90,0,Withdrawn,8,1,1,1,0,0,1,0,1,0,0,0,0,0,0,3
DDD,2014J,168843,1,South Region,A Level or Equivalent,80-90%,0-35,1,120,0,Withdrawn,16,0,0,1,1,1,0,0,1,1,1,0,1,1,0,10
DDD,2014J,169894,0,South West Region,HE Qualification,20-30%,0-35,3,60,0,Pass,2,1,1,1,0,1,0,1,0,0,0,1,0,0,1,2
DDD,2014J,172965,0,Scotland,Post Graduate Qualification,60-70%,35-55,2,60,0,Pass,1,1,1,0,1,0,1,1,1,0,0,0,0,0,0,2
DDD,2014J,175804,0,West Midlands Region,A Level or Equivalent,60-70%,0-35,1,180,0,Withdrawn,6,0,1,0,0,1,0,0,0,0,1,0,0,0,1,9
DDD,2014J,177781,0,Scotland,HE Qualification,20-Oct,35-55,0,60,0,Fail,3,0,1,0,1,0,1,0,1,0,0,0,0,1,1,8
DDD,2014J,184409,0,North Region,Lower Than A Level,,35-55,0,60,0,Distinction,3,0,0,1,0,0,1,0,0,0,1,1,0,0,1,8
DDD,2014J,185024,1,West Midlands Region,Lower Than A Level,0-10%,0-35,1,60,1,Withdrawn,3,1,1,1,0,1,0,0,0,1,1,1,0,1,0,8
DDD,2014J,189143,1,South East Region,HE Qualification,90-100%,35-55,0,120,0,Distinction,3,1,1,0,1,1,1,0,1,0,1,0,1,0,0,8
DDD,2014J,190279,1,Scotland,Post Graduate Qualification,60-70%,35-55,3,60,0,Pass,9,1,0,1,0,0,0,0,1,0,1,0,0,0,0,4
DDD,2014J,191732,0,North Western Region,Lower Than A Level,80-90%,0-35,0,60,0,Fail,15,0,0,0,1,1,0,1,1,0,1,1,0,1,0,10
DDD,2014J,192375,1,South Region,HE Qualification,60-70%,0-35,0,120,0,Pass,6,1,1,1,0,0,0,1,0,1,1,1,0,1,1,9
DDD,2014J,202138,1,London Region,A Level or Equivalent,40-50%,35-55,0,90,0,Withdrawn,12,1,1,0,0,0,0,0,1,1,0,0,0,0,0,7
DDD,2014J,202489,0,Yorkshire Region,Lower Than A Level,0-10%,0-35,1,120,0,Withdrawn,6,1,1,1,0,1,0,0,0,1,0,1,1,1,1,9
DDD,2014J,203149,0,South East Region,Lower Than A Level,20-30%,35-55,0,60,0,Fail,8,0,0,0,1,1,1,1,0,1,1,1,1,1,1,3
DDD,2014J,204410,1,South West Region,Lower Than A Level,90-100%,0-35,0,120,0,Pass,16,0,0,0,0,1,0,0,1,1,1,0,1,0,1,10
DDD,2014J,204609,0,North Western Region,HE Qualification,0-10%,35-55,1,60,0,Pass,12,0,1,1,1,0,1,0,0,1,0,1,1,1,1,7
DDD,2014J,226895,0,South Region,HE Qualification,90-100%,35-55,1,150,0,Pass,10,1,1,1,1,1,0,0,1,1,0,0,0,0,0,1
DDD,2014J,231697,0,North Western Region,Lower Than A Level,80-90%,0-35,0,60,0,Withdrawn,14,1,1,0,1,1,1,1,0,0,1,0,1,1,0,5
DDD,2014J,233868,0,South Region,HE Qualification,30-40%,0-35,1,60,0,Fail,8,1,1,1,1,0,0,1,1,1,0,0,0,1,1,3
DDD,2014J,233873,0,Yorkshire Region,Lower Than A Level,50-60%,0-35,0,60,0,Pass,2,1,1,0,1,1,0,1,1,0,0,1,0,1,1,2
DDD,2014J,234552,1,North Western Region,Lower Than A Level,20-30%,0-35,0,120,0,Pass,1,0,1,0,1,1,1,0,0,1,0,0,1,0,0,2
DDD,2014J,235893,0,Scotland,HE Qualification,90-100%,35-55,0,100,0,Distinction,1,1,1,0,0,1,1,1,0,0,1,1,0,1,0,2
DDD,2014J,236017,1,London Region,A Level or Equivalent,20-Oct,0-35,0,120,1,Withdrawn,15,1,0,0,1,0,0,0,1,0,0,0,0,1,0,10
DDD,2014J,236150,1,Wales,HE Qualification,80-90%,35-55,1,100,0,Withdrawn,13,0,0,0,0,1,0,1,1,0,0,1,0,0,1,5
DDD,2014J,240186,1,Scotland,HE Qualification,20-30%,0-35,0,80,0,Pass,12,0,1,0,0,1,1,1,1,0,0,1,0,0,0,7
DDD,2014J,240236,1,West Midlands Region,A Level or Equivalent,0-10%,0-35,3,60,1,Fail,11,0,1,0,1,1,1,1,1,1,0,1,0,1,0,6
DDD,2014J,241066,1,North Region,HE Qualification,,0-35,1,60,0,Pass,14,1,1,1,0,0,0,0,0,0,1,0,0,0,1,5
DDD,2014J,241769,1,South West Region,Lower Than A Level,20-Oct,0-35,0,60,1,Withdrawn,12,1,0,0,0,0,0,1,1,0,0,1,1,1,1,7
DDD,2014J,243025,1,Scotland,A Level or Equivalent,60-70%,0-35,0,60,1,Pass,4,0,1,0,0,1,0,0,1,1,1,0,0,0,0,8
DDD,2014J,249359,0,Scotland,Lower Than A Level,50-60%,0-35,0,90,0,Pass,9,1,1,0,1,1,0,1,1,0,1,1,0,0,1,4
DDD,2014J,253579,0,North Region,A Level or Equivalent,20-Oct,0-35,1,120,0,Fail,12,1,1,0,1,0,0,0,0,1,1,1,1,0,1,7
DDD,2014J,256144,0,London Region,HE Qualification,40-50%,35-55,0,60,0,Pass,8,0,0,0,0,1,1,0,0,0,1,0,1,0,1,3
DDD,2014J,258538,1,Yorkshire Region,A Level or Equivalent,60-70%,35-55,0,60,0,Pass,14,0,0,1,1,1,0,0,1,1,1,0,0,0,0,5
DDD,2014J,260077,0,Wales,A Level or Equivalent,90-100%,0-35,1,60,0,Pass,15,0,1,0,1,1,0,0,0,1,1,1,1,0,0,10
DDD,2014J,260639,0,South East Region,A Level or Equivalent,60-70%,0-35,2,120,1,Withdrawn,3,1,0,0,1,0,1,1,1,0,0,0,0,1,1,8
DDD,2014J,264601,1,London Region,A Level or Equivalent,30-40%,0-35,3,70,0,Withdrawn,9,1,0,1,1,0,1,0,0,1,0,1,0,1,0,4
DDD,2014J,267118,1,South West Region,Lower Than A Level,30-40%,0-35,1,90,1,Fail,7,1,0,0,1,0,0,0,0,0,1,1,0,0,0,3
DDD,2014J,268143,0,Scotland,A Level or Equivalent,20-Oct,35-55,1,60,0,Pass,8,1,1,0,1,0,1,0,1,0,1,0,1,0,1,3
DDD,2014J,269575,1,Scotland,HE Qualification,50-60%,0-35,0,60,0,Withdrawn,8,1,0,1,1,1,0,0,1,1,0,0,0,1,0,3
DDD,2014J,269856,0,East Midlands Region,A Level or Equivalent,50-60%,0-35,0,60,0,Pass,14,1,1,0,0,0,1,0,0,0,1,1,0,1,0,5
DDD,2014J,270502,0,East Midlands Region,A Level or Equivalent,30-40%,0-35,0,120,0,Pass,1,1,1,0,0,0,0,0,1,0,1,0,1,0,1,2
DDD,2014J,275297,0,North Region,HE Qualification,,0-35,0,120,0,Distinction,6,0,1,0,0,0,1,0,0,0,0,0,0,1,1,9
DDD,2014J,275309,0,South East Region,Lower Than A Level,30-40%,35-55,1,90,0,Withdrawn,7,1,1,1,0,0,0,0,0,0,1,1,0,1,0,3
DDD,2014J,276935,1,South Region,Lower Than A Level,90-100%,35-55,0,60,0,Pass,2,0,0,0,1,0,1,0,0,1,0,1,1,0,1,2
DDD,2014J,279117,0,West Midlands Region,HE Qualification,20-Oct,0-35,0,60,0,Withdrawn,2,1,1,1,0,1,1,1,0,0,0,1,0,0,1,2
DDD,2014J,281172,1,East Midlands Region,Lower Than A Level,80-90%,0-35,0,60,0,Pass,8,0,1,0,1,1,1,0,1,0,0,1,0,0,1,3
DDD,2014J,281252,1,South Region,Lower Than A Level,90-100%,0-35,0,60,0,Withdrawn,5,1,1,0,0,0,1,1,1,0,0,0,1,1,0,9
DDD,2014J,281799,1,South East Region,Lower Than A Level,0-10%,0-35,0,60,0,Withdrawn,8,1,1,0,0,0,0,0,1,0,0,1,1,0,1,3
DDD,2014J,281920,0,South East Region,Lower Than A Level,20-Oct,0-35,4,60,0,Pass,13,0,0,0,0,0,0,0,1,1,1,1,0,0,0,5
DDD,2014J,282498,1,London Region,A Level or Equivalent,70-80%,0-35,0,60,0,Withdrawn,9,0,0,1,1,1,0,1,1,1,1,0,0,0,1,4
DDD,2014J,284741,0,East Anglian Region,A Level or Equivalent,80-90%,0-35,0,120,0,Withdrawn,9,0,0,1,0,0,1,1,1,0,1,0,1,1,1,4
DDD,2014J,285481,0,East Anglian Region,A Level or Equivalent,80-90%,0-35,0,60,0,Pass,4,0,0,1,0,1,1,0,1,1,1,0,1,1,1,8
DDD,2014J,287897,1,East Midlands Region,Lower Than A Level,50-60%,0-35,2,120,1,Withdrawn,8,0,1,0,0,1,0,0,1,1,1,1,0,0,0,3
DDD,2014J,287954,0,Wales,A Level or Equivalent,20-Oct,0-35,2,120,0,Fail,3,1,0,1,1,1,1,0,1,0,1,0,1,0,1,8
DDD,2014J,288762,1,North Western Region,Lower Than A Level,50-60%,0-35,0,120,0,Withdrawn,12,0,1,0,0,1,1,1,1,0,1,0,1,1,0,7
DDD,2014J,295118,1,Wales,Lower Than A Level,20-30%,35-55,0,180,0,Pass,15,0,0,1,1,0,1,0,0,0,0,0,0,1,0,10
DDD,2014J,296138,0,East Anglian Region,A Level or Equivalent,30-40%,0-35,0,60,0,Distinction,4,0,1,1,0,0,1,0,1,1,0,0,1,1,0,8
DDD,2014J,298777,0,North Western Region,A Level or Equivalent,40-50%,0-35,1,120,0,Fail,3,0,0,0,0,0,0,0,0,0,0,0,0,1,0,8
DDD,2014J,300057,0,East Anglian Region,A Level or Equivalent,90-100%,0-35,0,60,0,Fail,6,0,0,1,0,0,1,0,1,0,0,1,1,0,0,9
DDD,2014J,301036,0,West Midlands Region,A Level or Equivalent,50-60%,0-35,3,60,1,Withdrawn,1,0,1,0,1,1,1,1,1,0,1,1,0,0,1,2
DDD,2014J,303141,1,East Anglian Region,Lower Than A Level,50-60%,35-55,0,60,0,Pass,15,0,0,1,1,1,0,1,0,0,0,0,1,0,0,10
DDD,2014J,303341,1,North Western Region,Lower Than A Level,0-10%,35-55,0,120,0,Withdrawn,14,0,0,1,0,1,1,0,0,0,0,1,1,0,1,5
DDD,2014J,306754,0,West Midlands Region,Lower Than A Level,20-Oct,0-35,1,120,1,Withdrawn,12,0,0,0,0,1,0,0,1,0,1,1,1,1,0,7
DDD,2014J,307116,1,West Midlands Region,A Level or Equivalent,20-Oct,0-35,0,100,1,Withdrawn,14,0,0,1,1,1,0,0,0,0,1,0,0,0,0,5
DDD,2014J,309258,0,South West Region,HE Qualification,60-70%,35-55,3,180,0,Withdrawn,2,0,1,0,1,0,0,1,0,1,1,1,0,0,1,2
DDD,2014J,309350,0,Yorkshire Region,Lower Than A Level,0-10%,35-55,0,120,1,Withdrawn,9,0,1,1,1,0,1,0,1,0,0,1,0,0,0,4
DDD,2014J,313561,1,North Western Region,HE Qualification,60-70%,35-55,0,60,0,Pass,5,0,1,1,1,1,0,1,0,0,1,0,1,0,1,9
DDD,2014J,318919,1,Scotland,HE Qualification,80-90%,35-55,0,60,0,Pass,11,1,1,1,1,0,1,1,1,1,1,1,1,0,0,6
DDD,2014J,319325,0,Yorkshire Region,A Level or Equivalent,30-40%,35-55,0,60,0,Withdrawn,10,1,1,0,1,0,0,0,0,1,0,0,0,1,1,1
DDD,2014J,321952,1,South Region,A Level or Equivalent,90-100%,0-35,0,120,0,Fail,12,0,0,1,1,1,1,1,0,1,1,0,0,1,0,7
DDD,2014J,322137,0,London Region,HE Qualification,30-40%,55<=,0,60,0,Pass,13,1,1,1,0,0,1,0,1,1,1,0,0,0,0,5
DDD,2014J,323025,0,South West Region,Lower Than A Level,0-10%,35-55,0,120,1,Withdrawn,6,1,0,1,1,1,0,1,1,0,1,0,1,1,1,9
DDD,2014J,323680,0,London Region,Lower Than A Level,60-70%,0-35,1,60,0,Pass,12,1,1,1,0,1,0,0,0,0,0,1,1,0,0,7
DDD,2014J,324338,0,London Region,A Level or Equivalent,40-50%,0-35,0,120,0,Fail,12,1,1,0,0,0,0,1,0,0,0,1,1,0,0,7
DDD,2014J,328241,0,East Anglian Region,A Level or Equivalent,30-40%,35-55,0,120,0,Pass,15,1,0,0,1,1,0,0,1,0,1,0,0,1,0,10
DDD,2014J,331526,1,North Western Region,Lower Than A Level,0-10%,35-55,0,120,0,Withdrawn,5,0,0,1,0,1,0,1,1,1,1,0,1,0,0,9
DDD,2014J,333823,1,Scotland,A Level or Equivalent,20-30%,0-35,1,60,0,Fail,7,1,1,0,1,0,0,1,0,0,1,0,0,1,1,3
DDD,2014J,334048,1,Yorkshire Region,A Level or Equivalent,20-Oct,35-55,1,60,0,Pass,16,1,0,1,1,0,0,0,0,0,0,0,0,1,1,10
DDD,2014J,334581,0,East Midlands Region,HE Qualification,80-90%,0-35,0,90,0,Distinction,4,1,0,1,0,0,0,1,0,0,0,0,0,0,1,8
DDD,2014J,334973,0,Scotland,HE Qualification,30-40%,35-55,0,60,0,Pass,4,1,1,0,1,1,1,0,0,0,1,0,1,1,1,8
DDD,2014J,335018,1,London Region,Lower Than A Level,50-60%,0-35,2,60,0,Pass,14,1,1,1,0,1,1,0,1,1,1,0,0,1,0,5
DDD,2014J,335922,0,North Region,A Level or Equivalent,20-30%,0-35,1,60,0,Withdrawn,15,0,1,1,0,1,0,1,1,0,1,0,1,0,1,10
DDD,2014J,336213,0,Wales,A Level or Equivalent,30-40%,0-35,0,60,0,Pass,16,1,0,0,0,1,0,1,1,0,0,0,0,1,0,10
DDD,2014J,336218,0,East Anglian Region,Lower Than A Level,70-80%,0-35,0,60,0,Fail,11,1,1,1,1,1,1,1,1,1,0,1,1,1,0,6
DDD,2014J,337048,0,London Region,A Level or Equivalent,20-30%,0-35,4,120,0,Withdrawn,12,0,0,1,1,1,0,1,1,1,0,0,0,0,1,7
DDD,2014J,337359,1,North Western Region,A Level or Equivalent,40-50%,0-35,0,60,0,Pass,12,1,1,0,0,1,0,1,0,0,1,0,0,1,1,7
DDD,2014J,338704,1,Yorkshire Region,Lower Than A Level,50-60%,0-35,0,60,0,Pass,1,0,1,0,0,1,1,0,0,0,0,1,0,0,0,2
DDD,2014J,339853,1,South West Region,Lower Than A Level,40-50%,0-35,0,120,1,Fail,14,1,1,0,1,0,1,1,0,1,1,1,1,0,0,5
DDD,2014J,340627,1,Scotland,A Level or Equivalent,50-60%,0-35,0,60,0,Fail,4,0,0,1,1,1,1,1,0,1,0,1,1,1,0,8
DDD,2014J,341855,1,North Western Region,Lower Than A Level,0-10%,0-35,1,60,0,Fail,7,1,0,0,0,1,0,0,1,1,0,0,0,0,1,3
DDD,2014J,341921,1,South Region,A Level or Equivalent,30-40%,0-35,1,60,0,Pass,13,0,0,1,1,0,0,0,0,0,0,1,1,1,1,5
DDD,2014J,348602,1,South Region,Post Graduate Qualification,90-100%,35-55,0,120,0,Withdrawn,6,1,0,0,1,0,1,0,1,0,1,0,0,0,1,9
DDD,2014J,349688,0,North Region,A Level or Equivalent,40-50%,0-35,0,60,0,Pass,3,0,0,0,0,0,0,1,0,1,1,0,0,0,0,8
DDD,2014J,349910,0,East Anglian Region,A Level or Equivalent,40-50%,0-35,0,60,1,Pass,11,1,1,1,0,1,1,0,1,0,1,0,0,1,0,6
DDD,2014J,350361,1,North Western Region,Lower Than A Level,80-90%,0-35,0,150,0,Withdrawn,11,0,1,1,0,0,0,1,0,1,1,1,1,1,1,6
DDD,2014J,351080,1,East Anglian Region,A Level or Equivalent,80-90%,0-35,0,60,0,Fail,10,0,1,0,1,0,1,0,1,1,1,0,0,1,0,1
DDD,2014J,351244,0,North Region,A Level or Equivalent,20-Oct,0-35,1,60,0,Pass,4,1,0,1,1,1,0,0,0,1,1,0,1,1,0,8
DDD,2014J,352954,1,South East Region,A Level or Equivalent,20-30%,35-55,0,120,0,Withdrawn,1,0,0,1,1,0,1,1,0,0,0,1,0,0,0,2
DDD,2014J,353969,1,Scotland,HE Qualification,50-60%,0-35,0,60,1,Withdrawn,7,1,1,1,1,1,1,1,0,1,1,1,1,0,0,3
DDD,2014J,355034,1,West Midlands Region,Lower Than A Level,0-10%,0-35,0,120,0,Withdrawn,1,0,0,1,0,0,0,1,1,0,1,0,0,0,0,2
DDD,2014J,356561,1,Scotland,A Level or Equivalent,80-90%,0-35,0,90,0,Fail,14,1,1,1,0,0,1,1,0,0,0,1,1,0,0,5
DDD,2014J,359657,0,North Western Region,No Formal quals,20-30%,0-35,0,120,0,Withdrawn,6,0,1,1,0,0,0,0,0,0,0,1,1,0,0,9
DDD,2014J,361842,0,West Midlands Region,Lower Than A Level,60-70%,0-35,1,60,0,Fail,3,0,1,1,0,0,0,0,0,1,1,0,0,1,1,8
DDD,2014J,364307,1,London Region,A Level or Equivalent,30-40%,0-35,1,150,0,Withdrawn,16,1,1,0,1,1,0,0,0,0,1,1,1,1,0,10
DDD,2014J,365375,1,South East Region,A Level or Equivalent,40-50%,35-55,0,60,0,Withdrawn,8,1,0,0,0,1,1,1,0,0,1,1,1,1,1,3
DDD,2014J,365893,0,North Western Region,A Level or Equivalent,0-10%,0-35,1,60,0,Pass,8,1,1,1,1,0,0,1,1,1,1,0,0,1,1,3
DDD,2014J,367309,1,North Region,A Level or Equivalent,,0-35,0,60,0,Pass,10,1,1,1,0,0,0,0,0,1,1,1,0,0,1,1
DDD,2014J,368195,0,West Midlands Region,Lower Than A Level,40-50%,0-35,0,60,0,Withdrawn,12,0,1,0,1,1,0,0,0,0,1,1,1,0,1,7
DDD,2014J,370089,0,Scotland,HE Qualification,40-50%,35-55,1,60,0,Pass,9,1,0,0,1,0,0,1,1,1,0,1,1,0,0,4
DDD,2014J,370100,0,East Anglian Region,A Level or Equivalent,70-80%,0-35,0,60,0,Withdrawn,13,1,0,0,1,1,1,1,0,0,0,1,0,1,0,5
DDD,2014J,370184,1,South West Region,A Level or Equivalent,50-60%,0-35,0,60,0,Pass,7,0,0,0,1,1,1,1,1,1,0,0,0,1,0,3
DDD,2014J,370274,0,West Midlands Region,A Level or Equivalent,40-50%,0-35,0,60,0,Pass,9,1,0,0,1,1,0,0,1,1,0,1,0,0,0,4
DDD,2014J,370375,0,Wales,A Level or Equivalent,20-30%,35-55,1,60,0,Fail,10,1,1,1,1,0,1,1,0,0,1,1,1,0,0,1
DDD,2014J,371019,0,Yorkshire Region,Lower Than A Level,60-70%,0-35,0,60,0,Pass,13,0,1,1,0,1,0,0,0,1,1,1,1,0,1,5
DDD,2014J,371949,0,West Midlands Region,Lower Than A Level,20-30%,0-35,0,60,1,Fail,6,1,1,0,1,1,0,0,1,0,0,0,0,0,1,9
DDD,2014J,373280,0,South West Region,A Level or Equivalent,30-40%,0-35,1,120,0,Fail,6,1,0,0,0,0,1,0,1,0,0,0,1,0,1,9
DDD,2014J,373795,1,London Region,Lower Than A Level,20-Oct,0-35,1,60,0,Withdrawn,3,0,0,0,0,1,0,0,1,1,0,0,0,1,1,8
DDD,2014J,376758,0,Scotland,A Level or Equivalent,20-30%,0-35,0,60,0,Withdrawn,15,1,1,0,0,0,0,0,0,0,1,1,1,0,0,10
DDD,2014J,378388,1,Scotland,Lower Than A Level,50-60%,0-35,0,60,0,Withdrawn,1,0,0,0,1,1,1,1,0,0,0,0,1,0,0,2
DDD,2014J,379336,1,West Midlands Region,Lower Than A Level,80-90%,0-35,0,120,0,Pass,7,0,1,0,0,1,1,0,1,0,0,1,1,1,1,3
DDD,2014J,380681,0,London Region,HE Qualification,20-Oct,0-35,1,60,0,Withdrawn,13,0,1,0,0,0,1,0,1,0,1,0,0,0,1,5
DDD,2014J,381439,0,Scotland,HE Qualification,90-100%,35-55,0,60,0,Withdrawn,5,0,0,0,1,1,1,1,1,1,0,0,0,0,1,9
DDD,2014J,384106,1,South Region,Lower Than A Level,30-40%,0-35,0,120,0,Withdrawn,5,1,0,1,0,1,1,0,1,0,1,0,0,0,1,9
DDD,2014J,384295,1,South West Region,Lower Than A Level,50-60%,0-35,1,90,0,Fail,8,0,0,1,1,0,1,0,1,1,1,1,0,1,1,3
DDD,2014J,384499,0,South West Region,Lower Than A Level,90-100%,0-35,0,60,1,Pass,4,1,0,1,0,1,1,1,0,0,0,0,1,1,0,8
DDD,2014J,384999,1,London Region,HE Qualification,20-30%,35-55,1,60,0,Distinction,2,1,0,1,1,1,0,0,1,0,1,0,0,0,1,2
DDD,2014J,385019,1,Wales,Lower Than A Level,20-Oct,35-55,2,60,1,Fail,2,1,1,0,1,1,0,0,1,0,0,1,1,0,1,2
DDD,2014J,385495,0,East Anglian Region,A Level or Equivalent,30-40%,35-55,1,60,0,Fail,8,0,0,1,0,1,1,0,1,0,1,0,1,0,0,3
DDD,2014J,385563,0,South West Region,A Level or Equivalent,90-100%,35-55,0,120,0,Pass,10,0,0,0,0,0,0,0,0,1,1,0,0,0,1,1
DDD,2014J,386140,1,Wales,Lower Than A Level,80-90%,35-55,1,60,0,Fail,13,0,0,0,0,0,0,0,1,1,0,1,0,0,0,5
DDD,2014J,387359,0,South East Region,Lower Than A Level,50-60%,0-35,1,60,0,Pass,14,1,1,1,1,1,0,0,0,1,1,1,0,1,0,5
DDD,2014J,387364,0,North Western Region,HE Qualification,70-80%,35-55,0,90,0,Withdrawn,7,1,0,0,0,0,0,0,1,1,0,0,0,0,1,3
DDD,2014J,389076,0,South West Region,No Formal quals,20-30%,0-35,3,120,0,Withdrawn,4,0,1,1,0,0,1,0,0,1,0,0,0,1,1,8
DDD,2014J,390556,0,London Region,Post Graduate Qualification,20-Oct,35-55,1,60,0,Distinction,5,0,0,0,0,1,1,1,1,1,0,0,0,0,1,9
DDD,2014J,390849,0,East Midlands Region,Lower Than A Level,50-60%,0-35,0,120,0,Pass,3,1,1,1,1,0,0,0,0,0,0,0,1,1,1,8
DDD,2014J,392250,0,South East Region,A Level or Equivalent,40-50%,0-35,0,120,0,Withdrawn,16,0,0,1,1,1,0,0,1,1,1,0,0,1,1,10
DDD,2014J,393094,0,West Midlands Region,Lower Than A Level,20-30%,0-35,2,150,0,Withdrawn,5,1,1,1,1,0,0,0,1,0,1,0,1,0,1,9
DDD,2014J,393727,0,Scotland,A Level or Equivalent,0-10%,0-35,0,60,1,Pass,2,1,0,0,0,0,0,1,0,1,1,0,0,1,0,2
DDD,2014J,395535,0,North Western Region,A Level or Equivalent,0-10%,35-55,0,60,1,Withdrawn,10,1,1,1,0,0,1,1,0,0,1,0,0,0,1,1
DDD,2014J,395980,1,East Midlands Region,Lower Than A Level,20-Oct,0-35,1,60,0,Withdrawn,5,1,0,0,0,0,1,0,1,1,1,1,1,0,1,9
DDD,2014J,397894,0,West Midlands Region,A Level or Equivalent,40-50%,35-55,0,60,0,Withdrawn,14,0,0,0,0,0,1,1,0,1,0,1,0,0,1,5
DDD,2014J,398816,1,East Anglian Region,A Level or Equivalent,80-90%,0-35,0,60,0,Pass,16,1,0,0,1,1,1,1,1,1,0,0,0,1,1,10
DDD,2014J,399628,1,South East Region,Lower Than A Level,40-50%,0-35,0,120,0,Fail,16,0,1,0,0,0,1,0,1,0,1,1,1,1,0,10
DDD,2014J,399772,0,Scotland,HE Qualification,40-50%,0-35,1,60,0,Withdrawn,5,1,0,1,0,0,1,0,1,0,0,0,0,0,0,9
DDD,2014J,399794,1,Scotland,HE Qualification,20-Oct,0-35,1,60,0,Fail,7,0,0,0,1,0,1,1,0,0,0,1,1,1,0,3
DDD,2014J,400091,0,North Region,A Level or Equivalent,60-70%,0-35,1,60,0,Pass,15,0,1,0,0,1,0,1,1,0,1,1,1,1,0,10
DDD,2014J,402268,0,North Region,Lower Than A Level,20-Oct,0-35,0,60,0,Withdrawn,5,0,1,0,1,1,0,1,1,1,1,0,1,0,0,9
DDD,2014J,402829,1,East Anglian Region,HE Qualification,70-80%,0-35,0,60,0,Withdrawn,9,0,0,0,0,1,0,1,0,0,0,1,0,0,1,4
DDD,2014J,402958,1,North Region,A Level or Equivalent,30-40%,0-35,0,60,0,Pass,5,0,0,0,1,1,0,1,1,1,1,1,1,1,0,9
DDD,2014J,403052,1,Yorkshire Region,HE Qualification,20-30%,0-35,1,120,0,Fail,4,1,1,1,1,0,0,0,1,1,0,1,1,0,0,8
DDD,2014J,406425,1,West Midlands Region,Lower Than A Level,40-50%,0-35,0,190,0,Withdrawn,7,0,0,0,0,1,0,1,1,1,0,0,0,0,0,3
DDD,2014J,407487,1,South West Region,A Level or Equivalent,50-60%,0-35,1,120,0,Fail,9,1,0,1,0,1,0,0,0,0,1,1,1,0,1,4
DDD,2014J,408344,1,Scotland,A Level or Equivalent,50-60%,0-35,0,100,0,Fail,16,1,1,1,1,1,0,0,0,1,1,0,1,1,0,10
DDD,2014J,409120,1,London Region,A Level or Equivalent,20-30%,0-35,1,60,1,Withdrawn,15,1,1,0,0,0,0,1,0,1,1,0,0,0,0,10
DDD,2014J,409205,0,East Midlands Region,A Level or Equivalent,20-30%,0-35,0,90,0,Pass,12,1,0,0,1,0,0,1,1,0,0,0,1,1,1,7
DDD,2014J,410767,1,East Midlands Region,A Level or Equivalent,60-70%,0-35,1,90,1,Pass,14,1,1,0,1,1,1,1,1,0,0,1,1,0,0,5
DDD,2014J,411549,1,London Region,A Level or Equivalent,30-40%,0-35,0,120,0,Fail,3,0,0,1,0,0,1,0,1,1,0,0,0,1,1,8
DDD,2014J,412717,0,Wales,HE Qualification,80-90%,35-55,0,60,0,Pass,16,0,0,1,1,1,0,0,0,1,0,0,1,1,0,10
DDD,2014J,413087,0,Wales,HE Qualification,0-10%,0-35,0,90,0,Fail,12,0,1,1,0,0,1,0,1,1,0,0,1,1,0,7
DDD,2014J,414094,1,South East Region,A Level or Equivalent,30-40%,0-35,0,60,1,Fail,1,1,1,1,1,0,0,0,1,0,1,0,1,1,1,2
DDD,2014J,414963,1,East Anglian Region,A Level or Equivalent,60-70%,0-35,0,60,0,Pass,8,1,0,1,0,1,0,1,0,1,0,1,0,1,0,3
DDD,2014J,416276,0,West Midlands Region,Lower Than A Level,20-Oct,0-35,1,120,1,Withdrawn,13,0,1,0,1,1,0,0,0,0,1,0,1,1,1,5
DDD,2014J,417157,0,London Region,Lower Than A Level,20-Oct,0-35,0,120,0,Withdrawn,8,1,1,1,0,1,1,0,0,1,0,1,0,0,0,3
DDD,2014J,418851,0,South East Region,Lower Than A Level,70-80%,0-35,0,60,0,Withdrawn,5,1,0,0,1,1,0,0,0,0,0,0,0,1,1,9
DDD,2014J,419913,0,Yorkshire Region,A Level or Equivalent,90-100%,0-35,0,120,0,Pass,12,0,1,1,0,1,1,1,1,0,1,1,0,1,1,7
DDD,2014J,420141,1,London Region,A Level or Equivalent,20-30%,0-35,0,90,0,Pass,6,1,1,0,1,0,1,0,0,1,0,1,0,1,0,9
DDD,2014J,420344,1,Yorkshire Region,HE Qualification,60-70%,0-35,0,120,0,Withdrawn,13,1,0,0,1,0,0,0,1,1,0,1,1,0,0,5
DDD,2014J,420560,1,South West Region,A Level or Equivalent,40-50%,0-35,0,120,0,Pass,13,0,0,0,1,1,1,0,1,0,1,0,0,1,1,5
DDD,2014J,420745,0,Yorkshire Region,A Level or Equivalent,70-80%,0-35,2,120,0,Withdrawn,1,0,1,1,0,0,1,1,0,0,1,0,1,0,1,2
DDD,2014J,420762,0,West Midlands Region,HE Qualification,20-30%,35-55,0,60,0,Distinction,10,1,1,0,0,0,1,1,1,1,1,0,0,0,0,1
DDD,2014J,421185,1,Ireland,A Level or Equivalent,50-60%,0-35,1,60,0,Pass,12,1,1,0,1,1,1,0,1,0,0,1,1,1,0,7
DDD,2014J,421242,0,South West Region,A Level or Equivalent,60-70%,0-35,1,60,0,Withdrawn,6,0,0,1,1,0,1,1,0,1,0,0,0,1,0,9
DDD,2014J,422343,0,South West Region,HE Qualification,60-70%,0-35,0,90,0,Distinction,13,1,1,0,1,0,0,1,1,0,0,0,1,1,0,5
DDD,2014J,423650,0,South East Region,Lower Than A Level,40-50%,35-55,0,60,0,Withdrawn,9,1,0,0,0,0,1,1,0,0,1,1,1,0,1,4
DDD,2014J,424211,0,London Region,A Level or Equivalent,80-90%,35-55,0,60,1,Pass,5,1,0,0,1,0,0,1,0,0,0,1,1,1,0,9
DDD,2014J,425393,1,West Midlands Region,HE Qualification,20-Oct,0-35,1,60,0,Withdrawn,6,0,1,1,0,1,0,1,1,0,1,0,1,1,1,9
DDD,2014J,425910,1,London Region,Lower Than A Level,70-80%,35-55,0,60,0,Fail,15,0,1,1,0,1,1,0,1,0,0,1,1,0,1,10
DDD,2014J,428116,1,North Region,A Level or Equivalent,50-60%,0-35,1,60,0,Pass,12,0,1,1,1,0,1,0,0,1,0,0,0,0,0,7
DDD,2014J,428787,1,South Region,A Level or Equivalent,80-90%,35-55,1,60,1,Withdrawn,11,0,0,1,1,0,1,1,1,1,0,1,0,1,0,6
DDD,2014J,429740,1,London Region,Lower Than A Level,30-40%,0-35,1,120,0,Withdrawn,14,0,1,0,0,1,1,0,0,1,1,0,1,1,0,5
DDD,2014J,431136,0,Wales,A Level or Equivalent,20-Oct,0-35,2,60,0,Fail,16,0,1,0,1,1,1,1,0,0,1,0,1,1,0,10
DDD,2014J,432642,1,North Region,A Level or Equivalent,80-90%,35-55,0,60,0,Fail,10,0,1,1,1,1,0,1,1,0,1,0,0,1,0,1
DDD,2014J,434002,1,Yorkshire Region,A Level or Equivalent,20-30%,0-35,1,120,0,Pass,15,1,1,1,0,1,1,1,0,1,0,0,1,1,0,10
DDD,2014J,434767,0,East Anglian Region,Lower Than A Level,80-90%,0-35,1,120,0,Withdrawn,12,1,1,1,1,1,0,1,0,0,0,1,0,1,1,7
DDD,2014J,435536,1,South West Region,Lower Than A Level,90-100%,0-35,0,60,0,Withdrawn,3,1,1,1,0,0,0,0,0,1,1,1,0,1,0,8
DDD,2014J,435572,0,Yorkshire Region,A Level or Equivalent,0-10%,0-35,1,60,0,Pass,12,0,1,0,1,0,1,0,1,0,1,0,0,1,1,7
DDD,2014J,436898,1,Scotland,A Level or Equivalent,20-30%,0-35,0,85,1,Distinction,9,1,0,1,1,1,1,1,0,0,1,0,0,1,0,4
DDD,2014J,438135,1,Scotland,Lower Than A Level,20-Oct,0-35,0,70,0,Withdrawn,5,1,0,0,0,0,1,0,1,1,0,0,1,1,0,9
DDD,2014J,441087,1,South Region,A Level or Equivalent,20-Oct,0-35,0,60,0,Pass,16,1,0,0,0,0,1,0,0,1,1,0,0,1,1,10
DDD,2014J,441354,0,Scotland,HE Qualification,30-40%,0-35,0,150,0,Withdrawn,4,1,0,1,1,0,1,0,1,0,1,0,0,1,1,8
DDD,2014J,441897,1,North Western Region,A Level or Equivalent,90-100%,0-35,0,60,0,Pass,14,1,1,1,0,1,1,0,0,0,0,0,1,1,0,5
DDD,2014J,442017,1,Yorkshire Region,A Level or Equivalent,80-90%,35-55,0,60,0,Withdrawn,7,1,0,0,1,0,1,0,1,1,0,1,1,1,1,3
DDD,2014J,442191,1,South East Region,Lower Than A Level,40-50%,0-35,0,120,1,Withdrawn,4,1,0,0,1,1,1,0,1,1,0,0,0,1,1,8
DDD,2014J,442549,0,Ireland,A Level or Equivalent,20-30%,0-35,0,60,0,Fail,4,0,1,0,0,1,1,1,0,1,0,0,1,0,0,8
DDD,2014J,443275,0,South East Region,A Level or Equivalent,90-100%,35-55,0,60,0,Pass,10,0,1,1,1,0,0,1,1,0,0,1,0,0,0,1
DDD,2014J,443539,1,South Region,HE Qualification,20-30%,0-35,0,60,0,Pass,8,1,1,0,0,0,1,0,0,1,0,1,0,1,1,3
DDD,2014J,444180,1,South West Region,Lower Than A Level,30-40%,0-35,0,60,1,Pass,8,1,1,1,1,0,1,1,1,0,1,1,1,1,0,3
DDD,2014J,444388,0,North Western Region,Lower Than A Level,0-10%,0-35,0,60,0,Withdrawn,12,1,1,1,1,1,1,1,1,0,0,1,0,1,0,7
DDD,2014J,444625,0,London Region,A Level or Equivalent,30-40%,0-35,0,90,0,Withdrawn,11,1,1,1,1,0,0,1,1,1,0,1,1,0,1,6
DDD,2014J,444766,0,North Western Region,A Level or Equivalent,40-50%,0-35,0,120,0,Pass,2,0,0,0,1,0,0,0,0,1,1,1,1,0,1,2
DDD,2014J,444783,1,London Region,HE Qualification,40-50%,0-35,0,60,0,Withdrawn,11,1,1,0,0,1,1,1,0,0,0,1,1,1,1,6
DDD,2014J,445239,0,North Western Region,Lower Than A Level,70-80%,35-55,0,120,0,Pass,10,0,0,0,1,0,0,0,1,1,0,0,0,1,0,1
DDD,2014J,445351,1,South West Region,Lower Than A Level,60-70%,0-35,0,60,0,Fail,3,0,1,1,1,0,1,0,1,1,1,1,1,0,1,8
DDD,2014J,445429,0,London Region,Lower Than A Level,70-80%,35-55,0,60,0,Pass,5,1,0,0,0,1,0,1,1,1,1,0,0,0,0,9
DDD,2014J,445451,0,Yorkshire Region,A Level or Equivalent,80-90%,0-35,1,90,0,Pass,8,0,0,0,0,0,1,1,0,0,1,1,1,1,0,3
DDD,2014J,445474,0,South Region,A Level or Equivalent,40-50%,0-35,0,60,0,Withdrawn,11,0,1,1,1,0,0,1,1,0,0,0,0,1,0,6
DDD,2014J,445595,0,East Anglian Region,A Level or Equivalent,20-30%,0-35,0,120,0,Withdrawn,15,0,0,0,0,0,1,0,1,0,1,0,0,1,0,10
DDD,2014J,445782,0,South Region,HE Qualification,80-90%,0-35,0,60,0,Withdrawn,8,0,1,1,0,1,1,0,0,1,1,0,1,1,1,3
DDD,2014J,446097,1,South West Region,A Level or Equivalent,50-60%,0-35,0,120,0,Pass,12,1,0,1,1,0,1,0,1,1,1,1,0,1,0,7
DDD,2014J,446730,1,South East Region,A Level or Equivalent,30-40%,35-55,0,60,0,Pass,16,1,1,1,0,1,1,0,0,0,1,1,0,1,0,10
DDD,2014J,446761,0,Scotland,A Level or Equivalent,90-100%,0-35,0,120,0,Pass,1,0,1,0,0,0,1,0,0,1,0,1,1,0,1,2
DDD,2014J,447393,1,Scotland,HE Qualification,90-100%,0-35,2,370,0,Withdrawn,5,0,0,1,1,1,0,0,0,1,1,0,0,0,1,9
DDD,2014J,447510,1,East Midlands Region,A Level or Equivalent,20-30%,0-35,0,120,0,Pass,16,1,1,1,0,0,0,0,0,0,0,0,1,0,1,10
DDD,2014J,447644,1,South West Region,A Level or Equivalent,80-90%,0-35,0,90,1,Pass,6,0,0,1,0,1,0,1,0,1,0,1,0,0,1,9
DDD,2014J,464748,1,North Region,HE Qualification,30-40%,0-35,1,60,0,Pass,1,0,1,0,1,0,1,1,1,1,0,0,1,1,0,2
DDD,2014J,464968,0,South West Region,Lower Than A Level,30-40%,0-35,0,60,0,Pass,9,0,1,1,1,1,0,0,0,0,1,0,0,0,1,4
DDD,2014J,465564,0,South West Region,Lower Than A Level,60-70%,35-55,0,60,0,Pass,4,1,0,1,1,0,1,1,0,1,1,0,1,1,1,8
DDD,2014J,465629,1,Wales,Lower Than A Level,0-10%,0-35,1,60,0,Pass,13,1,0,0,1,0,0,1,1,0,1,0,0,1,1,5
DDD,2014J,466230,1,South Region,A Level or Equivalent,0-10%,0-35,0,60,0,Pass,4,1,0,1,1,1,1,0,1,1,1,0,0,0,0,8
DDD,2014J,466289,0,Ireland,Lower Than A Level,60-70%,0-35,0,90,0,Pass,14,1,1,0,0,1,1,0,1,0,0,0,1,1,0,5
DDD,2014J,466714,0,South West Region,A Level or Equivalent,40-50%,0-35,3,60,1,Withdrawn,14,0,0,1,0,1,1,0,0,1,0,1,0,0,1,5
DDD,2014J,466956,0,London Region,Lower Than A Level,50-60%,0-35,0,210,0,Withdrawn,16,1,1,1,0,0,1,0,0,0,0,0,1,1,0,10
DDD,2014J,467893,1,Yorkshire Region,A Level or Equivalent,40-50%,35-55,0,60,0,Pass,10,0,1,0,1,1,0,0,1,1,1,0,0,1,0,1
DDD,2014J,468386,1,Scotland,HE Qualification,0-10%,0-35,3,150,0,Fail,9,0,1,1,0,0,0,0,0,1,0,0,1,0,0,4
DDD,2014J,468720,0,East Midlands Region,Lower Than A Level,60-70%,35-55,0,60,0,Pass,9,0,0,0,0,0,1,0,0,1,1,1,0,1,0,4
DDD,2014J,468845,1,East Midlands Region,Lower Than A Level,60-70%,0-35,0,60,0,Pass,13,0,0,0,0,0,0,1,1,0,0,1,1,0,0,5
DDD,2014J,469624,0,South West Region,A Level or Equivalent,60-70%,0-35,0,60,0,Fail,15,1,0,1,0,0,0,0,1,0,0,0,0,1,0,10
DDD,2014J,469633,0,West Midlands Region,A Level or Equivalent,70-80%,0-35,0,60,0,Pass,16,1,1,0,1,1,0,0,1,1,1,0,0,1,0,10
DDD,2014J,470555,0,South West Region,Lower Than A Level,20-30%,0-35,1,90,1,Fail,16,1,0,0,0,0,1,1,1,0,0,0,1,1,1,10
DDD,2014J,470914,1,East Anglian Region,Lower Than A Level,40-50%,0-35,0,150,0,Pass,1,0,0,0,1,1,1,0,1,1,1,0,0,0,1,2
DDD,2014J,471781,1,Scotland,A Level or Equivalent,60-70%,0-35,2,60,0,Withdrawn,3,0,0,1,0,1,1,1,1,1,0,1,1,1,1,8
DDD,2014J,471976,0,South Region,HE Qualification,90-100%,0-35,0,60,0,Fail,5,0,1,0,1,0,1,1,1,1,0,0,0,0,0,9
DDD,2014J,472073,0,West Midlands Region,Lower Than A Level,20-30%,0-35,0,60,0,Pass,4,1,1,1,0,1,0,1,0,1,0,0,1,1,0,8
DDD,2014J,472616,0,East Anglian Region,Lower Than A Level,90-100%,0-35,0,150,0,Distinction,12,0,0,0,1,1,1,1,0,1,0,0,0,0,0,7
DDD,2014J,472649,1,East Anglian Region,A Level or Equivalent,40-50%,0-35,0,150,0,Withdrawn,2,1,1,0,1,0,0,1,0,0,1,1,1,1,1,2
DDD,2014J,472949,1,London Region,HE Qualification,20-30%,35-55,2,60,0,Fail,11,0,0,0,1,0,1,1,0,1,0,0,0,0,0,6
DDD,2014J,473129,1,Yorkshire Region,A Level or Equivalent,30-40%,0-35,1,120,0,Pass,3,0,0,1,0,1,0,0,1,1,1,0,0,1,1,8
DDD,2014J,474119,0,East Anglian Region,A Level or Equivalent,60-70%,0-35,0,60,0,Withdrawn,8,1,1,1,0,0,0,1,1,0,1,1,0,0,0,3
DDD,2014J,474246,0,South East Region,Lower Than A Level,20-Oct,0-35,2,60,0,Fail,15,1,1,1,1,1,0,1,1,0,1,0,0,1,0,10
DDD,2014J,475443,0,West Midlands Region,Lower Than A Level,20-Oct,0-35,1,60,0,Withdrawn,12,0,0,1,1,0,1,0,1,0,0,0,0,1,1,7
DDD,2014J,475839,0,South East Region,Lower Than A Level,20-30%,0-35,0,120,1,Fail,3,0,1,1,1,0,1,0,1,1,0,0,1,1,1,8
DDD,2014J,475863,0,North Region,Lower Than A Level,,35-55,0,60,0,Pass,8,1,1,0,1,0,1,0,1,0,0,0,1,0,0,3
DDD,2014J,475908,1,West Midlands Region,Lower Than A Level,40-50%,0-35,0,60,0,Fail,3,0,0,1,0,1,1,0,0,0,0,1,0,0,0,8
DDD,2014J,477099,0,London Region,A Level or Equivalent,20-30%,0-35,0,180,0,Withdrawn,11,0,0,0,0,0,0,0,0,1,0,1,1,1,0,6
DDD,2014J,477354,0,London Region,Lower Than A Level,60-70%,35-55,0,60,0,Pass,13,1,0,0,0,0,0,0,1,1,0,0,1,0,1,5
DDD,2014J,477556,1,South East Region,A Level or Equivalent,50-60%,0-35,2,60,0,Fail,4,1,1,0,1,0,0,0,1,1,0,1,0,0,1,8
DDD,2014J,478326,0,East Anglian Region,Lower Than A Level,20-30%,0-35,0,240,1,Withdrawn,3,0,0,1,0,1,0,1,1,1,1,1,1,1,0,8
DDD,2014J,478517,0,South West Region,A Level or Equivalent,60-70%,35-55,1,120,0,Fail,2,1,0,1,1,1,0,1,1,0,1,0,1,1,0,2
DDD,2014J,479553,0,Yorkshire Region,HE Qualification,40-50%,0-35,0,60,0,Pass,5,0,0,1,0,0,1,0,1,1,0,1,0,0,1,9
DDD,2014J,482173,1,Scotland,A Level or Equivalent,30-40%,0-35,1,60,0,Pass,13,1,1,1,0,1,1,0,1,1,0,1,1,1,1,5
DDD,2014J,483136,1,Yorkshire Region,Lower Than A Level,0-10%,0-35,0,60,0,Pass,3,0,0,1,1,0,0,1,1,0,0,0,1,1,1,8
DDD,2014J,483149,1,South East Region,A Level or Equivalent,40-50%,35-55,0,60,0,Pass,9,0,0,1,0,1,0,0,1,0,1,0,0,1,1,4
DDD,2014J,483200,1,Scotland,A Level or Equivalent,50-60%,35-55,0,60,0,Pass,10,1,0,1,0,1,0,1,0,1,1,0,0,1,0,1
DDD,2014J,483343,1,South West Region,Lower Than A Level,30-40%,0-35,0,240,0,Withdrawn,6,1,1,1,1,0,0,1,1,1,1,0,1,0,0,9
DDD,2014J,484130,1,London Region,A Level or Equivalent,60-70%,0-35,1,180,0,Withdrawn,12,1,0,0,0,1,0,1,0,0,1,0,0,0,1,7
DDD,2014J,484171,0,West Midlands Region,A Level or Equivalent,40-50%,0-35,1,120,0,Withdrawn,10,1,1,0,1,1,1,1,1,0,0,0,1,1,0,1
DDD,2014J,485282,1,South Region,A Level or Equivalent,60-70%,0-35,0,60,0,Pass,11,1,1,0,0,0,1,0,0,1,0,0,0,1,0,6
DDD,2014J,485421,0,East Midlands Region,Lower Than A Level,50-60%,0-35,0,120,0,Pass,10,0,1,0,0,0,0,0,1,1,1,0,0,1,0,1
DDD,2014J,485612,1,South Region,A Level or Equivalent,20-30%,0-35,0,180,0,Withdrawn,10,0,0,0,0,1,0,0,1,0,1,0,1,1,1,1
DDD,2014J,486244,1,South Region,A Level or Equivalent,20-30%,0-35,1,60,1,Withdrawn,9,0,1,0,0,1,1,1,0,1,1,0,0,0,0,4
DDD,2014J,486287,0,South East Region,Lower Than A Level,50-60%,0-35,0,60,1,Pass,11,0,0,1,0,1,0,1,0,0,0,0,1,1,0,6
DDD,2014J,486539,1,North Western Region,Lower Than A Level,0-10%,0-35,1,60,0,Withdrawn,11,0,1,0,0,1,1,1,0,1,0,1,1,1,0,6
DDD,2014J,487556,0,East Midlands Region,HE Qualification,90-100%,0-35,1,60,0,Pass,10,1,0,0,1,0,0,0,1,1,0,0,0,1,1,1
DDD,2014J,487607,0,West Midlands Region,A Level or Equivalent,70-80%,0-35,0,60,0,Fail,4,0,0,1,0,0,1,1,1,0,1,1,1,1,1,8
DDD,2014J,488575,0,Scotland,Lower Than A Level,20-30%,0-35,1,60,0,Withdrawn,3,0,1,1,1,0,1,0,1,1,1,1,0,1,1,8
DDD,2014J,488941,0,North Region,Post Graduate Qualification,,55<=,0,120,0,Distinction,5,0,0,1,1,0,0,1,0,1,1,0,0,0,1,9
DDD,2014J,490629,0,South West Region,A Level or Equivalent,50-60%,0-35,0,60,0,Pass,12,1,1,1,1,1,1,1,1,1,0,1,1,0,0,7
DDD,2014J,491688,0,South East Region,Lower Than A Level,30-40%,0-35,2,90,1,Withdrawn,12,0,1,1,1,1,0,0,0,1,1,1,0,0,1,7
DDD,2014J,492254,0,Yorkshire Region,Lower Than A Level,20-Oct,0-35,0,120,0,Withdrawn,14,1,1,1,1,1,0,0,1,1,1,1,1,0,1,5
DDD,2014J,492480,0,South East Region,Lower Than A Level,90-100%,0-35,0,60,0,Pass,12,0,1,1,1,1,0,0,1,0,0,0,1,0,1,7
DDD,2014J,492496,0,Yorkshire Region,Lower Than A Level,90-100%,0-35,0,60,0,Distinction,9,0,1,0,0,1,1,0,1,1,1,1,1,0,1,4
DDD,2014J,493207,1,West Midlands Region,Lower Than A Level,60-70%,0-35,1,60,0,Fail,2,0,1,0,0,1,1,0,1,0,0,0,0,1,0,2
DDD,2014J,493434,0,Ireland,Lower Than A Level,,35-55,1,60,0,Fail,6,1,1,0,0,1,1,1,0,1,1,0,1,1,1,9
DDD,2014J,493650,1,Scotland,A Level or Equivalent,40-50%,0-35,0,60,0,Withdrawn,10,1,0,1,1,0,0,1,1,0,0,1,1,0,0,1
DDD,2014J,493826,0,North Western Region,A Level or Equivalent,0-10%,35-55,0,120,1,Withdrawn,11,1,1,1,0,0,0,0,1,1,1,1,1,1,0,6
DDD,2014J,493876,0,London Region,A Level or Equivalent,20-30%,0-35,1,60,0,Fail,10,0,0,0,1,0,0,0,0,1,0,1,0,1,0,1
DDD,2014J,495493,0,North Region,Lower Than A Level,,0-35,0,60,1,Pass,11,0,1,0,0,0,0,0,0,0,1,1,1,0,0,6
DDD,2014J,495615,0,South West Region,Lower Than A Level,70-80%,0-35,0,60,0,Pass,8,0,1,0,0,1,1,1,1,0,1,0,0,1,1,3
DDD,2014J,495762,0,Wales,HE Qualification,60-70%,0-35,2,60,0,Withdrawn,16,1,1,1,0,1,1,0,0,1,0,1,0,1,1,10
DDD,2014J,495881,0,South East Region,Lower Than A Level,60-70%,35-55,0,60,0,Pass,16,1,0,1,0,1,0,0,1,0,0,1,1,1,0,10
DDD,2014J,495903,0,West Midlands Region,Lower Than A Level,0-10%,0-35,0,60,0,Withdrawn,11,0,1,1,0,0,0,0,1,1,0,0,0,0,0,6
DDD,2014J,496154,1,South Region,A Level or Equivalent,50-60%,35-55,1,60,0,Withdrawn,7,1,1,0,1,0,1,0,1,0,1,1,0,0,1,3
DDD,2014J,496494,0,Scotland,Lower Than A Level,50-60%,0-35,0,60,0,Fail,9,0,0,0,0,1,0,0,0,1,1,0,1,0,0,4
DDD,2014J,496916,0,South Region,Lower Than A Level,40-50%,35-55,0,60,0,Pass,5,0,0,0,1,1,0,0,0,0,1,1,0,0,0,9
DDD,2014J,497989,1,North Western Region,A Level or Equivalent,20-30%,0-35,0,120,1,Withdrawn,10,0,1,0,1,1,0,0,1,1,0,0,0,0,0,1
DDD,2014J,498326,0,North Western Region,A Level or Equivalent,40-50%,35-55,0,60,0,Withdrawn,2,0,0,1,1,1,1,0,0,1,1,1,0,0,1,2
DDD,2014J,499865,1,Scotland,HE Qualification,80-90%,0-35,1,90,0,Withdrawn,3,1,0,1,0,0,0,1,0,1,0,0,1,1,0,8
DDD,2014J,500339,0,North Western Region,Lower Than A Level,70-80%,0-35,1,120,0,Withdrawn,10,1,0,0,1,1,1,1,0,0,0,0,0,1,0,1
DDD,2014J,500707,1,East Anglian Region,A Level or Equivalent,60-70%,35-55,2,60,1,Fail,16,1,0,1,1,1,1,0,0,0,0,1,1,0,0,10
DDD,2014J,502470,0,West Midlands Region,Lower Than A Level,30-40%,0-35,0,60,0,Pass,7,0,0,1,0,1,1,1,1,0,0,0,0,1,0,3
DDD,2014J,502557,0,South West Region,HE Qualification,20-30%,0-35,1,60,0,Withdrawn,12,1,0,1,0,1,0,0,0,1,1,0,1,1,0,7
DDD,2014J,504034,1,Ireland,A Level or Equivalent,0-10%,0-35,1,120,0,Withdrawn,10,1,0,1,0,0,0,0,0,1,0,0,0,1,1,1
DDD,2014J,504064,1,East Anglian Region,A Level or Equivalent,30-40%,35-55,2,60,1,Fail,7,1,1,0,0,0,1,0,0,1,0,0,1,0,1,3
DDD,2014J,504251,1,Scotland,A Level or Equivalent,50-60%,0-35,0,60,0,Pass,15,0,0,1,1,1,0,0,0,0,0,1,1,1,1,10
DDD,2014J,504552,0,East Anglian Region,Lower Than A Level,60-70%,0-35,1,60,0,Fail,14,1,0,0,1,0,0,0,1,0,1,1,1,0,0,5
DDD,2014J,504589,1,South Region,A Level or Equivalent,80-90%,0-35,0,60,0,Pass,2,0,1,1,0,1,0,0,0,1,0,1,1,1,0,2
DDD,2014J,504749,0,South Region,A Level or Equivalent,20-30%,35-55,0,60,0,Withdrawn,9,0,1,1,0,1,1,1,1,0,0,1,0,0,1,4
DDD,2014J,504841,0,South Region,A Level or Equivalent,20-30%,0-35,0,120,0,Withdrawn,6,0,1,0,0,0,1,1,0,0,1,0,0,0,0,9
DDD,2014J,506824,0,South Region,Lower Than A Level,60-70%,0-35,1,60,0,Fail,15,0,1,0,0,0,1,0,1,1,1,1,1,0,1,10
DDD,2014J,507478,0,West Midlands Region,Lower Than A Level,,0-35,2,60,0,Fail,8,0,1,0,0,0,1,1,1,1,1,1,1,0,1,3
DDD,2014J,507576,0,East Anglian Region,HE Qualification,40-50%,0-35,0,60,0,Withdrawn,5,0,0,0,1,0,1,0,0,1,0,0,1,0,1,9
DDD,2014J,508615,0,London Region,HE Qualification,40-50%,0-35,2,60,0,Fail,14,1,0,1,1,1,0,1,1,1,1,1,1,1,1,5
DDD,2014J,508829,0,Yorkshire Region,A Level or Equivalent,60-70%,0-35,0,60,0,Withdrawn,5,1,1,1,1,1,0,0,1,0,0,0,0,0,1,9
DDD,2014J,508859,1,North Region,A Level or Equivalent,50-60%,0-35,0,60,0,Pass,9,1,0,0,0,1,1,0,1,1,1,0,0,1,0,4
DDD,2014J,508872,0,North Western Region,Lower Than A Level,30-40%,0-35,1,60,0,Fail,7,1,1,1,0,0,0,0,1,0,0,1,1,1,0,3
DDD,2014J,509933,1,North Region,Lower Than A Level,60-70%,0-35,0,60,0,Fail,16,0,0,0,0,0,1,1,0,1,0,0,1,1,1,10
DDD,2014J,509998,1,East Midlands Region,A Level or Equivalent,20-30%,0-35,0,120,0,Withdrawn,9,0,0,1,1,1,1,1,1,0,1,0,0,1,0,4
DDD,2014J,510424,1,East Anglian Region,A Level or Equivalent,30-40%,0-35,0,60,0,Pass,11,1,1,0,1,0,1,1,0,1,1,1,0,0,0,6
DDD,2014J,510456,1,Scotland,A Level or Equivalent,50-60%,35-55,0,60,0,Distinction,13,0,1,1,1,1,0,0,0,0,0,1,1,0,1,5
DDD,2014J,510532,1,South Region,Lower Than A Level,30-40%,0-35,1,90,0,Withdrawn,5,0,0,0,0,0,1,1,0,1,0,0,1,1,1,9
DDD,2014J,511345,0,East Midlands Region,A Level or Equivalent,20-30%,0-35,0,60,0,Pass,8,1,1,0,1,1,0,1,1,1,0,1,1,1,0,3
DDD,2014J,511676,0,Scotland,HE Qualification,20-30%,35-55,0,60,0,Fail,2,1,1,0,1,1,1,0,1,1,1,0,1,0,1,2
DDD,2014J,512046,1,Yorkshire Region,Lower Than A Level,20-Oct,0-35,0,60,0,Pass,16,0,1,0,1,1,1,0,0,0,0,1,0,0,0,10
DDD,2014J,513283,1,North Region,Lower Than A Level,20-Oct,35-55,1,60,0,Withdrawn,1,1,1,1,0,1,0,1,0,0,1,0,0,1,1,2
DDD,2014J,513356,0,North Region,Lower Than A Level,40-50%,0-35,2,120,0,Withdrawn,11,0,0,0,0,0,1,0,1,1,1,0,1,0,1,6
DDD,2014J,514277,1,Scotland,HE Qualification,70-80%,0-35,1,60,0,Distinction,6,1,1,0,0,1,0,1,1,1,0,0,0,1,0,9
DDD,2014J,514324,0,London Region,Lower Than A Level,40-50%,0-35,1,120,0,Fail,10,1,0,1,1,0,1,1,1,0,0,0,1,0,1,1
DDD,2014J,515052,0,North Region,A Level or Equivalent,70-80%,0-35,0,60,0,Fail,1,0,1,0,1,0,0,1,1,1,1,0,1,1,1,2
DDD,2014J,515645,0,Ireland,A Level or Equivalent,0-10%,0-35,0,90,0,Fail,15,1,0,0,0,0,1,1,1,0,0,1,0,1,1,10
DDD,2014J,516405,0,South Region,A Level or Equivalent,60-70%,0-35,0,60,0,Withdrawn,15,1,0,1,1,0,0,0,0,1,0,0,0,1,1,10
DDD,2014J,516562,1,East Midlands Region,A Level or Equivalent,20-Oct,0-35,0,75,1,Fail,15,1,0,1,1,0,1,0,0,0,0,1,1,0,1,10
DDD,2014J,518244,0,West Midlands Region,HE Qualification,40-50%,0-35,0,60,0,Pass,9,0,0,1,0,1,0,0,0,0,0,0,0,0,0,4
DDD,2014J,519116,1,South Region,A Level or Equivalent,80-90%,0-35,0,120,0,Withdrawn,14,1,0,1,1,0,0,0,1,0,0,0,1,0,0,5
DDD,2014J,519941,0,Wales,A Level or Equivalent,60-70%,35-55,0,60,0,Withdrawn,13,0,1,1,0,0,1,1,1,1,1,1,0,1,0,5
DDD,2014J,520349,0,South Region,Lower Than A Level,70-80%,0-35,2,60,0,Pass,6,0,1,0,1,0,1,1,0,0,1,0,0,0,0,9
DDD,2014J,523762,0,Yorkshire Region,A Level or Equivalent,20-Oct,0-35,0,120,0,Pass,14,1,0,1,0,0,1,0,0,0,0,1,0,0,0,5
DDD,2014J,523817,0,South Region,A Level or Equivalent,90-100%,0-35,0,90,0,Withdrawn,13,0,1,1,1,1,1,0,0,1,0,0,1,1,1,5
DDD,2014J,524020,0,East Midlands Region,Lower Than A Level,20-Oct,0-35,1,60,0,Withdrawn,6,1,0,0,1,0,0,1,0,0,1,1,1,1,1,9
DDD,2014J,524427,1,South West Region,Lower Than A Level,20-Oct,0-35,0,120,0,Pass,3,1,1,1,1,0,1,1,1,1,1,1,1,1,1,8
DDD,2014J,525068,0,South Region,Lower Than A Level,60-70%,0-35,0,60,1,Distinction,14,0,1,0,1,0,0,1,1,0,0,1,1,1,1,5
DDD,2014J,525870,0,South Region,Lower Than A Level,50-60%,0-35,0,60,0,Pass,6,0,1,1,1,1,0,0,0,1,0,1,1,1,0,9
DDD,2014J,526352,1,Wales,A Level or Equivalent,20-Oct,0-35,2,90,0,Pass,10,0,1,1,0,0,1,0,1,1,0,0,1,0,1,1
DDD,2014J,526699,1,South Region,Lower Than A Level,30-40%,0-35,2,90,1,Withdrawn,10,0,1,0,1,0,1,1,0,1,0,1,1,0,1,1
DDD,2014J,526912,1,London Region,HE Qualification,30-40%,0-35,0,60,0,Withdrawn,1,1,0,0,1,1,1,0,0,0,1,1,1,1,1,2
DDD,2014J,528175,1,West Midlands Region,Lower Than A Level,20-Oct,0-35,0,120,1,Withdrawn,2,1,0,1,0,1,1,1,1,0,0,0,0,1,1,2
DDD,2014J,528363,0,South East Region,HE Qualification,40-50%,35-55,0,60,0,Withdrawn,3,1,1,0,1,1,0,0,0,0,0,1,0,1,0,8
DDD,2014J,528535,0,West Midlands Region,Lower Than A Level,20-Oct,0-35,1,90,0,Withdrawn,9,1,1,0,0,0,0,1,0,0,0,0,1,1,0,4
DDD,2014J,529789,0,East Anglian Region,Lower Than A Level,20-30%,0-35,1,60,0,Withdrawn,14,1,1,1,0,1,1,0,1,1,1,1,0,0,0,5
DDD,2014J,529885,1,Yorkshire Region,A Level or Equivalent,40-50%,0-35,0,150,0,Withdrawn,15,1,1,0,1,0,0,0,1,1,0,1,0,0,1,10
DDD,2014J,530807,0,South Region,A Level or Equivalent,50-60%,0-35,0,120,0,Withdrawn,3,0,1,1,0,1,0,0,0,1,0,1,1,1,0,8
DDD,2014J,531646,0,South Region,Lower Than A Level,80-90%,0-35,0,60,0,Fail,13,1,0,1,0,1,0,1,0,1,1,0,1,0,0,5
DDD,2014J,532236,0,North Western Region,A Level or Equivalent,70-80%,0-35,0,60,0,Pass,2,0,1,0,1,1,0,0,1,0,0,0,1,1,0,2
DDD,2014J,534827,1,South East Region,A Level or Equivalent,50-60%,0-35,0,60,1,Withdrawn,12,0,1,0,0,0,1,1,0,0,1,1,0,0,1,7
DDD,2014J,535220,0,East Anglian Region,Lower Than A Level,90-100%,0-35,1,60,0,Fail,7,0,0,1,1,1,1,1,1,0,0,1,1,1,1,3
DDD,2014J,535351,0,North Western Region,Lower Than A Level,50-60%,0-35,1,60,0,Fail,8,0,0,1,0,1,0,0,0,0,1,1,1,0,0,3
DDD,2014J,536296,1,West Midlands Region,A Level or Equivalent,20-Oct,35-55,0,60,0,Pass,13,1,1,0,1,1,0,1,1,1,0,0,0,0,1,5
DDD,2014J,536736,0,London Region,HE Qualification,20-Oct,0-35,0,120,0,Withdrawn,9,1,1,1,0,1,1,1,0,1,0,1,1,0,1,4
DDD,2014J,537463,1,Wales,Lower Than A Level,50-60%,35-55,0,150,1,Withdrawn,12,0,0,0,1,1,1,0,1,1,1,1,0,1,1,7
DDD,2014J,537577,0,Yorkshire Region,Lower Than A Level,20-30%,0-35,0,60,1,Pass,16,1,0,1,0,1,0,1,0,1,0,1,0,1,1,10
DDD,2014J,540821,0,Yorkshire Region,A Level or Equivalent,60-70%,35-55,0,60,0,Fail,1,0,1,0,0,1,1,1,0,0,1,0,0,1,0,2
DDD,2014J,540885,0,West Midlands Region,Lower Than A Level,0-10%,0-35,0,240,0,Withdrawn,7,0,0,1,1,0,1,1,0,0,1,0,0,0,1,3
DDD,2014J,543478,1,Scotland,A Level or Equivalent,60-70%,0-35,0,120,0,Fail,11,1,0,1,1,0,1,1,0,0,1,0,0,0,1,6
DDD,2014J,543976,1,East Midlands Region,Lower Than A Level,50-60%,35-55,1,120,0,Withdrawn,5,1,0,0,1,0,1,1,0,1,0,0,0,0,0,9
DDD,2014J,544612,0,East Anglian Region,Lower Than A Level,70-80%,0-35,0,180,0,Withdrawn,4,1,1,0,1,1,0,0,0,1,1,0,1,1,1,8
DDD,2014J,544649,0,North Region,Lower Than A Level,,35-55,2,60,0,Withdrawn,10,1,1,0,1,1,1,1,1,1,1,0,1,0,1,1
DDD,2014J,545127,1,Yorkshire Region,Lower Than A Level,50-60%,0-35,0,120,0,Withdrawn,9,0,1,0,0,1,1,0,0,1,1,1,1,0,1,4
DDD,2014J,545752,1,South East Region,A Level or Equivalent,20-30%,0-35,0,60,0,Fail,4,1,1,1,0,1,0,1,0,1,1,0,0,0,1,8
DDD,2014J,546299,0,West Midlands Region,Lower Than A Level,60-70%,0-35,1,60,0,Fail,4,0,0,0,1,0,1,1,0,0,0,0,0,1,1,8
DDD,2014J,546773,0,North Region,Lower Than A Level,30-40%,0-35,0,60,0,Fail,3,1,1,0,1,1,1,0,1,1,1,1,1,1,0,8
DDD,2014J,547464,1,South West Region,HE Qualification,20-Oct,0-35,0,120,0,Withdrawn,6,1,1,1,0,1,0,1,0,1,1,0,1,1,0,9
DDD,2014J,547786,0,Scotland,HE Qualification,90-100%,0-35,1,120,0,Fail,6,1,0,1,1,0,1,1,0,0,1,0,1,1,1,9
DDD,2014J,548486,0,North Region,A Level or Equivalent,,0-35,1,60,0,Withdrawn,9,0,0,1,0,0,0,0,1,1,1,1,0,1,1,4
DDD,2014J,548851,0,Yorkshire Region,Lower Than A Level,0-10%,0-35,1,60,0,Withdrawn,5,1,1,1,1,1,1,1,1,1,0,1,1,0,1,9
DDD,2014J,549337,0,Ireland,A Level or Equivalent,50-60%,0-35,1,60,0,Fail,7,0,0,1,1,1,1,1,1,1,1,1,1,1,1,3
DDD,2014J,549626,1,West Midlands Region,Lower Than A Level,20-Oct,35-55,0,60,0,Withdrawn,15,1,0,1,0,0,0,1,1,0,1,0,0,0,0,10
DDD,2014J,550142,1,South East Region,A Level or Equivalent,40-50%,0-35,2,60,0,Fail,13,0,1,1,0,1,1,1,1,0,0,1,1,0,0,5
DDD,2014J,550358,1,London Region,Lower Than A Level,50-60%,0-35,0,60,0,Fail,11,1,0,1,0,0,0,1,0,1,0,0,1,0,0,6
DDD,2014J,550380,0,Scotland,Lower Than A Level,70-80%,35-55,1,60,0,Fail,15,1,0,0,0,0,0,0,1,1,0,1,0,0,0,10
DDD,2014J,551332,1,North Western Region,Lower Than A Level,40-50%,0-35,0,120,0,Withdrawn,10,1,1,0,0,1,1,0,1,1,1,0,1,0,0,1
DDD,2014J,551440,0,Wales,A Level or Equivalent,70-80%,0-35,0,60,0,Fail,3,1,1,0,1,0,0,0,1,0,0,1,1,1,1,8
DDD,2014J,551595,0,North Western Region,Lower Than A Level,0-10%,0-35,0,220,0,Withdrawn,4,0,1,1,1,0,0,0,1,0,1,1,1,0,0,8
DDD,2014J,552114,1,South West Region,Lower Than A Level,50-60%,0-35,1,120,0,Fail,12,1,0,1,0,1,1,1,0,1,0,0,1,1,1,7
DDD,2014J,552965,0,East Midlands Region,Lower Than A Level,60-70%,35-55,0,120,0,Pass,6,1,0,0,0,0,0,0,0,1,1,0,1,1,1,9
DDD,2014J,553367,0,South Region,A Level or Equivalent,50-60%,0-35,0,60,0,Pass,6,0,1,0,0,1,1,1,0,0,1,0,0,0,0,9
DDD,2014J,553576,1,West Midlands Region,A Level or Equivalent,70-80%,0-35,0,150,0,Withdrawn,4,1,0,1,0,1,0,0,0,0,0,0,0,0,1,8
DDD,2014J,554215,0,West Midlands Region,Lower Than A Level,60-70%,0-35,0,120,1,Withdrawn,5,0,0,0,1,0,0,1,0,1,1,0,1,1,0,9
DDD,2014J,554407,1,South East Region,A Level or Equivalent,30-40%,35-55,0,120,0,Withdrawn,6,0,0,0,1,0,0,1,1,1,0,0,1,0,0,9
DDD,2014J,554746,0,South East Region,A Level or Equivalent,20-Oct,0-35,0,60,0,Fail,10,0,0,1,1,1,0,1,1,0,1,0,1,1,0,1
DDD,2014J,554863,0,Ireland,HE Qualification,,35-55,0,60,0,Pass,10,0,1,0,0,1,0,0,1,1,0,1,0,0,0,1
DDD,2014J,554885,0,Yorkshire Region,A Level or Equivalent,20-30%,35-55,1,90,0,Withdrawn,9,0,0,1,1,0,0,0,1,1,1,1,0,0,0,4
DDD,2014J,555132,0,South Region,A Level or Equivalent,40-50%,0-35,1,90,0,Withdrawn,9,0,1,1,1,0,0,0,1,1,1,1,1,0,0,4
DDD,2014J,555989,0,East Anglian Region,A Level or Equivalent,70-80%,0-35,0,90,0,Pass,1,0,1,1,0,0,1,1,0,0,1,0,1,0,1,2
DDD,2014J,556007,1,East Anglian Region,A Level or Equivalent,30-40%,0-35,1,90,0,Fail,14,1,0,0,0,0,0,0,1,1,0,0,0,1,0,5
DDD,2014J,556374,0,Wales,Lower Than A Level,80-90%,35-55,1,60,0,Fail,2,1,1,0,0,0,1,1,0,0,0,1,0,1,0,2
DDD,2014J,556514,1,London Region,Lower Than A Level,50-60%,0-35,0,60,0,Pass,9,1,0,1,1,0,1,1,0,1,0,0,0,1,0,4
DDD,2014J,557083,1,North Western Region,Lower Than A Level,20-Oct,0-35,1,120,1,Withdrawn,1,0,1,0,0,1,1,1,1,1,0,0,0,0,1,2
DDD,2014J,557237,0,Scotland,A Level or Equivalent,20-30%,0-35,1,120,1,Pass,2,0,1,0,0,1,1,1,0,0,0,1,1,0,1,2
DDD,2014J,557389,1,Scotland,HE Qualification,60-70%,0-35,0,60,0,Pass,9,0,0,0,1,1,0,1,0,0,1,1,1,1,0,4
DDD,2014J,557474,0,London Region,A Level or Equivalent,50-60%,0-35,1,60,0,Withdrawn,9,1,1,0,1,1,1,1,0,0,1,1,1,0,1,4
DDD,2014J,559447,1,South West Region,Lower Than A Level,50-60%,0-35,0,60,0,Pass,16,1,1,1,1,1,0,1,0,1,0,1,0,1,0,10
DDD,2014J,559707,0,South East Region,A Level or Equivalent,70-80%,0-35,0,60,0,Fail,9,0,1,1,0,1,0,0,1,1,0,0,0,0,1,4
DDD,2014J,559852,1,South Region,Lower Than A Level,60-70%,0-35,0,60,0,Pass,3,1,0,0,0,1,0,0,0,1,0,0,1,0,0,8
DDD,2014J,559882,0,South Region,Lower Than A Level,60-70%,0-35,0,120,0,Withdrawn,16,0,0,0,0,1,0,1,0,1,0,0,0,0,0,10
DDD,2014J,560301,0,South West Region,A Level or Equivalent,30-40%,0-35,0,60,0,Pass,1,0,1,1,0,0,1,0,1,1,0,0,1,0,1,2
DDD,2014J,561848,0,London Region,A Level or Equivalent,40-50%,0-35,1,120,0,Fail,11,0,0,0,0,0,0,1,0,1,0,0,0,1,1,6
DDD,2014J,561904,1,North Western Region,Lower Than A Level,70-80%,0-35,0,60,0,Pass,4,0,1,0,0,1,1,1,1,1,0,1,0,1,1,8
DDD,2014J,562100,0,North Western Region,A Level or Equivalent,20-30%,35-55,1,60,1,Withdrawn,1,0,0,0,1,0,0,1,0,0,0,0,0,1,1,2
DDD,2014J,562619,1,Scotland,Lower Than A Level,60-70%,35-55,0,210,1,Withdrawn,2,1,0,1,1,0,1,0,0,0,1,1,0,1,0,2
DDD,2014J,562827,1,South East Region,Lower Than A Level,80-90%,0-35,0,60,1,Withdrawn,6,1,1,0,1,1,1,1,1,0,1,1,1,0,0,9
DDD,2014J,562890,1,West Midlands Region,A Level or Equivalent,0-10%,0-35,0,120,0,Withdrawn,12,0,1,0,0,0,0,1,1,0,0,0,1,1,0,7
DDD,2014J,563453,0,East Midlands Region,Lower Than A Level,70-80%,35-55,0,60,0,Pass,2,1,1,1,0,1,1,1,1,0,0,1,0,1,0,2
DDD,2014J,563595,1,West Midlands Region,A Level or Equivalent,50-60%,0-35,0,60,0,Fail,4,1,0,0,1,0,0,0,1,0,1,1,0,0,1,8
DDD,2014J,563710,0,South Region,Lower Than A Level,60-70%,0-35,0,60,0,Withdrawn,11,1,1,1,0,0,1,1,0,1,0,0,1,1,0,6
DDD,2014J,563845,0,East Anglian Region,HE Qualification,90-100%,35-55,0,60,0,Distinction,5,1,0,1,1,1,0,1,1,1,1,0,0,0,1,9
DDD,2014J,563847,1,Ireland,Lower Than A Level,20-30%,0-35,1,60,0,Fail,12,1,1,1,1,1,1,0,1,0,0,1,1,1,1,7
DDD,2014J,564000,1,Wales,A Level or Equivalent,60-70%,0-35,1,60,0,Withdrawn,3,1,1,0,1,1,0,1,0,0,0,0,0,0,1,8
DDD,2014J,564643,1,North Region,Lower Than A Level,20-30%,0-35,1,120,0,Withdrawn,6,0,0,0,1,0,1,0,1,1,1,1,1,0,0,9
DDD,2014J,565006,1,North Western Region,A Level or Equivalent,50-60%,0-35,0,60,0,Fail,15,1,1,1,0,0,1,1,0,0,0,1,1,1,0,10
DDD,2014J,565209,0,Wales,HE Qualification,80-90%,0-35,0,90,0,Pass,5,1,1,1,1,0,0,0,1,1,0,1,0,0,1,9
DDD,2014J,565446,1,South Region,A Level or Equivalent,20-Oct,0-35,0,60,0,Pass,8,1,0,0,0,0,0,1,1,0,0,0,0,0,1,3
DDD,2014J,566134,0,North Western Region,Lower Than A Level,0-10%,0-35,1,60,0,Withdrawn,8,0,1,0,0,0,1,1,1,1,0,0,0,1,1,3
DDD,2014J,566300,0,Wales,Lower Than A Level,60-70%,0-35,0,60,0,Pass,10,0,1,0,1,0,1,1,0,0,1,0,1,0,0,1
DDD,2014J,566482,1,London Region,A Level or Equivalent,30-40%,0-35,1,120,0,Withdrawn,16,0,0,1,0,1,1,1,1,0,1,0,1,0,1,10
DDD,2014J,566553,1,Scotland,HE Qualification,70-80%,35-55,1,60,0,Fail,9,0,0,1,0,1,0,0,1,0,0,1,1,0,1,4
DDD,2014J,566560,0,Scotland,HE Qualification,30-40%,0-35,0,205,0,Withdrawn,15,0,1,0,0,1,0,1,0,0,0,1,1,1,1,10
DDD,2014J,566712,1,London Region,Lower Than A Level,40-50%,0-35,0,120,0,Withdrawn,16,0,0,1,1,0,0,1,1,1,0,1,0,0,0,10
DDD,2014J,567176,1,North Region,A Level or Equivalent,30-40%,0-35,1,60,0,Fail,9,1,0,1,0,0,1,1,0,1,0,0,1,0,0,4
DDD,2014J,567281,0,South West Region,A Level or Equivalent,20-Oct,0-35,0,90,1,Withdrawn,7,1,0,0,1,0,0,0,1,1,0,0,0,0,1,3
DDD,2014J,567285,0,Ireland,A Level or Equivalent,70-80%,0-35,1,60,0,Pass,14,1,0,0,1,0,1,1,1,1,1,0,1,0,1,5
DDD,2014J,567597,1,East Anglian Region,A Level or Equivalent,40-50%,0-35,0,90,1,Withdrawn,2,0,0,1,0,1,0,0,1,1,0,0,1,1,1,2
DDD,2014J,568103,0,Scotland,A Level or Equivalent,40-50%,0-35,0,60,0,Pass,13,0,0,0,1,1,0,0,1,0,1,0,0,1,1,5
DDD,2014J,568297,0,South East Region,Lower Than A Level,20-30%,0-35,0,60,0,Fail,6,1,1,1,0,1,1,1,0,1,1,0,1,1,0,9
DDD,2014J,568415,1,North Western Region,A Level or Equivalent,40-50%,0-35,0,120,0,Withdrawn,15,1,1,0,0,0,1,1,1,1,0,1,1,0,1,10
DDD,2014J,568446,0,North Western Region,HE Qualification,60-70%,35-55,0,60,0,Distinction,12,0,1,0,0,0,1,0,1,1,1,0,1,1,1,7
DDD,2014J,569633,1,North Western Region,A Level or Equivalent,50-60%,0-35,0,90,0,Pass,5,0,1,1,0,1,1,1,1,1,1,0,0,0,1,9
DDD,2014J,569737,0,South West Region,A Level or Equivalent,90-100%,0-35,0,60,0,Pass,6,0,1,0,1,1,0,0,1,1,0,0,1,1,0,9
DDD,2014J,569749,1,South Region,Lower Than A Level,60-70%,0-35,0,90,0,Withdrawn,6,1,1,1,0,1,1,1,0,1,0,1,1,1,0,9
DDD,2014J,569840,1,West Midlands Region,HE Qualification,20-Oct,0-35,1,60,0,Pass,16,1,0,1,1,0,0,1,1,0,0,0,1,1,0,10
DDD,2014J,570119,1,London Region,A Level or Equivalent,20-Oct,35-55,0,90,0,Pass,16,1,1,1,1,1,0,1,0,1,0,1,1,1,0,10
DDD,2014J,570411,1,Ireland,A Level or Equivalent,,0-35,0,60,0,Pass,3,0,1,0,1,0,1,0,0,0,1,1,1,1,1,8
DDD,2014J,570863,1,East Anglian Region,A Level or Equivalent,30-40%,0-35,0,60,0,Pass,6,0,1,1,1,0,0,1,0,0,0,1,1,1,1,9
DDD,2014J,571292,1,Wales,Lower Than A Level,60-70%,35-55,1,60,0,Fail,8,0,0,0,1,0,0,1,0,0,1,0,0,1,1,3
DDD,2014J,571382,0,North Western Region,A Level or Equivalent,0-10%,0-35,1,60,0,Withdrawn,15,1,0,1,1,1,0,1,0,0,0,1,1,1,0,10
DDD,2014J,571644,1,South Region,A Level or Equivalent,60-70%,35-55,0,60,0,Pass,7,1,0,1,0,0,0,0,0,0,0,1,0,1,0,3
DDD,2014J,572043,0,North Region,A Level or Equivalent,20-Oct,35-55,1,60,0,Withdrawn,6,0,1,1,1,1,0,1,0,0,0,1,1,0,0,9
DDD,2014J,572156,0,North Western Region,A Level or Equivalent,20-30%,35-55,1,60,1,Pass,2,0,0,1,0,1,1,0,1,0,0,0,0,0,1,2
DDD,2014J,572281,0,East Midlands Region,A Level or Equivalent,40-50%,35-55,1,60,1,Pass,7,1,1,1,1,0,0,0,0,1,1,1,0,0,0,3
DDD,2014J,572413,0,West Midlands Region,Lower Than A Level,20-Oct,0-35,0,120,0,Withdrawn,8,0,0,1,1,0,1,0,0,1,1,1,1,0,1,3
DDD,2014J,572414,1,Ireland,Lower Than A Level,20-Oct,0-35,2,60,0,Withdrawn,4,1,1,1,1,0,1,0,1,0,1,0,1,1,0,8
DDD,2014J,572430,1,North Western Region,A Level or Equivalent,70-80%,0-35,0,150,0,Pass,5,0,0,0,0,0,1,1,0,1,0,0,0,1,0,9
DDD,2014J,572434,0,North Region,A Level or Equivalent,0-10%,0-35,0,60,0,Pass,3,1,1,1,0,1,0,1,0,0,1,1,0,1,0,8
DDD,2014J,572722,1,South Region,A Level or Equivalent,20-30%,0-35,0,60,0,Withdrawn,5,0,0,1,1,1,1,0,0,1,1,0,0,1,0,9
DDD,2014J,572880,1,South Region,A Level or Equivalent,90-100%,0-35,1,60,1,Fail,9,0,0,1,1,0,0,1,0,1,0,0,0,1,0,4
DDD,2014J,573328,1,London Region,Lower Than A Level,60-70%,0-35,0,60,0,Fail,5,1,1,0,1,0,1,1,1,0,0,1,1,1,0,9
DDD,2014J,573646,0,North Western Region,A Level or Equivalent,20-30%,35-55,1,60,0,Fail,8,1,1,1,0,1,0,1,1,1,0,0,0,1,0,3
DDD,2014J,573742,0,East Anglian Region,Lower Than A Level,20-Oct,0-35,0,60,0,Pass,2,0,1,0,1,1,0,0,1,0,0,0,1,0,0,2
DDD,2014J,573969,1,North Western Region,Lower Than A Level,70-80%,0-35,0,60,0,Pass,7,1,0,1,1,1,0,0,0,1,0,1,0,1,0,3
DDD,2014J,574347,1,Wales,A Level or Equivalent,20-30%,0-35,0,60,0,Pass,16,0,0,1,0,0,1,1,0,0,1,1,1,1,0,10
DDD,2014J,574431,1,Wales,Lower Than A Level,60-70%,35-55,0,120,0,Fail,14,0,1,1,0,1,1,0,0,0,1,0,0,1,0,5
DDD,2014J,574612,0,East Anglian Region,A Level or Equivalent,40-50%,0-35,0,60,0,Fail,2,1,1,1,0,1,1,0,1,0,1,0,1,1,0,2
DDD,2014J,574843,0,North Western Region,Lower Than A Level,50-60%,0-35,0,60,0,Withdrawn,6,1,1,1,0,0,1,0,0,1,0,1,0,0,0,9
DDD,2014J,574866,0,North Region,Lower Than A Level,30-40%,0-35,1,60,0,Withdrawn,8,1,1,1,1,1,1,1,1,0,1,1,1,1,0,3
DDD,2014J,574928,1,Yorkshire Region,A Level or Equivalent,0-10%,0-35,0,120,0,Pass,11,0,0,1,1,1,0,0,1,1,0,0,1,0,0,6
DDD,2014J,575009,1,South Region,A Level or Equivalent,90-100%,0-35,0,60,0,Pass,12,1,1,1,0,0,0,0,1,0,0,0,1,1,1,7
DDD,2014J,575200,1,North Western Region,A Level or Equivalent,30-40%,0-35,0,120,0,Withdrawn,12,0,0,0,0,0,0,0,0,1,0,1,0,1,0,7
DDD,2014J,575272,1,North Western Region,A Level or Equivalent,30-40%,0-35,0,70,1,Withdrawn,7,1,0,0,1,0,0,1,0,0,1,0,1,0,1,3
DDD,2014J,575337,1,Scotland,HE Qualification,60-70%,0-35,1,120,0,Withdrawn,12,0,0,1,0,1,1,1,0,1,0,0,1,0,0,7
DDD,2014J,575380,1,North Western Region,Lower Than A Level,0-10%,0-35,0,60,0,Pass,16,0,1,0,0,1,0,1,1,0,0,0,1,1,1,10
DDD,2014J,575398,0,North Western Region,Lower Than A Level,50-60%,0-35,0,90,0,Fail,6,1,1,1,0,1,0,1,1,0,1,0,1,0,0,9
DDD,2014J,575566,0,East Midlands Region,A Level or Equivalent,80-90%,0-35,0,60,0,Fail,14,1,1,1,0,0,0,1,1,0,1,0,1,0,1,5
DDD,2014J,575855,0,London Region,HE Qualification,80-90%,0-35,1,60,0,Pass,9,0,1,0,1,0,0,0,1,1,0,1,0,0,1,4
DDD,2014J,575999,1,East Midlands Region,A Level or Equivalent,30-40%,35-55,1,60,0,Fail,10,0,1,1,1,0,0,1,1,0,1,1,1,1,0,1
DDD,2014J,576306,1,East Anglian Region,Lower Than A Level,60-70%,0-35,1,60,0,Pass,8,0,1,1,0,1,0,1,1,1,0,0,1,0,1,3
DDD,2014J,576515,0,East Anglian Region,HE Qualification,60-70%,0-35,0,60,0,Pass,5,0,0,1,0,1,1,1,0,0,1,0,0,0,1,9
DDD,2014J,576885,1,East Anglian Region,Lower Than A Level,60-70%,35-55,0,120,0,Pass,8,0,1,1,0,0,1,1,1,1,1,1,1,1,0,3
DDD,2014J,577196,1,Scotland,A Level or Equivalent,20-Oct,0-35,1,60,1,Pass,12,1,0,0,0,0,0,1,0,1,0,0,1,0,0,7
DDD,2014J,577359,0,East Midlands Region,Lower Than A Level,20-30%,0-35,0,120,0,Withdrawn,13,0,1,0,0,1,1,1,1,1,1,0,0,1,0,5
DDD,2014J,577520,0,South Region,Lower Than A Level,80-90%,0-35,0,60,0,Pass,3,1,1,1,1,0,0,0,0,1,0,0,0,1,1,8
DDD,2014J,577526,0,West Midlands Region,A Level or Equivalent,50-60%,0-35,1,60,0,Pass,2,0,0,1,0,1,0,1,0,0,0,1,1,0,1,2
DDD,2014J,577566,0,North Region,HE Qualification,20-Oct,0-35,0,90,0,Pass,8,1,1,0,1,1,0,0,0,0,1,0,0,1,0,3
DDD,2014J,577638,1,West Midlands Region,A Level or Equivalent,20-Oct,0-35,1,90,1,Pass,3,0,0,0,1,1,1,0,0,1,1,0,1,0,1,8
DDD,2014J,577652,1,London Region,Lower Than A Level,70-80%,0-35,1,120,0,Pass,11,1,1,1,1,0,0,1,1,0,0,1,1,1,1,6
DDD,2014J,577751,1,Scotland,A Level or Equivalent,40-50%,0-35,0,60,0,Pass,13,1,1,0,1,1,1,1,0,0,0,1,1,1,1,5
DDD,2014J,577934,0,South East Region,HE Qualification,40-50%,35-55,0,120,0,Withdrawn,7,0,0,0,0,0,0,1,1,1,1,0,1,1,0,3
DDD,2014J,577937,0,South West Region,Lower Than A Level,80-90%,35-55,0,60,0,Pass,14,1,1,1,1,1,0,1,1,0,0,0,1,0,1,5
DDD,2014J,577977,1,West Midlands Region,Lower Than A Level,90-100%,0-35,2,120,0,Withdrawn,10,1,0,1,1,0,1,0,0,1,0,1,1,0,1,1
DDD,2014J,578395,1,Scotland,A Level or Equivalent,60-70%,35-55,0,60,0,Pass,14,1,0,1,1,1,1,0,0,0,1,1,1,0,0,5
DDD,2014J,578427,1,South Region,Lower Than A Level,0-10%,0-35,1,60,0,Fail,11,0,0,0,0,0,1,0,1,0,1,1,1,1,0,6
DDD,2014J,578616,1,East Anglian Region,Lower Than A Level,20-Oct,35-55,0,60,0,Pass,3,0,0,1,0,0,0,1,0,0,0,0,1,1,0,8
DDD,2014J,578646,0,West Midlands Region,A Level or Equivalent,90-100%,0-35,0,60,0,Pass,12,0,0,1,0,0,0,0,0,1,0,0,0,0,1,7
DDD,2014J,578857,0,South West Region,A Level or Equivalent,70-80%,0-35,0,60,0,Pass,6,1,1,0,0,1,0,1,0,1,1,1,0,1,0,9
DDD,2014J,579017,0,East Anglian Region,Lower Than A Level,40-50%,0-35,0,60,0,Pass,9,0,0,1,1,1,1,1,1,1,0,0,1,0,0,4
DDD,2014J,579172,1,Ireland,Lower Than A Level,,35-55,0,60,0,Fail,11,1,0,1,1,0,0,1,0,1,1,0,0,1,0,6
DDD,2014J,579386,1,East Midlands Region,A Level or Equivalent,40-50%,35-55,0,60,0,Pass,15,0,1,0,0,1,1,1,0,0,0,0,1,1,0,10
DDD,2014J,580450,0,East Anglian Region,Post Graduate Qualification,90-100%,0-35,1,60,0,Fail,8,0,0,0,1,0,1,0,0,1,0,0,0,0,1,3
DDD,2014J,580458,1,London Region,A Level or Equivalent,70-80%,0-35,0,60,0,Pass,3,0,1,1,0,1,0,1,0,0,1,0,0,0,1,8
DDD,2014J,580534,0,North Western Region,A Level or Equivalent,0-10%,0-35,1,60,0,Fail,8,1,0,1,1,1,0,1,1,0,1,1,1,0,1,3
DDD,2014J,580838,0,East Anglian Region,A Level or Equivalent,50-60%,0-35,0,60,0,Withdrawn,14,0,0,1,0,1,1,1,1,0,1,0,1,1,0,5
DDD,2014J,582009,1,South East Region,A Level or Equivalent,0-10%,0-35,0,60,0,Pass,10,0,0,1,1,1,0,0,0,1,1,0,1,0,1,1
DDD,2014J,582197,0,Wales,HE Qualification,20-30%,35-55,0,60,0,Pass,3,0,1,0,1,0,0,0,0,1,0,0,0,1,1,8
DDD,2014J,582608,0,South Region,Lower Than A Level,90-100%,0-35,0,120,0,Pass,8,1,0,0,0,1,0,0,1,1,1,1,1,1,1,3
DDD,2014J,583092,0,Yorkshire Region,HE Qualification,90-100%,0-35,0,60,0,Withdrawn,7,0,0,1,0,0,1,1,1,0,0,1,1,1,1,3
DDD,2014J,583147,0,Wales,Lower Than A Level,50-60%,0-35,1,120,0,Withdrawn,14,0,1,0,1,0,0,1,0,1,1,1,0,0,0,5
DDD,2014J,583276,1,West Midlands Region,A Level or Equivalent,40-50%,0-35,0,60,0,Withdrawn,6,0,0,0,1,1,1,1,0,1,1,1,1,1,0,9
DDD,2014J,583604,1,London Region,Lower Than A Level,60-70%,0-35,0,60,0,Withdrawn,14,1,1,1,1,0,0,0,0,1,1,1,0,1,1,5
DDD,2014J,584038,0,London Region,Lower Than A Level,20-30%,35-55,0,120,0,Withdrawn,9,0,0,0,0,1,1,1,0,0,0,0,0,0,1,4
DDD,2014J,584077,0,North Western Region,A Level or Equivalent,20-30%,0-35,2,90,0,Withdrawn,10,1,1,0,0,0,1,1,1,0,0,0,1,1,0,1
DDD,2014J,584591,1,South West Region,A Level or Equivalent,0-10%,0-35,1,150,1,Withdrawn,12,0,1,1,1,0,1,0,0,0,0,0,1,1,0,7
DDD,2014J,584981,0,Scotland,A Level or Equivalent,20-30%,0-35,1,90,0,Pass,14,1,1,0,0,0,0,1,1,1,1,1,1,1,0,5
DDD,2014J,585153,0,South West Region,Lower Than A Level,60-70%,0-35,0,120,0,Pass,14,0,0,1,0,0,0,1,0,1,1,1,1,0,1,5
DDD,2014J,585354,1,East Anglian Region,A Level or Equivalent,70-80%,0-35,0,60,0,Pass,16,1,1,1,1,0,0,1,1,0,1,1,0,1,1,10
DDD,2014J,585432,0,Wales,HE Qualification,40-50%,35-55,0,60,0,Pass,4,0,0,1,1,1,0,0,1,0,1,0,1,1,0,8
DDD,2014J,585526,0,North Western Region,Lower Than A Level,50-60%,0-35,0,150,0,Pass,16,0,1,0,0,0,1,1,1,1,1,0,1,0,1,10
DDD,2014J,585626,1,South East Region,A Level or Equivalent,50-60%,35-55,0,60,0,Pass,6,0,0,0,1,1,0,1,0,1,0,1,1,0,1,9
DDD,2014J,585773,1,South West Region,A Level or Equivalent,50-60%,35-55,0,60,0,Pass,3,0,0,0,1,1,1,1,1,1,0,0,1,0,1,8
DDD,2014J,585832,1,North Region,A Level or Equivalent,20-30%,0-35,0,60,1,Pass,13,0,0,0,1,1,0,0,0,1,1,0,1,0,0,5
DDD,2014J,585998,1,Wales,Lower Than A Level,40-50%,0-35,1,60,0,Fail,7,1,1,0,1,0,1,0,1,0,0,1,1,0,0,3
DDD,2014J,586121,0,Scotland,A Level or Equivalent,60-70%,0-35,0,60,0,Pass,11,0,1,0,1,1,0,0,1,0,0,0,0,0,0,6
DDD,2014J,586315,0,East Midlands Region,Lower Than A Level,20-30%,0-35,0,60,0,Pass,12,0,1,0,1,1,1,0,0,0,0,1,0,0,1,7
DDD,2014J,586444,1,Wales,A Level or Equivalent,30-40%,0-35,0,60,0,Withdrawn,8,1,1,0,0,1,1,0,1,0,0,0,1,1,1,3
DDD,2014J,586729,1,West Midlands Region,A Level or Equivalent,90-100%,0-35,0,120,0,Pass,5,0,1,1,0,1,1,1,0,0,1,1,1,1,0,9
DDD,2014J,586946,1,West Midlands Region,A Level or Equivalent,80-90%,0-35,1,60,0,Pass,16,1,1,0,0,0,1,0,0,0,0,0,0,0,0,10
DDD,2014J,586957,0,Wales,A Level or Equivalent,30-40%,0-35,0,120,1,Withdrawn,13,0,1,0,1,1,1,0,1,1,1,1,1,0,1,5
DDD,2014J,587140,1,Scotland,HE Qualification,60-70%,35-55,0,60,0,Pass,11,1,1,0,0,1,1,0,0,0,1,0,0,1,1,6
DDD,2014J,587375,0,East Anglian Region,A Level or Equivalent,50-60%,0-35,0,60,0,Pass,13,0,1,0,1,0,0,1,0,1,0,1,1,1,1,5
DDD,2014J,587446,1,South Region,A Level or Equivalent,80-90%,0-35,1,90,0,Pass,9,1,1,0,0,0,0,0,1,0,0,1,0,0,0,4
DDD,2014J,587576,0,North Region,A Level or Equivalent,,0-35,2,120,0,Pass,13,1,0,1,0,1,0,1,1,1,0,1,0,1,0,5
DDD,2014J,587579,0,North Region,A Level or Equivalent,60-70%,0-35,0,60,0,Pass,8,0,0,0,0,1,1,0,1,0,1,1,1,1,0,3
DDD,2014J,587772,1,South East Region,A Level or Equivalent,80-90%,0-35,1,90,0,Withdrawn,6,1,1,0,1,1,0,0,0,0,0,0,0,0,0,9
DDD,2014J,587777,0,Wales,Lower Than A Level,30-40%,0-35,0,60,0,Fail,15,0,1,1,1,1,1,1,1,0,1,0,1,0,1,10
DDD,2014J,588058,0,South Region,Lower Than A Level,50-60%,35-55,0,180,1,Withdrawn,3,0,0,0,0,0,0,1,1,1,1,1,1,0,1,8
DDD,2014J,588179,0,South East Region,Lower Than A Level,40-50%,0-35,0,120,0,Pass,16,1,0,1,1,1,0,1,1,1,1,0,0,1,1,10
DDD,2014J,588203,0,Yorkshire Region,HE Qualification,40-50%,0-35,0,120,0,Pass,11,0,1,0,1,1,1,0,0,1,0,1,1,0,0,6
DDD,2014J,588240,0,West Midlands Region,A Level or Equivalent,60-70%,35-55,0,60,0,Pass,16,0,0,1,0,1,1,0,1,1,0,1,1,1,1,10
DDD,2014J,588383,0,Wales,Lower Than A Level,20-Oct,0-35,0,180,0,Withdrawn,10,1,0,0,1,1,0,1,1,1,0,0,1,1,1,1
DDD,2014J,588954,0,Wales,A Level or Equivalent,0-10%,0-35,1,120,0,Withdrawn,15,1,0,1,0,1,1,1,0,0,1,1,1,0,0,10
DDD,2014J,589279,0,South East Region,A Level or Equivalent,80-90%,35-55,0,60,0,Pass,13,0,1,1,1,1,0,0,0,1,1,1,0,0,1,5
DDD,2014J,589585,1,East Midlands Region,Lower Than A Level,40-50%,0-35,0,60,0,Pass,14,0,1,1,0,0,1,0,0,0,1,1,1,1,0,5
DDD,2014J,590110,1,East Midlands Region,A Level or Equivalent,20-Oct,0-35,0,120,0,Withdrawn,10,1,1,0,1,0,1,0,0,0,1,0,0,1,0,1
DDD,2014J,590127,1,South Region,A Level or Equivalent,20-Oct,0-35,0,60,0,Pass,2,1,1,1,0,1,1,1,1,0,0,0,0,1,1,2
DDD,2014J,590227,1,East Anglian Region,HE Qualification,30-40%,0-35,0,60,0,Withdrawn,13,0,0,0,1,1,1,0,0,1,0,0,1,0,1,5
DDD,2014J,590340,1,North Region,Lower Than A Level,0-10%,0-35,0,70,0,Distinction,1,0,1,1,0,1,1,0,1,1,0,0,0,1,1,2
DDD,2014J,590562,1,South West Region,A Level or Equivalent,40-50%,0-35,0,60,0,Pass,14,1,0,0,0,0,0,1,0,0,1,1,0,1,1,5
DDD,2014J,590616,0,South West Region,A Level or Equivalent,60-70%,0-35,0,60,0,Fail,12,0,0,1,0,0,0,1,1,1,0,0,0,0,1,7
DDD,2014J,590632,1,Wales,A Level or Equivalent,90-100%,35-55,0,60,0,Withdrawn,9,1,1,0,1,1,0,1,1,1,0,1,1,1,1,4
DDD,2014J,590753,0,North Western Region,A Level or Equivalent,20-Oct,0-35,0,60,0,Fail,3,0,1,1,0,0,0,1,1,1,1,0,1,0,0,8
DDD,2014J,590886,0,North Western Region,HE Qualification,20-30%,0-35,1,90,0,Pass,10,1,1,0,1,0,0,0,0,1,1,1,1,1,1,1
DDD,2014J,590920,1,East Midlands Region,Lower Than A Level,20-30%,0-35,1,60,0,Pass,9,1,0,1,1,0,0,1,1,0,0,0,1,0,0,4
DDD,2014J,591540,0,North Western Region,A Level or Equivalent,0-10%,35-55,0,60,0,Pass,1,0,1,1,1,0,1,1,0,1,1,0,0,1,1,2
DDD,2014J,591852,1,Scotland,A Level or Equivalent,0-10%,35-55,2,60,1,Withdrawn,2,1,0,1,0,1,1,1,0,0,0,0,1,0,1,2
DDD,2014J,592214,1,South Region,A Level or Equivalent,80-90%,0-35,0,60,0,Pass,9,0,0,0,0,0,0,1,0,0,1,1,1,1,0,4
DDD,2014J,592221,0,East Anglian Region,A Level or Equivalent,90-100%,0-35,0,90,0,Pass,10,0,0,1,1,1,1,0,1,1,0,0,0,0,0,1
DDD,2014J,592344,1,East Anglian Region,A Level or Equivalent,70-80%,0-35,0,180,0,Withdrawn,6,0,1,1,0,0,0,1,1,1,1,0,1,0,1,9
DDD,2014J,592661,0,Scotland,A Level or Equivalent,40-50%,0-35,0,60,0,Pass,4,0,1,0,0,1,1,1,0,0,0,0,1,1,1,8
DDD,2014J,592899,0,South Region,Lower Than A Level,40-50%,35-55,0,60,0,Fail,3,0,0,0,1,0,1,1,1,0,1,0,1,0,1,8
DDD,2014J,593099,0,North Region,Lower Than A Level,20-30%,0-35,1,60,0,Distinction,12,0,0,1,0,1,0,0,0,1,1,0,1,0,1,7
DDD,2014J,593373,0,North Region,A Level or Equivalent,,0-35,0,60,0,Pass,7,1,1,1,1,1,0,1,0,0,1,0,1,0,1,3
DDD,2014J,593556,0,Scotland,HE Qualification,30-40%,0-35,0,60,0,Fail,6,0,1,0,0,0,0,1,0,0,1,0,1,0,1,9
DDD,2014J,593903,0,South Region,A Level or Equivalent,70-80%,0-35,1,210,0,Pass,14,0,0,1,0,0,1,1,0,0,1,0,1,0,0,5
DDD,2014J,593976,1,Yorkshire Region,Lower Than A Level,50-60%,35-55,0,60,0,Pass,6,1,0,0,1,1,0,1,1,1,1,1,1,0,1,9
DDD,2014J,594033,1,East Anglian Region,A Level or Equivalent,90-100%,35-55,0,60,0,Pass,14,0,1,0,0,0,1,0,0,0,0,1,1,1,1,5
DDD,2014J,594048,0,South East Region,Lower Than A Level,60-70%,0-35,0,60,0,Pass,10,1,1,0,0,0,0,0,1,1,0,1,1,1,0,1
DDD,2014J,594071,1,Scotland,A Level or Equivalent,40-50%,0-35,0,60,0,Pass,12,0,0,0,1,0,1,1,0,1,1,0,1,0,0,7
DDD,2014J,594161,0,West Midlands Region,Lower Than A Level,0-10%,0-35,0,60,0,Pass,15,0,0,0,1,1,1,1,0,0,0,1,0,0,1,10
DDD,2014J,594164,1,North Western Region,HE Qualification,0-10%,0-35,1,270,1,Withdrawn,16,0,1,1,0,1,0,1,0,0,1,1,0,1,1,10
DDD,2014J,594329,0,Wales,Lower Than A Level,90-100%,0-35,0,60,0,Fail,7,0,0,0,0,1,0,1,0,0,0,0,1,0,0,3
DDD,2014J,594950,0,North Western Region,HE Qualification,80-90%,35-55,0,60,0,Distinction,10,0,0,0,1,1,0,0,0,0,1,0,1,1,1,1
DDD,2014J,595215,0,Wales,A Level or Equivalent,80-90%,0-35,0,60,0,Pass,6,0,0,1,0,1,1,0,1,0,1,1,0,0,1,9
DDD,2014J,595310,0,Scotland,HE Qualification,20-30%,0-35,0,180,0,Pass,16,1,0,0,0,0,0,0,1,1,1,0,0,1,0,10
DDD,2014J,595396,1,South Region,A Level or Equivalent,60-70%,0-35,1,60,0,Withdrawn,1,0,1,1,1,0,1,1,0,0,0,1,0,1,1,2
DDD,2014J,595741,0,South Region,Lower Than A Level,80-90%,0-35,0,60,0,Fail,14,1,1,1,0,0,0,1,0,1,1,0,1,1,1,5
DDD,2014J,595787,0,Wales,HE Qualification,20-30%,0-35,0,60,0,Withdrawn,12,0,1,1,0,1,1,0,1,0,1,0,1,0,0,7
DDD,2014J,595876,0,Yorkshire Region,A Level or Equivalent,70-80%,0-35,0,60,0,Pass,5,1,0,0,0,1,0,1,1,0,1,1,1,0,0,9
DDD,2014J,595883,1,South Region,A Level or Equivalent,90-100%,0-35,0,60,0,Fail,1,1,1,0,1,1,1,0,0,0,0,1,0,1,1,2
DDD,2014J,596322,1,Scotland,HE Qualification,80-90%,35-55,0,60,0,Pass,4,0,1,1,0,1,0,0,1,1,0,1,0,1,1,8
DDD,2014J,596359,0,East Anglian Region,HE Qualification,90-100%,0-35,0,60,0,Pass,15,0,0,1,0,1,0,0,0,1,0,0,0,1,1,10
DDD,2014J,596420,0,North Region,A Level or Equivalent,20-Oct,0-35,0,60,0,Withdrawn,5,1,1,0,0,0,1,0,0,1,1,0,1,0,0,9
DDD,2014J,596620,1,East Midlands Region,Lower Than A Level,20-30%,0-35,2,120,1,Withdrawn,14,0,0,1,1,0,0,1,1,1,0,1,0,1,1,5
DDD,2014J,596759,1,Scotland,Lower Than A Level,70-80%,0-35,0,60,0,Pass,11,1,1,1,1,1,1,1,0,1,1,0,1,1,0,6
DDD,2014J,597529,0,London Region,Lower Than A Level,50-60%,35-55,0,60,0,Pass,13,1,1,0,0,0,1,0,0,0,0,1,0,1,1,5
DDD,2014J,597608,0,South East Region,A Level or Equivalent,70-80%,35-55,0,60,0,Pass,13,1,1,1,1,0,0,0,1,1,0,0,0,0,0,5
DDD,2014J,597779,1,Scotland,A Level or Equivalent,20-30%,0-35,0,60,0,Withdrawn,8,0,0,0,1,0,1,1,0,1,0,0,1,0,1,3
DDD,2014J,597786,0,London Region,Lower Than A Level,20-30%,0-35,0,60,0,Pass,6,1,0,0,0,0,1,0,1,0,0,1,0,0,0,9
DDD,2014J,597814,0,South West Region,A Level or Equivalent,50-60%,0-35,0,270,0,Withdrawn,15,1,0,1,1,1,0,0,1,0,0,0,0,1,1,10
DDD,2014J,598103,0,East Midlands Region,A Level or Equivalent,80-90%,0-35,0,60,0,Pass,8,1,1,0,1,0,0,0,1,0,0,1,1,0,0,3
DDD,2014J,598123,0,West Midlands Region,A Level or Equivalent,20-Oct,0-35,1,240,1,Withdrawn,11,0,0,1,1,0,1,0,0,0,1,0,0,0,1,6
DDD,2014J,598141,0,Scotland,HE Qualification,30-40%,35-55,0,120,0,Pass,1,1,0,0,0,0,1,1,0,0,1,0,1,1,1,2
DDD,2014J,598283,1,Scotland,HE Qualification,40-50%,0-35,0,120,0,Withdrawn,3,1,0,1,1,1,1,0,1,0,0,0,0,1,0,8
DDD,2014J,598303,0,London Region,A Level or Equivalent,20-30%,0-35,0,60,0,Fail,7,1,1,0,1,0,0,1,1,0,1,1,1,0,0,3
DDD,2014J,598493,0,East Anglian Region,Lower Than A Level,70-80%,35-55,0,60,1,Withdrawn,15,0,0,1,1,1,0,1,1,1,0,1,1,1,0,10
DDD,2014J,598536,1,East Midlands Region,A Level or Equivalent,0-10%,0-35,1,60,0,Fail,6,1,0,0,1,1,1,1,1,0,1,1,1,0,0,9
DDD,2014J,599083,1,West Midlands Region,A Level or Equivalent,90-100%,0-35,0,60,0,Pass,3,0,0,0,0,0,1,1,1,1,1,0,0,1,1,8
DDD,2014J,599270,0,West Midlands Region,Lower Than A Level,20-30%,0-35,0,60,0,Withdrawn,2,1,1,1,0,0,1,0,1,0,1,1,0,1,0,2
DDD,2014J,599651,0,South East Region,Lower Than A Level,60-70%,0-35,0,60,0,Fail,7,1,1,0,1,1,0,1,1,1,1,1,1,0,1,3
DDD,2014J,599742,1,South West Region,A Level or Equivalent,80-90%,0-35,1,60,0,Withdrawn,2,0,0,1,0,0,1,1,1,0,1,1,0,1,0,2
DDD,2014J,599837,1,Scotland,A Level or Equivalent,0-10%,35-55,2,60,1,Fail,5,0,1,1,0,0,1,1,0,0,0,0,0,0,1,9
DDD,2014J,599877,0,London Region,A Level or Equivalent,40-50%,0-35,0,120,0,Withdrawn,12,0,1,0,1,1,0,1,1,1,0,0,1,0,1,7
DDD,2014J,600033,0,South Region,Lower Than A Level,80-90%,35-55,0,60,0,Pass,9,0,0,0,0,1,1,0,0,0,1,1,1,0,0,4
DDD,2014J,600502,0,London Region,Lower Than A Level,70-80%,0-35,0,150,0,Fail,8,1,0,0,1,0,0,0,1,0,0,0,1,1,1,3
DDD,2014J,600554,0,East Anglian Region,A Level or Equivalent,30-40%,0-35,0,60,1,Withdrawn,15,1,0,1,0,0,1,0,1,1,1,1,1,0,1,10
DDD,2014J,600616,0,South East Region,A Level or Equivalent,80-90%,0-35,0,120,0,Withdrawn,3,0,1,0,1,0,0,1,1,1,1,0,1,0,0,8
DDD,2014J,600680,0,East Midlands Region,Lower Than A Level,60-70%,35-55,0,60,0,Pass,8,0,1,1,0,1,0,1,1,1,1,0,0,1,0,3
DDD,2014J,601418,0,North Region,HE Qualification,,35-55,0,60,0,Pass,15,1,0,0,0,1,0,0,1,1,1,1,0,1,0,10
DDD,2014J,601488,0,North Western Region,Lower Than A Level,20-30%,0-35,1,60,0,Pass,12,1,0,0,1,1,1,0,0,0,0,0,1,0,0,7
DDD,2014J,602029,1,East Midlands Region,Lower Than A Level,70-80%,35-55,0,60,0,Pass,2,1,0,1,1,1,1,0,0,0,0,0,0,1,0,2
DDD,2014J,602185,0,Scotland,HE Qualification,50-60%,0-35,0,90,0,Pass,13,1,0,1,0,0,1,1,1,0,1,1,0,1,0,5
DDD,2014J,602318,0,North Region,Lower Than A Level,,0-35,0,60,0,Distinction,7,0,1,0,0,1,0,1,1,0,1,0,1,1,0,3
DDD,2014J,602528,0,East Anglian Region,HE Qualification,90-100%,35-55,0,60,0,Pass,8,1,1,1,0,0,0,0,1,0,0,0,0,1,1,3
DDD,2014J,603224,1,South Region,A Level or Equivalent,90-100%,35-55,0,60,0,Pass,6,1,0,1,0,0,0,0,1,1,0,1,1,0,0,9
DDD,2014J,603303,0,North Region,A Level or Equivalent,,0-35,0,120,0,Distinction,13,1,1,1,0,1,0,0,1,1,0,0,1,1,0,5
DDD,2014J,603406,0,North Western Region,Lower Than A Level,20-30%,0-35,0,60,0,Pass,12,0,0,0,0,1,1,0,0,1,1,0,1,1,0,7
DDD,2014J,603490,1,East Midlands Region,A Level or Equivalent,20-30%,0-35,0,120,0,Withdrawn,3,1,1,1,1,1,0,1,1,1,1,1,1,1,0,8
DDD,2014J,603493,1,East Anglian Region,No Formal quals,60-70%,0-35,0,60,0,Withdrawn,12,0,0,1,0,0,1,1,0,1,1,0,0,1,0,7
DDD,2014J,603726,0,South West Region,A Level or Equivalent,70-80%,0-35,0,60,0,Withdrawn,5,0,0,0,1,0,0,1,1,0,1,0,0,0,1,9
DDD,2014J,603961,0,South Region,Lower Than A Level,,0-35,0,60,0,Pass,14,1,0,1,1,0,1,0,1,0,0,1,0,1,1,5
DDD,2014J,604500,0,South Region,Lower Than A Level,70-80%,0-35,0,60,0,Pass,15,0,1,1,0,1,1,1,0,1,1,0,0,0,0,10
DDD,2014J,604632,0,South West Region,A Level or Equivalent,0-10%,0-35,0,180,0,Withdrawn,3,0,1,1,0,1,1,0,0,1,0,0,1,0,0,8
DDD,2014J,604671,0,North Western Region,Lower Than A Level,20-30%,0-35,0,60,0,Fail,11,1,0,0,0,1,1,1,1,0,0,0,0,1,0,6
DDD,2014J,604709,0,North Western Region,Lower Than A Level,20-30%,0-35,0,60,0,Pass,6,0,0,1,0,1,0,0,1,0,1,0,0,1,1,9
DDD,2014J,605070,0,North Region,A Level or Equivalent,,0-35,1,120,0,Fail,7,0,1,0,1,1,1,0,1,1,0,1,1,0,1,3
DDD,2014J,605118,1,North Western Region,Lower Than A Level,40-50%,35-55,1,130,0,Pass,13,1,0,1,0,0,1,1,0,1,0,0,0,1,0,5
DDD,2014J,605313,0,North Region,A Level or Equivalent,30-40%,0-35,1,90,0,Withdrawn,2,0,1,1,1,1,1,0,1,0,0,0,1,1,0,2
DDD,2014J,605488,1,Scotland,A Level or Equivalent,80-90%,0-35,0,120,0,Pass,7,0,1,0,1,1,0,0,0,1,0,1,0,0,0,3
DDD,2014J,605676,0,South East Region,A Level or Equivalent,60-70%,0-35,0,120,0,Withdrawn,8,1,0,0,0,1,1,1,0,1,1,1,1,0,0,3
DDD,2014J,605759,0,East Midlands Region,A Level or Equivalent,50-60%,0-35,1,90,0,Pass,14,1,0,0,0,1,0,0,0,0,1,1,1,0,1,5
DDD,2014J,605859,0,East Anglian Region,Lower Than A Level,80-90%,0-35,1,60,0,Fail,8,1,1,1,0,0,1,1,0,0,1,0,0,1,0,3
DDD,2014J,605876,0,North Western Region,A Level or Equivalent,20-30%,0-35,0,60,0,Pass,15,0,1,1,1,0,0,1,0,0,0,0,0,0,1,10
DDD,2014J,606089,0,North Region,A Level or Equivalent,20-30%,0-35,0,120,0,Withdrawn,4,1,1,0,0,0,0,0,1,1,0,1,1,1,1,8
DDD,2014J,606247,0,North Region,A Level or Equivalent,20-Oct,0-35,0,60,0,Withdrawn,5,1,1,0,0,0,1,0,1,0,0,0,0,0,1,9
DDD,2014J,606757,0,Scotland,HE Qualification,90-100%,35-55,0,60,0,Pass,7,0,0,0,0,0,1,1,1,0,0,0,0,1,1,3
DDD,2014J,606837,0,South West Region,Lower Than A Level,70-80%,35-55,0,60,0,Fail,14,0,1,1,0,1,0,1,0,0,0,0,0,0,1,5
DDD,2014J,607110,0,South Region,A Level or Equivalent,70-80%,0-35,1,60,0,Fail,14,0,1,1,1,0,0,1,0,1,0,1,0,0,0,5
DDD,2014J,607483,0,South East Region,Lower Than A Level,60-70%,0-35,0,60,0,Pass,7,0,1,1,0,1,0,0,0,0,1,1,0,0,0,3
DDD,2014J,607525,0,South East Region,Lower Than A Level,50-60%,35-55,0,60,0,Fail,13,1,0,1,0,1,1,1,0,0,0,1,0,0,1,5
DDD,2014J,607638,0,North Western Region,A Level or Equivalent,20-30%,0-35,1,60,0,Pass,8,1,1,0,0,1,0,0,1,1,1,0,1,0,0,3
DDD,2014J,607767,0,West Midlands Region,A Level or Equivalent,90-100%,0-35,0,120,0,Pass,1,0,1,0,0,0,0,1,1,1,1,0,1,1,1,2
DDD,2014J,607975,0,South West Region,A Level or Equivalent,90-100%,0-35,0,60,0,Pass,11,1,1,1,0,0,1,0,1,0,1,0,0,1,0,6
DDD,2014J,608746,1,West Midlands Region,Lower Than A Level,20-Oct,0-35,1,120,0,Pass,5,0,1,0,0,0,0,0,1,0,1,1,0,1,0,9
DDD,2014J,608775,1,East Midlands Region,A Level or Equivalent,20-Oct,0-35,0,120,1,Pass,9,1,1,1,0,1,1,1,1,0,0,1,1,0,0,4
DDD,2014J,608842,0,South West Region,A Level or Equivalent,70-80%,0-35,0,60,0,Pass,10,1,1,0,0,1,0,0,1,1,0,0,1,1,0,1
DDD,2014J,608943,1,South West Region,Lower Than A Level,30-40%,0-35,1,60,1,Withdrawn,4,1,1,0,0,1,1,0,0,1,0,0,1,1,1,8
DDD,2014J,609242,0,North Western Region,Lower Than A Level,20-Oct,0-35,1,120,0,Withdrawn,3,1,1,0,1,0,1,0,1,0,1,0,1,0,1,8
DDD,2014J,609245,0,Scotland,HE Qualification,80-90%,55<=,0,60,0,Pass,12,1,0,1,1,1,1,0,0,0,1,1,0,0,1,7
DDD,2014J,609556,0,West Midlands Region,A Level or Equivalent,90-100%,0-35,0,60,0,Pass,1,0,1,1,0,1,1,0,0,0,1,1,1,0,0,2
DDD,2014J,609655,0,Ireland,Lower Than A Level,,0-35,0,60,0,Fail,3,1,0,0,1,0,0,0,1,1,0,0,1,1,1,8
DDD,2014J,609681,0,South East Region,A Level or Equivalent,20-Oct,0-35,2,150,0,Withdrawn,2,1,1,1,1,1,0,1,1,0,1,0,1,0,1,2
DDD,2014J,610197,0,North Western Region,Lower Than A Level,0-10%,0-35,0,60,0,Pass,10,0,1,1,1,1,0,0,1,1,1,1,0,0,0,1
DDD,2014J,610537,0,North Western Region,A Level or Equivalent,50-60%,0-35,1,120,0,Fail,13,1,1,0,0,1,0,0,0,0,0,1,1,0,0,5
DDD,2014J,610609,1,South Region,Lower Than A Level,60-70%,0-35,1,60,0,Withdrawn,4,0,0,1,0,1,0,0,0,0,0,1,0,1,0,8
DDD,2014J,610622,1,East Midlands Region,Lower Than A Level,0-10%,0-35,0,210,0,Withdrawn,15,0,1,1,1,1,1,1,0,0,0,0,0,0,0,10
DDD,2014J,610828,0,East Anglian Region,A Level or Equivalent,80-90%,0-35,0,90,0,Fail,4,1,0,1,0,1,0,0,1,0,1,0,1,1,1,8
DDD,2014J,611013,0,South Region,Lower Than A Level,30-40%,0-35,0,60,0,Pass,2,0,1,0,0,1,0,1,1,0,1,1,1,0,0,2
DDD,2014J,611159,0,East Anglian Region,A Level or Equivalent,60-70%,0-35,0,60,0,Pass,7,0,1,0,0,1,1,0,0,0,0,1,1,0,1,3
DDD,2014J,611235,1,South Region,Lower Than A Level,90-100%,0-35,0,60,0,Withdrawn,11,1,0,1,0,0,0,0,1,1,1,1,1,0,0,6
DDD,2014J,611356,1,South Region,A Level or Equivalent,60-70%,0-35,2,90,0,Withdrawn,5,1,0,1,1,0,0,0,0,0,1,1,1,1,1,9
DDD,2014J,611588,0,East Anglian Region,A Level or Equivalent,70-80%,0-35,0,120,0,Withdrawn,8,1,1,0,1,1,0,1,0,0,1,1,1,0,0,3
DDD,2014J,611790,1,South Region,A Level or Equivalent,40-50%,0-35,0,60,1,Pass,11,1,0,1,1,0,1,0,0,0,1,1,0,0,1,6
DDD,2014J,611800,0,East Midlands Region,Lower Than A Level,0-10%,0-35,1,60,0,Pass,11,0,1,0,1,1,1,0,1,0,0,0,0,1,0,6
DDD,2014J,611865,0,London Region,A Level or Equivalent,50-60%,0-35,1,60,0,Fail,9,1,0,0,0,1,1,0,0,0,1,1,0,1,0,4
DDD,2014J,611982,0,Wales,A Level or Equivalent,0-10%,0-35,0,120,0,Pass,9,0,0,0,1,1,1,0,1,1,0,1,0,0,0,4
DDD,2014J,612443,1,Ireland,A Level or Equivalent,30-40%,35-55,1,60,0,Fail,6,1,1,1,0,1,1,0,0,1,1,1,0,0,1,9
DDD,2014J,612615,0,North Region,Lower Than A Level,,0-35,0,60,0,Withdrawn,9,1,0,0,0,1,0,1,1,0,0,1,1,1,0,4
DDD,2014J,612717,0,North Region,HE Qualification,,0-35,0,180,0,Pass,15,1,0,0,1,1,0,0,0,1,1,0,1,0,0,10
DDD,2014J,612979,0,South East Region,Lower Than A Level,80-90%,0-35,0,60,0,Withdrawn,1,0,1,0,1,1,1,1,1,0,0,0,0,0,1,2
DDD,2014J,613910,0,West Midlands Region,Lower Than A Level,30-40%,35-55,1,70,0,Fail,4,1,1,0,1,0,1,0,1,1,1,1,0,0,1,8
DDD,2014J,614471,1,South East Region,Lower Than A Level,40-50%,0-35,1,120,0,Withdrawn,4,1,0,1,0,1,1,1,1,1,0,1,0,1,0,8
DDD,2014J,614499,1,East Anglian Region,Lower Than A Level,20-Oct,0-35,0,60,0,Withdrawn,14,1,0,1,0,1,0,1,0,0,0,0,0,0,1,5
DDD,2014J,614683,1,Scotland,HE Qualification,40-50%,0-35,0,180,0,Withdrawn,15,0,1,1,1,1,1,1,1,1,0,1,0,1,0,10
DDD,2014J,614791,1,South Region,A Level or Equivalent,80-90%,35-55,0,60,0,Pass,10,1,0,1,0,1,1,1,0,0,0,0,0,1,0,1
DDD,2014J,614912,1,West Midlands Region,A Level or Equivalent,60-70%,0-35,0,60,0,Withdrawn,8,0,0,0,1,1,0,0,0,1,1,0,0,0,0,3
DDD,2014J,614930,0,London Region,A Level or Equivalent,20-Oct,0-35,1,60,0,Withdrawn,6,1,0,0,1,1,0,1,1,0,0,0,1,0,1,9
DDD,2014J,615183,1,Wales,HE Qualification,40-50%,35-55,0,60,0,Withdrawn,13,0,0,1,0,1,0,0,1,1,0,0,0,0,1,5
DDD,2014J,616862,1,North Western Region,A Level or Equivalent,30-40%,0-35,1,60,1,Withdrawn,4,1,0,0,1,0,0,1,1,1,1,0,0,1,1,8
DDD,2014J,617249,1,South West Region,A Level or Equivalent,50-60%,0-35,0,120,0,Withdrawn,8,1,1,0,1,1,0,0,1,0,1,0,0,1,0,3
DDD,2014J,617850,0,West Midlands Region,A Level or Equivalent,20-Oct,0-35,1,120,0,Pass,13,1,0,1,1,1,1,1,0,0,0,0,1,0,0,5
DDD,2014J,617952,1,West Midlands Region,A Level or Equivalent,40-50%,0-35,0,60,0,Fail,10,0,0,0,1,0,1,0,1,1,1,0,1,1,0,1
DDD,2014J,617993,1,North Western Region,A Level or Equivalent,20-Oct,0-35,0,60,0,Withdrawn,4,1,0,0,0,1,0,0,0,1,1,0,0,1,0,8
DDD,2014J,618033,1,South East Region,A Level or Equivalent,20-Oct,35-55,0,60,1,Withdrawn,14,1,0,1,0,0,1,1,0,0,1,1,1,0,1,5
DDD,2014J,618531,1,South Region,A Level or Equivalent,90-100%,0-35,0,120,1,Withdrawn,10,0,0,0,0,1,1,1,1,0,1,1,1,1,1,1
DDD,2014J,618737,0,South East Region,A Level or Equivalent,40-50%,0-35,0,60,0,Distinction,12,1,0,1,1,1,1,1,1,0,0,1,1,1,0,7
DDD,2014J,618825,1,North Western Region,Lower Than A Level,20-30%,0-35,0,120,1,Withdrawn,1,1,0,1,0,0,0,1,0,0,1,1,1,0,1,2
DDD,2014J,618989,1,South Region,Lower Than A Level,60-70%,35-55,0,90,0,Pass,14,1,1,1,0,1,1,1,1,1,0,1,1,0,1,5
DDD,2014J,619055,0,South East Region,HE Qualification,20-30%,0-35,0,120,0,Fail,12,1,0,1,1,0,0,0,1,1,0,1,1,1,1,7
DDD,2014J,619851,1,North Region,A Level or Equivalent,80-90%,0-35,1,120,0,Withdrawn,15,1,1,0,1,0,0,0,1,0,0,1,0,0,1,10
DDD,2014J,619907,1,East Anglian Region,A Level or Equivalent,20-30%,0-35,0,60,0,Pass,5,0,1,1,0,0,0,0,1,1,0,0,0,1,1,9
DDD,2014J,619910,1,South Region,HE Qualification,90-100%,35-55,0,60,0,Pass,7,0,1,1,1,0,0,1,0,1,0,1,1,0,1,3
DDD,2014J,620676,1,Scotland,Lower Than A Level,40-50%,0-35,1,120,0,Withdrawn,3,1,0,0,1,1,1,1,0,1,0,1,0,1,0,8
DDD,2014J,621001,0,London Region,A Level or Equivalent,20-Oct,0-35,0,120,0,Fail,12,1,0,0,0,0,0,1,1,0,0,0,1,0,1,7
DDD,2014J,621659,1,South East Region,Lower Than A Level,80-90%,0-35,1,90,0,Fail,11,1,1,0,0,0,0,0,0,0,1,1,1,0,0,6
DDD,2014J,622246,0,South Region,A Level or Equivalent,90-100%,0-35,0,90,0,Withdrawn,11,0,1,0,0,1,0,0,1,0,1,1,1,1,1,6
DDD,2014J,622384,0,Scotland,A Level or Equivalent,80-90%,0-35,1,90,1,Fail,6,0,0,1,0,1,1,1,0,1,1,0,0,0,1,9
DDD,2014J,622555,0,Yorkshire Region,Lower Than A Level,20-30%,0-35,0,60,0,Distinction,16,1,0,0,1,1,0,1,1,0,0,0,0,1,0,10
DDD,2014J,622597,1,South West Region,A Level or Equivalent,30-40%,0-35,0,60,0,Withdrawn,15,1,0,1,1,1,0,0,1,0,0,1,1,1,0,10
DDD,2014J,622626,1,South East Region,A Level or Equivalent,20-30%,0-35,1,60,0,Pass,7,1,1,1,0,0,1,1,0,1,0,1,1,1,0,3
DDD,2014J,623190,0,South West Region,A Level or Equivalent,0-10%,0-35,0,150,0,Pass,11,0,1,0,1,0,0,0,0,1,1,1,1,0,1,6
DDD,2014J,623223,0,West Midlands Region,Lower Than A Level,20-Oct,0-35,0,60,0,Withdrawn,4,1,0,1,1,0,0,0,0,1,0,1,0,1,1,8
DDD,2014J,623224,0,West Midlands Region,A Level or Equivalent,80-90%,0-35,0,60,0,Withdrawn,14,0,0,1,1,0,0,1,0,0,0,0,0,0,1,5
DDD,2014J,623225,1,South West Region,A Level or Equivalent,30-40%,0-35,0,60,0,Pass,16,1,0,1,1,1,1,0,0,0,1,0,0,0,0,10
DDD,2014J,623276,1,London Region,Lower Than A Level,40-50%,0-35,0,60,0,Pass,11,0,1,0,0,1,0,0,1,1,0,1,0,0,0,6
DDD,2014J,623289,1,London Region,A Level or Equivalent,90-100%,0-35,0,60,0,Pass,10,1,0,1,0,0,0,1,0,1,1,1,1,1,0,1
DDD,2014J,623407,1,East Anglian Region,No Formal quals,40-50%,0-35,0,120,0,Withdrawn,12,0,0,0,0,0,1,1,0,0,0,0,0,1,0,7
DDD,2014J,623586,0,East Anglian Region,Lower Than A Level,90-100%,35-55,0,120,0,Withdrawn,13,0,1,1,1,0,0,0,1,0,0,0,1,1,0,5
DDD,2014J,623641,1,London Region,A Level or Equivalent,0-10%,35-55,0,60,0,Pass,12,1,0,1,0,1,1,1,1,1,0,1,1,0,0,7
DDD,2014J,623864,1,London Region,A Level or Equivalent,30-40%,0-35,0,60,0,Pass,3,1,0,0,1,1,1,0,0,0,1,1,0,1,0,8
DDD,2014J,623937,0,Yorkshire Region,Lower Than A Level,60-70%,0-35,0,60,0,Pass,1,0,1,0,1,1,1,1,1,1,1,1,1,0,1,2
DDD,2014J,623968,0,Yorkshire Region,Lower Than A Level,80-90%,0-35,0,60,0,Pass,12,1,0,0,1,1,1,0,1,0,0,1,1,1,1,7
DDD,2014J,624631,0,East Anglian Region,Lower Than A Level,70-80%,0-35,0,120,0,Withdrawn,3,0,0,1,0,1,1,0,0,0,0,1,1,0,1,8
DDD,2014J,624891,0,North Western Region,Lower Than A Level,30-40%,35-55,0,60,0,Pass,3,1,1,1,1,0,1,1,0,0,1,0,1,1,1,8
DDD,2014J,625012,0,East Midlands Region,A Level or Equivalent,40-50%,35-55,1,120,0,Withdrawn,10,1,1,1,1,1,1,1,0,0,1,1,1,1,0,1
DDD,2014J,625013,0,West Midlands Region,Lower Than A Level,70-80%,35-55,0,60,0,Withdrawn,5,0,1,1,0,0,0,1,0,1,0,1,0,1,1,9
DDD,2014J,625283,0,South Region,A Level or Equivalent,40-50%,0-35,0,60,0,Pass,3,1,0,1,1,0,1,1,1,0,1,1,1,0,1,8
DDD,2014J,625467,0,North Region,Lower Than A Level,,35-55,0,60,0,Pass,10,0,1,0,1,1,1,0,1,1,0,0,0,1,1,1
DDD,2014J,625502,0,Scotland,HE Qualification,20-Oct,0-35,0,120,0,Withdrawn,13,1,0,0,1,0,1,0,1,1,1,0,1,1,1,5
DDD,2014J,625555,0,North Western Region,A Level or Equivalent,30-40%,0-35,0,60,0,Pass,11,0,0,0,0,0,1,0,0,0,0,1,1,1,1,6
DDD,2014J,625765,1,East Anglian Region,A Level or Equivalent,90-100%,0-35,0,60,0,Fail,5,1,1,0,0,1,0,1,0,1,0,0,0,0,1,9
DDD,2014J,626132,0,South Region,Lower Than A Level,60-70%,0-35,0,60,0,Pass,10,1,1,0,1,0,0,1,1,0,1,1,0,1,1,1
DDD,2014J,626151,0,North Western Region,Lower Than A Level,0-10%,0-35,1,60,0,Withdrawn,6,0,0,0,1,1,0,0,0,1,1,0,1,0,1,9
DDD,2014J,626179,0,Scotland,HE Qualification,0-10%,0-35,0,60,1,Pass,14,0,1,1,1,1,0,0,0,0,0,0,0,0,1,5
DDD,2014J,626386,1,East Midlands Region,Lower Than A Level,20-Oct,0-35,0,330,1,Withdrawn,10,0,1,1,1,0,0,0,0,0,1,0,0,1,1,1
DDD,2014J,626546,0,North Region,A Level or Equivalent,20-30%,0-35,1,60,0,Withdrawn,2,1,1,0,0,0,0,0,0,0,0,1,0,1,1,2
DDD,2014J,626552,1,East Midlands Region,A Level or Equivalent,40-50%,0-35,0,300,0,Withdrawn,15,1,0,0,1,1,0,1,0,1,0,1,0,1,1,10
DDD,2014J,626630,0,South Region,A Level or Equivalent,90-100%,0-35,0,120,0,Pass,7,0,0,0,0,0,0,1,0,1,1,0,0,1,1,3
DDD,2014J,626799,0,Scotland,Lower Than A Level,40-50%,0-35,0,120,0,Withdrawn,13,0,0,1,0,0,0,0,1,1,1,1,1,1,0,5
DDD,2014J,627097,1,North Western Region,A Level or Equivalent,0-10%,0-35,0,120,0,Pass,5,1,0,1,0,1,0,1,1,0,1,0,1,1,0,9
DDD,2014J,627236,1,Yorkshire Region,A Level or Equivalent,50-60%,35-55,0,60,0,Pass,10,1,1,0,1,0,1,0,0,1,0,0,0,0,0,1
DDD,2014J,627295,0,North Western Region,Lower Than A Level,20-Oct,0-35,0,120,1,Pass,16,0,0,1,1,1,1,0,0,0,0,0,0,1,0,10
DDD,2014J,627367,1,East Midlands Region,A Level or Equivalent,70-80%,0-35,1,60,0,Withdrawn,4,0,0,1,1,1,1,1,0,0,0,0,0,0,0,8
DDD,2014J,627416,1,South West Region,A Level or Equivalent,50-60%,0-35,1,120,0,Withdrawn,15,1,0,0,0,0,1,0,1,1,1,1,1,1,0,10
DDD,2014J,627453,0,West Midlands Region,Lower Than A Level,20-30%,0-35,0,60,0,Pass,8,1,0,0,1,1,0,0,1,1,0,0,1,0,0,3
DDD,2014J,627476,1,Scotland,HE Qualification,80-90%,0-35,0,190,0,Pass,16,1,0,1,1,1,0,1,1,0,1,1,0,1,0,10
DDD,2014J,627618,1,East Anglian Region,A Level or Equivalent,80-90%,0-35,0,60,0,Withdrawn,13,0,1,0,1,0,0,0,1,0,1,1,0,1,1,5
DDD,2014J,627695,0,London Region,Lower Than A Level,40-50%,0-35,0,60,0,Fail,13,1,0,0,0,1,0,1,0,1,0,0,1,0,1,5
DDD,2014J,628259,1,South West Region,A Level or Equivalent,0-10%,0-35,0,120,0,Fail,14,1,0,1,1,0,0,1,0,1,0,0,1,1,0,5
DDD,2014J,628390,1,East Anglian Region,HE Qualification,70-80%,0-35,0,60,0,Pass,14,1,0,0,1,0,0,1,1,1,0,1,0,1,1,5
DDD,2014J,628437,0,South Region,A Level or Equivalent,80-90%,0-35,1,60,0,Pass,15,0,1,0,1,1,0,1,0,0,0,0,0,0,0,10
DDD,2014J,628519,0,West Midlands Region,A Level or Equivalent,20-30%,0-35,0,60,0,Pass,8,0,0,0,1,0,0,1,0,1,1,1,1,1,1,3
DDD,2014J,628593,1,London Region,A Level or Equivalent,20-Oct,0-35,0,60,1,Pass,15,0,1,0,0,1,1,1,1,1,0,1,0,0,1,10
DDD,2014J,628631,1,North Region,A Level or Equivalent,,0-35,0,60,0,Pass,14,0,0,1,0,1,1,1,1,0,1,0,1,1,1,5
DDD,2014J,628662,0,Scotland,Lower Than A Level,40-50%,0-35,1,120,0,Withdrawn,12,0,0,0,1,0,0,0,1,1,0,1,0,1,0,7
DDD,2014J,628685,0,North Western Region,Lower Than A Level,0-10%,35-55,0,60,0,Withdrawn,2,0,1,1,0,1,1,1,0,0,1,0,1,1,0,2
DDD,2014J,628733,1,North Western Region,A Level or Equivalent,20-30%,0-35,1,120,0,Withdrawn,10,0,1,1,0,1,0,1,0,0,0,0,0,1,1,1
DDD,2014J,629309,0,West Midlands Region,A Level or Equivalent,20-30%,0-35,0,60,1,Pass,15,1,0,1,0,0,0,1,0,1,1,1,1,0,0,10
DDD,2014J,629379,1,South Region,A Level or Equivalent,60-70%,0-35,0,60,0,Pass,15,0,1,1,1,1,0,0,0,1,0,0,0,1,1,10
DDD,2014J,629703,0,South East Region,HE Qualification,50-60%,35-55,0,90,0,Pass,1,0,1,1,0,1,1,0,0,0,0,1,0,0,0,2
DDD,2014J,629878,0,South Region,Lower Than A Level,80-90%,35-55,0,60,0,Fail,7,1,0,0,1,0,1,0,0,1,0,0,0,0,1,3
DDD,2014J,630328,1,West Midlands Region,A Level or Equivalent,20-30%,0-35,0,60,0,Pass,14,1,1,1,0,0,1,1,0,1,1,0,0,1,1,5
DDD,2014J,630354,0,South Region,A Level or Equivalent,90-100%,0-35,0,60,0,Withdrawn,6,0,0,1,1,1,1,0,1,1,0,1,1,0,0,9
DDD,2014J,630380,0,South West Region,A Level or Equivalent,60-70%,0-35,0,60,1,Pass,4,1,0,0,0,0,1,1,1,0,0,1,0,0,1,8
DDD,2014J,630775,0,East Anglian Region,Lower Than A Level,50-60%,0-35,0,60,0,Withdrawn,2,0,0,1,1,0,0,1,0,0,0,1,0,0,0,2
DDD,2014J,630858,0,Yorkshire Region,A Level or Equivalent,20-Oct,0-35,0,60,0,Pass,3,0,1,0,0,0,0,1,0,1,1,1,0,1,0,8
DDD,2014J,630900,0,East Anglian Region,A Level or Equivalent,70-80%,35-55,0,60,0,Pass,16,1,1,0,1,1,1,0,1,1,1,1,0,0,0,10
DDD,2014J,631055,0,South Region,A Level or Equivalent,80-90%,0-35,0,60,0,Pass,10,0,0,1,1,0,0,1,0,0,0,1,0,1,0,1
DDD,2014J,631240,0,West Midlands Region,A Level or Equivalent,20-30%,0-35,1,60,0,Fail,4,0,1,1,1,1,1,0,1,0,0,0,1,0,0,8
DDD,2014J,631293,1,East Anglian Region,Lower Than A Level,30-40%,35-55,0,60,0,Withdrawn,16,0,0,1,0,1,0,1,0,0,1,0,0,1,0,10
DDD,2014J,631295,1,South East Region,Lower Than A Level,60-70%,35-55,1,120,1,Withdrawn,9,1,1,1,1,1,1,0,1,1,0,0,1,0,1,4
DDD,2014J,631336,1,West Midlands Region,HE Qualification,40-50%,0-35,0,60,0,Withdrawn,10,1,0,0,0,1,1,0,1,1,1,0,1,1,0,1
DDD,2014J,631486,0,West Midlands Region,Lower Than A Level,0-10%,0-35,0,120,0,Withdrawn,14,1,1,1,1,0,1,0,0,1,0,1,0,1,1,5
DDD,2014J,631513,0,East Midlands Region,A Level or Equivalent,90-100%,0-35,1,60,0,Withdrawn,8,0,1,0,1,1,1,1,0,1,1,0,1,0,1,3
DDD,2014J,631603,1,South West Region,Lower Than A Level,90-100%,0-35,0,90,0,Pass,15,0,0,1,0,1,1,0,1,0,1,0,1,1,0,10
DDD,2014J,631835,0,London Region,Lower Than A Level,30-40%,0-35,0,120,0,Pass,6,1,0,1,1,1,1,1,0,1,1,0,1,1,1,9
DDD,2014J,631960,0,Yorkshire Region,A Level or Equivalent,20-30%,0-35,0,150,0,Withdrawn,16,0,0,0,1,0,0,0,0,1,0,0,1,0,1,10
DDD,2014J,631998,1,North Region,Lower Than A Level,,0-35,0,60,0,Pass,12,1,1,1,0,1,0,1,1,0,1,1,0,0,0,7
DDD,2014J,632093,1,Scotland,A Level or Equivalent,90-100%,0-35,1,60,0,Pass,12,1,0,1,1,0,0,0,1,0,0,0,0,0,1,7
DDD,2014J,632314,1,East Anglian Region,A Level or Equivalent,30-40%,0-35,1,120,1,Fail,11,0,0,0,1,0,0,0,0,1,1,1,0,1,1,6
DDD,2014J,632473,1,Scotland,A Level or Equivalent,80-90%,35-55,1,120,0,Withdrawn,10,0,1,1,0,1,0,0,0,0,1,1,1,1,0,1
DDD,2014J,632645,1,South East Region,A Level or Equivalent,40-50%,35-55,0,60,0,Pass,13,1,1,1,1,1,0,1,1,0,0,1,0,0,1,5
DDD,2014J,632719,0,London Region,A Level or Equivalent,40-50%,0-35,0,60,0,Withdrawn,14,0,1,1,1,1,1,0,0,1,1,0,0,0,0,5
DDD,2014J,632795,1,North Western Region,A Level or Equivalent,70-80%,0-35,0,210,0,Withdrawn,10,1,1,0,1,1,0,0,1,0,0,0,1,0,1,1
DDD,2014J,632831,0,Scotland,HE Qualification,50-60%,0-35,0,60,0,Fail,10,1,0,0,0,0,1,1,0,0,0,1,1,0,0,1
DDD,2014J,632877,0,London Region,HE Qualification,30-40%,35-55,0,60,0,Distinction,11,1,0,1,0,0,0,0,1,0,1,0,0,1,0,6
DDD,2014J,633237,1,North Western Region,A Level or Equivalent,20-30%,35-55,0,120,0,Withdrawn,4,1,0,0,1,0,0,1,0,1,1,1,1,1,1,8
DDD,2014J,633295,0,North Region,Lower Than A Level,20-30%,0-35,0,60,0,Fail,16,0,1,0,0,1,1,0,0,1,0,1,1,0,0,10
DDD,2014J,633331,1,West Midlands Region,A Level or Equivalent,90-100%,0-35,1,60,0,Pass,13,1,0,0,1,0,1,0,0,0,1,0,0,1,1,5
DDD,2014J,633409,0,South Region,HE Qualification,90-100%,35-55,0,60,0,Fail,14,1,0,1,0,1,0,0,0,1,1,1,0,1,1,5
DDD,2014J,633414,0,Scotland,Lower Than A Level,60-70%,0-35,0,120,1,Fail,15,1,0,0,0,1,0,0,1,0,1,0,0,1,0,10
DDD,2014J,633475,0,Yorkshire Region,A Level or Equivalent,0-10%,0-35,0,60,1,Fail,6,0,1,0,1,0,1,1,1,1,0,0,0,0,1,9
DDD,2014J,633525,0,West Midlands Region,Lower Than A Level,30-40%,0-35,0,60,0,Withdrawn,6,0,0,1,1,1,1,0,1,0,1,1,1,1,0,9
DDD,2014J,633574,1,Scotland,A Level or Equivalent,20-Oct,0-35,0,120,1,Pass,7,1,1,0,0,1,0,1,1,1,1,1,1,0,1,3
DDD,2014J,633618,0,West Midlands Region,A Level or Equivalent,40-50%,0-35,1,90,0,Pass,14,0,1,1,0,1,0,1,1,0,1,0,1,1,1,5
DDD,2014J,634035,0,Scotland,HE Qualification,20-Oct,0-35,0,120,0,Withdrawn,12,1,1,0,1,0,0,1,1,1,0,1,0,1,1,7
DDD,2014J,634037,0,Wales,A Level or Equivalent,90-100%,0-35,0,60,0,Pass,7,0,1,0,1,1,0,0,0,0,0,0,1,0,1,3
DDD,2014J,634047,0,Ireland,A Level or Equivalent,20-Oct,0-35,0,60,0,Pass,8,0,0,0,1,1,0,0,0,1,0,0,0,0,1,3
DDD,2014J,634305,1,Wales,Lower Than A Level,20-30%,35-55,0,120,0,Pass,9,1,0,1,0,1,1,0,0,0,0,1,0,0,0,4
DDD,2014J,634489,1,South West Region,A Level or Equivalent,20-30%,35-55,0,90,0,Withdrawn,13,1,0,0,1,0,0,1,0,0,0,1,1,0,1,5
DDD,2014J,634508,0,London Region,A Level or Equivalent,30-40%,0-35,1,60,0,Fail,14,1,0,1,1,1,0,0,1,1,1,0,1,1,0,5
DDD,2014J,634646,0,Scotland,A Level or Equivalent,70-80%,0-35,0,60,0,Distinction,14,0,0,0,1,0,0,0,0,1,1,0,1,1,1,5
DDD,2014J,634693,0,East Midlands Region,A Level or Equivalent,70-80%,0-35,0,120,1,Withdrawn,12,1,1,1,1,0,1,1,0,0,1,0,0,1,1,7
DDD,2014J,634966,1,South Region,A Level or Equivalent,20-30%,0-35,0,60,0,Fail,15,1,0,1,1,0,0,1,0,0,1,0,1,0,0,10
DDD,2014J,635071,1,London Region,No Formal quals,20-30%,0-35,0,120,0,Withdrawn,2,0,0,0,0,1,0,1,0,0,0,1,0,1,1,2
DDD,2014J,635170,1,North Region,A Level or Equivalent,20-Oct,35-55,0,120,0,Fail,12,0,0,0,0,1,1,0,1,1,1,0,0,0,0,7
DDD,2014J,635255,0,East Midlands Region,A Level or Equivalent,70-80%,0-35,0,60,1,Distinction,7,0,0,1,1,0,1,1,0,1,0,0,0,1,1,3
DDD,2014J,635418,0,East Anglian Region,A Level or Equivalent,40-50%,35-55,0,60,0,Fail,13,0,1,0,1,0,1,0,1,1,1,1,1,0,1,5
DDD,2014J,635986,1,London Region,HE Qualification,20-Oct,35-55,0,120,0,Withdrawn,12,0,1,0,1,1,1,0,0,1,1,1,0,0,1,7
DDD,2014J,635992,1,Yorkshire Region,A Level or Equivalent,80-90%,0-35,0,120,0,Distinction,2,1,1,0,0,1,1,1,0,1,1,1,1,1,0,2
DDD,2014J,636243,1,North Western Region,A Level or Equivalent,20-30%,0-35,0,120,0,Withdrawn,16,0,0,1,0,0,0,0,1,1,0,0,1,1,1,10
DDD,2014J,636364,0,West Midlands Region,Lower Than A Level,20-30%,0-35,0,90,0,Pass,11,1,1,0,0,0,0,0,1,1,1,1,1,1,0,6
DDD,2014J,636420,0,East Midlands Region,Lower Than A Level,20-Oct,0-35,0,120,0,Withdrawn,4,1,1,1,0,0,0,0,0,0,1,0,0,1,0,8
DDD,2014J,636451,1,North Western Region,A Level or Equivalent,20-Oct,0-35,0,120,0,Pass,9,1,1,0,1,1,1,0,0,1,1,1,0,0,0,4
DDD,2014J,636484,0,North Western Region,A Level or Equivalent,50-60%,0-35,0,60,0,Pass,2,0,0,0,0,0,1,0,0,1,1,0,1,1,1,2
DDD,2014J,636503,1,East Midlands Region,A Level or Equivalent,20-Oct,0-35,0,120,0,Fail,10,1,1,1,0,1,1,0,1,1,0,0,1,0,1,1
DDD,2014J,636590,1,West Midlands Region,A Level or Equivalent,0-10%,0-35,0,150,0,Withdrawn,14,0,1,1,0,1,0,1,0,1,1,0,1,0,1,5
DDD,2014J,636594,0,South Region,A Level or Equivalent,70-80%,0-35,0,70,0,Distinction,10,0,0,0,1,1,0,1,0,1,1,0,0,0,1,1
DDD,2014J,636697,0,Scotland,HE Qualification,80-90%,35-55,0,60,0,Pass,15,0,0,1,0,1,0,1,1,0,1,0,0,0,1,10
DDD,2014J,636712,1,East Anglian Region,A Level or Equivalent,40-50%,0-35,0,120,1,Withdrawn,12,0,1,0,1,1,0,0,1,1,1,0,0,0,1,7
DDD,2014J,636875,1,East Anglian Region,A Level or Equivalent,40-50%,35-55,0,120,0,Pass,6,1,1,1,0,0,0,0,1,0,1,1,1,0,1,9
DDD,2014J,637064,0,London Region,A Level or Equivalent,20-Oct,0-35,0,60,0,Fail,2,1,0,1,1,0,0,0,0,1,0,1,0,1,1,2
DDD,2014J,637075,0,South West Region,A Level or Equivalent,30-40%,0-35,0,60,0,Withdrawn,10,1,1,1,0,0,1,0,1,1,0,1,1,1,1,1
DDD,2014J,637347,1,South West Region,Lower Than A Level,70-80%,0-35,0,60,0,Fail,5,1,1,1,0,0,1,1,0,1,1,0,1,1,0,9
DDD,2014J,637374,0,West Midlands Region,A Level or Equivalent,90-100%,0-35,0,120,0,Fail,5,1,1,0,1,0,1,0,0,1,1,1,1,1,0,9
DDD,2014J,637473,0,West Midlands Region,A Level or Equivalent,90-100%,0-35,0,60,0,Pass,2,0,0,0,1,1,1,1,0,0,1,0,1,1,0,2
DDD,2014J,637691,0,East Midlands Region,A Level or Equivalent,90-100%,0-35,0,90,0,Pass,16,1,0,0,0,1,1,1,0,0,0,1,0,0,0,10
DDD,2014J,638023,0,South Region,A Level or Equivalent,90-100%,0-35,0,120,0,Withdrawn,6,1,0,0,1,1,1,0,1,1,1,0,1,1,0,9
DDD,2014J,638051,0,South East Region,Lower Than A Level,40-50%,0-35,0,60,0,Fail,5,1,0,0,0,0,1,1,0,1,0,0,1,0,1,9
DDD,2014J,638131,0,North Western Region,A Level or Equivalent,40-50%,0-35,0,90,0,Fail,6,0,1,0,1,0,0,0,1,0,0,0,0,1,0,9
DDD,2014J,638202,0,East Anglian Region,Lower Than A Level,20-30%,0-35,0,120,0,Fail,12,1,0,1,1,0,1,0,1,0,0,1,0,1,1,7
DDD,2014J,638243,0,West Midlands Region,A Level or Equivalent,0-10%,0-35,0,120,1,Withdrawn,2,0,1,1,0,0,1,0,0,0,0,0,1,0,0,2
DDD,2014J,638358,0,South East Region,Lower Than A Level,90-100%,0-35,0,90,0,Withdrawn,8,1,0,1,0,0,0,0,0,1,0,1,0,1,1,3
DDD,2014J,638384,1,Wales,Lower Than A Level,70-80%,0-35,0,60,1,Pass,6,1,0,0,1,1,1,0,0,0,0,0,0,1,1,9
DDD,2014J,638657,0,South Region,Lower Than A Level,80-90%,0-35,0,120,0,Withdrawn,12,1,0,1,1,0,0,1,1,0,0,0,0,1,1,7
DDD,2014J,639190,0,Yorkshire Region,A Level or Equivalent,20-Oct,0-35,0,120,0,Withdrawn,12,1,1,0,0,1,1,0,0,0,0,1,0,0,1,7
DDD,2014J,639514,1,North Region,HE Qualification,,35-55,0,120,0,Pass,11,1,1,1,1,1,1,1,1,1,0,1,1,0,1,6
DDD,2014J,639766,1,North Western Region,A Level or Equivalent,80-90%,0-35,0,60,0,Pass,7,1,0,1,0,1,0,1,1,1,0,0,1,1,1,3
DDD,2014J,640054,0,North Western Region,Lower Than A Level,30-40%,0-35,0,120,0,Withdrawn,2,0,0,1,0,0,0,0,1,1,1,1,0,0,0,2
DDD,2014J,640144,1,North Western Region,Lower Than A Level,30-40%,0-35,0,120,0,Fail,6,0,0,1,1,0,0,0,1,0,0,1,0,0,1,9
DDD,2014J,640178,1,East Midlands Region,A Level or Equivalent,0-10%,0-35,0,60,0,Fail,8,0,1,0,0,1,1,1,0,0,0,1,0,0,0,3
DDD,2014J,640691,0,East Anglian Region,HE Qualification,80-90%,0-35,0,120,0,Withdrawn,12,1,1,0,1,1,0,0,0,1,1,1,0,1,0,7
DDD,2014J,640773,0,South West Region,Lower Than A Level,20-Oct,0-35,0,150,1,Fail,3,1,0,1,0,0,0,0,0,0,1,1,1,0,1,8
DDD,2014J,640836,1,South Region,Lower Than A Level,90-100%,0-35,0,120,0,Pass,1,0,0,1,0,1,1,0,1,0,1,1,0,0,0,2
DDD,2014J,640942,0,East Midlands Region,A Level or Equivalent,90-100%,35-55,0,60,0,Distinction,10,1,0,0,0,0,1,1,0,1,1,1,0,1,1,1
DDD,2014J,640975,0,South Region,A Level or Equivalent,,0-35,0,60,0,Pass,15,1,0,0,0,0,0,0,0,0,1,1,1,1,1,10
DDD,2014J,640982,0,Scotland,A Level or Equivalent,30-40%,0-35,0,60,0,Pass,13,1,0,0,0,0,0,0,1,1,1,0,1,1,0,5
DDD,2014J,641192,0,Ireland,Lower Than A Level,70-80%,0-35,0,60,0,Withdrawn,16,0,0,1,0,1,1,0,1,0,1,1,1,1,0,10
DDD,2014J,641253,1,East Anglian Region,Lower Than A Level,0-10%,0-35,0,120,0,Pass,12,1,0,0,0,1,0,0,1,1,1,0,0,0,1,7
DDD,2014J,641305,0,North Region,Lower Than A Level,,0-35,0,120,0,Withdrawn,13,1,1,1,1,0,1,1,1,1,0,0,1,0,0,5
DDD,2014J,641315,1,London Region,A Level or Equivalent,20-30%,0-35,0,90,0,Pass,15,1,1,0,1,1,1,0,1,1,1,1,1,0,1,10
DDD,2014J,641557,1,East Anglian Region,No Formal quals,20-30%,0-35,0,210,1,Withdrawn,15,1,0,0,1,1,1,1,1,1,0,0,0,1,0,10
DDD,2014J,641609,0,North Western Region,Lower Than A Level,50-60%,0-35,0,60,0,Fail,10,0,1,0,1,0,0,0,0,0,0,1,0,1,1,1
DDD,2014J,641613,0,South West Region,Lower Than A Level,0-10%,0-35,0,60,0,Withdrawn,4,0,1,0,1,1,1,1,1,1,0,0,0,1,0,8
DDD,2014J,641744,1,South East Region,Lower Than A Level,90-100%,0-35,0,60,1,Distinction,4,0,0,0,0,0,0,1,1,0,0,0,0,0,0,8
DDD,2014J,641845,0,East Midlands Region,A Level or Equivalent,20-30%,0-35,0,60,0,Withdrawn,14,0,0,1,0,1,0,0,0,1,1,1,0,1,1,5
DDD,2014J,641896,1,Scotland,A Level or Equivalent,30-40%,35-55,0,60,0,Pass,9,1,1,1,0,0,0,1,1,0,0,1,0,0,0,4
DDD,2014J,642139,0,London Region,Lower Than A Level,50-60%,0-35,0,60,0,Pass,4,1,0,0,0,1,1,0,0,0,1,0,0,0,0,8
DDD,2014J,642222,1,North Region,Lower Than A Level,,35-55,0,120,0,Withdrawn,5,1,1,0,1,1,0,0,1,0,0,1,0,0,1,9
DDD,2014J,642230,1,Scotland,HE Qualification,90-100%,0-35,0,90,0,Withdrawn,5,0,1,1,1,1,0,0,1,1,1,1,1,0,1,9
DDD,2014J,642310,0,East Midlands Region,HE Qualification,20-30%,35-55,0,60,0,Pass,7,1,1,1,0,0,0,0,1,0,1,0,1,0,1,3
DDD,2014J,642443,0,South East Region,A Level or Equivalent,30-40%,0-35,0,60,0,Distinction,6,1,0,1,1,0,0,1,0,1,0,0,1,1,0,9
DDD,2014J,642474,1,South Region,A Level or Equivalent,90-100%,35-55,0,60,0,Distinction,15,0,1,1,1,1,0,0,1,0,0,1,1,1,0,10
DDD,2014J,642501,0,South East Region,A Level or Equivalent,30-40%,0-35,0,90,0,Distinction,3,1,0,1,1,0,0,1,0,1,1,1,1,0,0,8
DDD,2014J,642625,0,East Anglian Region,A Level or Equivalent,20-Oct,0-35,0,120,1,Fail,12,1,1,1,1,1,1,0,1,1,0,1,1,1,0,7
DDD,2014J,642744,0,East Midlands Region,A Level or Equivalent,50-60%,0-35,0,150,0,Withdrawn,11,0,1,1,0,0,0,0,0,1,1,1,0,0,0,6
DDD,2014J,642764,0,Wales,Lower Than A Level,20-Oct,35-55,0,90,1,Withdrawn,8,1,0,0,0,1,0,1,0,1,0,0,1,0,1,3
DDD,2014J,642785,1,East Anglian Region,A Level or Equivalent,20-30%,0-35,0,120,0,Withdrawn,4,0,1,0,0,1,1,1,0,1,1,1,0,0,0,8
DDD,2014J,642838,1,Yorkshire Region,A Level or Equivalent,20-Oct,0-35,0,90,0,Pass,16,1,1,1,1,0,1,0,0,1,1,1,0,1,0,10
DDD,2014J,643006,0,East Anglian Region,A Level or Equivalent,80-90%,0-35,0,120,1,Pass,7,1,0,0,1,1,1,1,1,1,1,0,0,0,1,3
DDD,2014J,643021,1,South Region,Lower Than A Level,70-80%,0-35,0,120,0,Withdrawn,4,1,0,1,1,0,0,1,0,0,0,0,0,1,1,8
DDD,2014J,643036,1,Scotland,Lower Than A Level,0-10%,0-35,0,60,0,Pass,6,1,0,0,1,1,0,0,0,0,0,0,0,0,0,9
DDD,2014J,643126,1,East Anglian Region,A Level or Equivalent,80-90%,0-35,0,60,0,Pass,15,1,1,1,1,0,0,0,1,0,1,1,1,0,1,10
DDD,2014J,643199,0,East Midlands Region,HE Qualification,70-80%,35-55,0,120,0,Fail,15,1,0,1,0,0,0,0,0,1,1,0,0,1,0,10
DDD,2014J,643230,1,Wales,A Level or Equivalent,40-50%,0-35,0,120,0,Withdrawn,7,1,1,1,0,1,0,0,0,0,1,0,0,0,0,3
DDD,2014J,643280,0,South West Region,A Level or Equivalent,40-50%,35-55,0,60,0,Pass,12,1,1,1,0,0,1,0,1,0,1,1,0,1,1,7
DDD,2014J,643285,0,Scotland,A Level or Equivalent,70-80%,0-35,0,60,0,Distinction,5,1,0,0,1,0,0,0,1,0,0,1,1,1,1,9
DDD,2014J,643542,1,South East Region,A Level or Equivalent,30-40%,0-35,0,180,0,Withdrawn,1,1,1,0,0,1,1,0,0,0,0,0,0,1,1,2
DDD,2014J,643729,0,London Region,A Level or Equivalent,0-10%,0-35,0,60,0,Pass,3,1,0,0,0,1,0,1,0,1,0,0,0,0,1,8
DDD,2014J,643758,0,South West Region,A Level or Equivalent,30-40%,0-35,0,120,0,Pass,2,0,1,1,1,0,0,1,1,0,1,1,0,1,1,2
DDD,2014J,644159,0,East Midlands Region,HE Qualification,50-60%,0-35,0,60,0,Withdrawn,9,0,0,0,0,0,1,1,1,0,1,1,0,0,0,4
DDD,2014J,644229,0,South East Region,A Level or Equivalent,50-60%,0-35,0,120,0,Fail,11,0,1,1,1,1,0,1,1,0,0,1,0,1,0,6
DDD,2014J,644310,0,South West Region,A Level or Equivalent,20-30%,0-35,0,60,0,Withdrawn,7,0,1,0,0,0,0,1,0,1,1,1,0,0,1,3
DDD,2014J,644409,0,Yorkshire Region,Lower Than A Level,20-30%,35-55,0,120,0,Pass,14,1,0,1,0,0,0,1,1,0,1,1,1,0,1,5
DDD,2014J,644457,1,London Region,A Level or Equivalent,60-70%,0-35,0,120,0,Pass,9,1,0,0,0,0,1,1,1,1,1,1,1,0,0,4
DDD,2014J,644474,0,London Region,Lower Than A Level,30-40%,0-35,0,120,0,Pass,15,0,0,0,0,1,0,0,1,1,1,1,0,0,0,10
DDD,2014J,644516,0,North Region,Lower Than A Level,,35-55,0,120,0,Withdrawn,9,1,1,0,0,0,1,1,1,0,1,0,1,0,0,4
DDD,2014J,644525,1,South Region,A Level or Equivalent,50-60%,0-35,0,60,0,Pass,11,1,0,1,1,1,1,0,1,0,0,1,0,1,1,6
DDD,2014J,644567,0,South East Region,Lower Than A Level,60-70%,0-35,0,60,0,Withdrawn,8,0,0,0,1,1,1,1,1,0,1,0,1,1,1,3
DDD,2014J,644881,0,South West Region,A Level or Equivalent,20-Oct,0-35,0,120,0,Withdrawn,4,1,1,1,0,1,1,1,0,0,0,0,0,0,1,8
DDD,2014J,644956,0,North Western Region,A Level or Equivalent,0-10%,0-35,0,240,0,Pass,11,0,0,1,1,1,0,1,0,0,0,0,0,1,0,6
DDD,2014J,644964,1,South West Region,A Level or Equivalent,70-80%,0-35,0,120,1,Distinction,3,1,0,1,0,0,0,1,1,0,0,0,0,1,0,8
DDD,2014J,645019,1,East Anglian Region,Lower Than A Level,40-50%,0-35,0,60,0,Withdrawn,7,1,1,0,1,1,0,0,1,0,1,0,0,1,1,3
DDD,2014J,645031,0,Wales,A Level or Equivalent,50-60%,0-35,0,60,0,Pass,15,1,1,0,0,1,0,0,0,0,1,0,0,0,1,10
DDD,2014J,645054,1,Scotland,Lower Than A Level,20-30%,0-35,0,120,0,Fail,1,1,0,1,1,1,0,0,1,1,1,0,1,1,1,2
DDD,2014J,645081,0,East Anglian Region,Lower Than A Level,70-80%,0-35,0,60,0,Pass,2,0,0,1,0,0,1,0,0,0,1,0,0,1,0,2
DDD,2014J,645147,0,Wales,Lower Than A Level,0-10%,0-35,0,60,0,Fail,14,1,0,1,1,0,1,1,0,1,0,0,1,1,0,5
DDD,2014J,645219,0,South Region,Lower Than A Level,90-100%,0-35,0,120,0,Pass,9,1,1,0,1,0,0,0,1,0,0,1,0,0,1,4
DDD,2014J,645322,1,East Anglian Region,A Level or Equivalent,80-90%,0-35,0,120,0,Withdrawn,3,0,1,1,1,0,0,0,1,0,0,1,0,1,0,8
DDD,2014J,645353,0,North Western Region,Lower Than A Level,0-10%,0-35,0,240,0,Withdrawn,4,1,0,1,1,1,0,0,0,1,0,1,1,1,0,8
DDD,2014J,645425,0,South West Region,A Level or Equivalent,30-40%,0-35,0,120,0,Pass,12,0,1,0,0,1,0,0,1,0,1,0,1,1,1,7
DDD,2014J,645434,1,North Western Region,A Level or Equivalent,20-Oct,0-35,0,60,0,Pass,3,0,0,1,1,1,1,1,0,1,0,0,0,1,1,8
DDD,2014J,645499,0,Scotland,HE Qualification,30-40%,0-35,0,60,0,Pass,10,1,1,0,1,0,1,0,1,1,0,0,1,0,1,1
DDD,2014J,645512,1,South Region,Lower Than A Level,40-50%,0-35,0,330,0,Withdrawn,14,0,0,1,1,0,0,0,1,0,1,1,1,0,0,5
DDD,2014J,645551,0,South East Region,Lower Than A Level,90-100%,35-55,0,60,0,Pass,2,1,0,0,1,0,0,1,0,0,0,0,0,1,1,2
DDD,2014J,645710,0,West Midlands Region,HE Qualification,40-50%,0-35,0,120,0,Withdrawn,13,0,0,0,1,0,0,0,1,1,1,0,1,0,1,5
DDD,2014J,645738,1,South Region,A Level or Equivalent,50-60%,0-35,0,120,0,Withdrawn,8,0,0,1,1,1,0,1,0,1,1,0,1,1,1,3
DDD,2014J,645792,0,South West Region,Lower Than A Level,70-80%,0-35,0,110,0,Distinction,10,1,1,1,0,0,0,0,1,1,1,1,1,1,1,1
DDD,2014J,645818,0,West Midlands Region,A Level or Equivalent,30-40%,0-35,0,60,0,Pass,4,1,0,1,0,1,0,0,1,1,1,1,1,1,0,8
DDD,2014J,645850,0,North Western Region,A Level or Equivalent,0-10%,0-35,0,120,0,Withdrawn,4,1,1,0,0,1,0,1,0,0,0,0,0,0,0,8
DDD,2014J,645864,0,Scotland,A Level or Equivalent,20-Oct,0-35,0,120,0,Pass,16,0,0,1,0,0,1,1,1,1,1,1,0,0,0,10
DDD,2014J,645866,0,East Midlands Region,Lower Than A Level,50-60%,0-35,0,60,0,Withdrawn,13,0,0,1,0,1,0,1,0,0,1,1,0,1,1,5
DDD,2014J,645906,0,Yorkshire Region,Lower Than A Level,20-Oct,0-35,0,240,1,Withdrawn,1,0,0,1,0,1,1,0,0,1,1,1,0,1,1,2
DDD,2014J,645939,0,South Region,A Level or Equivalent,40-50%,0-35,0,120,0,Pass,14,1,0,0,1,1,0,1,1,1,0,1,1,0,1,5
DDD,2014J,645962,0,Scotland,A Level or Equivalent,70-80%,0-35,0,60,0,Withdrawn,2,1,1,1,1,1,1,0,0,0,0,0,1,0,1,2
DDD,2014J,646006,1,London Region,A Level or Equivalent,40-50%,0-35,0,90,1,Withdrawn,10,0,0,1,0,1,0,0,1,1,1,0,1,1,1,1
DDD,2014J,646020,0,West Midlands Region,Lower Than A Level,20-Oct,0-35,0,180,0,Withdrawn,1,0,1,1,1,1,0,1,1,0,1,0,0,0,1,2
DDD,2014J,646027,1,South Region,A Level or Equivalent,80-90%,0-35,0,60,0,Withdrawn,12,0,1,0,1,0,1,0,0,1,0,0,1,0,1,7
DDD,2014J,646077,0,South West Region,A Level or Equivalent,0-10%,0-35,0,120,1,Withdrawn,6,0,0,0,0,1,0,0,1,0,1,0,0,1,1,9
DDD,2014J,646086,0,North Western Region,Lower Than A Level,20-30%,0-35,0,180,0,Withdrawn,10,0,0,1,1,0,1,1,1,1,0,1,0,0,0,1
DDD,2014J,646090,1,South East Region,HE Qualification,80-90%,35-55,0,60,0,Distinction,13,1,0,0,0,1,0,1,0,0,1,1,0,1,0,5
DDD,2014J,646314,1,Wales,A Level or Equivalent,20-30%,35-55,0,90,0,Withdrawn,8,1,0,1,0,1,0,0,0,0,0,0,1,1,1,3
DDD,2014J,646322,0,Scotland,HE Qualification,50-60%,35-55,0,60,0,Pass,1,0,1,1,1,0,0,0,1,0,1,1,0,0,1,2
DDD,2014J,646344,1,East Anglian Region,A Level or Equivalent,70-80%,0-35,0,120,0,Pass,10,1,1,0,0,0,1,1,1,0,0,0,0,1,1,1
DDD,2014J,646359,0,South East Region,A Level or Equivalent,30-40%,0-35,0,150,0,Pass,15,1,0,1,1,0,1,1,0,1,1,1,0,0,0,10
DDD,2014J,646391,0,West Midlands Region,Lower Than A Level,30-40%,0-35,0,60,0,Withdrawn,13,1,0,1,1,1,0,0,1,0,0,1,1,0,0,5
DDD,2014J,646489,1,North Western Region,A Level or Equivalent,50-60%,0-35,0,120,0,Pass,3,1,0,0,1,0,0,1,0,0,0,1,0,0,0,8
DDD,2014J,646589,0,South West Region,A Level or Equivalent,20-Oct,0-35,0,120,1,Fail,4,1,1,0,0,1,1,1,1,1,0,0,1,0,0,8
DDD,2014J,646689,0,East Anglian Region,A Level or Equivalent,50-60%,0-35,0,120,0,Withdrawn,10,1,0,0,0,0,1,0,1,1,0,0,1,1,0,1
DDD,2014J,646700,1,South West Region,A Level or Equivalent,30-40%,0-35,0,120,0,Withdrawn,10,0,1,0,0,1,0,1,1,0,0,0,0,0,1,1
DDD,2014J,646755,0,Yorkshire Region,Lower Than A Level,80-90%,0-35,0,90,0,Withdrawn,11,0,0,1,1,1,1,0,1,0,0,0,1,0,1,6
DDD,2014J,646836,0,Ireland,A Level or Equivalent,70-80%,0-35,0,120,0,Fail,5,1,1,1,0,1,1,1,0,0,0,0,0,1,0,9
DDD,2014J,646952,1,East Anglian Region,A Level or Equivalent,70-80%,0-35,0,120,1,Fail,7,0,0,0,0,0,1,0,0,1,0,1,1,1,0,3
DDD,2014J,646957,0,West Midlands Region,A Level or Equivalent,40-50%,0-35,0,90,0,Pass,13,0,0,1,1,1,0,0,0,0,1,0,0,0,1,5
DDD,2014J,647166,0,London Region,HE Qualification,80-90%,55<=,0,60,0,Pass,7,1,0,0,0,1,1,0,1,0,1,1,1,1,1,3
DDD,2014J,647215,1,South East Region,A Level or Equivalent,50-60%,0-35,0,90,0,Pass,15,0,1,0,0,1,1,1,0,0,0,1,0,0,0,10
DDD,2014J,647218,0,North Western Region,Lower Than A Level,0-10%,0-35,0,60,0,Fail,11,0,1,1,1,0,0,0,1,0,0,0,0,1,0,6
DDD,2014J,647227,1,South West Region,Lower Than A Level,80-90%,0-35,0,60,0,Fail,5,1,1,1,1,1,1,0,1,1,1,1,1,0,0,9
DDD,2014J,647305,0,South West Region,A Level or Equivalent,60-70%,0-35,0,60,0,Fail,14,0,1,0,1,0,0,0,1,0,1,0,1,0,0,5
DDD,2014J,647318,0,Wales,A Level or Equivalent,20-30%,35-55,0,90,0,Fail,2,0,1,1,1,0,1,1,0,1,0,0,1,0,0,2
DDD,2014J,647368,1,Wales,HE Qualification,20-Oct,0-35,0,180,0,Withdrawn,4,0,0,1,1,0,0,1,1,0,1,1,1,0,1,8
DDD,2014J,647373,1,East Midlands Region,A Level or Equivalent,90-100%,0-35,0,60,0,Pass,12,1,0,1,0,1,0,1,1,0,1,1,0,1,0,7
DDD,2014J,647464,0,South West Region,A Level or Equivalent,20-Oct,0-35,0,120,0,Pass,3,1,0,1,1,0,1,1,1,1,1,1,0,0,0,8
DDD,2014J,647468,0,London Region,Lower Than A Level,80-90%,0-35,0,150,1,Withdrawn,1,1,0,1,0,0,1,0,0,1,1,1,0,1,0,2
DDD,2014J,647488,1,East Midlands Region,A Level or Equivalent,40-50%,0-35,0,60,0,Fail,5,0,0,0,1,0,1,0,0,0,0,0,0,0,1,9
DDD,2014J,647565,0,Scotland,Lower Than A Level,20-30%,35-55,0,120,1,Withdrawn,4,1,0,1,1,1,0,0,1,0,0,1,0,1,0,8
DDD,2014J,647604,1,East Anglian Region,No Formal quals,20-30%,0-35,0,240,1,Fail,12,1,0,1,1,1,1,0,0,1,0,0,0,1,1,7
DDD,2014J,647605,0,South Region,A Level or Equivalent,90-100%,0-35,0,60,0,Pass,2,0,1,1,1,1,1,0,1,0,1,1,0,1,1,2
DDD,2014J,647612,1,North Region,Lower Than A Level,0-10%,0-35,0,120,0,Fail,9,1,1,1,0,0,1,0,1,0,0,1,1,0,1,4
DDD,2014J,647614,0,North Western Region,HE Qualification,60-70%,0-35,0,120,0,Withdrawn,10,0,1,0,1,1,1,0,0,1,0,1,0,0,0,1
DDD,2014J,647647,1,North Western Region,A Level or Equivalent,70-80%,0-35,0,120,0,Pass,2,1,0,1,1,0,1,1,0,1,1,0,0,0,1,2
DDD,2014J,647824,0,West Midlands Region,A Level or Equivalent,60-70%,0-35,0,120,0,Withdrawn,8,1,1,0,0,0,0,0,1,1,0,1,0,0,1,3
DDD,2014J,647879,1,Scotland,A Level or Equivalent,40-50%,0-35,0,90,1,Pass,15,1,0,1,0,1,0,0,0,0,1,0,1,1,0,10
DDD,2014J,647920,0,South East Region,HE Qualification,80-90%,35-55,0,60,0,Withdrawn,4,0,1,0,1,1,1,1,1,1,1,0,1,0,1,8
DDD,2014J,647937,0,West Midlands Region,A Level or Equivalent,0-10%,0-35,0,120,1,Pass,2,0,0,1,0,0,1,0,0,1,0,1,0,0,1,2
DDD,2014J,647947,0,South West Region,Lower Than A Level,40-50%,0-35,0,210,1,Withdrawn,6,1,0,1,0,0,1,1,0,0,0,0,0,0,1,9
DDD,2014J,647953,0,South Region,A Level or Equivalent,40-50%,0-35,0,120,0,Withdrawn,12,1,1,0,1,0,0,0,1,1,1,1,0,0,1,7
DDD,2014J,647968,0,North Western Region,Lower Than A Level,0-10%,0-35,0,120,0,Withdrawn,8,0,0,0,0,0,0,1,1,1,0,1,1,0,1,3
DDD,2014J,648172,1,Scotland,HE Qualification,50-60%,0-35,0,60,1,Pass,5,1,0,0,1,1,1,0,0,1,1,0,1,1,1,9
DDD,2014J,648183,1,London Region,HE Qualification,20-Oct,35-55,0,60,0,Pass,3,0,1,1,1,1,0,0,1,1,1,0,1,0,1,8
DDD,2014J,648237,0,East Anglian Region,A Level or Equivalent,90-100%,0-35,0,60,0,Fail,14,0,1,1,1,1,0,0,1,1,1,1,0,0,1,5
DDD,2014J,648269,1,South West Region,A Level or Equivalent,30-40%,0-35,0,60,0,Pass,3,1,1,0,1,1,0,0,1,1,1,1,0,1,1,8
DDD,2014J,648321,1,East Midlands Region,A Level or Equivalent,20-30%,0-35,0,90,0,Distinction,6,0,1,1,0,1,1,0,1,0,1,1,0,1,0,9
DDD,2014J,648419,1,North Western Region,A Level or Equivalent,20-Oct,0-35,0,120,0,Withdrawn,3,0,1,0,1,0,0,1,0,0,1,1,1,0,0,8
DDD,2014J,648428,0,East Midlands Region,A Level or Equivalent,60-70%,0-35,0,60,0,Pass,15,1,1,0,1,0,0,0,0,0,0,0,0,1,0,10
DDD,2014J,648570,1,East Anglian Region,Lower Than A Level,40-50%,0-35,0,90,0,Pass,3,1,1,1,1,0,0,0,0,0,0,1,1,1,1,8
DDD,2014J,648597,1,Scotland,A Level or Equivalent,20-Oct,0-35,0,60,1,Fail,4,0,0,1,0,0,0,0,1,0,1,1,1,0,1,8
DDD,2014J,648695,1,South Region,Lower Than A Level,60-70%,0-35,0,150,0,Fail,13,0,0,0,1,1,1,0,1,0,0,1,1,1,1,5
DDD,2014J,648766,1,Scotland,HE Qualification,50-60%,0-35,0,60,0,Withdrawn,16,1,1,1,1,1,0,0,0,0,1,1,0,1,0,10
DDD,2014J,648833,0,North Western Region,Lower Than A Level,40-50%,0-35,0,210,0,Withdrawn,16,0,1,1,1,1,1,0,0,0,0,1,1,1,1,10
DDD,2014J,648841,0,East Anglian Region,A Level or Equivalent,40-50%,0-35,0,90,0,Pass,13,0,1,0,0,0,0,0,0,1,1,1,0,1,0,5
DDD,2014J,648854,0,North Western Region,Lower Than A Level,30-40%,0-35,0,120,0,Pass,2,1,1,1,0,0,1,0,1,1,1,0,0,1,1,2
DDD,2014J,648880,0,West Midlands Region,A Level or Equivalent,20-Oct,0-35,0,120,0,Fail,12,0,0,1,1,0,1,0,0,0,0,0,1,0,1,7
DDD,2014J,648888,0,South Region,A Level or Equivalent,80-90%,0-35,0,60,0,Withdrawn,2,0,0,1,1,0,0,0,0,1,1,0,0,0,1,2
DDD,2014J,648898,1,Ireland,HE Qualification,60-70%,0-35,0,120,0,Pass,16,1,0,1,1,0,0,1,0,0,0,0,1,1,0,10
DDD,2014J,648920,1,Scotland,A Level or Equivalent,70-80%,0-35,0,60,0,Pass,15,0,0,0,1,0,0,1,0,1,0,1,1,1,0,10
DDD,2014J,648947,1,Yorkshire Region,Lower Than A Level,20-30%,0-35,0,180,0,Withdrawn,9,0,1,0,1,1,1,0,1,1,0,0,0,0,1,4
DDD,2014J,648959,0,South East Region,Lower Than A Level,80-90%,0-35,0,240,0,Fail,16,0,1,1,1,0,0,1,1,1,1,1,1,0,0,10
DDD,2014J,648966,1,Scotland,A Level or Equivalent,50-60%,0-35,0,60,0,Withdrawn,10,0,0,1,1,0,0,1,1,0,0,1,0,0,1,1
DDD,2014J,649014,1,South Region,A Level or Equivalent,,0-35,0,60,0,Pass,4,1,0,1,0,0,0,0,0,1,1,1,1,0,0,8
DDD,2014J,649041,0,South West Region,Lower Than A Level,80-90%,0-35,0,120,1,Fail,12,0,0,0,1,0,0,0,0,0,0,1,0,0,1,7
DDD,2014J,649078,0,London Region,Lower Than A Level,50-60%,35-55,0,120,0,Pass,1,0,0,0,0,1,1,0,0,0,1,1,0,1,1,2
DDD,2014J,649090,0,South West Region,A Level or Equivalent,40-50%,0-35,0,120,1,Pass,3,1,1,1,0,0,0,1,1,1,0,1,0,1,1,8
DDD,2014J,649120,0,South East Region,Lower Than A Level,80-90%,0-35,0,60,0,Fail,7,0,1,1,1,0,1,0,0,0,0,1,0,1,0,3
DDD,2014J,649214,0,Scotland,A Level or Equivalent,20-Oct,35-55,0,60,1,Pass,12,1,0,0,1,1,1,1,0,0,1,1,1,1,0,7
DDD,2014J,649230,1,Scotland,Lower Than A Level,0-10%,0-35,0,180,0,Withdrawn,4,1,1,0,0,1,0,0,0,0,0,1,1,1,1,8
DDD,2014J,649261,1,Scotland,HE Qualification,30-40%,0-35,0,90,0,Withdrawn,1,0,0,1,1,1,1,1,1,0,1,0,1,0,0,2
DDD,2014J,649321,0,London Region,A Level or Equivalent,20-30%,0-35,0,120,0,Pass,13,1,1,0,0,0,0,1,0,0,0,0,0,1,0,5
DDD,2014J,649383,0,Scotland,HE Qualification,40-50%,0-35,0,60,0,Fail,8,0,0,0,1,1,1,1,1,0,0,0,1,1,1,3
DDD,2014J,649394,0,West Midlands Region,A Level or Equivalent,30-40%,0-35,0,120,0,Withdrawn,3,0,1,1,1,0,1,0,1,0,1,1,1,1,0,8
DDD,2014J,649413,0,Yorkshire Region,A Level or Equivalent,0-10%,0-35,0,120,0,Fail,15,1,0,1,1,1,1,1,1,1,1,1,1,0,0,10
DDD,2014J,649514,1,Scotland,A Level or Equivalent,80-90%,0-35,0,60,0,Pass,3,0,0,1,1,1,0,0,1,0,0,0,0,1,0,8
DDD,2014J,649552,1,Scotland,A Level or Equivalent,70-80%,0-35,0,90,0,Fail,14,0,1,1,1,0,0,1,1,0,1,0,0,0,0,5
DDD,2014J,649614,0,South West Region,A Level or Equivalent,50-60%,0-35,0,120,0,Distinction,1,1,0,1,0,1,0,1,1,0,1,1,1,0,1,2
DDD,2014J,649688,0,Yorkshire Region,HE Qualification,30-40%,0-35,0,120,0,Pass,7,0,0,0,0,0,0,1,0,1,0,0,0,1,0,3
DDD,2014J,649689,0,Yorkshire Region,Lower Than A Level,20-30%,0-35,0,60,0,Withdrawn,12,1,0,1,1,1,0,1,1,0,0,1,0,0,1,7
DDD,2014J,649745,0,East Anglian Region,HE Qualification,20-30%,0-35,0,60,0,Distinction,3,0,1,1,0,1,1,0,0,0,0,0,1,0,1,8
DDD,2014J,649761,0,Yorkshire Region,A Level or Equivalent,20-Oct,35-55,0,120,0,Withdrawn,8,1,0,0,1,1,1,1,1,1,1,0,0,0,0,3
DDD,2014J,649780,0,South West Region,A Level or Equivalent,60-70%,0-35,0,90,1,Pass,2,0,0,0,1,0,1,0,0,1,0,0,0,1,1,2
DDD,2014J,649819,0,North Region,Lower Than A Level,,0-35,0,120,0,Pass,11,1,1,1,0,0,1,1,1,0,1,0,1,0,1,6
DDD,2014J,649880,0,East Midlands Region,A Level or Equivalent,0-10%,0-35,0,60,0,Distinction,2,1,1,1,1,1,1,1,1,0,1,1,1,0,0,2
DDD,2014J,649949,0,London Region,A Level or Equivalent,40-50%,0-35,0,60,0,Pass,12,1,1,1,1,0,0,0,1,1,0,1,1,0,0,7
DDD,2014J,649963,0,Yorkshire Region,A Level or Equivalent,0-10%,0-35,0,210,1,Withdrawn,6,0,0,0,1,0,1,0,0,1,0,0,1,1,1,9
DDD,2014J,650010,0,Yorkshire Region,A Level or Equivalent,0-10%,0-35,0,60,1,Distinction,2,0,0,1,0,0,0,0,0,0,0,1,0,1,0,2
DDD,2014J,650074,0,Wales,A Level or Equivalent,50-60%,0-35,0,120,0,Withdrawn,5,1,0,0,0,1,0,0,1,0,1,1,1,0,0,9
DDD,2014J,650091,1,East Midlands Region,A Level or Equivalent,90-100%,0-35,0,90,0,Pass,4,0,1,1,0,1,1,0,0,1,1,0,0,1,1,8
DDD,2014J,650232,0,Yorkshire Region,A Level or Equivalent,80-90%,0-35,0,60,0,Fail,7,1,0,1,0,1,0,1,0,0,1,0,1,1,1,3
DDD,2014J,650243,1,West Midlands Region,A Level or Equivalent,20-30%,35-55,0,180,0,Withdrawn,14,0,1,1,1,0,0,1,1,0,1,0,0,0,0,5
DDD,2014J,650271,0,North Region,HE Qualification,,35-55,0,120,0,Fail,11,0,0,0,1,1,0,0,0,1,1,0,0,0,1,6
DDD,2014J,650279,1,West Midlands Region,A Level or Equivalent,70-80%,0-35,0,120,0,Pass,4,0,0,1,0,0,0,0,0,1,0,0,1,0,1,8
DDD,2014J,650376,0,Ireland,HE Qualification,,0-35,0,60,0,Pass,3,1,0,0,0,1,0,1,0,1,0,0,1,1,0,8
DDD,2014J,650414,0,South East Region,A Level or Equivalent,20-Oct,0-35,0,120,0,Withdrawn,4,1,0,0,0,0,1,1,1,0,1,1,0,1,0,8
DDD,2014J,650420,0,Scotland,Lower Than A Level,70-80%,0-35,0,120,0,Pass,7,1,0,0,0,1,0,1,0,0,0,1,0,0,0,3
DDD,2014J,650434,0,Wales,A Level or Equivalent,70-80%,0-35,0,60,0,Distinction,3,0,1,0,0,0,1,1,1,1,0,1,0,1,1,8
DDD,2014J,650442,0,Wales,HE Qualification,90-100%,0-35,0,60,0,Pass,16,0,0,1,0,1,0,1,1,1,0,0,0,0,1,10
DDD,2014J,650478,0,South East Region,A Level or Equivalent,80-90%,0-35,0,60,0,Pass,16,0,0,0,0,1,0,1,0,1,1,0,0,1,0,10
DDD,2014J,650515,1,Scotland,A Level or Equivalent,30-40%,0-35,0,120,1,Withdrawn,8,1,1,0,1,1,0,0,0,0,0,0,0,1,0,3
DDD,2014J,650642,0,West Midlands Region,A Level or Equivalent,30-40%,0-35,0,70,0,Pass,2,0,0,0,1,0,0,1,1,1,1,0,1,0,1,2
DDD,2014J,650684,0,South Region,A Level or Equivalent,20-Oct,0-35,0,90,0,Distinction,13,1,0,1,0,0,0,0,0,1,1,1,0,1,0,5
DDD,2014J,650711,0,Ireland,Lower Than A Level,,35-55,0,60,0,Fail,12,1,0,1,0,1,1,1,1,0,1,1,1,0,0,7
DDD,2014J,650829,0,East Midlands Region,Lower Than A Level,20-Oct,0-35,0,90,0,Withdrawn,16,0,1,1,0,1,0,0,1,0,0,1,1,1,1,10
DDD,2014J,650850,1,South West Region,A Level or Equivalent,20-30%,0-35,0,180,0,Fail,15,0,0,1,1,0,1,1,1,0,1,1,0,0,0,10
DDD,2014J,650946,0,South West Region,Lower Than A Level,60-70%,0-35,0,60,0,Pass,6,1,1,0,0,1,1,0,1,1,1,1,0,1,1,9
DDD,2014J,650947,0,London Region,HE Qualification,60-70%,35-55,0,120,0,Pass,5,0,0,0,1,1,0,1,1,0,0,1,1,0,1,9
DDD,2014J,650957,0,Yorkshire Region,A Level or Equivalent,50-60%,0-35,0,60,0,Pass,3,1,0,0,1,1,0,1,0,0,1,0,1,0,0,8
DDD,2014J,650993,0,Scotland,Lower Than A Level,70-80%,0-35,0,60,1,Pass,12,1,1,1,0,1,1,0,1,1,1,0,0,0,1,7
DDD,2014J,651048,0,North Region,A Level or Equivalent,40-50%,0-35,0,60,1,Fail,15,0,1,0,0,1,0,0,1,0,0,0,1,1,0,10
DDD,2014J,651058,0,London Region,A Level or Equivalent,90-100%,35-55,0,90,0,Fail,4,1,1,0,0,0,0,0,1,1,0,0,1,1,0,8
DDD,2014J,651061,0,South West Region,Lower Than A Level,70-80%,35-55,0,120,1,Fail,9,1,0,0,1,0,1,1,1,1,1,0,0,1,1,4
DDD,2014J,651120,1,North Region,Post Graduate Qualification,,0-35,0,90,0,Pass,10,0,0,0,1,1,0,0,0,1,1,0,1,0,0,1
DDD,2014J,651174,0,West Midlands Region,A Level or Equivalent,70-80%,0-35,0,120,0,Withdrawn,9,1,1,1,0,0,0,1,1,1,1,0,0,1,0,4
DDD,2014J,651176,0,North Western Region,Lower Than A Level,20-30%,0-35,0,60,0,Fail,6,0,1,1,0,0,1,0,1,1,0,0,0,1,0,9
DDD,2014J,651267,0,South West Region,A Level or Equivalent,20-Oct,0-35,0,120,0,Fail,5,0,1,1,0,0,0,1,1,0,1,0,0,1,1,9
DDD,2014J,651481,0,South West Region,Lower Than A Level,40-50%,0-35,0,180,0,Withdrawn,16,0,1,1,0,1,0,0,0,0,1,0,0,1,0,10
DDD,2014J,651493,1,West Midlands Region,Lower Than A Level,60-70%,0-35,0,120,0,Pass,7,0,1,0,0,0,1,1,1,1,0,1,0,1,0,3
DDD,2014J,651495,0,North Region,HE Qualification,,35-55,0,120,0,Distinction,7,1,1,1,0,0,0,0,1,0,0,1,1,0,0,3
DDD,2014J,651507,0,South Region,Lower Than A Level,80-90%,0-35,0,90,0,Fail,13,0,0,1,0,1,1,0,1,0,0,0,0,1,1,5
DDD,2014J,651508,1,London Region,A Level or Equivalent,20-Oct,0-35,0,120,0,Distinction,7,1,0,0,0,0,1,1,1,0,0,1,1,0,1,3
DDD,2014J,651561,0,East Midlands Region,A Level or Equivalent,20-Oct,0-35,0,60,0,Pass,2,0,0,0,0,1,0,1,1,1,0,0,1,0,0,2
DDD,2014J,651579,0,West Midlands Region,Lower Than A Level,40-50%,0-35,0,60,0,Pass,15,0,0,0,0,0,0,1,0,0,1,0,1,1,1,10
DDD,2014J,651619,0,South Region,HE Qualification,90-100%,0-35,0,60,0,Distinction,16,1,0,0,1,0,1,1,1,1,0,0,1,1,1,10
DDD,2014J,651627,0,Yorkshire Region,A Level or Equivalent,80-90%,0-35,0,90,0,Pass,16,1,1,0,1,1,1,0,1,1,1,1,0,1,1,10
DDD,2014J,651651,0,South East Region,Lower Than A Level,20-Oct,35-55,0,120,0,Withdrawn,6,1,1,1,1,1,0,1,1,1,1,0,0,0,1,9
DDD,2014J,651672,0,Wales,Lower Than A Level,30-40%,35-55,0,180,0,Fail,15,1,0,0,0,1,1,1,0,1,0,1,1,0,0,10
DDD,2014J,651728,0,Scotland,A Level or Equivalent,50-60%,0-35,0,60,1,Withdrawn,14,0,0,0,1,1,1,1,1,0,0,0,0,0,1,5
DDD,2014J,651759,0,London Region,HE Qualification,50-60%,55<=,0,120,0,Distinction,4,1,1,0,0,1,1,1,1,0,0,0,1,0,1,8
DDD,2014J,651804,1,South East Region,A Level or Equivalent,60-70%,0-35,0,120,0,Pass,12,0,0,0,0,0,0,0,0,1,1,1,1,1,0,7
DDD,2014J,651942,0,South West Region,A Level or Equivalent,60-70%,0-35,0,60,0,Pass,5,0,1,0,0,0,1,1,0,0,1,1,0,1,0,9
DDD,2014J,651963,0,South East Region,Lower Than A Level,30-40%,0-35,0,120,0,Withdrawn,6,1,1,0,1,1,1,1,1,1,1,1,0,0,0,9
DDD,2014J,652048,0,Scotland,Lower Than A Level,20-Oct,35-55,0,60,0,Fail,5,1,0,1,0,0,1,1,1,0,1,1,0,0,1,9
DDD,2014J,652103,0,Ireland,HE Qualification,,35-55,0,60,0,Pass,1,0,1,1,0,1,1,1,1,1,0,0,0,1,0,2
DDD,2014J,652267,1,East Midlands Region,Lower Than A Level,90-100%,0-35,0,60,0,Fail,7,0,1,0,1,0,1,0,1,0,0,1,0,1,1,3
DDD,2014J,652292,1,Wales,Lower Than A Level,20-30%,0-35,0,120,1,Withdrawn,15,0,1,0,0,1,1,0,0,0,1,1,0,1,1,10
DDD,2014J,652293,0,South Region,A Level or Equivalent,80-90%,35-55,0,60,0,Pass,1,0,0,1,0,1,1,0,0,0,0,1,0,1,1,2
DDD,2014J,652318,0,Scotland,A Level or Equivalent,20-30%,35-55,0,60,0,Distinction,13,1,1,1,0,0,1,0,0,1,1,1,0,0,0,5
DDD,2014J,652406,0,South East Region,A Level or Equivalent,20-Oct,0-35,0,120,0,Withdrawn,6,0,0,1,1,0,1,1,1,1,1,1,1,1,1,9
DDD,2014J,652428,0,Wales,Lower Than A Level,50-60%,0-35,0,120,0,Fail,10,1,0,1,0,0,0,1,0,0,0,1,1,0,1,1
DDD,2014J,652531,1,Scotland,A Level or Equivalent,80-90%,0-35,0,150,1,Withdrawn,13,1,1,0,0,1,0,0,1,0,0,1,1,0,0,5
DDD,2014J,652617,1,North Western Region,A Level or Equivalent,50-60%,35-55,0,60,0,Pass,11,0,0,1,0,1,0,1,0,0,1,1,0,0,0,6
DDD,2014J,652619,1,London Region,Lower Than A Level,70-80%,0-35,0,60,0,Fail,3,1,1,1,0,0,0,0,0,0,1,1,1,1,1,8
DDD,2014J,652680,0,North Western Region,HE Qualification,40-50%,35-55,0,60,0,Distinction,13,1,0,0,0,1,1,0,1,1,0,0,1,1,1,5
DDD,2014J,652732,0,West Midlands Region,Lower Than A Level,,0-35,0,60,0,Pass,2,0,1,1,1,0,1,1,0,1,0,0,0,1,0,2
DDD,2014J,652881,0,South West Region,Lower Than A Level,30-40%,35-55,0,60,0,Fail,7,0,1,0,0,1,1,0,1,0,1,0,1,1,1,3
DDD,2014J,652965,0,London Region,HE Qualification,0-10%,0-35,0,60,0,Distinction,2,1,1,0,0,0,0,1,0,1,1,1,0,1,1,2
DDD,2014J,653031,0,North Region,Lower Than A Level,0-10%,0-35,0,60,0,Withdrawn,10,0,0,0,0,0,1,0,0,0,0,0,1,0,1,1
DDD,2014J,653051,1,South Region,Lower Than A Level,70-80%,0-35,0,180,1,Fail,8,1,1,0,0,1,1,1,1,0,0,1,0,0,1,3
DDD,2014J,653060,1,London Region,HE Qualification,20-Oct,0-35,0,240,0,Withdrawn,1,0,1,1,0,0,1,0,1,1,0,0,0,1,1,2
DDD,2014J,653171,0,South Region,A Level or Equivalent,60-70%,0-35,0,60,0,Fail,16,1,0,0,1,0,1,1,1,0,1,0,1,0,0,10
DDD,2014J,653296,1,East Anglian Region,Lower Than A Level,50-60%,0-35,0,120,0,Withdrawn,7,1,1,0,0,1,0,1,1,0,1,0,0,1,1,3
DDD,2014J,653319,0,North Region,Lower Than A Level,,0-35,0,60,0,Pass,16,0,1,0,1,1,0,1,1,1,0,0,0,1,0,10
DDD,2014J,653354,0,South Region,Lower Than A Level,20-30%,35-55,0,60,0,Fail,8,1,1,0,1,1,0,0,0,0,0,0,1,0,0,3
DDD,2014J,653412,0,East Anglian Region,A Level or Equivalent,50-60%,35-55,0,90,0,Fail,8,1,0,1,1,1,1,0,0,0,0,0,0,1,0,3
DDD,2014J,653452,1,South West Region,A Level or Equivalent,30-40%,0-35,0,120,0,Pass,3,1,1,0,1,1,0,0,1,1,1,0,1,1,1,8
DDD,2014J,653550,0,South Region,HE Qualification,70-80%,55<=,0,60,0,Distinction,15,0,0,1,1,1,1,0,1,1,0,0,1,0,0,10
DDD,2014J,653569,1,East Anglian Region,A Level or Equivalent,80-90%,0-35,0,90,0,Pass,13,0,1,1,0,1,0,1,1,1,1,1,0,0,0,5
DDD,2014J,653711,0,East Midlands Region,Lower Than A Level,50-60%,0-35,0,60,0,Pass,12,1,1,0,0,1,1,0,1,0,0,0,1,0,0,7
DDD,2014J,653723,1,East Midlands Region,A Level or Equivalent,40-50%,0-35,0,120,1,Withdrawn,16,0,1,1,1,1,0,0,0,0,0,1,1,1,1,10
DDD,2014J,653729,1,Scotland,A Level or Equivalent,30-40%,0-35,0,60,0,Pass,2,1,0,1,0,1,0,1,0,0,0,1,1,1,0,2
DDD,2014J,653759,1,Scotland,A Level or Equivalent,20-Oct,0-35,0,120,0,Withdrawn,1,0,0,0,0,1,0,0,1,1,1,0,0,0,0,2
DDD,2014J,653768,0,East Midlands Region,Lower Than A Level,70-80%,0-35,0,90,0,Fail,8,0,1,1,0,1,0,0,0,0,0,0,0,0,0,3
DDD,2014J,653770,0,East Midlands Region,Lower Than A Level,20-Oct,0-35,0,120,0,Withdrawn,8,0,1,1,0,0,0,0,0,1,0,0,1,1,1,3
DDD,2014J,653771,1,East Anglian Region,A Level or Equivalent,70-80%,35-55,0,120,0,Withdrawn,13,1,1,0,0,1,0,1,1,1,0,0,0,1,0,5
DDD,2014J,653793,0,East Midlands Region,A Level or Equivalent,90-100%,0-35,0,120,0,Pass,14,1,0,1,1,1,1,0,0,1,1,1,1,1,1,5
DDD,2014J,653914,1,South West Region,Lower Than A Level,40-50%,35-55,0,60,1,Fail,2,1,0,0,0,0,1,1,0,0,0,1,0,1,0,2
DDD,2014J,653942,0,East Midlands Region,Lower Than A Level,30-40%,0-35,0,90,1,Withdrawn,6,0,1,0,1,1,0,1,0,0,0,1,0,0,0,9
DDD,2014J,653977,0,South West Region,Lower Than A Level,20-Oct,35-55,0,90,0,Withdrawn,5,1,0,0,0,0,0,1,0,0,0,1,1,1,1,9
DDD,2014J,654091,1,London Region,Lower Than A Level,0-10%,0-35,0,60,0,Withdrawn,8,1,0,1,0,1,0,1,0,1,0,0,1,1,1,3
DDD,2014J,654110,0,Scotland,Lower Than A Level,80-90%,35-55,0,60,0,Pass,1,0,0,1,1,0,0,0,1,1,1,1,1,0,0,2
DDD,2014J,654282,0,North Region,Lower Than A Level,0-10%,0-35,0,90,0,Withdrawn,8,0,1,1,0,0,0,0,1,1,0,0,1,1,1,3
DDD,2014J,654341,0,South Region,Lower Than A Level,40-50%,35-55,0,120,0,Pass,14,0,0,0,1,0,1,1,1,1,0,0,1,0,1,5
DDD,2014J,654401,0,Scotland,Lower Than A Level,60-70%,35-55,0,60,0,Fail,2,1,0,1,0,1,0,1,1,0,0,0,0,0,1,2
DDD,2014J,654414,0,West Midlands Region,Lower Than A Level,30-40%,35-55,0,60,0,Pass,15,0,0,0,0,1,0,0,1,1,0,0,1,0,1,10
DDD,2014J,654443,0,London Region,Lower Than A Level,60-70%,35-55,0,60,0,Pass,2,0,0,1,0,1,0,0,1,1,0,1,1,0,0,2
DDD,2014J,654502,1,South East Region,A Level or Equivalent,0-10%,0-35,0,90,0,Withdrawn,11,1,0,0,1,0,0,1,0,1,0,1,0,0,1,6
DDD,2014J,654504,0,Scotland,A Level or Equivalent,60-70%,0-35,0,120,0,Pass,5,1,0,1,1,0,0,0,1,0,1,0,0,1,1,9
DDD,2014J,654807,0,South West Region,Lower Than A Level,80-90%,0-35,0,90,1,Distinction,16,0,1,1,1,0,1,0,1,0,1,0,0,1,1,10
DDD,2014J,654828,0,North Region,A Level or Equivalent,0-10%,0-35,0,120,0,Withdrawn,1,0,0,1,1,1,0,1,1,0,1,0,1,0,0,2
DDD,2014J,654863,0,London Region,A Level or Equivalent,20-Oct,0-35,0,120,0,Withdrawn,8,0,1,0,0,1,0,0,1,1,0,1,1,0,0,3
DDD,2014J,654880,0,North Region,No Formal quals,,0-35,0,90,0,Withdrawn,8,0,0,1,0,0,0,0,1,0,1,0,1,1,0,3
DDD,2014J,654882,0,South Region,Lower Than A Level,40-50%,0-35,0,70,0,Withdrawn,7,1,0,0,1,0,1,1,0,1,0,1,1,0,1,3
DDD,2014J,654938,1,London Region,Lower Than A Level,40-50%,0-35,0,120,0,Withdrawn,14,1,1,0,0,1,1,1,0,1,0,0,0,0,0,5
DDD,2014J,655039,0,London Region,A Level or Equivalent,40-50%,35-55,0,120,0,Pass,14,1,0,1,0,0,1,1,0,1,1,0,0,0,0,5
DDD,2014J,655128,1,South Region,HE Qualification,60-70%,35-55,0,60,0,Pass,15,1,1,1,0,1,0,1,1,1,1,1,0,0,1,10
DDD,2014J,655136,0,Scotland,A Level or Equivalent,70-80%,0-35,0,60,0,Pass,10,0,1,0,1,1,1,1,1,1,0,0,1,1,1,1
DDD,2014J,655254,0,North Western Region,Lower Than A Level,40-50%,0-35,0,90,0,Withdrawn,5,1,0,1,0,1,0,0,1,1,1,1,0,1,0,9
DDD,2014J,655322,1,North Region,Post Graduate Qualification,,35-55,0,90,0,Withdrawn,1,1,1,0,0,1,0,0,1,0,1,0,0,0,0,2
DDD,2014J,655362,0,North Western Region,A Level or Equivalent,20-30%,0-35,0,150,0,Pass,11,1,1,1,1,0,0,0,1,1,1,0,1,0,0,6
DDD,2014J,655585,0,West Midlands Region,A Level or Equivalent,60-70%,0-35,0,120,0,Pass,13,0,0,1,1,1,0,0,1,0,0,0,1,1,0,5
DDD,2014J,655600,0,Scotland,Lower Than A Level,90-100%,0-35,0,60,0,Pass,1,0,1,0,0,1,1,0,1,1,0,0,0,0,0,2
DDD,2014J,655761,0,East Midlands Region,Lower Than A Level,20-30%,0-35,0,120,0,Withdrawn,9,0,0,0,1,1,1,0,1,0,1,0,0,1,0,4
DDD,2014J,655806,1,Scotland,HE Qualification,40-50%,0-35,0,60,0,Fail,3,0,0,0,0,1,1,0,1,0,0,1,1,1,1,8
DDD,2014J,655816,0,North Region,A Level or Equivalent,,35-55,0,60,0,Pass,3,0,1,1,1,0,0,1,1,0,1,1,0,0,0,8
DDD,2014J,655834,1,Wales,A Level or Equivalent,70-80%,0-35,0,120,0,Fail,4,0,1,0,1,1,1,1,0,1,1,1,1,0,1,8
DDD,2014J,655910,0,East Midlands Region,A Level or Equivalent,80-90%,0-35,0,120,0,Withdrawn,10,0,1,0,0,1,1,0,0,1,0,1,0,0,1,1
DDD,2014J,655930,1,East Anglian Region,A Level or Equivalent,50-60%,0-35,0,120,1,Withdrawn,6,1,1,1,0,0,0,1,1,0,1,1,0,0,1,9
DDD,2014J,655972,1,South Region,A Level or Equivalent,50-60%,0-35,0,120,0,Fail,11,0,1,1,1,0,0,0,0,1,1,1,0,0,1,6
DDD,2014J,656009,1,West Midlands Region,Lower Than A Level,40-50%,0-35,0,120,0,Withdrawn,11,0,0,1,0,0,0,0,1,1,0,1,0,1,0,6
DDD,2014J,656073,0,East Anglian Region,A Level or Equivalent,70-80%,35-55,0,60,0,Withdrawn,9,0,0,1,0,1,0,1,0,1,0,0,1,1,1,4
DDD,2014J,656079,1,South Region,Lower Than A Level,50-60%,0-35,0,90,0,Withdrawn,9,0,0,1,1,1,0,0,0,0,1,0,1,1,1,4
DDD,2014J,656115,1,South Region,Lower Than A Level,20-30%,0-35,0,60,0,Withdrawn,2,1,1,0,1,0,0,0,0,1,0,1,0,1,1,2
DDD,2014J,656164,1,East Midlands Region,Lower Than A Level,60-70%,0-35,0,60,1,Fail,9,0,1,0,1,1,0,1,1,0,0,1,1,1,0,4
DDD,2014J,656175,1,South Region,A Level or Equivalent,20-30%,0-35,0,60,0,Withdrawn,7,1,1,0,0,0,0,0,0,1,1,0,0,1,0,3
DDD,2014J,656183,1,Scotland,Lower Than A Level,20-Oct,0-35,0,60,0,Pass,6,1,1,0,1,0,1,0,1,1,0,1,0,1,0,9
DDD,2014J,656193,0,West Midlands Region,A Level or Equivalent,0-10%,0-35,0,120,0,Fail,3,1,1,0,1,0,0,1,0,0,1,1,0,0,1,8
DDD,2014J,656280,0,North Western Region,A Level or Equivalent,30-40%,0-35,0,60,0,Withdrawn,9,1,1,1,0,0,0,1,1,0,0,0,1,1,1,4
DDD,2014J,656393,1,London Region,A Level or Equivalent,50-60%,0-35,0,120,0,Fail,15,0,1,1,1,1,1,1,0,1,1,1,0,1,0,10
DDD,2014J,656454,1,West Midlands Region,HE Qualification,20-30%,35-55,0,60,0,Pass,13,1,0,1,1,0,0,1,1,0,1,1,1,0,1,5
DDD,2014J,656459,1,London Region,Lower Than A Level,80-90%,35-55,0,120,0,Withdrawn,13,0,1,1,1,0,0,1,0,0,1,1,0,0,0,5
DDD,2014J,656496,0,Scotland,A Level or Equivalent,70-80%,0-35,0,120,0,Pass,2,0,1,0,1,0,1,0,1,0,0,1,1,0,0,2
DDD,2014J,656526,0,East Anglian Region,HE Qualification,90-100%,35-55,0,60,0,Distinction,8,0,1,0,1,1,0,0,1,0,1,0,1,0,1,3
DDD,2014J,656682,0,East Midlands Region,A Level or Equivalent,70-80%,0-35,0,120,0,Withdrawn,3,1,1,0,0,0,0,1,0,1,1,1,1,0,1,8
DDD,2014J,656766,0,London Region,HE Qualification,80-90%,0-35,0,60,0,Distinction,2,0,0,0,1,1,1,0,1,1,1,1,0,0,1,2
DDD,2014J,656826,0,Scotland,A Level or Equivalent,20-Oct,0-35,0,120,0,Fail,12,0,0,1,1,1,1,1,1,1,0,0,1,1,1,7
DDD,2014J,656934,1,East Anglian Region,Lower Than A Level,70-80%,0-35,0,60,0,Pass,11,1,0,0,0,1,1,0,1,1,1,1,1,0,0,6
DDD,2014J,656987,0,Wales,HE Qualification,0-10%,0-35,0,120,0,Pass,14,1,1,0,0,1,1,0,1,1,1,1,0,0,1,5
DDD,2014J,657071,0,South Region,A Level or Equivalent,50-60%,0-35,0,60,1,Fail,1,1,1,1,1,0,1,1,1,0,1,1,0,1,0,2
DDD,2014J,657077,0,London Region,A Level or Equivalent,70-80%,0-35,0,60,0,Pass,10,0,1,1,1,0,1,0,1,0,0,0,0,1,1,1
DDD,2014J,657161,1,South West Region,HE Qualification,50-60%,35-55,0,120,0,Withdrawn,2,0,0,0,1,0,0,0,0,0,1,1,1,0,1,2
DDD,2014J,657245,0,East Midlands Region,A Level or Equivalent,40-50%,0-35,0,90,0,Pass,6,0,1,0,0,1,1,0,0,1,1,1,0,0,0,9
DDD,2014J,669530,1,West Midlands Region,HE Qualification,60-70%,55<=,1,90,0,Fail,9,0,1,1,1,1,1,0,1,0,0,1,1,0,1,4
DDD,2014J,674193,0,Yorkshire Region,A Level or Equivalent,50-60%,0-35,0,60,0,Withdrawn,14,0,1,1,0,1,1,1,0,1,1,1,1,0,0,5
DDD,2014J,674206,1,North Region,HE Qualification,,0-35,0,180,0,Withdrawn,8,1,1,1,0,1,0,0,0,1,1,0,0,1,0,3
DDD,2014J,674219,0,North Western Region,Lower Than A Level,40-50%,0-35,0,60,0,Withdrawn,3,0,0,1,1,0,1,1,0,0,1,1,1,1,0,8
DDD,2014J,674277,0,South West Region,A Level or Equivalent,20-Oct,0-35,0,120,0,Withdrawn,13,1,0,1,0,1,0,1,1,1,0,1,1,0,0,5
DDD,2014J,674278,1,Scotland,HE Qualification,50-60%,0-35,0,60,0,Fail,10,1,1,1,1,1,0,0,0,1,0,1,0,1,0,1
DDD,2014J,674361,0,Scotland,A Level or Equivalent,60-70%,0-35,0,120,0,Withdrawn,13,1,0,0,0,0,1,1,1,0,1,0,1,1,1,5
DDD,2014J,674388,0,North Western Region,Lower Than A Level,0-10%,0-35,0,120,0,Fail,2,1,1,1,1,0,0,1,0,1,1,1,0,0,0,2
DDD,2014J,674393,1,East Midlands Region,A Level or Equivalent,70-80%,0-35,0,120,0,Withdrawn,13,0,0,0,0,0,0,1,1,0,0,1,0,1,0,5
DDD,2014J,674419,0,West Midlands Region,Lower Than A Level,20-30%,35-55,0,240,1,Withdrawn,15,1,1,0,1,1,0,0,1,1,1,0,0,0,0,10
DDD,2014J,674437,0,South East Region,A Level or Equivalent,60-70%,0-35,0,60,1,Pass,2,1,0,1,1,0,1,0,0,0,0,1,1,1,1,2
DDD,2014J,674440,0,Yorkshire Region,Lower Than A Level,60-70%,0-35,0,180,0,Fail,13,1,1,1,0,0,1,0,1,1,1,0,0,1,0,5
DDD,2014J,674469,1,London Region,A Level or Equivalent,90-100%,0-35,0,60,0,Withdrawn,14,0,1,1,1,0,1,1,1,0,1,1,1,1,0,5
DDD,2014J,674651,0,Yorkshire Region,Lower Than A Level,50-60%,0-35,0,60,0,Withdrawn,10,0,0,1,1,1,0,0,0,1,1,0,0,0,1,1
DDD,2014J,674879,1,North Region,Lower Than A Level,,0-35,0,90,1,Distinction,3,0,0,1,0,0,1,1,1,1,1,1,1,1,0,8
DDD,2014J,674989,0,West Midlands Region,A Level or Equivalent,60-70%,0-35,0,60,0,Pass,6,0,1,0,0,0,1,1,1,0,0,0,1,1,1,9
DDD,2014J,674997,0,North Region,A Level or Equivalent,30-40%,0-35,0,60,0,Fail,6,1,0,0,1,1,0,0,0,0,1,0,0,0,1,9
DDD,2014J,675050,0,Ireland,Lower Than A Level,70-80%,0-35,0,60,0,Withdrawn,7,0,1,1,0,1,1,1,1,1,1,1,0,1,1,3
DDD,2014J,675052,1,North Western Region,A Level or Equivalent,30-40%,35-55,0,120,1,Withdrawn,3,0,0,0,1,0,0,1,0,0,1,1,0,0,1,8
DDD,2014J,675062,1,South Region,Lower Than A Level,40-50%,0-35,0,60,0,Pass,10,1,1,1,0,0,0,0,1,0,1,1,0,1,1,1
DDD,2014J,675144,1,London Region,Lower Than A Level,20-30%,0-35,0,120,0,Fail,11,0,0,1,0,0,1,0,1,0,1,1,1,0,0,6
DDD,2014J,675253,1,North Western Region,Lower Than A Level,20-30%,0-35,0,60,0,Withdrawn,16,1,1,1,1,0,0,1,1,0,0,1,0,1,1,10
DDD,2014J,675256,0,Ireland,Lower Than A Level,60-70%,0-35,0,120,1,Distinction,14,0,1,0,0,1,1,0,1,1,0,0,1,0,0,5
DDD,2014J,675471,0,North Western Region,HE Qualification,0-10%,35-55,0,60,0,Withdrawn,15,1,1,0,0,1,0,1,1,1,0,0,0,0,1,10
DDD,2014J,675493,1,South Region,A Level or Equivalent,20-Oct,0-35,0,120,0,Pass,4,0,0,0,0,1,1,0,1,1,1,0,1,1,1,8
DDD,2014J,675516,0,East Midlands Region,HE Qualification,50-60%,0-35,0,60,0,Fail,13,0,0,0,0,0,0,1,1,0,1,1,0,1,1,5
DDD,2014J,675539,1,Wales,Lower Than A Level,40-50%,35-55,0,60,0,Pass,1,1,0,0,1,1,1,1,0,1,1,1,1,1,0,2
DDD,2014J,675638,1,North Western Region,HE Qualification,20-30%,0-35,0,120,0,Withdrawn,2,0,0,0,0,0,1,0,0,1,1,0,0,0,0,2
DDD,2014J,675656,0,West Midlands Region,HE Qualification,50-60%,35-55,0,120,0,Withdrawn,13,0,0,1,0,0,0,1,1,0,0,0,1,1,0,5
DDD,2014J,675699,1,Scotland,A Level or Equivalent,30-40%,0-35,0,60,0,Fail,4,0,0,0,1,0,1,1,0,1,0,0,0,1,0,8
DDD,2014J,675919,1,Scotland,HE Qualification,40-50%,35-55,0,60,0,Pass,14,1,1,1,0,0,1,0,0,0,1,0,0,1,0,5
DDD,2014J,675945,0,Scotland,Lower Than A Level,40-50%,0-35,0,60,1,Fail,3,1,1,1,0,0,0,0,0,0,0,0,0,0,0,8
DDD,2014J,675993,0,East Midlands Region,Lower Than A Level,30-40%,0-35,0,60,0,Pass,10,1,1,0,0,0,0,1,1,1,0,0,1,1,1,1
DDD,2014J,676010,0,South Region,A Level or Equivalent,90-100%,0-35,0,120,1,Withdrawn,2,0,1,1,1,0,1,1,0,0,1,0,0,1,0,2
DDD,2014J,676087,1,North Region,Post Graduate Qualification,,0-35,0,90,0,Distinction,12,1,0,0,0,1,0,0,1,0,1,1,1,1,0,7
DDD,2014J,676138,1,Wales,A Level or Equivalent,20-Oct,0-35,0,120,0,Fail,13,0,1,1,1,0,0,0,1,0,1,0,0,1,0,5
DDD,2014J,676155,1,South Region,A Level or Equivalent,20-Oct,35-55,0,60,0,Withdrawn,15,0,1,0,0,1,1,0,0,0,1,1,1,1,1,10
DDD,2014J,676204,0,Yorkshire Region,Lower Than A Level,0-10%,0-35,0,60,0,Fail,3,1,0,0,0,0,1,1,1,0,0,1,0,0,0,8
DDD,2014J,676368,1,Wales,HE Qualification,90-100%,35-55,0,60,0,Withdrawn,12,1,1,0,0,0,0,1,0,1,1,1,0,1,1,7
DDD,2014J,676373,1,West Midlands Region,Lower Than A Level,90-100%,0-35,0,120,0,Fail,10,0,1,0,1,0,0,0,1,1,0,1,0,1,1,1
DDD,2014J,676498,1,London Region,HE Qualification,70-80%,0-35,0,60,0,Withdrawn,3,1,0,0,1,1,0,0,0,0,0,0,0,0,0,8
DDD,2014J,676516,0,Yorkshire Region,A Level or Equivalent,0-10%,35-55,0,60,0,Pass,8,1,1,1,0,1,0,0,1,1,0,0,0,1,1,3
DDD,2014J,676538,0,London Region,Lower Than A Level,0-10%,0-35,0,150,0,Pass,8,0,1,0,0,1,1,1,0,1,0,0,0,0,1,3
DDD,2014J,676553,1,South East Region,Lower Than A Level,70-80%,0-35,0,60,0,Fail,7,1,1,1,1,1,1,0,0,0,0,1,1,0,1,3
DDD,2014J,676589,0,North Western Region,HE Qualification,20-Oct,0-35,0,60,0,Pass,5,1,1,1,0,1,1,1,1,0,0,0,0,0,0,9
DDD,2014J,676596,0,Wales,Lower Than A Level,20-30%,0-35,0,150,0,Pass,7,1,0,0,0,1,0,1,1,1,1,0,0,0,0,3
DDD,2014J,676642,0,South West Region,Lower Than A Level,90-100%,0-35,0,60,0,Withdrawn,8,1,1,1,1,1,0,0,0,1,0,1,1,1,0,3
DDD,2014J,676766,0,South Region,Lower Than A Level,40-50%,0-35,0,70,0,Withdrawn,8,0,1,0,0,1,0,1,0,0,1,1,0,0,0,3
DDD,2014J,676787,1,South Region,A Level or Equivalent,80-90%,0-35,0,60,0,Pass,8,0,1,1,1,0,1,0,1,0,0,1,1,0,0,3
DDD,2014J,676807,1,London Region,HE Qualification,40-50%,0-35,0,60,0,Distinction,1,1,0,0,0,0,0,1,1,0,1,1,0,1,1,2
DDD,2014J,676809,0,South West Region,A Level or Equivalent,30-40%,0-35,0,60,0,Fail,10,1,0,1,0,0,0,0,1,1,1,1,0,0,1,1
DDD,2014J,676852,0,South East Region,A Level or Equivalent,90-100%,0-35,0,120,0,Distinction,5,1,1,1,1,1,0,1,0,0,1,1,0,0,1,9
DDD,2014J,676865,1,South West Region,A Level or Equivalent,50-60%,0-35,0,120,0,Distinction,12,1,1,1,0,1,1,1,0,1,0,0,1,1,1,7
DDD,2014J,676903,0,East Anglian Region,A Level or Equivalent,60-70%,0-35,0,60,0,Pass,7,1,0,0,0,1,0,0,0,0,0,0,1,1,1,3
DDD,2014J,676963,0,Scotland,A Level or Equivalent,0-10%,35-55,0,60,0,Pass,11,0,1,0,1,1,0,0,1,0,0,1,1,1,1,6
DDD,2014J,676964,1,East Anglian Region,Lower Than A Level,60-70%,35-55,0,120,0,Pass,8,1,0,0,1,1,1,0,1,1,1,1,0,1,0,3
DDD,2014J,677012,1,South Region,A Level or Equivalent,20-30%,0-35,0,240,0,Withdrawn,1,0,0,0,0,1,0,0,1,1,1,1,0,0,0,2
DDD,2014J,677270,0,Scotland,Lower Than A Level,50-60%,0-35,0,120,0,Withdrawn,13,1,1,0,1,0,1,0,0,0,1,0,0,0,0,5
DDD,2014J,677316,0,North Western Region,HE Qualification,90-100%,0-35,0,60,0,Fail,14,0,1,0,0,0,1,1,0,1,1,0,0,1,1,5
DDD,2014J,677374,1,South West Region,Lower Than A Level,20-30%,0-35,0,60,0,Withdrawn,1,0,1,0,0,0,1,1,1,1,1,0,0,1,1,2
DDD,2014J,677444,1,South Region,A Level or Equivalent,20-Oct,0-35,0,180,0,Withdrawn,16,0,1,0,1,1,1,1,0,0,0,0,0,0,0,10
DDD,2014J,677449,0,West Midlands Region,A Level or Equivalent,0-10%,0-35,0,60,1,Withdrawn,12,0,0,1,1,0,1,1,0,0,0,1,0,1,0,7
DDD,2014J,677579,1,North Western Region,A Level or Equivalent,30-40%,0-35,0,90,0,Fail,10,1,1,1,0,1,1,0,0,1,1,1,0,1,0,1
DDD,2014J,677601,1,Scotland,Lower Than A Level,30-40%,35-55,0,60,0,Fail,12,0,0,0,1,1,0,1,1,0,0,0,0,0,1,7
DDD,2014J,677606,1,South Region,A Level or Equivalent,50-60%,0-35,0,180,0,Fail,7,1,0,0,0,0,1,0,0,1,1,1,1,0,1,3
DDD,2014J,677629,0,South East Region,A Level or Equivalent,60-70%,0-35,0,90,0,Fail,8,0,1,1,0,0,1,0,0,0,1,1,0,0,0,3
DDD,2014J,677632,1,South Region,A Level or Equivalent,30-40%,0-35,0,60,0,Withdrawn,3,1,1,0,1,1,0,0,0,1,0,0,1,1,1,8
DDD,2014J,677832,0,Yorkshire Region,A Level or Equivalent,40-50%,0-35,0,120,0,Pass,12,0,0,0,0,1,0,1,0,0,0,1,1,0,0,7
DDD,2014J,677988,1,Scotland,Lower Than A Level,20-30%,0-35,0,60,0,Withdrawn,2,0,0,1,1,0,1,0,0,0,1,1,1,0,0,2
DDD,2014J,678041,0,North Region,Post Graduate Qualification,,35-55,0,60,0,Pass,5,0,1,0,1,1,1,1,1,0,0,0,0,0,0,9
DDD,2014J,678058,0,South West Region,Lower Than A Level,90-100%,0-35,0,60,0,Fail,6,0,0,0,0,1,1,0,1,1,0,0,1,1,0,9
DDD,2014J,678065,1,North Western Region,A Level or Equivalent,0-10%,0-35,0,60,0,Fail,12,0,1,1,0,0,0,0,1,0,0,0,0,0,1,7
DDD,2014J,678102,1,Scotland,A Level or Equivalent,70-80%,0-35,0,60,0,Pass,11,0,1,1,0,1,0,1,1,1,0,0,1,0,0,6
DDD,2014J,678219,0,South East Region,A Level or Equivalent,0-10%,0-35,0,60,0,Withdrawn,6,0,0,1,1,0,1,0,1,0,1,0,1,0,0,9
DDD,2014J,678231,0,South Region,A Level or Equivalent,60-70%,0-35,0,60,0,Withdrawn,6,0,1,0,0,1,0,1,0,1,0,1,0,1,0,9
DDD,2014J,678233,1,East Anglian Region,A Level or Equivalent,90-100%,0-35,0,60,0,Pass,15,0,1,1,0,0,1,0,0,0,0,0,0,1,1,10
DDD,2014J,678240,0,Scotland,HE Qualification,60-70%,0-35,0,120,0,Distinction,4,0,1,0,0,0,1,0,1,0,1,1,1,1,1,8
DDD,2014J,678246,1,Scotland,HE Qualification,20-30%,35-55,0,180,0,Withdrawn,13,1,1,0,0,1,1,0,0,0,0,0,1,0,0,5
DDD,2014J,678262,1,South West Region,A Level or Equivalent,60-70%,0-35,0,120,0,Withdrawn,14,0,1,1,1,1,1,0,1,0,1,1,1,0,1,5
DDD,2014J,678382,0,South West Region,Lower Than A Level,30-40%,0-35,0,120,0,Withdrawn,13,0,0,0,1,0,1,0,1,1,0,0,0,0,0,5
DDD,2014J,678490,1,Ireland,HE Qualification,60-70%,0-35,0,120,0,Pass,3,0,1,1,1,0,0,1,1,0,1,0,1,1,0,8
DDD,2014J,678605,0,South Region,Lower Than A Level,40-50%,35-55,0,150,0,Fail,7,0,1,0,1,0,0,1,1,1,1,0,1,0,0,3
DDD,2014J,678737,0,South West Region,Lower Than A Level,90-100%,35-55,0,120,0,Withdrawn,13,1,0,1,0,1,1,1,0,0,1,0,0,1,0,5
DDD,2014J,678790,0,Wales,A Level or Equivalent,90-100%,0-35,0,120,0,Pass,7,0,1,1,0,0,1,1,1,1,0,0,1,1,0,3
DDD,2014J,678844,0,East Anglian Region,HE Qualification,80-90%,0-35,0,60,0,Distinction,9,0,1,1,0,0,1,0,0,1,0,0,1,1,0,4
DDD,2014J,678941,0,South West Region,HE Qualification,80-90%,35-55,0,120,0,Distinction,14,0,1,0,1,1,0,1,1,1,1,0,0,0,1,5
DDD,2014J,679000,0,East Midlands Region,Lower Than A Level,60-70%,0-35,0,180,1,Withdrawn,5,0,0,1,1,1,1,1,0,1,0,1,1,1,1,9
DDD,2014J,679179,0,Scotland,HE Qualification,20-30%,0-35,0,90,0,Fail,11,1,1,0,1,0,0,1,0,0,0,0,1,0,1,6
DDD,2014J,679234,1,East Anglian Region,A Level or Equivalent,70-80%,0-35,0,120,0,Withdrawn,8,1,0,1,0,1,0,0,1,0,0,1,1,0,0,3
DDD,2014J,679255,0,North Western Region,Lower Than A Level,50-60%,0-35,0,60,0,Withdrawn,6,1,1,0,1,0,1,1,1,1,1,0,0,0,1,9
DDD,2014J,679388,1,South West Region,A Level or Equivalent,30-40%,0-35,0,120,0,Withdrawn,3,0,0,0,0,0,1,0,0,0,0,1,1,1,0,8
DDD,2014J,679395,1,Ireland,Lower Than A Level,20-Oct,0-35,0,60,1,Fail,7,0,0,0,1,0,1,1,1,0,1,0,1,0,0,3
DDD,2014J,679427,0,East Anglian Region,Lower Than A Level,20-Oct,0-35,0,120,0,Withdrawn,8,1,1,1,0,0,0,0,1,0,0,0,1,1,0,3
DDD,2014J,679454,0,London Region,A Level or Equivalent,60-70%,0-35,0,60,0,Pass,6,1,1,0,0,1,1,1,0,1,0,1,0,0,0,9
DDD,2014J,679525,0,London Region,A Level or Equivalent,60-70%,0-35,0,90,0,Pass,9,1,1,1,1,0,0,1,0,1,1,1,0,1,1,4
DDD,2014J,679558,0,East Anglian Region,Lower Than A Level,40-50%,0-35,0,180,0,Withdrawn,5,1,1,0,1,0,1,1,1,1,0,0,0,0,1,9
DDD,2014J,679582,0,South Region,A Level or Equivalent,70-80%,0-35,0,60,0,Fail,15,0,1,1,0,0,1,1,1,1,0,1,0,1,0,10
DDD,2014J,679760,0,Scotland,Lower Than A Level,40-50%,0-35,0,60,0,Withdrawn,8,1,1,1,1,1,1,1,0,0,0,1,0,0,0,3
DDD,2014J,679777,0,West Midlands Region,A Level or Equivalent,30-40%,0-35,0,60,0,Pass,8,1,1,0,1,0,0,0,0,0,0,0,1,1,0,3
DDD,2014J,679854,1,North Region,HE Qualification,,0-35,0,90,0,Distinction,16,1,0,1,0,1,1,0,0,1,0,0,1,0,1,10
DDD,2014J,679897,1,London Region,Lower Than A Level,50-60%,0-35,0,120,0,Pass,9,0,1,1,1,1,0,0,0,1,0,1,1,0,0,4
DDD,2014J,680017,0,South Region,A Level or Equivalent,50-60%,0-35,0,60,0,Pass,1,0,0,1,1,1,0,1,0,0,1,1,0,1,0,2
DDD,2014J,680025,1,South Region,Lower Than A Level,90-100%,0-35,0,60,0,Pass,15,0,0,1,1,0,0,0,1,1,0,1,0,1,0,10
DDD,2014J,680087,0,East Anglian Region,A Level or Equivalent,80-90%,0-35,0,60,0,Pass,9,0,1,0,1,1,1,1,0,0,0,0,0,0,0,4
DDD,2014J,680293,1,North Region,A Level or Equivalent,,0-35,0,60,0,Withdrawn,4,1,1,1,0,0,0,0,1,1,1,1,0,0,0,8
DDD,2014J,680314,1,North Region,A Level or Equivalent,40-50%,0-35,0,150,0,Withdrawn,13,1,1,0,1,0,0,0,0,0,1,0,1,1,0,5
DDD,2014J,680331,0,East Anglian Region,A Level or Equivalent,90-100%,0-35,0,120,1,Fail,7,1,0,0,0,0,0,1,1,0,1,0,0,0,1,3
DDD,2014J,680373,1,North Western Region,HE Qualification,20-30%,35-55,0,60,0,Withdrawn,4,0,1,0,1,0,1,0,0,0,0,1,1,1,0,8
DDD,2014J,680414,0,East Midlands Region,A Level or Equivalent,20-Oct,0-35,0,80,0,Fail,4,1,1,0,0,0,0,0,0,1,0,0,1,1,0,8
DDD,2014J,680431,0,Wales,Lower Than A Level,60-70%,0-35,0,60,0,Fail,9,1,0,1,1,1,0,1,0,0,0,0,1,0,0,4
DDD,2014J,680492,0,London Region,HE Qualification,40-50%,35-55,0,90,0,Pass,11,1,1,0,0,0,0,1,1,1,1,1,1,0,1,6
DDD,2014J,680612,0,South West Region,A Level or Equivalent,20-Oct,0-35,0,60,0,Withdrawn,1,0,0,1,1,0,0,0,1,1,1,0,0,0,1,2
DDD,2014J,680626,0,Yorkshire Region,Lower Than A Level,20-30%,0-35,0,60,0,Fail,4,1,0,1,1,1,1,0,0,0,1,1,0,0,1,8
DDD,2014J,680698,0,East Anglian Region,A Level or Equivalent,80-90%,0-35,0,120,0,Withdrawn,5,0,0,1,1,1,0,1,1,1,1,0,0,1,1,9
DDD,2014J,680728,0,South West Region,Lower Than A Level,30-40%,0-35,0,60,0,Fail,1,1,1,1,1,0,0,1,0,0,0,1,0,1,1,2
DDD,2014J,680733,0,East Anglian Region,A Level or Equivalent,30-40%,0-35,0,120,1,Withdrawn,3,1,0,0,0,0,1,0,0,0,0,1,0,1,1,8
DDD,2014J,680764,1,East Anglian Region,HE Qualification,80-90%,0-35,0,120,0,Withdrawn,5,0,0,1,1,0,0,0,1,1,1,1,0,1,0,9
DDD,2014J,680807,0,North Western Region,HE Qualification,30-40%,0-35,0,120,0,Fail,8,0,1,1,1,0,1,0,1,0,0,0,1,0,0,3
DDD,2014J,680812,0,South East Region,A Level or Equivalent,60-70%,0-35,0,60,0,Fail,13,1,0,1,0,1,0,1,1,0,1,1,0,1,1,5
DDD,2014J,680817,1,London Region,A Level or Equivalent,20-Oct,0-35,0,120,0,Pass,15,1,1,0,1,0,0,1,0,0,0,0,0,0,1,10
DDD,2014J,680846,0,North Region,Lower Than A Level,50-60%,0-35,0,60,0,Withdrawn,4,1,1,1,0,0,0,1,0,0,0,1,0,1,1,8
DDD,2014J,680973,0,East Midlands Region,A Level or Equivalent,70-80%,0-35,0,60,0,Fail,2,1,1,1,1,0,0,1,1,1,0,1,0,0,0,2
DDD,2014J,680981,0,Yorkshire Region,Lower Than A Level,20-30%,0-35,0,120,0,Withdrawn,9,1,0,1,1,0,1,1,1,1,0,0,0,1,0,4
DDD,2014J,680996,0,South West Region,A Level or Equivalent,60-70%,0-35,0,120,1,Pass,10,0,1,0,0,1,0,1,1,0,1,1,1,0,1,1
DDD,2014J,681059,0,East Midlands Region,A Level or Equivalent,50-60%,0-35,0,60,0,Distinction,4,0,1,0,1,1,0,1,0,0,1,1,1,0,1,8
DDD,2014J,681125,0,South West Region,Lower Than A Level,50-60%,0-35,0,60,0,Withdrawn,11,1,0,1,0,1,0,1,0,0,1,0,0,1,1,6
DDD,2014J,681182,0,West Midlands Region,HE Qualification,20-Oct,0-35,0,60,0,Withdrawn,15,1,1,1,0,1,1,1,1,0,0,0,1,0,1,10
DDD,2014J,681210,0,North Western Region,Lower Than A Level,70-80%,0-35,0,180,0,Withdrawn,12,0,0,1,1,1,1,0,0,0,1,1,0,1,0,7
DDD,2014J,681211,0,South West Region,A Level or Equivalent,70-80%,0-35,0,60,0,Pass,9,1,0,1,0,1,1,0,1,1,0,1,1,0,0,4
DDD,2014J,681241,1,West Midlands Region,A Level or Equivalent,0-10%,0-35,0,120,1,Pass,12,0,1,1,1,0,0,1,0,1,0,0,1,0,0,7
DDD,2014J,681356,1,Scotland,HE Qualification,20-30%,0-35,0,90,0,Pass,4,0,0,0,0,1,0,0,0,0,1,1,1,0,1,8
DDD,2014J,681425,0,West Midlands Region,A Level or Equivalent,50-60%,0-35,0,60,0,Pass,9,1,1,0,0,1,0,0,0,1,0,0,0,1,1,4
DDD,2014J,681440,1,South East Region,HE Qualification,80-90%,0-35,0,120,0,Pass,5,0,0,0,1,1,0,0,0,1,1,1,1,1,0,9
DDD,2014J,681495,0,North Western Region,A Level or Equivalent,20-30%,0-35,0,60,0,Fail,14,1,1,0,0,0,0,1,0,1,1,1,1,0,1,5
DDD,2014J,681528,0,South West Region,A Level or Equivalent,20-Oct,0-35,0,120,0,Fail,9,0,1,0,0,0,1,1,1,0,1,1,1,1,1,4
DDD,2014J,681638,1,London Region,A Level or Equivalent,0-10%,0-35,0,120,0,Withdrawn,15,1,0,1,1,0,1,0,1,1,1,0,1,0,1,10
DDD,2014J,681695,1,South East Region,Lower Than A Level,20-Oct,0-35,0,120,0,Withdrawn,15,1,1,1,1,1,1,0,0,0,1,0,1,0,0,10
DDD,2014J,681705,0,South East Region,Lower Than A Level,40-50%,0-35,0,120,0,Fail,4,0,1,0,0,0,0,0,0,0,0,0,1,0,0,8
DDD,2014J,681729,1,South Region,A Level or Equivalent,40-50%,35-55,0,90,0,Distinction,3,1,0,1,0,0,0,1,0,0,1,1,1,1,1,8
DDD,2014J,681746,1,South East Region,A Level or Equivalent,20-30%,0-35,0,60,0,Pass,9,0,1,0,1,1,0,0,1,0,0,0,0,1,1,4
DDD,2014J,681799,0,Yorkshire Region,A Level or Equivalent,90-100%,0-35,0,60,0,Distinction,14,0,0,1,0,1,0,1,1,0,1,0,1,1,1,5
DDD,2014J,681854,0,North Western Region,A Level or Equivalent,20-30%,0-35,0,60,0,Withdrawn,8,0,1,1,0,1,1,0,0,0,1,1,0,1,0,3
DDD,2014J,681872,0,Scotland,A Level or Equivalent,20-30%,0-35,0,60,0,Fail,3,0,0,0,1,1,0,0,0,0,0,0,1,1,0,8
DDD,2014J,681923,1,East Anglian Region,Lower Than A Level,50-60%,0-35,0,60,0,Fail,1,1,1,1,1,0,1,1,1,1,0,1,1,1,0,2
DDD,2014J,681960,0,Yorkshire Region,Lower Than A Level,20-Oct,0-35,0,210,0,Withdrawn,14,1,0,0,1,0,1,0,0,0,1,1,0,1,1,5
DDD,2014J,682018,0,Yorkshire Region,Lower Than A Level,20-Oct,0-35,0,60,0,Fail,13,0,0,0,0,1,1,0,1,1,1,0,1,1,0,5
DDD,2014J,682022,0,Scotland,Lower Than A Level,90-100%,0-35,0,60,0,Pass,1,1,0,1,0,0,1,1,1,0,0,0,1,1,0,2
DDD,2014J,682031,1,North Western Region,A Level or Equivalent,0-10%,0-35,0,120,0,Withdrawn,16,1,0,1,1,1,1,1,1,0,0,1,0,1,1,10
DDD,2014J,682117,0,East Anglian Region,A Level or Equivalent,90-100%,0-35,0,60,0,Pass,13,0,1,0,1,0,1,0,0,1,1,1,1,1,1,5
DDD,2014J,682242,1,South Region,A Level or Equivalent,30-40%,0-35,0,90,0,Fail,9,0,1,1,0,0,1,0,1,0,0,0,1,0,1,4
DDD,2014J,682294,1,East Midlands Region,A Level or Equivalent,90-100%,0-35,0,60,0,Pass,16,1,0,1,1,1,1,1,1,1,1,1,0,0,1,10
DDD,2014J,682299,0,East Anglian Region,Lower Than A Level,30-40%,0-35,0,60,0,Pass,13,0,1,1,0,0,0,1,1,0,0,0,0,1,1,5
DDD,2014J,682306,1,North Western Region,HE Qualification,70-80%,35-55,0,60,0,Pass,7,1,0,0,1,0,0,1,0,1,1,1,0,1,0,3
DDD,2014J,682385,1,East Anglian Region,Lower Than A Level,50-60%,35-55,0,60,1,Fail,4,0,0,0,0,1,0,1,1,0,0,1,0,0,0,8
DDD,2014J,682541,0,East Anglian Region,A Level or Equivalent,90-100%,0-35,0,120,0,Pass,16,0,0,1,1,1,1,0,0,1,0,0,0,1,1,10
DDD,2014J,682660,0,East Midlands Region,Lower Than A Level,40-50%,0-35,0,60,0,Pass,12,0,1,0,0,0,1,0,0,1,0,1,0,0,1,7
DDD,2014J,682684,0,South West Region,A Level or Equivalent,60-70%,0-35,0,60,0,Pass,10,0,0,1,0,1,0,0,0,1,0,0,1,1,0,1
DDD,2014J,682692,0,North Region,Lower Than A Level,,0-35,0,90,0,Pass,3,1,0,0,0,1,0,0,1,0,0,0,0,0,0,8
DDD,2014J,682740,1,North Western Region,Lower Than A Level,20-30%,0-35,0,120,0,Pass,2,0,0,0,0,1,1,0,0,0,1,1,1,0,1,2
DDD,2014J,682787,0,North Western Region,A Level or Equivalent,50-60%,0-35,0,60,0,Withdrawn,12,1,0,0,1,0,1,0,0,1,1,1,1,0,1,7
DDD,2014J,682813,0,North Western Region,A Level or Equivalent,30-40%,0-35,0,90,0,Withdrawn,4,0,0,0,1,0,1,0,1,0,0,1,0,0,0,8
DDD,2014J,682819,1,Scotland,HE Qualification,20-30%,0-35,0,60,0,Fail,6,1,1,1,0,0,1,0,1,1,1,0,0,1,1,9
DDD,2014J,682897,1,East Anglian Region,A Level or Equivalent,20-30%,0-35,0,120,0,Pass,8,1,0,1,0,0,0,1,1,0,0,1,0,0,0,3
DDD,2014J,682968,0,Ireland,Lower Than A Level,,35-55,0,60,0,Pass,5,0,0,1,1,0,0,1,1,1,0,1,0,1,1,9
DDD,2014J,683091,1,North Region,HE Qualification,,35-55,0,60,0,Distinction,8,0,1,0,1,0,1,1,0,1,0,1,1,0,1,3
DDD,2014J,683340,1,West Midlands Region,A Level or Equivalent,0-10%,0-35,0,120,0,Withdrawn,11,1,1,0,1,1,1,1,0,0,1,0,0,0,0,6
DDD,2014J,683396,0,Yorkshire Region,HE Qualification,50-60%,0-35,0,60,0,Fail,1,0,0,0,1,0,0,1,0,1,1,0,0,0,1,2
DDD,2014J,683486,0,London Region,Lower Than A Level,0-10%,0-35,0,60,0,Withdrawn,1,0,1,1,0,0,1,1,0,1,1,0,0,0,0,2
DDD,2014J,683487,1,North Western Region,Lower Than A Level,0-10%,0-35,0,180,1,Withdrawn,1,1,1,0,0,1,1,1,0,1,1,0,0,0,0,2
DDD,2014J,683648,1,Scotland,Lower Than A Level,70-80%,0-35,0,60,0,Pass,12,0,0,0,1,0,0,0,1,0,0,1,1,0,0,7
DDD,2014J,683653,0,South East Region,A Level or Equivalent,90-100%,0-35,0,60,0,Pass,7,0,1,0,1,0,1,0,1,1,1,0,1,0,0,3
DDD,2014J,683713,1,Scotland,A Level or Equivalent,70-80%,35-55,0,120,0,Pass,16,0,1,1,0,0,1,1,0,1,0,0,1,1,1,10
DDD,2014J,683718,0,Scotland,A Level or Equivalent,90-100%,35-55,0,90,0,Pass,14,1,1,1,0,1,0,1,0,1,0,1,1,1,1,5
DDD,2014J,684095,0,South East Region,A Level or Equivalent,50-60%,0-35,0,90,1,Pass,14,0,0,0,1,0,0,1,0,0,0,0,0,1,0,5
DDD,2014J,684141,0,Scotland,HE Qualification,80-90%,0-35,0,60,0,Pass,3,0,0,1,1,0,1,1,0,0,0,1,1,1,1,8
DDD,2014J,684215,0,South East Region,Lower Than A Level,40-50%,0-35,0,60,0,Withdrawn,4,0,1,0,0,0,1,0,1,0,0,1,0,1,1,8
DDD,2014J,684217,0,Scotland,Lower Than A Level,60-70%,0-35,0,60,0,Pass,6,1,0,1,0,1,0,0,0,0,0,1,1,0,1,9
DDD,2014J,684233,0,North Western Region,Lower Than A Level,30-40%,0-35,0,60,0,Pass,4,1,1,0,0,1,0,1,0,1,1,1,0,1,1,8
DDD,2014J,684241,0,East Anglian Region,HE Qualification,90-100%,35-55,0,60,0,Distinction,16,1,1,0,1,1,0,1,0,0,1,0,1,1,0,10
DDD,2014J,684305,1,South West Region,A Level or Equivalent,20-Oct,0-35,0,90,0,Fail,14,1,0,1,1,1,0,0,0,1,0,0,1,1,0,5
DDD,2014J,684407,0,South Region,A Level or Equivalent,70-80%,0-35,0,60,0,Distinction,9,1,1,0,1,0,1,0,1,0,0,1,0,1,0,4
DDD,2014J,684441,1,East Anglian Region,A Level or Equivalent,60-70%,0-35,0,60,0,Pass,7,0,1,0,1,0,1,0,0,1,0,0,0,1,1,3
DDD,2014J,684480,0,South East Region,HE Qualification,70-80%,55<=,0,60,0,Distinction,11,1,1,1,0,1,1,0,1,0,1,1,1,1,0,6
DDD,2014J,684632,1,South West Region,A Level or Equivalent,70-80%,0-35,0,60,0,Distinction,11,0,0,1,0,1,0,0,0,0,0,1,1,1,1,6
DDD,2014J,684663,0,Scotland,Lower Than A Level,70-80%,0-35,0,120,1,Fail,2,1,0,1,1,0,1,1,0,0,1,1,0,1,0,2
DDD,2014J,684712,0,East Anglian Region,HE Qualification,40-50%,0-35,0,60,0,Withdrawn,16,1,1,0,0,0,1,1,1,1,0,0,0,1,1,10
DDD,2014J,684744,1,South Region,A Level or Equivalent,30-40%,0-35,0,60,0,Withdrawn,10,0,0,0,0,0,0,1,1,1,1,1,1,1,0,1
DDD,2014J,684854,0,Wales,A Level or Equivalent,60-70%,0-35,0,60,0,Pass,14,0,0,1,0,0,1,1,0,0,0,1,1,1,1,5
DDD,2014J,684868,0,East Anglian Region,A Level or Equivalent,50-60%,0-35,0,120,0,Withdrawn,8,0,0,1,1,1,0,0,0,1,0,1,0,0,0,3
DDD,2014J,684886,1,South East Region,Lower Than A Level,20-Oct,0-35,0,120,0,Withdrawn,14,1,1,1,1,0,0,0,1,1,1,1,1,0,0,5
DDD,2014J,684887,0,South East Region,Lower Than A Level,20-Oct,0-35,0,120,0,Withdrawn,11,0,1,1,0,0,1,0,0,1,0,0,1,0,1,6
DDD,2014J,684936,0,South Region,A Level or Equivalent,30-40%,0-35,0,60,0,Fail,6,1,0,1,1,0,1,0,1,1,0,0,1,0,1,9
DDD,2014J,685015,0,West Midlands Region,A Level or Equivalent,30-40%,35-55,0,150,0,Pass,9,1,1,0,1,0,1,1,0,1,1,0,1,0,1,4
DDD,2014J,685033,0,East Anglian Region,A Level or Equivalent,90-100%,0-35,0,120,0,Withdrawn,13,1,1,0,1,0,1,1,0,0,1,1,0,1,0,5
DDD,2014J,685069,1,South East Region,A Level or Equivalent,20-30%,0-35,0,120,1,Withdrawn,14,1,0,1,1,1,1,0,1,1,1,0,0,1,0,5
DDD,2014J,685085,0,North Region,Post Graduate Qualification,,35-55,0,60,0,Pass,10,1,1,0,1,1,0,0,1,1,1,0,0,0,1,1
DDD,2014J,685123,0,Yorkshire Region,A Level or Equivalent,90-100%,0-35,0,60,0,Withdrawn,14,0,0,0,1,1,1,0,0,0,1,0,0,0,1,5
DDD,2014J,685191,0,South Region,HE Qualification,90-100%,0-35,0,90,0,Distinction,8,0,1,0,1,0,1,0,0,1,1,0,0,0,1,3
DDD,2014J,685224,0,West Midlands Region,A Level or Equivalent,20-30%,35-55,0,60,0,Distinction,5,0,1,0,0,1,1,0,0,0,0,0,1,0,0,9
DDD,2014J,685294,0,South Region,HE Qualification,70-80%,35-55,0,60,0,Pass,16,0,0,0,0,1,1,0,1,1,0,1,1,1,1,10
DDD,2014J,685403,0,South East Region,A Level or Equivalent,30-40%,0-35,0,60,0,Withdrawn,6,0,0,1,1,0,1,1,1,1,1,0,0,1,1,9
DDD,2014J,685412,0,East Anglian Region,A Level or Equivalent,90-100%,0-35,0,120,0,Distinction,14,1,1,0,0,0,1,1,0,1,1,0,0,1,1,5
DDD,2014J,685458,0,North Western Region,Lower Than A Level,20-30%,0-35,0,120,0,Pass,8,1,0,1,0,1,1,1,0,1,1,1,0,0,0,3
DDD,2014J,685474,0,North Region,HE Qualification,,0-35,0,90,0,Withdrawn,7,0,0,1,1,0,0,1,0,0,0,1,1,1,1,3
DDD,2014J,685546,0,North Region,A Level or Equivalent,30-40%,0-35,0,90,0,Withdrawn,15,1,0,0,1,1,1,0,0,0,0,0,0,1,1,10
DDD,2014J,685611,0,Scotland,A Level or Equivalent,60-70%,0-35,0,90,0,Pass,9,1,0,0,0,1,1,0,1,0,1,0,0,1,1,4
DDD,2014J,685615,1,Wales,A Level or Equivalent,90-100%,0-35,0,90,0,Pass,14,0,1,1,0,0,0,0,1,1,1,0,0,0,0,5
DDD,2014J,685623,1,West Midlands Region,A Level or Equivalent,0-10%,0-35,0,60,0,Pass,12,0,1,1,1,0,0,1,1,1,0,0,1,1,0,7
DDD,2014J,685639,0,West Midlands Region,HE Qualification,0-10%,0-35,0,60,0,Withdrawn,9,1,1,1,0,1,0,0,1,1,0,0,0,1,1,4
DDD,2014J,685661,1,South West Region,A Level or Equivalent,70-80%,35-55,0,60,0,Withdrawn,16,0,0,0,1,1,0,1,0,1,1,0,0,1,1,10
DDD,2014J,685697,1,Yorkshire Region,A Level or Equivalent,20-30%,0-35,0,120,0,Pass,13,1,0,0,1,1,0,1,1,0,0,0,0,1,0,5
DDD,2014J,685843,0,Scotland,A Level or Equivalent,20-30%,0-35,0,60,0,Pass,3,1,0,0,1,0,1,1,1,1,0,0,1,0,0,8
DDD,2014J,685910,1,Scotland,Lower Than A Level,60-70%,0-35,0,60,0,Fail,16,0,1,0,1,0,1,1,1,1,0,0,0,0,1,10
DDD,2014J,685964,0,North Region,Lower Than A Level,,0-35,0,120,0,Distinction,5,1,1,0,1,1,0,0,1,1,0,0,1,0,0,9
DDD,2014J,686003,1,South West Region,A Level or Equivalent,50-60%,0-35,0,210,0,Withdrawn,8,1,1,1,1,0,0,0,1,1,1,0,0,0,1,3
DDD,2014J,686018,0,North Region,HE Qualification,,0-35,0,90,0,Pass,7,0,0,0,1,0,0,0,0,1,0,0,0,1,1,3
DDD,2014J,686038,1,South Region,Lower Than A Level,70-80%,0-35,0,60,0,Pass,14,1,0,0,0,0,1,0,0,1,0,0,1,0,1,5
DDD,2014J,686078,1,Scotland,A Level or Equivalent,20-30%,0-35,0,60,0,Withdrawn,5,0,0,1,0,0,1,1,1,1,1,0,1,0,1,9
DDD,2014J,686268,0,South Region,A Level or Equivalent,80-90%,0-35,0,120,0,Fail,16,0,0,0,1,0,0,0,1,1,0,1,1,0,0,10
DDD,2014J,686312,1,East Midlands Region,Lower Than A Level,80-90%,0-35,0,60,0,Pass,4,0,0,1,1,0,1,1,0,1,1,1,0,1,0,8
DDD,2014J,686313,1,North Western Region,A Level or Equivalent,90-100%,0-35,0,60,0,Withdrawn,13,0,1,1,0,1,0,1,0,0,1,0,1,1,1,5
DDD,2014J,686370,0,North Region,A Level or Equivalent,50-60%,0-35,0,60,0,Pass,9,1,1,0,0,1,1,0,1,0,0,1,0,0,1,4
DDD,2014J,686384,0,South East Region,A Level or Equivalent,20-30%,0-35,0,60,0,Withdrawn,1,0,1,0,0,0,1,1,1,0,0,1,0,1,1,2
DDD,2014J,686399,0,West Midlands Region,Lower Than A Level,20-Oct,0-35,0,120,0,Pass,3,0,1,1,1,1,1,0,1,0,1,0,1,1,0,8
DDD,2014J,686549,0,East Midlands Region,Lower Than A Level,20-Oct,0-35,0,60,0,Fail,12,0,0,0,1,0,0,0,0,1,0,0,1,0,0,7
DDD,2014J,686584,1,North Western Region,A Level or Equivalent,90-100%,0-35,0,120,1,Pass,2,1,1,1,1,0,1,0,0,1,1,1,0,0,1,2
DDD,2014J,686766,1,North Region,Lower Than A Level,,0-35,0,90,1,Pass,14,1,0,1,0,0,1,0,1,0,0,1,1,1,1,5
DDD,2014J,686838,0,Scotland,Lower Than A Level,30-40%,0-35,0,120,0,Fail,14,1,1,1,1,1,0,1,0,0,0,1,0,0,0,5
DDD,2014J,686854,0,North Region,A Level or Equivalent,50-60%,0-35,0,60,0,Pass,4,1,0,0,1,1,0,1,0,1,0,1,0,1,1,8
DDD,2014J,686871,0,Ireland,A Level or Equivalent,40-50%,0-35,0,60,0,Pass,15,1,0,0,0,0,1,1,0,1,1,0,1,1,1,10
DDD,2014J,687050,1,London Region,HE Qualification,30-40%,0-35,0,90,0,Fail,10,1,0,0,1,1,0,0,1,1,0,0,0,0,0,1
DDD,2014J,687244,0,East Midlands Region,A Level or Equivalent,70-80%,0-35,0,60,0,Pass,7,1,0,0,1,0,1,1,1,0,1,0,1,1,0,3
DDD,2014J,687384,0,North Region,Lower Than A Level,,0-35,0,60,0,Withdrawn,6,0,1,1,1,0,0,1,1,0,1,0,0,1,1,9
DDD,2014J,687411,1,Scotland,A Level or Equivalent,90-100%,0-35,0,120,1,Distinction,7,1,0,1,1,0,1,1,1,1,0,1,0,1,1,3
DDD,2014J,687446,0,East Anglian Region,Lower Than A Level,30-40%,0-35,0,60,1,Fail,12,1,0,1,0,0,0,1,1,1,0,1,1,1,1,7
DDD,2014J,687600,1,Scotland,A Level or Equivalent,50-60%,0-35,0,120,0,Pass,5,1,1,0,1,1,0,1,0,1,0,0,0,0,1,9
DDD,2014J,687715,0,South East Region,Lower Than A Level,40-50%,0-35,0,60,0,Withdrawn,12,1,1,0,0,1,1,0,1,0,1,0,1,1,0,7
DDD,2014J,687720,0,London Region,A Level or Equivalent,20-30%,35-55,0,120,0,Pass,7,0,1,0,0,1,0,0,0,1,0,0,0,1,1,3
DDD,2014J,687765,1,North Western Region,Lower Than A Level,30-40%,0-35,0,150,0,Withdrawn,2,0,1,1,1,1,0,1,0,0,1,1,1,0,0,2
DDD,2014J,687777,1,Scotland,Lower Than A Level,80-90%,0-35,0,120,0,Withdrawn,9,0,0,1,1,0,0,1,1,1,0,0,1,1,0,4
DDD,2014J,687781,1,South West Region,Lower Than A Level,30-40%,0-35,0,60,0,Pass,5,0,1,0,0,0,0,1,0,1,1,0,1,0,0,9
DDD,2014J,687792,1,Wales,HE Qualification,20-30%,0-35,0,60,0,Pass,4,1,0,1,0,1,1,0,1,1,0,1,1,0,0,8
DDD,2014J,687823,0,Scotland,HE Qualification,60-70%,0-35,0,120,0,Pass,15,1,1,1,1,0,0,0,1,1,1,0,1,1,1,10
DDD,2014J,687835,0,West Midlands Region,A Level or Equivalent,60-70%,0-35,0,60,0,Pass,3,0,1,0,1,0,1,1,1,1,1,1,0,0,0,8
DDD,2014J,687861,0,East Midlands Region,A Level or Equivalent,20-30%,0-35,0,120,0,Pass,2,0,0,0,0,0,1,0,1,1,0,0,0,0,0,2
DDD,2014J,687975,1,East Midlands Region,A Level or Equivalent,70-80%,0-35,0,120,0,Distinction,5,1,1,0,0,1,0,1,0,0,0,1,0,0,1,9
DDD,2014J,687981,0,North Western Region,Lower Than A Level,0-10%,0-35,0,90,0,Pass,16,1,0,1,0,1,0,1,0,0,1,0,1,1,0,10
DDD,2014J,688128,1,West Midlands Region,Lower Than A Level,50-60%,0-35,0,120,0,Withdrawn,10,0,1,1,1,0,1,0,0,0,1,1,1,0,0,1
DDD,2014J,688171,0,West Midlands Region,A Level or Equivalent,20-30%,0-35,0,120,1,Withdrawn,2,0,1,1,1,0,0,1,0,1,1,1,1,1,1,2
DDD,2014J,688175,0,Yorkshire Region,A Level or Equivalent,80-90%,0-35,0,60,0,Pass,9,0,1,0,0,0,1,0,0,0,0,1,0,1,1,4
DDD,2014J,688213,0,North Western Region,A Level or Equivalent,30-40%,0-35,0,120,0,Withdrawn,5,1,0,1,1,0,1,0,0,1,1,0,1,0,1,9
DDD,2014J,688284,0,West Midlands Region,Lower Than A Level,90-100%,0-35,0,120,0,Withdrawn,15,0,0,0,0,0,1,0,0,0,1,1,1,1,0,10
DDD,2014J,688285,1,East Midlands Region,Lower Than A Level,30-40%,35-55,0,120,0,Withdrawn,5,1,1,0,0,1,0,1,1,0,0,0,1,0,1,9
DDD,2014J,688437,0,West Midlands Region,A Level or Equivalent,40-50%,0-35,0,120,0,Pass,15,1,0,0,1,1,0,0,0,0,0,0,1,0,0,10
DDD,2014J,688525,1,East Anglian Region,A Level or Equivalent,60-70%,35-55,0,60,0,Fail,15,0,1,1,1,1,0,1,0,0,0,1,1,0,1,10
DDD,2014J,688571,0,East Anglian Region,A Level or Equivalent,20-Oct,35-55,0,60,0,Pass,2,0,1,0,0,1,1,0,1,0,0,0,1,0,0,2
DDD,2014J,688592,0,South Region,HE Qualification,20-30%,0-35,0,60,0,Pass,14,0,1,0,1,1,1,1,1,1,0,1,1,0,0,5
DDD,2014J,688608,0,Yorkshire Region,Lower Than A Level,20-30%,0-35,0,90,0,Pass,1,0,1,0,0,1,1,1,1,1,1,1,1,1,1,2
DDD,2014J,688615,1,Scotland,HE Qualification,0-10%,0-35,0,90,0,Withdrawn,14,0,1,1,1,0,0,1,0,1,1,0,0,0,0,5
DDD,2014J,688656,1,East Anglian Region,No Formal quals,70-80%,0-35,0,60,0,Withdrawn,16,1,0,0,0,1,0,0,0,1,1,1,1,0,0,10
DDD,2014J,688665,1,South West Region,A Level or Equivalent,20-30%,0-35,0,60,0,Fail,12,1,0,0,0,1,0,1,1,0,1,0,0,1,1,7
DDD,2014J,688672,0,Yorkshire Region,Lower Than A Level,0-10%,35-55,0,90,0,Withdrawn,6,0,1,1,0,0,0,0,1,1,1,1,1,0,1,9
DDD,2014J,688722,1,South West Region,A Level or Equivalent,90-100%,0-35,0,60,0,Pass,13,0,1,1,1,1,0,1,0,0,1,0,1,1,1,5
DDD,2014J,688805,1,South Region,HE Qualification,90-100%,35-55,0,120,0,Withdrawn,9,1,1,0,1,1,1,1,0,1,1,1,1,0,1,4
DDD,2014J,688843,1,East Anglian Region,A Level or Equivalent,40-50%,0-35,0,180,0,Fail,14,0,1,1,0,0,1,0,1,0,0,1,0,0,1,5
DDD,2014J,688849,0,Scotland,Lower Than A Level,60-70%,0-35,0,120,0,Withdrawn,5,0,0,0,0,0,1,0,0,1,1,0,1,0,1,9
DDD,2014J,688911,0,Ireland,HE Qualification,80-90%,35-55,0,60,0,Pass,15,1,0,0,1,1,0,0,1,1,1,1,0,1,1,10
DDD,2014J,689017,0,West Midlands Region,A Level or Equivalent,70-80%,0-35,0,120,0,Pass,5,1,1,0,0,0,1,1,1,0,0,1,0,1,0,9
DDD,2014J,689038,1,South West Region,A Level or Equivalent,20-30%,0-35,0,120,0,Fail,16,1,1,1,1,1,0,0,1,1,0,0,1,0,1,10
DDD,2014J,689050,0,South Region,HE Qualification,80-90%,0-35,0,120,0,Pass,10,1,0,0,1,0,0,1,0,1,1,0,0,1,1,1
DDD,2014J,689135,1,London Region,A Level or Equivalent,0-10%,0-35,0,60,0,Pass,15,0,0,0,1,1,0,0,0,1,1,0,0,0,1,10
DDD,2014J,689143,0,Yorkshire Region,A Level or Equivalent,0-10%,0-35,0,120,0,Withdrawn,9,0,0,1,0,0,0,0,0,1,0,1,0,0,1,4
DDD,2014J,689190,1,South East Region,A Level or Equivalent,20-Oct,0-35,0,90,0,Pass,6,0,0,0,1,1,1,1,0,1,0,1,0,0,1,9
DDD,2014J,689198,1,South West Region,A Level or Equivalent,80-90%,0-35,0,120,1,Withdrawn,11,0,0,1,1,1,0,1,1,1,1,0,0,1,1,6
DDD,2014J,689231,0,South East Region,A Level or Equivalent,40-50%,0-35,0,60,0,Pass,2,0,1,0,0,0,1,0,1,1,0,0,0,1,1,2
DDD,2014J,689346,1,North Western Region,A Level or Equivalent,0-10%,0-35,0,120,1,Withdrawn,15,1,1,0,0,1,0,0,1,1,1,1,1,1,1,10
DDD,2014J,689418,0,Yorkshire Region,A Level or Equivalent,40-50%,0-35,0,120,0,Pass,10,1,1,0,0,0,0,1,1,0,0,1,1,0,1,1
DDD,2014J,689527,1,Scotland,HE Qualification,0-10%,0-35,0,120,0,Fail,13,1,1,0,1,1,0,1,0,1,0,0,0,0,0,5
DDD,2014J,689574,1,London Region,A Level or Equivalent,50-60%,0-35,0,120,0,Pass,14,1,0,1,0,1,0,0,1,0,0,0,0,1,0,5
DDD,2014J,689650,0,South Region,A Level or Equivalent,40-50%,0-35,0,60,0,Distinction,16,1,0,0,0,0,1,0,1,1,1,0,0,1,0,10
DDD,2014J,689759,0,Scotland,Lower Than A Level,80-90%,0-35,0,120,0,Pass,3,0,0,0,1,0,1,0,0,0,0,1,1,1,1,8
DDD,2014J,689816,1,East Anglian Region,Lower Than A Level,50-60%,0-35,0,120,0,Withdrawn,8,0,1,1,0,1,0,0,1,0,0,0,0,0,1,3
DDD,2014J,689900,1,Scotland,A Level or Equivalent,80-90%,35-55,0,120,0,Withdrawn,11,0,0,0,1,0,1,1,0,1,1,1,1,1,1,6
DDD,2014J,689921,1,Yorkshire Region,Lower Than A Level,0-10%,35-55,0,60,0,Pass,5,0,0,1,0,0,1,1,0,1,1,1,1,0,1,9
DDD,2014J,689956,0,Scotland,HE Qualification,90-100%,0-35,0,60,0,Pass,6,0,1,0,0,1,1,0,1,1,0,1,1,1,0,9
DDD,2014J,689990,0,North Region,A Level or Equivalent,40-50%,0-35,0,120,1,Distinction,13,1,1,1,1,1,0,0,1,0,0,0,1,0,1,5
DDD,2014J,689999,1,North Western Region,A Level or Equivalent,60-70%,0-35,0,120,0,Withdrawn,12,0,0,0,0,0,1,0,1,0,1,1,0,1,1,7
DDD,2014J,690118,0,West Midlands Region,Lower Than A Level,80-90%,35-55,0,120,0,Withdrawn,1,0,1,0,0,1,0,1,0,0,0,0,1,1,0,2
DDD,2014J,690133,1,East Anglian Region,A Level or Equivalent,40-50%,0-35,0,60,0,Pass,10,1,0,0,1,1,0,0,1,0,0,1,1,1,0,1
DDD,2014J,690168,1,Scotland,HE Qualification,40-50%,0-35,0,60,0,Pass,7,1,1,0,1,1,1,1,0,1,1,0,1,1,0,3
DDD,2014J,690181,1,East Midlands Region,A Level or Equivalent,20-Oct,0-35,0,120,0,Withdrawn,8,1,1,0,1,0,1,0,1,1,1,1,1,0,1,3
DDD,2014J,690192,0,East Anglian Region,HE Qualification,80-90%,35-55,0,60,0,Pass,12,1,1,0,1,1,0,1,1,1,0,1,0,0,1,7
DDD,2014J,690225,0,North Region,HE Qualification,,35-55,0,60,0,Fail,16,1,0,0,0,0,1,1,0,0,1,0,0,1,1,10
DDD,2014J,690240,1,London Region,A Level or Equivalent,60-70%,0-35,0,120,0,Withdrawn,10,0,1,1,1,1,0,0,1,1,0,0,0,0,1,1
DDD,2014J,690298,0,North Western Region,A Level or Equivalent,0-10%,0-35,0,120,0,Fail,9,1,1,0,1,0,0,0,1,0,0,0,1,0,0,4
DDD,2014J,690365,0,Scotland,Lower Than A Level,20-Oct,35-55,0,90,0,Pass,7,1,0,1,0,1,0,1,0,1,0,0,0,1,0,3
DDD,2014J,690600,0,Scotland,Lower Than A Level,40-50%,0-35,0,120,0,Withdrawn,11,1,0,0,1,1,1,1,1,1,1,0,1,1,1,6
DDD,2014J,690669,0,Wales,HE Qualification,60-70%,0-35,0,210,0,Withdrawn,10,0,1,1,0,1,1,0,0,1,1,1,0,0,1,1
DDD,2014J,690711,0,Scotland,HE Qualification,40-50%,0-35,0,60,0,Distinction,11,1,0,0,1,0,0,0,1,1,1,0,1,1,0,6
DDD,2014J,690733,0,South West Region,HE Qualification,70-80%,55<=,0,120,0,Distinction,5,0,1,1,0,0,1,0,1,1,1,0,1,0,0,9
DDD,2014J,690780,1,London Region,A Level or Equivalent,50-60%,0-35,0,120,0,Withdrawn,6,0,1,0,0,0,0,0,1,1,0,1,1,0,0,9
DDD,2014J,690783,0,Scotland,Lower Than A Level,70-80%,0-35,0,120,0,Fail,6,1,0,0,0,0,1,0,0,1,0,1,1,1,0,9
DDD,2014J,690843,0,Wales,HE Qualification,40-50%,35-55,0,180,0,Withdrawn,12,0,1,0,1,1,1,1,1,1,0,1,0,0,1,7
DDD,2014J,690867,0,North Region,Lower Than A Level,20-Oct,0-35,0,60,1,Withdrawn,8,1,1,0,0,1,1,1,0,1,0,1,1,1,1,3
DDD,2014J,690882,1,London Region,HE Qualification,30-40%,0-35,0,60,0,Pass,11,1,1,1,0,0,0,0,1,0,0,0,1,0,0,6
DDD,2014J,690884,1,London Region,A Level or Equivalent,30-40%,0-35,0,120,0,Fail,5,1,0,1,1,0,0,1,0,1,0,1,0,1,1,9
DDD,2014J,690932,0,Scotland,A Level or Equivalent,50-60%,0-35,0,60,0,Fail,9,0,1,1,1,0,0,1,1,1,0,0,1,1,0,4
DDD,2014J,691008,0,North Western Region,A Level or Equivalent,30-40%,0-35,0,120,0,Withdrawn,4,0,0,1,0,1,1,0,0,0,0,0,0,0,1,8
DDD,2014J,691040,1,North Region,Lower Than A Level,50-60%,0-35,0,120,0,Withdrawn,9,1,0,1,0,0,0,1,0,1,0,0,0,0,1,4
DDD,2014J,691069,1,North Region,Post Graduate Qualification,,35-55,0,90,0,Pass,5,1,0,0,0,0,0,0,0,0,0,1,1,1,0,9
DDD,2014J,691088,1,Yorkshire Region,HE Qualification,0-10%,0-35,0,60,0,Fail,9,1,0,0,1,0,0,1,0,1,0,1,0,1,1,4
DDD,2014J,691202,1,East Anglian Region,Lower Than A Level,70-80%,35-55,0,60,0,Pass,10,1,0,1,1,1,0,0,0,1,1,0,0,0,0,1
DDD,2014J,691207,0,Scotland,Lower Than A Level,60-70%,0-35,0,60,0,Pass,8,1,0,0,0,1,0,0,1,1,0,1,0,1,1,3
DDD,2014J,691212,1,South West Region,Lower Than A Level,70-80%,0-35,0,90,0,Fail,6,0,1,0,1,1,1,1,0,1,0,1,1,1,0,9
DDD,2014J,691257,1,London Region,A Level or Equivalent,0-10%,0-35,0,120,0,Withdrawn,9,0,1,1,1,0,1,1,1,1,1,1,1,0,1,4
DDD,2014J,691428,0,Yorkshire Region,A Level or Equivalent,40-50%,0-35,0,120,0,Withdrawn,3,0,1,0,1,0,0,0,0,0,1,0,0,1,1,8
DDD,2014J,691444,1,East Anglian Region,Lower Than A Level,40-50%,0-35,0,120,0,Fail,5,0,1,1,0,1,1,0,1,1,0,1,0,0,1,9
DDD,2014J,691640,0,East Midlands Region,Lower Than A Level,90-100%,0-35,0,60,0,Withdrawn,6,0,1,1,1,0,0,1,0,1,1,0,1,1,1,9
DDD,2014J,691748,0,East Anglian Region,Lower Than A Level,20-30%,0-35,0,60,0,Fail,16,0,1,1,1,1,1,0,1,0,1,0,1,1,0,10
DDD,2014J,691761,0,East Anglian Region,Lower Than A Level,70-80%,35-55,0,60,0,Pass,12,1,1,1,0,0,1,0,0,1,0,1,0,0,1,7
DDD,2014J,691782,1,East Anglian Region,Lower Than A Level,80-90%,0-35,0,60,0,Pass,5,0,0,0,0,0,0,1,1,1,1,1,0,1,0,9
DDD,2014J,691834,1,South East Region,A Level or Equivalent,60-70%,0-35,0,120,0,Pass,8,0,0,1,1,0,0,1,1,1,1,1,0,0,1,3
DDD,2014J,692426,0,South East Region,A Level or Equivalent,50-60%,35-55,0,60,0,Fail,8,0,1,0,1,1,0,0,1,0,1,1,1,0,0,3
DDD,2014J,692477,0,North Western Region,HE Qualification,40-50%,0-35,0,120,0,Pass,3,0,0,0,0,0,1,1,0,0,0,1,0,1,0,8
DDD,2014J,692603,1,East Anglian Region,A Level or Equivalent,80-90%,0-35,0,120,1,Distinction,14,1,0,1,1,0,1,0,0,0,0,1,1,0,1,5
DDD,2014J,692652,0,London Region,HE Qualification,20-30%,0-35,0,60,0,Distinction,13,0,0,1,0,0,0,1,1,1,1,1,0,0,0,5
DDD,2014J,692664,0,North Western Region,A Level or Equivalent,20-Oct,0-35,0,60,0,Withdrawn,1,1,0,1,1,0,0,0,1,1,0,1,1,0,0,2
DDD,2014J,692753,1,South Region,Lower Than A Level,80-90%,0-35,0,60,1,Withdrawn,8,0,1,0,0,1,0,1,1,0,0,1,0,0,0,3
DDD,2014J,692850,1,Ireland,HE Qualification,,0-35,0,120,0,Withdrawn,14,1,0,0,1,0,1,0,1,0,1,1,0,1,0,5
DDD,2014J,693047,0,North Western Region,Lower Than A Level,40-50%,35-55,0,120,1,Withdrawn,10,0,0,0,1,1,0,0,0,0,1,0,0,1,0,1
DDD,2014J,693058,0,Scotland,A Level or Equivalent,90-100%,0-35,0,120,0,Distinction,13,0,0,1,1,1,1,0,0,1,1,0,1,1,0,5
DDD,2014J,693061,0,West Midlands Region,Lower Than A Level,20-Oct,0-35,0,60,0,Withdrawn,12,0,0,0,0,1,1,0,0,1,0,0,0,0,1,7
DDD,2014J,693082,1,Scotland,HE Qualification,50-60%,35-55,0,120,0,Withdrawn,1,0,1,0,1,1,0,1,1,0,1,1,0,1,0,2
DDD,2014J,693085,0,London Region,A Level or Equivalent,30-40%,0-35,0,60,0,Pass,10,1,1,0,1,0,0,0,1,0,1,1,0,0,1,1
DDD,2014J,693145,0,East Anglian Region,A Level or Equivalent,20-30%,0-35,0,120,0,Pass,8,1,0,1,1,1,1,0,0,0,1,0,1,1,1,3
DDD,2014J,693161,0,East Midlands Region,Lower Than A Level,20-Oct,0-35,0,120,0,Withdrawn,5,1,1,1,1,1,0,1,1,1,0,0,1,0,1,9
DDD,2014J,693294,1,London Region,A Level or Equivalent,60-70%,0-35,0,120,0,Fail,9,0,0,0,0,0,0,0,0,0,1,0,0,1,0,4
DDD,2014J,693310,0,Yorkshire Region,Lower Than A Level,0-10%,0-35,0,120,0,Withdrawn,1,1,1,1,0,0,1,1,0,1,1,1,1,0,0,2
DDD,2014J,693441,0,North Region,Lower Than A Level,,0-35,0,120,1,Pass,3,0,0,1,0,1,0,0,0,1,1,0,0,1,0,8
DDD,2014J,693452,0,North Region,A Level or Equivalent,,0-35,0,60,0,Pass,15,1,0,1,0,1,1,0,0,0,0,0,1,1,0,10
DDD,2014J,693468,0,South East Region,A Level or Equivalent,30-40%,0-35,0,60,1,Withdrawn,8,0,0,1,0,0,0,0,1,0,0,1,1,1,1,3
DDD,2014J,693488,0,South Region,Lower Than A Level,80-90%,0-35,0,90,0,Pass,4,1,1,1,0,1,1,0,0,1,0,1,1,1,0,8
DDD,2014J,693501,0,North Region,HE Qualification,,35-55,0,60,0,Distinction,14,0,0,1,1,1,0,0,1,1,0,1,1,1,0,5
DDD,2014J,693565,0,Scotland,Lower Than A Level,60-70%,0-35,0,120,0,Withdrawn,8,1,1,0,0,0,0,0,1,0,1,1,1,1,0,3
DDD,2014J,693569,0,North Region,HE Qualification,40-50%,0-35,0,60,0,Pass,7,1,0,0,0,1,1,0,0,1,1,1,0,0,1,3
DDD,2014J,693606,0,North Region,Lower Than A Level,,0-35,0,60,0,Pass,9,1,1,1,1,1,1,0,0,1,1,1,1,0,1,4
DDD,2014J,693863,1,East Anglian Region,HE Qualification,90-100%,0-35,0,120,0,Withdrawn,10,0,0,1,0,0,1,0,1,1,0,0,1,1,0,1
DDD,2014J,693902,0,London Region,HE Qualification,40-50%,0-35,0,120,0,Distinction,16,0,1,1,1,1,0,1,0,1,0,1,0,0,0,10
DDD,2014J,693926,1,North Western Region,Lower Than A Level,40-50%,0-35,0,60,0,Withdrawn,5,1,1,1,1,1,0,1,0,0,1,0,1,0,0,9
DDD,2014J,694006,0,South Region,A Level or Equivalent,90-100%,0-35,0,60,0,Pass,16,1,1,1,0,0,1,1,0,0,0,0,0,0,0,10
DDD,2014J,694010,1,North Region,HE Qualification,,0-35,0,120,0,Pass,13,0,1,0,0,0,0,1,0,0,0,1,1,1,1,5
DDD,2014J,694019,0,Wales,A Level or Equivalent,60-70%,0-35,0,60,0,Withdrawn,12,1,1,1,1,0,0,1,1,1,1,1,0,0,0,7
DDD,2014J,694147,0,London Region,A Level or Equivalent,20-30%,0-35,0,180,0,Withdrawn,10,1,0,0,0,0,0,0,1,0,0,1,1,0,0,1
DDD,2014J,694225,0,Wales,A Level or Equivalent,30-40%,0-35,0,60,0,Withdrawn,8,1,0,1,0,0,1,1,0,0,1,1,0,0,1,3
DDD,2014J,694384,1,South West Region,A Level or Equivalent,30-40%,0-35,0,60,0,Pass,7,1,1,0,1,0,1,0,0,1,0,0,1,1,1,3
DDD,2014J,694634,0,East Anglian Region,A Level or Equivalent,60-70%,0-35,0,60,1,Pass,9,1,0,0,1,1,0,1,0,0,0,1,0,1,1,4
DDD,2014J,694673,1,East Midlands Region,A Level or Equivalent,80-90%,0-35,0,60,0,Fail,3,1,1,1,0,0,1,1,1,1,0,1,0,0,0,8
DDD,2014J,694677,0,London Region,A Level or Equivalent,50-60%,0-35,0,120,0,Pass,16,1,1,1,0,0,1,1,1,0,1,0,1,0,1,10
DDD,2014J,694698,0,North Region,HE Qualification,,35-55,0,60,0,Pass,2,0,1,0,0,1,0,0,0,0,1,1,0,1,1,2
DDD,2014J,694705,0,South Region,Lower Than A Level,40-50%,0-35,0,180,1,Withdrawn,1,1,1,0,0,1,0,1,1,0,0,1,1,0,0,2
DDD,2014J,694753,0,South West Region,A Level or Equivalent,30-40%,0-35,0,120,0,Withdrawn,11,1,0,0,0,1,0,0,0,0,1,1,0,0,0,6
DDD,2014J,694802,0,London Region,Lower Than A Level,20-Oct,0-35,0,120,0,Withdrawn,5,0,1,0,0,0,0,1,0,0,0,0,0,1,1,9
DDD,2014J,694871,0,North Region,Lower Than A Level,,35-55,0,120,0,Pass,10,0,0,0,0,1,0,1,1,1,1,0,1,0,0,1
DDD,2014J,694872,0,East Midlands Region,A Level or Equivalent,30-40%,35-55,0,120,0,Distinction,4,1,1,0,1,1,0,1,1,1,1,0,0,1,1,8
DDD,2014J,694976,1,East Anglian Region,A Level or Equivalent,60-70%,0-35,0,60,0,Pass,8,0,0,0,0,0,0,0,0,1,0,0,1,0,1,3
DDD,2014J,695183,0,London Region,HE Qualification,80-90%,35-55,0,60,0,Distinction,2,1,0,0,1,1,0,0,0,0,1,0,1,0,0,2
DDD,2014J,695201,0,London Region,A Level or Equivalent,20-30%,0-35,0,120,0,Pass,11,1,1,0,0,0,1,0,1,0,0,1,0,1,1,6
DDD,2014J,695270,0,South West Region,A Level or Equivalent,20-Oct,0-35,0,120,0,Pass,4,1,0,0,1,0,1,0,1,1,1,0,0,0,0,8
DDD,2014J,695432,0,South Region,A Level or Equivalent,90-100%,0-35,0,180,0,Pass,15,0,0,1,0,0,1,1,1,0,0,0,1,1,1,10
DDD,2014J,695473,1,North Region,Lower Than A Level,,0-35,0,180,0,Withdrawn,15,1,1,0,0,0,0,0,0,0,0,0,1,1,0,10
DDD,2014J,695503,1,East Midlands Region,A Level or Equivalent,20-30%,0-35,0,60,0,Pass,2,1,1,0,0,1,1,1,1,1,1,0,1,1,0,2
DDD,2014J,695584,0,London Region,Lower Than A Level,80-90%,35-55,0,120,0,Withdrawn,4,1,0,0,1,1,1,1,0,0,1,1,0,1,0,8
DDD,2014J,695611,0,North Western Region,A Level or Equivalent,70-80%,0-35,0,120,0,Withdrawn,4,1,1,1,1,1,0,0,1,0,0,0,0,0,1,8
DDD,2014J,695643,1,West Midlands Region,A Level or Equivalent,20-Oct,0-35,0,150,1,Withdrawn,14,1,0,1,0,1,1,0,0,0,0,1,0,0,0,5
DDD,2014J,695651,0,Ireland,Lower Than A Level,,0-35,0,60,0,Pass,11,1,0,0,1,0,1,1,1,1,0,1,0,1,1,6
DDD,2014J,695735,0,East Anglian Region,HE Qualification,40-50%,0-35,0,60,0,Fail,11,1,1,0,1,1,0,0,1,0,1,0,1,1,0,6
DDD,2014J,695739,1,North Region,Lower Than A Level,,0-35,0,150,0,Pass,5,0,1,1,1,0,1,0,0,1,1,1,1,1,1,9
DDD,2014J,695759,0,East Midlands Region,A Level or Equivalent,80-90%,0-35,0,60,0,Pass,13,1,1,0,0,1,1,0,1,1,1,1,1,0,0,5
DDD,2014J,695794,0,West Midlands Region,Lower Than A Level,0-10%,0-35,0,120,0,Withdrawn,8,0,1,0,1,0,1,1,1,1,1,1,1,1,0,3
DDD,2014J,695799,1,South Region,HE Qualification,60-70%,0-35,0,60,0,Withdrawn,10,0,0,1,0,0,0,1,1,1,1,1,0,0,0,1
DDD,2014J,695916,0,Ireland,A Level or Equivalent,,0-35,0,90,0,Pass,11,1,1,1,0,1,1,1,0,1,1,0,1,1,1,6
DDD,2014J,695956,1,Wales,HE Qualification,40-50%,35-55,0,120,0,Withdrawn,1,0,0,1,1,0,0,0,1,1,1,0,0,0,0,2
DDD,2014J,696072,0,Wales,A Level or Equivalent,80-90%,0-35,0,120,0,Pass,12,1,0,1,0,1,1,1,1,0,0,0,0,0,1,7
DDD,2014J,696132,0,East Anglian Region,Lower Than A Level,80-90%,0-35,0,60,0,Fail,15,1,0,0,0,0,1,1,1,0,1,0,0,1,1,10
DDD,2014J,696234,0,Wales,HE Qualification,80-90%,0-35,0,120,0,Withdrawn,11,0,0,0,0,1,1,0,0,1,0,0,0,1,0,6
DDD,2014J,696265,0,Yorkshire Region,A Level or Equivalent,0-10%,0-35,0,120,0,Withdrawn,4,0,0,1,1,0,0,1,0,0,0,1,0,0,1,8
DDD,2014J,696324,0,Scotland,HE Qualification,80-90%,35-55,0,120,0,Withdrawn,1,0,0,0,1,1,1,0,1,0,1,1,0,0,1,2
DDD,2014J,696415,1,North Region,Lower Than A Level,,0-35,0,60,0,Pass,11,1,1,0,1,1,0,1,0,0,0,1,0,0,1,6
DDD,2014J,696430,1,London Region,A Level or Equivalent,20-Oct,0-35,0,60,0,Fail,9,1,1,0,0,1,0,0,1,1,1,0,1,1,0,4
DDD,2014J,696501,0,North Region,A Level or Equivalent,40-50%,0-35,0,120,1,Withdrawn,3,1,1,0,0,1,0,1,1,0,0,1,0,1,0,8
DDD,2014J,696546,0,South West Region,Lower Than A Level,60-70%,0-35,0,60,0,Withdrawn,13,0,0,0,1,1,0,0,0,1,0,1,1,1,0,5
DDD,2014J,696789,0,Wales,HE Qualification,80-90%,35-55,0,60,0,Pass,7,1,1,0,1,0,1,0,0,0,1,0,0,0,1,3
DDD,2014J,696807,1,North Western Region,A Level or Equivalent,50-60%,0-35,0,120,0,Withdrawn,6,0,0,1,0,0,0,1,1,1,1,0,0,1,1,9
DDD,2014J,696826,0,South Region,Lower Than A Level,90-100%,0-35,0,120,1,Fail,11,0,1,1,0,1,0,1,1,0,1,0,0,1,1,6
DDD,2014J,696937,0,South West Region,Lower Than A Level,20-30%,0-35,0,60,0,Fail,10,0,1,1,0,1,0,0,0,0,1,1,1,1,0,1
DDD,2014J,697045,0,South Region,A Level or Equivalent,40-50%,0-35,0,120,0,Distinction,13,1,1,0,1,1,1,0,1,0,1,0,0,1,0,5
DDD,2014J,697101,0,South Region,A Level or Equivalent,40-50%,35-55,0,60,0,Pass,1,1,1,0,1,1,0,0,1,1,0,1,1,0,0,2
DDD,2014J,697283,1,London Region,A Level or Equivalent,20-30%,0-35,0,120,0,Withdrawn,14,1,0,0,1,0,0,1,0,0,1,0,1,1,1,5
DDD,2014J,697352,0,Wales,A Level or Equivalent,60-70%,0-35,0,90,0,Fail,8,1,1,1,1,1,1,0,0,1,1,1,1,1,1,3
DDD,2014J,697390,0,South East Region,Lower Than A Level,20-30%,0-35,0,120,0,Withdrawn,9,1,0,1,1,0,1,0,1,1,1,0,0,0,0,4
DDD,2014J,697433,0,North Western Region,Lower Than A Level,30-40%,0-35,0,60,0,Fail,12,0,1,0,1,0,0,1,1,1,0,0,0,1,0,7
DDD,2014J,697474,1,South Region,A Level or Equivalent,90-100%,0-35,0,60,0,Pass,14,1,1,1,0,1,0,1,1,1,1,1,0,1,0,5
DDD,2014J,697674,0,North Region,A Level or Equivalent,,35-55,0,60,0,Pass,14,1,0,0,0,0,1,1,0,0,1,1,0,0,1,5
DDD,2014J,697705,0,Scotland,A Level or Equivalent,70-80%,0-35,0,60,0,Fail,16,0,1,1,1,1,1,1,0,0,0,0,0,0,1,10
DDD,2014J,697730,0,South Region,HE Qualification,40-50%,0-35,0,120,0,Withdrawn,12,1,0,1,1,0,0,1,0,0,0,0,0,1,0,7
DDD,2014J,697841,0,North Region,Lower Than A Level,60-70%,0-35,0,120,0,Withdrawn,13,1,0,1,0,1,1,0,1,0,1,0,1,0,0,5
DDD,2014J,697948,1,Yorkshire Region,A Level or Equivalent,20-Oct,0-35,0,150,1,Fail,5,1,1,1,0,1,1,0,0,1,1,1,0,1,1,9
DDD,2014J,698007,0,East Anglian Region,A Level or Equivalent,20-Oct,0-35,0,60,0,Withdrawn,13,0,1,0,1,0,0,1,1,1,1,1,1,1,0,5
DDD,2014J,698016,0,Ireland,A Level or Equivalent,20-Oct,0-35,0,90,0,Fail,5,0,1,1,0,0,1,1,0,1,0,0,0,1,0,9
DDD,2014J,698252,0,Yorkshire Region,HE Qualification,50-60%,0-35,0,60,0,Withdrawn,10,1,0,1,0,0,1,1,0,1,0,0,1,0,1,1
DDD,2014J,698347,1,Scotland,A Level or Equivalent,60-70%,0-35,0,60,0,Fail,13,1,0,0,1,0,1,1,1,0,0,0,1,1,0,5
DDD,2014J,698351,0,Wales,HE Qualification,50-60%,0-35,0,60,0,Fail,13,0,0,1,1,1,1,1,0,0,1,1,0,0,1,5
DDD,2014J,698399,0,North Western Region,A Level or Equivalent,0-10%,0-35,0,120,0,Fail,12,0,1,1,1,0,1,0,1,0,1,0,0,0,1,7
DDD,2014J,699417,0,Scotland,Lower Than A Level,80-90%,0-35,0,60,0,Pass,2,1,0,0,1,0,0,1,0,1,0,1,0,1,1,2
DDD,2014J,1033968,1,Wales,No Formal quals,0-10%,35-55,2,60,0,Withdrawn,12,0,1,0,1,1,1,1,0,1,1,0,1,1,0,7
DDD,2014J,1078701,1,South West Region,HE Qualification,40-50%,35-55,0,90,0,Pass,13,0,0,0,0,0,1,0,1,0,1,0,1,1,1,5
DDD,2014J,1082062,0,North Western Region,Lower Than A Level,30-40%,35-55,0,60,1,Distinction,6,1,0,0,0,1,0,0,1,0,0,0,0,1,1,9
DDD,2014J,1173473,0,South Region,Lower Than A Level,70-80%,55<=,0,60,0,Pass,6,1,0,0,0,0,0,1,0,1,1,1,0,1,1,9
DDD,2014J,1197062,1,East Midlands Region,Lower Than A Level,90-100%,35-55,0,60,0,Withdrawn,11,1,0,0,0,0,1,0,0,0,0,1,1,1,1,6
DDD,2014J,1209065,0,South West Region,HE Qualification,70-80%,55<=,0,60,0,Withdrawn,4,0,0,0,0,0,1,0,1,0,0,1,0,1,0,8
DDD,2014J,1360878,0,North Region,HE Qualification,80-90%,35-55,0,90,0,Pass,15,1,0,1,0,1,0,1,1,0,1,1,1,1,0,10
DDD,2014J,1373661,0,South East Region,A Level or Equivalent,60-70%,35-55,0,60,0,Withdrawn,7,0,0,0,1,1,0,0,0,1,1,1,0,0,0,3
DDD,2014J,1380308,0,Wales,HE Qualification,90-100%,35-55,0,60,0,Pass,6,1,1,1,0,0,1,1,0,0,1,1,0,0,0,9
DDD,2014J,1382719,0,North Western Region,Lower Than A Level,80-90%,55<=,0,60,0,Fail,11,0,0,1,1,1,1,0,1,0,1,1,0,1,1,6
DDD,2014J,1438584,0,Wales,Lower Than A Level,20-Oct,35-55,0,60,1,Withdrawn,2,1,1,0,0,1,1,0,0,1,0,1,0,0,1,2
DDD,2014J,1442215,1,South West Region,A Level or Equivalent,70-80%,35-55,0,60,1,Withdrawn,10,1,0,1,1,1,1,0,0,1,1,0,1,0,0,1
DDD,2014J,1459010,0,North Region,Lower Than A Level,20-Oct,35-55,0,180,0,Withdrawn,9,1,1,1,0,0,0,1,0,1,1,1,1,1,1,4
DDD,2014J,1482413,0,East Anglian Region,A Level or Equivalent,20-30%,35-55,0,60,0,Fail,8,0,0,1,1,0,0,0,1,1,1,0,0,1,1,3
DDD,2014J,1484626,0,Wales,HE Qualification,20-Oct,35-55,0,90,0,Withdrawn,10,0,1,0,0,1,0,1,0,0,0,0,0,1,1,1
DDD,2014J,1492408,0,Scotland,Post Graduate Qualification,20-30%,35-55,1,60,0,Withdrawn,2,0,1,0,0,0,0,0,0,0,1,0,1,0,0,2
DDD,2014J,1526210,1,South West Region,A Level or Equivalent,70-80%,35-55,0,60,1,Fail,15,0,1,0,0,0,0,1,0,1,1,1,1,0,1,10
DDD,2014J,1589066,0,South Region,A Level or Equivalent,50-60%,35-55,0,60,0,Pass,3,1,1,1,0,0,0,0,0,1,1,0,0,1,0,8
DDD,2014J,1591864,1,East Anglian Region,HE Qualification,30-40%,35-55,1,90,0,Pass,11,1,0,1,0,0,0,1,0,1,1,0,1,1,0,6
DDD,2014J,1593730,0,Scotland,Post Graduate Qualification,70-80%,35-55,0,60,0,Distinction,11,1,1,1,1,0,0,1,0,1,1,0,0,0,0,6
DDD,2014J,1601739,0,Scotland,HE Qualification,60-70%,35-55,1,60,0,Withdrawn,14,1,1,1,1,0,0,0,1,1,1,1,1,1,1,5
DDD,2014J,1624025,1,East Anglian Region,A Level or Equivalent,70-80%,35-55,1,60,0,Pass,4,0,1,1,0,1,0,0,0,0,1,1,0,1,0,8
DDD,2014J,1661490,0,South Region,A Level or Equivalent,20-30%,35-55,0,60,0,Withdrawn,2,1,0,0,1,0,0,1,0,0,1,1,1,1,1,2
DDD,2014J,1667087,0,East Anglian Region,A Level or Equivalent,50-60%,35-55,1,60,0,Distinction,6,0,1,0,1,0,1,0,0,0,1,0,1,0,0,9
DDD,2014J,1684787,0,South West Region,HE Qualification,40-50%,35-55,1,90,0,Pass,12,0,0,1,1,0,0,1,1,0,1,1,0,0,1,7
DDD,2014J,1687996,0,North Western Region,Lower Than A Level,80-90%,55<=,1,60,0,Withdrawn,1,0,0,1,1,1,0,0,0,1,0,0,0,0,0,2
DDD,2014J,1723564,0,Scotland,Lower Than A Level,40-50%,35-55,0,180,0,Pass,5,0,1,0,1,0,1,1,1,0,0,1,0,1,0,9
DDD,2014J,1733160,0,Scotland,HE Qualification,20-30%,35-55,0,60,1,Withdrawn,11,1,1,1,1,1,0,0,0,0,0,0,1,0,0,6
DDD,2014J,1747824,0,London Region,HE Qualification,70-80%,35-55,0,120,0,Distinction,5,0,1,1,0,1,0,1,0,1,0,0,0,1,1,9
DDD,2014J,1757548,0,South West Region,A Level or Equivalent,30-40%,35-55,0,60,0,Pass,6,1,1,0,0,0,1,0,0,0,1,0,0,0,1,9
DDD,2014J,1774297,0,North Western Region,HE Qualification,20-30%,35-55,0,120,0,Pass,9,1,1,0,1,0,0,1,1,1,1,1,0,1,0,4
DDD,2014J,1777223,1,East Anglian Region,Lower Than A Level,60-70%,35-55,1,120,0,Fail,11,1,0,1,0,0,1,1,1,1,0,1,0,0,0,6
DDD,2014J,1782581,1,East Anglian Region,Lower Than A Level,40-50%,35-55,1,60,0,Fail,3,0,1,1,1,0,0,0,1,1,0,0,0,1,1,8
DDD,2014J,1794309,0,East Midlands Region,Lower Than A Level,90-100%,35-55,0,60,0,Withdrawn,5,1,0,0,1,1,0,0,1,1,1,1,0,0,1,9
DDD,2014J,1804143,0,North Western Region,A Level or Equivalent,20-30%,35-55,2,60,1,Pass,3,0,1,0,1,1,0,1,1,1,0,1,0,1,1,8
DDD,2014J,1808407,1,West Midlands Region,A Level or Equivalent,70-80%,35-55,0,60,0,Withdrawn,8,1,1,0,0,0,1,1,1,0,1,1,0,1,0,3
DDD,2014J,1811098,0,West Midlands Region,A Level or Equivalent,60-70%,55<=,0,120,0,Withdrawn,5,0,0,1,0,1,1,0,1,0,0,0,1,1,0,9
DDD,2014J,1812797,1,East Anglian Region,HE Qualification,80-90%,35-55,0,90,0,Withdrawn,16,0,0,0,0,0,0,1,0,1,0,0,1,0,1,10
DDD,2014J,1822731,0,Scotland,Lower Than A Level,80-90%,35-55,0,60,0,Fail,3,0,1,1,0,0,0,1,0,0,0,0,1,0,1,8
DDD,2014J,1832492,0,Scotland,No Formal quals,30-40%,35-55,0,120,0,Pass,11,0,0,0,0,1,1,0,1,1,1,0,1,1,0,6
DDD,2014J,1855583,1,Scotland,HE Qualification,40-50%,35-55,0,60,0,Pass,8,1,1,1,1,0,0,1,0,1,1,1,0,1,1,3
DDD,2014J,1871306,1,South Region,A Level or Equivalent,80-90%,35-55,0,60,1,Withdrawn,5,1,1,0,1,1,0,0,1,1,0,0,0,1,0,9
DDD,2014J,1876461,0,Scotland,HE Qualification,40-50%,35-55,0,120,0,Withdrawn,15,1,1,1,1,1,1,1,0,0,0,1,0,1,1,10
DDD,2014J,1879751,1,East Midlands Region,A Level or Equivalent,60-70%,35-55,0,60,0,Distinction,12,0,0,0,1,0,1,0,0,1,1,0,0,1,1,7
DDD,2014J,1881062,1,East Anglian Region,Lower Than A Level,80-90%,35-55,0,60,0,Pass,11,0,0,0,1,0,1,1,1,0,0,1,1,1,0,6
DDD,2014J,1901764,1,London Region,HE Qualification,30-40%,35-55,2,60,0,Pass,13,1,0,0,1,1,1,1,0,0,1,1,0,1,1,5
DDD,2014J,1917311,0,Scotland,HE Qualification,20-30%,35-55,0,60,0,Pass,4,1,1,0,1,1,1,0,0,0,0,0,0,0,0,8
DDD,2014J,1925789,0,South East Region,HE Qualification,90-100%,35-55,0,60,0,Distinction,11,0,0,0,1,1,0,0,0,1,1,0,0,1,0,6
DDD,2014J,1935155,1,London Region,A Level or Equivalent,20-30%,0-35,0,60,0,Pass,1,0,1,1,1,0,1,0,1,1,1,0,1,0,0,2
DDD,2014J,1935774,0,South West Region,A Level or Equivalent,40-50%,0-35,3,60,0,Fail,5,1,0,0,0,1,1,0,0,0,1,1,1,0,0,9
DDD,2014J,1986180,0,Ireland,Post Graduate Qualification,,35-55,0,60,0,Pass,7,1,1,1,1,1,1,0,0,0,1,1,1,0,1,3
DDD,2014J,1991049,0,South Region,A Level or Equivalent,50-60%,35-55,1,60,0,Withdrawn,6,0,1,0,0,1,0,1,1,1,1,1,0,0,1,9
DDD,2014J,1991399,1,East Midlands Region,Lower Than A Level,80-90%,0-35,0,120,0,Pass,6,1,1,1,0,0,1,0,0,1,0,0,0,1,0,9
DDD,2014J,2001461,1,London Region,Lower Than A Level,40-50%,35-55,0,60,0,Pass,2,0,0,0,0,1,0,0,1,1,1,0,0,1,1,2
DDD,2014J,2008795,0,Scotland,HE Qualification,50-60%,35-55,1,60,0,Fail,15,1,1,1,1,0,1,0,1,1,0,1,0,0,0,10
DDD,2014J,2009279,0,West Midlands Region,HE Qualification,20-30%,35-55,0,150,0,Withdrawn,13,1,1,1,0,0,1,1,1,0,0,0,1,1,0,5
DDD,2014J,2014252,0,South Region,HE Qualification,60-70%,35-55,1,60,0,Withdrawn,1,1,1,1,1,0,0,1,0,0,0,0,0,1,0,2
DDD,2014J,2024838,1,Ireland,HE Qualification,,35-55,0,60,0,Withdrawn,9,1,1,1,1,0,1,0,1,0,0,1,1,0,1,4
DDD,2014J,2025354,0,Scotland,HE Qualification,70-80%,35-55,0,70,0,Distinction,9,0,1,0,0,0,0,0,1,1,0,0,1,1,0,4
DDD,2014J,2025589,1,London Region,HE Qualification,0-10%,35-55,0,60,0,Pass,7,0,0,0,0,0,1,0,0,0,1,1,0,0,1,3
DDD,2014J,2030241,0,East Anglian Region,Lower Than A Level,70-80%,35-55,0,150,0,Withdrawn,9,0,1,0,1,0,0,1,0,1,0,1,1,0,0,4
DDD,2014J,2031234,0,South Region,HE Qualification,50-60%,35-55,2,60,0,Withdrawn,9,1,1,0,0,0,1,1,1,1,1,1,1,0,1,4
DDD,2014J,2032882,1,East Midlands Region,A Level or Equivalent,30-40%,35-55,1,60,1,Pass,2,0,0,1,0,1,0,1,1,1,0,0,0,0,0,2
DDD,2014J,2038885,1,South Region,Lower Than A Level,20-Oct,35-55,0,90,0,Withdrawn,11,1,0,1,0,1,0,0,1,0,1,0,1,1,0,6
DDD,2014J,2039810,0,Scotland,HE Qualification,80-90%,35-55,1,60,0,Distinction,1,1,1,1,1,0,1,1,1,1,0,1,1,0,0,2
DDD,2014J,2043939,0,East Anglian Region,HE Qualification,90-100%,35-55,0,60,0,Distinction,9,0,1,1,0,0,0,1,0,1,0,0,0,1,0,4
DDD,2014J,2046628,0,Ireland,HE Qualification,60-70%,35-55,3,120,1,Withdrawn,16,1,0,1,0,0,1,1,0,0,1,0,1,1,1,10
DDD,2014J,2055671,1,East Midlands Region,A Level or Equivalent,90-100%,35-55,0,60,0,Withdrawn,3,1,0,0,1,1,0,0,0,0,0,1,0,1,1,8
DDD,2014J,2057959,1,South East Region,HE Qualification,60-70%,35-55,0,60,0,Distinction,3,0,0,0,0,1,0,1,1,0,0,0,0,0,0,8
DDD,2014J,2075945,1,South West Region,A Level or Equivalent,20-30%,35-55,0,90,0,Pass,5,0,1,1,0,1,1,0,0,1,0,0,1,0,1,9
DDD,2014J,2082180,0,London Region,A Level or Equivalent,90-100%,35-55,3,60,0,Fail,5,1,0,1,0,0,1,0,1,1,1,1,0,1,0,9
DDD,2014J,2098108,0,South Region,Lower Than A Level,80-90%,35-55,0,120,1,Fail,16,0,0,1,1,1,0,0,1,1,1,1,0,0,1,10
DDD,2014J,2106468,0,Scotland,A Level or Equivalent,40-50%,35-55,2,210,0,Withdrawn,1,1,1,1,0,1,1,0,1,1,0,0,1,1,1,2
DDD,2014J,2111313,0,South West Region,HE Qualification,40-50%,35-55,0,60,0,Pass,7,1,1,0,0,1,1,1,1,0,1,0,1,1,0,3
DDD,2014J,2134578,1,East Anglian Region,A Level or Equivalent,40-50%,35-55,1,60,0,Pass,9,0,1,1,0,1,0,0,1,0,1,0,0,1,0,4
DDD,2014J,2142243,0,West Midlands Region,Lower Than A Level,60-70%,0-35,0,60,0,Pass,7,0,0,0,0,0,0,1,0,1,0,0,0,0,0,3
DDD,2014J,2143922,0,London Region,A Level or Equivalent,40-50%,0-35,0,60,0,Distinction,9,1,1,1,0,0,1,0,0,0,0,0,0,0,1,4
DDD,2014J,2150849,1,North Western Region,Lower Than A Level,0-10%,35-55,0,120,0,Withdrawn,1,0,1,1,0,1,0,0,0,0,0,1,1,1,1,2
DDD,2014J,2172709,0,West Midlands Region,A Level or Equivalent,20-Oct,35-55,0,60,0,Pass,11,0,1,1,1,0,1,0,0,1,0,0,0,0,1,6
DDD,2014J,2189620,0,South Region,A Level or Equivalent,90-100%,35-55,0,60,0,Pass,12,0,1,0,0,1,0,0,0,0,1,1,1,0,1,7
DDD,2014J,2196923,0,South Region,A Level or Equivalent,60-70%,35-55,0,60,0,Pass,4,0,0,0,0,1,0,1,1,0,0,1,1,1,1,8
DDD,2014J,2201235,1,West Midlands Region,A Level or Equivalent,50-60%,35-55,1,70,0,Pass,14,1,0,1,1,1,0,1,0,1,0,1,1,0,1,5
DDD,2014J,2204941,1,East Anglian Region,Lower Than A Level,40-50%,35-55,0,60,0,Withdrawn,15,0,1,0,0,0,1,0,0,1,0,1,1,0,1,10
DDD,2014J,2205559,1,Yorkshire Region,A Level or Equivalent,70-80%,35-55,0,60,0,Withdrawn,7,0,0,0,1,1,1,0,0,1,0,0,0,0,0,3
DDD,2014J,2216442,0,Yorkshire Region,No Formal quals,30-40%,0-35,1,90,0,Fail,8,1,1,1,0,1,1,0,0,1,1,0,1,1,1,3
DDD,2014J,2224174,1,Scotland,A Level or Equivalent,20-30%,0-35,0,60,0,Distinction,3,1,0,1,0,1,0,1,0,1,1,0,0,1,0,8
DDD,2014J,2226202,0,London Region,Lower Than A Level,20-30%,0-35,0,180,1,Pass,6,0,0,1,1,1,0,0,0,0,1,1,0,1,1,9
DDD,2014J,2231512,0,South East Region,HE Qualification,90-100%,35-55,0,60,0,Distinction,15,1,1,1,1,1,0,0,0,0,0,0,0,0,0,10
DDD,2014J,2232340,0,West Midlands Region,A Level or Equivalent,,35-55,0,160,0,Fail,15,1,0,0,1,1,1,1,0,1,1,0,0,1,0,10
DDD,2014J,2235019,0,East Anglian Region,Lower Than A Level,30-40%,0-35,2,60,0,Fail,2,1,1,1,1,1,0,0,0,0,0,1,1,1,0,2
DDD,2014J,2257853,0,North Western Region,A Level or Equivalent,60-70%,35-55,0,120,0,Pass,16,0,0,0,0,1,0,0,0,1,1,0,0,0,1,10
DDD,2014J,2260861,0,Scotland,A Level or Equivalent,30-40%,35-55,0,60,0,Pass,16,0,1,1,1,1,1,0,1,0,0,1,0,0,0,10
DDD,2014J,2269148,1,South East Region,A Level or Equivalent,40-50%,35-55,1,90,0,Withdrawn,13,1,0,0,1,0,1,0,1,0,0,0,1,0,0,5
DDD,2014J,2278095,0,South West Region,A Level or Equivalent,90-100%,35-55,0,60,0,Pass,4,1,1,0,1,1,0,1,1,1,0,1,0,1,1,8
DDD,2014J,2279403,0,Yorkshire Region,Lower Than A Level,20-30%,35-55,0,60,0,Pass,9,0,1,1,0,0,1,0,0,1,1,0,1,0,1,4
DDD,2014J,2285405,0,South Region,HE Qualification,50-60%,35-55,0,130,0,Pass,14,1,1,0,0,0,1,0,0,0,0,0,1,1,0,5
DDD,2014J,2285527,0,South West Region,A Level or Equivalent,30-40%,0-35,0,120,0,Pass,2,0,0,0,1,0,0,0,0,0,1,0,0,0,1,2
DDD,2014J,2288599,0,North Region,Lower Than A Level,0-10%,0-35,1,120,0,Fail,12,0,1,1,1,0,0,0,0,0,1,0,0,1,0,7
DDD,2014J,2290604,0,West Midlands Region,A Level or Equivalent,30-40%,35-55,0,60,0,Pass,13,0,0,1,1,1,1,0,1,0,0,0,0,0,1,5
DDD,2014J,2305237,0,Ireland,HE Qualification,80-90%,0-35,3,60,0,Withdrawn,2,1,1,0,1,0,0,1,1,1,0,1,1,0,1,2
DDD,2014J,2307237,0,South East Region,A Level or Equivalent,0-10%,0-35,0,60,0,Fail,3,1,1,0,1,1,1,1,0,0,1,0,1,1,0,8
DDD,2014J,2310615,1,North Region,A Level or Equivalent,80-90%,35-55,0,60,0,Pass,14,1,1,0,1,1,0,1,1,0,1,0,0,0,1,5
DDD,2014J,2314761,0,East Midlands Region,A Level or Equivalent,90-100%,0-35,1,60,0,Pass,14,1,0,1,0,1,0,1,1,1,1,1,0,0,1,5
DDD,2014J,2317337,1,South East Region,Lower Than A Level,40-50%,0-35,0,60,0,Withdrawn,3,0,0,0,1,0,0,0,1,1,0,0,1,0,1,8
DDD,2014J,2328759,0,North Western Region,Lower Than A Level,50-60%,35-55,0,60,0,Withdrawn,7,1,1,0,1,1,0,1,1,1,1,1,1,1,0,3
DDD,2014J,2333244,1,Wales,HE Qualification,60-70%,35-55,1,90,0,Pass,8,0,0,1,0,0,1,0,1,1,1,1,0,1,1,3
DDD,2014J,2337919,1,South West Region,A Level or Equivalent,40-50%,0-35,0,135,1,Withdrawn,3,0,1,1,0,1,0,1,0,0,1,0,0,1,1,8
DDD,2014J,2338290,0,East Anglian Region,A Level or Equivalent,80-90%,0-35,5,60,0,Pass,16,1,0,1,0,1,1,1,1,1,0,0,1,1,1,10
DDD,2014J,2339789,0,Scotland,HE Qualification,20-Oct,0-35,0,150,0,Distinction,15,1,0,0,0,0,1,0,0,1,1,0,1,1,1,10
DDD,2014J,2341830,1,Scotland,HE Qualification,20-30%,0-35,1,90,0,Pass,10,0,1,0,0,1,0,0,0,0,0,0,1,1,0,1
DDD,2014J,2345307,1,South Region,A Level or Equivalent,40-50%,0-35,1,60,1,Withdrawn,16,0,1,1,0,0,1,1,0,0,0,0,0,1,1,10
DDD,2014J,2348143,0,North Western Region,Lower Than A Level,70-80%,35-55,0,60,0,Withdrawn,14,0,1,1,0,1,1,1,0,1,0,1,1,0,0,5
DDD,2014J,2355701,0,East Anglian Region,HE Qualification,70-80%,35-55,0,60,0,Withdrawn,2,1,0,1,0,1,0,0,0,0,1,0,0,0,1,2
DDD,2014J,2357019,1,East Anglian Region,A Level or Equivalent,70-80%,35-55,0,145,0,Pass,7,0,0,0,1,1,1,1,1,1,0,1,0,0,0,3
DDD,2014J,2369962,0,South Region,Lower Than A Level,50-60%,0-35,0,60,1,Withdrawn,2,1,1,1,0,1,0,0,0,1,0,1,1,0,0,2
DDD,2014J,2391689,1,West Midlands Region,Lower Than A Level,20-30%,0-35,0,60,0,Pass,10,1,0,0,1,0,1,0,1,1,1,1,0,1,0,1
DDD,2014J,2396471,1,East Midlands Region,A Level or Equivalent,40-50%,0-35,0,60,0,Pass,11,1,1,1,0,1,0,0,1,0,0,0,0,1,1,6
DDD,2014J,2396643,1,South Region,A Level or Equivalent,80-90%,0-35,0,60,0,Fail,8,0,0,0,0,0,0,0,1,0,1,0,1,1,0,3
DDD,2014J,2398169,1,South Region,A Level or Equivalent,90-100%,35-55,0,60,0,Fail,3,1,0,1,1,0,0,0,0,1,0,1,0,1,1,8
DDD,2014J,2400764,1,Scotland,HE Qualification,80-90%,0-35,1,120,0,Fail,2,1,0,0,1,1,1,0,0,1,0,0,0,1,0,2
DDD,2014J,2418277,0,East Midlands Region,HE Qualification,90-100%,35-55,0,60,0,Pass,13,0,1,0,0,0,0,0,0,0,0,1,1,1,0,5
DDD,2014J,2423655,1,Scotland,A Level or Equivalent,20-Oct,0-35,1,60,1,Fail,3,1,0,0,0,0,1,1,1,1,1,0,0,1,1,8
DDD,2014J,2432655,0,South Region,A Level or Equivalent,50-60%,0-35,0,60,0,Pass,2,0,0,1,0,1,0,1,0,1,0,1,0,1,0,2
DDD,2014J,2433216,0,Scotland,HE Qualification,20-30%,35-55,2,120,0,Fail,12,1,1,1,1,1,0,0,0,0,1,0,1,1,1,7
DDD,2014J,2452111,0,South Region,Lower Than A Level,80-90%,0-35,0,120,0,Withdrawn,8,0,0,0,1,0,1,1,0,0,1,1,0,0,0,3
DDD,2014J,2459418,0,East Midlands Region,Lower Than A Level,20-Oct,0-35,0,60,0,Fail,12,1,1,1,1,0,0,1,0,0,1,1,1,0,1,7
DDD,2014J,2464683,1,East Midlands Region,A Level or Equivalent,20-30%,35-55,1,60,1,Withdrawn,2,0,1,0,0,0,1,0,0,0,1,1,1,1,0,2
DDD,2014J,2471673,0,London Region,HE Qualification,90-100%,55<=,0,100,0,Distinction,3,0,0,1,1,1,1,1,1,0,1,0,1,1,0,8
DDD,2014J,2471812,1,Scotland,A Level or Equivalent,90-100%,0-35,0,120,0,Withdrawn,14,0,1,0,0,0,1,0,1,0,1,0,1,1,1,5
DDD,2014J,2476409,0,Scotland,HE Qualification,40-50%,35-55,0,60,0,Pass,16,0,1,0,0,0,0,0,1,1,1,0,0,1,0,10
DDD,2014J,2481629,0,Ireland,Lower Than A Level,90-100%,35-55,1,60,0,Pass,5,1,1,1,1,1,1,0,1,0,1,1,1,1,0,9
DDD,2014J,2482085,1,South West Region,A Level or Equivalent,20-30%,35-55,0,60,0,Withdrawn,2,1,0,1,1,0,0,0,0,1,0,1,0,0,1,2
DDD,2014J,2484726,1,South Region,HE Qualification,90-100%,35-55,0,60,0,Pass,13,0,0,0,0,0,0,0,0,1,1,0,1,1,0,5
DDD,2014J,2488965,0,South East Region,HE Qualification,50-60%,0-35,0,60,0,Withdrawn,16,1,0,1,0,0,0,1,1,1,1,1,1,0,0,10
DDD,2014J,2494306,0,Wales,A Level or Equivalent,70-80%,35-55,0,90,0,Pass,13,1,0,1,0,1,0,0,0,1,1,1,1,0,1,5
DDD,2014J,2499525,1,South West Region,A Level or Equivalent,30-40%,0-35,0,60,0,Pass,8,1,1,1,1,1,0,0,0,0,1,1,0,0,1,3
DDD,2014J,2507993,0,South West Region,HE Qualification,30-40%,35-55,0,60,0,Pass,5,0,1,1,0,1,1,1,1,1,0,0,1,1,1,9
DDD,2014J,2509321,0,London Region,Lower Than A Level,20-Oct,0-35,0,60,0,Pass,5,0,1,1,1,1,1,1,1,1,0,0,1,0,0,9
DDD,2014J,2516939,0,Scotland,Post Graduate Qualification,90-100%,35-55,0,60,0,Distinction,5,1,0,1,0,1,1,0,1,0,0,1,1,0,0,9
DDD,2014J,2517387,1,East Anglian Region,Lower Than A Level,90-100%,0-35,0,120,0,Withdrawn,2,1,0,0,0,1,0,0,1,0,0,1,1,0,0,2
DDD,2014J,2524969,1,Scotland,A Level or Equivalent,30-40%,0-35,0,120,0,Withdrawn,1,0,0,0,0,1,0,0,1,0,1,1,1,1,0,2
DDD,2014J,2525964,0,South Region,A Level or Equivalent,40-50%,0-35,0,60,0,Pass,1,0,0,0,0,1,1,0,0,1,1,1,1,0,1,2
DDD,2014J,2527066,0,East Midlands Region,HE Qualification,20-Oct,0-35,1,60,0,Pass,7,1,1,0,0,0,1,1,1,1,1,0,1,1,0,3
DDD,2014J,2533609,0,Wales,HE Qualification,20-Oct,35-55,0,60,0,Withdrawn,16,1,0,0,0,0,1,1,0,1,1,1,0,0,1,10
DDD,2014J,2542116,0,Scotland,HE Qualification,0-10%,35-55,0,60,0,Pass,7,0,0,0,0,1,0,0,0,0,0,1,1,1,1,3
DDD,2014J,2542803,0,Wales,A Level or Equivalent,30-40%,35-55,1,60,0,Withdrawn,2,0,0,0,0,1,0,1,1,1,1,0,1,1,0,2
DDD,2014J,2544678,0,London Region,Lower Than A Level,70-80%,0-35,1,60,1,Fail,2,1,1,1,1,0,0,1,1,0,1,0,1,1,0,2
DDD,2014J,2546595,0,West Midlands Region,Lower Than A Level,30-40%,0-35,0,60,0,Withdrawn,8,1,0,0,0,1,1,0,1,1,1,0,0,0,0,3
DDD,2014J,2556345,1,North Western Region,Lower Than A Level,0-10%,35-55,2,60,0,Withdrawn,8,0,1,0,1,0,0,1,1,1,1,0,1,0,0,3
DDD,2014J,2558893,0,South Region,Lower Than A Level,90-100%,0-35,0,120,0,Withdrawn,8,0,1,0,1,1,1,0,0,1,1,0,0,0,1,3
DDD,2014J,2560520,0,North Western Region,HE Qualification,50-60%,0-35,0,60,0,Distinction,6,1,0,0,1,1,0,1,1,1,0,0,1,0,1,9
DDD,2014J,2561811,0,South East Region,Lower Than A Level,60-70%,35-55,1,60,0,Fail,12,0,1,0,1,1,0,0,0,1,0,0,1,1,0,7
DDD,2014J,2570274,0,North Western Region,A Level or Equivalent,60-70%,35-55,0,60,0,Pass,6,0,0,0,1,0,0,0,1,1,1,1,1,1,1,9
DDD,2014J,2572145,0,South West Region,Lower Than A Level,50-60%,0-35,1,60,1,Fail,12,1,1,0,0,0,0,1,0,0,1,0,0,1,0,7
DDD,2014J,2574453,0,West Midlands Region,A Level or Equivalent,30-40%,0-35,0,120,0,Withdrawn,12,0,1,1,1,0,0,0,1,1,0,0,1,0,0,7
DDD,2014J,2588215,0,North Western Region,Lower Than A Level,20-Oct,0-35,2,60,1,Fail,4,0,1,1,0,0,1,1,1,0,1,0,0,1,1,8
DDD,2014J,2588655,0,Scotland,Lower Than A Level,50-60%,0-35,2,60,0,Fail,10,0,0,0,1,0,1,1,0,0,1,0,1,0,0,1
DDD,2014J,2590864,0,North Western Region,Lower Than A Level,40-50%,35-55,0,60,0,Pass,6,0,0,1,1,0,1,0,1,1,1,0,1,1,1,9
DDD,2014J,2595457,0,Scotland,HE Qualification,50-60%,0-35,1,60,0,Fail,16,1,1,0,1,0,0,1,1,1,0,0,1,0,1,10
DDD,2014J,2595526,0,South West Region,A Level or Equivalent,80-90%,35-55,0,150,0,Withdrawn,1,0,1,0,1,0,0,0,0,0,0,0,1,0,1,2
DDD,2014J,2595730,1,Ireland,Lower Than A Level,40-50%,0-35,1,120,0,Pass,7,1,1,0,0,0,1,1,0,0,1,1,1,1,1,3
DDD,2014J,2599883,1,Scotland,A Level or Equivalent,30-40%,0-35,0,240,0,Withdrawn,10,0,0,1,0,0,0,1,0,0,0,0,1,1,0,1
DDD,2014J,2600000,0,South Region,Lower Than A Level,70-80%,0-35,0,150,0,Withdrawn,12,0,1,0,0,0,0,1,1,0,1,1,0,1,1,7
DDD,2014J,2605337,0,Yorkshire Region,Lower Than A Level,30-40%,35-55,0,60,0,Pass,11,1,0,0,1,0,1,0,0,0,0,1,0,1,0,6
DDD,2014J,2612069,0,North Western Region,A Level or Equivalent,20-Oct,35-55,0,60,1,Fail,10,0,1,0,1,0,0,0,1,1,1,0,0,1,1,1
DDD,2014J,2612342,1,Yorkshire Region,Lower Than A Level,40-50%,35-55,0,60,0,Fail,5,0,0,0,1,1,1,1,0,1,0,0,1,0,0,9
DDD,2014J,2615169,0,Wales,A Level or Equivalent,40-50%,0-35,1,60,0,Pass,11,0,0,1,1,1,1,0,0,1,1,0,1,0,0,6
DDD,2014J,2615956,1,Wales,A Level or Equivalent,50-60%,0-35,0,90,0,Fail,6,0,1,0,0,1,1,1,0,0,1,0,0,1,0,9
DDD,2014J,2622441,0,London Region,Lower Than A Level,30-40%,35-55,0,120,0,Pass,16,0,0,0,0,0,1,1,0,0,0,1,1,0,0,10
DDD,2014J,2635658,0,London Region,Lower Than A Level,0-10%,0-35,0,180,0,Withdrawn,1,1,1,1,0,0,1,0,0,0,0,1,1,1,1,2
DDD,2014J,2636552,1,South East Region,Lower Than A Level,80-90%,0-35,1,60,1,Fail,10,1,0,1,1,0,0,1,0,0,1,0,1,1,0,1
DDD,2014J,2639205,0,South West Region,A Level or Equivalent,30-40%,35-55,0,120,0,Withdrawn,13,0,0,1,0,0,0,1,0,1,0,0,1,0,1,5
DDD,2014J,2639339,1,West Midlands Region,A Level or Equivalent,50-60%,35-55,0,120,0,Withdrawn,8,0,0,0,0,0,0,0,0,0,0,1,1,0,0,3
DDD,2014J,2641935,1,East Anglian Region,HE Qualification,50-60%,0-35,0,60,0,Pass,10,0,0,0,0,1,1,1,0,1,1,0,1,0,0,1
DDD,2014J,2643240,1,South Region,Lower Than A Level,,35-55,1,60,0,Withdrawn,11,1,1,1,0,1,0,0,1,0,0,0,0,1,1,6
DDD,2014J,2646737,1,South Region,Lower Than A Level,80-90%,0-35,2,150,1,Fail,6,1,0,0,1,0,1,0,1,1,0,1,1,0,1,9
DDD,2014J,2648271,0,Scotland,A Level or Equivalent,80-90%,0-35,2,60,0,Withdrawn,2,1,1,0,0,0,0,1,1,1,0,1,0,1,0,2
DDD,2014J,2650337,0,South West Region,A Level or Equivalent,0-10%,0-35,0,120,1,Pass,11,1,1,0,0,0,1,0,0,1,1,0,1,0,1,6
DDD,2014J,2653689,1,Ireland,A Level or Equivalent,50-60%,0-35,0,90,0,Fail,15,1,1,0,0,0,0,1,0,1,0,0,1,0,1,10
DDD,2014J,2654602,0,West Midlands Region,HE Qualification,80-90%,0-35,1,130,0,Withdrawn,15,1,0,1,1,0,0,1,0,1,0,0,1,1,0,10
DDD,2014J,2662152,1,North Western Region,HE Qualification,20-30%,35-55,0,60,0,Pass,6,1,0,1,0,1,1,0,1,0,1,0,1,0,1,9
DDD,2014J,2668945,0,Scotland,A Level or Equivalent,50-60%,35-55,2,60,0,Fail,1,0,1,0,1,0,0,1,0,0,1,1,0,0,1,2
DDD,2014J,2672908,0,East Midlands Region,A Level or Equivalent,40-50%,0-35,0,120,0,Withdrawn,1,1,1,1,0,1,0,1,1,1,0,0,0,1,0,2
DDD,2014J,2675393,0,North Western Region,No Formal quals,30-40%,0-35,0,60,0,Fail,11,0,1,0,0,1,0,1,1,0,0,0,1,1,1,6
DDD,2014J,2677210,0,East Anglian Region,Lower Than A Level,0-10%,0-35,0,120,0,Pass,2,0,0,1,0,1,1,1,0,1,1,0,0,1,1,2
DDD,2014J,2678380,0,South East Region,HE Qualification,50-60%,35-55,0,120,0,Pass,11,1,0,1,1,1,1,1,0,1,1,0,0,0,0,6
DDD,2014J,2680988,1,North Region,Post Graduate Qualification,,35-55,0,60,0,Fail,15,0,1,1,0,0,1,1,1,1,1,0,0,0,0,10
DDD,2014J,2681782,0,Scotland,A Level or Equivalent,30-40%,35-55,0,120,1,Withdrawn,9,0,1,0,0,1,0,0,1,1,0,1,0,0,1,4
DDD,2014J,2684043,0,East Anglian Region,Lower Than A Level,60-70%,0-35,0,120,0,Pass,11,0,1,0,0,1,1,1,0,0,1,0,0,0,1,6
DDD,2014J,2685863,1,East Anglian Region,Lower Than A Level,60-70%,35-55,0,90,0,Pass,12,1,1,0,0,0,1,1,1,1,0,0,1,0,0,7
DDD,2014J,2689863,1,South West Region,A Level or Equivalent,30-40%,0-35,1,120,0,Pass,5,0,0,1,0,0,0,1,0,0,0,0,1,1,0,9
DDD,2014J,2698109,0,East Anglian Region,Lower Than A Level,70-80%,0-35,0,60,1,Withdrawn,12,1,1,0,0,1,1,0,1,0,1,0,0,0,0,7
DDD,2014J,2716795,1,London Region,A Level or Equivalent,50-60%,0-35,0,120,0,Withdrawn,11,1,1,1,1,0,0,1,0,1,0,1,0,0,0,6
EEE,2013J,26915,0,Wales,Lower Than A Level,0-10%,35-55,0,30,0,Fail,8,0,1,0,0,1,0,0,1,0,0,0,1,0,1,3
EEE,2013J,32553,0,North Western Region,A Level or Equivalent,60-70%,0-35,0,60,0,Withdrawn,15,1,0,0,1,1,1,0,1,1,0,0,0,1,1,10
EEE,2013J,35355,0,Wales,Lower Than A Level,0-10%,35-55,0,30,0,Pass,12,1,1,1,1,0,0,1,0,0,0,1,1,1,0,7
EEE,2013J,40508,0,West Midlands Region,A Level or Equivalent,40-50%,35-55,0,90,0,Withdrawn,5,1,0,1,0,1,1,0,1,1,0,0,0,0,1,9
EEE,2013J,42638,0,Scotland,HE Qualification,90-100%,35-55,0,60,0,Pass,11,1,0,1,1,0,1,0,0,1,1,0,0,1,1,6
EEE,2013J,43564,0,Scotland,HE Qualification,80-90%,35-55,0,60,0,Pass,6,1,0,1,0,0,1,1,0,1,0,0,1,1,1,9
EEE,2013J,54062,0,East Anglian Region,A Level or Equivalent,30-40%,0-35,0,30,0,Distinction,13,1,1,1,1,0,0,1,0,1,0,0,1,0,0,5
EEE,2013J,63112,0,South East Region,Lower Than A Level,80-90%,35-55,0,60,0,Pass,8,0,1,0,1,0,0,1,1,0,0,0,0,0,0,3
EEE,2013J,66713,0,South Region,A Level or Equivalent,90-100%,0-35,0,60,0,Pass,12,0,1,1,0,1,1,1,0,1,0,1,0,0,1,7
EEE,2013J,70214,0,Wales,Lower Than A Level,70-80%,0-35,0,120,0,Pass,14,1,0,0,0,1,0,0,1,0,1,0,1,0,0,5
EEE,2013J,76579,1,Yorkshire Region,HE Qualification,20-Oct,0-35,0,60,0,Withdrawn,6,1,0,0,0,0,1,1,0,0,0,1,1,1,0,9
EEE,2013J,88568,0,North Western Region,HE Qualification,70-80%,35-55,0,30,0,Pass,2,1,0,0,1,0,1,0,1,0,1,0,0,0,1,2
EEE,2013J,96873,0,North Western Region,A Level or Equivalent,70-80%,0-35,0,30,0,Fail,7,0,1,1,0,1,1,1,0,0,0,0,1,1,1,3
EEE,2013J,100758,1,London Region,A Level or Equivalent,20-Oct,0-35,0,150,0,Withdrawn,3,1,1,1,1,1,1,1,0,1,0,1,0,0,1,8
EEE,2013J,101414,0,Yorkshire Region,Lower Than A Level,70-80%,35-55,0,105,0,Withdrawn,13,1,0,0,0,0,1,0,0,0,0,0,0,0,0,5
EEE,2013J,105168,0,Scotland,HE Qualification,70-80%,0-35,0,90,0,Fail,13,0,1,0,1,0,0,0,0,1,0,0,0,1,1,5
EEE,2013J,107339,1,Scotland,HE Qualification,20-Oct,0-35,0,60,0,Distinction,1,0,0,1,1,1,1,1,1,0,0,0,0,0,1,2
EEE,2013J,110461,0,Scotland,HE Qualification,20-Oct,0-35,0,80,0,Withdrawn,11,1,1,0,0,0,0,1,0,0,1,1,1,1,0,6
EEE,2013J,111383,0,London Region,Lower Than A Level,50-60%,35-55,0,60,0,Withdrawn,7,0,0,1,1,0,0,0,1,1,0,0,0,1,0,3
EEE,2013J,113698,0,South West Region,Lower Than A Level,60-70%,0-35,0,30,0,Fail,6,1,0,1,0,1,0,1,0,0,0,0,0,0,1,9
EEE,2013J,113824,0,East Anglian Region,Lower Than A Level,90-100%,0-35,0,120,1,Fail,14,0,0,0,0,1,0,1,0,0,0,1,1,0,1,5
EEE,2013J,117197,1,South Region,A Level or Equivalent,40-50%,0-35,0,130,0,Pass,10,0,1,0,1,1,1,1,1,0,1,0,0,0,0,1
EEE,2013J,125619,0,East Anglian Region,Lower Than A Level,30-40%,0-35,0,60,1,Withdrawn,11,1,0,1,0,1,1,1,0,0,0,1,0,0,1,6
EEE,2013J,126337,0,West Midlands Region,Lower Than A Level,20-30%,0-35,0,90,0,Withdrawn,13,1,1,0,0,0,1,1,1,0,1,0,0,1,1,5
EEE,2013J,128929,1,North Region,A Level or Equivalent,20-Oct,0-35,0,145,0,Distinction,6,0,0,0,1,1,1,1,1,1,1,1,0,0,1,9
EEE,2013J,132123,0,South East Region,HE Qualification,90-100%,0-35,0,60,0,Pass,9,1,0,0,0,1,0,1,0,0,1,1,1,0,0,4
EEE,2013J,134982,0,Wales,Lower Than A Level,90-100%,0-35,0,60,0,Pass,2,1,1,0,0,0,0,1,0,1,0,0,1,1,0,2
EEE,2013J,140060,0,West Midlands Region,A Level or Equivalent,90-100%,35-55,0,50,0,Distinction,11,1,1,1,1,0,0,1,1,0,1,0,1,0,0,6
EEE,2013J,140518,0,West Midlands Region,Lower Than A Level,80-90%,0-35,0,60,0,Fail,9,0,0,1,1,1,1,1,1,1,1,0,1,0,0,4
EEE,2013J,141301,0,West Midlands Region,Lower Than A Level,20-Oct,0-35,0,150,0,Withdrawn,7,1,0,0,1,0,1,0,0,0,1,0,1,1,1,3
EEE,2013J,143711,0,East Anglian Region,A Level or Equivalent,50-60%,0-35,0,60,0,Distinction,5,0,0,1,1,0,1,1,1,0,0,0,1,0,0,9
EEE,2013J,144448,0,North Western Region,Lower Than A Level,30-40%,35-55,0,110,0,Distinction,11,0,0,1,0,0,0,1,1,0,0,0,1,0,1,6
EEE,2013J,146125,0,Yorkshire Region,Lower Than A Level,80-90%,0-35,0,60,0,Withdrawn,14,0,1,1,1,0,0,1,0,0,0,0,0,1,0,5
EEE,2013J,146974,1,London Region,A Level or Equivalent,20-Oct,0-35,0,90,0,Pass,6,0,1,1,1,0,1,1,1,1,0,0,1,1,1,9
EEE,2013J,153788,0,North Western Region,No Formal quals,20-30%,0-35,0,60,0,Fail,15,1,0,1,0,1,0,0,1,1,0,1,0,0,0,10
EEE,2013J,160536,1,South Region,Lower Than A Level,30-40%,0-35,0,180,1,Pass,10,1,0,1,0,1,0,1,1,1,0,1,0,1,0,1
EEE,2013J,164968,0,Scotland,HE Qualification,90-100%,0-35,0,45,0,Pass,9,0,0,1,0,0,0,0,0,0,1,0,1,1,0,4
EEE,2013J,165509,0,Yorkshire Region,A Level or Equivalent,0-10%,0-35,0,90,0,Pass,8,1,0,1,1,0,0,0,0,0,0,0,1,1,0,3
EEE,2013J,171107,1,West Midlands Region,A Level or Equivalent,20-Oct,0-35,0,270,1,Withdrawn,10,1,1,0,1,1,0,0,0,1,0,0,0,1,0,1
EEE,2013J,173710,0,East Anglian Region,HE Qualification,80-90%,35-55,0,90,0,Distinction,16,0,1,0,0,1,0,0,0,0,1,1,1,1,0,10
EEE,2013J,173834,1,West Midlands Region,HE Qualification,90-100%,35-55,0,30,0,Pass,10,0,0,1,1,0,0,0,1,1,1,0,1,0,0,1
EEE,2013J,174010,0,East Midlands Region,Lower Than A Level,20-Oct,0-35,0,30,0,Fail,16,1,0,0,0,0,0,1,1,1,0,0,1,0,1,10
EEE,2013J,176086,0,Wales,Lower Than A Level,20-30%,0-35,0,30,0,Fail,11,0,1,1,1,0,1,0,0,0,0,1,0,0,0,6
EEE,2013J,188273,1,East Anglian Region,A Level or Equivalent,20-Oct,0-35,0,60,0,Pass,16,1,0,1,0,0,1,1,0,1,0,1,0,1,0,10
EEE,2013J,189629,1,West Midlands Region,A Level or Equivalent,20-30%,0-35,0,30,1,Pass,12,1,0,1,0,1,1,1,0,0,1,1,0,1,1,7
EEE,2013J,191000,0,Scotland,Post Graduate Qualification,80-90%,0-35,0,60,0,Withdrawn,14,1,1,0,1,0,1,0,1,1,1,0,0,1,1,5
EEE,2013J,195234,0,Scotland,Lower Than A Level,90-100%,0-35,0,30,0,Fail,5,0,1,0,1,0,0,1,1,1,1,1,0,0,1,9
EEE,2013J,197486,0,Wales,HE Qualification,60-70%,0-35,0,60,0,Pass,6,0,1,0,0,1,1,0,0,1,0,1,0,0,0,9
EEE,2013J,197730,0,Scotland,HE Qualification,90-100%,35-55,0,140,0,Withdrawn,4,1,1,0,1,0,1,0,1,0,0,0,0,0,1,8
EEE,2013J,200095,0,East Anglian Region,HE Qualification,80-90%,35-55,0,30,0,Pass,12,1,0,0,1,0,0,1,0,1,1,1,1,1,1,7
EEE,2013J,202677,0,London Region,Lower Than A Level,20-Oct,35-55,0,60,0,Pass,4,1,1,1,0,0,1,1,1,0,0,1,0,1,1,8
EEE,2013J,205425,0,East Anglian Region,A Level or Equivalent,50-60%,0-35,0,60,0,Distinction,5,1,1,0,1,0,0,0,0,1,0,1,1,0,1,9
EEE,2013J,227192,0,London Region,Lower Than A Level,60-70%,0-35,0,60,0,Pass,3,0,1,1,1,1,1,1,1,1,1,0,0,0,1,8
EEE,2013J,227811,0,West Midlands Region,A Level or Equivalent,60-70%,0-35,0,30,0,Withdrawn,6,1,1,0,0,0,1,0,1,0,0,0,0,1,0,9
EEE,2013J,231673,0,North Western Region,HE Qualification,70-80%,0-35,0,60,0,Withdrawn,6,1,0,1,0,1,0,0,1,0,1,1,0,1,0,9
EEE,2013J,233311,1,South West Region,Lower Than A Level,40-50%,0-35,0,60,0,Pass,8,1,1,0,0,0,1,0,1,0,1,0,1,0,1,3
EEE,2013J,233771,0,South West Region,A Level or Equivalent,20-30%,0-35,0,60,0,Pass,3,0,0,1,0,1,1,0,1,0,1,0,1,1,0,8
EEE,2013J,234311,0,Scotland,A Level or Equivalent,20-30%,0-35,0,60,0,Pass,11,0,1,1,1,1,0,1,0,0,1,1,0,0,0,6
EEE,2013J,238249,0,East Anglian Region,A Level or Equivalent,50-60%,0-35,0,30,0,Fail,14,0,0,1,0,1,1,1,1,1,1,1,0,0,0,5
EEE,2013J,242778,0,Scotland,HE Qualification,90-100%,35-55,0,150,0,Pass,8,0,1,1,0,1,0,0,1,1,1,0,0,1,1,3
EEE,2013J,242858,0,East Midlands Region,A Level or Equivalent,20-30%,0-35,0,60,0,Pass,5,1,0,0,0,0,1,0,1,0,0,0,0,1,0,9
EEE,2013J,245316,0,North Western Region,Lower Than A Level,20-30%,0-35,0,30,0,Fail,4,1,0,1,1,1,0,0,1,1,0,1,1,1,1,8
EEE,2013J,245494,0,Scotland,HE Qualification,60-70%,35-55,0,90,0,Pass,6,1,0,0,1,0,1,1,1,1,1,0,0,0,1,9
EEE,2013J,245605,0,South Region,A Level or Equivalent,90-100%,0-35,0,60,0,Distinction,4,1,0,0,1,1,0,1,0,1,0,0,0,1,1,8
EEE,2013J,246060,0,West Midlands Region,Lower Than A Level,60-70%,0-35,0,120,0,Distinction,12,1,0,0,0,1,1,0,1,0,1,0,0,1,1,7
EEE,2013J,248734,0,North Region,A Level or Equivalent,,0-35,0,30,0,Withdrawn,14,1,1,0,1,1,1,1,1,0,1,0,0,1,1,5
EEE,2013J,250047,0,Scotland,HE Qualification,30-40%,35-55,0,90,0,Pass,1,0,1,0,1,0,1,0,0,0,1,1,0,0,1,2
EEE,2013J,255449,0,Scotland,A Level or Equivalent,20-30%,0-35,0,60,0,Withdrawn,6,1,0,0,0,0,1,1,1,1,0,0,0,1,1,9
EEE,2013J,259662,0,West Midlands Region,Lower Than A Level,80-90%,35-55,0,120,0,Pass,16,1,1,0,0,0,0,0,0,1,1,1,1,0,1,10
EEE,2013J,265769,1,East Anglian Region,A Level or Equivalent,30-40%,0-35,0,90,0,Pass,6,0,1,0,1,1,0,0,0,1,0,0,1,0,1,9
EEE,2013J,266915,0,North Western Region,Lower Than A Level,60-70%,35-55,0,60,0,Withdrawn,8,1,0,0,0,1,0,0,0,1,1,0,1,1,0,3
EEE,2013J,269764,0,Scotland,HE Qualification,60-70%,0-35,0,215,0,Pass,12,0,0,1,0,0,0,1,0,1,1,0,0,0,0,7
EEE,2013J,270638,0,South West Region,Lower Than A Level,20-30%,35-55,0,60,0,Pass,2,0,1,1,0,0,0,0,1,1,1,0,0,1,1,2
EEE,2013J,275162,0,South West Region,HE Qualification,30-40%,35-55,0,55,0,Fail,14,1,1,1,0,1,0,1,0,1,0,0,0,0,1,5
EEE,2013J,278786,0,Scotland,Lower Than A Level,40-50%,35-55,0,255,0,Withdrawn,1,1,1,1,1,0,1,0,1,0,1,1,1,0,0,2
EEE,2013J,280017,0,South Region,A Level or Equivalent,20-30%,0-35,0,150,0,Pass,13,0,1,0,0,0,1,0,1,0,0,1,1,1,1,5
EEE,2013J,281656,0,North Region,Lower Than A Level,30-40%,0-35,0,210,1,Fail,6,1,1,1,1,0,1,1,1,0,1,0,0,0,1,9
EEE,2013J,282585,0,Scotland,Lower Than A Level,20-Oct,0-35,0,90,0,Fail,1,1,1,1,0,1,1,1,1,1,0,1,1,1,1,2
EEE,2013J,283133,0,East Midlands Region,HE Qualification,50-60%,0-35,0,120,0,Distinction,9,0,1,0,0,1,1,1,1,0,0,1,0,1,0,4
EEE,2013J,283811,0,North Western Region,HE Qualification,40-50%,35-55,0,60,0,Withdrawn,9,1,0,1,1,1,0,1,1,0,0,1,1,0,0,4
EEE,2013J,286262,0,South Region,Lower Than A Level,90-100%,0-35,0,30,1,Withdrawn,6,0,0,0,0,0,1,1,0,0,0,1,1,1,0,9
EEE,2013J,286527,1,North Western Region,A Level or Equivalent,70-80%,0-35,0,120,0,Withdrawn,13,0,0,1,1,0,1,0,0,1,1,0,1,0,0,5
EEE,2013J,288282,0,East Midlands Region,Lower Than A Level,20-30%,0-35,0,30,0,Pass,7,1,1,1,0,0,1,1,1,1,0,1,1,0,1,3
EEE,2013J,288769,1,South West Region,A Level or Equivalent,40-50%,0-35,0,60,0,Withdrawn,10,1,0,0,0,1,1,1,1,0,0,0,1,0,0,1
EEE,2013J,290382,0,London Region,Lower Than A Level,20-Oct,0-35,0,60,0,Distinction,8,0,0,1,0,0,1,1,1,0,0,1,1,1,1,3
EEE,2013J,297853,0,South West Region,Lower Than A Level,90-100%,0-35,0,60,0,Distinction,5,1,1,0,0,0,1,0,0,1,1,1,0,1,0,9
EEE,2013J,300592,0,West Midlands Region,A Level or Equivalent,0-10%,0-35,0,90,0,Pass,3,1,0,0,1,1,1,1,1,0,1,1,1,0,0,8
EEE,2013J,305036,0,North Western Region,Lower Than A Level,50-60%,0-35,0,30,0,Pass,4,0,1,1,1,1,0,1,1,1,0,1,0,1,1,8
EEE,2013J,305783,0,East Anglian Region,Lower Than A Level,70-80%,0-35,0,60,0,Pass,8,0,1,0,1,1,0,0,0,0,1,1,1,1,1,3
EEE,2013J,306150,0,Scotland,A Level or Equivalent,80-90%,0-35,0,90,0,Pass,5,0,0,0,0,1,1,1,1,1,1,1,0,1,0,9
EEE,2013J,311845,0,Scotland,A Level or Equivalent,80-90%,35-55,0,30,0,Distinction,16,0,0,1,1,1,0,0,0,0,0,1,1,1,1,10
EEE,2013J,313501,1,East Midlands Region,A Level or Equivalent,50-60%,0-35,0,30,0,Pass,9,1,0,1,1,0,1,0,1,0,0,0,1,1,0,4
EEE,2013J,324332,1,South Region,A Level or Equivalent,,0-35,0,60,0,Pass,15,0,0,0,1,1,1,1,1,1,1,1,1,0,0,10
EEE,2013J,328844,0,South East Region,A Level or Equivalent,20-30%,0-35,0,70,0,Pass,11,0,1,0,1,1,0,0,1,1,1,1,1,1,0,6
EEE,2013J,328942,0,East Midlands Region,A Level or Equivalent,90-100%,0-35,0,40,0,Pass,16,1,0,1,1,0,1,1,0,0,1,1,1,1,0,10
EEE,2013J,329673,0,North Region,Lower Than A Level,,35-55,0,60,0,Pass,13,1,1,1,1,1,0,1,1,0,0,0,1,1,0,5
EEE,2013J,330354,1,West Midlands Region,Lower Than A Level,30-40%,0-35,0,60,0,Withdrawn,14,1,0,1,1,1,0,1,0,1,1,1,0,1,0,5
EEE,2013J,330530,0,North Western Region,A Level or Equivalent,30-40%,0-35,0,60,0,Withdrawn,11,1,0,0,0,1,1,1,1,0,1,0,0,0,1,6
EEE,2013J,330937,0,East Anglian Region,Lower Than A Level,40-50%,0-35,0,60,0,Withdrawn,12,0,0,0,1,1,0,1,1,0,1,1,0,1,1,7
EEE,2013J,333493,0,South Region,Lower Than A Level,80-90%,0-35,0,60,0,Pass,6,1,1,0,0,0,1,1,1,0,0,0,1,1,0,9
EEE,2013J,333976,0,West Midlands Region,A Level or Equivalent,0-10%,0-35,0,30,0,Fail,14,1,1,0,0,1,0,1,1,1,0,0,0,1,1,5
EEE,2013J,334154,0,West Midlands Region,A Level or Equivalent,20-Oct,0-35,0,30,0,Pass,3,0,0,0,1,0,0,0,1,1,0,0,0,1,1,8
EEE,2013J,336277,0,North Western Region,A Level or Equivalent,30-40%,35-55,0,60,0,Withdrawn,12,1,1,1,1,1,1,1,0,0,1,0,0,0,0,7
EEE,2013J,336402,1,North Western Region,A Level or Equivalent,20-Oct,0-35,0,40,0,Pass,5,0,0,1,0,0,0,0,0,0,0,0,1,1,1,9
EEE,2013J,338894,0,East Midlands Region,A Level or Equivalent,40-50%,35-55,0,160,0,Pass,15,0,1,0,0,0,1,0,0,0,0,0,1,1,0,10
EEE,2013J,339353,0,East Midlands Region,A Level or Equivalent,70-80%,0-35,0,120,0,Withdrawn,12,1,0,0,0,0,0,1,1,0,0,1,0,1,1,7
EEE,2013J,339640,0,South Region,A Level or Equivalent,90-100%,0-35,0,60,0,Pass,2,1,0,1,0,1,0,1,0,0,0,0,0,0,1,2
EEE,2013J,339785,0,East Anglian Region,Lower Than A Level,20-Oct,0-35,0,60,0,Pass,8,0,0,1,1,0,1,0,0,0,1,1,0,0,1,3
EEE,2013J,342962,0,East Midlands Region,Lower Than A Level,0-10%,35-55,0,60,0,Pass,11,0,0,1,1,1,1,0,0,1,1,0,1,1,0,6
EEE,2013J,343543,0,North Western Region,A Level or Equivalent,90-100%,0-35,0,90,0,Distinction,16,1,0,1,1,1,0,0,0,1,0,0,1,1,1,10
EEE,2013J,344676,1,London Region,A Level or Equivalent,40-50%,0-35,0,120,0,Pass,9,1,1,0,1,0,0,1,1,1,1,0,1,1,1,4
EEE,2013J,347518,0,Scotland,A Level or Equivalent,20-Oct,35-55,0,120,0,Pass,5,0,1,1,1,0,0,1,0,1,0,0,1,0,0,9
EEE,2013J,348351,0,East Midlands Region,Lower Than A Level,20-30%,0-35,0,30,0,Pass,16,0,1,0,0,1,0,0,0,1,1,0,1,1,0,10
EEE,2013J,348655,0,London Region,Lower Than A Level,80-90%,0-35,0,60,0,Pass,11,1,1,0,1,1,1,0,1,1,1,0,0,1,0,6
EEE,2013J,348708,0,West Midlands Region,Lower Than A Level,20-30%,0-35,0,60,0,Withdrawn,14,1,0,1,0,0,1,0,1,0,1,0,0,1,1,5
EEE,2013J,355205,0,West Midlands Region,Lower Than A Level,50-60%,0-35,0,120,0,Withdrawn,16,0,1,0,0,1,1,0,0,1,1,0,1,0,1,10
EEE,2013J,356568,1,South West Region,HE Qualification,70-80%,0-35,0,240,0,Pass,1,0,0,1,1,0,0,1,1,1,1,1,0,1,0,2
EEE,2013J,357493,0,East Anglian Region,Lower Than A Level,40-50%,35-55,0,60,0,Fail,5,0,1,0,0,1,0,0,0,0,0,1,1,1,1,9
EEE,2013J,359590,1,South West Region,A Level or Equivalent,20-Oct,0-35,0,30,1,Withdrawn,5,0,0,1,0,1,1,0,0,1,0,0,0,0,0,9
EEE,2013J,363939,0,West Midlands Region,Lower Than A Level,30-40%,0-35,0,60,0,Pass,11,0,0,0,1,0,0,0,1,1,0,1,1,1,0,6
EEE,2013J,365222,0,London Region,HE Qualification,80-90%,0-35,0,60,0,Pass,14,0,1,1,1,0,1,1,1,0,0,0,1,0,0,5
EEE,2013J,365405,0,Scotland,A Level or Equivalent,50-60%,35-55,0,30,0,Fail,5,0,0,0,0,1,1,0,1,1,0,0,1,0,1,9
EEE,2013J,365762,0,Scotland,Lower Than A Level,70-80%,35-55,0,30,0,Withdrawn,8,0,1,0,1,0,0,1,0,0,1,1,1,0,0,3
EEE,2013J,368483,0,North Western Region,HE Qualification,0-10%,0-35,0,60,0,Withdrawn,3,0,0,1,0,1,0,0,1,1,1,0,1,1,1,8
EEE,2013J,369119,0,West Midlands Region,Lower Than A Level,0-10%,0-35,0,90,0,Fail,4,0,0,0,1,1,1,1,1,0,0,0,0,1,0,8
EEE,2013J,374192,1,South East Region,A Level or Equivalent,30-40%,35-55,0,30,1,Distinction,12,0,1,0,0,0,0,0,0,1,0,0,1,1,1,7
EEE,2013J,374739,0,Scotland,A Level or Equivalent,20-Oct,0-35,0,30,0,Pass,13,0,0,0,1,1,0,0,1,0,1,0,0,0,1,5
EEE,2013J,378920,0,West Midlands Region,Lower Than A Level,20-30%,0-35,0,60,0,Distinction,5,1,0,0,0,0,1,1,0,0,1,1,0,1,0,9
EEE,2013J,379528,0,East Anglian Region,Lower Than A Level,70-80%,0-35,0,30,0,Pass,2,1,0,0,0,0,1,1,1,1,1,0,1,0,0,2
EEE,2013J,384797,0,North Western Region,A Level or Equivalent,0-10%,0-35,0,60,0,Pass,3,1,1,0,1,0,1,0,0,1,1,0,1,1,0,8
EEE,2013J,387537,0,London Region,A Level or Equivalent,20-Oct,0-35,0,30,0,Pass,7,1,0,0,0,0,0,0,0,0,0,0,0,1,1,3
EEE,2013J,387648,0,North Western Region,HE Qualification,20-Oct,0-35,0,60,0,Pass,2,1,0,0,1,1,1,0,0,1,1,0,1,0,0,2
EEE,2013J,388252,0,West Midlands Region,Lower Than A Level,70-80%,0-35,0,60,0,Withdrawn,16,0,1,0,0,1,0,1,1,1,1,1,1,0,0,10
EEE,2013J,388912,0,Scotland,A Level or Equivalent,80-90%,35-55,0,60,0,Fail,7,1,0,0,1,1,0,1,1,1,1,0,0,1,1,3
EEE,2013J,388923,0,North Region,A Level or Equivalent,70-80%,35-55,0,60,0,Pass,5,0,1,0,1,1,1,0,0,1,1,1,1,0,1,9
EEE,2013J,390029,0,Wales,A Level or Equivalent,30-40%,0-35,0,120,0,Pass,16,0,1,0,0,1,0,0,1,1,0,0,0,0,0,10
EEE,2013J,391466,1,Ireland,A Level or Equivalent,0-10%,0-35,0,90,0,Pass,13,1,0,0,1,0,1,1,0,1,1,0,1,0,1,5
EEE,2013J,392250,0,South East Region,A Level or Equivalent,40-50%,0-35,0,30,0,Withdrawn,8,0,1,0,1,1,1,1,1,0,1,0,0,0,1,3
EEE,2013J,392994,0,South West Region,Lower Than A Level,70-80%,35-55,0,30,0,Distinction,9,0,0,1,1,0,0,0,0,1,0,0,1,1,0,4
EEE,2013J,394060,0,East Anglian Region,A Level or Equivalent,90-100%,0-35,0,45,0,Pass,3,0,0,0,1,0,1,1,1,0,0,0,0,1,1,8
EEE,2013J,396631,0,London Region,A Level or Equivalent,20-30%,0-35,0,60,0,Pass,16,1,1,0,0,0,0,0,0,1,0,0,0,1,0,10
EEE,2013J,397149,0,South Region,Lower Than A Level,20-Oct,0-35,0,90,0,Pass,16,0,1,1,0,0,1,0,1,1,0,0,1,1,1,10
EEE,2013J,397557,0,South East Region,A Level or Equivalent,40-50%,35-55,0,30,0,Pass,15,1,1,0,0,1,1,0,1,0,0,0,1,0,1,10
EEE,2013J,397797,0,South Region,A Level or Equivalent,40-50%,0-35,0,60,0,Fail,8,1,1,0,1,0,0,0,0,0,1,0,0,1,1,3
EEE,2013J,398877,0,London Region,Lower Than A Level,20-30%,0-35,0,90,0,Pass,4,0,1,1,0,0,0,1,0,1,1,0,0,0,0,8
EEE,2013J,400208,1,South Region,Lower Than A Level,50-60%,0-35,0,30,1,Withdrawn,16,0,0,0,1,0,0,1,1,1,0,1,0,1,1,10
EEE,2013J,401011,0,Wales,Lower Than A Level,20-Oct,0-35,0,30,1,Pass,10,1,1,0,1,1,1,1,0,1,1,1,1,1,0,1
EEE,2013J,401296,1,East Anglian Region,A Level or Equivalent,20-30%,35-55,0,60,0,Pass,14,0,1,1,0,1,1,1,0,1,1,0,1,0,1,5
EEE,2013J,402808,0,East Anglian Region,HE Qualification,30-40%,35-55,0,60,0,Withdrawn,1,1,1,0,1,0,0,0,1,1,1,0,0,1,1,2
EEE,2013J,404050,0,West Midlands Region,Lower Than A Level,20-30%,0-35,0,95,0,Withdrawn,6,1,1,1,0,0,1,0,0,1,1,0,1,0,1,9
EEE,2013J,404449,0,North Western Region,HE Qualification,20-Oct,35-55,0,30,0,Pass,2,0,1,0,0,1,0,1,0,0,1,1,1,0,1,2
EEE,2013J,406121,1,North Region,Lower Than A Level,40-50%,0-35,0,60,0,Pass,12,0,1,1,0,0,0,1,1,0,0,0,0,0,1,7
EEE,2013J,406549,0,South Region,Lower Than A Level,30-40%,35-55,0,60,1,Pass,2,1,1,0,1,0,0,0,0,0,1,1,0,1,1,2
EEE,2013J,407453,0,East Anglian Region,A Level or Equivalent,40-50%,0-35,0,60,0,Pass,15,1,0,0,0,1,0,0,1,1,0,1,1,1,0,10
EEE,2013J,407876,1,East Anglian Region,A Level or Equivalent,50-60%,0-35,0,60,0,Fail,1,0,1,0,0,0,0,1,0,1,0,1,1,1,1,2
EEE,2013J,411381,0,East Anglian Region,A Level or Equivalent,80-90%,0-35,0,90,0,Withdrawn,15,1,1,0,0,1,0,1,0,0,0,0,1,0,0,10
EEE,2013J,412911,0,East Anglian Region,A Level or Equivalent,40-50%,0-35,0,60,0,Pass,7,0,0,0,1,0,0,1,0,0,1,1,0,0,0,3
EEE,2013J,413190,0,East Anglian Region,Lower Than A Level,30-40%,0-35,0,60,0,Fail,10,1,1,0,0,1,0,0,1,0,0,0,1,0,0,1
EEE,2013J,413702,0,South Region,Lower Than A Level,50-60%,0-35,0,120,0,Withdrawn,16,1,1,1,1,0,0,0,1,1,0,0,1,0,1,10
EEE,2013J,416420,0,Scotland,HE Qualification,20-30%,0-35,0,30,0,Pass,14,0,0,0,0,1,0,0,1,1,1,0,0,1,0,5
EEE,2013J,417724,0,East Anglian Region,Lower Than A Level,70-80%,0-35,0,30,1,Distinction,10,1,0,0,1,0,0,0,1,1,0,0,0,0,1,1
EEE,2013J,418900,0,North Region,A Level or Equivalent,20-30%,0-35,0,180,0,Pass,11,0,1,1,0,0,0,1,1,1,1,0,0,0,1,6
EEE,2013J,419223,0,Scotland,A Level or Equivalent,0-10%,0-35,0,60,0,Pass,9,0,0,0,1,1,0,0,1,0,0,0,1,1,1,4
EEE,2013J,420173,0,North Region,HE Qualification,40-50%,0-35,0,40,0,Distinction,14,0,0,1,1,1,0,0,0,0,0,0,0,0,0,5
EEE,2013J,425274,0,North Region,Lower Than A Level,,0-35,0,90,0,Pass,7,0,0,1,0,0,0,1,0,1,1,0,1,0,0,3
EEE,2013J,425714,0,South Region,Lower Than A Level,20-Oct,0-35,0,60,0,Fail,2,1,1,0,0,0,1,0,1,0,1,0,0,0,0,2
EEE,2013J,427413,0,Scotland,HE Qualification,40-50%,0-35,0,30,0,Distinction,15,1,0,1,0,0,1,1,1,1,0,0,0,0,0,10
EEE,2013J,431014,0,East Anglian Region,A Level or Equivalent,50-60%,0-35,0,60,0,Fail,16,1,0,0,1,1,1,0,1,0,1,1,0,0,1,10
EEE,2013J,434562,0,South West Region,A Level or Equivalent,30-40%,35-55,0,60,0,Distinction,14,0,1,1,1,0,1,1,1,0,0,1,1,1,0,5
EEE,2013J,434573,0,West Midlands Region,A Level or Equivalent,0-10%,0-35,0,60,0,Fail,10,0,1,0,0,0,1,0,0,0,1,0,1,0,0,1
EEE,2013J,434759,0,North Western Region,A Level or Equivalent,60-70%,0-35,0,40,0,Distinction,8,1,0,1,1,0,0,1,1,1,0,1,0,1,0,3
EEE,2013J,435277,0,London Region,A Level or Equivalent,80-90%,0-35,0,90,0,Distinction,1,1,0,1,0,1,0,0,0,0,0,1,1,0,0,2
EEE,2013J,438283,0,South West Region,A Level or Equivalent,30-40%,0-35,0,60,1,Fail,10,0,0,0,1,0,0,1,1,1,0,0,1,1,0,1
EEE,2013J,440610,0,Scotland,No Formal quals,30-40%,35-55,0,45,0,Pass,12,1,0,0,0,1,0,0,1,1,0,0,0,0,0,7
EEE,2013J,441540,0,South East Region,Lower Than A Level,80-90%,0-35,0,60,0,Pass,5,0,0,1,0,0,1,0,1,0,0,1,1,1,1,9
EEE,2013J,441858,0,East Midlands Region,A Level or Equivalent,0-10%,0-35,0,60,0,Pass,14,1,1,1,0,0,1,1,0,0,1,1,1,1,0,5
EEE,2013J,442807,0,East Midlands Region,Lower Than A Level,60-70%,35-55,0,60,0,Pass,5,1,0,0,1,1,1,1,0,0,1,1,0,0,1,9
EEE,2013J,442937,0,London Region,Lower Than A Level,30-40%,35-55,0,60,0,Withdrawn,3,1,0,1,1,1,0,0,1,1,1,1,1,1,1,8
EEE,2013J,443181,0,London Region,A Level or Equivalent,0-10%,0-35,0,60,0,Pass,7,1,0,0,0,1,0,1,1,1,1,1,1,1,0,3
EEE,2013J,444403,0,Wales,A Level or Equivalent,20-30%,35-55,0,30,0,Pass,10,0,1,1,0,1,1,0,1,0,0,1,0,0,1,1
EEE,2013J,444925,0,Ireland,A Level or Equivalent,80-90%,0-35,0,30,0,Withdrawn,6,0,1,1,0,1,1,0,0,1,1,1,1,1,1,9
EEE,2013J,445972,0,East Anglian Region,Post Graduate Qualification,90-100%,0-35,0,60,0,Distinction,1,0,0,0,0,1,0,1,1,1,0,0,1,0,1,2
EEE,2013J,446324,0,Scotland,A Level or Equivalent,90-100%,0-35,0,60,1,Pass,9,1,1,0,1,0,1,0,0,0,0,1,1,1,1,4
EEE,2013J,446397,0,Scotland,HE Qualification,80-90%,35-55,0,30,0,Withdrawn,15,0,1,1,1,0,0,1,0,1,1,0,1,0,1,10
EEE,2013J,465392,0,East Midlands Region,HE Qualification,90-100%,35-55,0,30,0,Distinction,4,0,1,1,1,0,1,0,0,0,0,0,1,0,0,8
EEE,2013J,465564,0,South West Region,Lower Than A Level,60-70%,35-55,0,60,0,Pass,4,1,0,1,0,0,1,0,0,1,1,1,1,0,1,8
EEE,2013J,465619,0,Wales,Lower Than A Level,40-50%,0-35,0,120,0,Fail,11,1,0,1,0,0,1,1,1,1,1,1,1,0,1,6
EEE,2013J,465777,1,London Region,HE Qualification,30-40%,0-35,0,30,0,Pass,12,1,1,1,0,1,0,1,1,1,0,1,0,0,1,7
EEE,2013J,465845,0,Scotland,A Level or Equivalent,20-Oct,0-35,0,30,1,Withdrawn,13,0,1,1,1,1,0,0,0,1,0,0,0,1,1,5
EEE,2013J,466430,0,South West Region,No Formal quals,30-40%,0-35,0,120,0,Withdrawn,7,0,0,0,1,0,1,0,0,0,0,0,1,1,1,3
EEE,2013J,466961,0,South West Region,A Level or Equivalent,60-70%,0-35,0,30,0,Pass,9,1,0,1,1,1,1,0,1,0,1,0,0,0,1,4
EEE,2013J,467302,0,London Region,HE Qualification,60-70%,35-55,0,60,0,Pass,6,0,0,1,1,1,0,0,1,0,1,1,1,0,0,9
EEE,2013J,467363,0,Ireland,A Level or Equivalent,30-40%,0-35,0,60,0,Withdrawn,11,0,1,0,0,1,0,1,1,0,0,1,0,0,1,6
EEE,2013J,468902,0,Ireland,Lower Than A Level,70-80%,0-35,0,60,0,Pass,8,0,0,0,1,0,0,1,0,0,1,0,1,0,1,3
EEE,2013J,469113,0,South East Region,A Level or Equivalent,90-100%,35-55,0,60,0,Pass,4,1,0,0,0,1,1,0,0,0,1,0,1,0,1,8
EEE,2013J,469281,0,North Region,Lower Than A Level,20-30%,35-55,0,30,0,Pass,4,1,1,1,1,1,0,0,0,0,1,0,0,0,0,8
EEE,2013J,469959,0,Wales,A Level or Equivalent,70-80%,0-35,0,30,0,Fail,11,0,0,0,1,0,0,1,1,0,1,0,0,0,1,6
EEE,2013J,470002,0,Wales,HE Qualification,70-80%,35-55,0,90,0,Withdrawn,1,1,0,1,0,0,1,1,1,0,1,1,0,1,1,2
EEE,2013J,470534,1,South East Region,Lower Than A Level,20-30%,0-35,0,120,0,Withdrawn,2,1,1,1,0,0,1,1,0,1,0,1,1,1,0,2
EEE,2013J,470674,0,London Region,A Level or Equivalent,60-70%,35-55,0,90,0,Withdrawn,10,1,0,0,1,1,1,1,0,1,0,1,1,0,1,1
EEE,2013J,471580,0,Yorkshire Region,Lower Than A Level,80-90%,0-35,0,90,0,Pass,9,1,1,1,1,1,0,0,1,1,0,1,1,1,0,4
EEE,2013J,472087,0,East Midlands Region,HE Qualification,30-40%,0-35,0,60,0,Pass,10,1,0,1,0,1,1,1,0,0,1,1,1,1,0,1
EEE,2013J,472290,0,North Region,A Level or Equivalent,30-40%,0-35,0,90,0,Pass,5,1,0,0,0,1,1,0,1,1,1,0,0,0,0,9
EEE,2013J,472336,0,Scotland,A Level or Equivalent,90-100%,35-55,0,50,0,Pass,9,1,0,0,0,1,0,1,1,1,1,1,0,0,1,4
EEE,2013J,472857,0,Wales,A Level or Equivalent,30-40%,0-35,0,60,0,Pass,9,1,1,1,0,0,1,0,1,1,0,0,1,1,1,4
EEE,2013J,473706,0,Ireland,Lower Than A Level,20-Oct,0-35,0,60,0,Fail,5,1,0,0,0,0,0,0,0,1,0,1,0,0,1,9
EEE,2013J,473739,0,South Region,Lower Than A Level,50-60%,0-35,0,30,0,Pass,1,1,1,0,0,1,0,1,1,0,1,0,0,0,0,2
EEE,2013J,473943,0,Wales,Lower Than A Level,0-10%,0-35,0,60,0,Fail,11,1,1,1,1,0,0,1,0,0,0,0,1,0,0,6
EEE,2013J,475370,0,North Western Region,Lower Than A Level,80-90%,0-35,0,60,0,Pass,15,0,0,1,0,1,0,0,1,1,1,1,1,1,0,10
EEE,2013J,475893,0,South Region,A Level or Equivalent,70-80%,0-35,0,60,0,Pass,5,1,0,1,0,0,1,1,1,1,1,1,1,1,1,9
EEE,2013J,478212,0,Scotland,HE Qualification,20-30%,0-35,0,60,0,Fail,11,0,0,1,0,1,1,0,0,1,1,1,0,1,0,6
EEE,2013J,478435,0,South West Region,Lower Than A Level,30-40%,35-55,0,30,0,Fail,8,0,1,0,0,0,1,0,0,0,0,0,1,0,1,3
EEE,2013J,478562,0,East Midlands Region,A Level or Equivalent,20-Oct,0-35,0,45,0,Pass,10,0,1,0,1,0,0,1,1,1,0,1,0,1,0,1
EEE,2013J,479753,1,Scotland,A Level or Equivalent,20-30%,0-35,0,60,1,Pass,12,0,0,0,0,1,0,1,1,1,1,0,0,1,1,7
EEE,2013J,480115,0,South East Region,A Level or Equivalent,70-80%,0-35,0,60,0,Distinction,5,1,0,1,0,1,0,0,1,1,0,1,0,0,0,9
EEE,2013J,481934,0,Scotland,Post Graduate Qualification,70-80%,35-55,0,60,0,Withdrawn,16,1,1,0,0,1,0,0,1,0,1,0,1,0,0,10
EEE,2013J,482012,0,West Midlands Region,A Level or Equivalent,20-30%,0-35,0,30,0,Pass,1,0,1,0,1,1,1,0,0,1,0,1,0,0,0,2
EEE,2013J,482406,0,South Region,A Level or Equivalent,80-90%,0-35,0,30,0,Pass,15,0,1,1,0,1,1,0,1,1,0,0,0,1,1,10
EEE,2013J,482726,1,South Region,Post Graduate Qualification,90-100%,35-55,0,50,0,Pass,10,1,1,0,0,0,0,0,1,1,1,1,1,0,1,1
EEE,2013J,483108,1,North Western Region,A Level or Equivalent,80-90%,0-35,0,120,0,Pass,12,0,1,0,1,1,1,1,0,0,0,0,0,0,1,7
EEE,2013J,483706,0,East Anglian Region,Lower Than A Level,90-100%,35-55,0,30,0,Pass,8,0,1,1,0,0,1,0,1,0,0,0,0,1,1,3
EEE,2013J,484361,0,Wales,No Formal quals,20-Oct,0-35,0,30,0,Fail,10,0,1,1,0,0,1,0,1,1,1,1,1,0,1,1
EEE,2013J,485374,1,Scotland,A Level or Equivalent,60-70%,0-35,0,60,0,Pass,4,1,0,0,1,0,0,1,0,1,0,0,1,0,1,8
EEE,2013J,485582,0,Scotland,HE Qualification,40-50%,35-55,0,30,1,Pass,10,0,0,1,1,0,1,1,1,1,1,1,1,0,0,1
EEE,2013J,485898,0,Scotland,HE Qualification,20-30%,35-55,0,60,0,Pass,15,1,0,1,0,0,1,1,0,0,0,0,0,1,0,10
EEE,2013J,485909,0,East Midlands Region,A Level or Equivalent,20-30%,0-35,0,60,0,Pass,16,1,0,0,1,1,0,0,0,0,1,1,1,0,0,10
EEE,2013J,486545,0,South West Region,A Level or Equivalent,40-50%,0-35,0,60,1,Pass,15,1,0,1,1,1,1,1,0,0,1,0,1,1,0,10
EEE,2013J,486964,0,Scotland,Lower Than A Level,50-60%,0-35,0,60,0,Fail,14,1,1,1,1,0,0,0,0,0,0,0,1,1,1,5
EEE,2013J,487588,0,East Midlands Region,A Level or Equivalent,30-40%,0-35,0,30,0,Distinction,10,1,1,0,0,1,0,0,1,1,0,1,0,1,1,1
EEE,2013J,487621,0,East Midlands Region,A Level or Equivalent,70-80%,0-35,0,60,0,Pass,2,0,1,0,0,0,0,0,1,1,0,1,0,0,1,2
EEE,2013J,490081,0,East Anglian Region,Lower Than A Level,50-60%,0-35,0,85,0,Distinction,10,0,0,1,0,1,0,0,0,1,0,0,0,1,0,1
EEE,2013J,490327,0,North Western Region,A Level or Equivalent,80-90%,0-35,0,120,0,Withdrawn,11,1,1,1,1,0,1,1,0,1,0,1,1,1,0,6
EEE,2013J,490768,0,Yorkshire Region,Lower Than A Level,50-60%,0-35,0,60,0,Distinction,11,1,0,0,1,1,0,0,0,0,1,1,1,1,0,6
EEE,2013J,491578,0,Yorkshire Region,Lower Than A Level,50-60%,0-35,0,30,0,Pass,16,1,0,0,0,1,0,0,1,1,0,0,0,0,0,10
EEE,2013J,491771,0,North Western Region,HE Qualification,50-60%,0-35,0,60,0,Pass,12,0,1,1,0,0,0,1,0,1,0,0,1,1,0,7
EEE,2013J,493743,0,South East Region,A Level or Equivalent,60-70%,0-35,0,90,0,Withdrawn,14,0,1,1,0,1,1,0,0,0,1,1,1,1,0,5
EEE,2013J,493876,0,London Region,A Level or Equivalent,20-30%,0-35,0,90,0,Pass,14,0,1,0,1,1,1,1,0,1,1,1,0,1,0,5
EEE,2013J,493988,0,East Anglian Region,A Level or Equivalent,50-60%,0-35,0,60,0,Pass,3,1,1,0,0,0,1,0,1,1,0,1,0,1,1,8
EEE,2013J,494211,0,East Anglian Region,A Level or Equivalent,50-60%,0-35,0,30,0,Distinction,9,1,1,0,0,0,0,0,1,1,0,0,0,0,0,4
EEE,2013J,494383,0,Yorkshire Region,A Level or Equivalent,40-50%,0-35,0,60,0,Withdrawn,15,1,1,1,1,0,1,1,0,0,0,0,0,1,0,10
EEE,2013J,495887,0,East Midlands Region,A Level or Equivalent,50-60%,0-35,0,60,0,Pass,4,1,0,0,0,0,1,0,0,1,0,0,0,0,1,8
EEE,2013J,499400,0,East Midlands Region,A Level or Equivalent,90-100%,35-55,0,60,0,Distinction,6,0,1,0,1,1,0,0,0,0,1,0,0,1,1,9
EEE,2013J,499881,1,South West Region,A Level or Equivalent,0-10%,0-35,0,60,0,Pass,9,1,1,1,0,1,0,1,0,0,0,0,0,0,0,4
EEE,2013J,500189,0,Scotland,A Level or Equivalent,80-90%,0-35,0,60,0,Pass,16,0,1,0,0,0,1,0,1,1,0,1,1,0,0,10
EEE,2013J,500779,0,East Anglian Region,HE Qualification,80-90%,35-55,0,30,0,Pass,3,0,1,0,0,0,0,1,0,0,0,1,1,0,1,8
EEE,2013J,501918,0,London Region,A Level or Equivalent,0-10%,0-35,0,60,0,Fail,8,0,0,0,1,0,0,1,1,0,1,0,0,0,0,3
EEE,2013J,501921,0,East Midlands Region,A Level or Equivalent,20-Oct,35-55,0,30,0,Distinction,14,0,1,0,1,1,0,0,0,0,1,0,1,0,0,5
EEE,2013J,502303,0,Yorkshire Region,A Level or Equivalent,0-10%,35-55,0,60,0,Fail,4,0,0,0,0,0,1,0,0,0,0,0,0,0,1,8
EEE,2013J,502393,0,East Anglian Region,A Level or Equivalent,60-70%,0-35,0,60,0,Pass,8,1,0,1,1,1,0,0,1,0,1,0,0,0,1,3
EEE,2013J,502479,0,Scotland,HE Qualification,30-40%,35-55,0,60,1,Withdrawn,16,1,0,1,0,0,1,0,0,0,0,1,1,0,1,10
EEE,2013J,502833,0,Scotland,Lower Than A Level,30-40%,0-35,0,90,0,Fail,4,1,1,1,1,0,1,0,0,1,1,1,1,1,0,8
EEE,2013J,503015,0,Wales,HE Qualification,30-40%,0-35,0,60,0,Withdrawn,14,1,0,0,0,1,0,0,0,0,1,1,1,1,0,5
EEE,2013J,504404,0,North Western Region,Lower Than A Level,90-100%,0-35,0,30,0,Pass,8,1,0,0,0,1,1,1,1,1,1,0,0,1,1,3
EEE,2013J,504492,0,Scotland,HE Qualification,70-80%,35-55,0,60,0,Distinction,5,1,0,0,0,0,0,0,1,1,0,0,0,0,0,9
EEE,2013J,505700,0,West Midlands Region,Lower Than A Level,30-40%,0-35,0,30,0,Pass,3,1,1,0,0,1,0,0,1,1,0,0,1,0,0,8
EEE,2013J,505722,0,North Western Region,A Level or Equivalent,0-10%,35-55,0,60,0,Pass,5,0,0,0,1,0,0,1,0,0,1,0,1,1,0,9
EEE,2013J,505727,0,Scotland,HE Qualification,50-60%,0-35,0,60,0,Pass,6,0,1,0,0,0,1,1,0,1,1,1,1,0,0,9
EEE,2013J,506504,0,South Region,Lower Than A Level,20-30%,0-35,0,30,0,Pass,12,0,0,0,1,0,1,1,1,1,1,0,1,0,1,7
EEE,2013J,506618,0,South West Region,HE Qualification,60-70%,0-35,0,120,0,Withdrawn,13,1,0,1,1,0,1,1,1,0,0,0,1,1,0,5
EEE,2013J,507300,0,Scotland,Lower Than A Level,30-40%,0-35,0,30,0,Fail,4,0,1,0,1,1,1,0,1,0,1,1,0,0,0,8
EEE,2013J,507375,1,East Anglian Region,Lower Than A Level,70-80%,35-55,0,60,0,Pass,12,1,0,0,1,0,1,0,0,1,1,1,1,0,1,7
EEE,2013J,507844,0,South West Region,A Level or Equivalent,40-50%,0-35,0,30,1,Pass,2,0,0,0,0,1,0,1,1,0,1,0,0,1,1,2
EEE,2013J,508244,1,London Region,HE Qualification,50-60%,0-35,0,30,0,Pass,1,0,0,1,1,1,0,1,0,1,1,0,1,0,1,2
EEE,2013J,508829,0,Yorkshire Region,A Level or Equivalent,60-70%,0-35,0,60,0,Fail,8,1,0,0,0,1,1,0,0,1,0,1,0,1,1,3
EEE,2013J,509156,0,East Anglian Region,A Level or Equivalent,20-30%,0-35,0,30,0,Fail,11,0,0,0,0,0,0,0,0,0,0,1,0,1,0,6
EEE,2013J,509402,0,Scotland,Lower Than A Level,90-100%,0-35,0,30,0,Fail,7,1,1,1,0,0,0,0,1,1,1,1,1,0,1,3
EEE,2013J,510169,0,North Western Region,A Level or Equivalent,50-60%,0-35,0,90,0,Withdrawn,4,0,0,0,0,0,0,1,1,1,0,1,1,1,0,8
EEE,2013J,510401,0,Yorkshire Region,HE Qualification,70-80%,0-35,0,30,0,Pass,2,0,0,1,0,1,0,1,1,1,1,0,0,0,1,2
EEE,2013J,510460,0,North Region,HE Qualification,30-40%,35-55,0,30,0,Pass,10,0,0,0,1,0,0,0,1,1,0,0,1,1,0,1
EEE,2013J,510694,0,North Western Region,Lower Than A Level,40-50%,0-35,0,60,0,Pass,6,0,1,1,1,0,1,0,1,0,0,0,1,0,0,9
EEE,2013J,512693,0,East Anglian Region,HE Qualification,20-30%,35-55,0,60,0,Withdrawn,11,0,0,0,0,1,1,1,1,1,1,1,1,1,0,6
EEE,2013J,514040,0,West Midlands Region,HE Qualification,30-40%,0-35,0,90,0,Withdrawn,9,0,1,1,0,0,1,0,0,1,1,1,1,1,0,4
EEE,2013J,515774,0,Scotland,A Level or Equivalent,20-30%,35-55,0,60,0,Distinction,6,0,0,0,1,0,1,0,1,0,1,1,0,0,0,9
EEE,2013J,515821,0,East Midlands Region,A Level or Equivalent,0-10%,0-35,0,60,0,Fail,7,0,0,0,0,0,1,1,0,0,0,1,0,0,0,3
EEE,2013J,516047,0,North Region,HE Qualification,0-10%,0-35,0,60,0,Withdrawn,9,1,1,0,0,1,1,0,1,0,0,0,0,0,0,4
EEE,2013J,518805,0,South Region,A Level or Equivalent,20-Oct,0-35,0,30,0,Withdrawn,5,0,1,0,1,0,1,1,1,0,0,0,0,1,1,9
EEE,2013J,518906,0,North Western Region,Lower Than A Level,70-80%,0-35,0,60,0,Withdrawn,8,0,0,0,1,0,0,0,0,1,1,1,1,0,1,3
EEE,2013J,519258,0,South West Region,Lower Than A Level,20-Oct,35-55,0,60,0,Withdrawn,5,1,1,0,0,0,0,0,0,1,0,0,0,1,1,9
EEE,2013J,519684,0,Scotland,HE Qualification,70-80%,0-35,0,30,0,Pass,6,0,1,1,0,1,1,1,1,1,0,1,0,1,1,9
EEE,2013J,520337,0,East Anglian Region,A Level or Equivalent,20-Oct,0-35,0,90,0,Withdrawn,4,1,1,0,1,0,0,1,1,1,0,0,0,0,0,8
EEE,2013J,521542,0,Scotland,A Level or Equivalent,60-70%,35-55,0,90,0,Fail,15,0,0,0,0,0,0,1,1,1,1,0,0,0,1,10
EEE,2013J,522484,0,West Midlands Region,A Level or Equivalent,30-40%,0-35,0,60,0,Distinction,2,0,0,1,0,1,0,0,1,1,0,0,0,1,1,2
EEE,2013J,522994,0,Scotland,A Level or Equivalent,60-70%,0-35,0,60,0,Pass,14,0,0,1,1,1,0,1,0,1,0,0,1,0,0,5
EEE,2013J,523169,0,East Anglian Region,A Level or Equivalent,60-70%,0-35,0,60,0,Pass,4,0,0,0,1,0,0,1,0,1,0,0,0,0,1,8
EEE,2013J,524631,0,Scotland,A Level or Equivalent,60-70%,0-35,0,30,0,Fail,6,0,0,0,0,1,0,0,0,0,0,1,1,0,0,9
EEE,2013J,525246,0,Scotland,Lower Than A Level,90-100%,35-55,0,60,0,Pass,9,1,0,1,1,0,0,0,0,1,0,1,1,1,1,4
EEE,2013J,525703,0,East Anglian Region,A Level or Equivalent,30-40%,0-35,0,60,0,Pass,9,0,1,0,0,1,1,1,1,0,1,0,1,0,0,4
EEE,2013J,526051,0,East Anglian Region,Lower Than A Level,30-40%,35-55,0,90,1,Withdrawn,7,1,0,0,0,1,0,0,0,0,1,1,0,0,1,3
EEE,2013J,526073,0,North Western Region,A Level or Equivalent,40-50%,0-35,0,60,0,Pass,5,1,1,0,1,0,0,0,1,0,0,1,0,0,0,9
EEE,2013J,528021,0,South Region,Lower Than A Level,90-100%,0-35,0,60,0,Pass,6,1,0,0,0,0,1,0,0,1,0,0,0,0,0,9
EEE,2013J,528083,0,South East Region,A Level or Equivalent,90-100%,0-35,0,60,0,Pass,3,1,1,1,1,1,1,1,0,0,0,0,0,0,1,8
EEE,2013J,528961,1,Scotland,A Level or Equivalent,80-90%,0-35,0,30,0,Fail,2,1,0,0,0,0,1,0,1,1,0,0,1,1,1,2
EEE,2013J,529503,0,Scotland,Lower Than A Level,50-60%,35-55,0,60,0,Withdrawn,4,1,1,1,1,0,0,0,1,0,0,1,1,1,1,8
EEE,2013J,529509,0,Scotland,A Level or Equivalent,30-40%,0-35,0,30,0,Fail,14,0,1,1,0,0,0,0,0,1,0,0,1,0,0,5
EEE,2013J,529512,0,Scotland,A Level or Equivalent,30-40%,0-35,0,30,0,Pass,5,0,1,0,0,1,1,1,1,0,1,0,0,0,0,9
EEE,2013J,530172,0,South West Region,Lower Than A Level,20-Oct,35-55,0,60,0,Withdrawn,8,1,1,1,0,1,0,1,1,0,1,1,0,1,0,3
EEE,2013J,530360,0,South Region,Lower Than A Level,70-80%,35-55,0,30,0,Fail,9,0,0,1,1,1,0,0,0,0,1,0,0,0,1,4
EEE,2013J,530765,0,Scotland,A Level or Equivalent,60-70%,0-35,0,60,0,Pass,9,0,0,1,0,0,0,1,0,0,0,1,0,1,0,4
EEE,2013J,531097,0,North Western Region,A Level or Equivalent,70-80%,0-35,0,30,1,Fail,9,1,0,1,1,1,1,1,1,0,1,0,1,0,0,4
EEE,2013J,532491,0,West Midlands Region,A Level or Equivalent,,0-35,0,60,0,Pass,9,0,0,1,1,1,0,0,1,0,1,0,0,1,0,4
EEE,2013J,533012,0,Scotland,A Level or Equivalent,50-60%,35-55,0,90,0,Fail,6,0,1,0,1,0,0,1,0,0,0,1,0,0,0,9
EEE,2013J,533311,0,South East Region,A Level or Equivalent,30-40%,0-35,0,60,0,Pass,3,1,1,1,1,0,1,1,0,1,0,1,1,1,1,8
EEE,2013J,534371,0,Ireland,A Level or Equivalent,,35-55,0,90,0,Pass,13,1,1,1,1,0,0,0,0,0,0,0,0,0,0,5
EEE,2013J,535259,0,East Midlands Region,HE Qualification,80-90%,0-35,0,30,0,Distinction,6,1,0,0,1,1,1,0,1,0,1,1,1,0,1,9
EEE,2013J,537929,0,North Region,A Level or Equivalent,,0-35,0,60,0,Pass,11,0,1,1,1,0,0,0,1,0,0,0,0,1,0,6
EEE,2013J,538040,1,Ireland,A Level or Equivalent,50-60%,0-35,0,60,0,Fail,10,1,1,1,1,1,1,1,0,1,1,0,1,1,1,1
EEE,2013J,538887,0,South West Region,Lower Than A Level,80-90%,35-55,0,60,0,Pass,6,1,0,0,0,0,1,1,1,0,1,0,1,1,1,9
EEE,2013J,539063,1,London Region,HE Qualification,70-80%,0-35,0,30,0,Pass,8,0,0,0,1,1,0,0,1,0,1,1,0,0,1,3
EEE,2013J,539695,0,North Western Region,Lower Than A Level,30-40%,0-35,0,60,1,Fail,16,0,0,1,1,1,0,1,0,0,1,1,1,0,1,10
EEE,2013J,539775,0,South East Region,A Level or Equivalent,60-70%,0-35,0,60,0,Withdrawn,16,1,1,0,0,0,1,0,1,0,0,0,1,0,0,10
EEE,2013J,539990,0,Wales,Lower Than A Level,20-30%,0-35,0,30,0,Pass,16,1,1,1,0,0,0,1,0,0,0,0,1,1,0,10
EEE,2013J,541040,0,East Midlands Region,Lower Than A Level,0-10%,0-35,0,30,0,Fail,5,0,0,0,0,0,1,0,0,1,0,1,0,0,1,9
EEE,2013J,541174,0,South Region,A Level or Equivalent,40-50%,0-35,0,120,0,Pass,3,0,1,1,0,0,0,1,1,1,1,1,0,1,1,8
EEE,2013J,543417,0,East Midlands Region,A Level or Equivalent,0-10%,0-35,0,60,0,Pass,8,1,1,1,0,0,0,1,1,0,0,1,0,1,0,3
EEE,2013J,543474,0,West Midlands Region,A Level or Equivalent,30-40%,0-35,0,90,0,Pass,10,0,0,1,1,1,0,1,0,1,1,1,0,0,1,1
EEE,2013J,543576,0,North Western Region,Lower Than A Level,20-Oct,0-35,0,30,0,Fail,4,1,0,1,0,1,1,1,1,0,0,0,1,1,0,8
EEE,2013J,544383,0,South East Region,Lower Than A Level,80-90%,35-55,0,60,0,Distinction,6,1,0,1,0,0,1,0,0,0,0,1,1,0,1,9
EEE,2013J,544791,0,Scotland,A Level or Equivalent,20-30%,0-35,0,60,0,Pass,12,0,0,0,1,0,1,1,1,1,0,1,1,1,0,7
EEE,2013J,545740,0,South West Region,A Level or Equivalent,30-40%,0-35,0,60,0,Distinction,15,1,0,1,1,1,0,0,0,0,0,0,0,1,0,10
EEE,2013J,545758,0,West Midlands Region,Lower Than A Level,30-40%,0-35,0,150,0,Pass,7,1,1,0,0,0,0,0,0,1,1,1,1,1,1,3
EEE,2013J,546604,0,East Midlands Region,Lower Than A Level,60-70%,0-35,0,60,0,Pass,11,1,1,0,1,0,0,1,0,1,0,0,1,0,0,6
EEE,2013J,547173,0,South Region,Lower Than A Level,60-70%,0-35,0,30,0,Distinction,5,0,1,1,0,1,1,1,1,1,1,0,0,0,0,9
EEE,2013J,547424,0,South East Region,A Level or Equivalent,70-80%,0-35,0,60,0,Pass,7,0,1,0,1,0,0,1,1,0,1,1,1,1,1,3
EEE,2013J,548861,0,London Region,Lower Than A Level,50-60%,0-35,0,60,0,Pass,12,1,0,0,0,1,0,1,1,1,1,1,0,0,1,7
EEE,2013J,548992,0,London Region,A Level or Equivalent,20-Oct,0-35,0,60,0,Withdrawn,11,1,1,1,0,1,1,1,0,1,1,0,0,1,0,6
EEE,2013J,548994,0,South East Region,A Level or Equivalent,70-80%,0-35,0,150,0,Pass,16,1,0,1,1,0,1,1,0,1,1,0,0,0,1,10
EEE,2013J,549139,0,East Midlands Region,Lower Than A Level,60-70%,0-35,0,30,0,Withdrawn,13,1,1,1,0,1,0,1,0,1,1,0,0,1,0,5
EEE,2013J,549262,0,South West Region,A Level or Equivalent,40-50%,0-35,0,60,0,Pass,12,0,1,0,1,1,0,0,1,1,1,1,1,0,0,7
EEE,2013J,549681,0,East Midlands Region,Lower Than A Level,20-Oct,0-35,0,30,1,Pass,4,1,0,1,0,0,1,0,1,0,1,0,0,0,1,8
EEE,2013J,549960,0,West Midlands Region,Lower Than A Level,0-10%,35-55,0,60,0,Distinction,14,0,1,0,1,1,1,0,1,0,0,1,1,1,1,5
EEE,2013J,550025,0,London Region,Lower Than A Level,50-60%,0-35,0,60,0,Pass,4,1,0,0,1,1,0,0,0,0,0,1,0,1,0,8
EEE,2013J,550059,0,Ireland,Lower Than A Level,50-60%,0-35,0,60,0,Fail,14,1,0,0,0,0,1,0,1,1,1,1,1,1,1,5
EEE,2013J,550393,0,Yorkshire Region,Lower Than A Level,20-30%,0-35,0,60,0,Pass,14,0,1,1,0,0,1,0,0,1,1,1,0,1,1,5
EEE,2013J,551017,1,London Region,A Level or Equivalent,20-Oct,0-35,0,30,0,Pass,2,0,0,0,0,0,1,0,1,0,0,1,1,0,0,2
EEE,2013J,551182,0,West Midlands Region,Lower Than A Level,30-40%,0-35,0,60,0,Withdrawn,4,0,0,1,1,0,1,0,0,1,1,0,1,0,0,8
EEE,2013J,551430,0,East Anglian Region,Lower Than A Level,20-30%,0-35,0,120,0,Withdrawn,15,1,0,1,0,1,0,0,0,0,1,1,0,1,0,10
EEE,2013J,552485,0,South West Region,A Level or Equivalent,30-40%,0-35,0,30,0,Fail,9,0,0,0,1,1,1,1,0,0,1,1,1,1,0,4
EEE,2013J,552795,0,North Western Region,A Level or Equivalent,80-90%,0-35,0,60,0,Pass,4,1,0,0,0,1,1,0,1,0,0,0,0,1,0,8
EEE,2013J,553568,0,South West Region,A Level or Equivalent,90-100%,35-55,0,60,0,Withdrawn,9,0,1,0,1,1,1,0,1,1,1,0,0,1,0,4
EEE,2013J,553943,0,East Anglian Region,A Level or Equivalent,60-70%,0-35,0,30,0,Fail,1,1,1,0,1,0,1,1,0,0,1,0,0,1,1,2
EEE,2013J,554052,0,North Region,HE Qualification,0-10%,0-35,0,30,0,Distinction,11,0,0,1,1,1,1,0,0,0,0,0,1,1,1,6
EEE,2013J,554132,0,South Region,A Level or Equivalent,40-50%,0-35,0,60,1,Fail,7,0,1,1,0,0,0,1,1,0,1,1,0,1,1,3
EEE,2013J,554235,0,North Western Region,Lower Than A Level,50-60%,35-55,0,60,0,Withdrawn,5,0,1,0,1,0,0,0,0,1,1,1,1,0,1,9
EEE,2013J,554459,0,North Western Region,A Level or Equivalent,40-50%,0-35,0,60,0,Fail,4,1,1,0,0,1,1,1,1,0,1,1,0,0,1,8
EEE,2013J,554583,0,Scotland,Lower Than A Level,50-60%,0-35,0,90,0,Pass,16,1,0,0,1,1,1,0,0,1,0,1,0,0,1,10
EEE,2013J,554999,0,North Western Region,A Level or Equivalent,20-Oct,0-35,0,120,1,Withdrawn,5,1,1,1,1,1,0,0,0,1,0,0,0,1,1,9
EEE,2013J,555020,0,South East Region,Lower Than A Level,60-70%,0-35,0,30,0,Withdrawn,16,0,1,1,0,0,0,1,1,1,1,1,0,1,0,10
EEE,2013J,555228,0,North Region,A Level or Equivalent,,0-35,0,60,1,Pass,10,0,0,0,0,0,1,0,0,1,1,0,0,1,1,1
EEE,2013J,555447,0,Yorkshire Region,A Level or Equivalent,20-Oct,0-35,0,60,0,Pass,9,0,1,1,1,1,0,0,1,0,0,0,0,1,0,4
EEE,2013J,555925,0,East Anglian Region,A Level or Equivalent,20-Oct,0-35,0,90,0,Withdrawn,6,1,1,1,0,0,0,0,1,1,1,1,0,0,0,9
EEE,2013J,556109,0,Ireland,Lower Than A Level,20-30%,0-35,0,60,0,Pass,12,0,1,0,1,1,0,1,1,1,0,0,0,0,0,7
EEE,2013J,556177,0,East Anglian Region,A Level or Equivalent,20-30%,35-55,0,90,0,Pass,3,1,1,0,0,0,1,1,0,0,1,0,0,0,1,8
EEE,2013J,556211,0,North Region,HE Qualification,80-90%,35-55,0,60,0,Pass,5,0,0,1,1,0,1,1,1,1,1,0,0,1,1,9
EEE,2013J,556231,1,London Region,A Level or Equivalent,30-40%,0-35,0,30,0,Fail,7,0,0,1,0,1,1,1,0,1,1,1,1,1,1,3
EEE,2013J,556450,0,Scotland,A Level or Equivalent,90-100%,0-35,0,90,1,Fail,5,0,1,0,0,0,0,0,1,0,1,1,1,1,0,9
EEE,2013J,556521,0,East Anglian Region,A Level or Equivalent,50-60%,0-35,0,60,1,Pass,15,1,0,1,0,0,1,1,0,0,1,0,0,1,0,10
EEE,2013J,556645,0,East Anglian Region,A Level or Equivalent,60-70%,35-55,0,60,0,Pass,4,0,0,0,1,0,1,0,1,1,0,1,1,0,0,8
EEE,2013J,556709,0,Ireland,A Level or Equivalent,80-90%,0-35,0,60,0,Fail,3,1,0,1,0,1,1,0,1,1,1,1,1,1,0,8
EEE,2013J,556742,0,East Anglian Region,Lower Than A Level,60-70%,0-35,0,30,0,Fail,3,1,0,1,0,0,0,1,1,1,1,1,1,1,1,8
EEE,2013J,556836,0,East Anglian Region,A Level or Equivalent,80-90%,0-35,0,150,0,Withdrawn,11,0,1,0,1,1,0,0,0,0,1,0,0,0,0,6
EEE,2013J,557147,0,South East Region,A Level or Equivalent,90-100%,0-35,0,120,0,Pass,8,0,1,1,1,1,1,0,1,1,1,1,0,0,0,3
EEE,2013J,557415,0,South West Region,A Level or Equivalent,40-50%,0-35,0,60,0,Pass,4,1,0,0,0,1,0,1,1,1,1,0,1,1,1,8
EEE,2013J,557490,0,North Region,Lower Than A Level,20-30%,0-35,0,60,0,Fail,1,0,1,1,1,0,0,0,1,0,1,0,0,1,0,2
EEE,2013J,558054,0,North Region,Lower Than A Level,40-50%,0-35,0,30,0,Pass,5,1,1,1,1,0,0,0,1,1,1,1,1,1,1,9
EEE,2013J,558444,1,London Region,Lower Than A Level,20-Oct,0-35,0,180,0,Fail,1,0,1,0,0,0,0,0,0,1,0,1,1,1,0,2
EEE,2013J,558463,0,South Region,Lower Than A Level,70-80%,0-35,0,60,0,Pass,10,1,0,1,1,0,0,1,1,0,0,0,0,1,1,1
EEE,2013J,559519,0,Scotland,A Level or Equivalent,50-60%,0-35,0,30,0,Fail,10,1,1,0,1,0,0,1,1,0,1,1,0,0,0,1
EEE,2013J,559551,0,South East Region,Lower Than A Level,90-100%,0-35,0,30,0,Fail,16,1,0,0,1,1,1,1,1,0,0,0,1,0,0,10
EEE,2013J,559617,1,East Anglian Region,Lower Than A Level,90-100%,0-35,0,90,1,Pass,1,0,1,0,0,0,1,1,1,1,1,1,0,1,1,2
EEE,2013J,559645,0,North Region,HE Qualification,50-60%,0-35,0,60,0,Fail,5,0,1,1,1,1,1,0,0,0,1,0,1,0,1,9
EEE,2013J,559758,0,Scotland,Lower Than A Level,60-70%,35-55,0,30,0,Pass,16,1,0,0,1,0,0,1,1,0,1,0,0,1,0,10
EEE,2013J,559912,0,East Midlands Region,Lower Than A Level,50-60%,0-35,0,60,0,Pass,10,1,1,1,0,0,1,1,1,0,1,0,1,1,1,1
EEE,2013J,560326,0,London Region,Lower Than A Level,40-50%,35-55,0,90,0,Withdrawn,2,1,1,1,0,0,0,0,1,1,0,1,1,1,0,2
EEE,2013J,560502,0,East Midlands Region,A Level or Equivalent,20-Oct,35-55,0,30,1,Fail,11,1,0,1,0,0,1,1,0,1,0,0,1,0,0,6
EEE,2013J,560723,0,Scotland,Lower Than A Level,70-80%,0-35,0,30,0,Pass,13,1,1,1,1,1,1,1,1,1,1,1,1,1,1,5
EEE,2013J,560734,0,East Midlands Region,A Level or Equivalent,90-100%,0-35,0,120,0,Fail,14,1,1,1,1,0,1,0,1,1,0,0,1,1,1,5
EEE,2013J,560784,0,South Region,Lower Than A Level,80-90%,0-35,0,60,0,Pass,9,0,0,1,0,1,0,0,1,1,0,1,1,0,1,4
EEE,2013J,560876,0,West Midlands Region,Lower Than A Level,40-50%,0-35,0,60,0,Pass,11,1,1,1,1,1,0,0,0,1,1,1,1,0,0,6
EEE,2013J,560924,0,South West Region,Lower Than A Level,30-40%,0-35,0,60,0,Withdrawn,10,0,1,1,0,0,1,0,0,0,0,1,1,0,1,1
EEE,2013J,560928,0,South Region,A Level or Equivalent,,0-35,0,60,0,Pass,8,1,1,1,1,0,1,0,1,0,1,0,0,1,1,3
EEE,2013J,561054,0,Yorkshire Region,Lower Than A Level,0-10%,0-35,0,60,0,Fail,5,0,1,1,0,1,1,1,1,1,0,1,0,1,0,9
EEE,2013J,561192,0,West Midlands Region,Lower Than A Level,20-30%,0-35,0,90,0,Pass,5,0,1,1,0,0,0,1,1,0,1,1,0,1,0,9
EEE,2013J,561208,0,East Anglian Region,A Level or Equivalent,60-70%,0-35,0,30,0,Fail,1,0,1,0,0,0,1,1,1,1,0,1,1,0,0,2
EEE,2013J,561519,0,North Western Region,Lower Than A Level,20-Oct,0-35,0,60,0,Withdrawn,3,1,0,0,0,1,0,0,1,1,0,1,0,1,1,8
EEE,2013J,561740,0,West Midlands Region,Lower Than A Level,70-80%,0-35,0,30,0,Withdrawn,11,1,0,0,1,1,1,1,1,0,1,1,1,1,1,6
EEE,2013J,561787,0,South West Region,Lower Than A Level,60-70%,0-35,0,120,0,Withdrawn,3,1,0,0,1,0,1,0,0,1,0,0,1,0,0,8
EEE,2013J,561826,1,London Region,HE Qualification,0-10%,0-35,0,30,0,Pass,1,1,0,0,1,1,0,1,1,0,1,1,1,1,0,2
EEE,2013J,562315,0,South West Region,Lower Than A Level,40-50%,0-35,0,60,1,Withdrawn,6,0,0,0,0,1,1,0,1,0,1,0,0,1,1,9
EEE,2013J,562675,0,London Region,Lower Than A Level,60-70%,0-35,0,30,0,Withdrawn,1,0,1,0,0,0,1,1,1,0,0,0,1,0,0,2
EEE,2013J,563418,1,Scotland,A Level or Equivalent,80-90%,0-35,0,90,0,Distinction,5,1,0,1,1,0,0,1,0,1,0,1,0,1,0,9
EEE,2013J,563666,0,East Midlands Region,A Level or Equivalent,60-70%,0-35,0,60,0,Pass,5,1,0,1,1,1,0,1,0,0,1,1,0,0,0,9
EEE,2013J,563967,0,West Midlands Region,A Level or Equivalent,40-50%,0-35,0,60,0,Pass,4,0,0,0,0,1,0,0,1,1,0,1,0,0,1,8
EEE,2013J,563990,0,Yorkshire Region,Lower Than A Level,60-70%,0-35,0,60,0,Withdrawn,16,1,0,1,0,0,0,1,0,0,1,0,1,0,1,10
EEE,2013J,564444,0,London Region,Lower Than A Level,50-60%,0-35,0,60,0,Withdrawn,1,1,1,0,1,0,1,1,1,1,0,0,0,0,1,2
EEE,2013J,564700,0,South Region,Lower Than A Level,70-80%,0-35,0,120,0,Pass,15,1,0,1,0,1,0,0,0,1,0,1,1,1,1,10
EEE,2013J,564714,0,East Anglian Region,HE Qualification,90-100%,0-35,0,30,1,Pass,12,1,0,0,1,1,1,1,1,0,1,1,0,1,1,7
EEE,2013J,564894,0,South Region,Lower Than A Level,90-100%,35-55,0,60,0,Distinction,14,0,1,1,0,1,0,1,0,0,0,1,1,1,0,5
EEE,2013J,565275,0,South Region,A Level or Equivalent,40-50%,0-35,0,150,0,Withdrawn,10,0,1,1,1,0,0,1,1,1,0,1,0,0,0,1
EEE,2013J,565561,0,South East Region,HE Qualification,20-Oct,35-55,0,60,0,Fail,6,1,1,1,1,0,0,0,0,1,1,1,1,1,0,9
EEE,2013J,565883,0,Scotland,Lower Than A Level,20-Oct,0-35,0,60,0,Pass,7,0,1,1,0,0,0,0,0,0,1,0,1,1,0,3
EEE,2013J,566071,0,South West Region,Lower Than A Level,30-40%,0-35,0,60,0,Fail,16,0,1,0,1,1,0,1,0,0,0,1,1,0,0,10
EEE,2013J,566201,0,North Western Region,Lower Than A Level,20-30%,0-35,0,60,0,Pass,14,0,0,0,0,0,0,0,1,0,0,0,0,1,1,5
EEE,2013J,566306,0,North Western Region,A Level or Equivalent,50-60%,35-55,0,60,0,Withdrawn,9,0,1,0,0,1,0,1,0,1,1,0,1,1,1,4
EEE,2013J,566310,0,Scotland,A Level or Equivalent,20-Oct,35-55,0,60,0,Distinction,11,0,0,0,1,0,0,1,1,1,0,0,1,1,0,6
EEE,2013J,566664,0,London Region,A Level or Equivalent,40-50%,0-35,0,90,0,Pass,16,0,0,0,1,1,0,1,0,1,0,1,1,0,0,10
EEE,2013J,566970,0,East Anglian Region,A Level or Equivalent,40-50%,0-35,0,60,0,Withdrawn,1,1,0,0,1,0,0,0,0,0,1,0,1,0,0,2
EEE,2013J,567752,0,East Anglian Region,A Level or Equivalent,50-60%,0-35,0,60,1,Pass,1,1,0,1,1,0,0,0,1,1,1,1,1,1,0,2
EEE,2013J,567779,0,East Anglian Region,Lower Than A Level,40-50%,0-35,0,30,0,Fail,13,1,1,0,1,1,0,0,1,0,0,0,0,0,0,5
EEE,2013J,567892,0,South East Region,A Level or Equivalent,30-40%,35-55,0,60,0,Fail,10,0,0,1,0,0,1,1,1,1,1,0,0,0,0,1
EEE,2013J,567950,0,West Midlands Region,A Level or Equivalent,70-80%,35-55,0,60,0,Fail,13,1,1,1,0,0,0,1,1,0,1,0,0,1,0,5
EEE,2013J,568751,0,North Western Region,HE Qualification,70-80%,0-35,0,120,0,Withdrawn,16,0,0,1,1,0,0,1,1,1,0,0,1,1,0,10
EEE,2013J,568813,0,West Midlands Region,A Level or Equivalent,80-90%,0-35,0,60,0,Pass,6,1,1,0,1,0,1,1,1,0,1,0,0,1,1,9
EEE,2013J,569342,0,South Region,Lower Than A Level,70-80%,0-35,0,135,0,Pass,12,0,0,1,0,0,0,1,1,1,0,0,0,0,0,7
EEE,2013J,569358,0,Scotland,HE Qualification,40-50%,0-35,0,30,0,Pass,2,1,1,0,0,0,0,1,1,0,0,0,0,1,0,2
EEE,2013J,569560,0,West Midlands Region,A Level or Equivalent,40-50%,0-35,0,90,0,Pass,8,1,0,0,0,1,1,1,0,1,0,0,1,1,0,3
EEE,2013J,569694,0,North Western Region,Lower Than A Level,70-80%,0-35,0,60,0,Distinction,3,1,0,1,1,0,0,0,0,0,1,1,0,1,0,8
EEE,2013J,569706,0,South Region,A Level or Equivalent,90-100%,0-35,0,120,1,Pass,9,1,0,1,0,0,1,0,1,1,0,1,1,0,1,4
EEE,2013J,570377,0,North Western Region,Lower Than A Level,0-10%,0-35,0,60,0,Withdrawn,16,1,1,1,1,0,1,1,0,0,0,0,1,1,1,10
EEE,2013J,570414,0,Ireland,Lower Than A Level,20-Oct,0-35,0,60,0,Fail,2,0,0,1,1,1,0,1,0,1,0,1,0,1,1,2
EEE,2013J,570448,0,Yorkshire Region,A Level or Equivalent,30-40%,0-35,0,30,0,Fail,11,0,1,1,0,0,1,1,0,1,1,0,0,1,0,6
EEE,2013J,570453,0,North Western Region,A Level or Equivalent,0-10%,0-35,0,30,0,Pass,10,1,0,1,0,0,0,1,1,1,1,0,0,1,0,1
EEE,2013J,570488,0,East Midlands Region,A Level or Equivalent,20-Oct,0-35,0,60,0,Withdrawn,11,1,0,1,1,1,0,0,1,0,0,1,0,0,1,6
EEE,2013J,570626,0,South West Region,Lower Than A Level,20-Oct,0-35,0,30,0,Pass,13,1,1,1,0,1,1,1,0,1,1,0,1,1,0,5
EEE,2013J,571186,0,London Region,A Level or Equivalent,30-40%,0-35,0,60,0,Pass,14,1,1,0,0,0,1,0,1,1,1,1,1,1,1,5
EEE,2013J,571443,1,East Midlands Region,HE Qualification,70-80%,0-35,0,60,0,Distinction,15,0,0,1,1,0,0,0,1,0,0,1,0,1,0,10
EEE,2013J,571448,1,South Region,A Level or Equivalent,30-40%,0-35,0,60,0,Pass,11,1,1,1,0,0,0,0,1,1,0,1,0,1,1,6
EEE,2013J,571595,0,Scotland,Lower Than A Level,70-80%,0-35,0,90,0,Fail,3,0,0,0,0,0,1,1,1,0,1,0,0,1,1,8
EEE,2013J,571610,0,South Region,HE Qualification,40-50%,0-35,0,120,0,Pass,15,1,0,1,1,1,0,0,1,1,0,1,0,0,1,10
EEE,2013J,571617,0,North Western Region,A Level or Equivalent,20-30%,0-35,0,60,0,Withdrawn,10,0,1,0,1,1,1,0,1,0,1,1,1,1,1,1
EEE,2013J,571620,0,North Western Region,Lower Than A Level,0-10%,0-35,0,60,0,Pass,15,0,0,0,1,1,1,1,0,1,1,0,0,0,0,10
EEE,2013J,571686,0,South Region,Lower Than A Level,80-90%,0-35,0,60,0,Pass,12,0,1,0,0,0,1,0,0,0,1,0,0,0,0,7
EEE,2013J,571710,0,London Region,Lower Than A Level,20-30%,0-35,0,60,0,Withdrawn,8,1,0,1,1,1,0,1,1,1,1,1,0,1,0,3
EEE,2013J,571711,0,South West Region,Lower Than A Level,20-30%,0-35,0,60,0,Withdrawn,7,1,0,1,1,0,1,1,0,1,0,0,0,1,0,3
EEE,2013J,571754,0,South East Region,A Level or Equivalent,70-80%,0-35,0,30,0,Withdrawn,3,0,0,1,0,0,0,0,1,1,0,0,0,0,0,8
EEE,2013J,571818,0,Yorkshire Region,A Level or Equivalent,40-50%,0-35,0,60,0,Distinction,8,0,1,0,0,1,1,1,1,0,1,1,1,0,0,3
EEE,2013J,571963,0,North Region,A Level or Equivalent,30-40%,0-35,0,90,0,Withdrawn,4,1,0,0,0,0,0,0,1,0,0,0,1,0,1,8
EEE,2013J,571992,0,London Region,Lower Than A Level,20-Oct,0-35,0,120,0,Fail,2,1,1,1,0,0,0,1,1,0,1,0,0,0,1,2
EEE,2013J,572021,0,London Region,Lower Than A Level,50-60%,0-35,0,60,0,Fail,7,1,1,0,1,0,0,1,0,1,1,1,1,0,0,3
EEE,2013J,572024,0,Scotland,HE Qualification,70-80%,0-35,0,60,0,Pass,9,0,0,1,1,0,1,1,0,1,1,1,0,0,0,4
EEE,2013J,572080,0,Yorkshire Region,A Level or Equivalent,20-Oct,0-35,0,60,0,Fail,9,1,0,0,0,0,0,1,1,1,1,0,0,1,1,4
EEE,2013J,572146,0,South West Region,Lower Than A Level,20-Oct,0-35,0,30,0,Fail,13,0,0,1,1,0,1,0,0,1,1,1,0,1,0,5
EEE,2013J,572154,0,Scotland,HE Qualification,40-50%,0-35,0,150,0,Withdrawn,2,0,1,1,1,1,1,1,0,1,0,0,0,0,0,2
EEE,2013J,572168,0,South Region,HE Qualification,50-60%,0-35,0,90,0,Withdrawn,14,0,1,0,0,0,1,0,1,0,1,1,0,0,1,5
EEE,2013J,572186,0,West Midlands Region,A Level or Equivalent,0-10%,0-35,0,60,1,Withdrawn,16,1,0,1,0,0,0,1,0,1,1,1,1,0,0,10
EEE,2013J,572279,0,East Anglian Region,Lower Than A Level,30-40%,0-35,0,90,0,Fail,13,0,0,0,0,0,0,0,1,1,0,1,0,0,1,5
EEE,2013J,572303,0,Scotland,HE Qualification,90-100%,0-35,0,90,0,Pass,10,1,1,1,0,0,0,0,0,0,0,0,1,1,1,1
EEE,2013J,572396,0,South West Region,Lower Than A Level,60-70%,0-35,0,60,0,Pass,11,1,0,0,1,1,1,1,1,1,0,1,0,0,0,6
EEE,2013J,572403,0,South West Region,A Level or Equivalent,90-100%,0-35,0,30,0,Fail,9,1,1,0,1,0,1,1,0,1,1,1,1,1,0,4
EEE,2013J,572515,0,Wales,Lower Than A Level,20-30%,0-35,0,60,1,Distinction,6,1,0,0,1,1,0,0,0,1,1,1,1,0,0,9
EEE,2013J,572570,0,Scotland,A Level or Equivalent,80-90%,0-35,0,60,0,Pass,2,0,0,0,1,1,1,0,0,1,1,1,0,1,0,2
EEE,2013J,572602,0,South Region,A Level or Equivalent,60-70%,0-35,0,60,0,Pass,7,1,1,0,0,1,1,0,1,0,1,0,0,0,1,3
EEE,2013J,572658,0,North Region,Lower Than A Level,0-10%,35-55,0,60,0,Withdrawn,4,0,0,1,1,0,0,1,0,0,0,0,1,1,0,8
EEE,2013J,572659,0,London Region,Lower Than A Level,40-50%,0-35,0,90,0,Withdrawn,10,1,1,0,0,1,1,1,1,1,1,1,1,0,1,1
EEE,2013J,572891,0,Yorkshire Region,A Level or Equivalent,60-70%,0-35,0,60,0,Pass,7,0,0,0,1,0,0,1,1,1,0,1,1,1,0,3
EEE,2013J,572944,0,East Anglian Region,Lower Than A Level,50-60%,0-35,0,60,0,Fail,10,0,1,1,1,1,1,1,1,1,0,1,1,1,1,1
EEE,2013J,573110,0,East Anglian Region,Lower Than A Level,90-100%,0-35,0,60,0,Withdrawn,3,0,1,1,1,0,0,0,0,0,0,0,0,0,1,8
EEE,2013J,573153,0,Yorkshire Region,Lower Than A Level,0-10%,0-35,0,90,0,Pass,2,0,0,1,0,0,1,0,1,0,1,1,1,1,1,2
EEE,2013J,573200,0,East Midlands Region,Lower Than A Level,50-60%,0-35,0,60,0,Distinction,11,1,0,0,1,1,0,0,1,1,1,1,1,1,0,6
EEE,2013J,573214,0,South West Region,HE Qualification,60-70%,0-35,0,60,0,Pass,14,1,1,0,1,0,1,1,1,1,1,0,1,1,1,5
EEE,2013J,573242,0,West Midlands Region,A Level or Equivalent,20-30%,0-35,0,60,0,Withdrawn,15,0,0,1,1,1,0,1,1,0,0,0,1,0,1,10
EEE,2013J,573244,0,South East Region,A Level or Equivalent,90-100%,0-35,0,60,0,Withdrawn,3,1,1,1,1,0,0,0,1,1,1,1,0,1,0,8
EEE,2013J,573292,0,Ireland,A Level or Equivalent,40-50%,0-35,0,75,0,Pass,12,1,0,1,0,1,0,0,0,1,0,1,1,0,0,7
EEE,2013J,573336,0,South Region,A Level or Equivalent,30-40%,0-35,0,60,0,Pass,9,0,0,1,0,1,1,0,1,0,0,0,1,0,1,4
EEE,2013J,573377,0,South East Region,Lower Than A Level,70-80%,0-35,0,60,0,Pass,15,0,1,1,0,0,1,0,1,1,1,1,1,1,0,10
EEE,2013J,573440,0,Scotland,Lower Than A Level,30-40%,0-35,0,120,0,Distinction,2,0,0,0,0,1,0,0,0,1,0,1,1,1,1,2
EEE,2013J,573462,1,Wales,HE Qualification,20-Oct,35-55,0,60,0,Fail,4,1,0,1,1,1,0,0,1,0,1,0,0,0,1,8
EEE,2013J,573547,0,East Anglian Region,Lower Than A Level,90-100%,35-55,0,90,0,Withdrawn,15,1,0,0,0,0,0,0,1,1,0,0,0,0,1,10
EEE,2013J,573550,0,Wales,Lower Than A Level,70-80%,0-35,0,30,0,Pass,12,0,1,1,0,0,0,1,0,1,1,0,1,0,1,7
EEE,2013J,573593,0,East Midlands Region,A Level or Equivalent,30-40%,35-55,0,60,0,Pass,13,1,0,1,1,0,1,0,0,1,1,1,0,1,0,5
EEE,2013J,573662,0,London Region,A Level or Equivalent,60-70%,0-35,0,60,0,Pass,8,1,0,0,0,0,0,1,0,0,1,1,0,0,1,3
EEE,2013J,573701,0,Scotland,Lower Than A Level,60-70%,0-35,0,150,0,Withdrawn,12,1,0,0,0,1,0,0,0,0,0,0,1,1,0,7
EEE,2013J,573742,0,East Anglian Region,Lower Than A Level,20-Oct,0-35,0,60,0,Pass,7,1,0,1,0,1,0,0,1,0,1,1,0,1,1,3
EEE,2013J,573920,0,West Midlands Region,A Level or Equivalent,70-80%,0-35,0,120,0,Pass,2,0,1,0,1,0,1,1,1,0,1,0,0,1,0,2
EEE,2013J,573944,1,South Region,Lower Than A Level,20-30%,0-35,0,240,0,Withdrawn,12,1,0,1,1,1,1,0,0,0,0,1,0,0,0,7
EEE,2013J,574038,0,South Region,Lower Than A Level,50-60%,0-35,0,60,0,Pass,10,0,0,1,1,0,0,1,0,0,0,0,0,1,0,1
EEE,2013J,574101,0,South West Region,Lower Than A Level,60-70%,35-55,0,60,0,Fail,4,0,0,0,1,1,1,0,0,1,1,0,1,0,0,8
EEE,2013J,574259,0,South West Region,HE Qualification,80-90%,0-35,0,30,0,Distinction,2,1,1,0,1,1,1,1,1,0,0,1,1,0,0,2
EEE,2013J,574399,0,Ireland,Lower Than A Level,,35-55,0,30,0,Fail,6,0,1,0,0,0,1,1,1,0,1,0,1,0,1,9
EEE,2013J,574507,0,West Midlands Region,Lower Than A Level,90-100%,0-35,0,30,0,Pass,15,1,1,1,1,0,1,1,0,0,0,1,1,1,0,10
EEE,2013J,574586,0,Ireland,A Level or Equivalent,70-80%,35-55,0,90,0,Pass,6,1,0,0,0,0,0,1,0,1,0,0,0,0,1,9
EEE,2013J,574608,0,Scotland,A Level or Equivalent,30-40%,35-55,0,60,0,Pass,12,0,0,1,0,1,0,1,1,1,0,1,0,1,1,7
EEE,2013J,574670,0,London Region,A Level or Equivalent,20-Oct,0-35,0,60,0,Withdrawn,12,0,0,0,0,0,0,1,1,0,1,1,0,1,0,7
EEE,2013J,574830,1,Scotland,Lower Than A Level,90-100%,0-35,0,90,0,Pass,11,0,1,0,1,1,0,0,1,1,0,0,1,1,0,6
EEE,2013J,574888,0,South West Region,Lower Than A Level,20-30%,0-35,0,60,0,Fail,4,0,1,1,0,0,1,1,1,0,0,0,1,1,0,8
EEE,2013J,574983,0,Ireland,Lower Than A Level,,35-55,0,60,0,Pass,5,0,1,0,0,1,0,1,1,0,1,0,1,0,0,9
EEE,2013J,575047,0,West Midlands Region,A Level or Equivalent,20-Oct,0-35,0,60,0,Pass,10,0,1,1,0,1,0,1,0,1,0,1,0,1,0,1
EEE,2013J,575166,0,East Anglian Region,A Level or Equivalent,20-30%,0-35,0,60,0,Pass,1,1,0,1,0,1,0,0,1,0,1,0,0,0,1,2
EEE,2013J,575208,0,West Midlands Region,Lower Than A Level,50-60%,0-35,0,60,0,Withdrawn,11,0,0,0,0,0,1,1,0,1,1,1,0,0,0,6
EEE,2013J,575241,0,South Region,Lower Than A Level,90-100%,0-35,0,60,0,Pass,11,0,1,1,0,0,0,1,1,1,0,1,0,1,0,6
EEE,2013J,575318,0,North Western Region,HE Qualification,0-10%,0-35,0,60,0,Fail,3,1,0,0,1,0,0,1,0,1,1,1,1,0,0,8
EEE,2013J,575336,0,East Anglian Region,Lower Than A Level,30-40%,0-35,0,60,0,Pass,15,0,0,0,1,0,1,0,1,1,1,1,0,1,0,10
EEE,2013J,575343,0,Scotland,HE Qualification,80-90%,0-35,0,30,0,Fail,14,0,0,0,1,0,0,1,0,1,1,0,1,1,1,5
EEE,2013J,575401,0,North Region,A Level or Equivalent,20-Oct,0-35,0,60,0,Distinction,10,1,1,0,0,1,0,0,0,0,1,1,0,0,1,1
EEE,2013J,575419,0,West Midlands Region,Lower Than A Level,50-60%,0-35,0,90,0,Fail,9,0,1,0,1,1,1,1,1,0,0,1,1,1,1,4
EEE,2013J,575469,0,London Region,HE Qualification,0-10%,35-55,0,60,0,Withdrawn,10,0,0,0,1,0,0,0,1,1,1,1,0,0,0,1
EEE,2013J,575545,0,Scotland,HE Qualification,0-10%,0-35,0,60,0,Pass,9,1,1,1,0,1,1,0,1,0,0,0,0,0,0,4
EEE,2013J,575553,0,Ireland,A Level or Equivalent,90-100%,0-35,0,30,0,Pass,14,0,0,0,1,0,0,1,1,1,1,1,1,1,0,5
EEE,2013J,575601,0,London Region,A Level or Equivalent,20-Oct,0-35,0,60,0,Withdrawn,14,0,0,1,1,0,1,1,0,0,1,1,1,0,1,5
EEE,2013J,575703,0,East Anglian Region,A Level or Equivalent,60-70%,35-55,0,60,0,Pass,6,0,0,1,1,1,1,0,1,0,0,1,1,0,0,9
EEE,2013J,575733,0,Wales,Lower Than A Level,20-30%,35-55,0,60,0,Distinction,10,1,0,0,1,1,0,1,0,1,0,0,1,0,1,1
EEE,2013J,575745,1,North Region,HE Qualification,,0-35,0,130,0,Pass,13,1,1,1,0,0,0,1,1,0,1,1,1,0,1,5
EEE,2013J,575762,0,Yorkshire Region,HE Qualification,40-50%,35-55,0,60,0,Pass,11,0,0,0,0,0,0,0,1,0,1,0,1,1,0,6
EEE,2013J,575763,0,North Western Region,A Level or Equivalent,20-30%,0-35,0,30,0,Pass,4,1,1,1,0,1,0,1,0,0,1,1,0,0,0,8
EEE,2013J,575764,1,North Western Region,A Level or Equivalent,50-60%,0-35,0,90,0,Pass,13,1,1,0,1,1,0,0,1,1,0,1,0,1,1,5
EEE,2013J,576036,0,South East Region,A Level or Equivalent,60-70%,0-35,0,60,0,Pass,1,0,1,1,1,1,0,0,0,0,1,0,0,0,1,2
EEE,2013J,576191,0,Scotland,HE Qualification,20-Oct,0-35,0,120,0,Fail,6,0,1,1,1,0,1,1,0,1,0,0,1,0,1,9
EEE,2013J,576202,0,North Region,Lower Than A Level,20-Oct,35-55,0,60,0,Fail,1,0,0,1,0,0,0,1,1,0,1,0,0,1,1,2
EEE,2013J,576292,0,East Midlands Region,Lower Than A Level,0-10%,0-35,0,60,0,Fail,10,1,0,1,1,1,0,1,1,1,1,0,0,1,0,1
EEE,2013J,576298,0,Wales,HE Qualification,40-50%,0-35,0,30,0,Withdrawn,12,0,1,0,1,0,0,0,1,0,1,0,0,1,1,7
EEE,2013J,576301,0,North Region,HE Qualification,20-Oct,0-35,0,60,0,Withdrawn,8,0,0,1,1,0,0,1,0,1,0,1,1,0,1,3
EEE,2013J,576405,0,Scotland,HE Qualification,20-30%,0-35,0,60,1,Pass,4,0,0,0,1,0,0,0,0,0,0,1,1,1,0,8
EEE,2013J,576409,0,West Midlands Region,A Level or Equivalent,40-50%,0-35,0,90,0,Withdrawn,1,1,1,0,1,0,1,0,1,0,1,0,1,0,0,2
EEE,2013J,576439,0,East Anglian Region,Lower Than A Level,90-100%,0-35,0,30,0,Pass,3,1,1,1,1,1,1,1,0,0,0,1,0,1,0,8
EEE,2013J,576481,1,South East Region,Lower Than A Level,90-100%,0-35,0,60,0,Withdrawn,8,1,1,0,0,1,0,1,0,0,1,0,0,0,0,3
EEE,2013J,576516,0,East Anglian Region,A Level or Equivalent,80-90%,0-35,0,60,0,Pass,15,0,1,0,0,0,0,1,1,1,1,0,0,1,0,10
EEE,2013J,576606,0,Scotland,HE Qualification,90-100%,0-35,0,90,0,Withdrawn,15,1,1,0,1,1,1,1,1,1,1,0,0,0,1,10
EEE,2013J,576631,0,North Region,A Level or Equivalent,30-40%,0-35,0,60,0,Fail,4,1,0,0,1,0,0,1,0,1,0,0,1,0,1,8
EEE,2013J,576750,0,South Region,HE Qualification,60-70%,35-55,0,60,0,Pass,8,0,0,0,1,1,1,1,0,0,1,0,0,1,0,3
EEE,2013J,576834,0,South West Region,A Level or Equivalent,30-40%,0-35,0,60,0,Withdrawn,7,0,0,0,1,1,0,1,1,0,0,1,1,0,0,3
EEE,2013J,576909,0,South Region,A Level or Equivalent,60-70%,0-35,0,60,0,Distinction,13,1,1,0,1,1,1,0,1,0,0,1,0,1,0,5
EEE,2013J,576962,0,Yorkshire Region,A Level or Equivalent,40-50%,0-35,0,60,0,Fail,11,0,1,1,1,1,1,0,1,1,0,1,0,1,1,6
EEE,2013J,577148,0,London Region,A Level or Equivalent,0-10%,0-35,0,30,0,Fail,14,0,1,1,1,0,1,0,0,0,0,1,0,1,1,5
EEE,2013J,577235,0,North Western Region,Lower Than A Level,20-30%,35-55,0,90,0,Pass,5,1,0,0,1,0,1,1,0,1,0,0,0,1,1,9
EEE,2013J,577352,0,East Anglian Region,Lower Than A Level,0-10%,0-35,0,120,0,Withdrawn,12,1,1,1,0,1,0,1,0,0,0,0,1,1,1,7
EEE,2013J,577427,0,Scotland,A Level or Equivalent,50-60%,0-35,0,90,0,Pass,7,1,0,1,0,1,1,1,0,0,1,0,1,1,0,3
EEE,2013J,577551,0,North Region,A Level or Equivalent,20-Oct,0-35,0,90,0,Pass,3,1,1,1,1,1,0,0,1,0,1,1,1,0,1,8
EEE,2013J,577560,0,South West Region,HE Qualification,50-60%,0-35,0,60,0,Fail,14,0,0,0,1,1,1,1,0,0,0,0,0,0,1,5
EEE,2013J,577603,0,North Region,Lower Than A Level,20-Oct,0-35,0,120,0,Withdrawn,9,0,1,1,1,1,1,0,0,0,0,1,1,0,1,4
EEE,2013J,577686,0,North Region,A Level or Equivalent,,0-35,0,60,0,Pass,2,0,0,0,0,0,0,0,0,0,0,0,1,0,1,2
EEE,2013J,577735,0,South East Region,A Level or Equivalent,50-60%,0-35,0,60,0,Pass,9,1,1,0,1,0,0,1,0,1,1,0,1,1,1,4
EEE,2013J,577784,1,South East Region,A Level or Equivalent,50-60%,0-35,0,60,0,Pass,1,0,1,1,1,0,1,1,1,1,1,0,0,1,0,2
EEE,2013J,577887,0,East Midlands Region,A Level or Equivalent,20-30%,0-35,0,90,0,Withdrawn,7,0,1,0,0,1,0,1,1,1,0,1,1,1,0,3
EEE,2013J,577995,0,East Midlands Region,Lower Than A Level,70-80%,0-35,0,60,0,Distinction,13,0,1,1,1,1,0,0,1,1,0,1,1,0,1,5
EEE,2013J,578000,0,London Region,Lower Than A Level,30-40%,0-35,0,60,0,Pass,11,0,0,0,0,1,1,0,1,1,0,0,0,1,0,6
EEE,2013J,578034,0,North Region,A Level or Equivalent,20-Oct,0-35,0,60,0,Pass,13,0,1,0,0,0,0,1,0,0,0,1,0,0,0,5
EEE,2013J,578056,0,Yorkshire Region,A Level or Equivalent,40-50%,0-35,0,60,0,Fail,15,1,0,1,0,1,1,0,1,0,0,1,0,1,0,10
EEE,2013J,578438,0,South West Region,A Level or Equivalent,80-90%,0-35,0,60,0,Pass,3,1,1,1,1,1,0,0,0,0,1,1,1,0,1,8
EEE,2013J,578450,1,East Anglian Region,Lower Than A Level,20-Oct,0-35,0,120,0,Fail,12,1,0,0,0,0,1,1,0,0,1,0,1,0,1,7
EEE,2013J,578472,0,Scotland,Lower Than A Level,90-100%,35-55,0,60,0,Fail,15,1,0,1,1,1,1,0,0,1,0,1,0,1,0,10
EEE,2013J,578623,0,Wales,A Level or Equivalent,60-70%,0-35,0,120,0,Withdrawn,10,0,1,0,1,1,1,1,0,0,1,1,0,0,1,1
EEE,2013J,578654,0,Yorkshire Region,Lower Than A Level,30-40%,0-35,0,150,0,Fail,7,0,1,1,0,0,0,0,0,1,0,1,1,0,1,3
EEE,2013J,578722,0,East Midlands Region,Lower Than A Level,20-30%,0-35,0,30,0,Withdrawn,14,0,1,1,0,1,1,1,0,1,0,1,0,1,1,5
EEE,2013J,578725,0,Scotland,HE Qualification,90-100%,0-35,0,60,0,Fail,9,1,0,0,1,0,0,0,1,1,1,0,0,0,0,4
EEE,2013J,578736,0,Scotland,HE Qualification,20-Oct,35-55,0,90,0,Pass,1,1,1,1,1,1,0,1,0,0,1,0,1,1,1,2
EEE,2013J,578820,0,South Region,A Level or Equivalent,70-80%,0-35,0,60,0,Pass,14,0,1,1,0,1,0,0,0,0,1,0,1,1,1,5
EEE,2013J,579011,0,North Western Region,A Level or Equivalent,20-Oct,35-55,0,60,0,Pass,8,1,0,0,1,1,0,1,0,0,1,1,0,1,1,3
EEE,2013J,579027,0,Scotland,HE Qualification,40-50%,0-35,0,90,0,Fail,4,0,1,1,1,0,0,1,0,1,0,1,1,0,1,8
EEE,2013J,579098,0,South West Region,Lower Than A Level,70-80%,35-55,0,120,0,Withdrawn,6,1,0,0,1,0,1,1,1,1,0,1,0,1,1,9
EEE,2013J,579130,0,West Midlands Region,A Level or Equivalent,70-80%,0-35,0,30,1,Pass,16,1,1,0,0,0,1,0,0,1,1,1,1,0,1,10
EEE,2013J,579199,1,East Midlands Region,Lower Than A Level,70-80%,0-35,0,90,0,Fail,8,0,0,1,0,0,0,0,1,0,1,1,1,0,0,3
EEE,2013J,579206,0,Wales,A Level or Equivalent,20-Oct,35-55,0,60,0,Fail,3,1,0,1,1,0,1,0,1,1,1,0,1,1,0,8
EEE,2013J,579321,0,South East Region,Lower Than A Level,20-30%,0-35,0,180,0,Withdrawn,7,1,0,0,0,1,0,0,0,0,1,0,0,0,0,3
EEE,2013J,579340,0,South Region,Lower Than A Level,60-70%,0-35,0,90,0,Distinction,6,1,1,0,0,0,0,0,1,1,1,1,1,0,0,9
EEE,2013J,579343,0,West Midlands Region,HE Qualification,40-50%,0-35,0,60,0,Distinction,2,0,1,0,0,1,0,1,0,1,1,0,0,0,1,2
EEE,2013J,579499,0,South West Region,Lower Than A Level,30-40%,0-35,0,60,0,Withdrawn,11,0,0,0,1,1,0,1,0,1,1,1,0,0,0,6
EEE,2013J,579604,0,North Western Region,Lower Than A Level,70-80%,0-35,0,30,0,Fail,15,1,1,0,1,1,1,0,1,1,0,0,0,1,0,10
EEE,2013J,579723,0,South East Region,Lower Than A Level,90-100%,35-55,0,60,0,Pass,8,1,0,1,0,1,0,1,0,1,1,1,0,1,1,3
EEE,2013J,580372,0,Yorkshire Region,HE Qualification,70-80%,0-35,0,60,0,Fail,1,0,0,1,1,1,1,1,0,0,1,0,1,0,1,2
EEE,2013J,580689,0,Scotland,HE Qualification,20-30%,35-55,0,90,1,Withdrawn,10,0,1,1,1,1,0,0,0,0,0,0,1,0,1,1
EEE,2013J,580719,1,Scotland,HE Qualification,80-90%,35-55,0,60,0,Distinction,16,1,1,0,0,1,1,0,1,0,0,1,1,0,1,10
EEE,2013J,580774,0,Wales,Lower Than A Level,50-60%,0-35,0,120,0,Fail,14,1,1,1,0,0,0,0,1,0,0,1,1,1,0,5
EEE,2013J,580970,0,West Midlands Region,A Level or Equivalent,20-30%,0-35,0,60,0,Pass,4,0,1,0,0,1,1,1,1,0,1,0,1,1,1,8
EEE,2013J,581011,0,West Midlands Region,Lower Than A Level,80-90%,0-35,0,30,0,Withdrawn,11,1,0,0,0,1,0,1,1,0,1,0,1,1,0,6
EEE,2013J,581047,0,East Midlands Region,A Level or Equivalent,70-80%,0-35,0,90,0,Withdrawn,1,0,1,1,0,1,1,0,1,1,0,0,0,1,0,2
EEE,2013J,581123,0,West Midlands Region,A Level or Equivalent,70-80%,0-35,0,150,0,Pass,16,1,1,0,1,1,0,1,0,0,0,0,0,0,0,10
EEE,2013J,581179,0,South East Region,Lower Than A Level,30-40%,0-35,0,30,0,Pass,12,1,0,1,1,1,0,0,1,0,0,0,0,1,1,7
EEE,2013J,581234,0,North Western Region,A Level or Equivalent,50-60%,0-35,0,60,0,Pass,2,0,1,0,0,0,1,0,1,0,0,0,0,0,1,2
EEE,2013J,581340,0,Scotland,HE Qualification,90-100%,0-35,0,60,0,Distinction,6,1,1,1,0,1,1,1,1,0,1,0,1,1,1,9
EEE,2013J,581438,0,East Anglian Region,A Level or Equivalent,40-50%,0-35,0,60,0,Distinction,11,1,1,1,1,0,0,1,0,1,0,1,1,1,1,6
EEE,2013J,581439,0,West Midlands Region,HE Qualification,70-80%,0-35,0,60,0,Fail,7,0,1,0,0,1,0,0,0,0,1,1,1,1,1,3
EEE,2013J,581453,1,North Region,A Level or Equivalent,20-30%,0-35,0,60,0,Withdrawn,16,1,0,0,1,1,1,1,1,1,1,0,1,1,1,10
EEE,2013J,581533,0,South West Region,A Level or Equivalent,60-70%,0-35,0,60,0,Pass,14,1,0,1,0,0,1,0,0,1,1,0,0,1,1,5
EEE,2013J,581708,0,Yorkshire Region,A Level or Equivalent,20-30%,0-35,0,30,0,Pass,2,1,0,0,0,1,1,1,0,0,0,1,1,0,1,2
EEE,2013J,581716,1,Ireland,Lower Than A Level,0-10%,0-35,0,180,0,Pass,10,0,1,0,0,0,1,0,1,0,0,0,0,1,1,1
EEE,2013J,581744,0,South East Region,Lower Than A Level,60-70%,0-35,0,60,0,Pass,11,0,0,0,0,1,0,1,0,0,1,1,1,1,1,6
EEE,2013J,581914,0,Scotland,HE Qualification,0-10%,0-35,0,90,0,Pass,14,0,1,1,0,0,0,0,1,1,0,0,1,1,1,5
EEE,2013J,582087,0,Scotland,Lower Than A Level,40-50%,0-35,0,90,0,Pass,14,0,0,1,1,0,1,0,0,1,0,0,0,1,0,5
EEE,2013J,582170,0,West Midlands Region,A Level or Equivalent,20-Oct,0-35,0,60,0,Withdrawn,16,1,0,1,0,0,0,1,0,1,0,0,1,0,0,10
EEE,2013J,582514,0,West Midlands Region,A Level or Equivalent,60-70%,35-55,0,60,0,Pass,11,1,1,1,0,0,0,1,1,0,1,0,1,0,1,6
EEE,2013J,582723,0,North Region,Lower Than A Level,20-Oct,35-55,0,60,0,Pass,3,1,1,0,0,1,1,1,1,0,0,1,1,1,1,8
EEE,2013J,582768,0,Ireland,A Level or Equivalent,90-100%,0-35,0,90,1,Fail,3,1,1,1,0,0,0,0,0,1,0,0,0,1,0,8
EEE,2013J,582827,0,East Anglian Region,A Level or Equivalent,30-40%,0-35,0,60,0,Pass,6,1,1,0,1,0,1,1,1,1,0,0,1,0,1,9
EEE,2013J,582913,0,East Anglian Region,Lower Than A Level,80-90%,0-35,0,60,0,Distinction,5,0,0,1,0,0,0,1,1,0,0,0,0,1,1,9
EEE,2013J,582983,0,North Western Region,A Level or Equivalent,70-80%,0-35,0,60,0,Withdrawn,15,0,0,0,0,0,0,0,0,0,0,0,1,0,0,10
EEE,2013J,583032,0,Scotland,HE Qualification,50-60%,0-35,0,60,0,Distinction,16,1,1,0,0,1,1,1,0,0,1,1,0,0,0,10
EEE,2013J,583052,0,East Anglian Region,A Level or Equivalent,90-100%,0-35,0,60,0,Pass,15,1,0,0,1,0,0,1,0,1,0,0,1,0,0,10
EEE,2013J,583186,0,North Western Region,Lower Than A Level,20-30%,0-35,0,90,0,Fail,4,0,1,0,1,1,1,0,1,1,0,1,1,1,0,8
EEE,2013J,583192,1,Scotland,HE Qualification,90-100%,0-35,0,75,0,Pass,4,1,0,0,1,1,0,1,1,1,1,0,1,0,0,8
EEE,2013J,583238,0,East Anglian Region,Lower Than A Level,70-80%,0-35,0,60,0,Distinction,14,0,0,1,0,0,1,0,1,0,1,0,1,0,0,5
EEE,2013J,583427,1,West Midlands Region,Lower Than A Level,30-40%,0-35,0,60,0,Withdrawn,6,0,0,1,0,0,0,0,1,1,1,0,1,1,0,9
EEE,2013J,583714,0,South West Region,A Level or Equivalent,60-70%,0-35,0,90,0,Pass,10,1,0,1,1,0,0,0,1,0,1,1,0,1,0,1
EEE,2013J,583833,0,Scotland,Lower Than A Level,60-70%,0-35,0,60,0,Withdrawn,7,0,1,0,1,0,0,0,1,0,0,0,0,0,0,3
EEE,2013J,583839,0,Scotland,Lower Than A Level,60-70%,35-55,0,60,0,Fail,12,1,0,0,0,0,0,1,0,0,1,1,0,0,1,7
EEE,2013J,583844,0,London Region,Lower Than A Level,0-10%,0-35,0,60,0,Withdrawn,4,0,0,1,0,0,1,1,0,0,0,0,1,1,1,8
EEE,2013J,583855,0,West Midlands Region,A Level or Equivalent,0-10%,0-35,0,30,0,Pass,9,0,1,0,1,1,0,0,0,1,1,0,1,0,1,4
EEE,2013J,583933,0,Scotland,Lower Than A Level,30-40%,35-55,0,75,0,Fail,15,0,1,1,0,0,1,0,1,1,1,0,0,1,0,10
EEE,2013J,584115,0,East Anglian Region,Lower Than A Level,0-10%,0-35,0,60,0,Withdrawn,11,1,1,1,1,1,0,0,1,1,0,1,0,0,0,6
EEE,2013J,584191,0,East Midlands Region,HE Qualification,70-80%,0-35,0,60,0,Pass,15,1,0,1,1,1,1,0,1,1,0,1,0,0,0,10
EEE,2013J,584386,0,East Midlands Region,A Level or Equivalent,30-40%,0-35,0,30,0,Pass,10,1,0,0,1,1,1,0,1,1,0,1,1,1,0,1
EEE,2013J,584414,0,Wales,A Level or Equivalent,50-60%,35-55,0,60,0,Pass,4,0,1,0,1,0,0,0,1,0,0,0,0,1,0,8
EEE,2013J,584443,1,Scotland,Lower Than A Level,70-80%,0-35,0,90,1,Distinction,2,0,0,0,1,1,0,0,1,0,0,0,0,0,1,2
EEE,2013J,584444,0,North Western Region,A Level or Equivalent,50-60%,0-35,0,90,0,Withdrawn,8,0,0,1,1,0,1,1,0,1,1,1,1,1,1,3
EEE,2013J,584514,0,West Midlands Region,Lower Than A Level,60-70%,0-35,0,90,0,Withdrawn,13,0,1,1,0,0,1,1,1,1,1,1,0,1,0,5
EEE,2013J,584553,0,North Western Region,A Level or Equivalent,50-60%,0-35,0,30,0,Pass,15,0,1,1,0,0,0,0,1,0,0,0,1,1,1,10
EEE,2013J,584567,0,South Region,Lower Than A Level,90-100%,0-35,0,60,0,Fail,2,0,0,1,1,1,1,1,0,0,0,1,0,0,1,2
EEE,2013J,584913,0,North Western Region,A Level or Equivalent,0-10%,0-35,0,60,0,Withdrawn,2,1,1,1,1,1,1,0,0,1,0,1,0,1,1,2
EEE,2013J,584923,0,West Midlands Region,HE Qualification,50-60%,0-35,0,60,0,Withdrawn,4,1,1,0,0,0,0,0,0,1,0,0,1,1,1,8
EEE,2013J,585011,0,Scotland,HE Qualification,80-90%,0-35,0,120,0,Pass,13,0,0,1,1,0,1,1,1,0,1,0,0,0,1,5
EEE,2013J,585056,0,North Western Region,A Level or Equivalent,40-50%,0-35,0,60,0,Withdrawn,6,0,1,0,1,0,1,0,0,0,0,1,1,1,1,9
EEE,2013J,585279,0,West Midlands Region,A Level or Equivalent,60-70%,0-35,0,60,0,Distinction,10,1,1,0,1,1,0,1,1,1,1,0,0,0,0,1
EEE,2013J,585433,0,Scotland,HE Qualification,80-90%,0-35,0,60,0,Pass,2,0,1,1,1,1,1,0,0,1,0,0,0,0,0,2
EEE,2013J,585455,0,Scotland,A Level or Equivalent,90-100%,0-35,0,60,0,Distinction,8,0,0,0,1,0,1,1,1,0,0,1,1,1,0,3
EEE,2013J,585464,0,South Region,A Level or Equivalent,80-90%,0-35,0,60,0,Pass,6,0,1,0,0,1,1,1,0,1,1,1,0,1,0,9
EEE,2013J,585471,0,Yorkshire Region,A Level or Equivalent,60-70%,0-35,0,60,0,Distinction,9,1,0,0,0,1,0,1,0,0,0,1,1,0,0,4
EEE,2013J,585681,0,Yorkshire Region,HE Qualification,90-100%,0-35,0,60,0,Withdrawn,9,0,0,0,1,0,1,1,0,0,0,0,0,1,0,4
EEE,2013J,585758,0,Yorkshire Region,Lower Than A Level,0-10%,0-35,0,60,0,Fail,16,0,0,0,0,0,0,1,1,1,1,1,1,0,1,10
EEE,2013J,585769,1,Scotland,Post Graduate Qualification,50-60%,0-35,0,90,0,Withdrawn,6,1,0,1,1,0,0,0,0,1,1,0,0,1,1,9
EEE,2013J,585837,0,East Midlands Region,A Level or Equivalent,50-60%,0-35,0,60,0,Pass,14,0,1,0,1,0,1,0,1,0,1,0,0,1,1,5
EEE,2013J,586046,0,West Midlands Region,HE Qualification,20-30%,35-55,0,30,0,Pass,16,1,0,0,0,0,1,0,1,0,1,1,1,1,1,10
EEE,2013J,586047,0,West Midlands Region,A Level or Equivalent,80-90%,0-35,0,30,0,Pass,12,0,1,1,0,0,1,0,1,0,0,1,0,1,0,7
EEE,2013J,586060,0,South Region,Lower Than A Level,20-30%,0-35,0,60,0,Fail,5,1,0,0,0,1,0,0,0,1,1,1,1,1,0,9
EEE,2013J,586132,0,East Anglian Region,A Level or Equivalent,80-90%,0-35,0,60,0,Fail,8,1,1,1,1,1,1,0,1,0,0,1,0,0,0,3
EEE,2013J,586137,0,North Region,HE Qualification,,0-35,0,30,0,Pass,6,1,1,1,0,1,1,1,1,0,0,1,0,1,1,9
EEE,2013J,586236,0,East Anglian Region,A Level or Equivalent,90-100%,0-35,0,60,0,Pass,13,1,0,0,1,0,1,0,0,1,1,1,0,1,0,5
EEE,2013J,586261,0,London Region,Lower Than A Level,70-80%,35-55,0,90,0,Distinction,4,1,1,1,1,1,0,1,0,1,0,0,1,0,0,8
EEE,2013J,586314,0,North Western Region,A Level or Equivalent,50-60%,35-55,0,60,0,Fail,14,1,1,1,0,1,0,1,0,0,0,0,1,0,0,5
EEE,2013J,586473,0,East Midlands Region,A Level or Equivalent,70-80%,0-35,0,60,1,Fail,9,1,1,0,1,1,0,1,0,1,0,0,0,1,1,4
EEE,2013J,586476,1,South East Region,A Level or Equivalent,50-60%,0-35,0,120,0,Pass,11,0,1,0,0,1,1,1,1,0,0,0,1,1,0,6
EEE,2013J,586587,0,North Western Region,Lower Than A Level,80-90%,0-35,0,60,0,Withdrawn,1,1,0,0,1,1,0,1,1,1,0,0,1,1,0,2
EEE,2013J,586621,0,West Midlands Region,A Level or Equivalent,60-70%,0-35,0,60,0,Pass,8,0,1,1,1,0,1,1,0,1,0,0,1,0,1,3
EEE,2013J,586668,0,South Region,A Level or Equivalent,70-80%,0-35,0,30,0,Pass,7,1,1,1,1,0,1,1,1,0,1,0,1,1,0,3
EEE,2013J,586716,0,Scotland,HE Qualification,80-90%,0-35,0,90,0,Pass,7,0,1,1,1,0,0,0,1,0,1,1,0,1,1,3
EEE,2013J,586750,0,Ireland,Lower Than A Level,,35-55,0,60,0,Pass,9,0,1,1,1,1,1,0,1,1,0,0,1,1,0,4
EEE,2013J,586838,0,East Midlands Region,Lower Than A Level,90-100%,0-35,0,30,0,Pass,6,0,0,0,1,1,0,0,0,1,1,1,0,0,0,9
EEE,2013J,586921,0,East Anglian Region,Lower Than A Level,80-90%,0-35,0,60,0,Pass,9,0,0,0,0,1,1,0,0,1,1,1,1,1,0,4
EEE,2013J,586962,0,South Region,A Level or Equivalent,80-90%,0-35,0,90,0,Pass,7,0,0,1,1,1,1,0,1,1,1,1,0,1,0,3
EEE,2013J,586979,0,South Region,A Level or Equivalent,40-50%,35-55,0,60,0,Fail,10,0,1,1,0,0,0,0,0,1,0,1,1,1,0,1
EEE,2013J,587014,0,South Region,A Level or Equivalent,80-90%,0-35,0,30,0,Fail,2,0,1,0,0,0,1,0,0,0,0,0,0,1,1,2
EEE,2013J,587122,0,Scotland,Lower Than A Level,60-70%,35-55,0,90,0,Withdrawn,6,1,0,0,0,1,1,1,1,1,1,0,0,0,1,9
EEE,2013J,587226,0,Scotland,Lower Than A Level,20-Oct,0-35,0,30,1,Fail,4,1,0,0,1,0,1,1,1,1,1,1,1,1,1,8
EEE,2013J,587319,0,West Midlands Region,A Level or Equivalent,60-70%,0-35,0,60,0,Pass,12,1,1,0,1,1,1,1,0,0,0,1,0,0,0,7
EEE,2013J,587346,0,Wales,A Level or Equivalent,50-60%,0-35,0,30,0,Pass,14,0,1,0,1,1,0,0,1,0,1,0,1,0,1,5
EEE,2013J,587382,0,North Region,A Level or Equivalent,30-40%,0-35,0,60,0,Fail,11,0,0,0,0,1,1,1,1,0,1,0,1,1,1,6
EEE,2013J,587547,0,Yorkshire Region,A Level or Equivalent,0-10%,35-55,0,30,0,Pass,9,0,0,1,1,0,1,1,0,1,1,1,1,1,1,4
EEE,2013J,587616,0,East Midlands Region,A Level or Equivalent,70-80%,0-35,0,60,0,Pass,6,0,1,1,0,1,0,0,0,1,0,1,1,0,0,9
EEE,2013J,587621,1,London Region,Lower Than A Level,70-80%,35-55,0,60,0,Fail,7,1,0,0,1,1,1,0,0,0,0,0,1,1,0,3
EEE,2013J,587677,0,East Anglian Region,Lower Than A Level,40-50%,0-35,0,60,0,Withdrawn,7,1,0,1,0,0,1,1,1,1,1,1,0,1,0,3
EEE,2013J,587682,0,South West Region,Lower Than A Level,70-80%,0-35,0,60,0,Pass,8,0,1,1,0,0,0,0,0,1,0,1,0,1,0,3
EEE,2013J,587714,0,East Anglian Region,A Level or Equivalent,80-90%,0-35,0,60,0,Distinction,3,1,0,1,0,1,1,0,1,0,1,1,0,1,0,8
EEE,2013J,587884,0,South West Region,Lower Than A Level,60-70%,0-35,0,60,0,Withdrawn,15,1,0,1,0,1,0,0,0,0,0,0,0,1,0,10
EEE,2013J,587906,0,East Midlands Region,A Level or Equivalent,20-30%,0-35,0,60,0,Distinction,15,1,0,1,0,1,0,0,0,0,1,1,0,0,0,10
EEE,2013J,587911,0,North Western Region,A Level or Equivalent,50-60%,0-35,0,60,0,Distinction,11,1,1,0,1,1,0,1,1,0,1,0,1,0,1,6
EEE,2013J,588125,0,Yorkshire Region,Lower Than A Level,70-80%,0-35,0,60,0,Pass,9,0,1,1,1,1,0,0,1,1,1,1,1,0,1,4
EEE,2013J,588231,0,London Region,Lower Than A Level,40-50%,35-55,0,60,0,Pass,15,1,0,0,0,0,1,1,0,1,0,1,0,0,1,10
EEE,2013J,588280,0,South East Region,A Level or Equivalent,50-60%,35-55,0,60,0,Distinction,11,1,1,0,0,1,1,1,0,0,0,0,1,1,1,6
EEE,2013J,588383,0,Wales,Lower Than A Level,20-Oct,0-35,0,60,0,Withdrawn,10,0,0,1,0,1,1,1,0,0,0,0,0,1,0,1
EEE,2013J,588402,0,Wales,Lower Than A Level,60-70%,35-55,0,60,0,Pass,4,0,0,1,0,0,0,1,1,1,1,0,0,1,0,8
EEE,2013J,588442,0,North Western Region,Lower Than A Level,0-10%,0-35,0,90,0,Pass,5,0,1,0,1,0,0,0,0,1,1,1,1,0,0,9
EEE,2013J,588502,0,East Midlands Region,Lower Than A Level,20-Oct,0-35,0,60,0,Pass,7,0,0,0,0,1,1,0,1,1,0,0,1,0,0,3
EEE,2013J,588524,0,Scotland,HE Qualification,70-80%,0-35,0,60,0,Distinction,6,0,1,0,0,1,0,1,1,0,0,1,1,1,1,9
EEE,2013J,588583,0,London Region,HE Qualification,30-40%,0-35,0,60,0,Fail,3,1,0,0,0,0,1,0,1,1,0,1,0,0,0,8
EEE,2013J,588628,0,South West Region,A Level or Equivalent,60-70%,55<=,0,60,0,Distinction,13,0,1,0,0,1,1,1,0,1,0,1,0,0,0,5
EEE,2013J,588676,0,Scotland,HE Qualification,80-90%,0-35,0,90,0,Pass,1,0,0,1,0,0,0,0,0,1,0,1,1,1,0,2
EEE,2013J,588694,0,North Region,Lower Than A Level,70-80%,0-35,0,60,0,Withdrawn,9,1,1,0,0,1,0,0,0,0,1,1,0,0,1,4
EEE,2013J,588706,0,London Region,Lower Than A Level,60-70%,0-35,0,90,0,Withdrawn,16,1,0,1,0,1,1,0,0,0,0,1,0,1,0,10
EEE,2013J,588710,0,North Western Region,Lower Than A Level,40-50%,0-35,0,60,0,Pass,12,0,1,1,0,1,0,0,0,0,0,0,0,1,1,7
EEE,2013J,588835,0,Scotland,Lower Than A Level,50-60%,0-35,0,30,0,Pass,16,1,0,0,0,1,1,0,0,0,1,1,1,1,1,10
EEE,2013J,588852,0,London Region,Lower Than A Level,40-50%,0-35,0,90,0,Withdrawn,6,1,1,0,1,1,1,1,1,0,0,0,0,1,0,9
EEE,2013J,588942,0,West Midlands Region,HE Qualification,90-100%,0-35,0,60,0,Fail,3,0,1,0,1,0,0,0,0,1,1,0,0,0,0,8
EEE,2013J,588974,0,West Midlands Region,Lower Than A Level,20-Oct,35-55,0,60,0,Withdrawn,4,1,1,1,1,1,1,0,1,0,1,1,1,0,0,8
EEE,2013J,589018,0,Scotland,Lower Than A Level,20-30%,0-35,0,120,0,Withdrawn,4,0,0,1,1,1,0,0,1,0,0,0,1,1,1,8
EEE,2013J,589023,0,North Region,A Level or Equivalent,,0-35,0,60,0,Withdrawn,7,0,0,0,1,1,0,0,0,1,1,0,0,1,0,3
EEE,2013J,589055,1,North Region,Lower Than A Level,,0-35,0,60,0,Fail,13,1,0,0,1,1,0,0,0,0,1,0,0,0,1,5
EEE,2013J,589211,0,Scotland,A Level or Equivalent,70-80%,35-55,0,120,0,Pass,13,0,1,0,0,0,1,0,0,1,0,1,1,1,0,5
EEE,2013J,589327,0,Scotland,HE Qualification,70-80%,0-35,0,60,0,Pass,16,1,1,0,1,0,0,1,1,1,1,0,1,0,1,10
EEE,2013J,589380,0,Wales,HE Qualification,20-Oct,0-35,0,60,0,Distinction,9,1,1,0,0,1,0,0,0,0,0,1,0,0,1,4
EEE,2013J,589472,0,Yorkshire Region,Lower Than A Level,20-30%,0-35,0,90,0,Withdrawn,10,1,1,1,1,0,1,0,1,0,0,1,0,0,1,1
EEE,2013J,589484,0,North Western Region,Lower Than A Level,0-10%,0-35,0,30,0,Withdrawn,10,1,1,1,1,1,1,0,1,0,0,1,0,0,1,1
EEE,2013J,589506,0,North Region,A Level or Equivalent,40-50%,0-35,0,60,0,Fail,13,0,0,1,1,0,1,1,1,1,1,0,1,0,1,5
EEE,2013J,589517,1,West Midlands Region,A Level or Equivalent,40-50%,0-35,0,60,0,Withdrawn,7,0,0,1,0,0,1,0,0,1,1,1,0,1,1,3
EEE,2013J,589555,0,East Midlands Region,A Level or Equivalent,80-90%,0-35,0,90,0,Withdrawn,5,1,1,0,1,1,1,1,1,1,0,0,0,0,0,9
EEE,2013J,589799,0,Wales,Lower Than A Level,80-90%,0-35,0,30,0,Fail,6,1,0,0,0,0,1,0,1,0,1,1,0,1,0,9
EEE,2013J,589856,0,East Anglian Region,A Level or Equivalent,90-100%,0-35,0,60,0,Withdrawn,8,1,0,0,0,1,1,1,1,0,0,0,0,1,0,3
EEE,2013J,589894,0,Scotland,A Level or Equivalent,80-90%,0-35,0,60,0,Pass,11,0,0,0,1,1,1,0,1,0,0,0,0,0,1,6
EEE,2013J,589902,0,South East Region,Lower Than A Level,60-70%,0-35,0,60,0,Pass,8,0,1,1,1,0,0,0,0,1,1,1,1,1,0,3
EEE,2013J,590017,0,East Anglian Region,HE Qualification,80-90%,0-35,0,30,0,Distinction,14,1,0,1,0,0,0,1,1,0,1,1,0,1,0,5
EEE,2013J,590072,0,Scotland,A Level or Equivalent,70-80%,0-35,0,90,0,Fail,8,1,1,0,0,1,0,1,0,0,1,0,0,0,1,3
EEE,2013J,590436,0,North Western Region,HE Qualification,0-10%,0-35,0,60,0,Withdrawn,10,1,0,1,0,0,0,1,1,0,0,0,1,0,1,1
EEE,2013J,590626,0,Scotland,Lower Than A Level,60-70%,35-55,0,60,0,Pass,10,1,0,0,1,0,1,1,1,1,0,1,1,0,0,1
EEE,2013J,590744,1,Scotland,HE Qualification,20-Oct,0-35,0,60,0,Pass,10,0,1,0,1,1,1,0,1,1,0,1,1,0,0,1
EEE,2013J,590877,0,South East Region,Lower Than A Level,40-50%,0-35,0,60,0,Pass,15,0,0,0,0,1,1,0,1,0,1,0,1,0,0,10
EEE,2013J,590882,0,South Region,Lower Than A Level,70-80%,0-35,0,30,0,Pass,6,1,0,0,1,1,0,0,0,1,0,1,0,1,1,9
EEE,2013J,590942,0,East Midlands Region,A Level or Equivalent,20-30%,0-35,0,60,0,Withdrawn,11,1,1,0,1,0,0,1,0,1,1,0,1,0,1,6
EEE,2013J,590961,0,Scotland,A Level or Equivalent,80-90%,0-35,0,90,0,Withdrawn,3,0,0,1,1,1,1,0,0,0,1,1,0,1,0,8
EEE,2013J,591021,0,Ireland,Lower Than A Level,,0-35,0,60,0,Distinction,6,0,0,0,0,0,1,1,0,0,1,1,0,1,1,9
EEE,2013J,591165,0,Scotland,Lower Than A Level,20-Oct,0-35,0,30,0,Fail,9,0,1,1,0,0,0,1,0,1,1,0,1,0,0,4
EEE,2013J,591178,0,Yorkshire Region,HE Qualification,60-70%,0-35,0,30,0,Withdrawn,13,0,0,0,1,1,1,0,0,0,0,0,0,0,1,5
EEE,2013J,591375,0,Scotland,A Level or Equivalent,80-90%,35-55,0,60,0,Distinction,2,1,1,1,1,1,0,1,1,1,1,1,0,0,1,2
EEE,2013J,591388,0,West Midlands Region,HE Qualification,60-70%,0-35,0,60,0,Distinction,4,1,0,0,0,0,0,0,0,1,0,0,0,0,1,8
EEE,2013J,591398,0,South Region,A Level or Equivalent,90-100%,35-55,0,60,0,Withdrawn,10,1,1,1,1,0,0,1,1,1,0,1,1,1,1,1
EEE,2013J,591424,0,North Western Region,HE Qualification,50-60%,0-35,0,60,0,Withdrawn,7,1,0,1,0,0,0,0,1,0,0,1,1,1,1,3
EEE,2013J,591566,0,North Western Region,Lower Than A Level,0-10%,0-35,0,60,0,Pass,10,0,0,0,1,0,0,1,0,0,0,0,1,0,1,1
EEE,2013J,591719,0,West Midlands Region,A Level or Equivalent,20-Oct,0-35,0,60,0,Withdrawn,15,0,1,0,1,0,1,1,1,1,1,0,0,0,1,10
EEE,2013J,591869,0,North Region,HE Qualification,,0-35,0,30,0,Pass,1,0,0,1,1,1,0,0,0,1,1,1,0,1,1,2
EEE,2013J,591942,0,London Region,Lower Than A Level,80-90%,35-55,0,60,0,Pass,1,0,0,1,0,0,1,0,0,1,0,1,0,0,1,2
EEE,2013J,591944,0,North Region,Lower Than A Level,40-50%,0-35,0,90,0,Fail,15,1,0,1,1,0,1,1,1,1,0,1,0,1,0,10
EEE,2013J,591958,0,South Region,Lower Than A Level,90-100%,0-35,0,60,0,Distinction,6,0,0,1,0,1,0,0,1,1,0,0,1,0,1,9
EEE,2013J,591995,0,Scotland,A Level or Equivalent,40-50%,0-35,0,30,0,Pass,5,1,1,0,1,0,0,1,0,1,1,1,1,0,1,9
EEE,2013J,592003,0,Ireland,A Level or Equivalent,,0-35,0,60,0,Pass,16,0,1,1,1,1,0,0,0,0,1,0,0,0,1,10
EEE,2013J,592051,0,Scotland,HE Qualification,50-60%,35-55,0,120,1,Pass,8,0,1,0,0,1,0,0,1,1,1,0,0,1,1,3
EEE,2013J,592172,0,North Western Region,Lower Than A Level,70-80%,0-35,0,90,0,Fail,4,1,0,0,1,0,0,1,1,0,1,0,1,0,1,8
EEE,2013J,592250,0,Scotland,HE Qualification,90-100%,0-35,0,30,0,Pass,8,0,0,0,0,0,0,1,0,1,1,0,1,1,1,3
EEE,2013J,592581,1,North Western Region,Lower Than A Level,,0-35,0,30,0,Withdrawn,5,1,1,1,1,1,1,0,0,1,0,0,0,0,0,9
EEE,2013J,592609,0,Scotland,A Level or Equivalent,70-80%,0-35,0,60,0,Distinction,15,1,1,1,1,1,1,0,0,1,1,0,1,1,0,10
EEE,2013J,592787,0,East Midlands Region,Lower Than A Level,90-100%,35-55,0,30,0,Pass,16,1,1,1,1,1,0,0,0,0,1,0,0,0,1,10
EEE,2013J,592791,0,East Midlands Region,HE Qualification,40-50%,0-35,0,30,0,Fail,6,1,0,1,1,0,1,1,0,1,1,0,1,1,0,9
EEE,2013J,592842,0,Scotland,HE Qualification,30-40%,0-35,0,120,0,Fail,11,1,0,0,0,1,0,1,1,1,0,1,1,0,0,6
EEE,2013J,592895,1,North Region,Post Graduate Qualification,,0-35,0,30,0,Distinction,6,1,0,0,1,0,0,1,0,1,0,1,1,0,0,9
EEE,2013J,592961,0,North Western Region,HE Qualification,40-50%,35-55,0,60,0,Distinction,7,0,1,0,1,1,0,1,0,1,0,1,1,1,0,3
EEE,2013J,592997,0,London Region,HE Qualification,40-50%,35-55,0,60,0,Pass,5,0,0,1,0,0,1,1,0,0,1,0,0,1,1,9
EEE,2013J,593348,0,North Region,Post Graduate Qualification,,0-35,0,60,0,Withdrawn,5,1,1,1,0,0,0,0,1,0,0,1,0,0,0,9
EEE,2013J,593362,0,Scotland,Lower Than A Level,20-Oct,35-55,0,60,0,Withdrawn,2,1,1,1,0,1,0,1,0,1,0,0,1,1,1,2
EEE,2013J,593400,0,East Anglian Region,A Level or Equivalent,80-90%,0-35,0,60,0,Fail,2,0,0,1,1,0,0,1,0,1,1,1,0,0,0,2
EEE,2013J,593487,0,Scotland,HE Qualification,40-50%,0-35,0,60,0,Pass,10,1,1,0,0,0,0,1,1,1,0,1,0,0,1,1
EEE,2013J,593534,0,East Anglian Region,Lower Than A Level,30-40%,35-55,0,60,0,Pass,16,1,1,0,1,0,0,0,0,1,1,1,1,1,1,10
EEE,2013J,593587,0,East Midlands Region,A Level or Equivalent,30-40%,35-55,0,60,0,Pass,13,0,1,1,0,1,1,1,1,1,0,1,0,0,0,5
EEE,2013J,593787,0,Yorkshire Region,Lower Than A Level,0-10%,0-35,0,60,0,Fail,13,1,1,0,0,0,0,1,1,0,1,1,1,0,0,5
EEE,2013J,593845,0,North Western Region,Lower Than A Level,50-60%,0-35,0,60,0,Fail,15,0,1,0,0,1,0,1,1,1,0,0,1,1,0,10
EEE,2013J,593924,0,London Region,A Level or Equivalent,90-100%,0-35,0,60,0,Distinction,12,1,1,1,0,1,0,1,1,0,1,1,0,1,0,7
EEE,2013J,594111,0,Wales,A Level or Equivalent,20-Oct,35-55,0,60,0,Pass,5,1,1,0,1,0,0,0,1,0,0,1,0,1,0,9
EEE,2013J,594157,0,South Region,A Level or Equivalent,20-Oct,35-55,0,60,0,Pass,5,1,1,1,1,0,1,1,1,0,1,0,1,1,1,9
EEE,2013J,594199,0,South East Region,A Level or Equivalent,20-30%,0-35,0,90,1,Pass,8,1,1,1,1,1,0,0,1,1,1,0,0,0,1,3
EEE,2013J,594233,0,North Region,A Level or Equivalent,20-30%,0-35,0,90,0,Fail,16,0,0,0,1,0,0,1,1,0,1,0,0,0,0,10
EEE,2013J,594246,0,Scotland,HE Qualification,40-50%,0-35,0,60,0,Fail,4,1,1,1,0,1,1,1,0,0,0,1,0,1,1,8
EEE,2013J,594399,0,Scotland,Lower Than A Level,60-70%,0-35,0,30,0,Pass,3,1,0,1,1,0,0,1,1,1,0,0,0,0,0,8
EEE,2013J,594431,1,East Midlands Region,A Level or Equivalent,60-70%,0-35,0,60,0,Pass,4,1,1,0,0,0,1,0,0,1,1,0,1,0,0,8
EEE,2013J,594452,0,Scotland,HE Qualification,90-100%,0-35,0,60,0,Fail,3,0,0,1,1,0,0,1,0,1,1,1,0,0,1,8
EEE,2013J,594458,0,North Western Region,Lower Than A Level,20-30%,0-35,0,60,0,Fail,2,0,0,0,0,0,1,1,0,1,1,1,1,0,1,2
EEE,2013J,594517,0,South West Region,A Level or Equivalent,80-90%,0-35,0,60,0,Pass,1,1,1,0,0,0,0,1,0,0,1,0,1,0,1,2
EEE,2013J,594602,0,East Anglian Region,Lower Than A Level,50-60%,0-35,0,90,0,Fail,5,0,0,1,0,1,0,0,1,1,1,1,0,1,0,9
EEE,2013J,594755,0,North Region,Lower Than A Level,70-80%,0-35,0,120,0,Withdrawn,15,0,1,1,0,0,0,1,0,0,0,1,1,1,0,10
EEE,2013J,594851,0,Scotland,Lower Than A Level,30-40%,0-35,0,90,0,Fail,8,0,0,0,1,0,1,1,0,0,1,1,1,0,1,3
EEE,2013J,594864,0,Yorkshire Region,Lower Than A Level,70-80%,0-35,0,30,0,Fail,3,0,1,1,1,0,1,0,1,1,1,1,0,0,1,8
EEE,2013J,594976,0,Scotland,HE Qualification,20-Oct,0-35,0,30,0,Pass,10,0,0,0,0,0,1,1,0,1,0,1,0,1,1,1
EEE,2013J,595077,0,Ireland,HE Qualification,,35-55,0,60,0,Withdrawn,9,0,0,0,0,1,0,0,0,0,0,0,1,1,0,4
EEE,2013J,595100,0,Scotland,Post Graduate Qualification,80-90%,35-55,0,60,0,Withdrawn,6,1,0,0,0,0,1,0,0,0,1,0,1,0,0,9
EEE,2013J,595182,0,Scotland,HE Qualification,70-80%,0-35,0,90,0,Distinction,5,0,1,1,0,1,1,1,0,0,1,1,0,0,0,9
EEE,2013J,595189,0,Scotland,A Level or Equivalent,90-100%,35-55,0,60,0,Distinction,12,1,1,1,1,1,0,0,0,1,1,0,1,0,0,7
EEE,2013J,595244,0,East Midlands Region,A Level or Equivalent,40-50%,35-55,0,90,0,Pass,10,1,1,1,1,0,0,0,0,1,0,1,0,0,1,1
EEE,2013J,595362,0,North Western Region,A Level or Equivalent,20-30%,0-35,0,60,0,Withdrawn,4,1,0,1,1,1,0,0,1,1,1,0,1,1,1,8
EEE,2013J,595453,0,London Region,Lower Than A Level,20-Oct,0-35,0,30,0,Withdrawn,7,1,1,1,0,0,0,1,1,0,1,1,1,1,0,3
EEE,2013J,595492,0,South East Region,Lower Than A Level,50-60%,0-35,0,60,0,Pass,2,0,1,0,0,1,1,0,0,0,0,1,1,1,1,2
EEE,2013J,595515,0,Wales,A Level or Equivalent,40-50%,35-55,0,30,0,Fail,16,1,1,1,0,0,0,1,0,1,1,0,1,1,0,10
EEE,2013J,595553,0,North Region,HE Qualification,,0-35,0,30,0,Pass,9,1,0,0,1,0,1,1,0,0,1,1,1,0,1,4
EEE,2013J,595781,1,North Region,A Level or Equivalent,30-40%,0-35,0,60,0,Pass,9,1,0,0,1,1,1,1,0,0,1,0,1,1,0,4
EEE,2013J,595938,0,East Midlands Region,HE Qualification,30-40%,35-55,0,30,0,Pass,7,0,0,0,0,1,0,1,1,1,0,0,0,1,1,3
EEE,2013J,595990,1,London Region,Lower Than A Level,30-40%,35-55,0,30,0,Withdrawn,16,1,1,0,1,1,0,0,1,1,0,1,0,1,0,10
EEE,2013J,596002,0,East Anglian Region,A Level or Equivalent,80-90%,0-35,0,30,0,Withdrawn,6,1,0,1,0,1,0,0,1,0,0,1,0,0,0,9
EEE,2013J,596137,0,East Anglian Region,Lower Than A Level,80-90%,0-35,0,30,0,Withdrawn,6,0,1,0,0,1,1,0,0,1,1,0,0,1,0,9
EEE,2013J,596319,0,North Region,Post Graduate Qualification,,0-35,0,60,0,Pass,16,1,1,0,0,1,1,1,0,0,0,1,0,0,0,10
EEE,2013J,596321,1,North Western Region,A Level or Equivalent,70-80%,0-35,0,60,0,Withdrawn,9,1,0,1,0,0,0,0,0,1,0,1,0,0,0,4
EEE,2013J,596361,0,North Region,Lower Than A Level,70-80%,35-55,0,90,0,Distinction,8,0,0,0,1,0,1,1,0,0,1,1,0,0,0,3
EEE,2013J,596404,0,London Region,Lower Than A Level,30-40%,35-55,0,90,0,Fail,2,1,0,1,1,1,0,1,0,1,1,1,0,0,1,2
EEE,2013J,596432,1,South East Region,Lower Than A Level,40-50%,0-35,0,60,0,Withdrawn,10,0,1,0,1,0,0,0,1,1,0,0,1,0,1,1
EEE,2013J,596526,0,North Western Region,HE Qualification,90-100%,0-35,0,60,0,Pass,7,1,0,0,0,1,1,0,1,0,1,0,1,1,0,3
EEE,2013J,596614,0,South Region,Lower Than A Level,60-70%,0-35,0,30,0,Withdrawn,9,1,1,1,1,0,1,1,1,0,1,0,0,0,1,4
EEE,2013J,596676,0,London Region,A Level or Equivalent,20-Oct,0-35,0,60,0,Withdrawn,15,1,0,0,1,1,1,1,0,1,1,1,1,0,0,10
EEE,2013J,596789,0,Wales,A Level or Equivalent,50-60%,0-35,0,30,0,Pass,10,1,1,1,1,1,0,1,0,0,1,0,0,1,1,1
EEE,2013J,596812,1,South East Region,Lower Than A Level,80-90%,35-55,0,60,0,Pass,14,1,1,0,1,0,0,0,1,1,1,0,1,1,0,5
EEE,2013J,596931,0,South Region,HE Qualification,80-90%,0-35,0,60,0,Fail,10,0,1,0,0,1,1,1,1,1,0,1,1,0,0,1
EEE,2013J,597181,0,West Midlands Region,A Level or Equivalent,20-30%,0-35,0,60,0,Fail,16,0,1,0,1,1,0,0,0,1,1,1,0,1,1,10
EEE,2013J,597206,0,East Midlands Region,A Level or Equivalent,70-80%,0-35,0,60,0,Pass,7,0,0,0,1,1,0,0,0,0,0,1,0,0,0,3
EEE,2013J,597319,0,South West Region,Lower Than A Level,70-80%,0-35,0,60,0,Pass,11,0,1,0,1,0,0,1,1,0,0,0,1,1,1,6
EEE,2013J,597335,1,East Anglian Region,A Level or Equivalent,90-100%,0-35,0,60,0,Pass,10,0,1,1,0,0,0,0,1,0,0,1,0,1,0,1
EEE,2013J,597363,0,South East Region,Lower Than A Level,40-50%,0-35,0,60,0,Pass,3,1,0,1,0,0,1,1,0,0,0,0,1,1,0,8
EEE,2013J,597376,1,South Region,A Level or Equivalent,20-30%,0-35,0,120,1,Pass,6,1,0,1,0,0,0,1,1,1,1,1,0,1,0,9
EEE,2013J,597459,0,London Region,HE Qualification,30-40%,0-35,0,60,0,Pass,2,0,1,1,0,0,0,0,0,0,1,0,1,0,1,2
EEE,2013J,597573,0,London Region,A Level or Equivalent,20-Oct,35-55,0,60,1,Pass,9,0,1,0,1,1,0,0,1,1,0,1,0,1,1,4
EEE,2013J,597948,0,South West Region,HE Qualification,70-80%,35-55,0,30,0,Pass,12,0,0,0,0,0,0,0,0,0,1,0,1,1,0,7
EEE,2013J,598028,0,Yorkshire Region,HE Qualification,90-100%,0-35,0,60,0,Pass,5,0,1,0,0,0,1,0,1,0,0,1,1,1,1,9
EEE,2013J,598074,0,Scotland,A Level or Equivalent,30-40%,0-35,0,90,0,Distinction,12,0,0,0,1,1,1,0,0,1,1,1,1,0,1,7
EEE,2013J,598321,0,South Region,HE Qualification,80-90%,35-55,0,60,0,Pass,13,0,0,0,0,1,1,1,0,0,0,1,0,0,1,5
EEE,2013J,598547,0,Wales,Lower Than A Level,0-10%,0-35,0,30,0,Fail,9,0,0,1,0,0,1,1,1,0,1,0,1,1,0,4
EEE,2013J,598662,1,Scotland,A Level or Equivalent,90-100%,0-35,0,60,0,Pass,2,0,1,1,1,0,0,1,0,0,0,1,0,0,1,2
EEE,2013J,598809,0,West Midlands Region,Lower Than A Level,40-50%,0-35,0,30,0,Fail,11,1,0,1,0,1,0,0,1,0,1,1,1,1,0,6
EEE,2013J,598819,0,East Anglian Region,HE Qualification,90-100%,0-35,0,60,0,Fail,5,1,0,0,0,0,0,1,0,0,0,1,0,1,0,9
EEE,2013J,598821,0,West Midlands Region,A Level or Equivalent,50-60%,0-35,0,60,0,Withdrawn,3,1,1,1,1,1,1,1,0,0,1,0,1,0,0,8
EEE,2013J,598924,0,North Region,A Level or Equivalent,40-50%,0-35,0,60,0,Fail,5,1,0,0,1,0,1,1,1,0,0,0,1,0,0,9
EEE,2013J,598963,0,North Western Region,HE Qualification,80-90%,35-55,0,30,0,Distinction,5,0,1,1,1,1,1,0,0,0,1,1,0,1,0,9
EEE,2013J,598973,0,East Anglian Region,A Level or Equivalent,40-50%,0-35,0,60,1,Distinction,4,1,1,1,0,0,1,1,1,0,0,0,1,1,0,8
EEE,2013J,599176,0,Wales,HE Qualification,90-100%,0-35,0,30,0,Pass,15,0,0,1,1,1,0,0,0,1,1,1,1,0,0,10
EEE,2013J,599263,0,Yorkshire Region,A Level or Equivalent,60-70%,0-35,0,120,0,Withdrawn,9,0,0,1,1,1,0,1,1,1,0,0,1,1,0,4
EEE,2013J,599284,0,Wales,Lower Than A Level,80-90%,0-35,0,30,0,Fail,16,1,0,1,1,1,1,0,0,0,1,1,1,1,1,10
EEE,2013J,599452,0,North Region,HE Qualification,,0-35,0,60,0,Pass,3,0,1,1,1,1,1,1,1,0,0,0,0,0,0,8
EEE,2013J,599478,1,North Region,A Level or Equivalent,,35-55,0,60,0,Pass,7,0,1,0,0,0,1,0,1,1,1,0,1,1,1,3
EEE,2013J,599479,0,North Region,A Level or Equivalent,,35-55,0,60,0,Pass,9,1,1,0,1,0,0,1,1,1,1,1,0,1,0,4
EEE,2013J,599520,0,North Western Region,A Level or Equivalent,70-80%,0-35,0,60,0,Withdrawn,1,0,0,1,0,1,0,1,0,0,1,1,0,0,0,2
EEE,2013J,599542,0,Scotland,Lower Than A Level,20-Oct,0-35,0,90,0,Fail,13,0,0,0,1,1,0,1,1,0,1,1,0,0,0,5
EEE,2013J,599547,0,East Midlands Region,A Level or Equivalent,70-80%,0-35,0,120,1,Withdrawn,11,1,1,1,0,0,1,0,1,1,0,1,0,0,1,6
EEE,2013J,599588,0,Wales,A Level or Equivalent,50-60%,0-35,0,90,0,Fail,2,0,1,0,1,1,0,0,1,0,0,0,0,1,0,2
EEE,2013J,599768,0,Wales,Lower Than A Level,30-40%,0-35,0,60,0,Pass,2,0,1,0,1,1,1,0,1,0,0,1,0,0,1,2
EEE,2013J,599893,0,South Region,A Level or Equivalent,70-80%,0-35,0,60,0,Fail,8,0,1,1,1,0,1,0,1,1,0,0,1,0,0,3
EEE,2013J,599902,0,West Midlands Region,Lower Than A Level,90-100%,0-35,0,60,0,Pass,9,1,0,0,1,0,1,0,0,0,1,0,1,1,1,4
EEE,2013J,599942,0,Wales,A Level or Equivalent,0-10%,0-35,0,60,0,Withdrawn,10,0,0,0,0,0,1,0,0,0,1,0,1,1,0,1
EEE,2013J,599958,1,South East Region,HE Qualification,40-50%,0-35,0,150,0,Distinction,4,1,1,1,0,0,0,1,1,0,1,1,0,1,0,8
EEE,2013J,599982,0,West Midlands Region,A Level or Equivalent,70-80%,0-35,0,60,0,Withdrawn,15,1,1,1,0,0,1,0,0,0,0,0,0,1,1,10
EEE,2013J,600071,0,North Region,Post Graduate Qualification,,35-55,0,60,0,Pass,6,1,1,1,0,0,0,0,1,0,0,0,0,1,0,9
EEE,2013J,600077,0,Scotland,Lower Than A Level,70-80%,0-35,0,30,0,Fail,15,1,1,1,1,1,1,1,0,0,0,0,0,1,1,10
EEE,2013J,600127,0,Wales,A Level or Equivalent,20-30%,35-55,0,60,0,Fail,10,0,1,0,1,1,0,0,0,1,1,1,0,1,1,1
EEE,2013J,600142,0,Wales,A Level or Equivalent,60-70%,0-35,0,60,0,Pass,4,1,0,1,0,0,1,1,0,0,1,0,1,0,0,8
EEE,2013J,600187,0,South East Region,A Level or Equivalent,20-30%,0-35,0,60,0,Distinction,16,0,0,0,1,1,1,1,0,0,1,0,1,0,1,10
EEE,2013J,600198,0,Ireland,A Level or Equivalent,20-30%,0-35,0,60,0,Pass,6,1,1,1,0,1,1,0,1,0,1,0,1,0,1,9
EEE,2013J,600335,0,Yorkshire Region,A Level or Equivalent,20-30%,0-35,0,60,0,Pass,11,0,1,0,1,0,0,1,1,0,0,0,0,0,1,6
EEE,2013J,600350,0,South West Region,A Level or Equivalent,40-50%,0-35,0,60,0,Pass,12,0,1,0,0,0,0,0,1,1,1,0,0,0,1,7
EEE,2013J,600509,0,North Western Region,A Level or Equivalent,70-80%,0-35,0,60,0,Pass,2,0,1,1,1,0,1,1,0,0,0,1,0,0,0,2
EEE,2013J,600547,0,North Western Region,A Level or Equivalent,20-Oct,35-55,0,60,0,Pass,11,0,0,1,0,1,0,1,0,0,1,1,1,1,0,6
EEE,2013J,600623,0,South West Region,A Level or Equivalent,20-30%,0-35,0,90,0,Withdrawn,6,0,1,0,0,1,1,1,0,1,1,1,1,1,1,9
EEE,2013J,600816,0,South West Region,A Level or Equivalent,90-100%,0-35,0,30,0,Withdrawn,7,0,0,1,0,1,1,1,1,1,0,1,0,0,0,3
EEE,2013J,600869,0,South Region,Lower Than A Level,90-100%,0-35,0,60,0,Pass,12,1,1,0,1,1,0,1,1,1,0,1,1,0,0,7
EEE,2013J,600916,0,Scotland,Lower Than A Level,30-40%,0-35,0,30,0,Fail,1,0,0,1,0,0,1,0,0,1,0,0,0,1,1,2
EEE,2013J,600938,0,Scotland,HE Qualification,60-70%,0-35,0,90,0,Pass,3,0,0,1,0,1,1,0,0,0,0,1,1,0,1,8
EEE,2013J,600945,0,Scotland,A Level or Equivalent,90-100%,0-35,0,60,0,Pass,5,0,1,1,0,1,0,1,1,1,0,1,0,1,1,9
EEE,2013J,600978,0,East Anglian Region,Lower Than A Level,90-100%,0-35,0,90,0,Withdrawn,12,0,1,1,0,1,0,1,0,0,1,0,1,0,0,7
EEE,2013J,601054,0,London Region,A Level or Equivalent,20-Oct,0-35,0,120,0,Withdrawn,7,0,0,1,1,0,0,1,1,0,1,1,0,0,1,3
EEE,2013J,601157,0,West Midlands Region,Lower Than A Level,40-50%,0-35,0,60,0,Withdrawn,9,0,1,1,0,1,0,1,0,0,0,1,1,0,1,4
EEE,2013J,601175,0,South West Region,A Level or Equivalent,70-80%,0-35,0,60,0,Pass,2,1,1,1,1,0,1,0,0,0,1,0,0,1,1,2
EEE,2013J,601182,0,Scotland,Lower Than A Level,50-60%,0-35,0,60,0,Pass,16,0,0,0,0,0,1,0,0,1,1,1,1,0,0,10
EEE,2013J,601223,0,Wales,Lower Than A Level,20-Oct,0-35,0,60,0,Withdrawn,11,0,0,0,1,0,1,0,0,0,0,0,0,1,0,6
EEE,2013J,601224,0,Scotland,HE Qualification,90-100%,0-35,0,90,0,Pass,12,1,0,1,1,0,0,1,1,0,1,1,1,1,0,7
EEE,2013J,601248,0,Wales,Lower Than A Level,40-50%,35-55,0,90,0,Withdrawn,4,1,1,1,0,0,0,1,0,1,1,0,0,1,1,8
EEE,2013J,601370,1,London Region,A Level or Equivalent,60-70%,35-55,0,60,0,Withdrawn,9,1,1,1,0,0,0,1,1,1,0,1,0,1,0,4
EEE,2013J,601407,0,Yorkshire Region,Lower Than A Level,0-10%,0-35,0,30,0,Withdrawn,12,0,0,1,0,1,1,0,1,1,1,1,0,0,1,7
EEE,2013J,601433,0,South West Region,Lower Than A Level,50-60%,0-35,0,60,0,Fail,11,0,1,1,0,1,1,1,1,0,1,1,1,1,1,6
EEE,2013J,601653,0,North Region,HE Qualification,,0-35,0,60,0,Pass,6,0,0,0,1,1,0,0,1,0,0,1,0,1,1,9
EEE,2013J,601757,0,Scotland,HE Qualification,90-100%,35-55,0,90,0,Distinction,6,1,1,0,1,0,1,1,1,0,0,0,1,0,0,9
EEE,2013J,601827,0,North Region,A Level or Equivalent,,0-35,0,30,0,Withdrawn,12,0,0,1,0,0,0,1,0,0,1,1,0,0,0,7
EEE,2013J,601873,0,South Region,HE Qualification,40-50%,0-35,0,30,0,Pass,13,1,0,1,0,0,0,0,0,0,0,1,0,0,1,5
EEE,2013J,602007,0,Ireland,Post Graduate Qualification,,0-35,0,60,0,Pass,4,0,1,1,1,0,1,0,1,1,1,1,0,1,0,8
EEE,2013J,602037,0,South East Region,Lower Than A Level,60-70%,0-35,0,30,0,Withdrawn,4,1,0,0,0,0,0,0,0,1,1,0,1,1,1,8
EEE,2013J,602133,0,South West Region,A Level or Equivalent,60-70%,0-35,0,60,0,Pass,6,0,0,1,1,1,1,1,0,0,0,0,0,1,1,9
EEE,2013J,602233,0,West Midlands Region,HE Qualification,90-100%,0-35,0,60,0,Pass,6,1,0,0,1,0,0,0,0,0,1,1,1,1,1,9
EEE,2013J,602244,0,Scotland,HE Qualification,20-30%,0-35,0,60,0,Fail,10,1,0,1,0,1,0,1,0,0,0,1,1,0,1,1
EEE,2013J,602268,0,Yorkshire Region,A Level or Equivalent,60-70%,0-35,0,60,0,Distinction,14,1,1,0,1,0,1,0,0,1,0,1,0,0,1,5
EEE,2013J,602269,0,Yorkshire Region,HE Qualification,20-30%,0-35,0,60,0,Pass,9,0,1,1,1,0,0,1,1,1,0,1,0,0,1,4
EEE,2013J,602275,0,East Anglian Region,A Level or Equivalent,20-Oct,0-35,0,60,0,Pass,12,0,1,1,1,1,0,0,1,0,1,0,0,1,0,7
EEE,2013J,602288,0,South Region,A Level or Equivalent,,0-35,0,60,0,Pass,13,1,1,0,1,1,1,1,0,1,1,1,0,0,1,5
EEE,2013J,602389,1,London Region,A Level or Equivalent,40-50%,35-55,0,60,0,Fail,16,1,1,1,1,0,1,1,0,0,1,1,1,1,1,10
EEE,2013J,602398,0,West Midlands Region,A Level or Equivalent,30-40%,0-35,0,60,0,Fail,14,1,0,0,1,0,0,0,1,0,1,1,0,0,1,5
EEE,2013J,602424,0,East Anglian Region,Lower Than A Level,40-50%,0-35,0,60,0,Pass,11,0,0,1,1,0,1,1,0,0,0,0,0,1,1,6
EEE,2013J,602659,0,Scotland,A Level or Equivalent,70-80%,0-35,0,60,0,Withdrawn,2,0,1,0,0,0,1,0,1,0,0,0,1,1,1,2
EEE,2013J,602663,0,Wales,Lower Than A Level,90-100%,0-35,0,60,0,Distinction,1,0,0,1,0,0,1,1,1,0,0,0,1,1,0,2
EEE,2013J,602703,0,South East Region,A Level or Equivalent,50-60%,0-35,0,60,0,Pass,13,0,0,1,1,1,0,0,0,0,0,1,0,0,1,5
EEE,2013J,602718,0,Scotland,Post Graduate Qualification,50-60%,0-35,0,60,0,Pass,2,1,0,1,1,1,1,1,0,0,0,0,1,1,0,2
EEE,2013J,602816,0,London Region,A Level or Equivalent,30-40%,0-35,0,60,0,Fail,7,1,0,1,0,1,0,1,1,1,0,0,1,0,1,3
EEE,2013J,602827,0,West Midlands Region,Lower Than A Level,50-60%,0-35,0,60,0,Pass,12,1,1,1,0,1,1,0,1,1,0,1,0,1,0,7
EEE,2013J,602944,0,North Western Region,A Level or Equivalent,70-80%,0-35,0,60,1,Fail,5,0,1,1,0,0,0,0,1,0,1,0,0,0,1,9
EEE,2013J,603053,0,Scotland,A Level or Equivalent,40-50%,0-35,0,90,0,Fail,2,1,0,0,1,1,1,1,1,0,0,0,0,0,0,2
EEE,2013J,603222,0,West Midlands Region,Lower Than A Level,60-70%,0-35,0,60,0,Pass,12,1,0,0,1,0,1,1,1,1,1,1,1,0,0,7
EEE,2013J,603309,0,South West Region,A Level or Equivalent,80-90%,0-35,0,60,0,Pass,8,1,1,1,0,0,0,1,0,1,0,1,0,0,1,3
EEE,2013J,603357,0,South Region,Lower Than A Level,70-80%,35-55,0,90,0,Withdrawn,7,0,1,1,1,1,1,1,1,0,1,0,0,1,0,3
EEE,2013J,603455,0,Ireland,Lower Than A Level,30-40%,35-55,0,60,0,Pass,8,1,1,0,0,0,0,1,0,1,1,1,0,1,0,3
EEE,2013J,603477,0,East Anglian Region,HE Qualification,70-80%,0-35,0,60,0,Pass,8,1,0,0,1,0,1,1,0,0,0,1,1,0,0,3
EEE,2013J,603503,0,Yorkshire Region,A Level or Equivalent,40-50%,0-35,0,30,0,Distinction,14,0,1,0,0,1,0,1,1,1,1,0,1,1,0,5
EEE,2013J,603565,0,South Region,Lower Than A Level,80-90%,0-35,0,60,0,Withdrawn,10,0,0,1,0,0,1,1,1,0,0,1,0,1,1,1
EEE,2013J,603639,0,North Western Region,A Level or Equivalent,50-60%,0-35,0,60,0,Distinction,6,0,0,1,1,0,1,0,1,1,0,1,1,1,1,9
EEE,2013J,604050,0,North Region,A Level or Equivalent,20-Oct,0-35,0,60,0,Pass,3,0,0,0,0,0,0,0,0,0,0,1,1,1,1,8
EEE,2013J,604378,1,North Region,HE Qualification,,0-35,0,30,0,Pass,13,1,1,0,0,1,1,0,1,1,0,0,0,1,0,5
EEE,2013J,604393,0,South Region,A Level or Equivalent,80-90%,0-35,0,60,0,Pass,16,0,0,0,1,1,0,0,0,1,1,1,0,1,0,10
EEE,2013J,604517,0,Scotland,Lower Than A Level,60-70%,0-35,0,60,0,Pass,14,1,1,0,0,1,1,0,0,0,0,0,0,1,1,5
EEE,2013J,604685,0,East Anglian Region,A Level or Equivalent,70-80%,35-55,0,60,0,Pass,7,1,0,0,1,0,0,1,1,0,0,1,1,1,0,3
EEE,2013J,604875,0,Wales,A Level or Equivalent,60-70%,35-55,0,30,0,Withdrawn,8,1,0,1,0,1,1,1,1,1,1,0,1,0,1,3
EEE,2013J,604906,0,South Region,Lower Than A Level,70-80%,0-35,0,60,0,Pass,9,1,0,0,0,1,1,0,0,0,0,1,0,1,1,4
EEE,2013J,605111,0,South East Region,Lower Than A Level,50-60%,0-35,0,60,0,Pass,5,0,0,0,1,1,0,1,1,0,0,1,1,0,1,9
EEE,2013J,605180,0,North Region,A Level or Equivalent,20-Oct,0-35,0,60,0,Withdrawn,9,1,0,1,0,1,0,1,0,1,0,0,1,0,0,4
EEE,2013J,605262,0,Scotland,A Level or Equivalent,70-80%,0-35,0,60,0,Withdrawn,7,1,0,0,1,0,1,0,1,1,1,0,1,1,0,3
EEE,2013J,605264,0,West Midlands Region,Lower Than A Level,40-50%,0-35,0,30,0,Pass,8,1,1,0,1,0,0,0,1,0,0,0,0,1,1,3
EEE,2013J,605361,0,London Region,Lower Than A Level,30-40%,0-35,0,60,0,Distinction,1,0,0,0,1,0,1,0,1,1,1,0,1,0,1,2
EEE,2013J,605480,0,North Region,Lower Than A Level,70-80%,0-35,0,60,0,Withdrawn,14,1,1,0,1,0,1,1,1,0,0,0,0,0,1,5
EEE,2013J,605545,0,South East Region,Post Graduate Qualification,40-50%,35-55,0,60,0,Withdrawn,3,1,0,0,0,0,0,1,1,0,1,0,1,0,1,8
EEE,2013J,605587,0,South Region,A Level or Equivalent,50-60%,0-35,0,60,0,Withdrawn,11,1,1,1,1,1,1,1,0,0,1,0,1,1,0,6
EEE,2013J,605908,0,North Western Region,A Level or Equivalent,90-100%,0-35,0,60,0,Withdrawn,8,1,0,1,1,1,0,0,1,0,0,1,1,1,1,3
EEE,2013J,605926,0,East Anglian Region,A Level or Equivalent,60-70%,0-35,0,60,0,Withdrawn,9,0,0,1,1,0,1,0,0,0,0,0,1,1,1,4
EEE,2013J,606047,1,South Region,A Level or Equivalent,70-80%,0-35,0,60,0,Distinction,3,1,0,1,0,0,1,0,0,0,1,1,0,0,0,8
EEE,2013J,606190,0,East Midlands Region,Lower Than A Level,30-40%,35-55,0,60,0,Withdrawn,4,0,1,0,0,1,1,0,1,1,0,1,0,0,1,8
EEE,2013J,606206,0,Scotland,A Level or Equivalent,50-60%,0-35,0,60,0,Distinction,1,0,1,1,1,0,0,0,0,0,0,1,1,1,1,2
EEE,2013J,606303,0,North Region,A Level or Equivalent,60-70%,0-35,0,60,0,Withdrawn,15,1,1,0,1,1,1,1,1,0,0,0,1,0,0,10
EEE,2013J,606373,0,South East Region,HE Qualification,90-100%,35-55,0,30,0,Pass,15,0,1,0,0,1,1,1,0,1,0,0,1,0,0,10
EEE,2013J,606606,0,Scotland,A Level or Equivalent,20-30%,0-35,0,30,0,Fail,10,0,1,0,0,0,0,1,1,1,1,0,0,1,1,1
EEE,2013J,606724,0,East Anglian Region,A Level or Equivalent,70-80%,0-35,0,60,0,Pass,4,1,1,0,1,0,0,0,0,0,1,0,0,1,1,8
EEE,2013J,606743,0,London Region,Lower Than A Level,20-30%,0-35,0,120,0,Pass,15,0,1,0,0,0,1,1,1,1,0,0,0,1,0,10
EEE,2013J,606918,0,South Region,A Level or Equivalent,,0-35,0,60,0,Distinction,6,0,1,1,0,1,0,1,1,0,0,0,1,1,0,9
EEE,2013J,607060,1,South Region,A Level or Equivalent,90-100%,0-35,0,60,0,Fail,10,0,1,0,1,1,1,1,1,1,1,0,1,1,1,1
EEE,2013J,607085,0,Scotland,A Level or Equivalent,40-50%,0-35,0,30,0,Pass,12,0,1,0,0,0,1,0,0,1,0,1,0,1,0,7
EEE,2013J,607143,0,Scotland,Lower Than A Level,60-70%,0-35,0,30,0,Pass,6,1,0,0,1,1,0,0,0,1,0,1,1,0,0,9
EEE,2013J,607178,0,East Anglian Region,HE Qualification,60-70%,0-35,0,60,0,Pass,5,0,1,0,0,0,0,1,0,0,1,1,1,0,1,9
EEE,2013J,607442,0,North Region,Lower Than A Level,20-Oct,0-35,0,60,0,Withdrawn,8,0,1,1,0,0,0,0,0,1,0,1,0,0,0,3
EEE,2013J,607600,0,South Region,Lower Than A Level,30-40%,0-35,0,30,0,Pass,8,1,0,0,0,0,0,0,0,0,0,1,0,0,0,3
EEE,2013J,607609,0,London Region,Lower Than A Level,20-Oct,0-35,0,90,0,Withdrawn,11,1,0,0,0,1,1,1,0,0,0,1,0,0,0,6
EEE,2013J,607636,0,Wales,A Level or Equivalent,60-70%,0-35,0,60,0,Pass,4,0,1,0,1,0,0,1,1,1,0,1,0,0,0,8
EEE,2013J,607814,1,East Midlands Region,A Level or Equivalent,60-70%,35-55,0,60,0,Fail,13,0,1,0,0,0,1,1,0,1,1,1,0,0,0,5
EEE,2013J,607835,0,South Region,A Level or Equivalent,80-90%,0-35,0,60,0,Pass,15,0,1,1,1,0,0,0,1,0,1,0,1,0,0,10
EEE,2013J,607883,0,North Western Region,Lower Than A Level,30-40%,35-55,0,60,0,Withdrawn,12,1,1,1,1,0,1,1,0,1,0,1,1,0,1,7
EEE,2013J,607947,0,North Western Region,A Level or Equivalent,70-80%,0-35,0,30,0,Distinction,5,0,0,1,0,0,1,1,0,0,0,0,1,1,1,9
EEE,2013J,608024,1,Ireland,HE Qualification,70-80%,0-35,0,120,0,Pass,2,0,0,1,1,0,1,1,0,1,0,0,0,0,0,2
EEE,2013J,608130,0,South West Region,Lower Than A Level,50-60%,35-55,0,60,0,Pass,16,1,1,0,0,1,0,0,0,1,0,1,0,1,0,10
EEE,2013J,608243,0,South Region,A Level or Equivalent,80-90%,0-35,0,60,0,Distinction,16,1,0,0,1,0,0,0,1,1,1,1,1,0,0,10
EEE,2013J,608459,0,North Region,Lower Than A Level,,0-35,0,90,0,Withdrawn,13,0,1,0,0,0,0,0,1,1,0,0,1,1,0,5
EEE,2013J,608472,0,North Western Region,Lower Than A Level,50-60%,0-35,0,60,0,Pass,2,0,0,1,1,1,0,0,1,0,1,1,1,1,1,2
EEE,2013J,608504,0,North Western Region,A Level or Equivalent,30-40%,0-35,0,60,0,Pass,5,0,1,1,1,1,0,0,1,1,1,1,1,0,0,9
EEE,2013J,608591,0,North Region,Lower Than A Level,20-30%,0-35,0,30,0,Withdrawn,4,0,1,0,1,0,0,1,1,0,1,0,1,1,1,8
EEE,2013J,608669,0,Scotland,A Level or Equivalent,60-70%,0-35,0,30,0,Fail,6,0,0,1,1,0,0,0,0,0,1,0,0,1,0,9
EEE,2013J,608744,0,North Region,A Level or Equivalent,,0-35,0,30,1,Pass,2,1,1,1,0,0,0,1,0,0,1,1,0,1,1,2
EEE,2013J,608884,0,East Anglian Region,Lower Than A Level,80-90%,0-35,0,60,0,Pass,15,1,0,1,1,1,0,1,1,1,0,0,1,1,0,10
EEE,2013J,608967,0,South Region,Lower Than A Level,20-30%,0-35,0,60,1,Fail,12,1,0,0,0,1,0,1,0,1,0,0,1,0,1,7
EEE,2013J,609025,0,London Region,Lower Than A Level,90-100%,35-55,0,60,0,Pass,16,1,0,1,0,1,1,1,1,0,0,1,1,1,1,10
EEE,2013J,609192,0,Scotland,Lower Than A Level,80-90%,0-35,0,60,0,Pass,2,0,1,0,1,1,1,1,0,1,0,0,0,0,0,2
EEE,2013J,609490,0,Yorkshire Region,Lower Than A Level,40-50%,0-35,0,30,0,Withdrawn,4,0,0,0,1,1,0,0,1,1,0,1,0,0,0,8
EEE,2013J,609527,0,South East Region,HE Qualification,70-80%,0-35,0,30,0,Distinction,11,0,0,0,0,0,0,0,1,1,0,0,1,1,1,6
EEE,2013J,609583,0,Wales,A Level or Equivalent,40-50%,0-35,0,90,0,Withdrawn,15,0,0,0,1,1,0,1,1,0,0,1,1,1,0,10
EEE,2013J,609682,0,North Western Region,HE Qualification,20-Oct,0-35,0,60,0,Pass,5,0,1,1,0,0,1,1,0,1,1,0,1,0,0,9
EEE,2013J,609748,0,South Region,Lower Than A Level,40-50%,0-35,0,30,0,Withdrawn,8,0,1,0,1,1,0,1,1,1,1,1,0,0,0,3
EEE,2013J,610025,0,Scotland,HE Qualification,80-90%,0-35,0,60,0,Pass,7,1,1,1,0,0,0,0,0,0,1,1,0,1,1,3
EEE,2013J,610143,0,South Region,A Level or Equivalent,40-50%,0-35,0,30,0,Fail,8,0,0,0,0,0,0,0,0,1,1,1,1,1,0,3
EEE,2013J,610158,0,East Anglian Region,Lower Than A Level,40-50%,0-35,0,60,0,Pass,7,1,0,0,0,1,0,0,1,0,1,0,0,1,1,3
EEE,2013J,610188,0,North Western Region,A Level or Equivalent,20-Oct,0-35,0,120,0,Pass,12,0,1,0,1,1,0,1,0,0,0,0,0,1,0,7
EEE,2013J,610453,0,Ireland,Lower Than A Level,,35-55,0,60,0,Pass,4,0,0,0,0,0,1,0,1,0,1,0,1,1,1,8
EEE,2013J,610503,0,West Midlands Region,A Level or Equivalent,20-30%,0-35,0,60,0,Pass,10,1,0,1,0,1,1,1,1,0,0,1,0,0,0,1
EEE,2013J,610549,0,North Western Region,A Level or Equivalent,50-60%,35-55,0,60,0,Pass,16,0,0,0,0,1,1,1,0,1,0,0,0,1,0,10
EEE,2013J,610575,0,West Midlands Region,HE Qualification,40-50%,0-35,0,60,0,Pass,3,1,0,0,0,0,0,0,1,1,1,1,1,0,1,8
EEE,2013J,610695,0,West Midlands Region,Lower Than A Level,20-30%,0-35,0,60,0,Withdrawn,16,1,0,0,0,0,0,1,1,1,1,0,1,1,1,10
EEE,2013J,610855,0,East Midlands Region,Lower Than A Level,50-60%,0-35,0,150,0,Pass,5,0,1,1,1,1,1,1,1,1,1,1,0,0,1,9
EEE,2013J,610873,0,East Midlands Region,Lower Than A Level,30-40%,0-35,0,60,0,Pass,12,0,1,1,1,1,1,0,1,0,0,0,1,1,0,7
EEE,2013J,610888,0,South West Region,Lower Than A Level,30-40%,0-35,0,30,0,Fail,12,0,0,0,1,1,0,0,1,0,1,0,1,0,1,7
EEE,2013J,610979,0,South Region,A Level or Equivalent,50-60%,0-35,0,30,0,Fail,4,0,1,1,0,1,1,1,0,1,0,1,0,0,0,8
EEE,2013J,611033,0,North Region,Post Graduate Qualification,,35-55,0,30,0,Distinction,10,1,1,0,1,0,0,0,1,0,1,1,1,0,0,1
EEE,2013J,611049,0,North Region,A Level or Equivalent,80-90%,0-35,0,60,0,Distinction,14,1,0,1,0,1,0,1,0,1,0,1,1,0,0,5
EEE,2013J,611062,0,South West Region,A Level or Equivalent,20-30%,0-35,0,60,0,Fail,16,1,0,1,1,0,1,0,0,1,0,1,1,1,1,10
EEE,2013J,611202,0,Scotland,A Level or Equivalent,90-100%,0-35,0,30,0,Distinction,5,1,1,0,0,1,1,0,0,1,1,1,0,0,0,9
EEE,2013J,611206,0,Wales,Lower Than A Level,20-Oct,0-35,0,30,0,Fail,15,0,0,1,0,0,0,0,0,1,1,0,1,0,1,10
EEE,2013J,611255,0,Ireland,A Level or Equivalent,,35-55,0,60,0,Pass,11,0,0,0,0,0,1,0,1,1,1,0,1,1,0,6
EEE,2013J,611344,0,South Region,Lower Than A Level,70-80%,35-55,0,60,0,Pass,11,1,0,1,0,0,1,0,1,1,1,1,0,1,1,6
EEE,2013J,611402,0,South Region,HE Qualification,70-80%,35-55,0,60,0,Pass,2,0,0,0,0,1,0,0,1,0,0,1,0,1,0,2
EEE,2013J,611405,0,West Midlands Region,Lower Than A Level,90-100%,0-35,0,60,0,Withdrawn,11,0,0,0,1,0,0,0,1,0,1,1,1,1,1,6
EEE,2013J,611561,1,Scotland,A Level or Equivalent,70-80%,0-35,0,30,0,Fail,1,0,1,1,0,0,0,1,0,1,1,0,0,1,0,2
EEE,2013J,611564,0,Scotland,A Level or Equivalent,40-50%,0-35,0,30,0,Pass,3,1,0,1,0,0,1,1,1,1,0,0,1,0,0,8
EEE,2013J,611565,1,Scotland,A Level or Equivalent,50-60%,0-35,0,30,1,Withdrawn,11,1,1,1,0,0,0,0,0,0,0,1,0,0,1,6
EEE,2013J,611639,1,Scotland,A Level or Equivalent,70-80%,0-35,0,30,0,Fail,15,1,1,0,0,1,1,1,0,1,0,0,1,0,0,10
EEE,2013J,612048,0,Scotland,A Level or Equivalent,70-80%,0-35,0,30,0,Pass,8,1,1,1,1,1,0,1,0,1,0,0,1,1,1,3
EEE,2013J,612177,0,Scotland,HE Qualification,70-80%,0-35,0,60,0,Distinction,9,0,0,1,1,0,0,0,0,1,1,1,0,1,0,4
EEE,2013J,612183,0,Scotland,A Level or Equivalent,80-90%,35-55,0,60,0,Distinction,9,0,1,1,0,0,1,0,1,1,0,1,1,1,1,4
EEE,2013J,612187,0,Scotland,HE Qualification,70-80%,0-35,0,60,0,Distinction,3,0,0,0,1,0,0,0,0,0,0,0,1,1,1,8
EEE,2013J,612191,0,Scotland,Lower Than A Level,20-Oct,35-55,0,30,0,Fail,11,0,0,1,1,1,0,0,0,0,0,1,0,0,1,6
EEE,2013J,612199,0,Scotland,HE Qualification,20-Oct,0-35,0,30,0,Withdrawn,8,1,1,0,0,1,0,1,0,0,0,0,0,1,1,3
EEE,2013J,943374,0,Scotland,Lower Than A Level,50-60%,55<=,0,30,0,Pass,11,1,0,0,0,0,1,0,1,0,0,0,0,0,0,6
EEE,2013J,965763,0,North Western Region,A Level or Equivalent,50-60%,35-55,0,90,0,Pass,12,0,0,0,0,1,0,0,1,0,1,1,1,0,1,7
EEE,2013J,991843,1,Scotland,A Level or Equivalent,80-90%,35-55,0,30,0,Distinction,10,1,1,0,1,1,0,0,0,1,0,0,1,0,0,1
EEE,2013J,1053702,0,Scotland,HE Qualification,60-70%,35-55,0,90,0,Distinction,8,1,0,0,0,0,1,1,0,1,1,1,0,0,0,3
EEE,2013J,1073766,0,East Midlands Region,HE Qualification,80-90%,35-55,0,60,0,Pass,12,0,1,1,1,1,0,0,0,0,1,0,1,0,0,7
EEE,2013J,1400592,0,Scotland,A Level or Equivalent,0-10%,35-55,0,90,0,Withdrawn,5,1,0,0,1,1,1,1,0,0,1,0,0,0,0,9
EEE,2013J,1487084,0,South East Region,HE Qualification,30-40%,35-55,0,180,0,Pass,7,0,0,0,1,0,0,0,1,0,0,0,0,0,1,3
EEE,2013J,1529371,0,North Region,HE Qualification,80-90%,35-55,0,60,0,Fail,1,1,0,1,1,0,1,0,0,1,1,0,1,0,1,2
EEE,2013J,1541906,0,West Midlands Region,Lower Than A Level,40-50%,35-55,0,60,0,Fail,1,1,1,0,0,1,1,1,0,0,0,1,1,0,1,2
EEE,2013J,1561750,1,Scotland,Lower Than A Level,0-10%,35-55,0,60,0,Pass,10,1,0,1,0,0,0,0,0,1,0,0,0,1,0,1
EEE,2013J,1567505,0,East Anglian Region,A Level or Equivalent,70-80%,35-55,0,120,0,Pass,5,1,0,1,1,0,1,1,0,0,1,1,1,1,1,9
EEE,2013J,1622944,0,Scotland,A Level or Equivalent,0-10%,35-55,0,30,1,Fail,13,0,1,1,0,1,1,1,1,0,1,0,1,0,0,5
EEE,2013J,1638548,0,Scotland,A Level or Equivalent,50-60%,35-55,0,130,0,Pass,2,1,1,1,0,1,1,0,1,1,0,0,0,1,0,2
EEE,2013J,1667346,0,Yorkshire Region,HE Qualification,60-70%,35-55,0,150,0,Pass,10,0,1,0,1,0,0,1,0,1,1,0,1,0,1,1
EEE,2013J,1725109,0,Wales,HE Qualification,50-60%,35-55,0,90,0,Distinction,6,1,0,0,1,0,1,1,1,0,0,0,0,0,1,9
EEE,2013J,1762336,0,East Midlands Region,A Level or Equivalent,30-40%,35-55,0,90,0,Fail,12,1,1,1,0,0,0,0,1,0,0,1,1,0,1,7
EEE,2013J,1781834,0,Ireland,HE Qualification,30-40%,35-55,0,115,0,Pass,16,1,0,0,0,1,0,1,0,0,0,0,1,1,1,10
EEE,2013J,1837015,0,London Region,Lower Than A Level,30-40%,35-55,0,30,0,Fail,9,0,1,1,1,0,0,1,1,1,0,1,1,1,1,4
EEE,2013J,1850818,0,South West Region,A Level or Equivalent,30-40%,35-55,0,30,0,Pass,6,0,1,0,0,1,1,0,1,1,0,1,1,1,0,9
EEE,2013J,1861793,0,South Region,Lower Than A Level,70-80%,35-55,0,30,0,Distinction,4,1,1,0,0,1,1,0,1,1,0,1,0,0,0,8
EEE,2013J,1896088,0,West Midlands Region,A Level or Equivalent,30-40%,35-55,0,60,0,Withdrawn,13,0,0,1,0,0,0,1,1,0,0,1,1,1,0,5
EEE,2013J,1902240,0,South Region,A Level or Equivalent,60-70%,0-35,0,60,0,Distinction,6,1,0,0,1,0,1,0,0,1,0,1,0,0,1,9
EEE,2013J,1915408,0,Scotland,HE Qualification,50-60%,35-55,0,30,1,Pass,6,1,0,1,1,0,1,1,0,0,0,0,0,1,0,9
EEE,2013J,1924641,0,Scotland,HE Qualification,60-70%,35-55,0,120,0,Pass,1,1,1,1,0,0,1,0,1,1,1,0,0,1,0,2
EEE,2013J,1930644,0,Scotland,Lower Than A Level,50-60%,35-55,0,90,0,Pass,11,0,1,1,1,1,1,0,0,1,0,1,1,0,1,6
EEE,2013J,1951925,0,Yorkshire Region,A Level or Equivalent,20-Oct,0-35,0,60,0,Fail,8,0,0,1,0,1,1,1,0,1,0,1,0,1,0,3
EEE,2013J,1954230,0,North Western Region,A Level or Equivalent,0-10%,35-55,0,30,0,Pass,5,1,1,0,1,0,0,0,1,0,0,0,0,0,0,9
EEE,2013J,1976350,0,Wales,A Level or Equivalent,70-80%,35-55,0,30,0,Pass,8,1,1,0,1,1,1,1,0,0,0,0,1,0,0,3
EEE,2013J,1991903,1,Yorkshire Region,A Level or Equivalent,20-Oct,0-35,0,30,0,Pass,10,1,0,1,0,0,0,0,0,1,1,0,0,1,1,1
EEE,2013J,1993955,0,Ireland,HE Qualification,,35-55,0,60,0,Pass,4,0,1,0,1,1,0,1,0,0,0,0,1,0,0,8
EEE,2013J,1994610,1,North Region,HE Qualification,,35-55,0,30,0,Withdrawn,11,1,1,0,1,1,1,1,0,1,1,0,0,0,0,6
EEE,2013J,1995239,0,North Region,Lower Than A Level,,35-55,0,60,0,Fail,7,0,0,0,0,0,1,1,1,0,0,1,0,0,1,3
EEE,2013J,1995532,0,Ireland,Post Graduate Qualification,,35-55,0,60,0,Distinction,6,1,1,1,0,0,1,0,0,0,1,0,1,1,0,9
EEE,2013J,2028474,0,South Region,A Level or Equivalent,40-50%,35-55,0,165,0,Fail,5,1,0,0,0,1,0,0,0,0,0,0,1,0,0,9
EEE,2013J,2033951,0,West Midlands Region,A Level or Equivalent,20-30%,35-55,0,30,0,Distinction,8,1,1,0,0,0,0,0,0,0,1,1,0,1,1,3
EEE,2013J,2046324,1,Scotland,HE Qualification,30-40%,35-55,0,30,0,Fail,14,0,0,1,1,0,1,0,0,1,1,1,0,1,1,5
EEE,2013J,2056643,0,Scotland,A Level or Equivalent,80-90%,0-35,0,60,1,Pass,1,0,0,1,1,0,0,0,1,0,1,0,1,0,1,2
EEE,2013J,2080916,0,Scotland,HE Qualification,,35-55,0,90,0,Withdrawn,9,1,1,0,0,1,1,0,1,1,1,1,0,1,1,4
EEE,2013J,2094849,0,East Midlands Region,A Level or Equivalent,80-90%,35-55,0,60,0,Withdrawn,11,0,1,1,1,1,1,0,1,0,0,0,0,1,0,6
EEE,2013J,2109119,0,East Anglian Region,HE Qualification,40-50%,35-55,0,60,0,Distinction,12,1,1,1,0,1,1,0,0,1,0,1,1,1,0,7
EEE,2013J,2115680,0,North Western Region,Lower Than A Level,0-10%,35-55,0,60,0,Withdrawn,9,1,0,1,1,0,1,1,1,1,1,0,1,0,1,4
EEE,2013J,2128283,0,South East Region,HE Qualification,50-60%,35-55,0,90,0,Withdrawn,9,0,0,1,1,1,1,0,0,1,1,1,1,1,0,4
EEE,2013J,2134237,0,North Region,HE Qualification,,35-55,0,90,0,Pass,3,0,0,0,1,1,0,1,1,1,0,1,1,1,0,8
EEE,2013J,2134304,0,Scotland,Lower Than A Level,70-80%,35-55,0,60,0,Pass,10,1,0,1,1,0,0,0,1,0,1,0,0,0,0,1
EEE,2013J,2137413,0,North Western Region,Lower Than A Level,20-30%,35-55,0,30,0,Fail,9,0,0,1,1,0,1,0,1,0,0,1,1,1,1,4
EEE,2013J,2138146,0,Wales,Lower Than A Level,90-100%,35-55,0,30,0,Pass,5,0,0,1,1,1,0,1,0,0,1,1,0,1,1,9
EEE,2013J,2171834,0,Scotland,HE Qualification,70-80%,35-55,0,120,0,Pass,4,1,1,0,1,0,0,1,1,1,1,1,1,0,0,8
EEE,2013J,2187588,0,Ireland,A Level or Equivalent,70-80%,35-55,0,60,0,Withdrawn,3,1,0,1,0,0,0,1,0,1,0,1,1,1,1,8
EEE,2013J,2198356,0,London Region,Lower Than A Level,30-40%,35-55,0,60,0,Withdrawn,5,0,1,1,1,0,0,0,1,1,0,0,1,1,0,9
EEE,2013J,2199455,0,South Region,A Level or Equivalent,20-Oct,0-35,0,30,0,Pass,3,1,1,1,0,0,0,0,1,1,1,1,0,0,1,8
EEE,2013J,2252437,0,North Western Region,Lower Than A Level,0-10%,35-55,0,60,0,Pass,4,1,1,0,1,1,0,0,0,0,0,0,0,1,1,8
EEE,2013J,2255516,0,West Midlands Region,Lower Than A Level,20-Oct,35-55,0,95,0,Distinction,15,0,0,0,1,1,0,0,1,1,0,0,0,0,1,10
EEE,2013J,2274938,0,East Anglian Region,HE Qualification,40-50%,0-35,0,30,0,Fail,16,0,1,1,0,1,1,0,1,1,0,0,1,0,0,10
EEE,2013J,2326597,1,London Region,A Level or Equivalent,20-Oct,0-35,0,90,1,Pass,8,1,1,1,0,1,0,0,0,1,1,0,1,1,1,3
EEE,2013J,2331750,0,Scotland,Lower Than A Level,50-60%,0-35,0,30,0,Pass,9,0,0,0,1,1,0,1,1,1,0,1,1,1,1,4
EEE,2013J,2384615,0,Scotland,A Level or Equivalent,90-100%,0-35,0,150,0,Withdrawn,7,1,1,0,1,0,1,1,0,1,1,0,0,1,0,3
EEE,2013J,2389754,0,North Region,HE Qualification,,35-55,0,60,0,Pass,13,1,1,0,1,1,0,1,0,1,0,1,1,1,1,5
EEE,2013J,2408307,0,South West Region,A Level or Equivalent,90-100%,0-35,0,90,0,Distinction,4,0,1,0,1,1,1,1,0,1,1,1,0,0,1,8
EEE,2013J,2418732,1,North Region,HE Qualification,,35-55,0,60,0,Distinction,15,0,0,0,0,0,0,1,0,0,0,0,1,1,1,10
EEE,2013J,2435050,1,North Western Region,Lower Than A Level,0-10%,0-35,0,90,1,Withdrawn,12,1,1,1,0,0,1,0,0,1,1,1,1,1,1,7
EEE,2013J,2435726,1,Scotland,HE Qualification,40-50%,0-35,0,60,0,Pass,16,0,0,0,1,1,1,1,1,0,0,0,0,1,0,10
EEE,2013J,2451726,1,North Region,Lower Than A Level,20-30%,0-35,0,60,0,Pass,1,0,0,1,0,0,1,1,1,1,1,1,1,1,1,2
EEE,2013J,2474006,0,Ireland,HE Qualification,,35-55,0,150,0,Pass,14,1,0,1,0,1,0,1,0,1,1,1,1,1,0,5
EEE,2013J,2474995,0,North Region,HE Qualification,,35-55,0,30,0,Pass,12,1,0,1,0,1,1,0,1,1,1,1,1,1,0,7
EEE,2013J,2485655,0,East Anglian Region,HE Qualification,20-30%,0-35,0,30,0,Distinction,8,0,0,1,0,0,1,0,0,0,1,0,1,1,0,3
EEE,2013J,2487990,0,North Region,Post Graduate Qualification,,0-35,0,90,0,Pass,10,1,0,0,0,0,1,0,0,0,1,1,1,1,1,1
EEE,2013J,2505299,0,Scotland,A Level or Equivalent,30-40%,0-35,0,60,0,Pass,1,0,1,1,0,1,1,0,1,1,1,1,0,0,1,2
EEE,2013J,2513333,0,East Anglian Region,A Level or Equivalent,80-90%,0-35,0,60,0,Fail,11,0,0,0,0,0,1,1,1,1,0,1,0,0,1,6
EEE,2013J,2518880,0,Scotland,HE Qualification,20-Oct,35-55,0,60,0,Fail,8,0,0,1,1,1,0,1,1,0,1,0,1,1,0,3
EEE,2013J,2537898,0,South Region,Lower Than A Level,90-100%,35-55,0,30,0,Pass,2,0,1,0,0,1,1,1,0,1,1,0,1,0,1,2
EEE,2013J,2541992,0,Wales,Lower Than A Level,30-40%,0-35,0,60,0,Withdrawn,15,0,0,1,0,1,0,0,0,1,1,1,0,1,0,10
EEE,2013J,2542645,0,South West Region,A Level or Equivalent,20-30%,0-35,0,30,0,Fail,9,0,0,1,1,1,0,0,1,1,1,1,1,0,0,4
EEE,2013J,2562704,0,Scotland,A Level or Equivalent,80-90%,35-55,0,30,0,Withdrawn,16,0,1,0,1,1,1,0,0,0,1,1,0,0,1,10
EEE,2013J,2564333,0,North Western Region,A Level or Equivalent,0-10%,35-55,0,60,1,Pass,7,1,0,0,0,0,0,1,0,1,1,1,1,1,1,3
EEE,2013J,2569834,1,East Anglian Region,A Level or Equivalent,80-90%,35-55,0,60,0,Pass,16,0,0,1,1,0,1,1,1,1,1,0,0,1,0,10
EEE,2013J,2574909,0,Wales,HE Qualification,30-40%,35-55,0,90,0,Pass,4,0,0,0,1,0,1,1,1,0,0,0,1,1,1,8
EEE,2013J,2588201,0,South Region,Lower Than A Level,30-40%,0-35,0,60,0,Pass,14,1,0,1,1,0,0,1,0,1,0,0,0,0,0,5
EEE,2013J,2590189,0,Wales,HE Qualification,80-90%,35-55,0,30,0,Pass,9,1,0,1,0,0,0,1,0,1,1,1,1,0,0,4
EEE,2013J,2598509,0,London Region,Lower Than A Level,30-40%,0-35,0,60,0,Pass,3,0,1,1,0,0,1,1,0,1,0,1,0,1,0,8
EEE,2013J,2598961,0,East Anglian Region,HE Qualification,20-30%,0-35,0,30,0,Distinction,4,1,1,0,1,0,0,0,1,0,0,1,1,1,0,8
EEE,2013J,2604856,0,South Region,Lower Than A Level,50-60%,35-55,0,90,0,Fail,14,0,1,0,0,1,1,0,1,0,1,0,0,0,0,5
EEE,2013J,2607824,0,West Midlands Region,Lower Than A Level,60-70%,35-55,0,60,0,Pass,9,0,0,1,0,1,1,0,0,0,0,0,1,0,0,4
EEE,2013J,2608828,0,South East Region,HE Qualification,50-60%,35-55,0,55,0,Pass,2,1,0,1,0,1,0,0,1,1,1,0,0,1,0,2
EEE,2013J,2610857,0,Yorkshire Region,Lower Than A Level,0-10%,35-55,0,120,0,Withdrawn,16,0,0,1,0,1,0,0,0,0,1,0,0,1,0,10
EEE,2013J,2614546,0,Yorkshire Region,HE Qualification,0-10%,35-55,0,30,0,Withdrawn,10,1,1,1,1,1,1,1,1,1,0,1,0,1,1,1
EEE,2013J,2615849,0,South Region,Lower Than A Level,50-60%,0-35,0,90,0,Pass,13,0,0,1,0,1,1,0,0,0,0,1,0,0,1,5
EEE,2013J,2616950,0,North Region,A Level or Equivalent,40-50%,0-35,0,60,0,Pass,9,1,1,0,0,0,1,1,0,1,1,0,0,1,0,4
EEE,2013J,2617635,0,West Midlands Region,A Level or Equivalent,0-10%,0-35,0,60,0,Pass,1,0,0,0,1,0,0,1,1,1,1,1,1,1,1,2
EEE,2013J,2619025,0,West Midlands Region,A Level or Equivalent,20-30%,0-35,0,90,1,Distinction,9,1,1,0,0,1,0,0,0,0,1,1,1,0,0,4
EEE,2013J,2623263,0,South Region,A Level or Equivalent,50-60%,0-35,0,60,0,Distinction,15,1,1,1,1,0,1,0,1,0,1,1,1,1,1,10
EEE,2013J,2623960,0,Scotland,HE Qualification,50-60%,35-55,0,120,0,Withdrawn,10,1,0,0,0,0,1,1,1,1,0,0,1,1,1,1
EEE,2013J,2625693,0,North Region,A Level or Equivalent,50-60%,0-35,0,60,0,Pass,8,1,0,0,1,0,0,0,0,1,0,1,1,1,0,3
EEE,2013J,2634238,0,Yorkshire Region,Lower Than A Level,30-40%,0-35,0,60,0,Fail,8,1,0,0,1,1,0,1,1,1,0,0,1,0,1,3
EEE,2013J,2641254,0,East Anglian Region,Lower Than A Level,90-100%,0-35,0,60,0,Pass,16,0,0,1,1,1,0,0,0,0,0,0,0,0,0,10
EEE,2013J,2641364,0,East Midlands Region,A Level or Equivalent,20-30%,35-55,0,60,0,Pass,10,0,1,1,0,0,0,0,1,0,1,1,0,0,0,1
EEE,2013J,2657915,0,Yorkshire Region,Lower Than A Level,50-60%,35-55,0,60,0,Distinction,1,0,0,1,1,0,1,1,1,0,1,1,1,1,0,2
EEE,2013J,2670012,0,North Region,A Level or Equivalent,20-Oct,0-35,0,90,0,Withdrawn,2,0,1,0,1,0,1,0,1,1,0,1,1,0,1,2
EEE,2013J,2681277,0,London Region,HE Qualification,30-40%,35-55,0,170,0,Withdrawn,13,0,0,1,0,1,1,0,0,0,1,0,0,1,0,5
EEE,2013J,2698535,0,Wales,Lower Than A Level,50-60%,0-35,0,60,0,Pass,6,0,0,0,1,1,0,1,0,1,0,1,1,0,1,9
EEE,2014B,25150,0,North Western Region,HE Qualification,90-100%,0-35,0,60,0,Pass,5,1,1,1,0,0,0,1,0,0,1,1,1,1,1,9
EEE,2014B,27780,0,Wales,A Level or Equivalent,20-Oct,0-35,0,150,0,Pass,1,0,0,0,0,0,0,1,0,0,0,0,0,0,0,2
EEE,2014B,29639,0,North Region,Lower Than A Level,,0-35,0,30,0,Pass,13,0,0,0,0,1,0,1,0,1,1,0,1,1,1,5
EEE,2014B,29820,0,East Anglian Region,HE Qualification,40-50%,0-35,0,60,0,Pass,16,1,1,0,0,1,1,0,1,1,0,0,0,0,1,10
EEE,2014B,35340,0,South Region,A Level or Equivalent,50-60%,0-35,0,60,0,Pass,3,1,1,1,1,0,1,1,1,1,1,0,0,1,0,8
EEE,2014B,35508,0,South West Region,A Level or Equivalent,90-100%,0-35,0,30,0,Distinction,16,1,1,0,0,0,1,0,0,1,1,0,0,0,0,10
EEE,2014B,64296,0,Scotland,HE Qualification,20-30%,0-35,0,60,0,Fail,12,0,1,0,0,0,1,0,0,1,0,1,0,0,1,7
EEE,2014B,69239,1,East Midlands Region,Lower Than A Level,50-60%,0-35,0,90,1,Withdrawn,16,1,0,0,0,1,0,1,1,0,0,1,1,1,0,10
EEE,2014B,70537,0,London Region,Lower Than A Level,20-Oct,35-55,0,120,0,Pass,1,1,0,1,0,0,1,0,1,1,1,1,0,0,0,2
EEE,2014B,83219,1,West Midlands Region,A Level or Equivalent,0-10%,0-35,0,60,0,Pass,1,1,0,0,0,1,0,0,0,0,0,0,1,1,0,2
EEE,2014B,97486,0,North Western Region,HE Qualification,70-80%,35-55,0,60,0,Withdrawn,9,0,0,0,0,0,0,0,1,0,1,1,0,1,0,4
EEE,2014B,121574,1,East Anglian Region,A Level or Equivalent,20-Oct,0-35,0,30,0,Fail,16,1,0,0,1,1,0,0,0,0,1,1,1,0,0,10
EEE,2014B,128971,0,East Midlands Region,HE Qualification,80-90%,0-35,0,30,0,Pass,10,0,1,0,1,0,1,1,0,1,1,1,0,0,0,1
EEE,2014B,135330,0,Scotland,HE Qualification,90-100%,35-55,0,60,0,Fail,1,0,1,1,0,1,0,1,1,0,0,0,1,0,1,2
EEE,2014B,144745,1,London Region,HE Qualification,20-30%,0-35,0,30,1,Pass,6,1,0,1,1,0,0,0,1,1,0,1,0,0,1,9
EEE,2014B,148282,0,North Western Region,HE Qualification,80-90%,0-35,0,30,0,Fail,5,0,0,0,0,0,1,1,0,1,0,1,0,1,0,9
EEE,2014B,156594,0,South Region,Post Graduate Qualification,90-100%,55<=,0,30,0,Pass,12,0,1,0,0,1,0,0,0,1,1,1,0,0,1,7
EEE,2014B,158831,0,London Region,A Level or Equivalent,40-50%,0-35,0,60,0,Pass,16,0,1,1,0,1,0,1,1,0,0,1,0,1,1,10
EEE,2014B,165376,1,London Region,A Level or Equivalent,60-70%,0-35,0,120,0,Pass,16,0,0,0,0,0,1,1,1,1,0,1,0,1,0,10
EEE,2014B,167791,0,North Western Region,A Level or Equivalent,20-30%,35-55,0,60,0,Distinction,14,0,1,1,0,0,1,1,1,0,0,0,1,0,1,5
EEE,2014B,170936,0,North Western Region,HE Qualification,20-Oct,35-55,0,60,0,Pass,14,0,0,1,1,1,1,0,1,1,0,0,0,0,0,5
EEE,2014B,171334,0,South West Region,A Level or Equivalent,30-40%,35-55,0,60,0,Withdrawn,13,0,0,1,0,0,0,1,1,1,1,0,0,1,1,5
EEE,2014B,174512,0,West Midlands Region,Lower Than A Level,90-100%,0-35,0,60,0,Withdrawn,11,0,0,0,1,1,1,1,0,1,0,0,0,1,1,6
EEE,2014B,182400,0,North Region,HE Qualification,,35-55,0,30,0,Fail,10,0,0,0,1,0,0,0,0,1,1,1,0,0,1,1
EEE,2014B,185057,0,Ireland,HE Qualification,,0-35,0,30,0,Pass,12,1,0,1,1,1,0,0,0,0,0,1,1,0,1,7
EEE,2014B,186476,0,North Western Region,A Level or Equivalent,90-100%,0-35,0,30,0,Pass,16,1,1,0,0,1,1,0,1,1,1,0,1,0,0,10
EEE,2014B,188260,0,Wales,A Level or Equivalent,40-50%,0-35,0,120,0,Pass,9,1,0,0,1,0,1,0,0,0,0,0,0,1,0,4
EEE,2014B,188662,0,Scotland,HE Qualification,80-90%,0-35,0,30,0,Pass,3,0,1,1,1,0,1,1,0,0,1,1,1,0,1,8
EEE,2014B,193163,0,Scotland,HE Qualification,70-80%,35-55,0,90,0,Fail,9,0,1,0,1,1,0,0,0,1,1,1,1,1,0,4
EEE,2014B,197730,0,Scotland,HE Qualification,90-100%,35-55,1,100,0,Pass,15,1,1,0,1,1,0,1,0,0,0,0,1,0,1,10
EEE,2014B,198902,0,London Region,Lower Than A Level,0-10%,0-35,0,60,0,Fail,6,1,0,0,1,0,1,1,0,1,1,1,1,0,1,9
EEE,2014B,231019,0,South West Region,Lower Than A Level,50-60%,0-35,0,30,0,Fail,8,1,0,0,1,0,0,1,0,0,0,0,1,1,0,3
EEE,2014B,231339,1,Scotland,Post Graduate Qualification,80-90%,0-35,0,60,0,Distinction,2,0,0,0,1,0,1,1,1,1,0,0,0,0,0,2
EEE,2014B,234559,0,Scotland,HE Qualification,60-70%,35-55,0,60,0,Pass,10,1,1,1,1,1,0,0,0,0,0,0,1,1,1,1
EEE,2014B,237934,0,Scotland,HE Qualification,80-90%,0-35,0,60,0,Fail,14,0,0,1,0,0,0,1,1,0,1,0,1,0,0,5
EEE,2014B,244166,0,West Midlands Region,A Level or Equivalent,20-30%,0-35,0,30,0,Fail,6,0,0,0,0,0,1,1,1,0,0,0,1,0,0,9
EEE,2014B,244977,0,East Anglian Region,A Level or Equivalent,50-60%,0-35,0,60,0,Distinction,4,1,1,0,0,1,1,1,1,0,0,1,1,1,1,8
EEE,2014B,247819,0,South East Region,Lower Than A Level,30-40%,0-35,0,60,0,Pass,15,1,1,0,0,0,0,0,1,0,1,0,0,1,0,10
EEE,2014B,248818,0,South West Region,Lower Than A Level,60-70%,0-35,0,30,0,Pass,14,0,0,0,0,0,0,0,0,1,1,0,0,1,1,5
EEE,2014B,250092,0,North Western Region,A Level or Equivalent,40-50%,0-35,0,60,0,Fail,2,1,0,0,1,1,0,1,1,0,1,1,0,1,1,2
EEE,2014B,256867,0,Yorkshire Region,A Level or Equivalent,80-90%,35-55,0,30,0,Distinction,6,1,1,1,1,1,0,1,0,0,0,0,0,1,0,9
EEE,2014B,261042,0,London Region,Lower Than A Level,60-70%,0-35,1,120,0,Fail,11,1,1,0,1,1,0,0,0,0,1,1,0,1,0,6
EEE,2014B,266040,0,East Anglian Region,A Level or Equivalent,20-30%,0-35,0,60,0,Withdrawn,16,0,1,1,1,1,1,1,0,0,0,0,0,0,0,10
EEE,2014B,267961,0,Scotland,Lower Than A Level,90-100%,0-35,1,60,0,Fail,10,0,0,0,1,0,1,0,0,1,0,0,0,0,1,1
EEE,2014B,272103,0,Scotland,A Level or Equivalent,30-40%,35-55,0,90,1,Fail,2,0,0,1,1,0,1,0,0,0,0,1,1,0,1,2
EEE,2014B,274218,0,London Region,Lower Than A Level,40-50%,0-35,0,40,0,Pass,2,1,1,0,1,0,0,0,0,0,0,0,1,0,0,2
EEE,2014B,278786,0,Scotland,Lower Than A Level,40-50%,35-55,1,135,0,Fail,2,1,0,1,1,1,1,1,0,0,1,1,1,1,1,2
EEE,2014B,285170,0,London Region,A Level or Equivalent,20-Oct,35-55,0,60,0,Pass,13,0,1,1,1,1,0,0,1,1,0,1,1,0,0,5
EEE,2014B,289397,0,South East Region,A Level or Equivalent,60-70%,0-35,0,60,1,Pass,8,0,0,1,1,1,1,1,1,1,1,1,1,0,0,3
EEE,2014B,291674,1,West Midlands Region,A Level or Equivalent,20-Oct,0-35,1,60,0,Distinction,15,0,0,1,1,0,0,0,0,1,0,0,1,1,0,10
EEE,2014B,293670,0,South Region,A Level or Equivalent,40-50%,35-55,0,30,0,Withdrawn,5,0,1,1,0,1,1,0,0,0,0,1,0,0,0,9
EEE,2014B,293686,0,South West Region,A Level or Equivalent,30-40%,0-35,0,30,0,Distinction,6,0,0,1,0,0,1,1,0,0,0,1,1,1,1,9
EEE,2014B,294578,0,London Region,HE Qualification,20-30%,0-35,0,60,0,Withdrawn,6,1,1,0,1,1,1,0,1,0,0,0,0,1,0,9
EEE,2014B,303774,0,Scotland,Lower Than A Level,20-30%,0-35,0,30,0,Withdrawn,10,0,1,1,0,1,1,1,1,0,0,1,1,1,1,1
EEE,2014B,308391,0,West Midlands Region,A Level or Equivalent,30-40%,0-35,0,60,0,Withdrawn,16,1,0,1,0,0,1,1,0,1,0,1,1,0,1,10
EEE,2014B,321112,0,North Region,A Level or Equivalent,0-10%,0-35,0,60,0,Withdrawn,16,1,0,0,0,1,1,0,1,0,0,0,1,0,1,10
EEE,2014B,324257,0,London Region,A Level or Equivalent,0-10%,0-35,0,60,0,Pass,7,0,0,1,1,1,1,0,0,1,1,0,1,0,0,3
EEE,2014B,329455,0,London Region,Post Graduate Qualification,20-30%,35-55,0,30,0,Distinction,13,0,0,1,1,0,0,1,0,1,0,0,0,0,0,5
EEE,2014B,335355,0,South Region,A Level or Equivalent,80-90%,0-35,0,60,0,Pass,3,1,0,0,0,0,0,1,0,1,1,0,0,1,0,8
EEE,2014B,338854,0,Wales,HE Qualification,40-50%,35-55,0,150,0,Pass,9,0,1,1,1,1,1,1,1,0,1,0,0,0,0,4
EEE,2014B,339353,0,East Midlands Region,A Level or Equivalent,70-80%,0-35,1,120,0,Withdrawn,9,1,1,1,1,0,1,0,0,1,1,0,1,0,0,4
EEE,2014B,342957,0,Scotland,Lower Than A Level,80-90%,0-35,0,60,0,Pass,4,0,0,0,0,1,1,0,1,1,0,0,0,1,0,8
EEE,2014B,349069,0,South West Region,Lower Than A Level,0-10%,0-35,0,60,0,Fail,7,0,0,1,1,0,1,1,1,0,0,1,1,0,0,3
EEE,2014B,350690,1,South East Region,Lower Than A Level,20-30%,0-35,0,150,0,Fail,1,0,1,1,1,0,0,0,0,1,1,0,0,0,1,2
EEE,2014B,353368,0,North Western Region,A Level or Equivalent,20-Oct,0-35,1,60,0,Fail,2,1,0,0,1,0,1,0,0,1,1,0,1,1,0,2
EEE,2014B,353953,0,South East Region,A Level or Equivalent,90-100%,0-35,0,30,0,Pass,12,0,0,1,1,1,1,1,0,1,1,1,1,1,1,7
EEE,2014B,359460,1,South East Region,A Level or Equivalent,60-70%,0-35,0,90,1,Withdrawn,13,1,0,1,1,0,1,1,0,1,0,0,0,0,1,5
EEE,2014B,359728,0,London Region,Lower Than A Level,20-30%,0-35,0,60,0,Withdrawn,11,0,0,0,0,1,0,1,0,1,0,1,1,1,0,6
EEE,2014B,366424,1,South Region,HE Qualification,20-30%,0-35,0,135,0,Pass,3,0,1,1,0,1,1,0,0,1,1,1,0,1,1,8
EEE,2014B,368306,0,East Midlands Region,A Level or Equivalent,70-80%,0-35,0,130,0,Pass,7,1,0,0,0,0,1,0,0,1,1,0,0,1,0,3
EEE,2014B,371113,0,East Anglian Region,Lower Than A Level,50-60%,0-35,0,60,1,Withdrawn,2,1,1,1,0,0,0,1,1,0,0,1,0,1,0,2
EEE,2014B,372812,0,South East Region,A Level or Equivalent,20-30%,0-35,0,60,0,Withdrawn,8,1,0,1,0,1,0,0,1,1,0,0,0,0,1,3
EEE,2014B,380921,0,East Anglian Region,HE Qualification,60-70%,0-35,0,30,0,Pass,2,0,1,1,1,0,0,0,0,1,1,1,1,0,1,2
EEE,2014B,382432,0,South West Region,Lower Than A Level,0-10%,35-55,0,60,0,Withdrawn,3,0,0,0,0,0,0,1,0,1,1,0,1,0,0,8
EEE,2014B,382910,0,East Anglian Region,HE Qualification,90-100%,0-35,0,90,0,Pass,2,1,0,0,1,1,1,1,1,0,1,0,1,1,0,2
EEE,2014B,383239,0,Wales,Lower Than A Level,80-90%,0-35,0,30,0,Pass,6,0,0,1,1,0,0,1,1,0,0,0,0,1,0,9
EEE,2014B,389267,0,North Western Region,A Level or Equivalent,30-40%,0-35,0,30,0,Pass,12,0,1,0,1,1,1,1,0,0,0,1,1,0,1,7
EEE,2014B,393488,0,London Region,No Formal quals,20-30%,0-35,0,120,0,Pass,16,1,1,0,1,1,1,0,1,0,0,0,0,0,1,10
EEE,2014B,404239,0,Scotland,A Level or Equivalent,40-50%,0-35,0,60,1,Fail,6,0,1,0,0,1,1,1,0,0,0,0,0,0,0,9
EEE,2014B,407428,0,West Midlands Region,Lower Than A Level,30-40%,0-35,0,60,0,Fail,1,0,0,1,1,1,0,0,1,0,1,0,1,1,0,2
EEE,2014B,410810,1,South Region,Lower Than A Level,90-100%,0-35,0,100,0,Pass,13,1,0,0,1,0,1,0,1,0,1,0,1,0,0,5
EEE,2014B,411381,0,East Anglian Region,A Level or Equivalent,80-90%,0-35,1,90,0,Fail,3,0,0,0,0,1,1,0,1,0,0,1,0,1,1,8
EEE,2014B,413891,0,Wales,A Level or Equivalent,0-10%,0-35,0,30,0,Fail,2,0,1,1,0,0,1,1,0,1,0,1,1,1,1,2
EEE,2014B,416689,1,Scotland,A Level or Equivalent,70-80%,0-35,0,120,0,Withdrawn,10,0,1,0,0,1,1,1,1,1,0,1,0,1,1,1
EEE,2014B,417547,0,South Region,Lower Than A Level,90-100%,0-35,0,30,0,Pass,2,0,0,0,1,0,1,0,0,0,0,1,1,1,1,2
EEE,2014B,420333,1,South East Region,Lower Than A Level,80-90%,35-55,0,30,0,Pass,4,1,0,1,0,0,0,1,1,1,0,1,1,0,0,8
EEE,2014B,421111,0,East Midlands Region,Lower Than A Level,40-50%,0-35,0,60,0,Pass,12,0,1,1,0,1,1,0,1,1,0,1,0,1,1,7
EEE,2014B,422341,0,East Midlands Region,Lower Than A Level,80-90%,0-35,0,60,0,Withdrawn,2,0,1,1,0,0,1,0,1,0,1,0,1,0,1,2
EEE,2014B,424978,0,Wales,Lower Than A Level,60-70%,0-35,0,30,0,Pass,4,1,1,0,0,0,1,0,1,1,0,1,0,1,1,8
EEE,2014B,426316,0,Scotland,HE Qualification,40-50%,0-35,0,60,0,Pass,10,1,0,1,1,0,1,1,0,1,0,1,1,0,1,1
EEE,2014B,426616,1,Scotland,HE Qualification,90-100%,0-35,0,60,1,Pass,15,1,1,0,0,1,1,0,0,1,0,1,0,0,0,10
EEE,2014B,431386,0,East Anglian Region,A Level or Equivalent,90-100%,0-35,0,60,0,Fail,8,1,0,0,1,0,1,1,0,1,0,1,0,1,1,3
EEE,2014B,437971,0,Scotland,A Level or Equivalent,80-90%,0-35,0,30,0,Withdrawn,3,0,0,1,1,0,1,0,0,0,0,1,0,1,0,8
EEE,2014B,441852,0,South West Region,A Level or Equivalent,70-80%,0-35,1,60,0,Pass,6,1,0,0,1,1,1,1,1,0,0,0,1,0,1,9
EEE,2014B,443948,0,London Region,Lower Than A Level,50-60%,35-55,0,60,0,Pass,4,1,1,0,1,0,1,0,1,0,0,0,1,0,0,8
EEE,2014B,444197,0,South Region,A Level or Equivalent,90-100%,0-35,0,30,0,Pass,16,1,0,0,0,0,1,0,1,0,1,1,1,1,0,10
EEE,2014B,444349,0,East Anglian Region,A Level or Equivalent,90-100%,0-35,0,30,1,Fail,7,0,0,1,1,0,0,0,1,0,1,1,0,1,0,3
EEE,2014B,446077,0,East Midlands Region,Lower Than A Level,80-90%,35-55,0,30,0,Fail,15,1,1,0,0,1,1,1,1,0,0,1,0,0,1,10
EEE,2014B,446295,0,Wales,Lower Than A Level,20-30%,0-35,0,60,0,Fail,14,0,0,0,0,0,1,0,0,0,1,1,0,1,0,5
EEE,2014B,447235,0,East Anglian Region,A Level or Equivalent,50-60%,0-35,0,30,0,Distinction,4,1,0,1,1,1,1,0,1,1,1,0,0,0,0,8
EEE,2014B,464724,0,South Region,Lower Than A Level,,35-55,0,60,0,Pass,8,0,0,0,0,0,1,1,0,1,0,0,0,1,1,3
EEE,2014B,467144,0,East Anglian Region,A Level or Equivalent,80-90%,0-35,0,30,0,Pass,15,1,0,1,1,0,1,0,0,0,0,0,0,1,0,10
EEE,2014B,469761,1,South West Region,A Level or Equivalent,90-100%,0-35,0,60,0,Pass,8,1,0,0,1,0,1,1,1,1,1,0,0,1,1,3
EEE,2014B,469861,0,North Western Region,HE Qualification,60-70%,0-35,0,30,0,Pass,15,1,1,1,1,1,1,0,0,1,1,0,0,0,0,10
EEE,2014B,471018,0,West Midlands Region,Lower Than A Level,60-70%,35-55,0,60,0,Fail,13,0,0,0,1,0,0,1,1,1,1,1,1,1,0,5
EEE,2014B,474628,0,South West Region,HE Qualification,80-90%,0-35,0,30,0,Pass,5,1,1,1,0,0,0,1,0,1,0,1,0,1,1,9
EEE,2014B,474674,1,East Midlands Region,Lower Than A Level,30-40%,0-35,0,180,0,Withdrawn,14,0,1,0,0,0,1,1,0,1,0,1,0,0,0,5
EEE,2014B,475497,0,Scotland,A Level or Equivalent,50-60%,0-35,0,30,0,Fail,5,0,1,0,1,1,0,1,1,0,1,1,1,1,0,9
EEE,2014B,478550,0,East Anglian Region,A Level or Equivalent,20-Oct,0-35,0,60,0,Pass,15,0,1,1,1,0,0,0,1,1,1,1,1,0,1,10
EEE,2014B,478791,0,West Midlands Region,HE Qualification,60-70%,35-55,0,60,0,Pass,12,0,1,1,1,0,1,0,1,0,0,1,1,1,0,7
EEE,2014B,479607,0,Wales,A Level or Equivalent,20-30%,35-55,1,180,0,Fail,16,1,0,0,1,0,1,1,0,1,1,0,0,1,1,10
EEE,2014B,480928,0,Yorkshire Region,Lower Than A Level,90-100%,0-35,0,150,1,Withdrawn,7,1,1,0,0,0,0,0,1,1,1,0,1,1,1,3
EEE,2014B,481618,0,South East Region,A Level or Equivalent,40-50%,0-35,0,30,0,Pass,6,0,0,1,1,1,0,0,0,0,0,1,1,0,0,9
EEE,2014B,485920,0,East Anglian Region,Lower Than A Level,60-70%,0-35,0,30,0,Pass,6,0,1,0,1,0,1,1,0,0,1,0,0,0,1,9
EEE,2014B,486836,1,North Western Region,A Level or Equivalent,20-Oct,0-35,0,60,0,Pass,1,0,1,1,0,1,1,0,0,1,0,1,1,1,0,2
EEE,2014B,487239,0,North Western Region,A Level or Equivalent,60-70%,0-35,1,120,0,Pass,6,0,0,1,1,1,1,1,0,1,0,0,1,0,0,9
EEE,2014B,487494,0,South Region,No Formal quals,50-60%,0-35,0,60,0,Withdrawn,10,0,0,0,1,0,1,0,1,1,0,1,1,0,1,1
EEE,2014B,488828,0,North Western Region,A Level or Equivalent,60-70%,0-35,0,30,0,Fail,10,0,0,0,1,1,1,1,1,1,1,1,1,0,1,1
EEE,2014B,490587,0,Wales,Lower Than A Level,20-30%,0-35,1,120,1,Fail,4,1,0,1,1,0,1,1,1,1,1,0,1,1,1,8
EEE,2014B,490662,0,South West Region,A Level or Equivalent,50-60%,0-35,0,60,0,Fail,3,0,0,0,1,1,0,0,0,0,1,1,0,1,1,8
EEE,2014B,491570,1,Yorkshire Region,A Level or Equivalent,50-60%,0-35,0,120,0,Withdrawn,10,1,0,1,1,1,0,1,1,1,0,1,1,1,0,1
EEE,2014B,492403,1,West Midlands Region,A Level or Equivalent,40-50%,0-35,0,30,0,Pass,7,0,1,1,1,1,1,0,1,0,0,0,1,1,0,3
EEE,2014B,494427,0,Scotland,HE Qualification,20-30%,0-35,0,60,0,Distinction,8,1,0,1,0,0,0,0,1,0,1,0,0,0,0,3
EEE,2014B,494872,0,South Region,Lower Than A Level,80-90%,0-35,0,30,0,Fail,10,0,0,0,1,1,1,0,1,0,1,0,0,1,1,1
EEE,2014B,496108,0,East Anglian Region,Lower Than A Level,60-70%,0-35,0,60,0,Pass,13,1,0,1,1,0,0,1,1,0,0,1,1,0,0,5
EEE,2014B,497047,1,South East Region,Lower Than A Level,80-90%,0-35,0,60,0,Withdrawn,12,0,1,0,0,1,0,1,1,1,1,1,1,0,0,7
EEE,2014B,497361,0,East Midlands Region,A Level or Equivalent,80-90%,0-35,0,30,0,Fail,15,0,1,1,0,1,1,0,0,1,0,1,1,0,0,10
EEE,2014B,497580,0,East Anglian Region,A Level or Equivalent,60-70%,0-35,0,30,0,Pass,10,1,0,1,0,1,1,1,0,0,1,0,0,1,0,1
EEE,2014B,498261,0,Yorkshire Region,Lower Than A Level,20-Oct,0-35,0,60,0,Withdrawn,9,1,1,0,1,1,1,0,1,0,1,1,0,0,0,4
EEE,2014B,502640,0,London Region,A Level or Equivalent,20-Oct,35-55,0,60,0,Withdrawn,3,1,1,1,0,1,1,0,1,1,0,1,0,1,1,8
EEE,2014B,502929,0,London Region,Lower Than A Level,20-Oct,35-55,0,60,0,Pass,6,1,0,1,1,1,0,0,1,1,1,0,0,0,1,9
EEE,2014B,503872,0,North Western Region,A Level or Equivalent,70-80%,0-35,0,60,0,Fail,12,0,0,1,0,1,1,1,0,0,1,0,0,0,1,7
EEE,2014B,504062,0,Scotland,HE Qualification,40-50%,0-35,0,90,0,Pass,12,1,0,0,1,1,1,1,0,0,1,0,1,0,0,7
EEE,2014B,504652,0,London Region,Lower Than A Level,70-80%,0-35,0,30,0,Pass,11,0,0,0,1,1,1,1,0,1,1,0,0,1,1,6
EEE,2014B,504728,1,South West Region,Lower Than A Level,0-10%,0-35,0,60,0,Pass,12,1,0,1,0,1,0,1,1,1,0,1,0,1,0,7
EEE,2014B,505333,0,Wales,Lower Than A Level,0-10%,0-35,0,60,0,Fail,1,1,0,1,1,0,0,0,1,1,1,0,0,0,1,2
EEE,2014B,505767,0,Scotland,HE Qualification,30-40%,0-35,0,60,0,Distinction,5,1,1,1,1,1,0,1,1,1,1,1,0,1,0,9
EEE,2014B,505855,0,South West Region,A Level or Equivalent,60-70%,0-35,0,60,0,Distinction,8,0,0,0,0,1,0,1,0,0,1,0,1,0,1,3
EEE,2014B,510266,0,Scotland,A Level or Equivalent,20-30%,35-55,0,60,0,Distinction,13,0,0,1,0,1,0,1,0,1,0,1,0,0,0,5
EEE,2014B,510545,0,North Western Region,A Level or Equivalent,0-10%,0-35,0,60,0,Withdrawn,10,0,1,0,0,1,0,0,0,0,0,0,1,1,1,1
EEE,2014B,511199,0,South Region,A Level or Equivalent,40-50%,35-55,0,30,0,Fail,8,0,0,1,0,1,1,1,1,0,0,0,0,1,1,3
EEE,2014B,511657,0,South Region,A Level or Equivalent,80-90%,0-35,0,60,0,Fail,14,0,1,0,0,1,0,1,0,0,1,0,0,0,0,5
EEE,2014B,513211,0,London Region,A Level or Equivalent,40-50%,0-35,1,60,0,Fail,2,0,1,1,1,1,0,0,1,0,0,1,0,1,1,2
EEE,2014B,513672,0,South West Region,Lower Than A Level,70-80%,0-35,0,120,0,Pass,6,0,0,0,1,1,0,0,1,1,1,1,0,0,0,9
EEE,2014B,515125,0,London Region,A Level or Equivalent,50-60%,0-35,0,120,0,Fail,2,1,1,1,0,0,1,1,1,1,0,1,0,1,0,2
EEE,2014B,516238,0,South West Region,Lower Than A Level,20-30%,0-35,0,60,0,Pass,2,1,0,0,1,0,1,1,1,1,1,1,0,1,0,2
EEE,2014B,516728,0,South East Region,Lower Than A Level,80-90%,0-35,1,60,0,Fail,9,0,1,1,1,1,1,1,1,1,0,1,0,1,1,4
EEE,2014B,518116,0,South Region,Lower Than A Level,20-Oct,0-35,0,60,0,Fail,8,1,1,1,1,0,0,0,1,0,1,1,0,0,1,3
EEE,2014B,519258,0,South West Region,Lower Than A Level,20-Oct,35-55,1,60,0,Fail,12,0,1,0,0,1,0,0,0,1,1,1,0,0,1,7
EEE,2014B,519589,0,Wales,A Level or Equivalent,20-30%,0-35,0,60,0,Fail,8,1,0,1,1,1,1,1,1,1,0,0,1,1,1,3
EEE,2014B,520824,1,West Midlands Region,Lower Than A Level,20-30%,0-35,0,30,0,Withdrawn,1,1,1,1,0,1,1,1,1,1,0,1,1,1,0,2
EEE,2014B,522525,0,East Midlands Region,Lower Than A Level,0-10%,0-35,0,60,0,Pass,14,0,1,1,1,1,1,1,0,0,1,1,0,1,1,5
EEE,2014B,523061,0,North Western Region,A Level or Equivalent,0-10%,0-35,0,120,0,Pass,7,1,0,1,1,1,0,1,0,1,1,1,1,1,1,3
EEE,2014B,524276,0,Scotland,HE Qualification,90-100%,35-55,0,60,0,Fail,3,1,1,1,0,0,0,1,1,0,1,0,0,0,1,8
EEE,2014B,524386,0,West Midlands Region,A Level or Equivalent,70-80%,0-35,1,120,0,Fail,7,1,1,1,0,0,1,0,1,0,1,0,1,1,0,3
EEE,2014B,525332,0,London Region,Lower Than A Level,80-90%,0-35,0,60,1,Fail,5,0,0,0,0,0,0,0,1,0,1,0,1,1,1,9
EEE,2014B,526051,0,East Anglian Region,Lower Than A Level,30-40%,35-55,1,90,1,Distinction,6,1,0,0,0,0,1,1,0,1,1,1,0,1,1,9
EEE,2014B,527771,0,Yorkshire Region,Lower Than A Level,40-50%,0-35,0,60,0,Fail,3,1,0,0,0,0,1,1,0,1,0,1,1,0,1,8
EEE,2014B,529304,0,London Region,A Level or Equivalent,20-Oct,0-35,1,90,1,Pass,14,1,0,0,1,1,0,1,0,0,1,0,0,0,0,5
EEE,2014B,531845,0,South Region,Lower Than A Level,40-50%,0-35,0,30,0,Fail,6,1,1,0,1,0,0,1,1,0,1,0,0,1,1,9
EEE,2014B,532531,0,London Region,Lower Than A Level,0-10%,0-35,0,120,0,Pass,11,1,0,1,1,0,0,0,1,1,1,1,1,0,0,6
EEE,2014B,532570,1,Wales,A Level or Equivalent,40-50%,0-35,0,120,0,Withdrawn,11,0,1,1,1,0,1,1,1,0,0,1,0,0,0,6
EEE,2014B,536996,0,East Midlands Region,A Level or Equivalent,80-90%,35-55,0,30,0,Withdrawn,2,0,1,1,1,0,0,0,0,0,0,0,0,1,1,2
EEE,2014B,538102,0,South Region,A Level or Equivalent,50-60%,35-55,0,30,0,Fail,7,1,0,1,1,1,0,1,0,1,1,0,1,1,1,3
EEE,2014B,540509,0,South East Region,Lower Than A Level,30-40%,0-35,0,60,0,Pass,6,1,1,0,0,0,1,0,1,1,1,0,0,1,0,9
EEE,2014B,541003,0,South Region,A Level or Equivalent,90-100%,0-35,0,60,0,Pass,1,0,0,0,0,1,1,1,0,0,0,1,1,1,1,2
EEE,2014B,541999,0,North Western Region,A Level or Equivalent,30-40%,0-35,0,30,0,Fail,11,1,0,1,0,0,0,1,0,1,1,1,1,1,1,6
EEE,2014B,542050,0,West Midlands Region,HE Qualification,60-70%,0-35,0,60,0,Pass,13,0,0,1,0,0,1,0,1,1,0,1,0,1,1,5
EEE,2014B,542524,0,East Midlands Region,Lower Than A Level,0-10%,35-55,0,30,0,Pass,14,1,0,0,0,0,1,1,1,0,1,0,0,1,0,5
EEE,2014B,543475,0,South West Region,A Level or Equivalent,60-70%,0-35,0,60,0,Pass,9,1,1,0,0,1,0,0,1,0,0,1,0,0,0,4
EEE,2014B,543924,0,South Region,A Level or Equivalent,20-Oct,0-35,0,60,0,Fail,2,0,1,0,1,1,1,0,0,1,0,1,1,1,0,2
EEE,2014B,543948,0,South West Region,Lower Than A Level,30-40%,0-35,0,60,0,Pass,6,0,0,1,1,0,1,1,0,0,0,1,1,0,0,9
EEE,2014B,544052,0,Scotland,A Level or Equivalent,40-50%,0-35,0,30,0,Pass,12,1,1,1,0,0,0,1,0,0,1,0,1,0,0,7
EEE,2014B,544295,0,South Region,A Level or Equivalent,90-100%,35-55,0,60,1,Fail,16,0,1,1,0,1,1,1,1,1,0,1,0,0,1,10
EEE,2014B,546400,1,Scotland,A Level or Equivalent,60-70%,0-35,1,120,0,Withdrawn,12,0,1,1,1,0,1,1,0,1,1,1,0,1,1,7
EEE,2014B,547100,0,Scotland,Lower Than A Level,60-70%,0-35,0,30,0,Fail,11,0,0,0,1,0,1,1,1,1,0,1,1,1,1,6
EEE,2014B,547685,0,Scotland,A Level or Equivalent,40-50%,0-35,0,60,0,Withdrawn,12,0,0,0,1,0,0,1,1,1,1,1,0,1,1,7
EEE,2014B,548261,0,East Anglian Region,Lower Than A Level,50-60%,35-55,0,120,0,Fail,13,1,0,0,1,1,1,0,0,0,0,0,0,1,1,5
EEE,2014B,548992,0,London Region,A Level or Equivalent,20-Oct,0-35,1,60,0,Fail,2,1,0,1,0,0,1,1,0,1,0,1,0,1,1,2
EEE,2014B,549401,1,East Anglian Region,Lower Than A Level,20-Oct,35-55,0,60,0,Withdrawn,10,0,0,1,0,0,1,0,1,0,1,0,1,0,1,1
EEE,2014B,550197,0,North Western Region,Lower Than A Level,40-50%,0-35,1,120,0,Fail,6,1,0,0,1,1,0,1,1,0,1,0,1,1,0,9
EEE,2014B,550357,0,South East Region,A Level or Equivalent,70-80%,0-35,0,30,0,Pass,9,1,0,1,1,1,0,1,1,1,0,1,0,1,1,4
EEE,2014B,550812,0,Scotland,A Level or Equivalent,90-100%,0-35,1,150,0,Pass,15,0,0,0,1,0,0,0,1,1,0,1,1,0,1,10
EEE,2014B,551528,0,Yorkshire Region,Lower Than A Level,,0-35,0,120,0,Withdrawn,10,0,1,1,0,1,0,0,0,0,0,1,0,0,0,1
EEE,2014B,551856,0,North Region,Lower Than A Level,20-Oct,0-35,0,60,0,Fail,11,0,0,1,0,0,1,0,1,0,0,0,1,1,1,6
EEE,2014B,552067,0,London Region,HE Qualification,30-40%,0-35,0,30,0,Distinction,2,0,1,0,0,1,0,1,1,0,1,0,1,0,1,2
EEE,2014B,553914,0,Yorkshire Region,A Level or Equivalent,0-10%,0-35,0,30,0,Withdrawn,6,1,1,0,1,0,0,0,0,1,0,0,1,1,1,9
EEE,2014B,554988,0,London Region,A Level or Equivalent,20-Oct,0-35,0,30,0,Withdrawn,11,1,1,1,1,0,1,1,0,0,1,0,0,0,0,6
EEE,2014B,555022,0,North Region,Post Graduate Qualification,,35-55,1,90,0,Pass,7,0,0,0,1,1,1,0,0,1,0,0,1,1,0,3
EEE,2014B,555756,0,Scotland,Lower Than A Level,90-100%,0-35,0,120,0,Distinction,10,1,1,0,1,0,0,1,1,0,1,1,0,0,1,1
EEE,2014B,557700,0,North Region,Post Graduate Qualification,,0-35,0,60,0,Pass,1,1,0,0,1,1,0,1,0,0,1,0,0,0,0,2
EEE,2014B,558122,0,Scotland,Post Graduate Qualification,90-100%,35-55,0,60,0,Fail,15,1,0,0,0,1,0,0,1,1,1,1,0,0,1,10
EEE,2014B,558342,0,Yorkshire Region,Lower Than A Level,40-50%,0-35,1,120,0,Withdrawn,5,1,1,1,1,1,0,0,1,0,1,1,1,0,0,9
EEE,2014B,558492,1,Scotland,HE Qualification,20-30%,0-35,0,90,0,Fail,5,1,1,0,1,1,1,0,1,1,0,0,0,1,1,9
EEE,2014B,559518,0,East Anglian Region,Lower Than A Level,20-Oct,0-35,0,30,0,Pass,7,1,0,0,0,0,0,0,0,1,1,0,1,0,1,3
EEE,2014B,559977,0,Yorkshire Region,Lower Than A Level,20-Oct,0-35,0,60,0,Fail,7,1,1,0,0,1,1,1,1,0,1,0,1,0,1,3
EEE,2014B,560951,0,South East Region,A Level or Equivalent,80-90%,35-55,0,60,0,Fail,15,0,1,0,1,0,0,1,0,1,1,1,0,1,1,10
EEE,2014B,561271,0,Ireland,Post Graduate Qualification,,35-55,0,60,0,Fail,16,1,1,0,0,0,1,0,0,0,1,1,1,1,0,10
EEE,2014B,561363,0,Scotland,Post Graduate Qualification,80-90%,35-55,0,60,0,Pass,1,0,1,1,0,1,1,1,1,0,0,1,0,0,0,2
EEE,2014B,561559,0,South Region,HE Qualification,40-50%,35-55,0,60,0,Pass,11,0,1,1,0,0,0,0,0,1,1,1,0,0,0,6
EEE,2014B,561774,0,Scotland,A Level or Equivalent,60-70%,0-35,1,90,0,Distinction,11,0,0,1,0,0,1,1,1,1,1,0,1,0,1,6
EEE,2014B,562825,0,East Midlands Region,HE Qualification,90-100%,35-55,0,60,0,Pass,15,1,1,0,1,0,0,0,0,0,1,1,0,1,1,10
EEE,2014B,563230,0,Yorkshire Region,HE Qualification,90-100%,0-35,0,60,0,Distinction,14,0,0,1,0,0,0,0,1,1,0,0,0,1,1,5
EEE,2014B,563902,0,North Region,A Level or Equivalent,40-50%,0-35,0,30,0,Withdrawn,13,1,1,1,0,0,0,1,1,0,0,1,0,1,0,5
EEE,2014B,565275,0,South Region,A Level or Equivalent,40-50%,0-35,1,150,0,Withdrawn,14,1,1,1,0,1,0,0,1,0,1,0,1,0,0,5
EEE,2014B,565838,0,East Midlands Region,A Level or Equivalent,50-60%,0-35,0,60,0,Fail,3,0,0,1,0,1,1,0,1,1,0,1,1,0,0,8
EEE,2014B,566337,0,South West Region,HE Qualification,60-70%,0-35,0,90,0,Fail,6,1,0,1,1,1,1,1,0,1,0,0,1,0,1,9
EEE,2014B,566422,0,West Midlands Region,A Level or Equivalent,20-Oct,0-35,0,30,0,Pass,1,1,1,1,1,0,1,1,0,1,0,1,1,1,1,2
EEE,2014B,566871,0,London Region,Lower Than A Level,20-Oct,0-35,0,90,0,Fail,8,0,1,1,0,0,1,0,0,0,1,0,1,0,0,3
EEE,2014B,569342,0,South Region,Lower Than A Level,70-80%,0-35,1,120,0,Withdrawn,1,0,1,1,0,0,0,0,1,0,0,1,1,1,1,2
EEE,2014B,569620,1,Scotland,Lower Than A Level,80-90%,0-35,0,60,0,Fail,10,0,1,1,1,0,0,0,0,1,0,1,0,1,1,1
EEE,2014B,571025,0,East Anglian Region,No Formal quals,20-30%,0-35,0,60,0,Withdrawn,8,1,0,0,0,1,1,1,0,1,0,0,0,1,0,3
EEE,2014B,571128,0,Scotland,HE Qualification,80-90%,0-35,0,60,0,Pass,15,0,0,1,0,1,0,0,0,1,0,0,1,1,1,10
EEE,2014B,571233,0,South West Region,Lower Than A Level,60-70%,0-35,0,60,0,Fail,6,1,0,0,0,1,1,0,0,0,0,1,0,0,0,9
EEE,2014B,571389,1,North Western Region,Lower Than A Level,20-30%,0-35,0,60,0,Withdrawn,2,0,1,1,1,0,1,0,1,1,0,0,1,1,1,2
EEE,2014B,571789,0,Ireland,A Level or Equivalent,70-80%,0-35,0,45,0,Withdrawn,15,0,1,1,0,0,0,1,0,1,1,0,0,0,1,10
EEE,2014B,571946,0,North Western Region,A Level or Equivalent,40-50%,35-55,1,60,0,Withdrawn,7,1,0,1,1,0,1,1,1,0,0,0,0,1,1,3
EEE,2014B,571963,0,North Region,A Level or Equivalent,30-40%,0-35,1,90,0,Pass,12,0,0,1,1,0,0,0,1,0,1,1,1,1,1,7
EEE,2014B,572249,0,East Midlands Region,Lower Than A Level,20-30%,0-35,1,90,0,Fail,4,1,1,0,0,1,0,1,1,1,1,1,1,0,1,8
EEE,2014B,573072,0,West Midlands Region,Lower Than A Level,50-60%,0-35,0,60,0,Withdrawn,16,1,0,0,0,0,0,0,1,0,0,1,0,1,0,10
EEE,2014B,573558,0,North Region,A Level or Equivalent,50-60%,0-35,0,60,0,Pass,4,1,1,1,0,0,1,1,1,1,1,1,0,0,0,8
EEE,2014B,573665,0,South Region,Lower Than A Level,70-80%,0-35,0,60,0,Withdrawn,2,0,0,1,1,1,0,1,0,1,0,0,1,1,0,2
EEE,2014B,574508,0,North Western Region,HE Qualification,70-80%,35-55,0,30,0,Pass,11,1,0,0,0,0,1,1,1,0,0,0,1,1,1,6
EEE,2014B,574523,0,South East Region,A Level or Equivalent,50-60%,0-35,1,90,0,Pass,16,1,0,1,1,1,0,0,0,0,0,1,0,0,0,10
EEE,2014B,574580,1,North Region,Lower Than A Level,0-10%,0-35,1,150,1,Fail,16,1,1,1,1,0,0,0,0,1,0,1,1,0,0,10
EEE,2014B,574637,0,South Region,A Level or Equivalent,70-80%,0-35,0,30,0,Pass,11,1,0,1,0,0,0,0,0,0,0,1,1,0,1,6
EEE,2014B,575162,0,Scotland,HE Qualification,30-40%,0-35,1,60,0,Pass,14,0,1,0,0,0,0,0,0,1,1,0,1,0,0,5
EEE,2014B,575473,1,Scotland,HE Qualification,90-100%,0-35,0,60,1,Pass,9,1,1,0,1,0,0,1,0,0,0,0,0,1,0,4
EEE,2014B,575777,0,Yorkshire Region,Lower Than A Level,50-60%,35-55,0,60,0,Pass,10,1,0,1,1,0,0,0,1,0,1,1,1,1,0,1
EEE,2014B,576876,0,South East Region,Lower Than A Level,80-90%,0-35,0,30,0,Distinction,14,1,1,0,0,1,0,1,0,0,0,1,0,0,1,5
EEE,2014B,577245,0,South Region,Lower Than A Level,80-90%,0-35,0,60,0,Pass,1,1,0,0,1,0,1,0,1,1,0,0,0,0,0,2
EEE,2014B,577352,0,East Anglian Region,Lower Than A Level,0-10%,0-35,1,120,0,Fail,13,1,0,1,1,1,1,0,0,0,1,1,1,1,0,5
EEE,2014B,577460,0,North Region,HE Qualification,50-60%,0-35,1,60,0,Distinction,13,1,1,0,1,1,0,0,0,0,1,1,0,0,0,5
EEE,2014B,577562,0,North Western Region,Lower Than A Level,60-70%,0-35,1,60,0,Pass,6,1,1,0,0,0,1,0,0,0,0,0,0,1,0,9
EEE,2014B,577603,0,North Region,Lower Than A Level,20-Oct,0-35,1,120,0,Withdrawn,3,1,1,0,1,0,1,0,1,0,1,0,1,1,1,8
EEE,2014B,578541,1,East Midlands Region,A Level or Equivalent,70-80%,0-35,0,60,0,Fail,12,0,0,1,0,0,0,0,1,1,1,0,0,1,0,7
EEE,2014B,578634,0,South Region,Lower Than A Level,,0-35,0,60,0,Pass,16,0,0,1,0,1,1,1,0,0,1,1,0,1,1,10
EEE,2014B,578958,0,Wales,Lower Than A Level,20-30%,35-55,1,135,0,Pass,8,1,0,1,0,0,1,1,1,1,1,1,0,0,1,3
EEE,2014B,581257,0,South West Region,A Level or Equivalent,0-10%,0-35,0,60,0,Pass,5,0,1,1,1,1,1,0,1,0,0,1,0,1,0,9
EEE,2014B,581269,0,London Region,A Level or Equivalent,40-50%,35-55,0,120,0,Pass,15,1,1,0,0,1,1,0,1,0,0,1,0,0,1,10
EEE,2014B,581676,0,West Midlands Region,Lower Than A Level,60-70%,35-55,0,60,0,Pass,16,1,1,1,0,0,0,1,0,0,0,0,0,1,0,10
EEE,2014B,582094,0,Wales,A Level or Equivalent,90-100%,0-35,0,60,0,Withdrawn,5,0,0,1,0,1,0,0,0,1,0,1,0,1,0,9
EEE,2014B,583968,0,South East Region,Lower Than A Level,20-Oct,0-35,0,60,0,Distinction,2,0,1,0,0,0,1,0,0,1,1,1,0,1,1,2
EEE,2014B,584698,0,Wales,Lower Than A Level,80-90%,0-35,0,165,0,Fail,7,0,1,1,1,1,1,1,1,0,0,1,1,0,1,3
EEE,2014B,585393,0,South West Region,A Level or Equivalent,60-70%,0-35,0,60,0,Distinction,16,0,1,0,1,0,1,1,1,1,0,0,0,0,0,10
EEE,2014B,585397,0,East Anglian Region,A Level or Equivalent,90-100%,0-35,0,60,0,Distinction,1,0,1,1,1,1,0,1,1,1,1,1,0,0,1,2
EEE,2014B,585662,0,North Western Region,A Level or Equivalent,80-90%,0-35,0,90,0,Pass,10,1,0,0,1,0,0,0,1,1,1,1,1,1,1,1
EEE,2014B,587323,0,London Region,A Level or Equivalent,20-30%,35-55,0,60,0,Pass,6,0,0,1,1,1,1,0,1,0,1,0,1,0,0,9
EEE,2014B,588274,0,West Midlands Region,A Level or Equivalent,70-80%,35-55,0,120,0,Distinction,14,0,1,0,1,0,1,0,1,0,1,1,0,1,1,5
EEE,2014B,588765,0,South West Region,A Level or Equivalent,60-70%,0-35,0,90,0,Pass,11,1,1,1,0,1,0,0,0,1,1,1,0,1,0,6
EEE,2014B,589001,0,East Anglian Region,Lower Than A Level,30-40%,0-35,0,60,0,Withdrawn,13,0,0,1,1,0,1,0,1,1,1,0,0,0,1,5
EEE,2014B,589033,0,Scotland,HE Qualification,0-10%,0-35,1,60,0,Pass,6,1,0,0,1,1,0,0,1,0,1,0,1,0,1,9
EEE,2014B,589083,0,Scotland,HE Qualification,30-40%,35-55,0,45,0,Withdrawn,8,0,1,1,0,0,1,1,1,0,1,0,0,1,0,3
EEE,2014B,589223,0,London Region,A Level or Equivalent,30-40%,0-35,0,30,0,Pass,5,0,0,0,0,0,0,0,0,1,0,0,0,0,0,9
EEE,2014B,589260,0,North Western Region,Lower Than A Level,20-30%,35-55,0,30,0,Pass,9,1,1,0,1,0,0,1,0,0,1,1,0,0,1,4
EEE,2014B,589722,0,Ireland,A Level or Equivalent,50-60%,0-35,0,60,0,Withdrawn,6,1,0,0,0,1,1,1,1,0,0,0,1,1,1,9
EEE,2014B,589828,0,East Anglian Region,Lower Than A Level,60-70%,0-35,0,150,1,Pass,16,0,1,0,0,1,0,1,1,0,0,1,1,0,0,10
EEE,2014B,590699,0,East Anglian Region,HE Qualification,80-90%,35-55,0,120,0,Withdrawn,15,0,0,1,0,0,1,0,0,0,0,1,0,1,0,10
EEE,2014B,591398,0,South Region,A Level or Equivalent,90-100%,35-55,1,60,0,Distinction,13,1,1,1,1,1,1,1,0,0,0,1,0,0,0,5
EEE,2014B,592080,0,Scotland,Lower Than A Level,20-Oct,35-55,0,60,0,Withdrawn,10,0,0,0,1,1,0,0,1,1,0,0,1,0,1,1
EEE,2014B,592372,0,Yorkshire Region,Lower Than A Level,20-30%,35-55,1,60,0,Pass,1,1,0,1,0,1,0,1,1,1,0,1,0,1,1,2
EEE,2014B,592593,0,South Region,A Level or Equivalent,90-100%,0-35,0,150,0,Pass,15,0,1,0,1,1,1,0,1,0,1,1,1,1,1,10
EEE,2014B,592666,1,East Midlands Region,Lower Than A Level,20-30%,0-35,0,150,0,Pass,15,0,0,1,0,0,1,0,1,0,0,1,0,0,0,10
EEE,2014B,593123,0,Wales,A Level or Equivalent,20-Oct,0-35,0,60,0,Fail,8,1,0,0,1,1,0,1,0,0,1,1,0,1,0,3
EEE,2014B,593733,0,Scotland,HE Qualification,20-Oct,0-35,1,60,0,Distinction,9,1,0,1,1,1,1,0,1,0,1,1,0,1,1,4
EEE,2014B,593941,0,West Midlands Region,A Level or Equivalent,20-Oct,0-35,0,60,1,Withdrawn,8,1,1,1,0,0,1,1,0,0,1,0,0,0,0,3
EEE,2014B,594131,0,East Midlands Region,Lower Than A Level,20-30%,0-35,1,60,1,Pass,3,1,1,0,0,0,1,1,0,1,0,0,0,1,1,8
EEE,2014B,594193,0,South West Region,Lower Than A Level,90-100%,0-35,0,60,1,Fail,5,0,0,0,1,0,1,1,1,0,1,0,1,1,0,9
EEE,2014B,594684,0,Scotland,HE Qualification,40-50%,0-35,0,60,0,Distinction,9,0,1,0,1,0,1,1,0,1,0,0,0,1,0,4
EEE,2014B,595100,0,Scotland,Post Graduate Qualification,80-90%,35-55,1,60,0,Pass,9,0,1,1,1,0,1,1,0,0,0,1,0,0,1,4
EEE,2014B,595356,0,South West Region,A Level or Equivalent,20-Oct,35-55,1,90,0,Withdrawn,2,1,1,0,1,1,1,1,0,1,1,0,0,0,0,2
EEE,2014B,595808,0,East Anglian Region,Lower Than A Level,40-50%,0-35,1,90,0,Fail,16,0,0,0,1,1,0,0,1,1,0,0,1,1,1,10
EEE,2014B,595992,0,Yorkshire Region,Lower Than A Level,40-50%,0-35,0,60,0,Pass,4,0,1,1,0,0,0,1,1,0,1,0,1,1,1,8
EEE,2014B,596347,0,Scotland,A Level or Equivalent,70-80%,0-35,0,60,0,Pass,13,1,1,0,1,1,0,1,0,1,1,0,0,1,1,5
EEE,2014B,596947,0,East Anglian Region,Lower Than A Level,80-90%,0-35,1,90,0,Pass,13,0,0,1,1,0,1,1,1,0,0,0,0,1,1,5
EEE,2014B,597909,1,London Region,Lower Than A Level,50-60%,0-35,0,60,0,Pass,15,1,1,1,1,0,1,0,1,1,1,1,0,1,0,10
EEE,2014B,599056,0,West Midlands Region,HE Qualification,20-Oct,0-35,0,30,0,Pass,13,1,0,1,1,1,1,1,1,1,0,1,1,1,0,5
EEE,2014B,599263,0,Yorkshire Region,A Level or Equivalent,60-70%,0-35,1,120,0,Fail,13,0,1,1,1,0,0,1,0,1,0,0,1,0,1,5
EEE,2014B,599341,0,Scotland,A Level or Equivalent,50-60%,0-35,0,90,0,Pass,8,1,0,0,1,1,0,1,1,1,1,1,1,1,1,3
EEE,2014B,599554,1,South Region,HE Qualification,70-80%,35-55,0,60,0,Pass,13,0,1,0,1,1,0,0,0,1,0,1,1,1,1,5
EEE,2014B,599937,1,Wales,Lower Than A Level,30-40%,0-35,1,90,0,Pass,7,1,1,0,1,1,0,1,1,1,0,1,1,0,1,3
EEE,2014B,600181,0,East Midlands Region,HE Qualification,70-80%,0-35,0,60,0,Withdrawn,16,0,0,0,1,1,1,0,0,1,1,0,0,0,1,10
EEE,2014B,600623,0,South West Region,A Level or Equivalent,20-30%,0-35,1,90,0,Distinction,13,0,1,0,1,0,1,1,0,1,0,0,1,1,1,5
EEE,2014B,600801,0,Scotland,A Level or Equivalent,90-100%,0-35,1,75,1,Pass,6,0,1,1,1,0,0,0,0,1,0,1,1,1,0,9
EEE,2014B,600814,0,South West Region,Lower Than A Level,30-40%,35-55,0,180,0,Pass,11,1,0,1,1,1,1,1,1,0,0,0,1,0,0,6
EEE,2014B,600879,0,South Region,A Level or Equivalent,80-90%,0-35,1,90,0,Withdrawn,13,1,1,0,1,1,0,1,1,0,0,1,1,0,0,5
EEE,2014B,600987,0,North Western Region,A Level or Equivalent,0-10%,0-35,0,60,0,Pass,12,1,1,1,0,1,1,0,0,1,1,0,0,0,1,7
EEE,2014B,601043,0,North Region,A Level or Equivalent,20-Oct,0-35,0,30,0,Pass,4,0,0,0,1,0,0,1,1,0,0,0,1,0,1,8
EEE,2014B,601054,0,London Region,A Level or Equivalent,20-Oct,0-35,1,120,0,Pass,6,1,0,0,0,0,0,1,1,0,0,1,1,0,1,9
EEE,2014B,601211,0,North Region,A Level or Equivalent,60-70%,0-35,0,30,0,Distinction,8,1,1,1,0,0,0,1,0,1,0,0,1,1,1,3
EEE,2014B,601248,0,Wales,Lower Than A Level,40-50%,35-55,1,90,0,Fail,16,0,0,1,1,0,1,0,1,1,1,1,1,0,1,10
EEE,2014B,601386,0,South East Region,A Level or Equivalent,40-50%,0-35,0,30,0,Pass,15,0,1,1,1,1,1,1,1,1,1,0,0,1,1,10
EEE,2014B,602107,0,London Region,HE Qualification,80-90%,0-35,0,60,0,Fail,5,1,0,0,0,0,1,1,0,1,1,1,0,1,1,9
EEE,2014B,602150,0,London Region,A Level or Equivalent,20-30%,0-35,1,90,0,Withdrawn,4,1,1,0,1,0,0,0,0,0,1,1,1,1,0,8
EEE,2014B,602721,0,South Region,HE Qualification,80-90%,0-35,0,30,0,Distinction,7,0,1,0,0,0,1,0,0,0,1,1,1,0,1,3
EEE,2014B,603531,0,London Region,HE Qualification,70-80%,35-55,0,60,0,Pass,16,0,1,0,1,0,1,0,1,1,1,0,1,1,1,10
EEE,2014B,603791,0,Scotland,Lower Than A Level,20-30%,0-35,0,120,0,Fail,14,0,0,0,1,1,1,0,0,0,1,1,1,0,0,5
EEE,2014B,603832,0,South West Region,A Level or Equivalent,40-50%,0-35,0,60,0,Pass,11,1,0,0,0,1,1,1,1,1,0,0,0,0,0,6
EEE,2014B,604078,0,South West Region,A Level or Equivalent,80-90%,0-35,0,60,0,Withdrawn,12,1,0,0,0,1,0,0,1,1,0,1,0,1,0,7
EEE,2014B,604172,0,South Region,HE Qualification,60-70%,35-55,0,30,0,Distinction,16,0,0,0,0,1,1,0,0,1,1,0,0,0,0,10
EEE,2014B,604270,0,London Region,Lower Than A Level,50-60%,35-55,0,30,0,Pass,2,0,1,1,1,1,0,0,0,1,0,0,0,0,1,2
EEE,2014B,604337,0,West Midlands Region,A Level or Equivalent,70-80%,0-35,0,30,0,Fail,4,1,0,1,1,0,1,1,0,1,0,1,1,1,0,8
EEE,2014B,604490,0,North Western Region,HE Qualification,0-10%,35-55,1,90,0,Withdrawn,7,0,0,0,0,1,1,0,0,1,1,1,0,1,1,3
EEE,2014B,604502,0,North Region,HE Qualification,,35-55,1,60,0,Pass,8,1,0,1,1,1,1,1,0,1,0,0,1,0,1,3
EEE,2014B,604571,0,East Midlands Region,Lower Than A Level,80-90%,0-35,0,120,0,Pass,12,1,0,1,1,0,1,0,1,0,0,1,1,0,1,7
EEE,2014B,604665,0,London Region,HE Qualification,30-40%,0-35,1,120,0,Withdrawn,15,1,1,0,1,0,1,1,1,0,0,0,1,0,0,10
EEE,2014B,604789,0,Yorkshire Region,Lower Than A Level,20-30%,0-35,0,60,0,Pass,11,1,1,0,0,0,1,0,0,1,0,0,1,0,1,6
EEE,2014B,605130,0,Scotland,HE Qualification,20-Oct,0-35,0,75,0,Withdrawn,10,0,1,1,0,0,1,1,1,1,0,1,0,0,0,1
EEE,2014B,605136,1,Scotland,HE Qualification,20-Oct,0-35,0,45,0,Withdrawn,2,0,0,0,0,0,0,0,1,1,1,1,0,1,1,2
EEE,2014B,605367,0,London Region,A Level or Equivalent,50-60%,35-55,0,30,0,Pass,5,1,1,1,1,0,1,1,0,0,0,1,0,0,0,9
EEE,2014B,605688,0,South Region,A Level or Equivalent,30-40%,35-55,0,60,0,Pass,13,0,1,1,0,0,1,1,1,1,1,1,0,0,1,5
EEE,2014B,606025,0,North Western Region,Lower Than A Level,0-10%,0-35,0,60,0,Withdrawn,15,1,0,0,1,0,1,0,0,1,0,0,1,1,0,10
EEE,2014B,606127,0,Yorkshire Region,A Level or Equivalent,20-Oct,0-35,0,60,0,Fail,13,1,0,1,0,1,1,1,0,0,0,0,1,0,0,5
EEE,2014B,606182,0,Scotland,A Level or Equivalent,70-80%,35-55,0,30,0,Pass,16,0,0,0,0,0,1,1,0,1,0,1,1,1,1,10
EEE,2014B,606290,0,East Midlands Region,Lower Than A Level,20-Oct,0-35,0,60,0,Withdrawn,14,0,1,1,1,1,0,0,0,1,1,1,1,1,0,5
EEE,2014B,606350,0,East Anglian Region,A Level or Equivalent,20-Oct,0-35,1,150,0,Fail,1,1,1,0,1,1,0,1,0,0,1,1,1,0,0,2
EEE,2014B,607413,0,East Anglian Region,HE Qualification,40-50%,0-35,0,60,0,Withdrawn,1,0,1,1,0,0,0,0,1,1,0,0,1,1,1,2
EEE,2014B,607570,0,Wales,Lower Than A Level,20-Oct,0-35,0,30,0,Fail,5,1,1,0,1,1,0,1,0,0,1,1,1,1,1,9
EEE,2014B,607703,0,Scotland,Lower Than A Level,40-50%,0-35,0,60,0,Withdrawn,1,0,0,1,1,0,1,1,1,1,1,0,1,1,1,2
EEE,2014B,608152,1,Scotland,HE Qualification,90-100%,0-35,0,60,0,Pass,2,1,1,1,1,0,0,1,1,0,1,0,0,1,1,2
EEE,2014B,608694,0,East Anglian Region,Lower Than A Level,80-90%,0-35,0,60,0,Withdrawn,5,1,0,1,1,1,1,0,1,0,1,0,1,1,1,9
EEE,2014B,609241,1,West Midlands Region,HE Qualification,20-30%,35-55,1,120,0,Withdrawn,14,0,0,1,0,1,1,1,1,1,0,0,0,0,0,5
EEE,2014B,609383,0,South Region,Lower Than A Level,60-70%,0-35,0,60,0,Fail,15,1,1,0,0,0,1,0,0,1,1,0,0,1,1,10
EEE,2014B,609450,0,Scotland,HE Qualification,40-50%,0-35,0,60,0,Fail,1,1,1,1,1,1,0,0,1,0,0,0,0,0,0,2
EEE,2014B,609605,0,Wales,HE Qualification,70-80%,0-35,0,120,0,Withdrawn,10,0,1,1,1,0,1,0,0,1,1,1,1,1,0,1
EEE,2014B,609645,0,South Region,A Level or Equivalent,90-100%,0-35,0,120,0,Pass,5,1,0,0,0,0,1,0,0,1,1,0,1,1,0,9
EEE,2014B,610234,0,Scotland,HE Qualification,50-60%,0-35,0,90,0,Distinction,3,1,1,0,1,1,1,0,1,1,1,1,1,0,0,8
EEE,2014B,610287,0,East Anglian Region,HE Qualification,80-90%,0-35,0,60,0,Withdrawn,4,0,1,1,0,0,0,0,0,1,0,1,0,1,1,8
EEE,2014B,610684,0,East Midlands Region,Lower Than A Level,20-30%,35-55,0,30,1,Pass,9,0,0,0,1,0,0,0,0,1,0,0,0,0,0,4
EEE,2014B,610718,0,North Region,Lower Than A Level,40-50%,0-35,0,60,0,Fail,14,1,1,0,1,0,1,1,1,1,0,1,1,1,0,5
EEE,2014B,610927,0,South West Region,A Level or Equivalent,30-40%,0-35,0,30,0,Withdrawn,5,0,1,0,0,1,1,0,0,0,1,0,0,1,1,9
EEE,2014B,611024,1,North Region,Post Graduate Qualification,,35-55,0,30,0,Pass,1,1,0,1,1,0,0,1,1,1,0,1,1,1,1,2
EEE,2014B,611407,0,South Region,A Level or Equivalent,90-100%,0-35,0,30,0,Pass,8,1,0,0,0,1,0,1,0,1,0,0,0,0,1,3
EEE,2014B,611502,0,West Midlands Region,Lower Than A Level,60-70%,35-55,0,60,0,Distinction,11,0,1,0,0,0,0,1,1,1,1,1,0,1,1,6
EEE,2014B,611971,0,North Western Region,A Level or Equivalent,30-40%,0-35,0,30,0,Withdrawn,4,1,0,1,0,0,0,1,1,0,0,0,0,0,0,8
EEE,2014B,611999,0,Ireland,A Level or Equivalent,20-30%,0-35,0,30,0,Fail,8,1,0,1,1,0,0,1,0,1,1,0,1,0,1,3
EEE,2014B,612023,0,South Region,Lower Than A Level,30-40%,0-35,0,60,0,Fail,8,0,0,1,1,1,1,1,0,1,0,1,0,1,1,3
EEE,2014B,612124,0,South East Region,A Level or Equivalent,70-80%,0-35,0,60,0,Withdrawn,2,0,0,0,1,1,1,0,1,1,1,0,0,0,1,2
EEE,2014B,612127,0,West Midlands Region,A Level or Equivalent,70-80%,0-35,0,60,0,Pass,16,0,0,0,0,0,1,0,1,0,0,1,0,1,0,10
EEE,2014B,612287,0,Wales,Lower Than A Level,30-40%,0-35,0,60,0,Withdrawn,1,1,0,1,0,1,0,0,1,1,0,1,0,0,1,2
EEE,2014B,612327,0,South West Region,A Level or Equivalent,50-60%,0-35,0,30,0,Distinction,4,0,1,0,0,1,1,0,1,0,1,0,0,0,1,8
EEE,2014B,612397,0,South East Region,Lower Than A Level,50-60%,35-55,0,60,0,Fail,2,1,0,1,1,1,0,0,0,0,1,0,1,1,1,2
EEE,2014B,612449,0,East Anglian Region,A Level or Equivalent,60-70%,35-55,0,30,0,Pass,6,1,1,0,1,0,1,1,1,1,1,0,0,1,1,9
EEE,2014B,612644,0,South West Region,A Level or Equivalent,20-Oct,0-35,0,60,0,Pass,6,0,0,0,0,1,1,1,1,0,0,0,0,0,1,9
EEE,2014B,612673,0,Wales,A Level or Equivalent,20-30%,0-35,0,60,0,Fail,4,0,1,0,1,1,0,0,1,1,0,0,0,0,0,8
EEE,2014B,612882,0,East Anglian Region,HE Qualification,20-30%,0-35,0,60,0,Fail,9,1,1,1,1,0,0,0,1,1,0,0,1,0,0,4
EEE,2014B,613091,0,Scotland,A Level or Equivalent,50-60%,0-35,0,30,0,Fail,5,0,1,1,0,0,0,1,1,0,1,1,0,1,0,9
EEE,2014B,613116,1,West Midlands Region,Lower Than A Level,70-80%,0-35,0,60,0,Fail,4,1,1,0,1,1,1,1,1,1,1,0,0,1,0,8
EEE,2014B,613120,0,London Region,A Level or Equivalent,20-30%,35-55,0,120,0,Withdrawn,12,1,0,0,1,0,0,1,1,0,1,0,1,1,1,7
EEE,2014B,613122,0,North Western Region,HE Qualification,30-40%,35-55,0,60,0,Pass,9,1,0,1,1,1,0,0,1,0,1,1,1,0,0,4
EEE,2014B,613133,0,North Region,Post Graduate Qualification,,0-35,0,60,0,Pass,11,0,0,0,1,1,0,1,0,0,1,0,1,0,0,6
EEE,2014B,613213,0,South Region,Lower Than A Level,30-40%,35-55,0,60,0,Distinction,8,0,1,1,1,1,0,1,1,1,0,0,1,0,0,3
EEE,2014B,613387,0,North Region,HE Qualification,80-90%,0-35,0,60,0,Fail,11,1,0,0,1,1,1,0,1,1,1,1,0,1,1,6
EEE,2014B,613501,0,East Anglian Region,Lower Than A Level,70-80%,0-35,0,60,0,Pass,11,0,0,0,1,1,1,1,0,1,1,1,0,0,1,6
EEE,2014B,613790,0,Scotland,HE Qualification,50-60%,35-55,0,30,0,Withdrawn,1,0,0,0,1,0,0,0,0,1,0,1,1,0,0,2
EEE,2014B,614234,0,Scotland,HE Qualification,60-70%,35-55,0,75,0,Distinction,10,1,0,1,1,0,1,0,0,0,0,0,1,0,0,1
EEE,2014B,614245,0,Scotland,A Level or Equivalent,40-50%,35-55,0,30,0,Pass,1,1,1,1,0,0,0,0,0,1,0,0,1,0,1,2
EEE,2014B,614754,0,Scotland,HE Qualification,80-90%,0-35,0,30,0,Pass,11,0,1,0,0,0,0,1,1,0,0,0,0,0,0,6
EEE,2014B,614952,0,London Region,Lower Than A Level,20-Oct,0-35,0,60,0,Withdrawn,12,1,0,1,0,0,1,0,1,1,0,0,0,0,1,7
EEE,2014B,615112,0,Wales,Lower Than A Level,20-30%,35-55,0,30,0,Fail,2,0,0,0,0,0,1,1,1,0,0,1,1,0,1,2
EEE,2014B,615229,0,Yorkshire Region,A Level or Equivalent,0-10%,0-35,0,60,1,Pass,7,1,1,1,1,1,0,0,0,0,1,0,1,1,0,3
EEE,2014B,615242,0,East Anglian Region,Lower Than A Level,0-10%,0-35,0,30,0,Fail,13,0,1,0,0,0,1,0,0,0,0,1,1,0,1,5
EEE,2014B,616386,0,East Midlands Region,Lower Than A Level,20-Oct,35-55,0,60,0,Pass,5,1,0,1,0,0,1,1,0,1,0,1,0,1,0,9
EEE,2014B,616407,0,Wales,Lower Than A Level,70-80%,35-55,0,60,0,Withdrawn,16,0,1,0,1,1,0,1,0,0,1,0,1,0,0,10
EEE,2014B,616439,0,East Anglian Region,A Level or Equivalent,50-60%,0-35,0,60,0,Pass,16,0,1,0,1,0,1,0,0,0,1,1,1,1,0,10
EEE,2014B,616700,0,London Region,Lower Than A Level,30-40%,35-55,0,30,0,Withdrawn,11,0,1,0,1,0,1,0,1,1,1,0,1,1,0,6
EEE,2014B,616708,0,South East Region,A Level or Equivalent,70-80%,0-35,0,30,0,Fail,9,1,1,1,1,1,1,1,0,0,1,1,1,0,0,4
EEE,2014B,616831,0,North Western Region,Lower Than A Level,0-10%,0-35,0,60,0,Distinction,4,0,1,1,1,0,1,1,1,1,1,1,0,0,1,8
EEE,2014B,616927,0,North Region,A Level or Equivalent,70-80%,0-35,0,30,0,Fail,6,0,1,1,1,1,0,1,1,0,0,1,0,1,1,9
EEE,2014B,616976,0,Yorkshire Region,A Level or Equivalent,80-90%,0-35,0,60,0,Withdrawn,1,1,1,0,0,1,1,1,1,0,1,0,0,0,0,2
EEE,2014B,617186,1,London Region,Lower Than A Level,0-10%,0-35,0,60,0,Fail,15,1,1,1,1,1,0,1,0,0,0,1,1,1,1,10
EEE,2014B,617309,0,Wales,A Level or Equivalent,30-40%,0-35,0,60,0,Withdrawn,12,0,0,1,0,1,0,1,1,0,1,0,0,0,1,7
EEE,2014B,617331,0,South Region,A Level or Equivalent,0-10%,0-35,0,60,0,Withdrawn,16,1,0,1,1,1,0,0,1,1,1,1,1,1,1,10
EEE,2014B,617355,1,South Region,Lower Than A Level,30-40%,0-35,0,60,0,Pass,10,0,1,1,1,0,1,0,1,0,0,1,0,0,1,1
EEE,2014B,617365,0,Scotland,Lower Than A Level,20-30%,0-35,0,60,0,Distinction,11,1,1,0,1,1,1,0,1,0,1,1,1,0,1,6
EEE,2014B,617418,0,North Western Region,A Level or Equivalent,20-30%,0-35,0,30,0,Fail,8,1,1,0,0,0,1,1,0,0,1,1,1,1,1,3
EEE,2014B,617455,0,East Anglian Region,A Level or Equivalent,70-80%,0-35,0,30,0,Pass,7,1,1,1,1,0,0,1,0,1,1,1,1,0,1,3
EEE,2014B,617531,0,Scotland,HE Qualification,50-60%,0-35,0,120,0,Pass,10,0,1,1,0,0,1,1,1,1,1,0,1,1,0,1
EEE,2014B,617898,0,North Region,Lower Than A Level,20-30%,0-35,0,60,0,Withdrawn,15,1,1,1,0,1,1,0,1,1,1,1,1,1,0,10
EEE,2014B,618078,0,East Midlands Region,A Level or Equivalent,20-Oct,0-35,0,60,0,Fail,15,1,0,0,1,1,0,0,0,1,0,1,1,0,0,10
EEE,2014B,618514,0,West Midlands Region,A Level or Equivalent,0-10%,0-35,0,60,0,Withdrawn,5,0,1,0,0,0,0,1,1,0,0,1,1,1,1,9
EEE,2014B,618571,0,North Region,A Level or Equivalent,0-10%,35-55,0,60,0,Pass,1,1,1,1,0,1,1,0,1,0,0,0,0,0,1,2
EEE,2014B,618583,1,East Anglian Region,A Level or Equivalent,20-30%,0-35,0,90,1,Pass,11,0,0,0,1,1,0,1,1,1,1,1,0,1,1,6
EEE,2014B,618606,0,East Midlands Region,A Level or Equivalent,20-Oct,0-35,0,60,0,Pass,8,1,1,0,0,1,1,1,0,0,1,0,1,1,0,3
EEE,2014B,618619,0,East Midlands Region,Lower Than A Level,80-90%,0-35,0,60,0,Withdrawn,6,1,0,1,0,1,0,0,0,0,1,1,1,1,0,9
EEE,2014B,618701,0,North Western Region,Lower Than A Level,0-10%,0-35,0,90,0,Withdrawn,11,1,1,1,1,0,0,1,0,0,0,0,1,1,1,6
EEE,2014B,618768,0,East Anglian Region,Lower Than A Level,80-90%,0-35,0,90,0,Withdrawn,16,1,1,1,0,1,0,1,0,1,1,0,0,1,1,10
EEE,2014B,618777,0,South West Region,A Level or Equivalent,60-70%,0-35,0,60,0,Pass,10,1,0,0,0,0,0,0,0,0,0,1,1,1,1,1
EEE,2014B,618824,1,Wales,Lower Than A Level,0-10%,0-35,0,60,0,Distinction,9,1,0,0,1,1,1,0,0,1,0,1,1,0,0,4
EEE,2014B,618982,0,South East Region,Lower Than A Level,50-60%,0-35,0,30,0,Pass,10,1,1,0,1,1,1,0,1,1,1,0,1,1,0,1
EEE,2014B,619006,0,North Western Region,A Level or Equivalent,60-70%,0-35,0,60,0,Withdrawn,1,1,0,0,0,0,0,1,1,1,0,1,0,0,1,2
EEE,2014B,619014,0,Yorkshire Region,A Level or Equivalent,30-40%,0-35,0,60,0,Pass,16,1,0,1,0,1,0,0,0,0,1,0,1,0,0,10
EEE,2014B,619292,0,North Region,A Level or Equivalent,,35-55,0,60,0,Distinction,13,1,0,0,1,1,0,0,0,0,0,1,0,1,1,5
EEE,2014B,619369,0,East Anglian Region,Lower Than A Level,60-70%,0-35,0,60,0,Withdrawn,11,1,1,1,0,1,1,1,0,0,0,1,1,1,0,6
EEE,2014B,619380,0,South East Region,A Level or Equivalent,50-60%,0-35,0,30,0,Pass,4,0,0,1,0,0,0,0,0,0,0,0,0,1,0,8
EEE,2014B,619503,0,North Region,A Level or Equivalent,70-80%,0-35,0,30,0,Pass,14,0,0,0,0,1,1,1,0,1,0,0,0,1,0,5
EEE,2014B,619887,0,East Midlands Region,Lower Than A Level,50-60%,0-35,0,180,0,Withdrawn,16,0,0,0,0,1,0,0,1,0,1,0,1,1,1,10
EEE,2014B,619927,0,South West Region,Lower Than A Level,30-40%,0-35,0,30,0,Distinction,15,1,1,1,1,1,0,0,1,1,0,1,1,0,0,10
EEE,2014B,619928,1,South West Region,Lower Than A Level,30-40%,0-35,0,30,0,Distinction,2,1,1,1,0,1,0,0,1,0,1,1,1,1,1,2
EEE,2014B,620215,0,North Western Region,A Level or Equivalent,0-10%,0-35,0,60,1,Pass,5,1,0,0,1,1,0,1,1,1,1,1,0,1,1,9
EEE,2014B,620260,0,North Western Region,A Level or Equivalent,30-40%,35-55,0,60,0,Fail,9,0,0,0,0,0,1,0,0,1,0,0,0,0,0,4
EEE,2014B,620369,0,Wales,A Level or Equivalent,30-40%,0-35,0,75,0,Pass,9,1,1,0,0,0,0,1,0,0,1,0,0,0,1,4
EEE,2014B,620376,0,South Region,Lower Than A Level,40-50%,0-35,0,60,0,Withdrawn,2,1,1,0,0,0,1,0,1,1,0,0,0,1,0,2
EEE,2014B,620414,0,East Midlands Region,Lower Than A Level,60-70%,0-35,0,30,0,Fail,11,1,0,1,1,1,1,1,1,1,0,0,0,1,1,6
EEE,2014B,620434,0,East Anglian Region,Lower Than A Level,60-70%,0-35,0,30,0,Withdrawn,12,0,0,0,1,1,0,1,1,0,1,1,1,1,1,7
EEE,2014B,620646,0,South Region,Lower Than A Level,90-100%,0-35,0,60,0,Pass,11,1,0,1,0,0,1,0,0,0,1,0,1,1,1,6
EEE,2014B,620713,0,South West Region,Lower Than A Level,20-Oct,0-35,0,120,1,Withdrawn,5,1,1,0,0,1,0,1,0,0,0,0,0,1,1,9
EEE,2014B,620716,0,Ireland,Lower Than A Level,60-70%,0-35,0,30,1,Distinction,2,0,0,0,1,0,1,1,0,0,0,0,1,1,1,2
EEE,2014B,620876,0,South Region,A Level or Equivalent,80-90%,0-35,0,60,0,Fail,3,0,0,0,0,0,0,0,0,0,0,1,1,1,1,8
EEE,2014B,620916,0,East Midlands Region,Lower Than A Level,20-Oct,0-35,0,60,0,Fail,13,0,1,0,0,1,0,0,0,0,0,0,0,0,0,5
EEE,2014B,620918,0,Yorkshire Region,A Level or Equivalent,0-10%,0-35,0,60,0,Withdrawn,10,1,0,1,0,1,0,1,0,0,0,1,0,0,0,1
EEE,2014B,620977,0,South West Region,A Level or Equivalent,80-90%,0-35,0,60,0,Withdrawn,13,0,0,0,1,0,1,1,0,1,1,0,1,1,0,5
EEE,2014B,621401,0,Yorkshire Region,A Level or Equivalent,30-40%,0-35,0,60,0,Fail,3,1,0,0,1,0,1,1,1,1,0,0,1,0,1,8
EEE,2014B,621414,0,North Region,Lower Than A Level,40-50%,35-55,0,30,0,Pass,8,0,1,1,0,1,0,0,0,0,1,0,0,0,1,3
EEE,2014B,621619,0,East Anglian Region,Lower Than A Level,30-40%,0-35,0,60,1,Withdrawn,1,0,0,1,1,0,0,1,0,1,1,0,0,1,1,2
EEE,2014B,621655,0,North Western Region,Lower Than A Level,70-80%,0-35,0,60,0,Pass,6,1,1,1,0,1,0,1,1,0,1,0,0,1,1,9
EEE,2014B,621853,0,East Anglian Region,Lower Than A Level,40-50%,0-35,0,30,0,Withdrawn,14,1,1,0,0,1,1,0,1,1,1,0,1,0,0,5
EEE,2014B,621906,0,South East Region,Lower Than A Level,80-90%,0-35,0,60,0,Fail,7,0,0,0,1,0,0,1,0,0,0,0,0,1,1,3
EEE,2014B,622015,0,Scotland,Lower Than A Level,70-80%,0-35,0,60,0,Fail,4,0,0,1,0,1,0,1,0,0,1,1,0,1,1,8
EEE,2014B,622037,0,East Anglian Region,A Level or Equivalent,20-30%,0-35,0,30,0,Fail,12,0,1,1,0,0,1,1,0,1,0,0,1,0,0,7
EEE,2014B,622280,0,Scotland,Lower Than A Level,0-10%,35-55,0,30,0,Fail,8,0,1,1,1,0,1,0,0,1,1,0,0,0,1,3
EEE,2014B,622315,0,North Region,Lower Than A Level,20-30%,0-35,0,30,0,Withdrawn,8,1,1,0,0,1,1,1,0,0,1,0,0,1,0,3
EEE,2014B,622368,0,South Region,Lower Than A Level,90-100%,35-55,0,60,1,Pass,4,1,1,0,0,1,0,0,1,0,1,1,1,0,1,8
EEE,2014B,622398,0,North Western Region,HE Qualification,0-10%,0-35,0,60,0,Withdrawn,6,0,1,1,1,0,1,1,1,1,1,1,0,1,0,9
EEE,2014B,622425,0,North Western Region,A Level or Equivalent,40-50%,0-35,0,30,0,Pass,14,1,1,1,0,0,0,0,0,1,0,1,1,0,0,5
EEE,2014B,622609,0,Yorkshire Region,A Level or Equivalent,20-Oct,0-35,0,30,0,Pass,3,0,0,1,0,0,1,1,1,1,0,1,1,1,0,8
EEE,2014B,622812,0,East Midlands Region,A Level or Equivalent,70-80%,0-35,0,30,1,Distinction,16,0,1,1,1,1,0,0,1,0,0,0,1,1,1,10
EEE,2014B,622948,0,North Region,A Level or Equivalent,30-40%,0-35,0,60,0,Pass,3,1,0,1,1,0,1,0,0,0,0,1,0,0,0,8
EEE,2014B,623079,0,South West Region,Lower Than A Level,50-60%,0-35,0,30,0,Pass,13,0,1,1,1,1,1,0,0,0,0,1,0,1,0,5
EEE,2014B,623100,0,London Region,A Level or Equivalent,40-50%,0-35,0,30,0,Pass,5,1,0,1,1,0,0,0,1,1,1,0,0,1,1,9
EEE,2014B,623105,0,North Western Region,Lower Than A Level,60-70%,0-35,0,30,0,Fail,1,0,1,0,0,1,0,1,0,1,1,1,0,1,1,2
EEE,2014B,623111,0,Yorkshire Region,A Level or Equivalent,0-10%,0-35,0,120,1,Withdrawn,7,0,0,0,1,1,0,1,1,1,1,0,1,1,1,3
EEE,2014B,623115,0,East Midlands Region,A Level or Equivalent,60-70%,0-35,0,60,0,Fail,3,0,1,0,0,0,1,0,0,0,0,0,1,0,1,8
EEE,2014B,623184,1,South West Region,A Level or Equivalent,80-90%,0-35,0,60,0,Fail,4,1,1,0,1,0,1,0,1,0,1,1,1,1,0,8
EEE,2014B,623250,0,East Anglian Region,A Level or Equivalent,20-Oct,0-35,0,60,0,Pass,3,0,0,0,1,1,1,1,1,0,1,0,1,1,1,8
EEE,2014B,623421,0,East Midlands Region,A Level or Equivalent,70-80%,0-35,0,60,0,Pass,11,1,0,0,0,1,0,0,0,1,1,0,1,1,0,6
EEE,2014B,623562,0,West Midlands Region,A Level or Equivalent,70-80%,0-35,0,60,1,Pass,9,1,0,0,1,0,0,1,0,0,0,0,0,0,0,4
EEE,2014B,623609,0,North Western Region,Lower Than A Level,50-60%,35-55,0,60,0,Fail,16,1,0,0,1,0,1,0,0,1,0,0,1,0,0,10
EEE,2014B,623667,0,South East Region,A Level or Equivalent,30-40%,0-35,0,60,0,Pass,1,0,1,1,0,0,0,1,0,0,1,1,1,0,0,2
EEE,2014B,623738,0,London Region,A Level or Equivalent,20-30%,35-55,0,90,0,Fail,1,0,1,1,0,1,0,0,1,1,0,1,1,1,0,2
EEE,2014B,623780,0,Scotland,Lower Than A Level,70-80%,0-35,0,60,0,Pass,5,0,0,0,1,0,1,0,0,0,1,1,1,1,1,9
EEE,2014B,623797,1,North Region,Lower Than A Level,0-10%,35-55,0,60,0,Pass,15,1,1,1,1,1,1,0,0,0,0,1,0,1,1,10
EEE,2014B,623864,1,London Region,A Level or Equivalent,30-40%,0-35,0,60,0,Pass,13,1,1,1,1,0,0,1,0,1,1,0,1,0,0,5
EEE,2014B,623940,0,Wales,A Level or Equivalent,20-30%,0-35,0,60,0,Fail,6,0,1,1,1,1,1,0,1,1,1,0,0,0,0,9
EEE,2014B,624034,0,East Midlands Region,A Level or Equivalent,70-80%,0-35,0,30,0,Withdrawn,10,1,0,0,1,1,0,0,0,1,0,0,1,0,0,1
EEE,2014B,624050,0,East Anglian Region,Lower Than A Level,50-60%,0-35,0,30,0,Withdrawn,1,1,0,0,1,1,1,1,1,1,1,1,0,0,0,2
EEE,2014B,624092,0,South East Region,Lower Than A Level,70-80%,0-35,0,30,0,Fail,11,0,1,1,0,1,0,1,1,1,0,1,1,1,1,6
EEE,2014B,624126,0,South Region,Lower Than A Level,90-100%,0-35,0,60,0,Withdrawn,10,0,1,0,0,1,0,0,0,0,1,0,1,1,0,1
EEE,2014B,624153,0,West Midlands Region,Lower Than A Level,80-90%,0-35,0,60,0,Fail,13,0,1,0,1,0,1,0,0,0,0,0,0,0,0,5
EEE,2014B,624266,1,South East Region,A Level or Equivalent,40-50%,0-35,0,120,0,Withdrawn,13,1,0,1,1,0,0,0,0,0,1,0,1,1,1,5
EEE,2014B,624384,0,Yorkshire Region,Lower Than A Level,50-60%,0-35,0,30,0,Withdrawn,9,0,1,0,1,0,0,1,0,0,1,1,1,0,1,4
EEE,2014B,624441,0,South Region,A Level or Equivalent,90-100%,0-35,0,60,0,Pass,1,0,1,0,0,0,0,0,1,0,0,0,0,0,0,2
EEE,2014B,624469,0,Yorkshire Region,Lower Than A Level,70-80%,35-55,0,30,0,Pass,6,0,1,0,1,0,1,1,0,1,0,0,0,0,1,9
EEE,2014B,624782,1,East Anglian Region,Lower Than A Level,30-40%,0-35,0,60,0,Pass,12,1,0,1,1,1,1,0,1,1,1,1,0,1,1,7
EEE,2014B,625067,0,West Midlands Region,HE Qualification,90-100%,0-35,0,30,0,Pass,10,0,0,1,1,1,0,1,1,0,0,1,1,1,1,1
EEE,2014B,625121,0,South East Region,Lower Than A Level,70-80%,0-35,0,60,0,Withdrawn,8,0,1,0,0,1,0,1,1,0,0,0,1,0,0,3
EEE,2014B,625126,0,North Western Region,Lower Than A Level,80-90%,0-35,0,60,0,Pass,7,0,1,1,1,0,1,0,1,1,0,0,0,0,0,3
EEE,2014B,625174,1,East Anglian Region,A Level or Equivalent,40-50%,0-35,0,60,0,Distinction,4,0,0,0,0,0,1,0,0,1,1,1,1,1,0,8
EEE,2014B,625207,0,West Midlands Region,HE Qualification,0-10%,0-35,0,60,0,Withdrawn,4,1,1,1,0,1,1,1,0,1,1,0,1,1,1,8
EEE,2014B,625213,0,Yorkshire Region,Lower Than A Level,50-60%,0-35,0,60,0,Fail,9,1,1,0,1,0,0,1,1,0,1,1,0,0,0,4
EEE,2014B,625476,0,North Western Region,Lower Than A Level,60-70%,0-35,0,60,0,Distinction,8,0,1,1,1,0,1,0,1,1,1,1,0,0,0,3
EEE,2014B,625527,0,North Region,A Level or Equivalent,70-80%,0-35,0,60,0,Pass,4,1,1,1,0,1,1,0,1,1,0,1,0,0,1,8
EEE,2014B,625541,0,Yorkshire Region,Lower Than A Level,20-30%,0-35,0,30,0,Pass,7,1,1,0,1,1,0,1,1,1,1,0,1,1,1,3
EEE,2014B,625740,0,North Western Region,HE Qualification,30-40%,0-35,0,60,0,Pass,16,1,0,0,1,0,1,0,1,1,0,1,1,0,0,10
EEE,2014B,625774,0,Scotland,Lower Than A Level,0-10%,35-55,0,60,0,Withdrawn,15,0,1,1,1,1,1,0,0,1,0,1,1,0,0,10
EEE,2014B,625785,0,Scotland,A Level or Equivalent,90-100%,0-35,0,90,0,Withdrawn,6,0,1,0,0,1,0,0,0,1,1,1,1,0,1,9
EEE,2014B,625790,0,South Region,Lower Than A Level,70-80%,0-35,0,60,0,Fail,10,0,1,0,1,0,1,1,1,0,1,1,0,0,0,1
EEE,2014B,625841,0,North Western Region,A Level or Equivalent,20-30%,0-35,0,60,0,Fail,1,0,1,1,1,0,1,1,0,1,0,1,0,0,1,2
EEE,2014B,625861,0,West Midlands Region,A Level or Equivalent,50-60%,0-35,0,60,0,Pass,10,1,1,0,1,0,1,1,1,0,0,1,0,0,1,1
EEE,2014B,625884,0,South West Region,A Level or Equivalent,40-50%,0-35,0,60,0,Withdrawn,9,0,1,1,1,1,1,1,1,0,0,1,1,1,0,4
EEE,2014B,625901,0,Yorkshire Region,Lower Than A Level,40-50%,35-55,0,30,0,Withdrawn,11,0,1,0,0,1,0,1,1,0,1,0,1,0,1,6
EEE,2014B,625950,0,East Midlands Region,Lower Than A Level,20-30%,0-35,0,60,0,Withdrawn,9,1,0,0,1,0,0,1,0,0,0,1,0,0,1,4
EEE,2014B,625953,0,London Region,HE Qualification,20-Oct,35-55,0,90,0,Pass,16,0,0,0,1,0,0,1,1,1,0,0,0,1,1,10
EEE,2014B,625975,0,West Midlands Region,A Level or Equivalent,50-60%,0-35,0,60,1,Fail,11,0,0,0,1,0,1,1,0,1,0,0,1,1,0,6
EEE,2014B,626022,1,East Midlands Region,Lower Than A Level,40-50%,0-35,0,30,0,Withdrawn,11,0,1,0,0,1,0,0,1,1,1,1,1,1,0,6
EEE,2014B,626055,1,Scotland,HE Qualification,20-Oct,0-35,0,90,0,Fail,14,1,0,0,0,1,0,0,1,0,0,0,1,1,0,5
EEE,2014B,626183,0,East Anglian Region,Lower Than A Level,0-10%,0-35,0,60,0,Pass,6,0,1,1,0,0,0,1,1,1,1,1,0,1,0,9
EEE,2014B,626296,0,South Region,Lower Than A Level,80-90%,0-35,0,90,0,Pass,5,0,1,0,1,0,0,0,1,0,1,1,1,1,0,9
EEE,2014B,626407,0,South East Region,Lower Than A Level,20-30%,0-35,0,60,0,Pass,16,1,0,0,1,1,0,0,1,0,1,1,0,0,0,10
EEE,2014B,626444,0,Yorkshire Region,A Level or Equivalent,50-60%,0-35,0,60,0,Withdrawn,11,1,0,0,0,0,1,1,1,0,0,1,0,0,0,6
EEE,2014B,626494,0,Scotland,A Level or Equivalent,50-60%,0-35,0,60,0,Fail,7,0,1,1,1,0,1,0,1,0,0,0,0,1,0,3
EEE,2014B,626516,0,East Midlands Region,Lower Than A Level,60-70%,35-55,0,60,0,Fail,14,0,1,1,0,0,0,1,0,1,1,0,0,1,1,5
EEE,2014B,626519,0,London Region,A Level or Equivalent,70-80%,0-35,0,30,0,Pass,15,1,1,0,1,0,0,0,0,0,0,0,0,0,1,10
EEE,2014B,626625,0,Scotland,A Level or Equivalent,50-60%,0-35,0,90,0,Pass,3,1,0,0,1,1,1,1,0,0,1,0,1,1,0,8
EEE,2014B,626714,0,West Midlands Region,A Level or Equivalent,70-80%,0-35,0,60,0,Pass,2,1,1,1,0,0,0,1,1,1,0,1,1,0,1,2
EEE,2014B,626749,0,London Region,A Level or Equivalent,20-30%,0-35,0,30,0,Pass,10,1,1,0,1,1,1,0,1,1,1,1,1,0,1,1
EEE,2014B,626753,0,North Region,A Level or Equivalent,0-10%,0-35,0,30,0,Pass,3,0,1,1,0,0,0,1,0,0,0,0,0,1,1,8
EEE,2014B,626768,0,London Region,A Level or Equivalent,40-50%,35-55,0,30,1,Pass,14,1,0,1,1,0,1,1,0,1,1,1,1,0,0,5
EEE,2014B,626772,0,London Region,Lower Than A Level,70-80%,0-35,0,60,0,Fail,1,0,0,0,1,0,1,0,0,0,0,1,1,1,0,2
EEE,2014B,626789,0,South West Region,Lower Than A Level,40-50%,0-35,0,30,0,Withdrawn,16,1,0,1,0,1,0,0,0,0,0,1,1,0,0,10
EEE,2014B,626877,0,West Midlands Region,A Level or Equivalent,40-50%,0-35,0,60,0,Pass,5,0,1,0,0,0,1,1,1,0,1,1,0,1,1,9
EEE,2014B,626906,0,South Region,Lower Than A Level,90-100%,0-35,0,60,0,Fail,14,0,0,1,0,0,1,1,1,1,1,0,0,0,1,5
EEE,2014B,626998,0,Yorkshire Region,HE Qualification,30-40%,0-35,0,60,0,Withdrawn,12,0,0,1,0,0,0,1,1,0,0,1,0,0,1,7
EEE,2014B,627160,1,London Region,Lower Than A Level,20-Oct,0-35,0,120,0,Withdrawn,12,0,1,0,1,0,1,0,1,0,0,0,0,0,0,7
EEE,2014B,627168,0,East Anglian Region,Lower Than A Level,60-70%,0-35,0,60,0,Withdrawn,7,0,1,0,1,1,1,1,0,0,0,0,0,1,1,3
EEE,2014B,627290,0,South East Region,Lower Than A Level,80-90%,0-35,0,30,0,Fail,7,0,0,1,1,1,0,1,1,0,0,0,0,1,0,3
EEE,2014B,627387,0,West Midlands Region,HE Qualification,50-60%,0-35,0,60,0,Pass,15,0,1,0,0,0,1,0,0,0,1,1,0,0,1,10
EEE,2014B,627390,0,North Western Region,Lower Than A Level,30-40%,0-35,0,60,0,Withdrawn,7,1,0,1,1,1,1,1,1,1,1,1,1,0,0,3
EEE,2014B,627399,1,North Western Region,A Level or Equivalent,0-10%,0-35,0,60,0,Distinction,4,1,0,1,1,0,1,1,1,0,1,0,1,0,0,8
EEE,2014B,627401,0,London Region,HE Qualification,40-50%,0-35,0,30,0,Distinction,5,1,1,1,1,0,0,0,0,0,1,1,1,0,0,9
EEE,2014B,627450,0,North Region,Lower Than A Level,,0-35,0,30,0,Pass,6,1,1,0,1,0,0,1,0,0,1,1,0,0,0,9
EEE,2014B,627461,0,Wales,A Level or Equivalent,50-60%,0-35,0,30,0,Fail,11,1,0,0,0,0,1,1,1,0,0,0,1,1,1,6
EEE,2014B,627471,1,Scotland,Lower Than A Level,50-60%,0-35,0,30,0,Pass,3,0,1,1,0,1,0,1,1,0,1,0,1,1,1,8
EEE,2014B,627500,0,South Region,Lower Than A Level,80-90%,0-35,0,60,0,Withdrawn,6,1,1,1,1,0,1,0,0,1,0,1,1,0,1,9
EEE,2014B,627516,0,Wales,Lower Than A Level,50-60%,35-55,0,60,0,Pass,6,1,0,1,1,0,1,0,1,1,1,0,1,1,0,9
EEE,2014B,627636,0,East Midlands Region,Lower Than A Level,80-90%,0-35,0,60,0,Pass,5,0,1,0,1,0,0,0,1,0,0,1,0,1,0,9
EEE,2014B,627711,0,West Midlands Region,A Level or Equivalent,20-Oct,0-35,0,60,0,Pass,14,1,1,0,0,1,1,0,0,1,1,1,1,0,1,5
EEE,2014B,627750,1,Scotland,HE Qualification,40-50%,0-35,0,60,0,Pass,5,1,1,0,1,1,1,0,1,0,0,1,0,1,0,9
EEE,2014B,627907,0,South Region,Lower Than A Level,20-Oct,0-35,0,60,0,Pass,15,0,0,1,0,1,1,0,1,0,0,1,0,1,0,10
EEE,2014B,627961,0,Wales,Lower Than A Level,40-50%,0-35,0,30,0,Fail,11,0,0,1,0,0,1,0,0,1,1,1,0,0,1,6
EEE,2014B,628054,0,East Midlands Region,Lower Than A Level,40-50%,35-55,0,60,0,Withdrawn,12,0,0,1,1,0,0,1,1,1,0,0,0,0,1,7
EEE,2014B,628214,0,South East Region,Lower Than A Level,70-80%,0-35,0,60,0,Withdrawn,3,1,0,0,1,0,0,0,0,1,0,1,0,0,0,8
EEE,2014B,628300,0,East Anglian Region,A Level or Equivalent,40-50%,0-35,0,30,0,Pass,11,0,1,0,0,1,1,1,0,0,1,0,1,1,0,6
EEE,2014B,628366,0,Scotland,Lower Than A Level,40-50%,0-35,0,60,0,Withdrawn,4,0,1,1,1,0,1,1,1,0,1,1,0,1,1,8
EEE,2014B,628527,0,Wales,A Level or Equivalent,30-40%,0-35,0,60,0,Withdrawn,6,0,1,1,1,0,1,0,1,0,1,1,1,0,0,9
EEE,2014B,628677,1,Scotland,Lower Than A Level,70-80%,35-55,0,90,0,Withdrawn,13,1,1,1,0,1,0,0,1,1,1,1,1,0,0,5
EEE,2014B,628686,0,East Anglian Region,Lower Than A Level,40-50%,0-35,0,90,0,Withdrawn,4,1,1,1,1,0,0,0,0,0,0,1,1,1,1,8
EEE,2014B,628718,0,Scotland,A Level or Equivalent,60-70%,0-35,0,90,1,Pass,16,1,1,1,0,1,1,0,0,0,0,1,0,0,0,10
EEE,2014B,628777,0,London Region,A Level or Equivalent,50-60%,0-35,0,30,0,Pass,8,0,1,0,0,1,0,1,1,0,0,1,0,1,0,3
EEE,2014B,628910,0,London Region,A Level or Equivalent,60-70%,0-35,0,30,0,Pass,10,1,1,1,0,0,0,0,0,1,1,0,1,1,1,1
EEE,2014B,628914,0,London Region,HE Qualification,30-40%,35-55,0,30,0,Fail,16,1,0,0,1,1,1,1,0,0,1,0,0,1,1,10
EEE,2014B,628938,0,West Midlands Region,A Level or Equivalent,0-10%,0-35,0,60,0,Withdrawn,2,1,0,1,0,0,1,1,0,0,1,1,0,1,0,2
EEE,2014B,628959,0,North Western Region,A Level or Equivalent,70-80%,0-35,0,30,0,Pass,11,0,1,0,1,0,1,1,0,0,1,0,0,0,0,6
EEE,2014B,628993,0,South Region,HE Qualification,70-80%,0-35,0,60,0,Withdrawn,9,1,0,0,0,1,0,1,0,0,0,1,0,1,0,4
EEE,2014B,629081,0,Scotland,HE Qualification,40-50%,0-35,0,60,0,Fail,12,0,0,0,1,1,1,1,1,1,1,0,1,1,0,7
EEE,2014B,629089,0,Yorkshire Region,A Level or Equivalent,50-60%,35-55,0,60,0,Fail,5,0,0,1,0,0,1,1,1,0,1,0,0,0,1,9
EEE,2014B,629202,0,North Region,HE Qualification,40-50%,0-35,0,30,0,Distinction,15,0,0,1,1,1,1,0,1,0,1,1,1,1,0,10
EEE,2014B,629234,0,London Region,Lower Than A Level,0-10%,0-35,0,30,0,Withdrawn,3,0,1,0,1,0,0,0,1,0,0,1,0,0,1,8
EEE,2014B,629283,0,Scotland,Lower Than A Level,20-Oct,35-55,0,30,0,Withdrawn,7,1,0,0,0,0,1,0,1,0,1,1,0,0,0,3
EEE,2014B,629342,1,Yorkshire Region,HE Qualification,30-40%,35-55,0,60,0,Fail,14,1,0,0,1,0,1,0,1,1,1,1,1,1,1,5
EEE,2014B,629421,0,East Anglian Region,HE Qualification,90-100%,0-35,0,60,0,Withdrawn,1,0,0,0,1,1,1,1,1,0,1,0,1,1,1,2
EEE,2014B,629500,0,South East Region,A Level or Equivalent,80-90%,0-35,0,60,0,Fail,12,0,1,1,1,1,1,1,0,1,1,1,0,1,1,7
EEE,2014B,629506,0,Scotland,Lower Than A Level,80-90%,0-35,0,60,0,Pass,12,0,0,0,1,0,1,0,0,1,0,0,0,0,1,7
EEE,2014B,629601,0,Scotland,HE Qualification,50-60%,0-35,0,60,0,Pass,11,0,0,1,0,0,1,0,0,1,1,1,1,0,0,6
EEE,2014B,629623,0,Yorkshire Region,A Level or Equivalent,30-40%,35-55,0,60,0,Withdrawn,13,0,0,1,1,1,0,1,1,1,1,1,0,1,0,5
EEE,2014B,629627,1,South East Region,HE Qualification,80-90%,35-55,0,30,0,Withdrawn,14,1,0,0,1,0,0,0,0,1,0,0,0,0,0,5
EEE,2014B,629628,0,Yorkshire Region,Lower Than A Level,50-60%,0-35,0,60,0,Withdrawn,1,1,0,1,0,1,0,1,1,1,1,0,0,1,0,2
EEE,2014B,629654,1,South Region,A Level or Equivalent,30-40%,0-35,0,60,0,Pass,5,0,1,1,0,1,1,1,0,1,0,1,0,0,1,9
EEE,2014B,629753,0,Scotland,A Level or Equivalent,60-70%,35-55,0,30,0,Pass,9,1,1,0,0,0,0,0,1,1,0,1,0,1,0,4
EEE,2014B,629765,0,London Region,Lower Than A Level,20-Oct,35-55,0,30,0,Withdrawn,2,1,0,0,1,1,1,1,0,1,1,0,1,0,1,2
EEE,2014B,629887,0,North Western Region,HE Qualification,20-30%,0-35,0,60,0,Withdrawn,9,0,0,1,0,1,0,1,1,0,1,1,1,1,0,4
EEE,2014B,629893,0,South West Region,A Level or Equivalent,60-70%,0-35,0,60,0,Withdrawn,2,0,1,1,1,0,1,0,1,0,1,1,0,0,1,2
EEE,2014B,629906,0,North Western Region,Lower Than A Level,0-10%,35-55,0,60,1,Fail,8,0,0,0,1,1,0,0,1,0,1,0,0,0,0,3
EEE,2014B,630047,0,South East Region,Lower Than A Level,20-Oct,0-35,0,60,0,Pass,14,0,0,1,0,0,0,1,1,1,0,1,1,1,1,5
EEE,2014B,630086,0,Scotland,HE Qualification,60-70%,0-35,0,60,0,Pass,7,1,0,0,0,1,0,1,0,1,0,0,0,0,0,3
EEE,2014B,630120,1,London Region,A Level or Equivalent,40-50%,0-35,0,30,0,Withdrawn,4,1,1,0,0,0,1,1,0,0,1,0,1,0,1,8
EEE,2014B,630165,0,North Region,A Level or Equivalent,90-100%,0-35,0,30,0,Pass,1,1,1,1,0,0,0,0,1,0,1,0,1,1,1,2
EEE,2014B,630416,0,Scotland,A Level or Equivalent,50-60%,0-35,0,30,0,Withdrawn,13,1,0,1,1,0,0,1,1,0,1,1,0,0,1,5
EEE,2014B,630449,0,South West Region,A Level or Equivalent,60-70%,0-35,0,60,0,Pass,11,1,0,0,1,0,0,0,0,1,1,0,0,1,1,6
EEE,2014B,630514,0,East Midlands Region,A Level or Equivalent,30-40%,35-55,0,60,0,Withdrawn,13,1,0,1,1,0,1,0,0,0,1,0,1,0,1,5
EEE,2014B,630540,1,East Midlands Region,Lower Than A Level,20-30%,0-35,0,90,0,Withdrawn,8,0,1,1,1,1,1,1,0,0,1,0,1,1,1,3
EEE,2014B,630573,0,East Anglian Region,HE Qualification,50-60%,0-35,0,60,0,Withdrawn,3,0,1,1,0,1,0,0,0,1,1,1,0,1,1,8
EEE,2014B,630585,0,North Western Region,Lower Than A Level,20-30%,0-35,0,120,0,Fail,1,0,1,0,1,1,1,1,1,1,0,0,1,0,1,2
EEE,2014B,630606,0,East Anglian Region,A Level or Equivalent,30-40%,0-35,0,60,0,Pass,13,0,0,1,0,0,1,1,0,1,0,0,1,0,0,5
EEE,2014B,630635,0,London Region,A Level or Equivalent,0-10%,35-55,0,60,0,Pass,15,0,1,1,1,1,1,0,1,1,1,0,0,1,0,10
EEE,2014B,630657,0,North Region,A Level or Equivalent,20-Oct,0-35,0,60,0,Fail,9,1,1,0,1,0,1,1,1,0,1,0,1,1,1,4
EEE,2014B,630696,0,East Anglian Region,Lower Than A Level,70-80%,0-35,0,60,0,Fail,9,1,0,0,0,1,1,1,0,0,0,1,0,1,0,4
EEE,2014B,630722,0,North Western Region,Lower Than A Level,60-70%,0-35,0,30,0,Pass,15,1,0,1,0,1,0,1,1,1,1,0,1,0,1,10
EEE,2014B,630825,0,East Midlands Region,Lower Than A Level,70-80%,0-35,0,60,0,Fail,4,1,0,1,1,0,0,0,0,0,1,0,1,0,0,8
EEE,2014B,630888,0,North Western Region,A Level or Equivalent,0-10%,0-35,0,60,0,Pass,6,0,0,0,1,1,0,1,1,1,1,1,0,0,0,9
EEE,2014B,630900,0,East Anglian Region,A Level or Equivalent,70-80%,35-55,0,30,0,Distinction,4,0,1,1,1,1,1,1,1,1,0,1,1,0,1,8
EEE,2014B,630980,0,South West Region,A Level or Equivalent,80-90%,35-55,0,30,0,Withdrawn,11,1,1,1,0,0,0,1,0,0,1,0,0,1,0,6
EEE,2014B,631016,0,North Region,Lower Than A Level,0-10%,0-35,0,30,0,Pass,5,0,1,0,0,1,1,0,0,1,1,1,1,0,1,9
EEE,2014B,631051,0,Yorkshire Region,Lower Than A Level,70-80%,0-35,0,60,0,Withdrawn,8,1,0,1,0,1,0,1,0,0,0,1,1,0,1,3
EEE,2014B,631073,0,South West Region,HE Qualification,30-40%,0-35,0,30,0,Distinction,8,1,1,1,1,0,1,1,1,1,0,0,0,0,0,3
EEE,2014B,631117,0,North Region,HE Qualification,,35-55,0,30,0,Distinction,5,1,1,0,1,0,0,1,1,1,1,1,1,0,1,9
EEE,2014B,631334,0,South Region,A Level or Equivalent,40-50%,0-35,0,60,1,Distinction,4,0,0,1,1,0,0,1,0,1,1,0,1,0,0,8
EEE,2014B,631356,0,South Region,HE Qualification,70-80%,0-35,0,30,0,Pass,4,0,1,1,1,0,1,0,0,1,0,0,1,0,0,8
EEE,2014B,631453,0,South Region,A Level or Equivalent,50-60%,0-35,0,60,0,Pass,5,1,0,0,1,0,0,0,1,1,1,1,0,1,0,9
EEE,2014B,631509,0,Scotland,Lower Than A Level,50-60%,35-55,0,30,0,Pass,9,0,1,1,1,1,0,0,0,1,1,0,0,0,0,4
EEE,2014B,631655,0,East Anglian Region,HE Qualification,80-90%,0-35,0,60,0,Pass,3,1,0,1,0,0,0,1,0,0,0,0,1,1,0,8
EEE,2014B,631657,0,Scotland,HE Qualification,80-90%,0-35,0,60,0,Withdrawn,11,0,1,0,0,0,1,1,1,0,1,1,0,0,1,6
EEE,2014B,631807,0,East Midlands Region,HE Qualification,20-30%,35-55,0,30,0,Withdrawn,10,0,1,1,0,0,1,1,1,0,0,1,0,1,0,1
EEE,2014B,632004,0,West Midlands Region,HE Qualification,60-70%,35-55,0,30,0,Distinction,11,1,0,0,1,1,1,1,0,1,1,0,1,1,0,6
EEE,2014B,632074,0,Scotland,A Level or Equivalent,60-70%,0-35,0,60,0,Pass,13,0,0,0,0,0,0,0,0,0,0,0,0,1,0,5
EEE,2014B,632083,0,West Midlands Region,A Level or Equivalent,80-90%,35-55,0,30,0,Distinction,3,1,0,1,0,0,1,0,1,1,0,1,1,1,0,8
EEE,2014B,632111,0,North Western Region,A Level or Equivalent,50-60%,0-35,0,60,0,Distinction,10,0,1,1,0,0,1,0,1,0,0,0,1,0,1,1
EEE,2014B,632133,1,West Midlands Region,Lower Than A Level,60-70%,35-55,0,60,0,Withdrawn,10,1,0,1,0,0,0,1,0,0,1,0,1,0,0,1
EEE,2014B,632135,0,West Midlands Region,Lower Than A Level,60-70%,35-55,0,60,0,Withdrawn,4,1,1,0,0,0,1,1,1,1,0,1,0,0,0,8
EEE,2014B,632312,0,Ireland,A Level or Equivalent,20-30%,0-35,0,60,0,Withdrawn,6,0,1,1,0,0,0,0,0,1,0,1,1,1,1,9
EEE,2014B,632329,0,London Region,No Formal quals,20-Oct,35-55,0,30,0,Withdrawn,11,1,0,1,0,1,0,0,0,0,0,1,1,0,0,6
EEE,2014B,632376,0,South West Region,Lower Than A Level,90-100%,0-35,0,30,0,Withdrawn,11,1,0,1,1,0,0,1,0,1,0,1,0,1,0,6
EEE,2014B,632389,0,North Region,A Level or Equivalent,60-70%,0-35,0,30,0,Distinction,15,1,0,0,0,1,0,1,0,1,0,0,0,0,1,10
EEE,2014B,632459,0,London Region,A Level or Equivalent,90-100%,0-35,0,60,0,Pass,6,0,1,1,0,1,1,1,1,1,0,0,1,1,0,9
EEE,2014B,632641,1,West Midlands Region,A Level or Equivalent,0-10%,0-35,0,60,0,Pass,3,1,0,0,0,0,1,1,0,1,0,0,1,0,0,8
EEE,2014B,632700,0,London Region,A Level or Equivalent,0-10%,0-35,0,30,0,Pass,10,1,1,0,1,0,0,1,0,0,1,1,0,0,1,1
EEE,2014B,632780,0,London Region,HE Qualification,20-30%,0-35,0,60,0,Withdrawn,16,1,1,1,0,0,1,0,1,0,0,1,0,1,0,10
EEE,2014B,632800,0,South West Region,Lower Than A Level,20-30%,0-35,0,30,0,Fail,10,1,1,0,1,1,1,1,0,0,0,0,1,0,0,1
EEE,2014B,632883,0,Wales,Lower Than A Level,60-70%,0-35,0,30,0,Pass,8,0,0,1,1,0,1,1,1,0,0,1,1,1,1,3
EEE,2014B,632889,0,London Region,A Level or Equivalent,70-80%,0-35,0,60,0,Withdrawn,10,1,0,0,1,0,1,0,1,0,1,1,0,0,1,1
EEE,2014B,632904,0,Scotland,HE Qualification,40-50%,0-35,0,60,0,Distinction,1,0,0,1,0,1,0,0,0,0,1,0,1,1,0,2
EEE,2014B,632977,0,South West Region,A Level or Equivalent,60-70%,0-35,0,30,1,Pass,4,1,1,0,1,1,0,0,0,0,0,1,0,0,0,8
EEE,2014B,633107,0,Scotland,HE Qualification,70-80%,0-35,0,60,0,Pass,5,0,1,1,1,0,0,0,1,0,0,0,1,0,0,9
EEE,2014B,633259,0,North Western Region,Lower Than A Level,50-60%,0-35,0,30,0,Fail,1,0,1,0,1,1,0,0,1,0,0,1,1,0,1,2
EEE,2014B,633270,0,South West Region,No Formal quals,20-30%,0-35,0,60,0,Pass,15,0,0,0,0,1,1,1,0,0,1,1,1,1,1,10
EEE,2014B,633304,0,North Western Region,Lower Than A Level,30-40%,0-35,0,30,0,Pass,7,1,1,1,1,0,1,0,0,0,0,1,1,1,0,3
EEE,2014B,633310,0,East Midlands Region,A Level or Equivalent,40-50%,0-35,0,60,0,Pass,2,1,0,0,1,0,1,1,1,1,0,1,0,1,0,2
EEE,2014B,633330,0,South East Region,A Level or Equivalent,80-90%,0-35,0,60,0,Fail,2,1,1,0,0,1,1,1,1,0,0,1,1,0,1,2
EEE,2014B,633334,0,East Anglian Region,Lower Than A Level,20-30%,35-55,0,60,0,Fail,16,0,0,0,1,0,0,0,1,1,1,0,1,0,0,10
EEE,2014B,633395,0,North Western Region,A Level or Equivalent,0-10%,0-35,0,60,0,Fail,10,0,0,0,1,1,0,0,1,0,1,0,0,1,1,1
EEE,2014B,633432,0,West Midlands Region,A Level or Equivalent,50-60%,0-35,0,60,0,Fail,14,0,0,0,1,0,0,0,0,1,0,0,0,0,0,5
EEE,2014B,633455,0,North Western Region,Lower Than A Level,50-60%,0-35,0,60,0,Pass,11,1,1,1,1,1,0,0,1,0,0,0,1,1,1,6
EEE,2014B,633511,0,East Anglian Region,A Level or Equivalent,50-60%,0-35,0,30,0,Pass,4,1,0,1,0,0,0,1,0,0,0,0,0,1,0,8
EEE,2014B,633530,0,West Midlands Region,Lower Than A Level,0-10%,35-55,0,60,0,Withdrawn,5,1,0,0,0,0,0,0,1,1,0,0,0,0,0,9
EEE,2014B,633544,0,Scotland,Lower Than A Level,20-30%,0-35,0,30,0,Pass,6,0,1,0,1,0,0,0,1,1,1,1,0,0,0,9
EEE,2014B,633605,1,Scotland,A Level or Equivalent,80-90%,0-35,0,60,0,Pass,2,0,0,0,0,1,0,0,1,0,0,1,1,1,1,2
EEE,2014B,633634,0,North Region,A Level or Equivalent,20-Oct,0-35,0,30,0,Pass,5,0,0,0,1,1,1,1,1,1,0,0,0,0,1,9
EEE,2014B,633637,0,Yorkshire Region,A Level or Equivalent,0-10%,0-35,0,60,0,Fail,11,1,0,1,0,1,0,0,0,0,0,1,1,1,0,6
EEE,2014B,633695,0,Yorkshire Region,A Level or Equivalent,70-80%,0-35,0,60,0,Distinction,13,1,0,1,0,0,0,0,0,1,1,0,1,1,0,5
EEE,2014B,633716,0,Wales,A Level or Equivalent,0-10%,0-35,0,60,0,Pass,10,0,1,0,1,1,0,1,1,1,1,0,0,1,1,1
EEE,2014B,633746,0,Yorkshire Region,A Level or Equivalent,40-50%,0-35,0,30,0,Distinction,7,0,1,0,1,0,1,1,0,1,1,1,1,1,0,3
EEE,2014B,633859,0,North Region,Lower Than A Level,40-50%,0-35,0,60,0,Withdrawn,11,0,0,1,1,0,1,1,0,0,1,0,1,0,1,6
EEE,2014B,633998,1,Scotland,HE Qualification,50-60%,55<=,0,60,0,Pass,2,1,0,1,1,1,1,0,1,0,1,0,0,0,1,2
EEE,2014B,634040,0,Scotland,A Level or Equivalent,20-30%,0-35,0,60,0,Fail,14,0,1,1,1,1,0,0,1,0,0,0,1,0,1,5
EEE,2014B,634083,0,South West Region,A Level or Equivalent,70-80%,0-35,0,60,0,Withdrawn,5,1,0,0,1,1,1,1,1,1,0,1,1,1,1,9
EEE,2014B,634193,0,East Midlands Region,Lower Than A Level,20-30%,0-35,0,30,0,Pass,7,1,1,1,1,0,0,0,1,1,0,1,1,0,0,3
EEE,2014B,634216,0,South West Region,HE Qualification,50-60%,0-35,0,60,0,Distinction,16,0,1,1,1,1,1,1,0,1,0,1,1,0,0,10
EEE,2014B,634241,0,West Midlands Region,A Level or Equivalent,30-40%,0-35,0,60,0,Distinction,3,1,1,0,0,1,0,0,1,1,1,0,1,0,0,8
EEE,2014B,634309,0,London Region,A Level or Equivalent,0-10%,0-35,0,30,0,Pass,6,1,1,0,0,1,0,1,1,0,1,1,0,0,0,9
EEE,2014B,634318,0,Wales,Lower Than A Level,90-100%,0-35,0,30,0,Pass,12,0,1,0,1,0,1,0,1,0,1,0,1,1,1,7
EEE,2014B,634433,0,North Region,A Level or Equivalent,20-30%,0-35,0,60,0,Fail,9,0,1,1,1,0,1,0,0,1,1,0,1,1,1,4
EEE,2014B,634570,0,East Anglian Region,HE Qualification,80-90%,35-55,0,60,0,Distinction,10,0,0,1,0,0,1,0,0,0,0,0,1,0,1,1
EEE,2014B,634578,0,Scotland,A Level or Equivalent,50-60%,0-35,0,60,0,Withdrawn,8,1,1,0,0,0,1,0,1,0,1,1,0,0,1,3
EEE,2014B,634600,0,Scotland,Lower Than A Level,0-10%,0-35,0,30,0,Pass,7,0,1,1,1,1,0,0,0,0,1,0,1,0,1,3
EEE,2014B,634737,0,Yorkshire Region,Lower Than A Level,20-30%,0-35,0,90,0,Fail,3,1,0,1,1,0,1,1,0,0,1,1,0,1,1,8
EEE,2014B,634744,0,Scotland,HE Qualification,,0-35,0,60,0,Fail,14,0,0,0,1,1,1,0,1,1,0,0,0,0,0,5
EEE,2014B,634817,0,North Region,Lower Than A Level,80-90%,0-35,0,60,0,Pass,12,0,1,1,0,1,1,0,1,0,1,1,1,1,1,7
EEE,2014B,634862,1,West Midlands Region,A Level or Equivalent,40-50%,0-35,0,60,0,Fail,5,1,1,1,1,1,1,0,0,1,0,1,1,1,1,9
EEE,2014B,634869,0,Yorkshire Region,A Level or Equivalent,80-90%,0-35,0,30,0,Pass,16,0,0,0,0,1,1,1,1,0,0,0,0,1,1,10
EEE,2014B,635041,0,East Midlands Region,A Level or Equivalent,50-60%,35-55,0,60,0,Pass,12,1,0,0,1,1,0,0,1,0,0,0,0,1,0,7
EEE,2014B,635043,0,East Midlands Region,HE Qualification,90-100%,0-35,0,60,0,Distinction,15,1,0,0,1,1,0,0,1,0,1,0,1,0,1,10
EEE,2014B,635109,0,Ireland,Lower Than A Level,50-60%,0-35,0,60,0,Pass,11,0,0,0,0,1,0,0,0,0,0,1,0,1,0,6
EEE,2014B,635515,0,Scotland,Lower Than A Level,90-100%,0-35,0,60,0,Fail,13,0,1,1,0,0,1,0,0,0,1,0,0,0,0,5
EEE,2014B,996047,0,North Western Region,A Level or Equivalent,20-30%,35-55,0,60,0,Pass,11,1,0,1,0,1,0,0,1,0,1,0,1,0,1,6
EEE,2014B,1268772,0,Scotland,HE Qualification,80-90%,55<=,0,60,0,Pass,12,1,0,0,0,1,0,1,0,1,1,0,1,1,0,7
EEE,2014B,1410398,0,North Western Region,HE Qualification,30-40%,35-55,0,60,0,Pass,3,1,0,1,0,1,0,0,1,1,1,0,0,1,0,8
EEE,2014B,1457691,0,East Anglian Region,Lower Than A Level,0-10%,35-55,0,90,0,Pass,8,1,1,0,0,1,0,0,0,1,1,1,0,1,1,3
EEE,2014B,1500950,0,South West Region,A Level or Equivalent,70-80%,35-55,0,60,0,Distinction,12,1,0,1,1,1,0,1,1,1,1,1,1,1,0,7
EEE,2014B,1573624,0,East Anglian Region,Lower Than A Level,20-30%,35-55,0,30,0,Pass,14,0,1,0,1,1,0,0,0,1,0,1,0,1,1,5
EEE,2014B,1618172,1,East Midlands Region,A Level or Equivalent,70-80%,35-55,0,30,0,Pass,5,1,0,1,0,1,0,0,1,1,0,0,1,1,0,9
EEE,2014B,1644328,0,East Midlands Region,HE Qualification,60-70%,35-55,0,60,0,Withdrawn,2,0,1,1,0,1,0,1,1,1,1,1,0,0,0,2
EEE,2014B,1661805,0,South West Region,Lower Than A Level,20-30%,35-55,0,30,0,Distinction,16,0,0,1,0,0,1,1,0,0,0,0,1,0,1,10
EEE,2014B,1663815,0,Scotland,HE Qualification,60-70%,35-55,0,30,0,Fail,11,1,0,1,0,0,1,1,0,1,1,1,0,1,0,6
EEE,2014B,1664171,0,North Western Region,Lower Than A Level,50-60%,35-55,0,90,1,Withdrawn,12,1,1,0,0,0,1,1,0,1,0,1,1,0,1,7
EEE,2014B,1664810,0,South East Region,Lower Than A Level,20-Oct,35-55,0,60,0,Withdrawn,9,0,0,1,0,0,1,0,0,1,1,0,1,1,0,4
EEE,2014B,1683692,0,West Midlands Region,A Level or Equivalent,40-50%,35-55,0,60,0,Withdrawn,16,1,1,1,1,1,0,1,0,1,1,0,1,1,0,10
EEE,2014B,1700371,0,East Anglian Region,HE Qualification,40-50%,35-55,0,30,0,Pass,7,1,1,1,0,0,1,0,0,1,1,1,1,1,0,3
EEE,2014B,1763786,0,South Region,A Level or Equivalent,70-80%,35-55,0,60,0,Distinction,14,0,0,1,1,1,0,0,1,1,1,0,0,1,0,5
EEE,2014B,1780737,0,South Region,A Level or Equivalent,90-100%,35-55,0,60,1,Fail,5,1,0,0,1,0,0,0,0,0,1,1,0,0,0,9
EEE,2014B,1789319,1,South East Region,HE Qualification,50-60%,35-55,0,60,0,Pass,14,0,0,0,0,0,0,0,1,1,1,0,0,1,1,5
EEE,2014B,1810414,0,South Region,HE Qualification,90-100%,35-55,0,30,0,Pass,9,1,1,1,0,0,1,1,1,1,0,0,1,1,0,4
EEE,2014B,1828112,0,West Midlands Region,A Level or Equivalent,20-Oct,35-55,0,60,0,Fail,14,0,1,1,1,0,0,0,1,1,0,1,1,1,0,5
EEE,2014B,1839181,0,Yorkshire Region,HE Qualification,60-70%,35-55,0,90,0,Pass,6,0,0,0,0,0,0,1,0,0,0,0,0,1,1,9
EEE,2014B,1861830,0,South West Region,Lower Than A Level,50-60%,35-55,1,70,0,Pass,10,0,0,0,0,1,0,1,0,1,0,0,1,0,1,1
EEE,2014B,1863564,0,North Region,HE Qualification,0-10%,35-55,0,60,0,Withdrawn,7,0,1,1,1,1,1,0,1,1,0,1,1,1,0,3
EEE,2014B,1878160,0,South Region,A Level or Equivalent,70-80%,35-55,1,150,0,Withdrawn,1,1,1,0,1,1,1,0,1,1,1,1,0,1,1,2
EEE,2014B,1894419,0,London Region,A Level or Equivalent,80-90%,35-55,0,60,0,Fail,9,1,0,1,0,0,0,0,0,0,0,0,1,0,0,4
EEE,2014B,1908526,0,Scotland,HE Qualification,20-30%,35-55,0,60,0,Fail,14,0,0,0,0,1,0,1,1,0,1,1,1,0,1,5
EEE,2014B,2002664,1,Scotland,HE Qualification,90-100%,35-55,0,30,0,Pass,12,0,0,1,0,0,1,1,1,0,0,1,0,0,0,7
EEE,2014B,2026585,0,Ireland,HE Qualification,,35-55,0,30,0,Distinction,16,1,1,0,0,1,1,0,1,0,1,0,1,0,1,10
EEE,2014B,2064873,0,East Midlands Region,Lower Than A Level,30-40%,35-55,0,60,0,Pass,6,0,0,0,1,0,0,1,0,0,0,1,0,1,1,9
EEE,2014B,2139273,0,Scotland,A Level or Equivalent,60-70%,35-55,0,90,0,Pass,3,0,1,0,0,0,0,0,0,1,0,1,0,0,1,8
EEE,2014B,2187588,0,Ireland,A Level or Equivalent,70-80%,35-55,1,60,0,Pass,16,0,1,1,1,1,0,1,1,1,1,0,0,1,1,10
EEE,2014B,2188680,0,South West Region,Lower Than A Level,50-60%,0-35,0,60,0,Withdrawn,16,0,0,1,0,1,0,0,0,1,0,1,1,0,1,10
EEE,2014B,2198914,0,South Region,HE Qualification,70-80%,35-55,0,90,0,Pass,13,1,0,0,1,1,1,0,0,0,0,1,1,1,0,5
EEE,2014B,2249143,0,East Anglian Region,Lower Than A Level,80-90%,35-55,0,30,0,Pass,1,0,1,0,1,1,0,0,1,1,0,1,0,1,0,2
EEE,2014B,2295254,0,North Western Region,HE Qualification,20-Oct,35-55,0,30,0,Withdrawn,13,1,1,0,0,1,0,0,1,0,1,1,0,0,1,5
EEE,2014B,2329539,0,Yorkshire Region,Lower Than A Level,70-80%,0-35,0,60,0,Withdrawn,14,1,0,0,0,0,1,1,1,1,1,0,0,1,1,5
EEE,2014B,2359504,1,Scotland,Post Graduate Qualification,90-100%,35-55,0,30,0,Fail,5,0,0,1,0,1,1,0,0,0,0,0,0,0,0,9
EEE,2014B,2364637,0,East Anglian Region,Lower Than A Level,60-70%,35-55,0,30,0,Pass,4,1,0,0,1,1,0,1,1,0,1,1,0,1,1,8
EEE,2014B,2376512,0,London Region,Lower Than A Level,60-70%,0-35,0,30,0,Pass,12,0,1,1,0,1,0,1,1,0,0,0,0,0,1,7
EEE,2014B,2384615,0,Scotland,A Level or Equivalent,90-100%,0-35,1,150,0,Withdrawn,5,0,1,0,1,0,0,0,0,1,0,0,0,1,0,9
EEE,2014B,2388492,1,Scotland,Lower Than A Level,70-80%,35-55,0,30,0,Withdrawn,16,1,0,1,1,0,0,0,1,0,1,0,1,1,0,10
EEE,2014B,2391004,0,Scotland,HE Qualification,70-80%,0-35,0,60,0,Pass,10,0,1,1,0,1,1,1,1,1,0,0,1,0,0,1
EEE,2014B,2434339,0,South West Region,A Level or Equivalent,40-50%,35-55,1,135,0,Distinction,11,0,0,0,0,0,1,1,0,1,1,1,0,1,0,6
EEE,2014B,2455893,0,South Region,HE Qualification,90-100%,0-35,0,90,0,Pass,1,0,1,1,1,1,1,0,1,1,1,0,1,1,0,2
EEE,2014B,2472178,0,East Anglian Region,A Level or Equivalent,90-100%,35-55,0,30,0,Fail,15,0,1,1,0,1,1,1,1,0,0,1,1,1,0,10
EEE,2014B,2478799,0,East Anglian Region,Lower Than A Level,80-90%,0-35,0,60,0,Fail,9,0,1,0,1,0,0,1,0,0,0,1,1,0,0,4
EEE,2014B,2492827,0,Wales,A Level or Equivalent,60-70%,0-35,0,60,0,Pass,7,1,0,0,0,0,1,1,0,0,0,1,1,0,0,3
EEE,2014B,2520067,1,Yorkshire Region,A Level or Equivalent,0-10%,0-35,0,180,1,Withdrawn,7,1,1,1,0,1,1,0,1,0,1,1,0,0,0,3
EEE,2014B,2554047,0,East Midlands Region,A Level or Equivalent,30-40%,0-35,0,60,0,Withdrawn,13,0,1,0,1,1,1,1,1,0,0,0,1,0,0,5
EEE,2014B,2567038,0,Scotland,A Level or Equivalent,90-100%,0-35,0,60,0,Distinction,10,0,0,1,0,1,0,0,0,0,1,0,1,0,1,1
EEE,2014B,2569912,0,Ireland,A Level or Equivalent,,0-35,0,60,0,Withdrawn,16,0,1,0,0,1,1,0,0,0,1,0,0,0,1,10
EEE,2014B,2577893,0,South East Region,Lower Than A Level,90-100%,35-55,0,30,0,Pass,1,1,0,0,0,1,1,0,0,0,0,1,1,0,1,2
EEE,2014B,2595665,1,Wales,HE Qualification,20-30%,0-35,0,30,0,Pass,5,1,1,0,1,0,1,1,1,1,1,0,0,1,0,9
EEE,2014B,2600862,1,Scotland,A Level or Equivalent,90-100%,0-35,0,90,0,Distinction,2,0,0,0,1,1,0,0,1,0,0,1,1,1,1,2
EEE,2014B,2603195,0,South West Region,A Level or Equivalent,60-70%,0-35,0,60,0,Pass,10,0,1,0,0,1,1,1,0,1,1,1,0,0,1,1
EEE,2014B,2613219,0,Scotland,HE Qualification,70-80%,35-55,0,30,0,Fail,10,1,1,0,0,1,1,0,0,0,1,0,0,1,0,1
EEE,2014B,2619011,0,Yorkshire Region,A Level or Equivalent,70-80%,35-55,0,60,0,Withdrawn,2,1,0,1,1,1,1,0,0,1,1,1,0,0,1,2
EEE,2014B,2620661,0,North Western Region,A Level or Equivalent,0-10%,35-55,0,120,0,Pass,14,1,1,1,0,0,1,0,0,0,0,0,0,0,1,5
EEE,2014B,2632165,0,Wales,A Level or Equivalent,70-80%,0-35,0,60,0,Pass,11,0,0,1,0,1,1,0,0,0,1,1,0,1,1,6
EEE,2014B,2642697,0,East Midlands Region,Lower Than A Level,0-10%,0-35,0,30,0,Distinction,3,1,0,0,0,0,0,1,0,0,0,1,0,1,1,8
EEE,2014B,2647314,0,Wales,A Level or Equivalent,20-30%,0-35,0,30,0,Pass,9,1,1,0,1,0,0,0,1,1,1,0,0,1,1,4
EEE,2014B,2662742,0,Scotland,Lower Than A Level,70-80%,0-35,0,60,0,Fail,4,0,1,0,1,0,1,1,1,1,0,1,0,1,0,8
EEE,2014J,28770,0,Scotland,Lower Than A Level,20-30%,0-35,0,30,0,Fail,4,0,1,0,1,0,1,1,1,0,0,1,1,0,1,8
EEE,2014J,46048,0,East Anglian Region,A Level or Equivalent,80-90%,35-55,0,30,0,Withdrawn,16,1,0,1,0,0,0,1,0,1,0,1,1,0,1,10
EEE,2014J,47061,0,East Midlands Region,A Level or Equivalent,90-100%,0-35,0,30,0,Pass,10,0,1,0,1,1,0,1,0,1,1,0,0,1,0,1
EEE,2014J,60809,0,South East Region,Lower Than A Level,90-100%,0-35,0,120,0,Pass,6,0,0,1,1,1,1,1,0,1,1,1,0,0,0,9
EEE,2014J,62034,0,West Midlands Region,Lower Than A Level,50-60%,0-35,0,60,0,Pass,11,0,0,0,0,0,1,0,0,0,1,1,1,1,1,6
EEE,2014J,67539,0,Ireland,Lower Than A Level,20-Oct,0-35,0,60,0,Pass,3,1,1,1,0,0,1,0,1,1,1,0,1,1,0,8
EEE,2014J,67685,0,South Region,A Level or Equivalent,20-Oct,0-35,0,180,0,Pass,4,0,1,1,0,1,1,1,0,1,0,0,0,1,1,8
EEE,2014J,70827,0,East Midlands Region,HE Qualification,30-40%,0-35,0,210,0,Withdrawn,14,1,0,0,1,0,1,0,0,1,1,1,0,1,1,5
EEE,2014J,76579,1,Yorkshire Region,HE Qualification,20-Oct,0-35,1,120,0,Pass,12,0,1,0,1,0,0,0,0,1,1,0,1,0,1,7
EEE,2014J,80358,0,Scotland,Lower Than A Level,60-70%,0-35,0,120,0,Pass,16,0,1,1,1,0,0,1,0,1,0,0,0,0,1,10
EEE,2014J,89545,0,South Region,HE Qualification,90-100%,0-35,0,30,0,Pass,7,0,1,0,1,0,0,0,1,0,0,1,0,0,1,3
EEE,2014J,108281,0,Scotland,HE Qualification,20-Oct,35-55,0,30,0,Pass,15,0,0,1,1,0,0,0,0,1,1,1,1,1,1,10
EEE,2014J,108497,0,South West Region,Lower Than A Level,0-10%,0-35,0,60,0,Pass,2,0,0,0,0,0,1,1,1,1,1,1,0,0,1,2
EEE,2014J,110789,1,East Midlands Region,Lower Than A Level,80-90%,0-35,0,60,0,Pass,8,0,0,1,0,0,0,0,0,1,1,1,1,1,0,3
EEE,2014J,121163,0,London Region,Lower Than A Level,20-Oct,0-35,0,30,0,Withdrawn,2,0,0,0,0,0,1,0,0,1,0,1,0,0,0,2
EEE,2014J,124304,0,North Region,A Level or Equivalent,20-Oct,0-35,0,60,0,Pass,12,1,1,1,0,0,0,1,1,0,0,1,1,0,0,7
EEE,2014J,124711,0,London Region,Lower Than A Level,20-Oct,55<=,0,60,0,Withdrawn,3,0,1,1,0,1,1,1,1,1,1,0,1,0,1,8
EEE,2014J,126450,0,North Western Region,A Level or Equivalent,20-30%,0-35,0,60,0,Pass,11,1,0,0,0,1,0,0,0,1,1,0,0,0,1,6
EEE,2014J,128817,0,East Anglian Region,Lower Than A Level,90-100%,35-55,0,60,0,Withdrawn,15,1,1,1,1,0,1,0,1,1,1,1,1,1,1,10
EEE,2014J,131776,1,South East Region,A Level or Equivalent,50-60%,0-35,0,60,0,Pass,1,0,1,0,1,0,0,1,1,0,0,1,0,0,1,2
EEE,2014J,134212,0,North Region,A Level or Equivalent,20-30%,0-35,0,60,0,Pass,14,0,0,0,0,1,1,0,1,1,1,0,1,0,0,5
EEE,2014J,135763,0,East Midlands Region,A Level or Equivalent,90-100%,35-55,1,40,0,Pass,4,1,1,1,1,0,1,1,1,1,0,1,0,1,0,8
EEE,2014J,142092,0,North Western Region,HE Qualification,20-30%,35-55,0,120,0,Distinction,4,0,1,1,0,1,1,1,0,0,1,1,0,0,0,8
EEE,2014J,158708,0,East Anglian Region,HE Qualification,80-90%,0-35,0,30,0,Pass,12,0,0,0,1,0,1,1,0,1,0,0,0,1,1,7
EEE,2014J,159287,0,Scotland,HE Qualification,30-40%,0-35,0,90,0,Pass,8,0,0,0,1,1,1,1,1,1,0,1,1,1,1,3
EEE,2014J,161781,0,Scotland,A Level or Equivalent,60-70%,0-35,0,90,0,Fail,2,1,0,0,0,0,0,1,1,1,0,0,0,1,0,2
EEE,2014J,162210,0,North Western Region,Lower Than A Level,70-80%,35-55,0,90,0,Distinction,8,1,0,0,1,0,0,1,0,0,1,0,0,0,0,3
EEE,2014J,164708,0,London Region,A Level or Equivalent,40-50%,0-35,0,60,0,Withdrawn,11,1,0,1,1,0,0,1,0,0,0,0,1,0,0,6
EEE,2014J,171843,0,East Midlands Region,Lower Than A Level,30-40%,0-35,0,90,0,Pass,13,0,0,0,0,1,1,0,1,1,1,0,1,1,1,5
EEE,2014J,173341,0,Scotland,HE Qualification,50-60%,35-55,0,60,0,Fail,13,0,1,1,1,1,0,0,1,0,1,1,0,0,0,5
EEE,2014J,174512,0,West Midlands Region,Lower Than A Level,90-100%,0-35,1,90,0,Withdrawn,12,1,0,1,0,0,0,0,1,1,1,1,0,0,1,7
EEE,2014J,175940,0,London Region,A Level or Equivalent,40-50%,0-35,0,60,0,Pass,6,0,0,1,0,0,0,1,0,0,0,0,1,0,1,9
EEE,2014J,177186,0,East Anglian Region,A Level or Equivalent,50-60%,0-35,0,30,0,Withdrawn,9,1,1,0,1,0,1,0,0,0,1,1,0,1,0,4
EEE,2014J,177472,1,East Anglian Region,Lower Than A Level,40-50%,0-35,0,30,0,Fail,6,1,0,1,1,0,1,0,1,1,1,0,1,1,1,9
EEE,2014J,189117,0,West Midlands Region,Lower Than A Level,70-80%,35-55,0,30,0,Distinction,11,1,0,1,1,1,1,0,1,0,0,1,0,1,0,6
EEE,2014J,190780,0,Scotland,HE Qualification,60-70%,0-35,0,120,0,Pass,11,1,1,0,1,1,1,1,0,1,0,0,0,0,0,6
EEE,2014J,191000,0,Scotland,Post Graduate Qualification,80-90%,0-35,1,30,0,Fail,12,1,1,0,1,1,0,1,0,0,0,0,1,1,1,7
EEE,2014J,195252,1,East Anglian Region,A Level or Equivalent,0-10%,0-35,0,50,0,Fail,6,0,0,1,1,1,0,1,0,0,0,1,0,0,1,9
EEE,2014J,195897,0,South East Region,Lower Than A Level,60-70%,0-35,0,60,0,Pass,13,1,1,0,0,1,1,1,0,0,0,1,1,0,0,5
EEE,2014J,196132,0,West Midlands Region,Lower Than A Level,70-80%,35-55,0,60,0,Pass,10,1,0,0,0,1,1,1,0,1,1,0,0,1,1,1
EEE,2014J,202606,0,Ireland,HE Qualification,90-100%,0-35,0,60,0,Pass,12,1,1,0,0,0,0,0,1,0,0,1,1,1,0,7
EEE,2014J,231017,0,Scotland,A Level or Equivalent,90-100%,35-55,0,30,0,Pass,3,0,1,1,1,0,0,1,1,0,0,0,1,0,0,8
EEE,2014J,232078,0,Yorkshire Region,HE Qualification,20-Oct,35-55,0,30,0,Fail,9,1,1,0,0,1,1,0,1,0,0,0,1,0,1,4
EEE,2014J,233335,0,Yorkshire Region,A Level or Equivalent,0-10%,0-35,0,30,1,Pass,4,0,1,1,0,0,0,1,1,1,0,0,0,1,0,8
EEE,2014J,233685,0,South West Region,A Level or Equivalent,70-80%,0-35,0,60,0,Pass,8,1,1,0,1,0,1,0,1,0,0,1,1,0,0,3
EEE,2014J,236512,0,North Western Region,Lower Than A Level,50-60%,35-55,0,120,0,Fail,13,0,1,1,1,0,0,0,0,0,1,0,1,0,0,5
EEE,2014J,239908,0,South Region,A Level or Equivalent,70-80%,0-35,0,150,0,Pass,6,1,0,1,1,0,0,1,0,1,1,1,1,0,0,9
EEE,2014J,241728,0,West Midlands Region,A Level or Equivalent,20-30%,0-35,0,30,0,Distinction,7,0,1,0,0,1,1,0,0,0,0,1,1,1,0,3
EEE,2014J,243926,0,East Midlands Region,A Level or Equivalent,40-50%,0-35,0,90,0,Fail,1,0,1,0,0,1,0,1,0,1,0,0,0,0,1,2
EEE,2014J,247653,0,London Region,A Level or Equivalent,40-50%,0-35,0,90,0,Withdrawn,1,0,1,0,1,0,1,0,1,0,1,1,0,1,1,2
EEE,2014J,250159,1,South East Region,HE Qualification,60-70%,0-35,0,150,0,Pass,3,0,0,1,0,0,1,0,0,0,1,1,1,0,1,8
EEE,2014J,253496,0,Wales,Lower Than A Level,0-10%,0-35,0,60,0,Pass,16,1,1,0,0,0,0,0,0,0,1,1,1,1,0,10
EEE,2014J,255449,0,Scotland,A Level or Equivalent,20-30%,0-35,1,30,0,Withdrawn,10,1,1,1,0,0,1,1,0,0,0,0,1,0,0,1
EEE,2014J,269220,0,West Midlands Region,Lower Than A Level,70-80%,0-35,0,60,1,Pass,8,1,1,0,0,1,1,0,0,1,0,0,0,1,1,3
EEE,2014J,270764,0,Scotland,A Level or Equivalent,80-90%,0-35,0,60,0,Withdrawn,1,0,1,1,0,1,1,1,0,1,1,1,0,1,0,2
EEE,2014J,270988,0,South Region,HE Qualification,60-70%,0-35,0,60,0,Pass,7,0,0,1,0,1,0,0,1,0,1,1,0,1,1,3
EEE,2014J,274967,0,Scotland,A Level or Equivalent,40-50%,35-55,0,30,0,Pass,14,1,0,1,0,0,0,0,1,1,0,0,1,1,1,5
EEE,2014J,284095,1,South West Region,HE Qualification,90-100%,0-35,0,120,0,Distinction,12,0,1,0,1,1,1,0,0,1,1,1,0,0,0,7
EEE,2014J,285934,0,North Region,Lower Than A Level,,35-55,0,60,0,Pass,9,1,0,0,0,0,1,0,1,1,0,0,1,0,0,4
EEE,2014J,286262,0,South Region,Lower Than A Level,90-100%,0-35,1,120,1,Pass,16,0,1,1,1,0,1,1,0,1,1,0,0,0,0,10
EEE,2014J,286527,1,North Western Region,A Level or Equivalent,70-80%,0-35,1,90,0,Pass,10,1,0,1,1,0,0,1,0,1,0,1,0,0,0,1
EEE,2014J,293321,0,West Midlands Region,A Level or Equivalent,20-30%,0-35,0,120,0,Withdrawn,6,1,1,0,1,0,1,1,1,0,0,0,0,1,1,9
EEE,2014J,296222,0,South East Region,A Level or Equivalent,80-90%,0-35,0,90,0,Distinction,1,1,1,0,0,0,0,0,0,1,1,1,1,0,1,2
EEE,2014J,298148,0,London Region,HE Qualification,70-80%,0-35,0,80,0,Pass,11,0,1,1,0,1,0,1,1,1,0,1,0,1,0,6
EEE,2014J,299707,1,East Midlands Region,A Level or Equivalent,50-60%,0-35,0,150,1,Pass,1,1,0,0,0,0,0,0,1,1,0,1,0,0,0,2
EEE,2014J,302363,0,Yorkshire Region,A Level or Equivalent,30-40%,0-35,0,30,0,Withdrawn,13,1,0,0,0,0,1,1,1,1,1,0,1,1,1,5
EEE,2014J,307953,0,Scotland,Lower Than A Level,80-90%,35-55,0,30,0,Pass,6,0,0,1,1,0,0,1,1,1,0,1,0,1,0,9
EEE,2014J,310968,0,South West Region,Lower Than A Level,20-30%,0-35,0,60,0,Pass,13,0,0,0,0,0,0,0,0,1,0,0,1,1,1,5
EEE,2014J,316454,1,North Western Region,Lower Than A Level,0-10%,0-35,0,120,1,Withdrawn,5,0,1,1,0,1,1,1,0,0,0,0,0,0,1,9
EEE,2014J,318769,0,South East Region,Lower Than A Level,30-40%,0-35,0,60,0,Pass,15,0,0,1,0,0,1,0,1,1,1,0,0,1,1,10
EEE,2014J,318855,0,South East Region,Lower Than A Level,80-90%,0-35,0,60,0,Fail,14,0,1,1,0,1,1,1,1,1,0,1,1,0,0,5
EEE,2014J,322641,0,East Anglian Region,Lower Than A Level,70-80%,0-35,0,60,0,Withdrawn,16,1,0,1,0,1,0,1,0,1,0,1,1,0,1,10
EEE,2014J,325518,0,West Midlands Region,Lower Than A Level,20-30%,0-35,0,60,0,Withdrawn,15,0,0,0,1,0,0,1,0,0,1,1,1,1,0,10
EEE,2014J,331622,0,East Midlands Region,Lower Than A Level,80-90%,0-35,0,150,0,Withdrawn,7,0,1,1,0,1,0,1,1,1,0,0,1,1,0,3
EEE,2014J,332945,0,South East Region,HE Qualification,50-60%,0-35,0,60,0,Pass,7,1,1,1,0,0,1,0,1,0,0,0,1,0,0,3
EEE,2014J,333637,0,Scotland,A Level or Equivalent,90-100%,0-35,0,30,0,Pass,15,0,0,0,1,1,0,1,1,0,1,1,0,1,1,10
EEE,2014J,333976,0,West Midlands Region,A Level or Equivalent,0-10%,0-35,1,30,0,Fail,7,1,0,0,0,0,1,0,0,0,1,0,0,1,0,3
EEE,2014J,336014,0,Scotland,HE Qualification,80-90%,0-35,0,120,0,Withdrawn,1,0,0,0,0,0,1,1,1,1,1,1,1,0,0,2
EEE,2014J,337741,0,London Region,Lower Than A Level,30-40%,0-35,0,50,0,Withdrawn,7,1,1,0,1,0,1,1,1,1,0,1,0,0,1,3
EEE,2014J,341010,0,Scotland,Lower Than A Level,30-40%,35-55,0,30,0,Fail,6,1,1,0,0,1,0,1,1,0,0,1,1,1,1,9
EEE,2014J,342187,0,North Region,Lower Than A Level,20-Oct,0-35,0,60,0,Fail,1,1,0,1,1,1,0,1,1,0,1,1,1,1,1,2
EEE,2014J,344740,0,London Region,Lower Than A Level,60-70%,35-55,0,90,0,Distinction,11,0,1,0,1,1,0,0,1,0,0,0,0,1,0,6
EEE,2014J,345256,0,Scotland,HE Qualification,70-80%,0-35,0,60,0,Pass,7,1,0,1,0,0,1,1,1,1,0,0,0,0,1,3
EEE,2014J,345288,0,North Region,A Level or Equivalent,20-Oct,0-35,0,60,0,Pass,5,0,0,1,1,1,1,0,0,0,1,1,1,0,0,9
EEE,2014J,346093,0,Ireland,Post Graduate Qualification,,0-35,0,30,0,Pass,15,1,1,0,0,0,1,1,1,0,1,0,0,1,0,10
EEE,2014J,348288,0,East Anglian Region,A Level or Equivalent,70-80%,0-35,1,60,0,Pass,4,1,1,0,1,1,0,1,0,1,0,1,1,1,1,8
EEE,2014J,355049,0,London Region,A Level or Equivalent,50-60%,0-35,0,60,0,Pass,16,1,1,1,1,1,0,0,1,1,1,0,0,1,1,10
EEE,2014J,355617,1,Scotland,HE Qualification,70-80%,0-35,0,30,0,Pass,5,1,0,1,1,1,1,1,1,1,1,1,1,1,1,9
EEE,2014J,356735,0,Scotland,A Level or Equivalent,80-90%,0-35,0,30,1,Pass,12,1,1,0,1,0,0,0,0,1,1,1,1,1,0,7
EEE,2014J,360266,1,North Region,HE Qualification,80-90%,35-55,0,60,0,Distinction,12,1,0,0,1,0,1,1,1,0,0,1,0,1,0,7
EEE,2014J,364322,0,Yorkshire Region,Lower Than A Level,30-40%,35-55,0,30,0,Pass,14,0,0,0,1,1,0,0,0,1,0,1,1,1,0,5
EEE,2014J,369713,0,West Midlands Region,A Level or Equivalent,30-40%,0-35,0,60,0,Pass,1,1,1,0,1,1,0,1,0,1,0,1,0,1,1,2
EEE,2014J,369942,0,South Region,HE Qualification,20-30%,35-55,0,60,0,Distinction,15,0,1,1,1,1,1,1,1,0,1,0,1,1,0,10
EEE,2014J,372577,0,South Region,Lower Than A Level,20-30%,0-35,0,180,0,Withdrawn,2,1,0,0,1,1,0,1,0,0,1,0,0,0,1,2
EEE,2014J,378825,0,South West Region,A Level or Equivalent,20-30%,0-35,0,60,0,Pass,13,1,0,1,1,1,0,0,1,0,1,1,1,0,0,5
EEE,2014J,381185,0,Scotland,HE Qualification,80-90%,35-55,0,120,0,Distinction,10,1,0,0,0,0,0,0,1,1,1,1,1,1,1,1
EEE,2014J,381586,0,Yorkshire Region,A Level or Equivalent,50-60%,0-35,0,60,0,Pass,2,0,1,0,0,1,0,0,0,0,1,0,1,1,0,2
EEE,2014J,381983,1,Wales,HE Qualification,20-30%,35-55,0,30,0,Fail,5,1,1,1,0,0,0,0,1,0,1,0,0,1,1,9
EEE,2014J,382432,0,South West Region,Lower Than A Level,0-10%,35-55,1,60,0,Withdrawn,5,0,0,1,1,0,1,1,1,1,1,1,1,1,0,9
EEE,2014J,387944,0,South East Region,A Level or Equivalent,80-90%,35-55,0,60,0,Fail,2,0,0,1,1,1,1,0,1,1,0,1,0,0,1,2
EEE,2014J,388252,0,West Midlands Region,Lower Than A Level,70-80%,0-35,1,30,0,Withdrawn,10,1,0,1,1,1,1,1,0,0,0,0,1,0,1,1
EEE,2014J,390332,0,North Western Region,Lower Than A Level,20-30%,35-55,0,60,0,Withdrawn,9,1,0,0,1,0,1,0,1,0,0,1,1,0,0,4
EEE,2014J,391301,0,East Anglian Region,Lower Than A Level,80-90%,0-35,1,30,0,Fail,9,1,1,1,1,1,1,0,0,1,0,1,1,1,1,4
EEE,2014J,391572,0,West Midlands Region,A Level or Equivalent,20-Oct,0-35,0,60,0,Withdrawn,9,1,0,0,1,0,0,1,1,0,0,0,0,0,1,4
EEE,2014J,396674,0,West Midlands Region,A Level or Equivalent,70-80%,0-35,0,60,0,Pass,12,0,0,1,1,0,1,0,0,0,1,0,0,1,1,7
EEE,2014J,398019,0,Yorkshire Region,A Level or Equivalent,80-90%,35-55,1,30,0,Fail,5,1,0,0,0,0,0,0,0,1,1,1,1,0,0,9
EEE,2014J,398413,0,Wales,A Level or Equivalent,40-50%,35-55,0,60,0,Pass,6,0,1,0,0,0,1,1,1,1,0,0,1,1,0,9
EEE,2014J,401240,0,South Region,A Level or Equivalent,30-40%,0-35,0,60,0,Pass,8,0,1,0,1,0,0,1,0,1,1,0,0,0,1,3
EEE,2014J,402295,0,East Midlands Region,Lower Than A Level,50-60%,0-35,0,60,0,Pass,7,0,1,0,0,0,0,1,1,0,0,1,0,0,1,3
EEE,2014J,402906,0,London Region,HE Qualification,30-40%,0-35,0,30,0,Withdrawn,7,1,1,0,1,1,1,1,1,1,1,0,1,1,0,3
EEE,2014J,404200,0,London Region,A Level or Equivalent,20-30%,35-55,0,45,0,Pass,9,1,1,1,1,1,1,1,1,0,0,1,1,0,1,4
EEE,2014J,404695,1,Yorkshire Region,Lower Than A Level,20-30%,0-35,0,90,0,Pass,14,0,0,1,1,0,1,0,1,0,0,1,1,0,0,5
EEE,2014J,405125,0,West Midlands Region,A Level or Equivalent,20-30%,0-35,0,90,0,Distinction,10,1,0,0,0,1,0,0,0,1,0,1,1,0,1,1
EEE,2014J,407731,0,Scotland,Lower Than A Level,60-70%,0-35,0,60,0,Pass,1,0,1,1,1,1,0,0,1,1,1,0,0,1,1,2
EEE,2014J,408763,0,North Western Region,A Level or Equivalent,30-40%,0-35,0,60,0,Pass,6,0,1,0,1,1,1,0,0,1,1,0,1,1,1,9
EEE,2014J,410587,0,North Western Region,HE Qualification,20-Oct,35-55,0,65,0,Pass,6,1,1,1,0,0,0,0,1,1,1,0,1,0,0,9
EEE,2014J,410592,0,Scotland,HE Qualification,40-50%,0-35,0,120,0,Pass,14,0,0,0,0,0,0,0,0,0,1,0,1,1,1,5
EEE,2014J,411619,0,Ireland,A Level or Equivalent,60-70%,0-35,0,30,0,Pass,12,1,0,0,1,0,0,0,1,0,0,0,1,1,0,7
EEE,2014J,418035,0,London Region,Lower Than A Level,20-Oct,35-55,0,30,1,Pass,4,1,1,0,0,0,1,0,1,1,1,1,0,0,0,8
EEE,2014J,418216,0,South Region,Lower Than A Level,20-Oct,0-35,0,40,0,Distinction,8,0,1,1,1,1,1,1,1,1,1,0,1,0,0,3
EEE,2014J,423947,0,Scotland,A Level or Equivalent,40-50%,0-35,1,60,0,Pass,4,0,0,0,0,0,0,0,1,1,1,1,0,1,1,8
EEE,2014J,425053,1,Scotland,A Level or Equivalent,50-60%,0-35,0,60,1,Fail,9,0,1,0,0,0,0,0,1,0,0,0,1,1,1,4
EEE,2014J,425858,0,London Region,Lower Than A Level,30-40%,0-35,0,60,1,Fail,8,0,0,0,1,0,0,1,0,0,1,0,1,0,1,3
EEE,2014J,432484,0,Scotland,A Level or Equivalent,40-50%,35-55,0,30,0,Withdrawn,6,0,0,1,0,1,1,0,1,0,0,1,1,1,1,9
EEE,2014J,434347,0,Wales,A Level or Equivalent,60-70%,35-55,0,30,0,Distinction,16,0,0,0,0,0,1,1,1,1,0,0,1,1,1,10
EEE,2014J,434503,0,South East Region,Lower Than A Level,0-10%,0-35,1,60,0,Withdrawn,5,1,0,0,0,0,1,0,0,1,1,0,0,1,1,9
EEE,2014J,436213,0,Ireland,HE Qualification,70-80%,35-55,0,60,0,Fail,1,1,1,0,0,1,0,1,1,0,0,0,0,1,0,2
EEE,2014J,436900,0,West Midlands Region,Lower Than A Level,20-30%,0-35,0,60,0,Fail,13,0,1,0,1,1,0,1,1,0,1,1,0,1,0,5
EEE,2014J,441385,0,Scotland,Post Graduate Qualification,70-80%,35-55,0,90,0,Fail,6,0,0,0,0,0,0,1,0,0,0,1,1,0,0,9
EEE,2014J,441895,0,London Region,A Level or Equivalent,30-40%,0-35,0,30,1,Pass,14,0,0,0,1,1,1,0,1,1,1,1,0,0,1,5
EEE,2014J,442359,0,West Midlands Region,Lower Than A Level,0-10%,0-35,0,60,0,Pass,3,0,1,0,1,1,1,0,0,0,0,0,1,1,1,8
EEE,2014J,443200,0,Wales,HE Qualification,80-90%,35-55,0,60,0,Pass,12,0,1,0,1,1,1,0,1,0,1,1,0,1,0,7
EEE,2014J,443498,0,South East Region,Lower Than A Level,20-Oct,0-35,0,30,0,Distinction,14,0,0,0,1,1,1,1,0,1,0,1,0,0,1,5
EEE,2014J,443701,1,South West Region,A Level or Equivalent,90-100%,35-55,0,60,0,Withdrawn,4,1,1,0,0,1,1,1,0,0,1,0,1,0,1,8
EEE,2014J,444814,0,London Region,HE Qualification,30-40%,0-35,0,60,0,Withdrawn,14,0,1,1,1,0,1,1,0,1,0,1,0,1,1,5
EEE,2014J,445049,0,North Western Region,A Level or Equivalent,30-40%,0-35,1,30,1,Pass,8,1,1,0,1,1,1,0,1,1,0,0,0,0,1,3
EEE,2014J,446397,0,Scotland,HE Qualification,80-90%,35-55,1,30,0,Fail,12,1,0,0,0,1,1,0,1,1,1,1,1,0,1,7
EEE,2014J,447659,0,East Anglian Region,Lower Than A Level,80-90%,0-35,1,120,0,Withdrawn,12,0,1,1,0,1,0,0,1,0,1,0,0,1,0,7
EEE,2014J,464780,0,East Anglian Region,A Level or Equivalent,50-60%,0-35,0,90,0,Pass,16,1,0,0,0,1,1,1,0,0,0,0,1,1,0,10
EEE,2014J,464957,0,London Region,A Level or Equivalent,20-30%,0-35,0,90,0,Fail,9,0,1,1,0,1,0,1,0,1,0,1,1,0,0,4
EEE,2014J,465406,0,North Western Region,A Level or Equivalent,60-70%,0-35,0,60,0,Pass,6,0,0,0,0,0,0,1,0,1,0,1,0,0,0,9
EEE,2014J,466430,0,South West Region,No Formal quals,30-40%,0-35,2,60,0,Withdrawn,2,1,1,1,0,0,1,0,0,0,0,1,0,1,0,2
EEE,2014J,466508,0,South Region,HE Qualification,90-100%,0-35,0,30,0,Pass,16,0,1,0,0,1,0,0,0,0,0,1,1,1,0,10
EEE,2014J,466892,0,Yorkshire Region,A Level or Equivalent,0-10%,0-35,0,60,0,Pass,5,0,1,1,1,1,1,0,0,1,1,1,0,0,1,9
EEE,2014J,469424,0,South East Region,A Level or Equivalent,20-30%,0-35,0,90,0,Distinction,2,0,1,1,1,0,0,0,0,1,1,1,1,0,1,2
EEE,2014J,470461,0,Scotland,Lower Than A Level,40-50%,0-35,0,60,0,Pass,1,0,0,1,1,1,0,1,0,0,1,1,1,0,1,2
EEE,2014J,472762,0,West Midlands Region,A Level or Equivalent,60-70%,0-35,0,180,0,Distinction,13,1,1,0,1,0,0,1,0,1,0,0,0,1,1,5
EEE,2014J,472845,0,West Midlands Region,Lower Than A Level,30-40%,0-35,0,30,0,Fail,15,0,1,1,1,0,1,0,0,0,0,1,0,1,1,10
EEE,2014J,474290,0,Yorkshire Region,A Level or Equivalent,90-100%,0-35,0,120,0,Pass,13,0,0,0,0,0,0,0,0,0,0,0,0,1,1,5
EEE,2014J,476438,1,South West Region,A Level or Equivalent,20-30%,35-55,0,60,0,Pass,8,1,0,0,1,0,0,0,0,0,0,0,0,1,0,3
EEE,2014J,476497,0,South Region,A Level or Equivalent,60-70%,0-35,0,60,0,Fail,2,1,0,1,0,0,1,0,1,0,0,1,0,1,0,2
EEE,2014J,479987,0,Scotland,HE Qualification,60-70%,0-35,1,60,0,Pass,1,0,1,1,0,1,1,1,1,0,1,1,1,1,0,2
EEE,2014J,480579,1,London Region,A Level or Equivalent,20-Oct,0-35,0,60,0,Pass,15,0,1,1,0,1,1,0,1,0,1,0,1,0,1,10
EEE,2014J,481787,0,West Midlands Region,A Level or Equivalent,60-70%,0-35,0,60,0,Pass,6,0,1,0,0,0,1,0,0,1,1,1,1,0,0,9
EEE,2014J,481884,0,North Western Region,Lower Than A Level,60-70%,0-35,0,30,0,Fail,5,0,1,0,1,0,1,1,1,1,1,1,1,1,1,9
EEE,2014J,482030,0,East Anglian Region,Lower Than A Level,80-90%,0-35,0,60,0,Pass,6,0,0,0,0,0,1,1,1,1,0,1,0,0,0,9
EEE,2014J,483131,0,Wales,A Level or Equivalent,20-30%,0-35,0,60,0,Pass,6,0,0,1,1,1,1,0,0,1,1,1,0,0,1,9
EEE,2014J,483858,1,Scotland,A Level or Equivalent,70-80%,0-35,0,60,0,Pass,6,1,1,1,1,0,0,0,1,1,0,0,1,1,0,9
EEE,2014J,490443,0,North Western Region,A Level or Equivalent,0-10%,0-35,0,60,0,Withdrawn,7,0,1,0,0,0,0,0,0,1,1,0,0,0,0,3
EEE,2014J,491170,0,London Region,A Level or Equivalent,20-Oct,0-35,0,30,0,Pass,4,0,0,0,0,1,1,1,0,0,1,0,1,1,1,8
EEE,2014J,491664,0,East Midlands Region,A Level or Equivalent,50-60%,0-35,0,60,0,Pass,7,0,1,1,1,0,0,1,1,1,1,1,0,1,0,3
EEE,2014J,494270,0,London Region,A Level or Equivalent,80-90%,35-55,0,90,0,Pass,3,0,1,1,0,1,0,0,1,0,0,1,1,1,0,8
EEE,2014J,495429,0,Ireland,HE Qualification,,0-35,0,60,0,Distinction,4,0,1,1,1,1,1,0,1,0,1,1,1,0,1,8
EEE,2014J,496530,0,East Midlands Region,Lower Than A Level,70-80%,0-35,1,60,0,Fail,5,1,0,1,0,1,0,1,0,1,1,0,0,0,1,9
EEE,2014J,500440,0,London Region,A Level or Equivalent,30-40%,0-35,0,90,0,Withdrawn,7,1,0,1,1,1,0,0,1,0,1,1,1,0,0,3
EEE,2014J,501422,0,North Western Region,A Level or Equivalent,60-70%,0-35,0,60,0,Withdrawn,10,1,0,0,1,0,0,0,0,1,0,0,0,0,1,1
EEE,2014J,502004,0,North Western Region,A Level or Equivalent,40-50%,35-55,0,60,0,Pass,14,0,0,1,0,1,0,0,1,1,1,1,1,1,0,5
EEE,2014J,502548,1,North Region,Lower Than A Level,30-40%,0-35,0,60,0,Pass,10,0,0,0,1,1,0,0,1,1,1,0,0,0,1,1
EEE,2014J,506618,0,South West Region,HE Qualification,60-70%,0-35,1,240,0,Withdrawn,16,1,1,1,0,0,1,0,0,1,0,1,1,1,0,10
EEE,2014J,507967,0,Scotland,HE Qualification,20-Oct,0-35,0,60,0,Fail,9,0,0,1,0,0,1,1,0,0,0,0,1,0,1,4
EEE,2014J,509780,1,Yorkshire Region,Lower Than A Level,60-70%,0-35,0,60,0,Distinction,8,0,1,0,1,0,0,0,1,1,0,1,0,1,1,3
EEE,2014J,510402,0,West Midlands Region,A Level or Equivalent,0-10%,0-35,0,60,0,Pass,6,0,0,0,1,1,0,0,0,1,0,1,1,1,1,9
EEE,2014J,510435,0,Wales,Lower Than A Level,50-60%,0-35,2,30,0,Withdrawn,14,0,0,0,1,0,1,0,0,1,1,0,0,1,0,5
EEE,2014J,515977,0,Scotland,Lower Than A Level,20-Oct,0-35,0,60,0,Distinction,11,0,0,1,0,1,0,0,1,1,0,1,1,1,1,6
EEE,2014J,516398,0,North Region,HE Qualification,,35-55,0,60,0,Withdrawn,11,1,1,0,0,0,0,1,1,0,1,1,1,0,1,6
EEE,2014J,517094,0,North Region,A Level or Equivalent,30-40%,0-35,2,60,0,Distinction,12,0,1,1,1,0,0,0,1,1,0,1,0,0,0,7
EEE,2014J,520077,0,South Region,Lower Than A Level,30-40%,35-55,0,90,0,Distinction,1,1,1,0,0,1,1,0,0,1,0,0,0,1,0,2
EEE,2014J,520750,0,Wales,HE Qualification,40-50%,0-35,0,90,0,Fail,5,1,0,0,1,0,0,0,1,1,1,1,0,0,0,9
EEE,2014J,520824,1,West Midlands Region,Lower Than A Level,20-30%,0-35,1,30,0,Withdrawn,12,0,0,1,0,1,0,0,1,0,1,0,1,1,1,7
EEE,2014J,521350,0,Scotland,HE Qualification,0-10%,0-35,0,30,1,Fail,4,0,0,0,1,1,1,0,0,0,0,0,1,0,0,8
EEE,2014J,521541,0,East Midlands Region,A Level or Equivalent,20-Oct,0-35,0,60,0,Fail,4,1,0,1,0,1,0,0,0,1,1,0,0,1,1,8
EEE,2014J,522645,0,North Western Region,HE Qualification,60-70%,0-35,0,60,0,Fail,3,1,1,1,0,0,1,1,0,1,1,1,1,1,0,8
EEE,2014J,523804,0,Scotland,Lower Than A Level,20-Oct,0-35,0,30,0,Fail,15,0,0,0,1,1,0,0,0,1,1,1,1,0,0,10
EEE,2014J,523872,0,South Region,Lower Than A Level,50-60%,0-35,0,60,0,Pass,3,0,1,0,0,0,1,0,0,0,1,0,1,0,0,8
EEE,2014J,524431,1,South Region,A Level or Equivalent,0-10%,0-35,0,60,0,Withdrawn,6,1,1,1,1,1,0,0,1,1,1,0,1,1,1,9
EEE,2014J,525217,0,South Region,Lower Than A Level,90-100%,0-35,0,60,0,Pass,6,0,0,1,1,0,1,1,0,0,0,0,1,0,1,9
EEE,2014J,525625,0,London Region,A Level or Equivalent,30-40%,0-35,0,60,0,Pass,15,0,0,0,1,0,0,1,1,0,1,0,1,0,0,10
EEE,2014J,529287,0,Scotland,Lower Than A Level,40-50%,0-35,0,90,1,Withdrawn,15,0,1,0,0,1,1,1,1,0,1,0,0,1,0,10
EEE,2014J,529670,0,Yorkshire Region,Lower Than A Level,80-90%,0-35,0,60,0,Pass,7,1,1,0,0,0,1,1,0,1,0,1,1,1,0,3
EEE,2014J,530087,0,North Western Region,HE Qualification,80-90%,0-35,0,90,0,Pass,11,0,0,1,1,1,0,1,0,0,0,0,1,0,0,6
EEE,2014J,532579,0,North Western Region,A Level or Equivalent,20-30%,0-35,0,30,0,Pass,2,0,1,1,0,1,0,0,1,0,0,0,0,1,0,2
EEE,2014J,532846,0,South West Region,Lower Than A Level,30-40%,0-35,0,60,0,Fail,3,1,0,0,1,1,0,0,0,1,1,1,1,0,0,8
EEE,2014J,536984,0,East Anglian Region,Lower Than A Level,70-80%,35-55,0,60,0,Pass,7,1,1,1,1,0,1,0,0,0,1,0,1,1,1,3
EEE,2014J,540219,0,Wales,A Level or Equivalent,30-40%,0-35,0,60,0,Distinction,12,0,1,0,1,1,0,1,0,1,1,0,0,0,0,7
EEE,2014J,542167,0,Scotland,HE Qualification,50-60%,0-35,0,60,1,Withdrawn,3,0,1,0,0,0,0,1,1,1,1,1,1,1,0,8
EEE,2014J,542279,1,London Region,HE Qualification,20-30%,0-35,0,60,0,Pass,7,1,1,0,1,1,1,1,1,0,1,0,1,0,0,3
EEE,2014J,543931,0,North Western Region,Lower Than A Level,40-50%,0-35,0,60,0,Pass,9,0,1,1,0,1,0,0,1,0,0,0,0,1,0,4
EEE,2014J,544071,0,South Region,Lower Than A Level,90-100%,0-35,0,150,0,Withdrawn,7,0,1,0,0,0,0,0,0,0,0,0,0,0,1,3
EEE,2014J,545493,0,Scotland,HE Qualification,90-100%,0-35,0,90,0,Pass,6,0,0,1,1,1,0,0,1,1,1,0,1,0,1,9
EEE,2014J,546400,1,Scotland,A Level or Equivalent,60-70%,0-35,2,60,0,Withdrawn,16,0,1,1,1,1,1,0,1,1,0,1,0,0,0,10
EEE,2014J,547153,0,Wales,A Level or Equivalent,80-90%,0-35,0,60,0,Pass,15,0,1,1,1,1,0,0,1,1,1,0,1,1,1,10
EEE,2014J,548807,0,Wales,A Level or Equivalent,60-70%,0-35,0,60,0,Pass,14,0,1,0,1,0,0,1,1,0,0,1,1,0,0,5
EEE,2014J,549922,0,South East Region,A Level or Equivalent,80-90%,0-35,0,120,0,Fail,9,0,0,0,1,1,1,0,0,1,1,0,1,1,1,4
EEE,2014J,550573,0,London Region,HE Qualification,60-70%,0-35,2,90,0,Pass,11,1,1,0,0,1,1,0,1,0,0,0,0,1,1,6
EEE,2014J,551117,0,South Region,A Level or Equivalent,80-90%,0-35,0,30,0,Withdrawn,5,0,1,1,1,1,0,1,0,1,1,1,0,0,0,9
EEE,2014J,551182,0,West Midlands Region,Lower Than A Level,30-40%,0-35,1,30,0,Pass,4,0,0,1,1,1,0,1,0,1,0,0,1,0,0,8
EEE,2014J,551589,0,North Western Region,Lower Than A Level,20-30%,35-55,0,120,0,Withdrawn,16,1,1,1,1,1,0,0,1,0,1,1,1,0,1,10
EEE,2014J,552441,1,Yorkshire Region,A Level or Equivalent,0-10%,0-35,0,90,0,Pass,7,0,1,0,0,0,1,1,1,0,1,1,1,0,1,3
EEE,2014J,553753,0,North Western Region,Lower Than A Level,20-30%,0-35,0,60,0,Withdrawn,9,1,1,1,0,0,0,0,0,0,0,0,0,1,1,4
EEE,2014J,554235,0,North Western Region,Lower Than A Level,50-60%,35-55,1,30,0,Fail,15,1,0,0,1,0,0,0,1,0,1,0,1,1,0,10
EEE,2014J,554459,0,North Western Region,A Level or Equivalent,40-50%,0-35,1,60,0,Pass,7,0,1,0,0,1,1,0,1,0,1,1,0,1,1,3
EEE,2014J,554999,0,North Western Region,A Level or Equivalent,20-Oct,0-35,1,60,1,Withdrawn,2,1,1,1,1,0,1,1,0,1,1,0,0,0,0,2
EEE,2014J,555051,0,South East Region,Lower Than A Level,90-100%,0-35,0,60,0,Withdrawn,15,0,0,1,1,0,0,1,0,0,1,0,0,1,1,10
EEE,2014J,556450,0,Scotland,A Level or Equivalent,90-100%,0-35,1,60,1,Fail,12,1,1,0,0,0,1,0,1,1,0,0,1,1,1,7
EEE,2014J,557229,0,North Western Region,Lower Than A Level,20-Oct,35-55,0,60,0,Pass,15,0,1,0,0,1,1,0,0,1,0,1,1,0,1,10
EEE,2014J,558342,0,Yorkshire Region,Lower Than A Level,40-50%,0-35,2,120,0,Withdrawn,5,0,1,0,1,1,1,0,0,1,1,0,0,1,0,9
EEE,2014J,558509,0,East Anglian Region,Lower Than A Level,40-50%,0-35,0,60,0,Pass,7,0,1,1,0,0,1,1,0,0,0,0,1,1,1,3
EEE,2014J,559113,1,Scotland,A Level or Equivalent,80-90%,0-35,0,120,0,Fail,8,0,0,1,0,0,1,1,0,1,1,1,0,1,1,3
EEE,2014J,560707,0,Yorkshire Region,HE Qualification,90-100%,0-35,1,30,0,Pass,10,0,1,0,1,0,0,1,1,1,1,1,1,0,0,1
EEE,2014J,560759,0,West Midlands Region,A Level or Equivalent,80-90%,0-35,0,60,0,Pass,7,1,1,1,0,1,1,1,1,1,1,0,0,1,0,3
EEE,2014J,560881,0,West Midlands Region,A Level or Equivalent,20-30%,0-35,0,90,1,Fail,8,0,1,0,0,0,0,0,1,0,1,0,1,1,0,3
EEE,2014J,560921,0,Yorkshire Region,HE Qualification,40-50%,0-35,0,30,0,Pass,4,0,1,1,0,1,0,1,0,1,0,0,0,0,0,8
EEE,2014J,560953,0,East Anglian Region,Lower Than A Level,50-60%,0-35,0,60,0,Withdrawn,9,0,0,0,0,0,1,1,1,1,1,1,1,0,0,4
EEE,2014J,561208,0,East Anglian Region,A Level or Equivalent,60-70%,0-35,1,60,0,Pass,3,1,1,1,0,1,1,0,0,0,1,0,1,1,0,8
EEE,2014J,561413,1,Ireland,Lower Than A Level,0-10%,0-35,0,60,0,Distinction,8,0,1,0,0,1,0,1,0,0,0,1,0,0,0,3
EEE,2014J,563046,0,East Anglian Region,A Level or Equivalent,50-60%,0-35,0,60,0,Pass,3,0,1,0,0,1,1,1,1,1,0,1,1,0,1,8
EEE,2014J,563321,0,South Region,HE Qualification,70-80%,0-35,0,60,0,Pass,5,1,0,1,0,1,0,0,0,0,1,0,1,0,1,9
EEE,2014J,563534,0,Ireland,A Level or Equivalent,0-10%,35-55,0,60,0,Withdrawn,12,0,0,1,1,1,0,0,1,1,1,1,1,1,1,7
EEE,2014J,564445,0,East Midlands Region,HE Qualification,40-50%,35-55,0,60,0,Pass,16,1,0,1,1,0,0,0,1,0,0,1,1,0,0,10
EEE,2014J,564562,0,Wales,A Level or Equivalent,70-80%,0-35,0,60,0,Withdrawn,11,0,0,0,0,1,1,1,0,1,1,0,1,1,1,6
EEE,2014J,564734,0,East Anglian Region,Lower Than A Level,80-90%,0-35,0,60,0,Pass,7,0,0,1,0,0,0,1,0,1,0,1,0,1,0,3
EEE,2014J,565275,0,South Region,A Level or Equivalent,40-50%,0-35,2,90,0,Pass,2,0,1,1,1,0,0,0,1,1,0,1,0,0,0,2
EEE,2014J,565952,1,South Region,A Level or Equivalent,40-50%,0-35,0,60,1,Pass,14,1,1,1,1,0,0,0,1,1,1,0,1,0,0,5
EEE,2014J,566279,0,Scotland,A Level or Equivalent,0-10%,0-35,1,90,0,Pass,11,1,1,0,0,0,0,0,1,0,1,1,1,1,0,6
EEE,2014J,566428,0,South West Region,A Level or Equivalent,50-60%,0-35,0,90,0,Pass,12,1,0,1,1,1,0,1,0,1,0,0,1,1,0,7
EEE,2014J,567681,0,Wales,Lower Than A Level,60-70%,0-35,0,90,0,Withdrawn,2,0,0,1,0,1,0,0,1,0,1,1,1,1,1,2
EEE,2014J,567892,0,South East Region,A Level or Equivalent,30-40%,35-55,1,60,0,Fail,11,1,1,1,0,1,0,1,0,0,0,0,0,1,0,6
EEE,2014J,567926,0,Scotland,HE Qualification,60-70%,0-35,0,120,0,Withdrawn,1,0,1,1,1,0,1,0,0,1,0,1,0,0,0,2
EEE,2014J,569372,0,East Anglian Region,HE Qualification,20-30%,35-55,0,30,0,Distinction,14,1,0,0,0,1,1,1,0,0,1,1,0,0,1,5
EEE,2014J,569953,1,London Region,Lower Than A Level,20-30%,0-35,0,30,0,Pass,1,0,1,0,1,1,0,1,1,0,1,1,1,0,1,2
EEE,2014J,570045,0,East Anglian Region,A Level or Equivalent,40-50%,0-35,0,60,0,Pass,14,0,0,0,1,0,0,1,0,1,1,0,1,0,0,5
EEE,2014J,570273,0,South Region,A Level or Equivalent,90-100%,0-35,1,60,0,Pass,13,0,0,1,0,0,0,0,1,1,1,0,0,0,0,5
EEE,2014J,570278,0,East Anglian Region,A Level or Equivalent,60-70%,35-55,0,90,0,Withdrawn,11,1,0,1,0,0,1,0,1,0,1,0,1,1,1,6
EEE,2014J,570491,0,West Midlands Region,A Level or Equivalent,70-80%,0-35,0,90,0,Pass,8,1,0,1,1,0,1,0,0,1,1,0,0,0,0,3
EEE,2014J,570954,0,Scotland,Lower Than A Level,20-30%,35-55,1,60,1,Withdrawn,12,0,1,1,0,1,0,1,0,1,0,0,0,1,0,7
EEE,2014J,572168,0,South Region,HE Qualification,50-60%,0-35,1,30,0,Withdrawn,5,0,0,0,0,1,1,0,0,1,0,0,0,0,0,9
EEE,2014J,572599,0,West Midlands Region,Lower Than A Level,20-Oct,0-35,0,60,1,Pass,11,1,1,0,0,1,0,1,0,0,0,1,1,1,1,6
EEE,2014J,572659,0,London Region,Lower Than A Level,40-50%,0-35,1,60,0,Withdrawn,6,1,0,0,0,0,0,1,0,1,0,1,0,0,0,9
EEE,2014J,573503,0,London Region,Lower Than A Level,40-50%,35-55,0,120,0,Withdrawn,10,0,1,0,0,0,0,1,0,1,1,0,0,0,1,1
EEE,2014J,573600,0,Scotland,Lower Than A Level,70-80%,0-35,0,60,0,Withdrawn,1,0,1,1,0,1,1,0,0,0,1,1,1,0,1,2
EEE,2014J,573922,0,North Region,A Level or Equivalent,80-90%,0-35,0,60,0,Withdrawn,16,0,0,1,1,1,0,0,1,0,1,1,1,0,0,10
EEE,2014J,574565,0,West Midlands Region,Lower Than A Level,20-Oct,0-35,0,60,0,Fail,7,1,1,1,0,1,1,1,0,1,0,1,1,0,0,3
EEE,2014J,575066,0,South West Region,A Level or Equivalent,90-100%,0-35,0,90,0,Fail,11,0,0,0,1,1,1,0,0,0,0,0,0,1,0,6
EEE,2014J,575411,0,South West Region,A Level or Equivalent,20-Oct,35-55,0,60,0,Pass,5,0,0,1,1,1,0,1,0,0,1,1,1,1,0,9
EEE,2014J,575623,0,Scotland,Lower Than A Level,70-80%,0-35,0,60,0,Distinction,3,1,0,1,0,1,1,0,1,1,1,1,0,0,1,8
EEE,2014J,578469,0,North Western Region,A Level or Equivalent,20-Oct,0-35,0,60,0,Pass,6,0,1,1,0,1,1,0,0,0,1,0,0,1,1,9
EEE,2014J,579052,0,North Region,A Level or Equivalent,40-50%,35-55,0,60,0,Pass,8,1,0,1,1,1,1,0,0,1,1,1,1,0,1,3
EEE,2014J,579283,0,South Region,Lower Than A Level,,0-35,0,90,0,Distinction,16,0,0,0,0,0,0,0,0,1,1,1,0,1,0,10
EEE,2014J,580689,0,Scotland,HE Qualification,20-30%,35-55,1,60,1,Fail,4,0,1,1,0,1,1,0,1,0,1,0,0,1,1,8
EEE,2014J,580798,0,South West Region,Lower Than A Level,60-70%,0-35,0,60,0,Pass,4,1,0,1,0,0,0,1,0,0,1,0,0,0,1,8
EEE,2014J,581082,0,East Anglian Region,A Level or Equivalent,90-100%,0-35,0,60,0,Pass,11,1,0,0,0,1,0,1,0,0,1,1,1,0,1,6
EEE,2014J,581238,0,Yorkshire Region,Lower Than A Level,70-80%,35-55,0,60,0,Pass,3,0,1,0,1,1,1,0,1,0,0,0,0,1,0,8
EEE,2014J,581851,0,Scotland,HE Qualification,90-100%,35-55,1,30,0,Pass,12,1,1,0,1,0,1,0,1,1,0,1,1,1,0,7
EEE,2014J,581887,1,North Region,HE Qualification,,0-35,0,30,0,Pass,12,0,1,0,0,0,1,0,1,0,1,1,0,0,0,7
EEE,2014J,582094,0,Wales,A Level or Equivalent,90-100%,0-35,1,30,0,Pass,16,1,0,0,1,0,0,1,0,0,1,1,0,0,1,10
EEE,2014J,582340,0,North Region,Lower Than A Level,20-Oct,0-35,1,60,0,Withdrawn,9,1,0,1,1,1,1,0,0,0,1,1,0,0,0,4
EEE,2014J,583288,1,London Region,A Level or Equivalent,0-10%,0-35,0,120,0,Withdrawn,6,0,0,0,0,0,1,0,0,1,0,1,1,0,1,9
EEE,2014J,583719,0,South East Region,A Level or Equivalent,70-80%,0-35,0,60,0,Distinction,6,1,0,0,0,0,1,0,1,1,1,0,1,1,0,9
EEE,2014J,584514,0,West Midlands Region,Lower Than A Level,60-70%,0-35,1,60,0,Fail,5,1,0,1,0,1,0,0,0,0,1,1,1,1,1,9
EEE,2014J,584718,0,South West Region,Lower Than A Level,90-100%,35-55,0,60,0,Fail,3,0,0,0,0,0,0,0,0,1,1,1,1,1,1,8
EEE,2014J,585643,0,North Western Region,A Level or Equivalent,30-40%,0-35,0,90,0,Pass,5,0,0,0,1,0,0,0,1,0,1,1,1,1,0,9
EEE,2014J,585769,1,Scotland,Post Graduate Qualification,50-60%,0-35,1,60,0,Withdrawn,6,1,1,0,1,1,1,0,1,0,1,0,0,0,1,9
EEE,2014J,585852,0,South West Region,Lower Than A Level,60-70%,0-35,0,60,0,Pass,10,0,0,1,0,0,0,1,0,1,1,1,0,1,1,1
EEE,2014J,586474,0,East Anglian Region,A Level or Equivalent,90-100%,0-35,0,30,0,Pass,5,1,1,1,0,1,0,0,1,1,0,0,0,1,1,9
EEE,2014J,587008,0,South Region,A Level or Equivalent,70-80%,0-35,1,60,0,Pass,1,0,0,0,1,1,0,0,0,1,1,1,1,1,0,2
EEE,2014J,587122,0,Scotland,Lower Than A Level,60-70%,35-55,1,60,0,Fail,9,0,0,0,1,0,0,0,0,1,0,1,0,1,0,4
EEE,2014J,587621,1,London Region,Lower Than A Level,70-80%,35-55,1,60,0,Fail,10,0,1,1,0,1,0,1,1,1,0,1,0,0,1,1
EEE,2014J,587793,1,North Western Region,Lower Than A Level,50-60%,0-35,0,90,0,Distinction,5,0,1,0,0,0,0,1,0,1,1,0,0,1,1,9
EEE,2014J,588058,0,South Region,Lower Than A Level,50-60%,35-55,0,180,1,Withdrawn,16,1,0,1,1,0,1,0,0,1,1,0,0,0,1,10
EEE,2014J,588474,0,North Region,Lower Than A Level,,0-35,0,90,0,Pass,10,1,0,0,1,1,1,1,0,1,1,0,0,0,1,1
EEE,2014J,589856,0,East Anglian Region,A Level or Equivalent,90-100%,0-35,1,90,0,Fail,8,1,0,0,0,1,0,0,0,0,1,0,1,1,1,3
EEE,2014J,590837,0,North Western Region,Lower Than A Level,30-40%,0-35,0,60,0,Pass,6,0,0,1,1,0,0,0,1,0,0,0,1,0,0,9
EEE,2014J,591523,0,South Region,A Level or Equivalent,40-50%,35-55,0,150,0,Pass,13,1,1,1,0,0,1,0,0,0,0,0,0,1,0,5
EEE,2014J,591761,1,Scotland,HE Qualification,40-50%,0-35,0,30,0,Pass,11,0,1,1,1,0,1,0,0,0,1,0,1,0,1,6
EEE,2014J,592047,1,South Region,HE Qualification,50-60%,0-35,0,60,0,Pass,1,1,1,0,1,1,0,0,0,0,1,1,0,1,0,2
EEE,2014J,592338,1,South Region,A Level or Equivalent,70-80%,0-35,0,60,0,Pass,1,1,0,1,0,0,1,1,1,1,0,0,0,0,1,2
EEE,2014J,592843,0,South West Region,A Level or Equivalent,60-70%,0-35,0,60,0,Distinction,3,0,0,0,1,0,1,1,0,1,1,0,1,1,0,8
EEE,2014J,592951,1,Wales,Lower Than A Level,50-60%,0-35,0,120,0,Withdrawn,14,1,0,0,0,0,0,1,1,0,1,1,0,0,1,5
EEE,2014J,593038,1,East Anglian Region,A Level or Equivalent,40-50%,35-55,0,120,0,Pass,2,0,0,1,1,1,0,0,1,0,1,1,1,0,0,2
EEE,2014J,593896,0,East Midlands Region,Lower Than A Level,30-40%,35-55,0,90,0,Pass,2,1,1,0,1,1,0,1,1,0,1,1,0,0,1,2
EEE,2014J,594629,0,South Region,Lower Than A Level,70-80%,35-55,0,60,0,Pass,12,0,1,1,0,1,1,0,1,0,1,1,0,1,1,7
EEE,2014J,596326,0,London Region,A Level or Equivalent,50-60%,35-55,0,120,0,Withdrawn,5,0,1,1,1,0,1,1,1,0,0,0,1,1,0,9
EEE,2014J,596423,0,South Region,Lower Than A Level,0-10%,0-35,1,60,0,Withdrawn,11,0,1,1,0,0,1,0,0,0,0,1,1,1,0,6
EEE,2014J,596614,0,South Region,Lower Than A Level,60-70%,0-35,1,30,0,Withdrawn,7,0,1,1,0,0,1,0,0,1,0,0,1,1,1,3
EEE,2014J,596855,0,South West Region,Lower Than A Level,60-70%,0-35,0,60,0,Withdrawn,9,0,0,1,0,1,0,0,0,1,0,0,1,0,1,4
EEE,2014J,597166,0,North Western Region,HE Qualification,20-Oct,0-35,0,60,0,Withdrawn,10,1,1,0,0,0,0,0,1,1,0,1,1,1,0,1
EEE,2014J,597252,0,East Anglian Region,Lower Than A Level,70-80%,0-35,0,120,0,Withdrawn,12,0,1,0,1,0,0,0,1,0,1,0,0,0,1,7
EEE,2014J,597732,0,Yorkshire Region,HE Qualification,80-90%,55<=,0,30,0,Pass,13,0,1,0,1,1,0,0,1,1,0,0,1,0,1,5
EEE,2014J,598573,1,Scotland,A Level or Equivalent,20-Oct,0-35,2,60,0,Withdrawn,11,0,1,1,0,1,0,1,0,0,1,1,0,1,1,6
EEE,2014J,599059,0,Scotland,Lower Than A Level,70-80%,0-35,1,30,0,Fail,5,0,0,0,1,0,1,0,0,1,0,1,1,0,1,9
EEE,2014J,599215,1,Yorkshire Region,A Level or Equivalent,50-60%,35-55,0,60,0,Fail,16,0,1,0,1,1,0,0,0,0,1,0,1,0,1,10
EEE,2014J,599429,0,Yorkshire Region,A Level or Equivalent,0-10%,0-35,0,90,0,Fail,2,1,1,1,1,1,1,1,1,0,1,0,1,0,1,2
EEE,2014J,600267,0,Scotland,A Level or Equivalent,20-Oct,0-35,0,90,1,Withdrawn,16,1,0,0,0,0,0,1,1,0,0,0,1,0,0,10
EEE,2014J,600766,0,Scotland,A Level or Equivalent,60-70%,0-35,0,60,0,Distinction,11,0,0,0,0,1,1,1,0,0,0,1,0,1,0,6
EEE,2014J,600898,0,West Midlands Region,A Level or Equivalent,20-Oct,0-35,0,90,0,Withdrawn,15,0,1,1,1,0,1,1,1,0,0,1,0,0,0,10
EEE,2014J,601567,0,East Anglian Region,Lower Than A Level,70-80%,0-35,0,60,0,Fail,13,1,0,1,0,1,0,1,0,1,1,0,1,1,0,5
EEE,2014J,601599,0,Scotland,HE Qualification,70-80%,0-35,0,60,0,Fail,2,0,1,0,1,0,1,0,0,1,1,1,1,0,1,2
EEE,2014J,602150,0,London Region,A Level or Equivalent,20-30%,0-35,2,30,0,Withdrawn,4,0,0,0,1,0,0,0,1,0,1,1,0,1,1,8
EEE,2014J,602707,0,Wales,A Level or Equivalent,80-90%,0-35,0,60,0,Pass,1,0,0,1,0,0,1,0,0,0,0,0,0,0,1,2
EEE,2014J,602745,0,Scotland,HE Qualification,60-70%,0-35,0,30,0,Withdrawn,2,0,0,1,1,0,1,0,0,1,1,0,0,0,0,2
EEE,2014J,602830,0,South Region,HE Qualification,30-40%,0-35,0,60,0,Distinction,12,0,0,1,0,1,0,1,0,1,1,1,0,1,0,7
EEE,2014J,603108,0,East Anglian Region,A Level or Equivalent,80-90%,0-35,0,120,0,Pass,1,0,1,0,1,0,1,0,1,0,0,0,0,1,0,2
EEE,2014J,603179,0,South East Region,Lower Than A Level,40-50%,35-55,2,60,0,Pass,1,0,1,0,0,0,1,1,0,1,1,1,1,0,1,2
EEE,2014J,603700,0,Yorkshire Region,Lower Than A Level,20-Oct,0-35,0,60,0,Fail,15,1,0,1,0,0,1,0,0,1,1,0,1,1,1,10
EEE,2014J,604057,1,Scotland,A Level or Equivalent,90-100%,0-35,0,120,0,Distinction,3,0,0,1,0,0,0,1,0,0,1,1,1,0,1,8
EEE,2014J,604875,0,Wales,A Level or Equivalent,60-70%,35-55,1,30,0,Withdrawn,6,0,0,0,1,1,1,0,0,1,0,0,0,1,0,9
EEE,2014J,605125,0,West Midlands Region,Lower Than A Level,80-90%,35-55,0,30,0,Pass,11,1,0,1,0,0,0,0,0,0,1,1,1,1,1,6
EEE,2014J,605129,0,West Midlands Region,A Level or Equivalent,0-10%,0-35,0,60,0,Pass,2,0,1,1,0,0,1,0,1,1,1,1,0,0,1,2
EEE,2014J,605294,0,South Region,Lower Than A Level,40-50%,0-35,0,90,0,Distinction,13,1,1,1,1,1,0,0,0,1,1,1,1,0,1,5
EEE,2014J,605541,0,East Anglian Region,Lower Than A Level,90-100%,0-35,0,60,1,Fail,16,1,1,1,0,1,0,0,1,0,0,0,0,1,0,10
EEE,2014J,605545,0,South East Region,Post Graduate Qualification,40-50%,35-55,1,60,0,Fail,11,1,1,1,1,1,0,1,1,1,0,1,0,1,1,6
EEE,2014J,605836,0,South West Region,Lower Than A Level,20-Oct,0-35,0,60,0,Distinction,10,1,1,0,1,0,1,0,1,0,1,1,0,1,0,1
EEE,2014J,608488,1,East Midlands Region,Lower Than A Level,90-100%,0-35,0,60,0,Pass,14,1,0,0,1,1,0,1,1,1,1,0,0,0,1,5
EEE,2014J,608669,0,Scotland,A Level or Equivalent,60-70%,0-35,1,60,0,Fail,9,0,0,1,0,0,1,0,1,1,0,0,1,0,0,4
EEE,2014J,608853,0,South Region,A Level or Equivalent,50-60%,0-35,1,90,0,Pass,14,0,0,1,0,0,0,0,1,1,0,0,0,0,0,5
EEE,2014J,609605,0,Wales,HE Qualification,70-80%,0-35,1,60,0,Fail,16,0,1,1,1,1,1,1,0,1,0,0,0,0,1,10
EEE,2014J,610275,0,South Region,A Level or Equivalent,70-80%,35-55,0,60,0,Pass,8,0,0,0,0,0,0,0,0,0,1,1,1,0,1,3
EEE,2014J,610287,0,East Anglian Region,HE Qualification,80-90%,0-35,1,60,0,Pass,2,0,1,1,0,1,1,1,0,1,1,1,0,0,0,2
EEE,2014J,610373,1,Scotland,HE Qualification,40-50%,0-35,0,60,0,Distinction,4,0,1,1,1,1,0,0,0,0,0,0,0,1,0,8
EEE,2014J,610672,0,East Anglian Region,A Level or Equivalent,90-100%,0-35,0,60,0,Pass,14,0,0,0,1,0,0,0,0,1,1,0,1,0,1,5
EEE,2014J,610904,0,South West Region,A Level or Equivalent,20-Oct,0-35,0,60,0,Pass,7,0,1,0,1,1,0,1,1,1,0,0,0,0,1,3
EEE,2014J,611162,1,Ireland,Lower Than A Level,20-30%,0-35,0,120,0,Pass,14,1,0,1,0,0,1,0,1,0,0,1,1,0,0,5
EEE,2014J,611405,0,West Midlands Region,Lower Than A Level,90-100%,0-35,1,30,0,Distinction,13,0,1,1,0,1,1,1,0,0,1,1,0,0,0,5
EEE,2014J,611961,0,Yorkshire Region,Lower Than A Level,70-80%,0-35,0,60,0,Pass,4,0,0,1,0,0,1,0,1,1,1,1,1,0,0,8
EEE,2014J,611971,0,North Western Region,A Level or Equivalent,30-40%,0-35,1,60,0,Withdrawn,7,1,0,0,1,0,0,0,0,1,0,0,1,1,0,3
EEE,2014J,612157,0,North Western Region,Lower Than A Level,20-Oct,0-35,0,60,0,Fail,9,0,1,1,1,0,0,0,0,1,0,1,0,1,0,4
EEE,2014J,613644,0,South West Region,A Level or Equivalent,40-50%,0-35,0,60,0,Fail,6,0,0,1,1,1,1,1,0,0,0,1,1,1,0,9
EEE,2014J,613953,0,North Western Region,A Level or Equivalent,50-60%,0-35,0,30,0,Pass,13,0,0,1,0,0,0,0,1,0,1,1,0,0,0,5
EEE,2014J,614181,0,North Western Region,HE Qualification,60-70%,0-35,0,30,0,Pass,14,0,1,1,1,0,0,0,1,1,0,0,1,1,1,5
EEE,2014J,614300,0,East Midlands Region,A Level or Equivalent,20-30%,0-35,0,60,0,Pass,2,1,1,1,1,0,0,1,1,1,0,0,0,1,1,2
EEE,2014J,614737,0,Ireland,A Level or Equivalent,30-40%,0-35,0,60,0,Fail,16,0,1,1,0,1,0,0,1,0,1,0,0,0,1,10
EEE,2014J,615429,0,North Region,HE Qualification,20-30%,0-35,0,60,0,Withdrawn,3,1,0,1,0,0,1,1,1,0,1,0,0,1,1,8
EEE,2014J,616407,0,Wales,Lower Than A Level,70-80%,35-55,1,60,0,Fail,3,1,1,0,0,1,1,0,0,0,1,1,1,1,1,8
EEE,2014J,617309,0,Wales,A Level or Equivalent,30-40%,0-35,1,60,0,Fail,16,0,0,1,0,0,1,0,1,0,1,0,1,1,0,10
EEE,2014J,617888,0,East Midlands Region,A Level or Equivalent,80-90%,0-35,0,60,0,Pass,3,1,1,1,1,0,1,1,0,1,0,0,0,1,0,8
EEE,2014J,619168,0,Scotland,A Level or Equivalent,80-90%,0-35,0,60,0,Pass,8,0,1,1,1,1,0,0,0,1,1,0,1,0,1,3
EEE,2014J,620343,0,Wales,A Level or Equivalent,70-80%,0-35,0,60,0,Distinction,15,1,0,1,1,1,0,1,1,1,0,0,1,0,1,10
EEE,2014J,620519,0,Scotland,Post Graduate Qualification,90-100%,0-35,0,60,0,Pass,9,0,1,0,0,1,0,0,1,1,1,0,1,1,0,4
EEE,2014J,620536,0,Ireland,A Level or Equivalent,0-10%,0-35,0,30,0,Withdrawn,3,0,0,1,0,0,0,1,0,0,0,0,1,0,1,8
EEE,2014J,620782,0,West Midlands Region,A Level or Equivalent,50-60%,0-35,0,150,0,Pass,16,0,0,1,1,1,1,0,0,0,0,1,1,1,0,10
EEE,2014J,621380,0,South Region,Lower Than A Level,20-30%,0-35,0,90,0,Pass,5,1,0,0,0,0,1,1,0,1,1,0,0,0,0,9
EEE,2014J,622129,1,Scotland,HE Qualification,70-80%,35-55,0,60,0,Pass,2,1,1,1,0,0,0,0,0,1,1,0,0,0,1,2
EEE,2014J,622315,0,North Region,Lower Than A Level,20-30%,0-35,1,30,0,Fail,7,0,1,1,0,1,0,1,0,0,0,1,1,1,0,3
EEE,2014J,622890,0,North Western Region,A Level or Equivalent,60-70%,0-35,0,60,0,Withdrawn,5,0,0,0,0,0,0,0,0,0,1,1,1,1,1,9
EEE,2014J,623002,0,South Region,Lower Than A Level,20-30%,0-35,0,60,1,Fail,6,1,1,1,0,1,0,0,0,0,1,1,0,1,1,9
EEE,2014J,623467,0,East Anglian Region,Lower Than A Level,80-90%,0-35,0,150,0,Pass,7,0,1,1,0,1,0,0,1,0,1,0,1,1,0,3
EEE,2014J,623757,1,West Midlands Region,A Level or Equivalent,20-Oct,0-35,0,120,0,Withdrawn,11,0,0,1,0,1,1,1,0,1,0,0,1,1,1,6
EEE,2014J,623889,0,South Region,A Level or Equivalent,40-50%,0-35,0,30,1,Pass,11,0,0,1,1,0,1,0,0,0,0,1,1,1,0,6
EEE,2014J,623989,0,Scotland,A Level or Equivalent,60-70%,35-55,0,30,0,Distinction,14,0,1,0,0,1,0,1,1,0,1,1,1,1,0,5
EEE,2014J,624126,0,South Region,Lower Than A Level,90-100%,0-35,1,90,0,Fail,8,1,0,1,1,0,1,0,0,0,0,1,0,0,1,3
EEE,2014J,624222,0,North Region,Lower Than A Level,0-10%,0-35,0,90,0,Distinction,11,0,0,0,0,0,1,0,0,0,0,0,1,0,1,6
EEE,2014J,625288,0,East Midlands Region,A Level or Equivalent,40-50%,0-35,0,120,0,Withdrawn,16,1,0,0,0,0,0,0,1,0,1,1,1,0,1,10
EEE,2014J,625614,0,North Region,Lower Than A Level,,0-35,0,30,0,Pass,8,0,1,1,0,0,0,0,1,0,0,1,1,0,1,3
EEE,2014J,625785,0,Scotland,A Level or Equivalent,90-100%,0-35,1,60,0,Pass,16,0,0,1,1,1,0,1,1,0,1,1,0,0,0,10
EEE,2014J,625797,0,North Region,Lower Than A Level,,0-35,0,90,0,Fail,8,0,1,0,0,0,1,0,1,1,1,0,1,1,0,3
EEE,2014J,626998,0,Yorkshire Region,HE Qualification,30-40%,0-35,1,30,0,Pass,10,1,0,0,1,0,1,1,1,1,0,1,0,1,1,1
EEE,2014J,627283,0,North Western Region,A Level or Equivalent,0-10%,0-35,0,120,0,Pass,4,1,1,1,0,0,1,0,1,0,1,0,0,0,1,8
EEE,2014J,627312,0,North Region,HE Qualification,,35-55,1,60,0,Pass,12,0,0,0,1,1,1,0,1,1,0,0,0,1,1,7
EEE,2014J,627457,0,South West Region,A Level or Equivalent,90-100%,0-35,0,60,0,Withdrawn,11,0,1,0,1,0,0,0,0,1,0,0,1,0,1,6
EEE,2014J,627500,0,South Region,Lower Than A Level,80-90%,0-35,1,60,0,Fail,4,1,1,0,1,0,1,1,1,1,0,1,0,1,0,8
EEE,2014J,627935,1,East Midlands Region,A Level or Equivalent,20-Oct,0-35,0,90,0,Withdrawn,6,1,0,0,1,0,0,1,0,0,0,1,1,0,0,9
EEE,2014J,628054,0,East Midlands Region,Lower Than A Level,40-50%,35-55,1,150,0,Pass,10,1,1,0,0,0,1,1,1,0,0,0,1,1,0,1
EEE,2014J,628366,0,Scotland,Lower Than A Level,40-50%,0-35,1,30,0,Withdrawn,5,0,1,0,0,0,1,0,1,1,1,0,0,0,0,9
EEE,2014J,628480,0,West Midlands Region,Lower Than A Level,70-80%,0-35,0,90,0,Pass,14,0,0,0,0,1,1,1,0,1,1,1,0,1,0,5
EEE,2014J,628717,0,London Region,A Level or Equivalent,30-40%,0-35,0,180,0,Withdrawn,11,0,1,1,0,0,1,1,1,1,0,0,1,1,1,6
EEE,2014J,628741,0,South West Region,Lower Than A Level,80-90%,0-35,0,30,0,Pass,10,1,1,0,1,0,0,1,1,0,0,1,1,1,1,1
EEE,2014J,628766,0,Ireland,Lower Than A Level,60-70%,0-35,0,60,0,Pass,3,1,1,1,0,1,1,0,0,1,0,1,1,1,1,8
EEE,2014J,629014,1,South East Region,Lower Than A Level,30-40%,35-55,0,90,0,Pass,12,1,0,1,1,1,1,1,1,0,0,1,1,0,0,7
EEE,2014J,629101,0,South West Region,Lower Than A Level,60-70%,0-35,0,30,0,Pass,1,0,0,1,0,0,1,0,1,1,1,0,1,0,1,2
EEE,2014J,629400,0,Scotland,A Level or Equivalent,90-100%,0-35,0,90,0,Pass,1,1,1,0,1,1,0,1,1,0,0,1,0,0,1,2
EEE,2014J,629421,0,East Anglian Region,HE Qualification,90-100%,0-35,1,120,0,Withdrawn,3,0,1,0,0,1,0,1,1,0,1,1,0,0,1,8
EEE,2014J,629535,0,East Midlands Region,HE Qualification,20-Oct,0-35,0,60,0,Pass,1,1,1,1,1,0,1,1,0,1,1,1,1,1,1,2
EEE,2014J,629642,0,North Region,Lower Than A Level,,35-55,0,90,0,Pass,11,0,0,1,1,0,0,0,0,0,1,0,1,1,1,6
EEE,2014J,629852,0,South East Region,A Level or Equivalent,30-40%,0-35,0,60,0,Withdrawn,7,0,1,0,1,1,0,1,0,0,1,1,0,1,0,3
EEE,2014J,629862,0,West Midlands Region,Lower Than A Level,60-70%,0-35,0,30,0,Pass,6,0,0,1,0,0,1,0,1,1,1,0,0,0,0,9
EEE,2014J,630105,0,Scotland,Lower Than A Level,80-90%,0-35,0,90,0,Pass,2,0,0,0,0,0,1,0,0,1,0,0,0,1,0,2
EEE,2014J,630106,0,East Anglian Region,A Level or Equivalent,40-50%,0-35,0,90,0,Pass,4,1,0,0,1,1,1,1,1,1,1,1,0,0,0,8
EEE,2014J,630519,0,East Midlands Region,HE Qualification,50-60%,0-35,0,60,0,Pass,13,1,1,1,1,0,0,1,0,1,0,0,0,0,0,5
EEE,2014J,630541,0,North Western Region,Lower Than A Level,0-10%,0-35,0,90,0,Distinction,4,1,1,0,1,1,1,0,0,1,0,1,1,1,0,8
EEE,2014J,631113,0,Scotland,HE Qualification,60-70%,0-35,0,60,0,Pass,2,0,1,0,1,1,1,0,0,0,0,1,1,0,0,2
EEE,2014J,631807,0,East Midlands Region,HE Qualification,20-30%,35-55,1,30,0,Fail,15,0,0,0,0,0,1,1,1,1,1,0,1,0,1,10
EEE,2014J,631888,0,North Region,Lower Than A Level,,35-55,0,30,1,Withdrawn,2,1,1,1,0,0,1,1,0,1,1,0,0,1,1,2
EEE,2014J,632626,0,South East Region,A Level or Equivalent,30-40%,35-55,0,90,0,Distinction,8,0,1,0,0,1,0,1,0,0,1,0,0,1,1,3
EEE,2014J,632635,1,Scotland,Lower Than A Level,0-10%,0-35,0,60,0,Pass,14,0,1,0,0,1,1,0,0,1,1,0,0,0,0,5
EEE,2014J,632950,0,North Region,A Level or Equivalent,70-80%,0-35,0,30,0,Distinction,9,0,0,1,0,0,0,0,0,1,1,1,0,1,0,4
EEE,2014J,633824,0,East Midlands Region,A Level or Equivalent,70-80%,0-35,0,60,1,Distinction,9,0,1,0,1,1,0,1,1,1,0,1,1,0,1,4
EEE,2014J,633868,0,Wales,Lower Than A Level,40-50%,35-55,0,60,0,Fail,8,0,0,0,1,1,0,0,1,1,0,1,1,1,1,3
EEE,2014J,633914,1,East Midlands Region,A Level or Equivalent,50-60%,0-35,0,60,0,Pass,1,1,1,1,0,1,1,0,0,1,1,1,0,0,1,2
EEE,2014J,633995,0,London Region,A Level or Equivalent,30-40%,0-35,0,90,0,Fail,15,0,1,1,1,1,1,1,1,0,1,1,1,1,0,10
EEE,2014J,634094,1,West Midlands Region,A Level or Equivalent,20-Oct,0-35,0,60,0,Pass,3,1,1,1,1,1,0,1,1,1,0,0,0,1,0,8
EEE,2014J,634367,0,West Midlands Region,A Level or Equivalent,80-90%,35-55,1,30,0,Pass,6,0,1,1,1,0,1,1,1,0,1,1,1,0,1,9
EEE,2014J,634552,0,South East Region,A Level or Equivalent,80-90%,0-35,0,60,0,Pass,10,0,1,0,0,1,1,0,0,1,0,0,1,0,1,1
EEE,2014J,634655,0,London Region,HE Qualification,40-50%,35-55,0,60,0,Withdrawn,7,0,0,0,0,1,1,0,0,1,0,1,0,1,1,3
EEE,2014J,634721,0,Scotland,A Level or Equivalent,70-80%,0-35,0,60,0,Pass,4,1,1,0,1,0,0,1,1,0,1,1,0,0,0,8
EEE,2014J,634776,0,East Midlands Region,A Level or Equivalent,70-80%,0-35,0,90,0,Pass,12,1,0,1,1,1,1,1,1,1,0,0,0,0,0,7
EEE,2014J,634879,0,London Region,A Level or Equivalent,50-60%,35-55,0,90,0,Pass,12,1,0,1,0,1,1,0,0,0,0,1,1,1,0,7
EEE,2014J,634940,0,South East Region,A Level or Equivalent,20-Oct,0-35,0,60,0,Distinction,5,1,0,0,1,1,0,1,0,1,1,0,0,0,1,9
EEE,2014J,634957,0,London Region,Lower Than A Level,20-30%,35-55,0,60,0,Withdrawn,12,1,1,1,0,0,0,1,0,0,0,0,0,0,1,7
EEE,2014J,635325,0,East Anglian Region,Lower Than A Level,50-60%,0-35,0,30,0,Pass,16,1,0,1,1,0,0,0,0,1,0,0,1,0,0,10
EEE,2014J,635552,0,South Region,Lower Than A Level,70-80%,0-35,0,60,0,Fail,2,1,0,1,1,0,1,0,0,0,1,0,1,1,1,2
EEE,2014J,635564,0,North Western Region,Lower Than A Level,80-90%,0-35,0,60,0,Pass,12,0,1,1,0,0,0,0,1,1,0,0,0,1,1,7
EEE,2014J,635720,0,South West Region,A Level or Equivalent,50-60%,0-35,0,30,0,Pass,15,0,0,0,1,0,1,0,0,0,0,1,0,1,1,10
EEE,2014J,635953,0,East Anglian Region,A Level or Equivalent,50-60%,0-35,0,60,0,Distinction,12,0,0,0,1,0,0,0,1,0,0,0,1,1,1,7
EEE,2014J,636124,0,East Midlands Region,Post Graduate Qualification,60-70%,35-55,0,60,0,Distinction,1,0,0,0,1,1,1,0,0,0,1,1,1,0,0,2
EEE,2014J,636443,0,North Region,A Level or Equivalent,60-70%,0-35,0,90,0,Pass,10,1,0,1,0,1,1,1,1,0,1,0,0,0,0,1
EEE,2014J,636467,0,London Region,A Level or Equivalent,60-70%,35-55,0,60,0,Pass,6,0,1,1,1,0,0,1,1,1,1,1,1,0,0,9
EEE,2014J,636996,0,Scotland,A Level or Equivalent,60-70%,0-35,0,90,1,Pass,4,0,0,0,1,0,1,0,1,1,1,1,0,1,1,8
EEE,2014J,637123,0,Wales,A Level or Equivalent,90-100%,0-35,0,60,0,Pass,15,1,1,0,1,1,1,1,1,0,1,0,1,0,1,10
EEE,2014J,637292,0,Scotland,HE Qualification,20-30%,0-35,0,60,0,Withdrawn,7,0,0,0,0,0,0,1,1,0,1,1,1,0,1,3
EEE,2014J,637401,0,South Region,HE Qualification,90-100%,35-55,0,60,0,Pass,7,0,1,1,0,1,1,0,1,1,1,1,1,0,0,3
EEE,2014J,637528,0,London Region,A Level or Equivalent,40-50%,35-55,0,60,0,Fail,2,1,0,1,0,1,0,0,0,0,0,1,1,0,0,2
EEE,2014J,637601,0,Yorkshire Region,HE Qualification,30-40%,35-55,0,60,0,Withdrawn,10,0,1,1,1,1,1,0,0,1,1,1,1,0,1,1
EEE,2014J,637624,0,Scotland,HE Qualification,90-100%,0-35,0,150,0,Pass,2,0,0,1,1,1,0,1,0,1,1,0,0,1,0,2
EEE,2014J,637846,0,Scotland,A Level or Equivalent,20-30%,0-35,0,30,0,Withdrawn,13,1,0,1,0,0,0,1,0,0,1,1,1,0,1,5
EEE,2014J,638018,0,South Region,A Level or Equivalent,30-40%,0-35,0,60,0,Distinction,11,1,0,1,0,0,1,1,0,0,0,0,1,0,1,6
EEE,2014J,638257,0,East Anglian Region,A Level or Equivalent,30-40%,0-35,0,60,0,Fail,7,0,0,1,0,0,1,0,0,1,1,1,1,1,1,3
EEE,2014J,638604,0,Scotland,Lower Than A Level,70-80%,0-35,0,90,0,Pass,4,0,1,0,0,0,0,1,0,1,1,1,0,1,0,8
EEE,2014J,638970,0,East Anglian Region,A Level or Equivalent,40-50%,0-35,0,60,0,Pass,9,1,1,0,1,1,0,1,0,0,0,0,0,0,1,4
EEE,2014J,639012,1,North Western Region,A Level or Equivalent,80-90%,0-35,0,150,0,Pass,8,1,1,1,0,0,1,0,0,1,0,1,0,1,1,3
EEE,2014J,639194,0,Scotland,A Level or Equivalent,70-80%,35-55,0,120,0,Distinction,2,0,1,0,1,0,0,1,1,0,1,1,0,0,0,2
EEE,2014J,639232,0,London Region,A Level or Equivalent,20-Oct,35-55,0,120,0,Withdrawn,9,0,0,0,1,1,1,0,0,0,0,1,0,1,1,4
EEE,2014J,639243,0,London Region,A Level or Equivalent,80-90%,0-35,0,60,0,Fail,15,1,0,0,1,0,0,0,1,1,0,0,0,0,0,10
EEE,2014J,639253,1,South Region,HE Qualification,80-90%,0-35,0,60,0,Distinction,9,1,0,0,0,0,1,1,1,0,0,1,0,0,0,4
EEE,2014J,640109,0,London Region,No Formal quals,20-Oct,35-55,0,90,0,Fail,13,0,1,1,1,1,0,1,0,1,1,1,1,1,0,5
EEE,2014J,640307,0,Scotland,Lower Than A Level,50-60%,0-35,0,60,0,Fail,6,1,0,0,0,1,1,0,1,0,1,0,1,0,0,9
EEE,2014J,640439,0,Ireland,A Level or Equivalent,30-40%,0-35,0,60,0,Pass,9,1,1,1,1,1,0,1,0,1,1,0,1,1,1,4
EEE,2014J,640443,0,West Midlands Region,A Level or Equivalent,40-50%,0-35,0,120,1,Withdrawn,3,0,0,0,1,1,0,0,0,0,0,0,1,0,1,8
EEE,2014J,640658,1,South West Region,A Level or Equivalent,50-60%,0-35,0,90,0,Withdrawn,4,1,1,1,1,0,0,0,0,1,1,1,1,1,1,8
EEE,2014J,641116,0,South Region,Lower Than A Level,70-80%,35-55,0,60,0,Pass,11,1,1,1,0,1,1,1,1,0,1,0,0,1,0,6
EEE,2014J,641195,0,South East Region,Lower Than A Level,30-40%,0-35,0,60,0,Fail,6,1,1,1,1,0,1,0,0,1,0,1,0,1,0,9
EEE,2014J,641200,0,Scotland,HE Qualification,20-30%,0-35,0,60,0,Distinction,13,0,1,1,0,0,1,0,0,0,0,0,1,0,1,5
EEE,2014J,641566,0,South Region,Lower Than A Level,70-80%,0-35,0,60,0,Distinction,10,0,0,1,1,1,1,0,0,1,1,0,1,0,0,1
EEE,2014J,641569,0,Scotland,Lower Than A Level,60-70%,35-55,0,120,0,Distinction,15,0,0,0,1,0,0,1,1,1,1,1,1,1,1,10
EEE,2014J,641629,0,South West Region,A Level or Equivalent,90-100%,0-35,0,60,0,Fail,16,0,0,1,0,0,0,1,0,1,1,1,0,1,1,10
EEE,2014J,641716,0,Wales,Lower Than A Level,0-10%,0-35,0,90,1,Withdrawn,16,1,1,0,1,0,1,0,1,0,0,0,0,0,0,10
EEE,2014J,641817,0,Scotland,A Level or Equivalent,20-30%,0-35,0,60,1,Withdrawn,10,0,0,0,1,1,0,0,1,0,1,1,0,0,1,1
EEE,2014J,641881,0,London Region,Lower Than A Level,20-30%,0-35,0,60,1,Fail,13,1,0,0,0,0,1,1,1,1,1,0,0,1,1,5
EEE,2014J,641899,0,South West Region,Lower Than A Level,30-40%,0-35,0,30,0,Pass,10,1,0,0,1,1,1,0,0,0,1,1,0,1,0,1
EEE,2014J,642066,0,South West Region,A Level or Equivalent,20-30%,0-35,0,90,0,Fail,2,0,0,0,1,1,1,0,0,0,0,1,1,1,0,2
EEE,2014J,642342,0,Wales,A Level or Equivalent,60-70%,0-35,0,60,0,Distinction,7,0,0,1,1,0,1,0,0,1,1,0,0,0,0,3
EEE,2014J,642396,0,South West Region,A Level or Equivalent,80-90%,0-35,0,60,0,Withdrawn,13,0,1,1,1,1,0,1,1,0,1,1,0,1,1,5
EEE,2014J,642512,0,South West Region,A Level or Equivalent,30-40%,35-55,0,90,0,Withdrawn,1,1,1,1,0,1,0,1,0,0,1,1,0,0,0,2
EEE,2014J,642591,0,East Anglian Region,Lower Than A Level,70-80%,35-55,0,60,0,Distinction,10,0,1,1,0,0,0,0,0,0,0,0,1,1,1,1
EEE,2014J,642627,0,London Region,A Level or Equivalent,60-70%,0-35,0,90,0,Fail,9,0,1,0,1,1,1,0,1,0,1,1,0,0,0,4
EEE,2014J,642656,0,South West Region,A Level or Equivalent,20-30%,0-35,0,60,0,Distinction,11,1,0,0,1,0,1,0,1,0,1,1,1,1,1,6
EEE,2014J,642839,1,West Midlands Region,Lower Than A Level,0-10%,0-35,0,150,0,Fail,4,1,1,1,0,0,1,1,1,1,1,0,0,0,1,8
EEE,2014J,643077,0,Yorkshire Region,A Level or Equivalent,60-70%,35-55,0,60,0,Pass,15,0,0,1,1,1,0,1,1,1,0,1,0,1,0,10
EEE,2014J,643118,0,South Region,HE Qualification,50-60%,0-35,0,60,0,Distinction,13,1,1,1,0,1,0,1,1,0,1,1,0,0,1,5
EEE,2014J,643168,0,North Western Region,A Level or Equivalent,0-10%,0-35,0,120,0,Pass,15,0,1,0,1,0,1,0,1,0,0,0,0,1,0,10
EEE,2014J,643200,0,North Western Region,Lower Than A Level,20-30%,0-35,0,90,0,Withdrawn,9,0,0,0,0,0,1,1,0,1,1,1,1,0,1,4
EEE,2014J,643267,0,Wales,A Level or Equivalent,20-Oct,0-35,0,60,0,Pass,10,1,1,1,0,0,0,0,1,0,1,1,1,0,0,1
EEE,2014J,643269,1,West Midlands Region,HE Qualification,60-70%,0-35,0,120,0,Withdrawn,5,0,1,0,1,0,1,0,1,1,1,1,1,1,1,9
EEE,2014J,643270,0,West Midlands Region,Lower Than A Level,40-50%,0-35,0,60,0,Pass,16,0,1,0,0,1,0,0,0,1,0,0,1,0,0,10
EEE,2014J,643309,0,East Anglian Region,A Level or Equivalent,40-50%,35-55,0,120,0,Withdrawn,8,0,1,0,0,0,0,1,1,1,0,0,0,1,0,3
EEE,2014J,643404,1,Scotland,HE Qualification,40-50%,0-35,0,60,0,Fail,14,1,0,1,1,0,0,0,0,1,0,1,0,0,1,5
EEE,2014J,643416,0,East Anglian Region,A Level or Equivalent,30-40%,0-35,0,90,0,Fail,10,1,1,1,0,0,0,0,0,1,1,0,1,1,0,1
EEE,2014J,643434,0,London Region,HE Qualification,0-10%,35-55,0,60,1,Pass,3,0,0,0,1,1,1,0,0,0,1,0,0,0,1,8
EEE,2014J,643457,0,East Anglian Region,Lower Than A Level,80-90%,55<=,0,60,0,Pass,1,1,0,0,1,1,0,0,1,0,1,1,0,1,0,2
EEE,2014J,643481,0,North Western Region,Lower Than A Level,0-10%,0-35,0,90,0,Fail,11,1,0,1,0,0,0,1,0,0,1,0,0,0,0,6
EEE,2014J,643484,1,Scotland,HE Qualification,20-Oct,0-35,0,60,0,Pass,1,1,1,1,1,1,0,1,0,0,0,0,0,1,0,2
EEE,2014J,643510,0,Wales,A Level or Equivalent,60-70%,0-35,0,60,0,Pass,1,1,0,1,1,1,1,0,0,0,1,0,1,1,0,2
EEE,2014J,643514,0,East Midlands Region,A Level or Equivalent,70-80%,35-55,0,90,0,Distinction,11,1,0,0,0,0,1,0,0,0,0,1,0,0,1,6
EEE,2014J,643531,0,Yorkshire Region,Lower Than A Level,50-60%,0-35,0,60,0,Pass,8,1,0,0,0,1,0,1,1,0,1,1,1,0,0,3
EEE,2014J,643644,0,North Western Region,Lower Than A Level,70-80%,0-35,0,60,0,Fail,5,1,1,0,1,1,0,1,1,1,0,0,1,1,1,9
EEE,2014J,643705,0,East Midlands Region,A Level or Equivalent,20-Oct,0-35,0,90,0,Pass,16,1,0,0,1,1,1,0,0,1,1,0,0,0,0,10
EEE,2014J,643755,0,West Midlands Region,Lower Than A Level,30-40%,0-35,0,60,0,Withdrawn,16,0,1,0,0,1,0,1,1,0,1,1,1,1,1,10
EEE,2014J,643770,0,Scotland,HE Qualification,20-30%,0-35,0,90,0,Fail,10,1,0,1,0,1,1,0,0,1,1,1,0,0,1,1
EEE,2014J,643771,0,Scotland,A Level or Equivalent,70-80%,0-35,0,60,0,Distinction,11,0,0,0,0,1,1,1,1,0,0,0,1,1,1,6
EEE,2014J,644064,1,West Midlands Region,HE Qualification,60-70%,0-35,0,60,0,Withdrawn,1,1,0,1,1,0,0,1,0,1,0,1,1,0,0,2
EEE,2014J,644072,1,Wales,Lower Than A Level,60-70%,0-35,0,30,0,Fail,5,1,0,0,1,0,0,0,1,1,0,0,1,0,1,9
EEE,2014J,644113,0,East Midlands Region,A Level or Equivalent,50-60%,0-35,0,60,0,Distinction,1,1,0,1,1,0,1,1,0,1,0,0,1,0,1,2
EEE,2014J,644163,0,Wales,A Level or Equivalent,80-90%,0-35,0,60,0,Withdrawn,12,1,0,0,0,0,1,1,0,0,1,0,1,1,1,7
EEE,2014J,644246,0,Yorkshire Region,A Level or Equivalent,30-40%,0-35,0,60,0,Distinction,6,1,0,0,1,0,1,0,0,0,0,0,0,1,1,9
EEE,2014J,644480,1,London Region,A Level or Equivalent,0-10%,0-35,0,120,0,Pass,9,0,1,1,1,1,1,1,1,0,1,1,0,0,1,4
EEE,2014J,644514,0,North Region,HE Qualification,,0-35,0,60,0,Pass,5,0,1,0,1,1,0,0,0,1,0,0,1,0,1,9
EEE,2014J,644742,0,South Region,A Level or Equivalent,30-40%,0-35,0,60,0,Pass,1,0,1,0,0,0,1,0,1,1,1,0,0,0,1,2
EEE,2014J,644794,1,Ireland,Lower Than A Level,20-Oct,0-35,0,60,1,Pass,8,0,0,1,0,0,0,0,0,0,0,1,1,1,0,3
EEE,2014J,644905,0,South East Region,HE Qualification,40-50%,0-35,0,120,0,Withdrawn,15,1,1,0,0,1,0,1,1,1,0,1,0,1,1,10
EEE,2014J,645045,0,Yorkshire Region,HE Qualification,80-90%,0-35,0,90,0,Withdrawn,14,1,0,1,1,0,1,0,1,1,1,1,1,1,0,5
EEE,2014J,645126,0,East Midlands Region,HE Qualification,60-70%,0-35,0,60,0,Distinction,6,1,1,1,1,0,1,0,1,0,0,1,0,0,0,9
EEE,2014J,645151,0,West Midlands Region,Lower Than A Level,20-Oct,0-35,0,60,0,Withdrawn,14,0,1,0,0,1,1,0,1,1,1,0,1,0,0,5
EEE,2014J,645170,0,South Region,A Level or Equivalent,30-40%,35-55,0,60,0,Pass,9,1,1,1,0,0,0,1,0,0,0,1,1,1,0,4
EEE,2014J,645319,0,Scotland,Lower Than A Level,50-60%,55<=,0,60,0,Pass,1,0,0,0,1,1,0,1,0,0,1,1,1,0,1,2
EEE,2014J,645451,0,London Region,Lower Than A Level,50-60%,0-35,0,90,0,Pass,5,1,0,0,1,0,1,0,1,1,1,1,0,1,0,9
EEE,2014J,645462,0,West Midlands Region,A Level or Equivalent,70-80%,35-55,0,90,0,Withdrawn,14,1,0,0,1,0,0,1,0,1,0,1,1,1,0,5
EEE,2014J,645481,0,South Region,Lower Than A Level,20-Oct,0-35,0,60,1,Withdrawn,12,0,0,0,0,0,0,0,0,0,0,0,0,0,0,7
EEE,2014J,645542,0,South Region,Lower Than A Level,40-50%,0-35,0,60,0,Pass,5,1,1,0,0,0,1,1,0,0,0,1,1,0,1,9
EEE,2014J,645557,0,South Region,Lower Than A Level,60-70%,0-35,0,90,0,Withdrawn,4,0,1,0,0,1,0,1,1,1,0,0,0,1,1,8
EEE,2014J,645831,0,Wales,Lower Than A Level,20-30%,0-35,0,60,0,Distinction,5,1,1,1,1,0,0,1,0,1,0,0,0,1,0,9
EEE,2014J,645847,0,South West Region,HE Qualification,60-70%,35-55,0,90,0,Withdrawn,11,1,1,0,0,1,1,0,0,1,0,0,0,1,0,6
EEE,2014J,645867,0,Scotland,HE Qualification,70-80%,0-35,0,120,0,Withdrawn,14,0,0,1,0,0,0,1,0,0,1,0,1,1,1,5
EEE,2014J,645889,0,Scotland,A Level or Equivalent,50-60%,0-35,0,60,0,Pass,16,0,0,0,0,1,1,1,0,1,1,0,0,0,1,10
EEE,2014J,646005,0,North Western Region,A Level or Equivalent,40-50%,0-35,0,60,0,Distinction,2,0,0,0,1,1,1,0,0,1,1,1,1,1,0,2
EEE,2014J,646040,0,South Region,A Level or Equivalent,50-60%,0-35,0,90,0,Pass,14,0,1,0,1,0,1,1,0,0,1,0,0,0,1,5
EEE,2014J,646070,0,North Western Region,A Level or Equivalent,30-40%,0-35,0,60,0,Pass,12,0,0,0,0,0,0,0,1,1,0,0,0,0,0,7
EEE,2014J,646071,0,Scotland,Post Graduate Qualification,80-90%,0-35,0,60,0,Pass,1,1,0,1,0,0,0,0,1,1,1,0,0,1,0,2
EEE,2014J,646097,1,Scotland,HE Qualification,0-10%,0-35,0,60,0,Withdrawn,13,0,0,1,1,1,1,0,1,0,0,1,0,0,1,5
EEE,2014J,646109,0,North Western Region,HE Qualification,0-10%,0-35,0,60,0,Withdrawn,13,1,1,0,0,1,1,0,0,1,1,1,1,0,1,5
EEE,2014J,646184,0,South Region,A Level or Equivalent,90-100%,0-35,0,90,0,Pass,8,0,0,0,0,0,0,1,0,1,1,1,1,0,0,3
EEE,2014J,646197,0,Scotland,Post Graduate Qualification,90-100%,0-35,0,60,0,Distinction,10,1,1,1,1,0,0,0,0,0,1,1,0,1,1,1
EEE,2014J,646218,1,East Midlands Region,A Level or Equivalent,20-Oct,0-35,0,60,0,Withdrawn,8,0,1,1,0,0,1,1,0,1,0,0,0,1,1,3
EEE,2014J,646361,0,North Western Region,HE Qualification,80-90%,0-35,0,60,0,Pass,9,1,1,0,1,0,0,0,1,0,1,0,1,0,1,4
EEE,2014J,646363,0,East Anglian Region,HE Qualification,60-70%,0-35,0,60,0,Fail,5,0,0,1,0,1,1,0,1,0,0,0,1,1,1,9
EEE,2014J,646459,0,London Region,HE Qualification,20-Oct,0-35,0,150,0,Withdrawn,4,0,0,0,1,1,0,0,0,0,0,0,1,0,0,8
EEE,2014J,646502,0,London Region,A Level or Equivalent,30-40%,0-35,0,60,0,Pass,12,1,0,0,0,0,0,1,1,0,0,0,1,0,1,7
EEE,2014J,646520,0,Scotland,A Level or Equivalent,60-70%,0-35,0,60,1,Pass,11,1,1,0,0,1,0,0,1,1,0,0,1,1,0,6
EEE,2014J,646547,0,North Western Region,Lower Than A Level,0-10%,0-35,0,90,0,Fail,12,1,1,1,0,0,0,1,1,1,1,1,0,0,1,7
EEE,2014J,646581,0,Wales,Lower Than A Level,30-40%,0-35,0,30,0,Fail,5,0,1,1,1,1,1,0,1,1,0,0,0,1,1,9
EEE,2014J,646722,0,West Midlands Region,Lower Than A Level,60-70%,0-35,0,60,0,Withdrawn,16,0,0,1,1,1,1,0,1,1,1,0,0,0,0,10
EEE,2014J,646747,1,East Midlands Region,A Level or Equivalent,50-60%,0-35,0,60,0,Withdrawn,10,0,0,0,0,0,0,0,0,1,1,0,1,0,0,1
EEE,2014J,646815,0,East Midlands Region,Lower Than A Level,20-30%,35-55,0,60,0,Fail,5,1,1,1,0,0,0,0,0,0,0,1,0,1,1,9
EEE,2014J,646841,0,North Western Region,Lower Than A Level,0-10%,0-35,0,60,0,Fail,12,0,0,1,0,0,1,1,0,1,0,1,1,1,1,7
EEE,2014J,646903,0,North Western Region,Lower Than A Level,0-10%,0-35,0,60,0,Pass,14,1,0,1,0,0,1,0,1,1,0,1,0,0,0,5
EEE,2014J,646998,0,East Midlands Region,A Level or Equivalent,90-100%,0-35,0,60,0,Pass,10,0,0,0,0,1,1,0,1,0,1,0,0,0,1,1
EEE,2014J,647043,0,North Western Region,Lower Than A Level,0-10%,0-35,0,60,0,Fail,2,1,1,0,0,1,1,0,1,1,0,0,1,1,1,2
EEE,2014J,647083,0,Yorkshire Region,A Level or Equivalent,20-Oct,0-35,0,180,0,Pass,7,0,1,1,1,1,1,0,1,0,1,0,1,0,1,3
EEE,2014J,647148,0,Scotland,A Level or Equivalent,40-50%,0-35,0,120,0,Pass,14,1,1,0,0,0,0,0,1,1,1,1,1,0,0,5
EEE,2014J,647179,0,London Region,A Level or Equivalent,30-40%,35-55,0,60,0,Fail,12,0,0,1,0,1,0,0,1,0,0,1,0,1,0,7
EEE,2014J,647184,0,London Region,Lower Than A Level,20-Oct,0-35,0,120,0,Withdrawn,16,1,1,1,0,0,1,1,0,0,0,0,1,1,1,10
EEE,2014J,647217,0,Wales,A Level or Equivalent,30-40%,0-35,0,120,0,Withdrawn,8,1,1,1,1,0,0,1,1,0,1,0,0,0,1,3
EEE,2014J,647358,0,Scotland,A Level or Equivalent,60-70%,0-35,0,30,0,Fail,14,0,0,0,1,1,1,0,1,1,1,1,0,0,1,5
EEE,2014J,647405,1,South West Region,A Level or Equivalent,30-40%,0-35,0,60,1,Withdrawn,3,1,0,1,1,1,1,0,0,1,0,0,1,0,1,8
EEE,2014J,647432,1,Wales,A Level or Equivalent,0-10%,0-35,0,60,0,Withdrawn,4,1,1,0,0,1,1,1,1,0,1,1,0,1,0,8
EEE,2014J,647466,1,North Region,HE Qualification,20-Oct,0-35,0,60,0,Pass,12,1,0,1,0,0,0,0,0,1,1,0,1,1,0,7
EEE,2014J,647518,0,Wales,A Level or Equivalent,20-Oct,0-35,0,120,0,Withdrawn,1,0,0,0,1,1,0,0,1,1,1,1,1,0,1,2
EEE,2014J,647645,0,East Anglian Region,A Level or Equivalent,80-90%,0-35,0,90,0,Pass,3,1,1,0,0,0,0,0,1,0,1,1,1,0,0,8
EEE,2014J,647791,0,West Midlands Region,No Formal quals,0-10%,0-35,0,30,0,Withdrawn,12,1,1,0,0,0,1,1,1,1,1,0,0,1,1,7
EEE,2014J,647865,0,East Anglian Region,A Level or Equivalent,30-40%,0-35,0,60,0,Pass,14,1,1,0,1,1,0,1,0,1,0,0,1,0,1,5
EEE,2014J,647887,1,London Region,No Formal quals,0-10%,0-35,0,60,0,Withdrawn,8,0,1,1,1,1,0,1,0,1,0,1,0,0,1,3
EEE,2014J,647888,0,South East Region,A Level or Equivalent,80-90%,0-35,0,60,0,Distinction,4,1,1,0,0,1,1,0,1,1,1,1,0,1,0,8
EEE,2014J,647916,0,North Region,A Level or Equivalent,,0-35,0,60,0,Pass,15,1,0,0,0,0,1,1,0,0,0,0,0,0,1,10
EEE,2014J,647919,0,East Midlands Region,Lower Than A Level,20-30%,0-35,0,60,0,Pass,16,0,1,0,1,1,0,1,1,0,0,0,0,0,0,10
EEE,2014J,647983,0,North Western Region,Lower Than A Level,0-10%,0-35,0,60,0,Pass,11,1,1,0,1,0,1,1,1,0,0,1,1,0,0,6
EEE,2014J,647988,1,East Midlands Region,A Level or Equivalent,90-100%,0-35,0,60,0,Pass,15,1,0,1,1,0,0,1,0,0,0,1,1,0,1,10
EEE,2014J,648001,0,Yorkshire Region,Lower Than A Level,70-80%,0-35,0,60,0,Distinction,3,0,0,1,0,1,0,0,0,1,1,0,1,1,0,8
EEE,2014J,648058,0,East Midlands Region,Lower Than A Level,30-40%,0-35,0,60,0,Withdrawn,8,1,0,0,0,0,1,1,1,0,1,1,0,0,0,3
EEE,2014J,648090,1,South Region,A Level or Equivalent,20-30%,0-35,0,60,0,Pass,3,1,0,1,1,1,0,1,0,0,0,1,1,0,1,8
EEE,2014J,648091,0,North Region,A Level or Equivalent,30-40%,0-35,0,60,0,Pass,12,1,0,1,0,0,0,0,1,1,1,1,1,0,1,7
EEE,2014J,648136,0,South West Region,Lower Than A Level,20-30%,0-35,0,60,0,Pass,15,0,0,1,1,0,0,1,1,0,1,0,1,1,1,10
EEE,2014J,648250,1,London Region,HE Qualification,50-60%,0-35,0,90,0,Withdrawn,15,1,0,1,1,0,0,0,1,0,1,0,0,1,1,10
EEE,2014J,648285,0,Ireland,A Level or Equivalent,40-50%,0-35,0,60,0,Distinction,2,0,1,0,0,0,0,0,1,1,0,1,0,1,0,2
EEE,2014J,648354,1,North Western Region,A Level or Equivalent,20-30%,35-55,0,120,0,Pass,13,1,1,1,1,1,1,0,0,1,0,1,0,1,0,5
EEE,2014J,648369,0,Wales,HE Qualification,40-50%,0-35,0,60,0,Pass,16,0,0,0,0,1,1,0,0,1,0,1,1,1,1,10
EEE,2014J,648370,0,South East Region,A Level or Equivalent,70-80%,35-55,0,60,0,Pass,4,0,0,0,1,1,1,0,0,1,1,0,0,1,0,8
EEE,2014J,648422,0,South Region,Lower Than A Level,80-90%,35-55,0,60,0,Pass,5,0,0,0,0,1,0,0,0,1,0,0,1,1,1,9
EEE,2014J,648429,0,South Region,HE Qualification,90-100%,0-35,0,60,0,Withdrawn,8,1,0,1,1,0,0,1,0,1,0,0,0,1,1,3
EEE,2014J,648436,0,South East Region,HE Qualification,90-100%,35-55,0,60,0,Pass,2,0,1,1,0,1,1,0,0,1,0,1,0,1,1,2
EEE,2014J,648440,0,East Midlands Region,A Level or Equivalent,30-40%,0-35,0,120,0,Withdrawn,15,0,0,0,1,1,0,0,0,0,1,1,1,0,1,10
EEE,2014J,648469,0,East Anglian Region,A Level or Equivalent,80-90%,0-35,0,30,0,Distinction,11,0,1,1,0,0,0,0,1,0,0,0,1,0,0,6
EEE,2014J,648518,1,Scotland,A Level or Equivalent,60-70%,0-35,0,180,0,Fail,13,1,0,1,0,1,1,0,0,0,1,0,0,0,0,5
EEE,2014J,648652,0,Wales,Lower Than A Level,80-90%,0-35,0,120,0,Withdrawn,13,0,0,1,0,0,0,0,0,0,0,1,0,0,0,5
EEE,2014J,648654,0,West Midlands Region,Lower Than A Level,50-60%,0-35,0,60,0,Pass,3,1,0,1,1,0,0,0,1,1,1,1,0,1,0,8
EEE,2014J,648687,0,Wales,A Level or Equivalent,80-90%,0-35,0,60,0,Distinction,5,1,0,1,0,0,0,1,0,0,0,1,0,0,1,9
EEE,2014J,648787,0,West Midlands Region,Lower Than A Level,20-Oct,0-35,0,60,0,Pass,7,1,1,0,0,0,0,0,0,1,0,0,0,1,1,3
EEE,2014J,648834,0,Scotland,HE Qualification,80-90%,0-35,0,60,0,Withdrawn,6,1,0,1,0,1,1,1,1,1,0,0,0,1,0,9
EEE,2014J,648843,0,North Region,A Level or Equivalent,80-90%,0-35,0,60,0,Pass,4,0,1,1,0,1,1,1,0,0,0,0,0,1,0,8
EEE,2014J,648852,0,North Region,Lower Than A Level,20-Oct,35-55,0,60,0,Withdrawn,3,1,1,0,0,1,0,1,1,0,1,0,0,0,0,8
EEE,2014J,648902,0,South West Region,A Level or Equivalent,20-Oct,0-35,0,60,1,Pass,3,0,1,1,1,0,1,1,1,0,0,0,0,0,1,8
EEE,2014J,648942,0,South East Region,A Level or Equivalent,80-90%,0-35,0,60,0,Pass,11,1,0,1,1,1,0,0,1,1,0,1,0,0,1,6
EEE,2014J,649001,0,London Region,Lower Than A Level,20-30%,35-55,0,60,0,Withdrawn,14,0,1,0,0,1,0,0,0,1,1,1,0,1,1,5
EEE,2014J,649069,0,South West Region,A Level or Equivalent,50-60%,0-35,0,60,0,Pass,6,1,1,1,1,0,0,0,0,0,0,1,0,0,1,9
EEE,2014J,649171,0,North Western Region,A Level or Equivalent,0-10%,0-35,0,60,0,Pass,7,1,0,0,0,0,0,0,0,1,0,1,0,1,1,3
EEE,2014J,649200,0,North Region,A Level or Equivalent,20-Oct,0-35,0,90,0,Withdrawn,12,0,1,0,0,0,1,1,0,1,0,0,0,0,0,7
EEE,2014J,649215,0,London Region,Lower Than A Level,20-30%,0-35,0,90,0,Fail,1,0,0,1,0,0,1,1,1,1,0,1,0,1,0,2
EEE,2014J,649230,1,Scotland,Lower Than A Level,0-10%,0-35,0,180,0,Withdrawn,16,1,1,1,0,0,0,0,0,1,1,0,1,0,0,10
EEE,2014J,649248,1,Yorkshire Region,Lower Than A Level,50-60%,0-35,0,90,0,Withdrawn,14,1,1,1,0,1,0,1,0,0,1,0,0,1,0,5
EEE,2014J,649255,0,Yorkshire Region,HE Qualification,70-80%,0-35,0,60,0,Distinction,4,0,0,1,0,1,0,1,0,1,0,1,0,1,1,8
EEE,2014J,649310,0,Ireland,A Level or Equivalent,50-60%,0-35,0,60,0,Fail,7,1,0,0,1,0,1,0,1,1,1,0,0,1,1,3
EEE,2014J,649332,0,West Midlands Region,HE Qualification,40-50%,0-35,0,60,0,Withdrawn,10,0,0,1,1,0,0,1,0,0,0,1,1,1,1,1
EEE,2014J,649339,0,West Midlands Region,A Level or Equivalent,80-90%,35-55,0,60,0,Distinction,8,1,0,1,1,0,0,1,1,0,0,1,1,1,1,3
EEE,2014J,649343,0,East Midlands Region,A Level or Equivalent,50-60%,0-35,0,90,0,Pass,15,0,1,1,1,0,1,0,0,1,0,0,0,0,1,10
EEE,2014J,649506,0,Scotland,A Level or Equivalent,50-60%,0-35,0,90,0,Fail,16,0,1,1,0,0,0,1,0,1,1,1,1,0,1,10
EEE,2014J,649637,0,Scotland,HE Qualification,30-40%,0-35,0,60,0,Distinction,16,0,1,0,0,1,1,0,1,1,1,0,0,0,0,10
EEE,2014J,649667,0,North Western Region,A Level or Equivalent,70-80%,0-35,0,60,0,Pass,5,1,0,0,1,0,0,1,1,0,1,1,1,1,0,9
EEE,2014J,649701,0,Yorkshire Region,Lower Than A Level,20-30%,0-35,0,120,0,Withdrawn,15,0,1,1,1,0,0,0,1,0,1,0,0,0,0,10
EEE,2014J,649713,0,Scotland,A Level or Equivalent,60-70%,0-35,0,60,0,Distinction,12,1,0,0,1,1,1,0,0,1,1,0,0,0,0,7
EEE,2014J,649718,0,North Western Region,Lower Than A Level,60-70%,0-35,0,60,0,Distinction,15,0,0,0,0,1,0,1,1,1,0,0,1,0,1,10
EEE,2014J,649720,0,Wales,A Level or Equivalent,50-60%,0-35,0,120,0,Withdrawn,11,0,0,1,0,0,1,0,0,1,0,1,0,1,0,6
EEE,2014J,649738,0,East Anglian Region,HE Qualification,20-30%,35-55,0,60,0,Pass,14,1,0,1,1,1,1,0,1,1,1,0,1,1,0,5
EEE,2014J,649755,0,South West Region,Lower Than A Level,30-40%,0-35,0,60,0,Withdrawn,14,1,0,1,1,1,1,1,1,1,0,0,1,1,0,5
EEE,2014J,649783,0,London Region,A Level or Equivalent,20-30%,0-35,0,120,0,Withdrawn,5,1,1,0,0,1,0,0,0,1,1,0,0,0,0,9
EEE,2014J,649840,0,South Region,Lower Than A Level,40-50%,0-35,0,90,0,Withdrawn,2,0,0,0,1,0,1,0,0,0,0,0,0,1,0,2
EEE,2014J,649843,0,London Region,A Level or Equivalent,20-Oct,0-35,0,60,0,Pass,9,0,1,1,0,1,1,0,1,0,1,0,1,0,1,4
EEE,2014J,649861,0,North Western Region,Lower Than A Level,0-10%,0-35,0,30,0,Withdrawn,3,0,1,1,1,0,0,0,1,1,1,0,1,0,1,8
EEE,2014J,649863,0,South East Region,Lower Than A Level,40-50%,0-35,0,60,0,Withdrawn,5,1,1,0,0,0,1,1,1,1,0,1,1,1,1,9
EEE,2014J,649935,0,West Midlands Region,A Level or Equivalent,20-30%,0-35,0,60,0,Fail,7,1,0,1,0,1,1,0,1,1,0,0,1,0,1,3
EEE,2014J,649943,0,North Western Region,A Level or Equivalent,50-60%,35-55,0,30,0,Pass,7,0,0,0,1,0,1,0,0,1,0,0,0,1,0,3
EEE,2014J,650027,0,East Anglian Region,Lower Than A Level,90-100%,0-35,0,60,0,Distinction,3,0,0,0,0,1,0,1,1,0,1,1,1,0,1,8
EEE,2014J,650105,0,Scotland,Lower Than A Level,70-80%,0-35,0,60,0,Fail,16,0,1,1,1,0,1,0,1,0,1,0,1,1,1,10
EEE,2014J,650137,0,London Region,A Level or Equivalent,70-80%,0-35,0,60,0,Withdrawn,7,0,0,1,1,0,1,1,1,0,1,0,1,0,0,3
EEE,2014J,650145,0,Wales,Lower Than A Level,20-30%,0-35,0,60,0,Fail,16,1,1,1,0,0,1,1,1,0,0,1,1,0,0,10
EEE,2014J,650164,0,Scotland,HE Qualification,90-100%,0-35,0,30,0,Pass,4,0,0,1,1,1,0,1,0,1,0,1,0,0,0,8
EEE,2014J,650192,0,North Region,Lower Than A Level,60-70%,0-35,0,30,0,Withdrawn,4,1,1,0,1,1,1,0,0,1,1,0,1,1,0,8
EEE,2014J,650223,0,Yorkshire Region,Lower Than A Level,20-Oct,0-35,0,120,0,Withdrawn,10,1,1,1,0,0,0,0,1,0,1,1,0,0,0,1
EEE,2014J,650330,0,South West Region,Lower Than A Level,40-50%,0-35,0,60,0,Distinction,13,0,0,0,1,0,1,1,0,0,0,0,0,1,1,5
EEE,2014J,650334,0,South West Region,Lower Than A Level,40-50%,0-35,0,60,0,Withdrawn,7,0,0,0,1,0,0,1,1,0,0,1,0,1,0,3
EEE,2014J,650341,1,London Region,A Level or Equivalent,30-40%,0-35,0,150,0,Pass,2,0,0,1,0,1,0,1,1,0,1,0,0,0,1,2
EEE,2014J,650384,0,East Anglian Region,Lower Than A Level,40-50%,0-35,0,30,0,Withdrawn,6,1,0,1,0,1,1,1,1,1,1,0,1,0,1,9
EEE,2014J,650471,0,East Midlands Region,A Level or Equivalent,20-Oct,0-35,0,60,0,Pass,2,1,0,1,0,1,0,1,0,1,0,0,1,1,0,2
EEE,2014J,650504,0,Scotland,A Level or Equivalent,70-80%,0-35,0,40,0,Distinction,12,1,0,1,1,0,1,0,1,0,0,1,0,1,1,7
EEE,2014J,650533,0,East Midlands Region,A Level or Equivalent,30-40%,35-55,0,30,0,Pass,8,1,1,1,0,0,1,1,0,0,0,1,1,0,0,3
EEE,2014J,650575,0,Yorkshire Region,A Level or Equivalent,40-50%,0-35,0,90,0,Fail,9,0,0,1,0,0,1,0,1,1,0,0,1,0,1,4
EEE,2014J,650578,0,East Midlands Region,Lower Than A Level,20-Oct,0-35,0,60,1,Withdrawn,3,0,1,1,0,0,1,1,1,1,0,0,0,1,1,8
EEE,2014J,650592,0,West Midlands Region,Lower Than A Level,60-70%,0-35,0,30,0,Pass,3,1,0,0,1,1,1,0,0,0,1,0,1,0,1,8
EEE,2014J,650666,0,East Anglian Region,A Level or Equivalent,40-50%,35-55,0,60,1,Distinction,3,0,0,0,1,1,0,1,0,1,1,0,1,0,1,8
EEE,2014J,650734,0,North Western Region,A Level or Equivalent,50-60%,0-35,0,60,0,Pass,13,1,1,1,0,1,0,1,0,0,0,0,0,1,1,5
EEE,2014J,650752,0,East Midlands Region,A Level or Equivalent,90-100%,0-35,0,30,0,Fail,8,1,1,0,1,0,0,1,1,1,0,0,1,1,1,3
EEE,2014J,650770,0,South Region,A Level or Equivalent,90-100%,0-35,0,60,0,Distinction,10,1,0,0,1,0,0,0,0,0,1,0,0,1,1,1
EEE,2014J,650816,0,Wales,A Level or Equivalent,20-Oct,0-35,0,60,0,Pass,14,0,1,0,1,0,1,1,1,1,0,0,0,0,0,5
EEE,2014J,650849,1,Scotland,HE Qualification,70-80%,0-35,0,60,0,Withdrawn,7,0,1,1,1,0,1,0,1,1,0,1,1,1,1,3
EEE,2014J,650856,0,London Region,Lower Than A Level,30-40%,0-35,0,120,0,Distinction,9,1,1,0,1,0,0,0,1,1,1,1,1,1,0,4
EEE,2014J,650926,0,North Region,Lower Than A Level,70-80%,0-35,0,60,0,Pass,13,0,1,1,0,1,1,0,1,0,1,1,0,1,0,5
EEE,2014J,650927,0,Scotland,A Level or Equivalent,50-60%,0-35,0,90,0,Distinction,8,1,0,0,1,0,1,1,1,1,1,0,1,0,0,3
EEE,2014J,650950,0,Scotland,HE Qualification,40-50%,35-55,0,30,0,Fail,10,0,1,1,1,0,1,1,1,1,0,0,0,1,0,1
EEE,2014J,650987,0,East Anglian Region,A Level or Equivalent,70-80%,0-35,0,60,0,Pass,4,0,1,0,0,0,0,1,1,1,0,0,1,0,1,8
EEE,2014J,651015,0,South East Region,A Level or Equivalent,50-60%,0-35,0,30,0,Pass,13,1,1,0,1,1,1,1,1,0,0,1,1,1,0,5
EEE,2014J,651086,0,South Region,Lower Than A Level,80-90%,0-35,0,120,0,Withdrawn,14,0,1,0,1,0,1,1,1,0,1,1,1,1,1,5
EEE,2014J,651155,0,East Anglian Region,Lower Than A Level,20-Oct,0-35,0,60,0,Distinction,13,0,0,0,1,0,0,1,1,1,1,1,1,1,1,5
EEE,2014J,651156,0,Yorkshire Region,A Level or Equivalent,0-10%,0-35,0,120,0,Withdrawn,5,0,1,1,0,1,1,1,1,1,0,1,1,0,0,9
EEE,2014J,651191,0,London Region,A Level or Equivalent,20-30%,35-55,0,60,0,Withdrawn,15,1,1,1,0,0,1,1,1,0,0,0,0,1,1,10
EEE,2014J,651245,0,Scotland,Lower Than A Level,20-30%,35-55,0,60,0,Pass,6,1,0,0,0,1,0,0,1,1,0,1,0,1,1,9
EEE,2014J,651298,0,North Western Region,HE Qualification,40-50%,0-35,0,60,0,Withdrawn,10,1,1,1,0,1,0,1,0,1,0,1,0,1,0,1
EEE,2014J,651337,0,North Western Region,A Level or Equivalent,20-30%,0-35,0,60,0,Pass,7,0,1,1,0,1,1,0,1,0,0,1,1,1,0,3
EEE,2014J,651361,0,South West Region,Lower Than A Level,50-60%,0-35,0,120,0,Withdrawn,12,0,0,0,1,0,0,1,1,0,1,1,1,0,1,7
EEE,2014J,651371,0,South Region,A Level or Equivalent,50-60%,0-35,0,60,0,Withdrawn,2,0,1,1,1,0,1,0,1,1,1,0,0,0,0,2
EEE,2014J,651384,0,South Region,A Level or Equivalent,90-100%,0-35,0,60,0,Withdrawn,6,1,1,1,1,0,1,0,0,1,1,1,0,0,1,9
EEE,2014J,651533,0,South Region,Lower Than A Level,70-80%,0-35,0,60,0,Distinction,15,1,0,1,0,0,1,0,0,0,1,1,1,1,0,10
EEE,2014J,651534,0,Scotland,HE Qualification,30-40%,0-35,0,30,0,Pass,2,0,1,1,0,1,0,0,1,1,1,1,0,1,0,2
EEE,2014J,651616,0,West Midlands Region,Lower Than A Level,20-30%,35-55,0,120,0,Withdrawn,10,0,0,1,0,0,1,1,1,1,0,1,1,1,0,1
EEE,2014J,651635,0,South Region,A Level or Equivalent,80-90%,0-35,0,60,1,Pass,15,1,1,0,0,0,0,1,0,0,1,0,1,1,1,10
EEE,2014J,651648,0,North Western Region,A Level or Equivalent,50-60%,35-55,0,60,0,Pass,11,0,1,0,1,1,1,1,1,0,0,0,1,1,1,6
EEE,2014J,651734,0,South East Region,Lower Than A Level,20-30%,0-35,0,120,0,Fail,15,1,0,1,0,1,0,0,1,1,0,1,0,1,0,10
EEE,2014J,651766,0,East Anglian Region,Lower Than A Level,60-70%,0-35,0,60,0,Pass,16,0,0,1,0,0,0,1,1,0,0,1,1,1,1,10
EEE,2014J,651828,0,Scotland,HE Qualification,60-70%,35-55,0,60,0,Distinction,3,0,1,0,1,1,0,1,1,1,1,0,0,1,0,8
EEE,2014J,651839,0,North Region,A Level or Equivalent,0-10%,0-35,0,120,0,Withdrawn,13,0,0,1,1,1,0,0,1,0,0,1,1,0,0,5
EEE,2014J,651850,0,East Anglian Region,A Level or Equivalent,80-90%,0-35,0,90,0,Pass,2,1,1,0,0,1,0,1,0,0,1,1,1,1,1,2
EEE,2014J,651915,0,Wales,A Level or Equivalent,70-80%,0-35,0,90,0,Withdrawn,7,0,0,0,0,0,0,1,1,0,1,0,0,1,1,3
EEE,2014J,651930,0,South West Region,Lower Than A Level,60-70%,0-35,0,30,0,Distinction,15,0,1,0,1,1,0,0,0,0,1,1,0,1,0,10
EEE,2014J,651933,0,East Midlands Region,A Level or Equivalent,30-40%,0-35,0,120,0,Pass,7,1,1,0,0,1,0,0,0,0,1,1,1,1,1,3
EEE,2014J,651935,1,West Midlands Region,A Level or Equivalent,0-10%,0-35,0,120,0,Pass,8,0,0,1,0,0,1,1,0,0,1,0,1,0,0,3
EEE,2014J,651950,0,North Western Region,Lower Than A Level,20-Oct,0-35,0,60,0,Pass,7,0,1,0,1,1,1,1,1,0,1,1,1,1,1,3
EEE,2014J,651995,0,South Region,A Level or Equivalent,20-30%,0-35,0,90,0,Distinction,5,1,1,1,1,0,0,0,1,1,1,1,0,1,1,9
EEE,2014J,652054,0,South East Region,HE Qualification,40-50%,35-55,0,60,0,Pass,14,0,1,0,1,1,0,0,1,0,0,1,1,0,0,5
EEE,2014J,652233,0,London Region,HE Qualification,20-Oct,0-35,0,30,0,Withdrawn,12,1,1,0,0,0,1,0,1,1,0,1,0,1,1,7
EEE,2014J,652285,0,North Region,HE Qualification,,0-35,0,60,0,Distinction,3,1,1,0,1,0,1,1,1,1,0,0,1,0,0,8
EEE,2014J,652287,0,North Region,Post Graduate Qualification,,35-55,0,60,0,Withdrawn,15,1,0,1,0,1,1,0,0,0,1,1,0,1,0,10
EEE,2014J,652302,0,Scotland,HE Qualification,70-80%,0-35,0,60,0,Pass,2,0,1,1,1,1,0,1,1,0,0,0,0,1,1,2
EEE,2014J,652442,0,East Midlands Region,A Level or Equivalent,30-40%,35-55,0,60,0,Fail,9,1,1,1,1,0,1,1,1,1,0,1,1,1,1,4
EEE,2014J,652460,0,Scotland,A Level or Equivalent,90-100%,35-55,0,30,0,Pass,9,0,1,1,1,0,1,1,1,0,0,1,0,1,1,4
EEE,2014J,652476,1,Scotland,HE Qualification,60-70%,0-35,0,120,0,Pass,2,0,0,0,0,0,0,0,1,1,0,0,0,0,0,2
EEE,2014J,652501,0,South West Region,A Level or Equivalent,30-40%,0-35,0,120,0,Pass,6,0,1,0,1,1,1,0,1,1,1,1,1,1,0,9
EEE,2014J,652571,0,London Region,A Level or Equivalent,20-30%,0-35,0,60,0,Withdrawn,11,0,1,1,1,1,1,0,0,0,0,1,0,0,1,6
EEE,2014J,652606,0,North Region,Lower Than A Level,30-40%,0-35,0,90,0,Withdrawn,8,1,1,1,0,1,1,0,1,0,0,0,0,1,0,3
EEE,2014J,652667,0,London Region,Lower Than A Level,70-80%,0-35,0,120,0,Withdrawn,8,0,0,1,0,0,1,0,0,0,1,0,1,0,1,3
EEE,2014J,652861,0,Scotland,HE Qualification,80-90%,0-35,0,60,0,Pass,14,0,1,1,1,1,1,1,1,0,1,1,0,1,0,5
EEE,2014J,652880,1,Scotland,HE Qualification,30-40%,0-35,0,60,0,Pass,4,1,1,1,0,0,0,1,0,1,0,1,0,0,0,8
EEE,2014J,652894,0,North Region,A Level or Equivalent,30-40%,0-35,0,60,0,Fail,10,0,1,1,1,0,1,0,1,0,1,1,1,1,0,1
EEE,2014J,652902,0,London Region,HE Qualification,40-50%,0-35,0,120,0,Distinction,2,1,1,1,0,0,1,0,1,0,1,0,1,1,0,2
EEE,2014J,652971,0,South East Region,A Level or Equivalent,30-40%,35-55,0,90,0,Distinction,12,1,1,1,0,0,1,1,0,0,1,1,1,1,1,7
EEE,2014J,653090,0,Scotland,Lower Than A Level,40-50%,35-55,0,60,0,Fail,13,1,1,1,1,0,0,0,1,0,1,1,1,0,1,5
EEE,2014J,653168,0,West Midlands Region,Lower Than A Level,20-Oct,0-35,0,120,0,Withdrawn,13,0,1,0,0,1,1,0,0,1,0,1,0,1,1,5
EEE,2014J,653177,1,West Midlands Region,HE Qualification,20-30%,35-55,0,90,0,Withdrawn,12,0,0,1,0,0,1,1,0,0,1,0,0,1,0,7
EEE,2014J,653210,0,South West Region,A Level or Equivalent,20-30%,35-55,0,60,0,Pass,16,1,0,0,0,1,0,1,0,1,0,0,1,1,1,10
EEE,2014J,653248,0,South East Region,Lower Than A Level,70-80%,0-35,0,60,0,Withdrawn,1,0,1,0,1,1,0,0,1,0,0,1,1,1,1,2
EEE,2014J,653326,0,Scotland,Lower Than A Level,70-80%,0-35,0,30,0,Fail,14,0,1,0,0,0,0,0,0,1,0,1,1,1,1,5
EEE,2014J,653352,0,South East Region,A Level or Equivalent,30-40%,0-35,0,90,0,Pass,3,0,0,1,1,1,1,1,1,0,0,0,1,1,1,8
EEE,2014J,653360,0,North Western Region,HE Qualification,20-Oct,35-55,0,120,0,Withdrawn,12,1,1,1,0,0,0,1,1,1,0,1,0,1,0,7
EEE,2014J,653440,0,North Western Region,Lower Than A Level,50-60%,0-35,0,60,0,Pass,15,0,0,0,0,0,0,0,1,0,1,1,0,0,0,10
EEE,2014J,653506,0,South East Region,Lower Than A Level,20-Oct,0-35,0,90,0,Fail,13,0,1,1,1,0,1,0,0,1,1,0,1,1,0,5
EEE,2014J,653587,0,East Midlands Region,Lower Than A Level,80-90%,0-35,0,60,0,Distinction,4,1,0,0,1,0,0,1,0,1,1,0,1,1,1,8
EEE,2014J,653608,0,North Western Region,Lower Than A Level,0-10%,0-35,0,120,0,Fail,10,0,1,1,0,0,1,1,1,1,1,0,0,1,1,1
EEE,2014J,653661,0,South East Region,Lower Than A Level,70-80%,0-35,0,30,0,Fail,12,0,0,0,0,1,1,1,1,0,0,0,1,1,0,7
EEE,2014J,653665,0,North Western Region,A Level or Equivalent,30-40%,0-35,0,30,0,Pass,8,0,0,0,1,0,0,1,0,0,1,0,0,0,1,3
EEE,2014J,653688,0,North Western Region,A Level or Equivalent,50-60%,0-35,0,60,0,Pass,14,1,0,1,1,1,0,0,1,0,0,0,1,1,1,5
EEE,2014J,653718,0,Scotland,A Level or Equivalent,70-80%,0-35,0,60,0,Distinction,7,0,0,1,0,1,0,1,1,0,1,1,0,1,0,3
EEE,2014J,653801,0,North Western Region,Lower Than A Level,0-10%,0-35,0,60,0,Pass,7,1,0,1,0,0,1,1,0,1,0,1,0,0,0,3
EEE,2014J,653887,0,Scotland,HE Qualification,80-90%,0-35,0,60,0,Pass,9,1,0,0,1,1,0,0,1,0,0,0,1,1,0,4
EEE,2014J,653998,0,Scotland,Lower Than A Level,60-70%,0-35,0,60,0,Pass,4,0,0,1,1,1,1,0,0,1,0,1,0,0,0,8
EEE,2014J,654031,0,North Region,A Level or Equivalent,,35-55,0,60,1,Pass,1,0,0,1,0,1,1,0,0,1,1,1,1,0,0,2
EEE,2014J,654095,0,East Anglian Region,Lower Than A Level,50-60%,0-35,0,120,0,Fail,4,1,1,1,1,1,1,0,0,0,0,1,1,0,1,8
EEE,2014J,654125,0,West Midlands Region,A Level or Equivalent,20-Oct,0-35,0,30,0,Fail,16,1,1,0,0,1,1,0,0,0,1,0,1,1,1,10
EEE,2014J,654198,0,South Region,Lower Than A Level,30-40%,0-35,0,30,0,Pass,6,1,1,1,0,0,0,0,1,1,0,0,0,1,0,9
EEE,2014J,654202,0,South East Region,A Level or Equivalent,50-60%,35-55,0,60,0,Withdrawn,6,1,0,1,1,1,1,0,1,1,0,1,0,0,0,9
EEE,2014J,654213,0,West Midlands Region,A Level or Equivalent,60-70%,0-35,0,60,0,Pass,8,0,0,1,0,0,1,0,0,0,1,1,1,1,0,3
EEE,2014J,654240,0,North Western Region,A Level or Equivalent,60-70%,0-35,0,60,0,Distinction,1,0,1,0,0,1,1,0,0,0,0,0,0,1,0,2
EEE,2014J,654295,1,Ireland,A Level or Equivalent,20-Oct,35-55,0,90,0,Withdrawn,6,1,0,0,0,0,1,1,1,0,1,1,1,0,1,9
EEE,2014J,654325,0,Wales,A Level or Equivalent,20-30%,0-35,0,60,0,Withdrawn,11,1,1,1,0,1,0,0,1,1,1,1,1,0,0,6
EEE,2014J,654397,0,South Region,A Level or Equivalent,90-100%,0-35,0,60,0,Pass,16,0,0,0,1,1,0,0,1,1,0,0,1,1,1,10
EEE,2014J,654464,0,North Western Region,Lower Than A Level,30-40%,0-35,0,60,0,Withdrawn,3,0,1,0,1,1,1,1,1,0,0,1,1,0,0,8
EEE,2014J,654485,1,Ireland,A Level or Equivalent,20-Oct,0-35,0,60,0,Pass,10,1,0,0,0,0,1,1,1,1,1,0,0,1,0,1
EEE,2014J,654547,0,London Region,HE Qualification,20-30%,35-55,0,60,0,Pass,11,0,0,0,1,0,0,1,0,1,1,1,1,0,1,6
EEE,2014J,654570,0,East Anglian Region,Lower Than A Level,20-30%,0-35,0,60,0,Withdrawn,10,1,0,1,1,1,1,0,0,0,0,1,0,1,0,1
EEE,2014J,654579,1,Scotland,A Level or Equivalent,40-50%,0-35,0,60,0,Withdrawn,1,1,1,0,1,1,1,1,1,0,1,0,0,0,0,2
EEE,2014J,654668,0,London Region,Lower Than A Level,20-Oct,0-35,0,60,0,Pass,4,1,0,0,0,0,1,0,1,1,0,0,0,0,0,8
EEE,2014J,654676,0,North Western Region,A Level or Equivalent,0-10%,0-35,0,60,0,Pass,6,0,0,1,0,0,0,1,0,1,1,1,0,0,1,9
EEE,2014J,654755,0,London Region,A Level or Equivalent,20-30%,0-35,0,60,0,Withdrawn,6,0,1,1,1,1,1,1,0,1,0,0,0,0,0,9
EEE,2014J,654801,0,Scotland,HE Qualification,70-80%,35-55,0,60,0,Pass,15,1,0,1,1,0,1,1,0,1,1,0,0,0,1,10
EEE,2014J,654822,0,North Region,A Level or Equivalent,30-40%,35-55,0,60,0,Pass,10,0,1,1,0,1,1,0,1,0,1,1,0,1,0,1
EEE,2014J,654876,0,Scotland,Lower Than A Level,90-100%,0-35,0,60,0,Withdrawn,16,0,1,1,0,1,1,1,1,1,1,1,1,0,1,10
EEE,2014J,654888,0,East Midlands Region,A Level or Equivalent,80-90%,0-35,0,90,0,Withdrawn,9,1,0,0,0,0,1,0,0,0,0,0,1,1,1,4
EEE,2014J,654891,0,South Region,Lower Than A Level,20-30%,0-35,0,30,0,Pass,3,1,0,0,1,1,1,0,0,1,0,0,1,0,0,8
EEE,2014J,654925,0,Scotland,Lower Than A Level,30-40%,35-55,0,60,0,Fail,10,0,1,0,0,1,1,1,1,0,0,1,0,0,1,1
EEE,2014J,654933,0,East Midlands Region,A Level or Equivalent,0-10%,0-35,0,90,0,Withdrawn,2,1,0,0,0,1,0,0,1,1,1,1,0,1,0,2
EEE,2014J,655051,0,West Midlands Region,A Level or Equivalent,30-40%,0-35,0,150,0,Withdrawn,1,0,1,1,0,0,1,0,1,0,1,1,0,0,0,2
EEE,2014J,655242,0,Wales,A Level or Equivalent,60-70%,0-35,0,60,0,Distinction,14,0,0,1,0,0,0,0,0,0,1,0,1,0,0,5
EEE,2014J,655383,1,South East Region,Lower Than A Level,80-90%,0-35,0,360,0,Withdrawn,10,0,0,0,0,0,0,0,0,1,0,1,1,0,1,1
EEE,2014J,655396,0,Scotland,HE Qualification,20-30%,35-55,0,60,0,Pass,16,0,0,1,0,0,1,1,0,0,1,0,0,1,0,10
EEE,2014J,655468,0,Scotland,Lower Than A Level,20-30%,0-35,0,120,0,Fail,4,1,0,1,1,1,1,1,1,0,1,1,1,0,1,8
EEE,2014J,655484,0,East Anglian Region,A Level or Equivalent,20-Oct,0-35,0,90,1,Withdrawn,11,0,1,0,1,1,0,1,1,1,0,1,1,0,0,6
EEE,2014J,655498,1,South West Region,A Level or Equivalent,50-60%,0-35,0,120,0,Distinction,4,1,0,1,1,1,1,0,0,0,1,0,1,0,1,8
EEE,2014J,655558,0,North Region,Lower Than A Level,20-30%,0-35,0,120,0,Withdrawn,8,1,1,0,1,1,0,0,0,0,1,1,1,0,0,3
EEE,2014J,655609,0,North Western Region,A Level or Equivalent,0-10%,0-35,0,60,0,Pass,3,0,1,0,0,0,0,1,1,1,1,0,1,1,1,8
EEE,2014J,655634,0,South Region,A Level or Equivalent,90-100%,35-55,0,60,0,Withdrawn,12,0,1,0,1,1,0,0,0,0,0,0,1,0,0,7
EEE,2014J,655680,0,Yorkshire Region,A Level or Equivalent,40-50%,0-35,0,60,0,Distinction,7,1,1,1,1,1,1,0,0,1,1,1,1,1,0,3
EEE,2014J,655764,0,Scotland,HE Qualification,20-Oct,0-35,0,60,0,Pass,1,1,0,0,1,1,1,1,1,1,1,1,0,0,0,2
EEE,2014J,655794,0,South East Region,Lower Than A Level,90-100%,35-55,0,60,0,Distinction,13,1,0,0,1,0,0,1,0,1,1,1,1,0,1,5
EEE,2014J,655865,0,Yorkshire Region,HE Qualification,20-Oct,0-35,0,60,0,Pass,3,0,1,1,1,1,1,1,1,1,0,1,0,0,0,8
EEE,2014J,655869,0,Scotland,HE Qualification,80-90%,0-35,0,60,0,Distinction,13,1,1,1,1,1,1,1,1,1,1,0,1,1,1,5
EEE,2014J,655924,1,London Region,HE Qualification,50-60%,0-35,0,90,0,Distinction,5,1,0,0,0,0,1,1,1,0,0,0,0,1,1,9
EEE,2014J,655973,0,East Anglian Region,A Level or Equivalent,90-100%,0-35,0,120,0,Pass,8,0,0,1,1,0,0,0,0,1,0,1,1,0,1,3
EEE,2014J,656010,0,Scotland,Lower Than A Level,40-50%,0-35,0,30,0,Pass,12,1,1,1,0,1,1,0,1,1,0,0,0,1,0,7
EEE,2014J,656057,0,Scotland,HE Qualification,40-50%,0-35,0,60,0,Pass,12,1,1,0,1,0,0,1,0,0,1,1,0,1,0,7
EEE,2014J,656068,0,East Anglian Region,Lower Than A Level,20-30%,0-35,0,120,0,Fail,15,0,1,0,0,0,0,0,1,1,0,1,1,0,0,10
EEE,2014J,656134,0,South East Region,Lower Than A Level,50-60%,0-35,0,60,0,Distinction,3,1,1,1,0,0,0,0,0,1,0,0,1,1,1,8
EEE,2014J,656203,0,East Anglian Region,A Level or Equivalent,80-90%,0-35,0,90,0,Withdrawn,6,1,1,0,0,0,0,1,1,0,1,0,0,0,0,9
EEE,2014J,656347,0,North Region,No Formal quals,,0-35,0,60,0,Pass,11,0,0,0,1,0,0,0,1,0,1,1,0,1,1,6
EEE,2014J,656446,0,North Western Region,Lower Than A Level,60-70%,35-55,0,60,0,Pass,3,0,1,1,0,0,0,1,0,1,1,0,0,0,1,8
EEE,2014J,656535,0,South Region,A Level or Equivalent,90-100%,0-35,0,120,0,Withdrawn,14,1,0,0,0,0,0,0,1,1,1,1,0,1,0,5
EEE,2014J,656553,0,North Western Region,A Level or Equivalent,0-10%,0-35,0,60,0,Fail,15,0,1,0,1,1,1,0,0,0,0,0,0,1,0,10
EEE,2014J,656578,0,Scotland,A Level or Equivalent,80-90%,0-35,0,60,0,Pass,11,0,0,1,1,1,1,0,1,1,0,0,0,0,0,6
EEE,2014J,656815,0,Wales,Lower Than A Level,70-80%,0-35,0,60,0,Pass,13,1,1,1,0,1,1,1,1,0,1,1,1,0,0,5
EEE,2014J,656825,1,East Anglian Region,A Level or Equivalent,80-90%,0-35,0,120,0,Withdrawn,2,0,1,1,1,1,1,0,0,0,0,0,0,0,0,2
EEE,2014J,656854,0,Scotland,A Level or Equivalent,20-30%,0-35,0,60,0,Pass,14,1,0,1,1,0,1,0,0,0,1,0,0,1,1,5
EEE,2014J,656906,0,Scotland,A Level or Equivalent,50-60%,0-35,0,60,0,Fail,11,0,1,0,0,0,1,0,1,0,1,0,0,0,1,6
EEE,2014J,656928,0,East Anglian Region,Lower Than A Level,20-Oct,0-35,0,120,0,Withdrawn,5,1,0,1,0,0,1,1,0,1,0,0,0,1,1,9
EEE,2014J,656929,1,London Region,A Level or Equivalent,20-Oct,0-35,0,210,0,Fail,7,0,1,0,1,1,1,1,1,0,1,0,0,0,0,3
EEE,2014J,656954,0,North Western Region,Lower Than A Level,70-80%,0-35,0,90,0,Withdrawn,12,0,0,1,1,0,0,1,1,1,1,1,0,1,0,7
EEE,2014J,657002,0,Scotland,A Level or Equivalent,60-70%,0-35,0,60,0,Distinction,9,1,1,0,0,1,0,1,0,1,0,1,0,0,1,4
EEE,2014J,657062,0,East Anglian Region,A Level or Equivalent,80-90%,0-35,0,60,0,Pass,3,0,0,0,0,1,0,1,0,1,0,1,1,1,0,8
EEE,2014J,657091,0,East Anglian Region,Lower Than A Level,70-80%,35-55,0,60,0,Withdrawn,2,1,0,1,1,0,0,1,0,1,1,1,0,0,1,2
EEE,2014J,657128,0,West Midlands Region,Lower Than A Level,70-80%,35-55,0,30,0,Pass,13,0,0,1,0,0,0,1,1,0,0,0,0,1,1,5
EEE,2014J,657194,0,Ireland,HE Qualification,,35-55,0,60,0,Distinction,1,0,1,1,0,0,1,0,0,1,0,1,1,1,1,2
EEE,2014J,657196,0,North Region,A Level or Equivalent,70-80%,0-35,0,60,0,Distinction,15,0,0,1,0,1,0,0,0,0,1,1,0,1,0,10
EEE,2014J,657209,1,South West Region,A Level or Equivalent,20-30%,0-35,0,60,0,Withdrawn,13,0,1,1,0,0,1,1,0,0,0,0,0,1,1,5
EEE,2014J,657210,0,Scotland,Lower Than A Level,20-30%,0-35,0,60,0,Fail,2,0,0,1,1,0,1,0,0,1,0,0,1,1,1,2
EEE,2014J,657226,0,Yorkshire Region,Lower Than A Level,70-80%,0-35,0,60,0,Pass,13,1,0,1,1,0,1,1,1,1,0,1,1,1,0,5
EEE,2014J,657319,0,East Anglian Region,Lower Than A Level,70-80%,35-55,0,180,0,Pass,16,0,0,1,1,0,0,1,1,0,0,1,0,1,1,10
EEE,2014J,674253,0,West Midlands Region,A Level or Equivalent,60-70%,0-35,0,30,0,Pass,3,0,1,0,1,0,1,0,1,0,1,1,0,0,1,8
EEE,2014J,674296,0,East Anglian Region,A Level or Equivalent,40-50%,0-35,0,30,0,Withdrawn,4,1,0,0,0,1,1,1,1,0,0,0,0,0,1,8
EEE,2014J,674430,0,Wales,A Level or Equivalent,80-90%,0-35,0,60,1,Pass,4,0,0,0,0,0,0,0,1,0,0,0,1,1,1,8
EEE,2014J,674457,0,Wales,Lower Than A Level,20-Oct,0-35,0,30,0,Fail,2,1,1,1,0,1,1,1,1,0,0,0,1,1,1,2
EEE,2014J,674720,0,London Region,Lower Than A Level,30-40%,0-35,0,60,0,Fail,2,0,0,0,1,1,1,0,0,1,0,1,1,1,1,2
EEE,2014J,674747,0,Ireland,Lower Than A Level,,0-35,0,90,0,Fail,2,0,1,0,0,0,0,0,1,1,0,0,0,0,0,2
EEE,2014J,674808,1,Scotland,HE Qualification,40-50%,0-35,0,60,0,Pass,10,1,0,1,1,1,0,0,1,0,0,0,0,1,0,1
EEE,2014J,674853,0,Scotland,Lower Than A Level,70-80%,0-35,0,60,0,Pass,6,1,1,1,0,1,0,0,0,1,1,0,0,0,0,9
EEE,2014J,674882,0,Scotland,A Level or Equivalent,50-60%,0-35,0,60,0,Fail,4,0,1,0,0,0,0,0,1,1,1,0,1,1,0,8
EEE,2014J,674888,0,London Region,A Level or Equivalent,20-Oct,0-35,0,60,0,Withdrawn,9,0,0,1,0,0,1,1,1,1,1,0,0,1,0,4
EEE,2014J,674889,0,Scotland,A Level or Equivalent,70-80%,0-35,0,60,0,Pass,3,1,1,0,1,0,0,1,0,0,0,1,1,0,1,8
EEE,2014J,674941,0,East Midlands Region,A Level or Equivalent,70-80%,0-35,0,60,0,Distinction,6,0,0,0,1,0,1,0,0,1,1,1,0,1,1,9
EEE,2014J,674965,0,North Region,A Level or Equivalent,30-40%,0-35,0,210,0,Withdrawn,8,1,1,0,0,1,0,0,0,1,0,0,1,1,1,3
EEE,2014J,675104,0,North Western Region,HE Qualification,20-30%,0-35,0,90,0,Withdrawn,13,0,1,1,0,1,0,0,0,1,1,0,1,1,0,5
EEE,2014J,675162,0,East Anglian Region,A Level or Equivalent,40-50%,0-35,0,60,0,Pass,5,1,1,1,1,0,1,1,0,1,1,0,1,1,1,9
EEE,2014J,675337,0,East Anglian Region,Lower Than A Level,40-50%,0-35,0,90,0,Withdrawn,9,0,1,1,0,1,1,1,0,1,1,1,1,1,0,4
EEE,2014J,675365,0,South Region,A Level or Equivalent,80-90%,0-35,0,60,0,Pass,1,1,0,1,1,0,0,0,1,1,1,1,1,1,1,2
EEE,2014J,675374,0,South Region,HE Qualification,70-80%,35-55,0,60,0,Pass,8,1,0,0,0,1,1,1,1,0,0,1,1,1,1,3
EEE,2014J,675391,0,East Anglian Region,A Level or Equivalent,40-50%,0-35,0,60,1,Withdrawn,3,0,1,0,1,1,0,0,1,1,1,1,0,1,0,8
EEE,2014J,675441,0,South East Region,HE Qualification,80-90%,0-35,0,60,0,Fail,10,1,1,0,0,1,0,1,0,0,0,0,1,0,0,1
EEE,2014J,675442,0,North Region,Lower Than A Level,20-30%,0-35,0,60,0,Fail,3,1,0,1,0,1,0,1,0,1,1,0,0,0,1,8
EEE,2014J,675450,0,Wales,A Level or Equivalent,70-80%,0-35,0,90,0,Distinction,1,1,0,1,0,0,1,1,1,0,1,1,0,0,1,2
EEE,2014J,675495,0,North Western Region,Lower Than A Level,30-40%,35-55,0,60,0,Withdrawn,15,1,0,0,1,0,0,0,0,0,0,1,0,1,1,10
EEE,2014J,675537,0,Scotland,HE Qualification,0-10%,0-35,0,60,0,Pass,13,1,1,0,1,0,1,1,0,0,1,1,1,1,0,5
EEE,2014J,675663,0,Scotland,A Level or Equivalent,50-60%,0-35,0,30,0,Fail,14,1,0,1,0,1,1,1,1,1,0,0,1,0,1,5
EEE,2014J,675773,0,Yorkshire Region,A Level or Equivalent,20-30%,0-35,0,90,0,Pass,9,1,0,1,1,1,1,0,1,1,0,0,1,0,0,4
EEE,2014J,675840,0,South Region,A Level or Equivalent,90-100%,0-35,0,60,0,Pass,12,0,1,0,0,1,1,1,1,1,0,0,0,0,0,7
EEE,2014J,675853,0,West Midlands Region,Lower Than A Level,30-40%,35-55,0,90,0,Withdrawn,15,0,0,1,0,0,1,1,1,1,1,1,1,0,0,10
EEE,2014J,675972,0,West Midlands Region,Lower Than A Level,40-50%,0-35,0,90,0,Withdrawn,9,1,0,0,1,0,1,0,0,0,1,0,0,1,1,4
EEE,2014J,676025,0,South Region,Lower Than A Level,20-Oct,0-35,0,60,0,Withdrawn,15,0,1,1,1,1,0,0,0,1,1,0,1,1,0,10
EEE,2014J,676084,0,Scotland,HE Qualification,70-80%,0-35,0,30,0,Pass,8,0,1,0,1,0,0,1,0,1,0,0,1,0,0,3
EEE,2014J,676150,0,Scotland,A Level or Equivalent,90-100%,0-35,0,60,0,Fail,2,1,0,0,1,0,0,0,0,0,1,1,1,0,1,2
EEE,2014J,676181,0,North Region,Lower Than A Level,,0-35,0,120,0,Withdrawn,2,1,0,0,1,1,0,1,1,1,1,0,1,1,1,2
EEE,2014J,676333,0,Yorkshire Region,A Level or Equivalent,60-70%,0-35,0,60,0,Distinction,15,0,1,0,1,1,1,1,0,0,0,0,0,1,1,10
EEE,2014J,676482,0,Scotland,HE Qualification,80-90%,0-35,0,60,0,Distinction,6,0,0,0,0,1,1,1,1,1,1,0,1,0,1,9
EEE,2014J,676611,0,East Midlands Region,Lower Than A Level,80-90%,0-35,0,60,0,Pass,15,0,1,0,1,1,0,1,1,1,0,0,1,1,0,10
EEE,2014J,676676,0,Wales,A Level or Equivalent,40-50%,0-35,0,30,0,Pass,12,0,0,1,1,1,0,0,0,0,0,0,0,0,0,7
EEE,2014J,676722,0,West Midlands Region,A Level or Equivalent,70-80%,0-35,0,60,0,Distinction,7,1,0,0,1,0,0,0,0,0,1,1,1,0,0,3
EEE,2014J,676724,0,Scotland,A Level or Equivalent,50-60%,0-35,0,30,0,Pass,9,0,0,0,0,1,0,0,0,1,0,0,0,1,0,4
EEE,2014J,676805,0,Scotland,A Level or Equivalent,60-70%,0-35,0,30,0,Pass,13,0,1,1,1,1,0,1,0,1,1,0,1,1,0,5
EEE,2014J,676812,0,Scotland,A Level or Equivalent,60-70%,0-35,0,30,0,Fail,8,1,1,0,0,0,0,1,0,0,0,0,0,0,0,3
EEE,2014J,676834,1,Scotland,A Level or Equivalent,20-30%,0-35,0,30,0,Pass,9,0,1,0,0,0,1,1,1,0,1,1,0,1,1,4
EEE,2014J,677018,0,London Region,A Level or Equivalent,20-Oct,0-35,0,120,0,Pass,1,0,1,1,0,1,1,1,1,1,1,0,1,0,1,2
EEE,2014J,677040,0,Yorkshire Region,Lower Than A Level,50-60%,0-35,0,60,0,Pass,14,0,1,1,0,1,0,1,1,0,0,1,0,0,1,5
EEE,2014J,677049,0,Scotland,A Level or Equivalent,20-Oct,0-35,0,30,0,Fail,7,0,1,0,1,1,0,1,0,0,1,1,0,0,0,3
EEE,2014J,677189,1,Scotland,HE Qualification,70-80%,0-35,0,60,0,Pass,7,1,1,1,0,0,1,0,1,0,0,0,0,1,0,3
EEE,2014J,677197,0,Scotland,Lower Than A Level,0-10%,0-35,0,60,0,Fail,11,1,1,0,1,1,0,0,1,0,0,0,1,1,1,6
EEE,2014J,677232,0,North Western Region,HE Qualification,30-40%,35-55,0,30,0,Fail,4,0,0,1,0,0,1,0,1,1,0,1,1,0,0,8
EEE,2014J,677250,1,South East Region,Lower Than A Level,70-80%,35-55,0,60,0,Withdrawn,15,1,1,1,0,0,0,1,0,0,1,0,0,0,1,10
EEE,2014J,677416,0,North Region,Lower Than A Level,,0-35,0,90,0,Withdrawn,2,1,1,1,0,1,0,0,1,1,0,0,1,0,1,2
EEE,2014J,677457,1,South Region,A Level or Equivalent,80-90%,0-35,0,60,0,Pass,11,0,1,1,0,1,0,0,1,1,1,0,1,0,1,6
EEE,2014J,677459,0,Scotland,HE Qualification,40-50%,0-35,0,120,0,Pass,11,1,1,0,1,1,0,0,1,1,1,1,0,1,1,6
EEE,2014J,677507,0,South Region,Lower Than A Level,40-50%,0-35,0,90,1,Withdrawn,4,0,0,0,1,1,0,1,1,0,1,1,0,0,1,8
EEE,2014J,677631,0,South Region,A Level or Equivalent,30-40%,0-35,0,60,0,Withdrawn,13,0,0,0,0,0,1,0,0,0,1,0,1,0,0,5
EEE,2014J,677711,0,Scotland,A Level or Equivalent,40-50%,0-35,0,30,1,Fail,15,0,1,0,0,1,0,1,0,1,0,1,1,0,0,10
EEE,2014J,677721,0,Scotland,A Level or Equivalent,20-30%,0-35,0,240,0,Withdrawn,1,1,0,0,0,0,1,0,1,0,1,0,0,0,0,2
EEE,2014J,677741,0,South Region,A Level or Equivalent,70-80%,0-35,0,60,0,Pass,16,0,0,0,1,0,1,0,1,0,1,1,0,0,0,10
EEE,2014J,677772,1,West Midlands Region,A Level or Equivalent,40-50%,0-35,0,60,0,Withdrawn,10,0,1,1,0,1,1,1,0,1,1,1,0,0,0,1
EEE,2014J,677776,1,East Midlands Region,A Level or Equivalent,60-70%,0-35,0,60,0,Withdrawn,6,0,0,0,1,1,0,0,0,0,1,1,1,1,0,9
EEE,2014J,677897,1,Scotland,HE Qualification,70-80%,0-35,0,150,0,Pass,15,0,0,1,0,1,1,1,1,1,0,1,0,0,1,10
EEE,2014J,677900,0,Scotland,A Level or Equivalent,80-90%,0-35,0,60,0,Distinction,1,0,0,1,0,0,0,1,0,0,0,0,1,1,0,2
EEE,2014J,677947,0,East Anglian Region,A Level or Equivalent,80-90%,0-35,0,60,1,Fail,11,1,1,1,1,1,0,1,0,0,1,0,1,0,1,6
EEE,2014J,678015,0,South West Region,A Level or Equivalent,50-60%,0-35,0,60,0,Pass,9,0,1,0,1,0,1,1,1,0,0,0,1,1,1,4
EEE,2014J,678026,1,Scotland,A Level or Equivalent,0-10%,0-35,0,60,0,Pass,8,0,1,0,1,0,0,1,1,0,1,1,1,1,0,3
EEE,2014J,678194,0,Wales,A Level or Equivalent,90-100%,35-55,0,60,0,Distinction,14,1,0,1,1,0,1,1,1,0,0,1,1,0,0,5
EEE,2014J,678267,0,East Midlands Region,A Level or Equivalent,60-70%,0-35,0,60,0,Pass,2,1,0,1,0,0,0,0,0,0,1,0,0,0,1,2
EEE,2014J,678310,0,Yorkshire Region,Lower Than A Level,50-60%,0-35,0,120,0,Withdrawn,14,0,0,1,1,1,1,0,1,0,1,0,0,0,0,5
EEE,2014J,678341,0,East Anglian Region,A Level or Equivalent,50-60%,0-35,0,90,0,Distinction,10,0,0,0,0,1,1,0,1,1,0,0,1,0,0,1
EEE,2014J,678393,0,Scotland,HE Qualification,30-40%,0-35,0,60,0,Fail,8,1,1,0,0,0,0,0,1,0,1,1,1,0,1,3
EEE,2014J,678419,0,East Anglian Region,HE Qualification,80-90%,0-35,0,60,0,Pass,16,1,0,1,1,0,1,0,1,1,0,0,0,1,1,10
EEE,2014J,678508,1,South Region,Lower Than A Level,30-40%,0-35,0,60,0,Distinction,11,0,0,0,1,1,1,0,1,0,0,1,0,0,0,6
EEE,2014J,678538,0,Wales,Lower Than A Level,40-50%,0-35,0,90,0,Pass,9,0,1,0,1,1,1,0,0,0,0,0,1,0,0,4
EEE,2014J,678613,0,Scotland,Lower Than A Level,50-60%,55<=,0,60,0,Withdrawn,3,0,1,0,0,1,1,1,1,1,1,0,1,1,1,8
EEE,2014J,678701,1,Scotland,A Level or Equivalent,70-80%,0-35,0,30,0,Pass,9,1,0,1,1,1,1,1,0,0,1,0,1,0,0,4
EEE,2014J,678715,1,Yorkshire Region,A Level or Equivalent,50-60%,0-35,0,90,0,Pass,11,1,0,0,0,1,1,1,1,0,0,1,1,0,0,6
EEE,2014J,678811,1,North Region,Lower Than A Level,50-60%,0-35,0,120,0,Withdrawn,2,1,1,0,0,0,0,0,1,0,1,1,0,1,1,2
EEE,2014J,678852,1,Scotland,Lower Than A Level,40-50%,0-35,0,30,0,Withdrawn,14,1,1,1,0,0,0,1,0,0,0,0,1,0,0,5
EEE,2014J,678860,0,East Anglian Region,HE Qualification,30-40%,35-55,0,60,0,Withdrawn,4,1,0,1,1,0,0,1,0,0,1,0,0,1,0,8
EEE,2014J,678929,0,Ireland,Lower Than A Level,80-90%,0-35,0,90,0,Distinction,4,1,0,1,1,1,1,1,0,1,0,0,0,1,0,8
EEE,2014J,678970,1,Scotland,A Level or Equivalent,50-60%,0-35,0,30,0,Pass,10,0,1,0,0,1,0,0,1,1,0,0,0,0,0,1
EEE,2014J,679037,0,London Region,HE Qualification,0-10%,0-35,0,120,0,Withdrawn,2,0,0,1,0,0,1,0,0,0,1,1,0,0,0,2
EEE,2014J,679114,1,West Midlands Region,A Level or Equivalent,40-50%,0-35,0,120,0,Pass,14,1,1,0,1,0,1,1,1,1,1,0,0,1,0,5
EEE,2014J,679207,0,North Western Region,Lower Than A Level,30-40%,35-55,0,90,0,Pass,13,0,0,0,0,1,1,1,1,0,0,1,0,0,0,5
EEE,2014J,679431,0,London Region,A Level or Equivalent,20-Oct,0-35,0,150,0,Withdrawn,4,1,1,1,0,1,1,0,0,0,1,1,0,0,1,8
EEE,2014J,679539,1,West Midlands Region,Lower Than A Level,20-Oct,0-35,0,60,0,Withdrawn,1,0,1,0,1,1,1,1,1,0,1,1,0,0,1,2
EEE,2014J,679541,0,Scotland,HE Qualification,90-100%,0-35,0,60,0,Pass,8,0,0,0,0,1,0,1,1,0,1,1,0,1,0,3
EEE,2014J,679569,0,Scotland,HE Qualification,,0-35,0,60,0,Distinction,16,1,0,0,0,0,0,1,0,0,0,1,1,1,0,10
EEE,2014J,679631,0,North Region,Lower Than A Level,40-50%,0-35,0,60,0,Pass,9,1,0,1,1,1,1,0,1,0,0,0,0,1,1,4
EEE,2014J,679801,0,East Anglian Region,A Level or Equivalent,80-90%,0-35,0,60,0,Pass,3,1,1,0,0,1,0,1,1,0,1,1,1,1,0,8
EEE,2014J,679883,1,South East Region,Lower Than A Level,20-Oct,0-35,0,60,0,Withdrawn,7,0,1,1,0,0,1,0,0,1,1,0,0,1,0,3
EEE,2014J,680074,1,London Region,Lower Than A Level,20-Oct,0-35,0,150,0,Withdrawn,13,0,0,1,0,0,0,0,0,1,1,0,0,1,0,5
EEE,2014J,680133,1,Scotland,HE Qualification,90-100%,0-35,0,60,0,Distinction,1,0,0,1,1,0,0,1,0,1,1,1,0,1,0,2
EEE,2014J,680267,0,Scotland,A Level or Equivalent,30-40%,35-55,0,60,0,Pass,16,1,0,1,1,1,1,1,1,0,1,1,0,0,0,10
EEE,2014J,680333,0,North Region,HE Qualification,0-10%,0-35,0,150,0,Withdrawn,2,0,1,0,1,0,1,0,0,1,1,1,1,1,0,2
EEE,2014J,680442,0,Scotland,Lower Than A Level,60-70%,0-35,0,120,0,Withdrawn,16,1,1,1,0,0,0,1,1,1,0,0,1,1,0,10
EEE,2014J,680483,0,Scotland,Lower Than A Level,60-70%,0-35,0,60,0,Pass,9,0,1,1,0,1,0,0,1,1,0,0,0,0,0,4
EEE,2014J,680563,0,London Region,Lower Than A Level,0-10%,35-55,0,30,0,Withdrawn,12,0,1,0,1,0,0,1,1,1,1,1,1,1,0,7
EEE,2014J,680614,0,Scotland,A Level or Equivalent,70-80%,0-35,0,60,0,Withdrawn,15,0,0,0,0,1,1,0,0,0,1,0,1,0,0,10
EEE,2014J,680644,0,South East Region,HE Qualification,50-60%,0-35,0,60,0,Pass,10,0,1,1,0,1,0,0,1,1,1,1,0,1,1,1
EEE,2014J,680678,0,Yorkshire Region,Lower Than A Level,30-40%,35-55,0,30,0,Withdrawn,11,1,0,1,0,0,1,0,0,1,0,0,0,1,0,6
EEE,2014J,680765,1,London Region,Lower Than A Level,20-Oct,0-35,0,120,0,Pass,15,1,0,1,0,1,0,1,1,1,1,0,0,1,0,10
EEE,2014J,680804,0,South West Region,HE Qualification,40-50%,0-35,0,60,0,Pass,16,1,0,1,0,1,0,1,0,1,1,0,0,0,1,10
EEE,2014J,680829,1,North Region,A Level or Equivalent,20-Oct,0-35,0,60,0,Withdrawn,7,1,1,1,1,1,0,1,1,0,1,1,1,0,0,3
EEE,2014J,680894,0,Scotland,HE Qualification,30-40%,0-35,0,30,0,Pass,2,0,1,0,0,0,1,0,0,1,1,0,0,0,1,2
EEE,2014J,681001,1,Scotland,HE Qualification,40-50%,35-55,0,60,1,Distinction,14,1,1,0,1,0,1,0,0,0,0,0,1,0,1,5
EEE,2014J,681095,0,Scotland,A Level or Equivalent,90-100%,0-35,0,30,0,Withdrawn,2,0,1,0,1,0,1,0,1,0,1,0,0,0,1,2
EEE,2014J,681200,0,Wales,Lower Than A Level,20-Oct,0-35,0,60,0,Pass,9,0,0,0,1,0,1,1,1,0,1,0,0,0,0,4
EEE,2014J,681302,0,North Western Region,HE Qualification,20-30%,0-35,0,60,0,Pass,12,1,0,0,0,1,0,1,0,1,0,0,1,0,0,7
EEE,2014J,681327,0,Scotland,Lower Than A Level,30-40%,0-35,0,60,0,Pass,15,1,1,1,1,0,1,0,1,0,1,1,1,0,1,10
EEE,2014J,681369,0,South Region,A Level or Equivalent,60-70%,0-35,0,60,0,Distinction,1,1,0,0,0,0,0,0,0,0,1,1,1,0,1,2
EEE,2014J,681379,1,Wales,Lower Than A Level,20-30%,0-35,0,60,0,Fail,1,1,0,1,0,1,0,1,1,0,1,0,0,1,0,2
EEE,2014J,681416,1,Scotland,A Level or Equivalent,60-70%,0-35,0,90,0,Pass,10,0,1,1,1,0,0,0,1,0,1,1,0,0,1,1
EEE,2014J,681759,0,South East Region,A Level or Equivalent,80-90%,0-35,0,60,0,Withdrawn,7,0,0,1,0,0,0,1,1,1,0,1,1,1,0,3
EEE,2014J,681852,0,West Midlands Region,A Level or Equivalent,40-50%,0-35,0,60,0,Withdrawn,2,0,1,1,0,0,1,1,1,0,1,0,1,1,1,2
EEE,2014J,681861,0,South Region,A Level or Equivalent,40-50%,0-35,0,60,0,Withdrawn,12,1,0,1,1,1,0,1,1,0,0,1,0,1,0,7
EEE,2014J,682041,0,South West Region,Lower Than A Level,40-50%,0-35,0,120,0,Withdrawn,1,1,0,1,1,1,0,1,0,1,1,1,0,1,1,2
EEE,2014J,682217,0,East Midlands Region,Lower Than A Level,50-60%,0-35,0,60,0,Withdrawn,7,1,0,1,0,0,1,1,0,0,1,1,1,0,0,3
EEE,2014J,682239,0,Scotland,HE Qualification,60-70%,0-35,0,60,0,Pass,2,1,1,0,1,1,1,0,0,0,0,1,0,1,0,2
EEE,2014J,682259,0,Wales,A Level or Equivalent,20-30%,0-35,0,60,0,Pass,13,1,0,0,1,1,0,1,0,1,0,0,1,1,1,5
EEE,2014J,682319,0,South Region,Lower Than A Level,40-50%,35-55,0,120,0,Withdrawn,1,0,1,1,1,1,1,0,1,0,1,1,0,1,1,2
EEE,2014J,682355,0,South Region,A Level or Equivalent,90-100%,0-35,0,90,0,Pass,16,0,1,1,0,1,0,0,1,1,1,0,1,1,1,10
EEE,2014J,682414,0,London Region,A Level or Equivalent,20-30%,0-35,0,120,0,Withdrawn,9,1,1,1,0,0,1,1,1,1,0,0,0,0,1,4
EEE,2014J,682554,0,North Western Region,Lower Than A Level,30-40%,0-35,0,30,1,Withdrawn,6,0,0,1,0,0,1,0,1,1,0,0,0,1,0,9
EEE,2014J,682575,1,London Region,Lower Than A Level,20-30%,0-35,0,90,0,Withdrawn,3,0,0,0,0,0,1,0,0,0,1,0,1,0,0,8
EEE,2014J,682673,1,South East Region,HE Qualification,30-40%,0-35,0,60,0,Withdrawn,5,0,0,0,0,1,1,1,1,1,0,1,1,1,0,9
EEE,2014J,682717,0,Scotland,HE Qualification,20-30%,35-55,0,150,0,Fail,5,1,1,1,1,1,1,0,0,1,1,0,1,1,1,9
EEE,2014J,682758,1,Scotland,A Level or Equivalent,70-80%,0-35,0,120,0,Fail,10,1,0,0,1,0,1,0,1,1,1,1,1,0,0,1
EEE,2014J,683079,0,North Western Region,Lower Than A Level,20-Oct,35-55,0,30,0,Pass,7,0,1,0,0,1,0,0,1,1,1,1,1,1,0,3
EEE,2014J,683170,0,Scotland,HE Qualification,20-30%,0-35,0,60,0,Fail,14,0,1,1,0,0,1,1,1,1,0,1,0,0,0,5
EEE,2014J,683246,0,Yorkshire Region,A Level or Equivalent,80-90%,0-35,0,60,0,Fail,9,0,1,1,1,1,1,0,1,1,0,1,0,1,1,4
EEE,2014J,683270,0,Yorkshire Region,A Level or Equivalent,20-Oct,35-55,0,30,0,Pass,14,0,1,1,0,0,0,1,1,1,0,0,0,0,1,5
EEE,2014J,683492,0,Wales,Lower Than A Level,40-50%,35-55,0,60,0,Fail,13,1,0,1,1,1,1,1,0,1,1,1,0,1,0,5
EEE,2014J,683640,0,East Anglian Region,Lower Than A Level,80-90%,35-55,0,60,0,Withdrawn,7,0,1,0,1,1,1,1,1,1,1,1,0,1,1,3
EEE,2014J,683728,0,North Region,A Level or Equivalent,40-50%,35-55,0,60,0,Pass,13,0,0,1,1,0,1,1,1,1,1,0,1,1,0,5
EEE,2014J,684050,0,East Midlands Region,HE Qualification,70-80%,35-55,0,60,0,Distinction,6,0,0,1,1,1,0,1,0,1,1,0,0,1,0,9
EEE,2014J,684064,0,South West Region,A Level or Equivalent,80-90%,0-35,0,60,0,Pass,1,1,0,1,1,1,0,1,0,0,0,1,1,0,1,2
EEE,2014J,684225,0,South Region,A Level or Equivalent,80-90%,0-35,0,60,0,Pass,3,0,0,1,0,0,0,0,1,0,0,0,1,1,0,8
EEE,2014J,684357,0,London Region,A Level or Equivalent,90-100%,0-35,0,60,0,Distinction,13,0,0,1,1,0,1,1,1,1,1,1,1,1,1,5
EEE,2014J,684473,1,London Region,A Level or Equivalent,40-50%,0-35,0,90,0,Withdrawn,7,1,0,0,1,1,1,1,1,1,0,0,1,0,1,3
EEE,2014J,684498,0,North Western Region,A Level or Equivalent,90-100%,0-35,0,90,0,Withdrawn,7,0,1,1,1,1,1,1,0,0,1,1,0,1,0,3
EEE,2014J,684504,0,London Region,HE Qualification,30-40%,35-55,0,30,0,Pass,8,0,1,0,0,0,0,0,0,1,0,0,1,0,1,3
EEE,2014J,684511,0,West Midlands Region,Lower Than A Level,0-10%,0-35,0,90,0,Pass,1,0,0,1,1,1,1,0,0,0,0,0,1,0,0,2
EEE,2014J,684532,0,London Region,Lower Than A Level,40-50%,35-55,0,30,0,Pass,14,1,0,1,1,0,0,0,1,1,0,0,1,1,1,5
EEE,2014J,684567,0,West Midlands Region,HE Qualification,20-30%,0-35,0,60,0,Pass,2,0,1,1,1,0,0,0,0,1,0,0,1,0,0,2
EEE,2014J,684610,0,South Region,HE Qualification,20-Oct,0-35,0,60,0,Pass,16,1,0,0,0,1,1,0,1,0,1,0,0,0,0,10
EEE,2014J,684617,0,North Region,A Level or Equivalent,20-Oct,0-35,0,60,0,Fail,5,1,0,1,1,0,1,0,1,1,0,0,1,0,1,9
EEE,2014J,684669,0,North Region,HE Qualification,,0-35,0,90,0,Pass,13,1,0,0,0,1,0,0,1,0,0,1,0,0,0,5
EEE,2014J,684825,0,Scotland,HE Qualification,80-90%,0-35,0,90,0,Pass,1,1,0,0,1,1,0,0,1,1,0,1,0,1,0,2
EEE,2014J,684905,0,Yorkshire Region,A Level or Equivalent,20-30%,0-35,0,60,0,Distinction,3,0,1,1,0,0,1,1,0,1,1,1,0,0,0,8
EEE,2014J,684907,0,East Midlands Region,Lower Than A Level,50-60%,0-35,0,60,0,Pass,10,1,1,0,1,1,1,1,1,1,1,0,0,1,1,1
EEE,2014J,684944,0,West Midlands Region,Lower Than A Level,0-10%,0-35,0,90,0,Fail,3,1,1,0,1,1,0,1,1,0,0,0,0,0,0,8
EEE,2014J,684967,0,Scotland,A Level or Equivalent,20-Oct,0-35,0,30,0,Fail,16,1,0,1,1,0,1,1,1,0,0,1,0,1,0,10
EEE,2014J,685060,0,South Region,Lower Than A Level,40-50%,0-35,0,60,0,Pass,8,1,1,0,1,1,1,1,0,0,0,1,1,1,1,3
EEE,2014J,685152,0,South Region,A Level or Equivalent,20-Oct,0-35,0,90,0,Pass,4,0,0,1,1,1,1,1,1,1,1,1,0,1,0,8
EEE,2014J,685176,1,North Western Region,Lower Than A Level,20-30%,0-35,0,60,0,Fail,15,0,0,1,1,1,0,0,1,0,1,1,0,1,1,10
EEE,2014J,685199,0,Yorkshire Region,Lower Than A Level,50-60%,35-55,0,60,0,Pass,6,0,1,0,1,1,1,1,1,0,1,0,0,0,0,9
EEE,2014J,685236,0,Wales,HE Qualification,70-80%,0-35,0,60,0,Withdrawn,1,1,0,1,0,1,1,1,0,1,0,1,0,0,1,2
EEE,2014J,685284,0,Ireland,HE Qualification,0-10%,35-55,0,60,0,Pass,6,0,1,1,1,0,1,1,0,1,0,0,0,1,0,9
EEE,2014J,685287,0,South West Region,HE Qualification,60-70%,0-35,0,60,0,Pass,13,1,1,1,0,1,0,1,1,0,0,0,1,0,0,5
EEE,2014J,685292,0,London Region,Lower Than A Level,20-30%,35-55,0,120,0,Pass,3,1,1,0,1,0,0,1,0,1,0,0,0,0,1,8
EEE,2014J,685370,0,South East Region,HE Qualification,60-70%,0-35,0,60,0,Pass,13,1,0,1,0,1,1,0,1,0,1,1,0,0,0,5
EEE,2014J,685487,1,South West Region,Lower Than A Level,20-30%,35-55,0,60,1,Distinction,6,1,1,0,0,1,0,0,1,0,1,0,0,1,0,9
EEE,2014J,685499,0,London Region,A Level or Equivalent,60-70%,0-35,0,60,0,Distinction,10,0,0,0,1,1,1,0,0,0,1,0,1,1,0,1
EEE,2014J,685517,0,Scotland,Lower Than A Level,30-40%,0-35,0,60,0,Distinction,1,1,0,1,1,1,0,0,1,0,0,1,0,0,1,2
EEE,2014J,685557,0,Scotland,HE Qualification,50-60%,0-35,0,60,0,Fail,11,1,0,0,0,1,0,0,0,1,0,0,0,0,1,6
EEE,2014J,685668,0,Scotland,A Level or Equivalent,60-70%,0-35,0,60,0,Pass,15,1,0,1,0,1,1,1,1,0,1,1,1,0,0,10
EEE,2014J,685750,1,Scotland,A Level or Equivalent,50-60%,35-55,0,180,1,Withdrawn,2,0,0,1,1,0,1,0,1,0,0,0,0,1,0,2
EEE,2014J,685804,0,East Midlands Region,HE Qualification,30-40%,35-55,0,60,0,Fail,15,1,0,0,1,1,0,0,0,1,0,1,1,1,1,10
EEE,2014J,685913,0,South Region,HE Qualification,90-100%,0-35,0,30,0,Withdrawn,7,0,0,0,0,0,0,1,1,0,0,1,0,1,0,3
EEE,2014J,685950,0,Scotland,Lower Than A Level,30-40%,0-35,0,120,0,Pass,13,1,1,1,0,0,1,1,1,1,1,1,1,0,1,5
EEE,2014J,685991,0,East Anglian Region,A Level or Equivalent,60-70%,0-35,0,60,0,Withdrawn,16,0,0,0,0,1,0,0,0,0,0,1,0,0,0,10
EEE,2014J,686051,0,North Region,Lower Than A Level,70-80%,35-55,0,60,0,Pass,15,0,1,1,0,1,0,0,1,0,0,0,0,0,0,10
EEE,2014J,686058,1,North Region,Lower Than A Level,,35-55,0,120,0,Distinction,11,1,1,0,0,0,0,0,0,1,1,1,1,1,0,6
EEE,2014J,686110,0,North Region,Lower Than A Level,,0-35,0,120,0,Pass,16,0,0,0,1,1,1,0,1,0,0,1,0,0,1,10
EEE,2014J,686287,0,Yorkshire Region,A Level or Equivalent,40-50%,0-35,0,60,0,Fail,12,1,0,0,1,1,0,0,0,1,1,0,1,0,0,7
EEE,2014J,686339,1,Wales,A Level or Equivalent,60-70%,0-35,0,60,0,Withdrawn,6,0,0,0,0,1,1,0,1,1,0,0,0,1,1,9
EEE,2014J,686365,1,South East Region,Lower Than A Level,20-Oct,0-35,0,30,0,Fail,5,1,0,1,0,1,1,0,1,1,0,1,1,1,1,9
EEE,2014J,686447,0,South East Region,Lower Than A Level,80-90%,0-35,0,60,0,Pass,10,1,0,0,0,1,1,1,0,1,0,1,1,0,0,1
EEE,2014J,686462,0,Wales,A Level or Equivalent,50-60%,0-35,0,60,0,Withdrawn,4,1,0,1,1,1,0,0,0,1,0,0,1,0,1,8
EEE,2014J,686476,1,London Region,Lower Than A Level,20-Oct,35-55,0,60,0,Pass,2,0,0,0,1,0,0,0,0,0,0,0,0,1,0,2
EEE,2014J,686525,0,North Western Region,HE Qualification,50-60%,0-35,0,60,0,Pass,11,1,1,1,0,1,0,0,1,0,1,1,0,1,1,6
EEE,2014J,686564,0,Scotland,A Level or Equivalent,20-30%,0-35,0,60,0,Distinction,5,0,0,1,1,1,1,1,1,1,1,0,0,1,1,9
EEE,2014J,686593,0,London Region,Lower Than A Level,50-60%,0-35,0,60,0,Distinction,8,1,1,1,0,0,0,1,0,1,1,0,0,0,1,3
EEE,2014J,686708,1,South East Region,A Level or Equivalent,0-10%,0-35,0,60,0,Pass,3,0,0,1,1,0,0,0,1,1,0,1,0,0,1,8
EEE,2014J,686753,0,West Midlands Region,A Level or Equivalent,90-100%,0-35,0,60,0,Pass,11,0,1,0,0,0,0,1,1,1,1,0,1,1,1,6
EEE,2014J,686872,0,North Region,HE Qualification,,0-35,0,60,0,Distinction,4,0,1,0,1,0,0,1,1,0,0,0,0,0,0,8
EEE,2014J,686877,0,South Region,A Level or Equivalent,90-100%,0-35,0,150,0,Withdrawn,14,0,1,1,0,0,0,1,1,0,0,0,1,1,0,5
EEE,2014J,686913,0,Scotland,Lower Than A Level,80-90%,0-35,0,60,0,Pass,7,1,0,0,0,0,1,1,1,1,1,0,1,0,0,3
EEE,2014J,687023,1,London Region,A Level or Equivalent,0-10%,0-35,0,120,0,Pass,16,0,0,0,1,0,1,0,1,1,1,0,1,0,1,10
EEE,2014J,687194,0,Yorkshire Region,A Level or Equivalent,50-60%,0-35,0,60,0,Fail,14,1,0,0,0,0,1,1,0,1,1,0,0,1,0,5
EEE,2014J,687242,0,North Region,HE Qualification,,0-35,0,60,0,Pass,2,1,1,0,1,1,1,1,1,0,0,0,1,1,0,2
EEE,2014J,687283,0,East Anglian Region,A Level or Equivalent,80-90%,0-35,0,60,0,Withdrawn,11,0,0,1,1,1,0,0,0,1,1,1,0,0,1,6
EEE,2014J,687310,0,South Region,HE Qualification,90-100%,35-55,0,60,0,Fail,9,0,1,1,0,0,1,0,0,1,1,0,0,1,0,4
EEE,2014J,687367,1,London Region,Lower Than A Level,0-10%,0-35,0,120,0,Withdrawn,1,0,1,1,1,0,1,1,0,0,0,0,0,1,1,2
EEE,2014J,687370,0,Scotland,HE Qualification,80-90%,0-35,0,60,0,Pass,14,0,1,1,1,1,1,0,0,0,0,1,0,0,1,5
EEE,2014J,687498,0,Scotland,Post Graduate Qualification,80-90%,0-35,0,30,0,Withdrawn,9,1,0,1,1,1,1,1,0,1,1,1,0,1,1,4
EEE,2014J,687563,0,Scotland,HE Qualification,20-Oct,0-35,0,60,0,Pass,13,1,1,1,1,1,0,0,1,1,1,1,0,1,0,5
EEE,2014J,687574,0,London Region,A Level or Equivalent,50-60%,0-35,0,60,0,Pass,10,1,0,1,1,0,1,0,1,0,1,0,0,1,0,1
EEE,2014J,687757,0,East Anglian Region,HE Qualification,60-70%,0-35,0,30,0,Pass,11,1,1,0,0,1,1,1,0,1,0,1,0,0,0,6
EEE,2014J,687766,0,Ireland,Lower Than A Level,,0-35,0,60,0,Pass,16,0,1,1,1,1,1,1,1,0,0,1,0,1,1,10
EEE,2014J,687772,0,North Region,A Level or Equivalent,70-80%,0-35,0,60,0,Distinction,8,0,1,0,1,1,1,0,0,0,0,1,0,0,1,3
EEE,2014J,687844,1,South West Region,HE Qualification,30-40%,0-35,0,90,0,Pass,3,0,1,1,0,1,0,0,0,1,0,1,1,1,0,8
EEE,2014J,687945,0,Scotland,A Level or Equivalent,20-Oct,0-35,0,60,0,Distinction,2,1,1,0,0,1,1,1,1,0,1,1,1,0,0,2
EEE,2014J,687953,0,East Anglian Region,A Level or Equivalent,50-60%,0-35,0,60,0,Withdrawn,7,1,1,1,0,1,0,1,0,0,0,0,1,0,0,3
EEE,2014J,688118,0,Scotland,A Level or Equivalent,90-100%,0-35,0,60,0,Pass,3,1,1,0,0,0,0,0,0,1,1,1,1,0,1,8
EEE,2014J,688133,0,Yorkshire Region,A Level or Equivalent,20-Oct,0-35,0,60,0,Distinction,9,1,1,0,0,1,1,1,1,0,1,0,1,1,1,4
EEE,2014J,688287,0,East Anglian Region,A Level or Equivalent,70-80%,0-35,0,60,0,Pass,1,0,1,0,1,1,0,0,1,1,1,0,1,0,1,2
EEE,2014J,688310,0,North Western Region,A Level or Equivalent,70-80%,0-35,0,60,0,Pass,11,1,0,1,0,0,1,1,0,1,0,0,0,1,0,6
EEE,2014J,688404,0,East Anglian Region,Lower Than A Level,20-30%,0-35,0,30,0,Withdrawn,11,1,0,0,1,0,0,1,1,0,0,1,0,1,1,6
EEE,2014J,688451,0,North Region,Post Graduate Qualification,,0-35,0,60,0,Distinction,10,0,0,0,0,0,0,1,1,1,1,0,0,1,1,1
EEE,2014J,688662,0,South Region,Lower Than A Level,60-70%,0-35,0,60,0,Distinction,6,1,1,1,0,0,0,1,1,0,1,1,1,0,1,9
EEE,2014J,688683,0,North Region,A Level or Equivalent,40-50%,0-35,0,150,0,Fail,11,1,0,0,0,1,1,0,1,0,1,0,1,1,0,6
EEE,2014J,688742,0,South West Region,Lower Than A Level,60-70%,0-35,0,60,0,Pass,16,1,0,1,0,0,1,1,0,1,0,1,0,0,1,10
EEE,2014J,688763,0,North Region,A Level or Equivalent,30-40%,0-35,0,30,0,Withdrawn,4,0,1,1,0,0,1,1,1,0,1,1,0,0,0,8
EEE,2014J,688870,0,Scotland,Lower Than A Level,50-60%,35-55,0,30,0,Fail,8,1,0,0,1,0,0,1,1,0,0,0,0,1,0,3
EEE,2014J,688924,0,Wales,A Level or Equivalent,60-70%,0-35,0,60,0,Pass,5,1,1,1,1,0,1,0,0,0,0,1,0,0,0,9
EEE,2014J,688942,1,East Anglian Region,A Level or Equivalent,0-10%,0-35,0,60,0,Withdrawn,7,1,0,0,1,0,1,1,1,1,0,0,0,1,0,3
EEE,2014J,688974,0,Scotland,A Level or Equivalent,40-50%,0-35,0,30,1,Fail,16,1,0,0,0,0,1,0,0,1,0,0,0,1,0,10
EEE,2014J,689161,0,Scotland,HE Qualification,30-40%,35-55,0,30,0,Pass,12,0,1,0,0,0,0,1,0,0,1,1,0,1,1,7
EEE,2014J,689217,0,Scotland,HE Qualification,80-90%,0-35,0,60,0,Pass,11,0,1,0,1,0,0,1,1,1,0,0,1,1,0,6
EEE,2014J,689250,1,Scotland,A Level or Equivalent,90-100%,0-35,0,30,0,Distinction,6,0,0,0,0,0,0,1,0,1,0,0,0,1,0,9
EEE,2014J,689288,0,East Midlands Region,Lower Than A Level,20-Oct,0-35,0,60,0,Pass,12,1,0,0,1,0,0,0,1,0,0,1,0,0,0,7
EEE,2014J,689309,0,North Region,Lower Than A Level,,0-35,0,90,0,Fail,7,0,0,1,1,0,0,1,1,1,0,1,1,1,1,3
EEE,2014J,689370,0,London Region,Lower Than A Level,20-30%,0-35,0,60,0,Pass,5,0,0,0,1,0,0,0,1,0,0,0,0,0,1,9
EEE,2014J,689389,0,North Western Region,A Level or Equivalent,60-70%,0-35,0,60,0,Pass,3,0,0,1,0,1,0,0,0,1,0,0,1,1,1,8
EEE,2014J,689618,0,Scotland,A Level or Equivalent,50-60%,0-35,0,30,0,Withdrawn,7,1,1,1,1,1,0,1,0,1,0,1,0,1,0,3
EEE,2014J,689763,1,Scotland,A Level or Equivalent,0-10%,0-35,0,180,0,Fail,15,0,1,1,1,0,1,1,1,0,1,1,0,1,1,10
EEE,2014J,689786,0,South East Region,Lower Than A Level,60-70%,35-55,0,60,0,Withdrawn,1,0,1,1,1,1,0,1,0,0,1,0,0,1,1,2
EEE,2014J,689807,0,London Region,A Level or Equivalent,40-50%,0-35,0,120,0,Withdrawn,7,0,1,1,0,1,1,0,1,0,0,0,1,1,0,3
EEE,2014J,689840,0,Scotland,A Level or Equivalent,80-90%,35-55,0,60,0,Pass,5,0,0,0,0,1,0,0,0,0,1,1,1,1,1,9
EEE,2014J,689944,0,Scotland,A Level or Equivalent,60-70%,0-35,0,30,0,Withdrawn,2,0,0,1,0,0,0,0,0,0,1,1,1,0,1,2
EEE,2014J,689983,0,South West Region,Lower Than A Level,30-40%,0-35,0,60,0,Distinction,14,0,0,0,0,1,1,0,0,0,1,1,0,1,1,5
EEE,2014J,690016,0,Yorkshire Region,HE Qualification,50-60%,0-35,0,60,0,Pass,14,0,1,1,0,0,1,0,1,1,1,0,0,0,0,5
EEE,2014J,690095,0,East Anglian Region,Lower Than A Level,60-70%,35-55,0,60,0,Distinction,12,0,0,0,1,0,0,1,0,0,0,1,0,1,1,7
EEE,2014J,690241,1,Scotland,HE Qualification,80-90%,0-35,0,240,0,Distinction,5,1,0,0,0,0,0,1,0,1,1,0,0,1,0,9
EEE,2014J,690298,0,North Western Region,A Level or Equivalent,0-10%,0-35,0,120,0,Fail,3,1,0,0,0,0,1,1,0,0,1,1,0,1,1,8
EEE,2014J,690370,0,East Midlands Region,Lower Than A Level,50-60%,0-35,0,60,0,Pass,16,0,1,1,0,1,0,0,1,0,1,1,1,0,1,10
EEE,2014J,690406,0,London Region,No Formal quals,0-10%,0-35,0,120,0,Withdrawn,14,0,1,1,1,1,1,0,1,1,1,0,0,0,1,5
EEE,2014J,690439,0,North Region,Lower Than A Level,,0-35,0,90,0,Fail,11,0,1,0,1,1,1,0,1,0,0,0,0,1,0,6
EEE,2014J,690470,0,Scotland,Lower Than A Level,40-50%,35-55,0,60,0,Withdrawn,3,0,1,1,1,0,1,1,0,0,0,1,0,0,1,8
EEE,2014J,690507,0,Scotland,A Level or Equivalent,80-90%,35-55,0,60,0,Pass,1,0,0,0,1,1,1,0,0,1,1,0,1,1,1,2
EEE,2014J,690525,0,North Region,Lower Than A Level,,35-55,0,60,0,Pass,6,0,1,0,0,1,1,0,1,1,1,0,0,0,0,9
EEE,2014J,690553,0,Wales,HE Qualification,60-70%,0-35,0,30,0,Pass,13,1,0,1,0,0,1,0,1,1,1,1,0,1,0,5
EEE,2014J,690586,0,South West Region,A Level or Equivalent,50-60%,0-35,0,60,0,Pass,2,0,1,1,0,1,1,0,0,1,0,0,0,0,0,2
EEE,2014J,690724,0,West Midlands Region,No Formal quals,30-40%,0-35,0,90,0,Pass,13,1,1,1,1,1,0,0,1,0,0,0,0,0,1,5
EEE,2014J,690736,0,Scotland,Lower Than A Level,70-80%,0-35,0,60,0,Fail,9,1,0,1,0,1,0,0,1,0,0,0,1,1,1,4
EEE,2014J,690763,0,South Region,Lower Than A Level,40-50%,0-35,0,60,0,Withdrawn,1,0,0,1,1,1,1,0,1,0,1,0,1,0,1,2
EEE,2014J,690917,0,East Anglian Region,HE Qualification,60-70%,0-35,0,120,0,Distinction,11,1,0,1,1,0,0,0,0,1,0,1,1,1,0,6
EEE,2014J,691078,0,Wales,Lower Than A Level,70-80%,35-55,0,30,0,Pass,9,0,0,1,0,1,0,1,0,0,0,1,0,0,1,4
EEE,2014J,691189,0,Ireland,Lower Than A Level,20-Oct,0-35,0,30,0,Pass,14,0,1,1,0,1,1,0,1,0,0,1,0,1,1,5
EEE,2014J,691218,0,South West Region,Lower Than A Level,20-Oct,35-55,0,60,0,Pass,9,0,1,1,0,1,1,0,1,0,1,1,0,0,0,4
EEE,2014J,691248,0,Scotland,Lower Than A Level,90-100%,0-35,0,60,0,Fail,12,1,1,1,0,0,1,1,0,0,1,0,0,0,0,7
EEE,2014J,691536,0,South Region,Lower Than A Level,50-60%,0-35,0,60,0,Pass,8,0,0,1,1,1,0,1,0,0,0,1,0,0,1,3
EEE,2014J,691701,0,North Western Region,A Level or Equivalent,0-10%,0-35,0,30,0,Fail,13,0,1,0,1,0,1,0,1,0,1,1,1,0,0,5
EEE,2014J,691790,1,South East Region,A Level or Equivalent,30-40%,35-55,0,30,0,Pass,4,1,1,1,0,0,1,0,1,0,1,1,1,1,1,8
EEE,2014J,691875,0,Wales,A Level or Equivalent,50-60%,35-55,0,60,0,Pass,1,0,1,0,0,0,0,0,0,0,1,1,0,0,1,2
EEE,2014J,691978,0,Scotland,A Level or Equivalent,0-10%,0-35,0,30,1,Withdrawn,7,1,0,1,1,0,0,1,1,0,0,1,0,0,0,3
EEE,2014J,692012,1,Scotland,A Level or Equivalent,90-100%,0-35,0,30,0,Fail,2,1,1,1,0,0,1,0,0,0,1,1,0,1,0,2
EEE,2014J,692354,0,South West Region,A Level or Equivalent,60-70%,0-35,0,60,0,Pass,2,0,1,0,1,1,0,1,0,0,0,0,1,0,0,2
EEE,2014J,692534,0,London Region,Lower Than A Level,0-10%,0-35,0,60,0,Pass,11,1,1,0,1,0,0,0,0,1,0,1,1,0,1,6
EEE,2014J,692646,0,Yorkshire Region,HE Qualification,30-40%,0-35,0,30,0,Pass,5,1,0,0,1,0,0,0,1,0,1,1,1,0,0,9
EEE,2014J,692723,0,West Midlands Region,Lower Than A Level,30-40%,0-35,0,30,0,Withdrawn,11,0,1,0,0,1,0,1,0,0,0,0,1,0,0,6
EEE,2014J,692924,0,Scotland,A Level or Equivalent,30-40%,0-35,0,60,0,Distinction,16,1,1,0,0,0,1,0,1,0,1,0,0,1,0,10
EEE,2014J,692928,0,Ireland,HE Qualification,,35-55,0,60,0,Pass,6,0,1,1,0,1,1,0,0,1,0,1,1,1,0,9
EEE,2014J,692991,0,West Midlands Region,A Level or Equivalent,40-50%,35-55,0,60,0,Pass,8,1,1,1,1,0,1,1,1,0,1,0,0,1,1,3
EEE,2014J,693069,0,Yorkshire Region,HE Qualification,50-60%,35-55,0,60,0,Pass,15,1,0,0,1,1,1,0,0,0,1,0,0,1,0,10
EEE,2014J,693111,0,Scotland,HE Qualification,50-60%,35-55,0,120,0,Withdrawn,5,0,0,1,0,1,0,1,0,1,0,1,1,1,0,9
EEE,2014J,693147,0,East Midlands Region,A Level or Equivalent,20-30%,0-35,0,120,0,Withdrawn,5,0,1,1,1,0,1,1,0,1,0,0,0,1,1,9
EEE,2014J,693221,0,South East Region,Lower Than A Level,0-10%,0-35,0,60,0,Distinction,13,0,0,0,1,0,1,0,0,0,0,0,1,1,1,5
EEE,2014J,693235,1,South Region,A Level or Equivalent,20-30%,35-55,0,60,0,Pass,3,1,0,1,0,0,1,0,0,1,1,1,0,1,1,8
EEE,2014J,693308,1,North Western Region,Lower Than A Level,0-10%,0-35,0,60,0,Pass,11,0,0,0,1,0,0,1,0,0,0,0,0,0,0,6
EEE,2014J,693416,0,Scotland,A Level or Equivalent,70-80%,0-35,0,30,0,Pass,15,0,0,1,0,1,1,0,0,1,0,0,0,1,1,10
EEE,2014J,693478,0,East Anglian Region,A Level or Equivalent,80-90%,0-35,0,60,0,Pass,3,0,1,1,1,1,1,0,1,1,1,0,0,0,1,8
EEE,2014J,693640,0,Scotland,A Level or Equivalent,40-50%,0-35,0,30,0,Pass,4,0,0,1,1,0,1,1,0,0,0,0,0,1,0,8
EEE,2014J,693910,0,London Region,A Level or Equivalent,20-Oct,0-35,0,90,0,Pass,12,1,0,0,1,1,1,0,1,0,1,1,0,0,0,7
EEE,2014J,693959,0,South West Region,A Level or Equivalent,60-70%,35-55,0,60,0,Pass,10,0,0,0,1,0,0,0,0,1,0,0,0,0,1,1
EEE,2014J,694081,0,London Region,HE Qualification,20-Oct,0-35,0,60,0,Withdrawn,3,0,1,1,1,1,1,1,0,1,0,0,1,0,0,8
EEE,2014J,694106,0,London Region,Lower Than A Level,20-30%,0-35,0,120,0,Withdrawn,10,1,0,0,0,1,1,1,0,1,1,1,1,1,0,1
EEE,2014J,694132,0,North Western Region,HE Qualification,60-70%,35-55,0,60,0,Pass,12,0,0,0,0,0,0,0,0,0,0,0,1,1,1,7
EEE,2014J,694152,0,North Region,HE Qualification,,0-35,0,30,0,Pass,4,1,1,0,1,1,0,1,0,0,1,0,0,0,0,8
EEE,2014J,694218,0,East Midlands Region,A Level or Equivalent,40-50%,0-35,0,90,0,Pass,11,0,0,1,1,1,0,1,0,0,0,0,0,0,0,6
EEE,2014J,694246,0,East Midlands Region,A Level or Equivalent,70-80%,0-35,0,60,0,Pass,1,1,0,0,1,0,0,0,1,1,0,1,1,1,0,2
EEE,2014J,694304,0,East Midlands Region,Lower Than A Level,0-10%,0-35,0,60,0,Withdrawn,6,0,1,1,0,0,0,1,0,1,1,0,1,1,1,9
EEE,2014J,694361,0,Scotland,A Level or Equivalent,60-70%,0-35,0,90,0,Pass,16,1,0,1,0,0,1,1,0,1,0,0,1,1,0,10
EEE,2014J,694457,1,Scotland,A Level or Equivalent,20-30%,0-35,0,30,0,Fail,8,0,1,1,0,1,1,1,1,0,1,1,0,1,0,3
EEE,2014J,694548,0,North Region,A Level or Equivalent,20-Oct,0-35,0,90,0,Withdrawn,8,1,0,0,0,1,1,1,1,0,0,0,1,1,1,3
EEE,2014J,694571,0,Ireland,A Level or Equivalent,50-60%,0-35,0,90,0,Pass,7,1,0,1,0,1,1,0,1,0,1,0,1,1,0,3
EEE,2014J,694579,0,West Midlands Region,A Level or Equivalent,90-100%,0-35,0,120,0,Pass,8,0,1,1,0,0,0,1,1,0,1,1,1,1,0,3
EEE,2014J,694589,0,Scotland,HE Qualification,60-70%,0-35,0,30,0,Pass,2,1,1,1,0,0,1,1,1,1,0,1,0,1,0,2
EEE,2014J,694658,1,London Region,Lower Than A Level,20-Oct,35-55,0,120,0,Withdrawn,10,0,0,0,0,1,1,0,0,1,0,0,0,1,0,1
EEE,2014J,694680,0,South Region,HE Qualification,20-30%,35-55,0,60,0,Pass,13,1,1,0,1,0,1,0,1,0,0,1,0,1,1,5
EEE,2014J,694684,0,North Region,HE Qualification,80-90%,0-35,0,30,0,Fail,3,0,0,0,1,0,1,0,0,1,1,1,1,0,1,8
EEE,2014J,694735,1,Wales,HE Qualification,60-70%,0-35,0,120,0,Withdrawn,16,1,1,1,0,1,0,1,0,1,0,1,1,0,1,10
EEE,2014J,694779,0,South Region,A Level or Equivalent,70-80%,0-35,0,60,0,Pass,9,1,0,0,0,0,0,0,0,0,0,0,0,1,0,4
EEE,2014J,694854,0,Scotland,A Level or Equivalent,40-50%,0-35,0,60,0,Pass,11,0,0,0,0,0,0,1,0,0,1,1,0,1,0,6
EEE,2014J,695094,0,South Region,A Level or Equivalent,90-100%,0-35,0,60,0,Withdrawn,6,0,0,1,0,0,1,0,1,1,0,1,1,0,1,9
EEE,2014J,695122,0,East Anglian Region,A Level or Equivalent,20-30%,0-35,0,90,0,Distinction,9,1,1,1,0,1,1,0,1,0,0,0,0,1,1,4
EEE,2014J,695435,0,East Midlands Region,A Level or Equivalent,50-60%,35-55,0,30,0,Pass,10,0,0,0,0,1,0,0,0,1,1,1,1,1,1,1
EEE,2014J,695638,0,Scotland,A Level or Equivalent,50-60%,0-35,0,30,0,Fail,10,0,1,0,1,1,1,0,1,1,0,0,1,0,1,1
EEE,2014J,695644,0,Ireland,HE Qualification,,35-55,0,60,0,Distinction,3,1,0,0,1,0,0,0,1,1,1,0,1,1,0,8
EEE,2014J,695653,0,South East Region,A Level or Equivalent,20-30%,0-35,0,60,0,Pass,11,1,0,1,1,1,1,0,0,1,0,0,0,1,0,6
EEE,2014J,695668,0,Scotland,HE Qualification,90-100%,0-35,0,60,0,Distinction,16,1,1,0,0,1,1,1,0,1,1,0,0,1,1,10
EEE,2014J,695760,0,East Midlands Region,A Level or Equivalent,0-10%,0-35,0,120,0,Withdrawn,5,0,1,0,1,1,0,0,0,1,1,0,1,0,1,9
EEE,2014J,695855,0,Yorkshire Region,Lower Than A Level,50-60%,0-35,0,30,0,Pass,10,0,1,1,1,0,1,1,0,0,1,1,1,0,0,1
EEE,2014J,695919,0,Scotland,A Level or Equivalent,60-70%,0-35,0,30,0,Pass,5,1,0,0,1,1,1,0,1,0,0,0,1,1,1,9
EEE,2014J,695921,0,Scotland,Lower Than A Level,50-60%,55<=,0,30,0,Fail,2,0,1,1,0,1,1,0,1,1,1,1,1,0,0,2
EEE,2014J,695932,0,Ireland,Lower Than A Level,30-40%,0-35,0,30,0,Fail,5,0,1,1,0,0,0,0,1,1,0,0,0,1,0,9
EEE,2014J,695944,0,Scotland,A Level or Equivalent,90-100%,0-35,0,30,0,Pass,13,1,0,0,0,1,0,1,0,1,0,1,1,0,1,5
EEE,2014J,696044,0,South East Region,A Level or Equivalent,70-80%,35-55,0,60,0,Fail,6,0,1,1,1,1,1,1,0,0,1,1,1,0,0,9
EEE,2014J,696128,1,East Midlands Region,A Level or Equivalent,60-70%,0-35,0,60,0,Pass,5,1,0,1,1,1,0,1,1,1,1,0,1,1,1,9
EEE,2014J,696192,0,East Midlands Region,A Level or Equivalent,30-40%,0-35,0,30,0,Pass,15,0,0,0,0,0,1,1,1,0,0,0,0,1,1,10
EEE,2014J,696325,0,Ireland,A Level or Equivalent,50-60%,35-55,0,60,0,Fail,10,0,0,0,1,0,1,1,1,0,1,0,0,1,0,1
EEE,2014J,696361,0,Wales,HE Qualification,50-60%,35-55,0,30,0,Pass,7,1,0,0,1,0,1,0,0,0,1,0,0,1,1,3
EEE,2014J,696464,0,South East Region,Lower Than A Level,20-30%,0-35,0,30,0,Withdrawn,13,0,0,1,1,0,0,1,1,0,0,0,0,1,0,5
EEE,2014J,696485,0,Scotland,Lower Than A Level,20-Oct,0-35,0,60,0,Pass,4,0,0,0,0,1,1,0,0,1,0,1,0,0,0,8
EEE,2014J,696577,0,Wales,HE Qualification,60-70%,0-35,0,60,0,Pass,1,1,0,1,0,1,1,1,1,0,1,0,0,0,1,2
EEE,2014J,696796,0,North Region,A Level or Equivalent,20-Oct,0-35,0,60,0,Withdrawn,7,1,0,1,0,1,0,0,1,0,0,0,0,0,1,3
EEE,2014J,696930,0,London Region,A Level or Equivalent,30-40%,0-35,0,120,0,Withdrawn,5,1,0,1,1,0,0,1,0,1,1,0,0,1,1,9
EEE,2014J,697041,0,Scotland,A Level or Equivalent,20-Oct,0-35,0,60,0,Pass,12,1,0,1,1,0,1,0,1,0,0,0,0,1,0,7
EEE,2014J,697113,0,West Midlands Region,Lower Than A Level,0-10%,35-55,0,60,0,Fail,5,1,1,1,1,0,1,0,1,1,1,0,0,1,0,9
EEE,2014J,697120,0,West Midlands Region,HE Qualification,0-10%,0-35,0,120,0,Withdrawn,16,0,1,1,1,0,0,0,0,1,0,1,0,1,0,10
EEE,2014J,697253,0,Scotland,HE Qualification,30-40%,0-35,0,60,0,Pass,1,0,1,1,0,0,0,0,0,0,0,0,0,1,1,2
EEE,2014J,697460,0,Scotland,HE Qualification,60-70%,0-35,0,60,0,Fail,15,1,0,0,1,0,1,1,1,1,0,0,0,1,0,10
EEE,2014J,697461,0,North Western Region,HE Qualification,20-Oct,35-55,0,30,0,Distinction,1,0,0,0,0,1,0,0,0,0,1,1,0,0,0,2
EEE,2014J,697482,0,South East Region,A Level or Equivalent,20-30%,0-35,0,60,0,Fail,1,0,1,0,1,0,1,1,1,1,1,1,1,1,1,2
EEE,2014J,697658,0,West Midlands Region,A Level or Equivalent,30-40%,35-55,0,90,0,Distinction,14,1,0,1,1,1,1,1,0,1,0,0,1,1,1,5
EEE,2014J,697781,0,Scotland,HE Qualification,20-30%,0-35,0,30,0,Pass,1,0,0,0,1,0,1,0,0,0,1,0,0,0,0,2
EEE,2014J,698011,1,West Midlands Region,HE Qualification,20-Oct,0-35,0,120,0,Pass,8,1,1,1,0,0,0,0,0,1,1,0,1,0,1,3
EEE,2014J,698024,0,Scotland,A Level or Equivalent,50-60%,0-35,0,120,1,Fail,13,1,0,1,1,0,1,0,1,1,0,1,0,0,0,5
EEE,2014J,698092,0,London Region,A Level or Equivalent,20-30%,0-35,0,60,0,Fail,10,1,1,1,1,0,1,0,0,1,1,0,0,1,1,1
EEE,2014J,698300,0,Ireland,A Level or Equivalent,20-Oct,0-35,0,60,0,Pass,2,1,1,1,1,0,1,0,1,0,0,1,0,0,1,2
EEE,2014J,698355,0,North Region,Lower Than A Level,,0-35,0,120,0,Distinction,9,1,1,1,0,1,1,1,1,1,1,1,0,0,0,4
EEE,2014J,698413,0,Scotland,HE Qualification,40-50%,35-55,0,60,0,Pass,11,0,1,0,1,1,0,0,1,1,1,0,1,0,0,6
EEE,2014J,698417,0,Scotland,HE Qualification,90-100%,35-55,0,60,0,Pass,14,1,1,1,1,1,0,1,0,1,0,0,0,1,1,5
EEE,2014J,698598,1,Scotland,HE Qualification,0-10%,0-35,0,120,0,Withdrawn,6,1,1,0,0,1,1,1,1,0,1,0,1,1,0,9
EEE,2014J,698717,0,Scotland,A Level or Equivalent,0-10%,0-35,0,30,1,Fail,10,1,1,0,0,1,1,1,0,1,0,1,0,1,0,1
EEE,2014J,699038,0,Scotland,A Level or Equivalent,40-50%,0-35,0,30,0,Withdrawn,7,1,0,0,1,0,0,1,1,0,0,1,0,1,0,3
EEE,2014J,699049,0,Scotland,A Level or Equivalent,40-50%,0-35,0,40,0,Withdrawn,11,0,0,0,0,0,0,0,0,1,0,0,0,1,0,6
EEE,2014J,699050,0,Scotland,A Level or Equivalent,20-Oct,0-35,0,40,0,Withdrawn,12,1,1,1,0,1,1,0,0,1,0,0,1,0,0,7
EEE,2014J,699134,0,North Region,HE Qualification,,0-35,0,60,0,Distinction,7,1,1,0,1,0,0,1,0,0,0,0,0,0,1,3
EEE,2014J,699135,0,North Region,HE Qualification,,0-35,0,60,0,Fail,1,1,1,1,0,0,0,1,1,1,0,0,1,0,1,2
EEE,2014J,699136,0,North Region,HE Qualification,,35-55,0,60,0,Fail,13,0,1,1,0,1,1,1,0,0,1,0,1,0,1,5
EEE,2014J,699138,0,North Region,HE Qualification,,0-35,0,30,0,Fail,13,1,1,0,1,1,1,0,0,0,1,0,1,0,0,5
EEE,2014J,699140,0,North Region,HE Qualification,,35-55,0,30,0,Fail,8,1,0,1,0,0,1,0,0,0,0,0,1,0,0,3
EEE,2014J,699141,0,North Region,HE Qualification,,35-55,0,30,0,Fail,12,1,0,1,0,1,0,1,1,1,0,0,1,0,0,7
EEE,2014J,699142,0,North Region,HE Qualification,,35-55,0,30,0,Fail,5,1,0,1,1,0,0,1,1,0,0,1,0,1,0,9
EEE,2014J,699170,0,Scotland,A Level or Equivalent,70-80%,0-35,0,30,0,Fail,13,0,1,1,1,0,1,1,1,1,0,1,0,1,1,5
EEE,2014J,699440,0,Ireland,A Level or Equivalent,,0-35,0,60,0,Distinction,11,0,0,0,1,0,0,0,0,0,0,1,1,1,1,6
EEE,2014J,1040037,0,Wales,A Level or Equivalent,20-30%,35-55,0,30,0,Withdrawn,16,1,0,0,1,0,1,1,1,0,0,0,1,0,0,10
EEE,2014J,1334225,1,South Region,Lower Than A Level,50-60%,55<=,0,30,0,Distinction,8,0,0,1,0,1,0,1,0,1,0,0,1,0,0,3
EEE,2014J,1354095,1,South Region,A Level or Equivalent,60-70%,35-55,0,30,0,Pass,11,1,0,1,0,0,0,0,1,1,0,1,1,1,1,6
EEE,2014J,1429504,0,Scotland,A Level or Equivalent,90-100%,35-55,0,60,0,Pass,11,0,0,1,0,0,1,1,0,1,0,1,1,0,1,6
EEE,2014J,1483814,1,East Anglian Region,A Level or Equivalent,30-40%,35-55,0,240,1,Distinction,8,0,1,0,0,1,0,0,0,1,0,0,1,1,1,3
EEE,2014J,1490624,0,East Anglian Region,HE Qualification,60-70%,35-55,0,60,0,Distinction,16,0,1,1,0,1,1,1,1,1,1,0,0,1,0,10
EEE,2014J,1497822,0,North Western Region,Lower Than A Level,70-80%,35-55,0,60,0,Pass,3,1,1,1,0,1,0,1,0,1,1,1,0,1,1,8
EEE,2014J,1664171,0,North Western Region,Lower Than A Level,50-60%,35-55,1,45,1,Fail,4,1,0,0,1,0,1,1,1,0,0,0,0,0,0,8
EEE,2014J,1674799,0,South Region,HE Qualification,70-80%,55<=,0,60,0,Distinction,5,0,1,1,0,1,1,1,1,0,0,0,0,1,0,9
EEE,2014J,1679610,0,South Region,HE Qualification,70-80%,35-55,0,60,0,Distinction,16,1,1,0,0,0,1,0,0,0,0,0,1,1,1,10
EEE,2014J,1797068,0,South Region,Lower Than A Level,60-70%,35-55,0,60,0,Pass,13,1,0,0,0,0,1,0,1,1,1,1,0,1,0,5
EEE,2014J,1841850,1,East Anglian Region,Lower Than A Level,20-Oct,35-55,0,90,0,Withdrawn,12,0,0,0,1,1,1,0,1,1,1,1,0,1,0,7
EEE,2014J,1878648,0,Scotland,HE Qualification,30-40%,35-55,0,150,0,Pass,9,1,0,1,0,0,0,1,0,0,1,1,0,0,1,4
EEE,2014J,1895288,0,Scotland,A Level or Equivalent,80-90%,35-55,0,60,0,Distinction,4,0,1,0,1,0,0,0,1,1,1,1,0,1,0,8
EEE,2014J,1895399,0,West Midlands Region,HE Qualification,40-50%,0-35,0,180,0,Withdrawn,2,0,0,0,1,1,1,0,1,1,0,0,1,1,1,2
EEE,2014J,1910737,0,North Region,Lower Than A Level,,35-55,0,30,0,Pass,10,0,0,1,0,0,1,0,0,1,0,1,1,1,0,1
EEE,2014J,1943214,1,East Anglian Region,Lower Than A Level,40-50%,35-55,0,60,0,Withdrawn,5,0,1,0,1,1,1,0,0,0,0,1,1,1,0,9
EEE,2014J,1953275,0,West Midlands Region,Lower Than A Level,0-10%,35-55,0,60,0,Withdrawn,3,1,1,0,0,0,1,1,1,0,0,0,0,0,0,8
EEE,2014J,2004220,0,South Region,A Level or Equivalent,60-70%,35-55,0,30,0,Pass,4,0,0,1,0,1,1,1,0,1,0,1,1,1,1,8
EEE,2014J,2024200,0,Scotland,HE Qualification,70-80%,35-55,0,30,0,Fail,11,1,1,1,0,0,0,0,0,0,0,1,0,0,0,6
EEE,2014J,2050998,0,North Region,A Level or Equivalent,60-70%,35-55,0,60,0,Withdrawn,6,1,0,1,0,0,0,1,0,1,0,0,0,0,1,9
EEE,2014J,2065756,0,South West Region,Lower Than A Level,50-60%,0-35,0,150,0,Pass,3,0,0,0,1,1,1,1,1,1,1,0,0,0,0,8
EEE,2014J,2067969,0,Scotland,HE Qualification,70-80%,35-55,0,60,0,Pass,11,1,1,1,0,0,0,0,0,1,0,0,0,1,0,6
EEE,2014J,2072671,0,South Region,HE Qualification,90-100%,35-55,0,60,1,Fail,2,0,0,1,0,0,0,0,0,0,1,0,1,0,0,2
EEE,2014J,2080916,0,Scotland,HE Qualification,,35-55,1,30,0,Withdrawn,12,0,1,1,1,1,1,0,1,1,0,1,1,0,1,7
EEE,2014J,2137785,0,North Western Region,HE Qualification,80-90%,35-55,0,30,0,Pass,1,1,0,0,0,1,0,1,1,0,1,1,0,0,1,2
EEE,2014J,2151019,0,South West Region,Lower Than A Level,30-40%,35-55,0,60,0,Fail,2,0,0,0,0,0,1,1,1,1,0,1,1,1,0,2
EEE,2014J,2173643,0,South East Region,Lower Than A Level,60-70%,35-55,0,60,0,Pass,9,0,1,1,0,1,1,0,1,0,0,1,1,1,1,4
EEE,2014J,2192061,0,East Midlands Region,HE Qualification,80-90%,35-55,0,30,0,Distinction,13,1,0,0,0,0,0,1,1,0,0,0,0,1,0,5
EEE,2014J,2204389,1,West Midlands Region,HE Qualification,90-100%,35-55,0,30,0,Pass,4,1,1,0,1,1,1,1,1,1,1,0,1,0,1,8
EEE,2014J,2211797,0,Scotland,A Level or Equivalent,80-90%,0-35,0,140,0,Pass,16,0,0,0,0,1,0,0,1,1,0,0,0,0,1,10
EEE,2014J,2221654,0,East Midlands Region,A Level or Equivalent,80-90%,0-35,0,60,0,Pass,7,0,0,0,1,0,0,0,1,0,1,1,0,0,1,3
EEE,2014J,2229389,0,North Region,Lower Than A Level,30-40%,0-35,0,90,1,Pass,8,1,1,1,0,1,0,0,0,1,1,1,1,1,0,3
EEE,2014J,2230251,0,North Western Region,Lower Than A Level,0-10%,35-55,0,60,0,Pass,6,0,0,0,1,0,1,1,1,1,1,1,0,0,0,9
EEE,2014J,2242383,0,West Midlands Region,A Level or Equivalent,60-70%,35-55,0,90,0,Withdrawn,7,1,1,1,1,0,0,0,1,0,1,1,1,1,1,3
EEE,2014J,2257400,1,Scotland,Lower Than A Level,70-80%,0-35,0,60,0,Pass,8,0,1,1,0,1,1,1,1,0,0,0,1,1,0,3
EEE,2014J,2258124,0,South Region,A Level or Equivalent,60-70%,0-35,0,30,0,Distinction,12,0,1,1,0,0,1,0,1,0,0,1,1,0,1,7
EEE,2014J,2259662,0,North Region,Lower Than A Level,40-50%,0-35,0,60,0,Pass,15,1,0,0,0,1,0,0,1,0,0,1,1,0,0,10
EEE,2014J,2281441,0,Scotland,Post Graduate Qualification,90-100%,35-55,0,115,0,Pass,4,0,1,1,1,0,0,1,0,1,1,0,0,0,0,8
EEE,2014J,2286544,0,South West Region,A Level or Equivalent,30-40%,0-35,0,30,0,Pass,6,0,1,0,1,0,0,0,0,1,0,1,1,0,1,9
EEE,2014J,2289071,0,Scotland,A Level or Equivalent,80-90%,0-35,0,30,0,Pass,11,0,0,1,0,1,1,1,0,0,1,1,0,1,0,6
EEE,2014J,2290886,0,Scotland,HE Qualification,50-60%,0-35,0,60,0,Pass,14,1,0,1,0,0,1,1,1,0,0,1,1,0,0,5
EEE,2014J,2297016,0,Yorkshire Region,HE Qualification,50-60%,35-55,0,120,0,Pass,12,1,0,1,1,0,1,1,0,1,1,0,1,0,1,7
EEE,2014J,2338535,0,Scotland,HE Qualification,30-40%,35-55,0,60,0,Fail,3,1,0,1,0,0,0,0,1,0,0,1,1,0,1,8
EEE,2014J,2340230,1,Scotland,HE Qualification,0-10%,0-35,0,120,0,Withdrawn,11,0,1,1,0,0,1,1,1,1,1,0,0,0,0,6
EEE,2014J,2352407,1,Wales,A Level or Equivalent,40-50%,35-55,0,90,0,Pass,8,1,1,0,0,1,1,1,1,1,0,0,1,1,1,3
EEE,2014J,2355274,0,London Region,A Level or Equivalent,40-50%,0-35,0,30,0,Pass,2,0,0,1,0,0,1,0,1,0,1,0,1,1,1,2
EEE,2014J,2372573,0,East Anglian Region,A Level or Equivalent,40-50%,35-55,0,60,1,Withdrawn,16,1,0,1,1,1,0,0,1,1,0,1,0,1,0,10
EEE,2014J,2391303,0,North Western Region,Lower Than A Level,70-80%,0-35,0,120,0,Fail,3,0,1,0,0,0,1,0,0,1,0,1,0,1,1,8
EEE,2014J,2395505,0,North Region,A Level or Equivalent,20-30%,0-35,0,60,0,Withdrawn,5,1,1,0,0,0,0,0,0,0,0,0,1,1,0,9
EEE,2014J,2410632,0,London Region,No Formal quals,20-Oct,35-55,0,90,0,Fail,9,1,1,0,0,1,1,0,1,0,1,0,1,0,1,4
EEE,2014J,2427886,0,Wales,Lower Than A Level,30-40%,0-35,0,60,0,Fail,13,0,0,1,0,1,1,0,0,1,1,1,0,0,0,5
EEE,2014J,2436584,0,South East Region,A Level or Equivalent,50-60%,35-55,0,30,0,Fail,11,1,0,1,0,1,0,1,0,0,0,1,1,0,1,6
EEE,2014J,2437591,0,East Anglian Region,Lower Than A Level,30-40%,0-35,0,90,0,Distinction,8,0,1,1,1,0,0,1,1,0,0,1,0,0,1,3
EEE,2014J,2442423,0,East Midlands Region,HE Qualification,40-50%,0-35,0,90,0,Pass,15,0,1,0,1,0,1,0,1,0,0,1,1,0,0,10
EEE,2014J,2443165,1,East Anglian Region,Lower Than A Level,70-80%,35-55,0,120,0,Withdrawn,3,1,1,1,0,1,1,0,0,1,1,0,1,1,1,8
EEE,2014J,2453691,0,Ireland,Lower Than A Level,50-60%,0-35,0,60,0,Distinction,1,0,1,0,0,0,0,0,1,1,0,1,1,0,0,2
EEE,2014J,2464118,0,South East Region,Lower Than A Level,20-30%,0-35,0,60,0,Pass,11,0,1,0,1,0,0,0,1,1,1,0,0,1,0,6
EEE,2014J,2484189,0,Scotland,Lower Than A Level,60-70%,0-35,0,60,0,Withdrawn,16,1,1,1,1,1,0,0,0,0,1,1,1,0,0,10
EEE,2014J,2498614,0,North Western Region,HE Qualification,40-50%,35-55,0,30,0,Withdrawn,16,1,0,0,0,1,1,1,0,0,1,0,0,1,0,10
EEE,2014J,2501127,0,South West Region,Lower Than A Level,60-70%,0-35,0,30,0,Withdrawn,5,0,0,1,1,1,1,1,0,0,0,1,0,1,0,9
EEE,2014J,2533383,0,South Region,HE Qualification,60-70%,35-55,0,30,0,Pass,16,0,0,1,1,0,0,0,1,1,0,0,1,0,0,10
EEE,2014J,2535666,0,West Midlands Region,Lower Than A Level,50-60%,35-55,0,60,0,Pass,16,1,1,1,0,0,0,1,0,0,1,0,0,1,1,10
EEE,2014J,2538792,0,South Region,A Level or Equivalent,50-60%,0-35,0,60,1,Pass,11,1,1,1,1,0,0,0,1,0,1,1,0,0,0,6
EEE,2014J,2542182,0,South West Region,A Level or Equivalent,20-30%,0-35,0,60,0,Pass,5,1,1,0,1,0,1,1,1,1,0,1,1,0,1,9
EEE,2014J,2550960,1,Wales,A Level or Equivalent,90-100%,35-55,0,30,0,Pass,13,1,1,1,0,0,1,1,1,1,0,0,1,0,0,5
EEE,2014J,2566474,0,Scotland,Lower Than A Level,20-Oct,0-35,0,60,0,Withdrawn,13,0,0,1,1,1,1,0,1,0,1,0,0,0,0,5
EEE,2014J,2579558,0,Ireland,A Level or Equivalent,40-50%,0-35,0,60,0,Withdrawn,3,1,0,1,1,1,1,1,1,0,1,1,0,0,0,8
EEE,2014J,2592973,0,South West Region,Lower Than A Level,70-80%,0-35,0,30,0,Pass,10,0,1,1,0,1,1,1,1,0,0,0,1,1,1,1
EEE,2014J,2599179,0,West Midlands Region,A Level or Equivalent,60-70%,0-35,0,90,0,Pass,16,1,1,1,1,0,1,1,0,0,0,0,1,0,0,10
EEE,2014J,2612725,0,South Region,A Level or Equivalent,80-90%,0-35,1,120,0,Withdrawn,8,1,0,0,0,0,0,0,0,0,0,1,0,1,0,3
EEE,2014J,2622627,0,Scotland,HE Qualification,30-40%,0-35,0,180,1,Pass,14,0,0,0,0,0,1,1,0,0,0,0,0,0,0,5
EEE,2014J,2626779,0,Scotland,Post Graduate Qualification,90-100%,0-35,0,60,0,Pass,12,1,0,1,0,0,1,1,1,0,0,0,1,0,1,7
EEE,2014J,2627992,0,South Region,A Level or Equivalent,60-70%,35-55,0,60,0,Pass,5,1,1,0,1,1,1,0,1,1,0,1,0,0,0,9
EEE,2014J,2631935,0,North Western Region,Lower Than A Level,20-Oct,0-35,0,60,0,Withdrawn,15,1,0,1,1,0,0,0,1,1,1,1,1,1,1,10
EEE,2014J,2637000,0,Wales,A Level or Equivalent,80-90%,0-35,0,120,0,Fail,11,1,1,1,1,0,1,0,1,0,0,1,0,0,1,6
EEE,2014J,2639115,0,South Region,Lower Than A Level,70-80%,0-35,0,60,0,Pass,6,1,1,1,1,1,0,1,0,1,0,1,0,1,0,9
EEE,2014J,2644404,0,Scotland,Post Graduate Qualification,50-60%,0-35,0,30,0,Pass,7,0,0,0,1,1,1,1,0,0,0,0,0,1,1,3
EEE,2014J,2654928,0,South Region,Lower Than A Level,90-100%,0-35,0,60,0,Pass,14,1,0,1,0,0,1,0,1,0,1,1,1,1,0,5
EEE,2014J,2663195,0,East Anglian Region,Lower Than A Level,90-100%,0-35,0,30,0,Pass,12,0,1,1,0,0,0,0,0,1,1,0,1,1,0,7
EEE,2014J,2681277,0,London Region,HE Qualification,30-40%,35-55,1,205,0,Withdrawn,10,0,1,1,0,1,0,0,0,0,1,1,1,0,0,1
EEE,2014J,2686053,0,South West Region,A Level or Equivalent,40-50%,35-55,0,30,0,Distinction,2,1,0,0,1,1,1,1,1,0,1,0,0,1,0,2
EEE,2014J,2686712,0,West Midlands Region,A Level or Equivalent,60-70%,35-55,1,60,0,Fail,5,1,1,1,0,1,0,1,1,1,1,0,0,0,1,9
FFF,2013B,33915,1,South East Region,A Level or Equivalent,30-40%,0-35,0,60,0,Distinction,7,0,1,1,1,1,0,0,1,1,1,0,1,0,1,3
FFF,2013B,35544,0,Wales,A Level or Equivalent,80-90%,35-55,0,60,0,Pass,16,1,1,0,0,1,0,1,0,1,0,1,0,1,0,10
FFF,2013B,35860,0,South West Region,A Level or Equivalent,20-Oct,0-35,0,60,0,Pass,2,1,1,1,0,1,0,0,0,1,1,0,1,1,1,2
FFF,2013B,36385,0,West Midlands Region,Lower Than A Level,70-80%,0-35,0,120,1,Withdrawn,16,1,1,0,1,0,0,0,1,0,1,1,1,0,1,10
FFF,2013B,36842,0,South Region,Lower Than A Level,40-50%,0-35,0,90,0,Withdrawn,1,1,1,1,0,1,0,1,1,0,0,0,1,0,1,2
FFF,2013B,37298,0,Ireland,HE Qualification,,0-35,0,120,0,Pass,11,1,0,1,1,1,0,1,1,1,1,0,0,1,1,6
FFF,2013B,42668,0,London Region,Lower Than A Level,20-Oct,35-55,1,120,0,Pass,6,1,1,0,1,0,1,1,1,0,1,1,1,1,1,9
FFF,2013B,43011,0,North Region,Lower Than A Level,,0-35,2,60,0,Withdrawn,7,0,1,1,1,1,0,1,0,0,0,0,0,0,0,3
FFF,2013B,43273,0,East Midlands Region,HE Qualification,60-70%,35-55,0,90,0,Pass,4,1,0,1,0,0,1,1,0,0,1,1,0,1,0,8
FFF,2013B,43430,0,South West Region,A Level or Equivalent,50-60%,35-55,0,60,0,Pass,6,0,0,0,1,0,0,0,0,0,1,1,0,1,1,9
FFF,2013B,49095,1,South West Region,HE Qualification,40-50%,0-35,2,150,0,Withdrawn,10,1,0,1,1,1,0,1,0,1,0,1,0,1,1,1
FFF,2013B,50263,0,West Midlands Region,HE Qualification,80-90%,35-55,0,60,0,Pass,12,0,1,1,0,1,0,0,0,0,1,1,1,0,0,7
FFF,2013B,53197,1,North Western Region,No Formal quals,0-10%,0-35,0,60,0,Fail,11,0,1,0,1,0,0,1,0,0,0,0,1,0,0,6
FFF,2013B,53709,0,Wales,A Level or Equivalent,30-40%,0-35,0,60,0,Withdrawn,10,1,1,0,1,1,1,1,1,0,1,1,0,0,0,1
FFF,2013B,55450,0,South East Region,A Level or Equivalent,30-40%,35-55,1,120,0,Fail,11,0,1,0,0,0,0,1,1,0,1,0,0,0,1,6
FFF,2013B,58549,0,North Region,A Level or Equivalent,,0-35,0,120,0,Distinction,3,0,0,0,1,0,0,0,0,1,0,1,0,0,0,8
FFF,2013B,60519,1,London Region,A Level or Equivalent,0-10%,35-55,0,60,0,Withdrawn,10,1,1,1,1,0,1,0,1,1,1,1,1,1,0,1
FFF,2013B,65656,0,West Midlands Region,A Level or Equivalent,0-10%,35-55,0,150,0,Pass,2,0,1,0,1,1,1,1,0,0,0,1,0,1,1,2
FFF,2013B,68208,0,Scotland,HE Qualification,70-80%,35-55,2,270,0,Fail,8,0,0,1,0,0,0,1,0,1,0,1,0,1,0,3
FFF,2013B,71275,1,Ireland,Lower Than A Level,50-60%,35-55,1,150,0,Fail,2,1,0,0,1,1,0,0,0,0,0,0,0,0,1,2
FFF,2013B,71578,0,South Region,A Level or Equivalent,90-100%,0-35,0,60,0,Pass,9,0,1,0,0,1,1,0,1,0,1,1,1,0,0,4
FFF,2013B,72693,1,Yorkshire Region,Lower Than A Level,40-50%,0-35,0,140,1,Pass,3,0,0,0,0,0,0,1,1,1,1,1,0,0,0,8
FFF,2013B,74113,0,Yorkshire Region,A Level or Equivalent,0-10%,0-35,1,60,0,Fail,4,1,1,1,1,0,0,1,0,0,1,1,1,1,1,8
FFF,2013B,77998,0,Ireland,Lower Than A Level,,35-55,1,180,0,Withdrawn,7,1,0,0,1,1,0,1,0,1,0,0,1,1,0,3
FFF,2013B,80745,1,East Midlands Region,A Level or Equivalent,40-50%,0-35,1,60,1,Pass,11,0,1,0,0,1,0,0,1,0,1,0,0,0,0,6
FFF,2013B,80886,0,North Western Region,Lower Than A Level,70-80%,35-55,0,60,0,Withdrawn,11,0,0,0,1,0,1,0,0,0,1,0,0,1,0,6
FFF,2013B,82556,0,Ireland,Lower Than A Level,70-80%,0-35,0,60,0,Fail,10,1,0,1,1,1,0,0,1,1,0,1,1,0,0,1
FFF,2013B,82817,1,London Region,HE Qualification,20-30%,35-55,1,60,0,Pass,14,1,0,0,0,1,0,0,0,1,0,1,0,0,1,5
FFF,2013B,84051,0,Wales,A Level or Equivalent,60-70%,0-35,0,120,0,Fail,11,0,1,1,1,0,1,0,1,0,1,0,1,0,1,6
FFF,2013B,86538,0,West Midlands Region,Lower Than A Level,60-70%,0-35,0,60,1,Withdrawn,12,1,1,1,0,0,0,1,0,0,1,0,0,0,1,7
FFF,2013B,87152,0,East Anglian Region,Lower Than A Level,20-30%,0-35,0,60,1,Pass,7,1,0,1,0,0,1,0,1,1,1,1,0,1,0,3
FFF,2013B,88957,0,South East Region,Lower Than A Level,30-40%,0-35,1,120,0,Withdrawn,8,0,0,1,0,1,0,1,1,1,0,1,0,1,0,3
FFF,2013B,89895,0,Yorkshire Region,Lower Than A Level,40-50%,0-35,0,60,0,Pass,12,0,0,1,1,1,1,1,0,1,0,1,0,1,1,7
FFF,2013B,91164,0,London Region,HE Qualification,0-10%,35-55,0,60,1,Fail,15,0,1,0,0,1,0,0,0,0,0,1,0,1,0,10
FFF,2013B,96729,0,London Region,A Level or Equivalent,40-50%,0-35,1,120,0,Pass,7,1,1,0,0,0,1,1,1,0,0,1,0,1,0,3
FFF,2013B,99993,1,East Anglian Region,A Level or Equivalent,0-10%,0-35,0,120,0,Pass,14,0,1,1,1,0,1,1,0,1,1,1,1,0,0,5
FFF,2013B,101306,0,London Region,A Level or Equivalent,20-30%,35-55,0,120,0,Fail,7,1,0,0,1,0,0,0,0,0,1,1,0,1,0,3
FFF,2013B,107162,1,South Region,A Level or Equivalent,70-80%,35-55,0,60,0,Distinction,8,0,1,0,0,1,1,1,1,0,1,0,0,0,1,3
FFF,2013B,107955,0,London Region,HE Qualification,40-50%,0-35,0,120,0,Withdrawn,2,0,0,1,1,0,1,1,0,0,0,1,0,0,0,2
FFF,2013B,108330,0,West Midlands Region,A Level or Equivalent,30-40%,35-55,1,60,0,Pass,11,0,1,1,0,0,0,1,0,0,0,1,0,1,0,6
FFF,2013B,110085,0,Ireland,Lower Than A Level,,0-35,1,310,0,Fail,13,1,1,0,0,0,0,0,0,0,0,1,1,1,0,5
FFF,2013B,110116,0,East Midlands Region,HE Qualification,40-50%,0-35,1,150,0,Pass,9,0,0,0,1,1,1,1,1,1,0,0,0,0,0,4
FFF,2013B,111775,0,Ireland,HE Qualification,,35-55,1,60,0,Pass,2,1,0,1,1,0,0,1,0,1,0,0,0,0,1,2
FFF,2013B,112010,0,Scotland,HE Qualification,20-30%,0-35,2,270,1,Withdrawn,5,0,0,1,0,1,0,0,0,0,0,1,0,0,1,9
FFF,2013B,115373,0,South Region,Lower Than A Level,90-100%,0-35,0,60,0,Pass,1,1,0,0,0,0,0,1,1,1,1,1,0,0,0,2
FFF,2013B,118532,0,South East Region,Lower Than A Level,70-80%,0-35,0,60,0,Pass,7,1,1,1,1,1,1,1,1,0,0,1,0,1,1,3
FFF,2013B,118668,0,East Anglian Region,HE Qualification,40-50%,35-55,0,60,0,Pass,15,0,0,0,1,0,0,0,0,0,1,1,1,1,1,10
FFF,2013B,119353,0,North Region,A Level or Equivalent,30-40%,35-55,0,60,0,Pass,14,1,1,1,1,1,1,1,1,0,0,1,1,0,1,5
FFF,2013B,125996,0,North Western Region,A Level or Equivalent,50-60%,0-35,0,60,0,Pass,4,1,0,0,1,0,1,1,0,0,0,0,0,1,1,8
FFF,2013B,126088,0,London Region,HE Qualification,30-40%,35-55,1,120,0,Fail,2,0,0,0,1,0,0,0,0,0,0,0,1,1,0,2
FFF,2013B,128142,0,South West Region,A Level or Equivalent,50-60%,35-55,0,60,0,Fail,4,0,1,1,1,1,1,0,0,0,1,0,1,0,0,8
FFF,2013B,128791,0,West Midlands Region,Lower Than A Level,70-80%,35-55,0,60,0,Withdrawn,11,1,1,0,0,0,0,0,0,1,1,0,0,0,1,6
FFF,2013B,130403,1,London Region,Lower Than A Level,20-30%,35-55,0,60,0,Pass,16,1,1,1,0,0,1,0,1,0,0,1,0,1,0,10
FFF,2013B,131272,0,Yorkshire Region,Lower Than A Level,20-Oct,0-35,0,120,0,Pass,15,0,0,1,0,0,0,1,0,1,0,1,0,1,1,10
FFF,2013B,134260,0,South Region,A Level or Equivalent,90-100%,0-35,0,90,0,Pass,11,0,0,1,1,1,0,0,0,1,0,0,1,0,1,6
FFF,2013B,134578,0,North Region,Lower Than A Level,60-70%,0-35,1,120,0,Fail,13,1,0,1,1,0,0,1,1,0,1,1,0,0,1,5
FFF,2013B,135075,0,East Anglian Region,A Level or Equivalent,80-90%,35-55,0,60,0,Pass,11,0,0,0,0,1,0,0,1,0,0,0,1,0,1,6
FFF,2013B,139949,1,South West Region,Lower Than A Level,20-Oct,0-35,0,60,0,Pass,2,1,0,0,1,1,0,0,1,0,0,1,1,1,0,2
FFF,2013B,140866,0,East Anglian Region,A Level or Equivalent,50-60%,0-35,0,60,0,Pass,14,0,0,1,1,1,0,0,0,1,0,0,1,1,1,5
FFF,2013B,140907,0,North Region,No Formal quals,,0-35,0,120,0,Pass,2,1,1,1,1,1,0,0,1,0,0,0,1,0,1,2
FFF,2013B,142339,1,East Anglian Region,Post Graduate Qualification,90-100%,35-55,0,60,0,Distinction,1,0,1,1,0,0,0,0,0,1,1,0,1,0,0,2
FFF,2013B,143350,1,South West Region,A Level or Equivalent,80-90%,0-35,0,90,0,Pass,14,1,0,1,0,0,1,1,1,1,1,1,0,1,1,5
FFF,2013B,144747,0,London Region,HE Qualification,50-60%,0-35,1,150,0,Distinction,11,1,1,0,1,1,1,1,1,1,0,1,1,0,1,6
FFF,2013B,146455,1,Ireland,Lower Than A Level,50-60%,0-35,0,60,0,Withdrawn,6,1,1,1,1,0,1,1,0,0,1,1,0,1,0,9
FFF,2013B,146679,0,West Midlands Region,Lower Than A Level,20-30%,0-35,1,210,0,Withdrawn,6,0,0,1,0,0,1,0,0,0,1,0,1,0,1,9
FFF,2013B,147168,0,North Region,A Level or Equivalent,,35-55,0,60,0,Pass,11,1,0,0,0,1,1,0,1,0,0,1,1,1,0,6
FFF,2013B,149567,1,South Region,A Level or Equivalent,60-70%,0-35,0,60,0,Withdrawn,1,1,1,0,1,1,1,0,0,1,1,0,1,0,1,2
FFF,2013B,149680,0,East Anglian Region,A Level or Equivalent,50-60%,0-35,1,120,0,Pass,16,0,1,0,1,0,1,0,0,1,0,1,0,0,1,10
FFF,2013B,149693,0,Yorkshire Region,Lower Than A Level,30-40%,0-35,0,60,0,Pass,3,1,0,1,0,0,0,0,1,0,0,0,1,0,1,8
FFF,2013B,150763,0,North Region,Lower Than A Level,,35-55,0,100,0,Pass,13,1,1,0,1,0,1,1,1,1,1,1,0,1,0,5
FFF,2013B,151465,0,East Midlands Region,A Level or Equivalent,60-70%,35-55,0,60,0,Pass,13,1,1,1,1,1,1,0,1,0,0,1,0,0,0,5
FFF,2013B,153110,0,Scotland,HE Qualification,40-50%,35-55,0,60,0,Fail,7,1,0,0,1,0,1,1,0,1,1,1,1,1,1,3
FFF,2013B,153785,1,North Western Region,Lower Than A Level,20-Oct,0-35,0,60,1,Pass,6,1,0,0,1,0,1,0,0,1,0,1,0,1,1,9
FFF,2013B,155511,0,South East Region,A Level or Equivalent,60-70%,0-35,0,60,0,Distinction,2,0,1,0,0,0,1,0,1,0,1,0,1,0,0,2
FFF,2013B,157308,1,South West Region,HE Qualification,30-40%,0-35,0,180,0,Pass,2,1,1,0,1,1,1,1,1,0,1,1,1,1,0,2
FFF,2013B,160193,0,Yorkshire Region,A Level or Equivalent,30-40%,0-35,2,120,0,Withdrawn,6,1,0,1,1,0,0,0,0,1,0,0,1,1,1,9
FFF,2013B,161658,1,West Midlands Region,Lower Than A Level,0-10%,0-35,1,225,0,Fail,9,1,1,1,0,1,0,0,0,1,1,0,0,1,1,4
FFF,2013B,165617,0,London Region,HE Qualification,50-60%,0-35,1,120,0,Fail,7,0,1,0,1,0,1,0,1,0,0,0,1,1,0,3
FFF,2013B,165806,1,London Region,A Level or Equivalent,30-40%,0-35,0,60,0,Fail,12,1,1,1,0,0,1,0,0,0,0,1,0,0,0,7
FFF,2013B,166327,0,East Midlands Region,Lower Than A Level,20-30%,0-35,0,60,1,Pass,12,0,0,1,1,0,1,0,0,1,1,0,1,0,1,7
FFF,2013B,166421,0,South Region,Lower Than A Level,50-60%,0-35,0,60,0,Pass,14,1,1,1,1,1,0,0,1,1,0,0,0,1,0,5
FFF,2013B,167557,0,East Anglian Region,A Level or Equivalent,90-100%,0-35,0,60,1,Withdrawn,5,0,0,1,0,0,0,1,0,1,1,0,1,1,0,9
FFF,2013B,167759,0,Yorkshire Region,A Level or Equivalent,50-60%,35-55,1,180,0,Fail,10,1,1,1,0,1,0,1,0,0,0,0,1,1,0,1
FFF,2013B,169490,0,London Region,Lower Than A Level,40-50%,0-35,0,60,0,Fail,5,1,1,0,1,1,0,1,0,0,1,1,0,1,1,9
FFF,2013B,169555,0,Scotland,A Level or Equivalent,30-40%,0-35,0,60,0,Fail,9,0,0,0,0,1,1,0,0,0,1,0,0,0,0,4
FFF,2013B,169858,0,South East Region,A Level or Equivalent,50-60%,0-35,2,90,0,Pass,14,0,1,0,1,1,1,1,1,1,1,0,0,0,0,5
FFF,2013B,170165,0,East Anglian Region,A Level or Equivalent,60-70%,0-35,0,270,0,Pass,11,1,1,0,0,0,0,1,0,1,0,1,1,1,0,6
FFF,2013B,174436,1,Wales,Lower Than A Level,0-10%,35-55,0,60,0,Fail,9,0,1,0,1,1,1,0,0,1,0,1,0,1,0,4
FFF,2013B,174805,1,Scotland,A Level or Equivalent,20-Oct,35-55,0,135,0,Withdrawn,6,0,0,1,1,1,1,1,1,1,1,1,0,0,1,9
FFF,2013B,180974,0,South West Region,A Level or Equivalent,40-50%,35-55,0,120,0,Withdrawn,5,1,1,1,1,0,1,0,0,0,0,0,1,1,1,9
FFF,2013B,181508,0,Ireland,HE Qualification,90-100%,0-35,0,60,0,Pass,4,1,0,0,1,1,0,0,0,1,0,0,0,0,1,8
FFF,2013B,181992,0,North Western Region,Lower Than A Level,40-50%,0-35,0,120,0,Pass,11,1,1,0,1,1,1,1,1,1,0,0,1,0,1,6
FFF,2013B,182468,0,West Midlands Region,A Level or Equivalent,40-50%,0-35,0,90,0,Fail,7,0,1,1,0,0,0,1,0,1,1,1,0,0,0,3
FFF,2013B,184129,0,Wales,A Level or Equivalent,90-100%,0-35,1,180,0,Fail,4,1,0,1,1,1,0,1,1,1,0,1,0,1,0,8
FFF,2013B,185496,0,Wales,Lower Than A Level,0-10%,0-35,2,120,0,Fail,11,0,1,0,1,0,0,1,0,1,1,0,0,1,0,6
FFF,2013B,186380,0,East Anglian Region,HE Qualification,90-100%,0-35,0,60,0,Distinction,5,0,1,1,1,1,0,0,0,0,0,1,0,0,0,9
FFF,2013B,189720,0,Ireland,Lower Than A Level,,0-35,1,120,0,Fail,1,0,0,0,0,0,0,0,0,1,0,1,1,1,1,2
FFF,2013B,190653,1,East Anglian Region,Lower Than A Level,0-10%,0-35,0,60,0,Withdrawn,1,0,0,1,1,0,1,1,0,1,0,0,1,0,1,2
FFF,2013B,191998,0,London Region,A Level or Equivalent,40-50%,35-55,0,60,0,Withdrawn,14,0,1,1,0,0,0,0,1,0,1,1,1,0,1,5
FFF,2013B,193193,0,West Midlands Region,A Level or Equivalent,90-100%,0-35,0,150,0,Fail,13,1,0,1,0,0,1,0,1,0,0,1,0,0,0,5
FFF,2013B,193803,0,South Region,Post Graduate Qualification,90-100%,35-55,0,210,0,Withdrawn,12,1,0,0,0,0,1,1,1,1,0,1,0,1,0,7
FFF,2013B,193834,0,North Region,Lower Than A Level,20-Oct,0-35,3,120,0,Pass,9,0,0,0,1,1,1,1,0,1,1,1,0,1,1,4
FFF,2013B,198257,0,North Western Region,Lower Than A Level,0-10%,0-35,1,180,0,Withdrawn,6,1,0,1,0,0,1,0,1,0,0,1,0,0,1,9
FFF,2013B,199244,1,South Region,A Level or Equivalent,20-30%,35-55,0,60,0,Pass,3,1,1,0,0,0,0,0,0,0,0,0,0,0,1,8
FFF,2013B,199446,0,East Anglian Region,HE Qualification,90-100%,0-35,0,60,0,Pass,7,1,0,1,0,0,0,0,0,1,1,0,0,1,1,3
FFF,2013B,200773,0,North Region,Lower Than A Level,70-80%,0-35,0,150,0,Fail,1,1,0,1,0,1,0,0,0,0,0,1,1,1,1,2
FFF,2013B,202487,0,Wales,A Level or Equivalent,90-100%,35-55,0,90,0,Distinction,3,0,1,0,1,0,0,1,0,0,1,1,1,0,0,8
FFF,2013B,203050,1,South East Region,A Level or Equivalent,60-70%,35-55,1,100,0,Pass,7,1,0,0,0,0,0,0,0,0,1,1,1,1,1,3
FFF,2013B,203442,1,South East Region,A Level or Equivalent,40-50%,0-35,0,120,0,Withdrawn,9,0,0,1,1,0,0,0,1,0,1,1,0,1,1,4
FFF,2013B,203707,0,East Anglian Region,A Level or Equivalent,30-40%,0-35,0,60,0,Fail,8,0,0,1,1,0,0,1,1,0,1,1,0,1,1,3
FFF,2013B,227401,0,North Region,Lower Than A Level,,0-35,0,90,0,Fail,4,0,1,1,0,1,1,1,1,0,0,1,1,1,1,8
FFF,2013B,228635,0,North Region,A Level or Equivalent,0-10%,35-55,0,90,0,Withdrawn,9,0,0,1,0,0,0,0,1,0,1,0,0,0,0,4
FFF,2013B,228703,0,East Anglian Region,A Level or Equivalent,90-100%,0-35,0,60,0,Pass,1,1,0,0,0,1,0,1,1,0,1,0,1,0,1,2
FFF,2013B,230279,0,London Region,Lower Than A Level,70-80%,0-35,0,90,0,Pass,16,1,1,0,0,0,0,0,0,1,1,0,1,1,1,10
FFF,2013B,230684,0,North Western Region,Lower Than A Level,0-10%,0-35,1,60,1,Fail,10,0,0,0,0,0,1,0,1,1,1,1,0,0,1,1
FFF,2013B,232675,0,West Midlands Region,HE Qualification,50-60%,0-35,1,120,0,Fail,11,0,1,0,0,1,1,0,0,1,1,1,1,1,1,6
FFF,2013B,232764,1,West Midlands Region,A Level or Equivalent,60-70%,0-35,1,150,0,Withdrawn,5,1,0,1,0,0,0,0,1,1,0,1,0,0,0,9
FFF,2013B,234196,0,East Anglian Region,A Level or Equivalent,40-50%,0-35,0,90,0,Withdrawn,15,1,1,0,1,1,0,1,1,1,0,1,0,0,0,10
FFF,2013B,234609,1,South West Region,Lower Than A Level,80-90%,35-55,1,60,0,Pass,7,0,1,0,0,1,1,0,0,0,0,0,1,0,0,3
FFF,2013B,234661,0,South Region,Lower Than A Level,80-90%,0-35,0,60,0,Withdrawn,2,1,0,0,0,0,1,0,0,0,1,0,1,1,0,2
FFF,2013B,234727,1,East Anglian Region,A Level or Equivalent,50-60%,0-35,0,60,0,Distinction,1,0,1,1,0,1,1,0,1,1,1,0,1,0,0,2
FFF,2013B,236844,0,North Western Region,A Level or Equivalent,50-60%,35-55,0,60,0,Pass,5,1,1,0,1,1,1,1,0,0,1,1,0,0,0,9
FFF,2013B,237401,0,London Region,A Level or Equivalent,20-30%,35-55,0,60,0,Pass,9,0,0,0,0,1,1,1,0,0,0,1,0,1,1,4
FFF,2013B,237953,0,East Midlands Region,Lower Than A Level,60-70%,35-55,0,90,0,Pass,3,0,1,0,0,0,0,0,1,0,0,0,1,1,0,8
FFF,2013B,238901,0,East Midlands Region,Lower Than A Level,40-50%,0-35,0,60,1,Fail,14,0,1,1,1,1,0,1,1,0,0,0,1,0,1,5
FFF,2013B,239540,0,East Anglian Region,A Level or Equivalent,80-90%,0-35,0,60,0,Pass,3,0,0,1,0,0,0,1,1,0,1,0,0,0,0,8
FFF,2013B,239748,0,South East Region,Lower Than A Level,30-40%,0-35,0,120,0,Fail,8,0,0,0,1,1,0,1,0,1,0,0,0,0,1,3
FFF,2013B,240024,0,West Midlands Region,Lower Than A Level,0-10%,0-35,0,90,0,Pass,3,0,1,1,0,1,0,1,0,0,1,0,0,1,1,8
FFF,2013B,241166,0,South Region,A Level or Equivalent,50-60%,0-35,0,60,0,Fail,15,0,1,1,1,1,1,1,0,1,0,1,0,0,0,10
FFF,2013B,241700,0,Scotland,A Level or Equivalent,30-40%,0-35,0,60,0,Fail,8,0,0,1,0,0,1,0,1,1,1,1,1,0,1,3
FFF,2013B,243600,0,London Region,Lower Than A Level,30-40%,0-35,0,60,0,Fail,8,1,0,1,0,1,0,1,0,1,0,0,1,0,1,3
FFF,2013B,243657,0,Wales,Lower Than A Level,60-70%,35-55,1,120,0,Distinction,12,1,1,1,0,1,1,0,1,0,0,1,0,0,1,7
FFF,2013B,244114,0,West Midlands Region,Lower Than A Level,60-70%,0-35,0,60,0,Pass,16,1,1,1,1,1,1,1,0,1,0,1,1,1,1,10
FFF,2013B,244816,0,North Western Region,Lower Than A Level,40-50%,35-55,1,60,0,Withdrawn,4,0,0,0,0,1,0,1,1,0,0,1,1,0,1,8
FFF,2013B,244918,0,London Region,HE Qualification,20-Oct,35-55,0,120,0,Pass,16,1,0,1,0,1,1,0,1,1,0,1,0,1,0,10
FFF,2013B,246112,0,North Region,A Level or Equivalent,0-10%,0-35,2,120,0,Fail,11,0,1,0,1,0,1,1,0,1,0,0,0,0,0,6
FFF,2013B,247666,0,North Western Region,A Level or Equivalent,20-30%,0-35,1,60,0,Pass,2,1,0,0,1,0,0,0,1,1,0,0,0,0,1,2
FFF,2013B,247856,0,South Region,Lower Than A Level,80-90%,0-35,0,60,0,Pass,15,0,1,1,0,1,0,0,1,1,1,1,1,1,1,10
FFF,2013B,247940,0,North Western Region,Lower Than A Level,30-40%,0-35,3,180,0,Withdrawn,11,0,0,1,1,0,0,0,1,1,1,0,0,1,0,6
FFF,2013B,249362,0,Ireland,HE Qualification,30-40%,35-55,0,60,0,Distinction,14,0,1,0,0,1,1,0,1,1,1,0,0,1,1,5
FFF,2013B,249570,1,East Midlands Region,Lower Than A Level,20-Oct,0-35,1,150,0,Fail,6,0,0,0,0,0,1,0,1,0,0,0,1,0,0,9
FFF,2013B,252041,0,South Region,Lower Than A Level,20-Oct,35-55,0,150,0,Fail,2,1,0,0,0,1,0,0,1,0,1,1,0,1,1,2
FFF,2013B,252095,1,South Region,Lower Than A Level,80-90%,35-55,0,90,0,Pass,15,0,0,1,0,1,1,0,0,1,0,1,0,0,0,10
FFF,2013B,254044,0,South East Region,A Level or Equivalent,50-60%,0-35,1,240,0,Pass,13,0,0,0,1,0,1,1,0,0,0,0,0,0,1,5
FFF,2013B,254162,0,East Anglian Region,Lower Than A Level,90-100%,0-35,0,60,0,Fail,15,0,1,0,1,0,0,1,0,1,0,0,0,1,1,10
FFF,2013B,254325,0,East Anglian Region,HE Qualification,80-90%,35-55,0,60,0,Fail,10,1,1,1,0,0,0,0,1,1,1,1,1,0,1,1
FFF,2013B,254463,1,North Western Region,A Level or Equivalent,30-40%,0-35,0,60,0,Pass,15,0,1,1,0,0,0,1,1,0,0,1,1,0,1,10
FFF,2013B,255344,1,London Region,A Level or Equivalent,20-30%,0-35,0,60,0,Pass,3,0,0,1,1,1,0,0,1,1,0,0,1,0,0,8
FFF,2013B,261335,0,East Anglian Region,Lower Than A Level,50-60%,0-35,0,60,0,Pass,14,0,0,1,0,1,0,1,1,0,0,0,1,0,0,5
FFF,2013B,263697,1,Ireland,Lower Than A Level,0-10%,0-35,0,60,0,Withdrawn,11,0,1,1,1,1,0,0,1,0,1,1,0,0,0,6
FFF,2013B,265112,0,London Region,HE Qualification,70-80%,35-55,0,120,0,Pass,15,0,1,0,1,1,0,1,1,1,1,0,0,0,1,10
FFF,2013B,265855,1,Scotland,Lower Than A Level,40-50%,35-55,0,60,0,Pass,2,1,0,0,1,1,0,0,1,0,0,1,0,0,1,2
FFF,2013B,266559,0,North Western Region,A Level or Equivalent,0-10%,0-35,1,240,0,Fail,3,1,1,0,1,0,0,1,0,1,1,0,1,0,0,8
FFF,2013B,266858,0,West Midlands Region,A Level or Equivalent,70-80%,0-35,1,60,0,Fail,15,1,0,0,0,1,1,1,0,1,1,0,1,0,1,10
FFF,2013B,267602,0,East Midlands Region,A Level or Equivalent,60-70%,0-35,0,60,0,Distinction,12,0,0,0,1,0,0,0,1,0,1,1,0,1,0,7
FFF,2013B,269243,1,South Region,A Level or Equivalent,50-60%,35-55,2,120,0,Pass,2,0,0,1,0,1,0,1,1,0,1,0,0,0,1,2
FFF,2013B,269593,0,South West Region,Lower Than A Level,80-90%,0-35,0,80,0,Fail,11,0,0,1,1,0,1,0,1,0,0,1,0,0,0,6
FFF,2013B,269677,0,North Western Region,A Level or Equivalent,60-70%,35-55,1,120,0,Fail,16,1,0,0,1,1,0,1,0,0,0,1,1,1,0,10
FFF,2013B,271168,0,North Region,A Level or Equivalent,20-30%,0-35,1,210,0,Fail,14,0,1,0,0,1,1,0,1,1,0,0,1,0,0,5
FFF,2013B,273605,0,London Region,Lower Than A Level,20-Oct,35-55,1,120,0,Fail,12,0,1,0,0,1,0,1,0,1,0,0,0,0,0,7
FFF,2013B,274237,0,North Western Region,Lower Than A Level,0-10%,0-35,0,120,0,Withdrawn,8,1,0,0,1,1,1,1,0,1,1,1,1,0,0,3
FFF,2013B,275151,0,London Region,HE Qualification,30-40%,0-35,0,60,0,Distinction,4,0,0,0,0,0,1,0,1,0,0,0,1,0,1,8
FFF,2013B,276314,1,London Region,A Level or Equivalent,30-40%,0-35,1,90,0,Fail,13,1,1,1,1,0,1,0,1,0,1,1,1,0,0,5
FFF,2013B,276846,0,West Midlands Region,A Level or Equivalent,0-10%,35-55,2,60,0,Withdrawn,3,1,0,1,0,0,1,1,1,1,1,1,1,0,1,8
FFF,2013B,277044,0,London Region,Lower Than A Level,90-100%,35-55,0,60,0,Distinction,3,1,1,1,0,0,1,0,0,0,1,1,1,1,1,8
FFF,2013B,277577,1,London Region,A Level or Equivalent,80-90%,35-55,1,240,0,Withdrawn,4,0,1,1,0,1,1,0,1,0,0,0,1,0,1,8
FFF,2013B,278282,0,West Midlands Region,A Level or Equivalent,40-50%,0-35,0,120,0,Withdrawn,1,1,0,1,0,0,0,0,0,1,1,1,1,1,1,2
FFF,2013B,281651,1,West Midlands Region,A Level or Equivalent,30-40%,0-35,0,180,0,Pass,16,0,0,1,0,1,0,1,0,0,1,1,0,0,1,10
FFF,2013B,281785,0,London Region,Lower Than A Level,90-100%,35-55,0,60,0,Withdrawn,4,1,0,0,0,1,1,0,1,1,1,1,1,1,1,8
FFF,2013B,282879,1,Scotland,HE Qualification,20-Oct,0-35,1,150,0,Pass,10,1,1,1,0,0,1,1,1,1,1,0,0,0,1,1
FFF,2013B,283050,0,West Midlands Region,Lower Than A Level,20-30%,0-35,1,180,0,Fail,8,0,1,0,1,1,1,0,1,0,0,0,1,1,0,3
FFF,2013B,283055,1,London Region,A Level or Equivalent,20-30%,35-55,0,120,0,Withdrawn,10,1,0,0,0,1,0,1,1,0,1,0,0,0,1,1
FFF,2013B,283230,0,North Region,A Level or Equivalent,0-10%,0-35,1,120,0,Pass,6,1,0,0,1,0,0,1,0,1,0,0,0,1,0,9
FFF,2013B,283348,0,North Region,HE Qualification,,35-55,0,60,0,Pass,4,0,1,0,1,1,1,1,0,1,0,0,0,1,0,8
FFF,2013B,284395,0,London Region,A Level or Equivalent,30-40%,35-55,0,120,0,Withdrawn,15,1,0,1,0,1,0,0,0,0,1,1,0,1,0,10
FFF,2013B,285391,0,London Region,A Level or Equivalent,70-80%,0-35,0,60,0,Pass,8,1,1,0,0,1,1,1,1,1,0,1,0,0,0,3
FFF,2013B,285996,0,West Midlands Region,Lower Than A Level,40-50%,0-35,0,60,0,Fail,10,1,0,1,0,0,0,0,1,0,1,1,1,1,0,1
FFF,2013B,286067,0,West Midlands Region,Lower Than A Level,20-Oct,0-35,1,180,0,Withdrawn,14,1,1,0,0,0,1,0,1,0,1,1,0,1,1,5
FFF,2013B,286422,0,Scotland,A Level or Equivalent,90-100%,0-35,0,60,0,Pass,5,0,0,1,1,0,1,0,1,1,0,0,1,0,0,9
FFF,2013B,287099,1,West Midlands Region,A Level or Equivalent,60-70%,35-55,2,120,0,Pass,3,1,1,0,1,0,1,1,0,0,0,1,0,0,1,8
FFF,2013B,289618,0,Wales,A Level or Equivalent,90-100%,35-55,0,60,0,Withdrawn,5,0,1,0,0,0,1,0,1,1,1,1,1,0,1,9
FFF,2013B,290252,0,Yorkshire Region,HE Qualification,50-60%,0-35,0,60,0,Withdrawn,3,1,1,1,0,0,1,0,0,0,0,0,0,0,1,8
FFF,2013B,291159,0,East Anglian Region,Lower Than A Level,60-70%,0-35,1,60,0,Fail,15,0,1,0,0,1,1,0,0,0,0,1,1,1,1,10
FFF,2013B,291960,0,East Anglian Region,A Level or Equivalent,40-50%,0-35,0,60,1,Pass,11,1,0,0,0,0,1,0,0,0,1,0,0,1,0,6
FFF,2013B,294679,0,Yorkshire Region,Lower Than A Level,50-60%,35-55,0,60,0,Withdrawn,8,0,1,0,1,1,0,1,0,0,1,1,0,1,1,3
FFF,2013B,296911,0,South Region,Lower Than A Level,50-60%,0-35,1,70,1,Withdrawn,16,0,1,0,1,0,1,0,0,0,0,0,1,0,1,10
FFF,2013B,299237,1,Yorkshire Region,A Level or Equivalent,70-80%,35-55,0,60,0,Pass,11,1,1,1,0,1,1,1,1,1,0,1,1,0,1,6
FFF,2013B,300264,0,West Midlands Region,Lower Than A Level,20-Oct,0-35,0,60,0,Fail,2,0,1,0,1,0,0,1,0,1,0,1,1,0,1,2
FFF,2013B,301298,0,East Anglian Region,A Level or Equivalent,70-80%,0-35,0,90,0,Fail,3,0,1,1,0,1,1,1,1,1,0,1,0,1,1,8
FFF,2013B,302924,1,London Region,HE Qualification,20-Oct,0-35,0,60,0,Pass,10,1,1,1,0,1,0,0,1,1,0,0,0,0,1,1
FFF,2013B,303288,0,South Region,Lower Than A Level,70-80%,0-35,0,120,0,Fail,16,1,0,1,1,1,1,0,1,0,1,1,1,1,0,10
FFF,2013B,303595,0,Wales,A Level or Equivalent,20-30%,0-35,0,60,0,Pass,7,1,1,1,0,1,1,0,1,1,0,1,0,0,0,3
FFF,2013B,307689,1,South East Region,A Level or Equivalent,30-40%,35-55,0,90,0,Distinction,11,0,0,1,1,0,1,1,0,1,1,1,1,1,0,6
FFF,2013B,308363,1,North Western Region,A Level or Equivalent,0-10%,0-35,1,150,0,Pass,4,1,1,1,1,0,1,1,1,1,1,0,0,0,1,8
FFF,2013B,309048,0,London Region,A Level or Equivalent,30-40%,35-55,2,120,0,Fail,12,0,1,1,1,0,1,1,1,1,1,1,1,0,0,7
FFF,2013B,311401,0,London Region,Lower Than A Level,20-30%,0-35,0,90,0,Withdrawn,15,1,1,0,0,1,0,0,0,0,0,1,1,1,1,10
FFF,2013B,313975,1,Scotland,Lower Than A Level,60-70%,35-55,1,120,0,Distinction,12,1,1,0,0,1,0,1,1,0,0,1,0,0,0,7
FFF,2013B,314507,0,Ireland,HE Qualification,,35-55,0,150,0,Pass,15,1,1,1,1,0,1,0,1,0,1,1,0,1,1,10
FFF,2013B,314548,0,North Region,Lower Than A Level,,0-35,1,210,0,Pass,13,1,1,1,1,0,0,0,1,0,0,0,0,1,0,5
FFF,2013B,315945,0,London Region,A Level or Equivalent,0-10%,0-35,0,70,0,Pass,5,1,1,0,0,1,0,0,1,1,1,0,1,1,0,9
FFF,2013B,318241,0,South Region,A Level or Equivalent,70-80%,35-55,1,120,0,Fail,14,1,1,0,0,0,0,0,1,0,1,0,1,0,0,5
FFF,2013B,319563,1,South East Region,A Level or Equivalent,50-60%,35-55,0,60,0,Fail,9,0,0,0,0,0,1,1,1,1,1,1,0,1,0,4
FFF,2013B,319884,1,South Region,A Level or Equivalent,90-100%,35-55,0,60,0,Pass,7,0,1,1,0,0,0,0,0,1,1,1,1,0,1,3
FFF,2013B,320251,0,South East Region,Lower Than A Level,50-60%,0-35,0,60,0,Fail,11,1,1,0,0,0,0,0,1,0,1,1,0,0,0,6
FFF,2013B,320764,0,North Western Region,Lower Than A Level,20-30%,0-35,3,180,0,Fail,7,1,1,1,1,0,1,1,0,1,1,0,0,0,0,3
FFF,2013B,322106,0,West Midlands Region,Lower Than A Level,20-Oct,0-35,2,60,0,Fail,5,0,1,0,0,0,0,1,0,1,1,0,1,0,1,9
FFF,2013B,322985,1,North Region,Post Graduate Qualification,,0-35,1,150,0,Pass,7,1,0,0,1,0,0,1,0,0,1,0,1,1,1,3
FFF,2013B,323809,0,South Region,A Level or Equivalent,80-90%,0-35,0,60,1,Pass,4,0,1,0,0,0,1,0,0,0,1,1,1,0,0,8
FFF,2013B,324305,1,East Midlands Region,Lower Than A Level,60-70%,0-35,0,60,0,Withdrawn,13,1,1,1,1,0,1,0,0,1,0,0,1,1,0,5
FFF,2013B,324447,1,Scotland,HE Qualification,30-40%,0-35,0,145,0,Pass,1,0,1,0,1,1,0,1,0,0,0,1,0,0,0,2
FFF,2013B,327650,1,Scotland,HE Qualification,30-40%,0-35,0,60,1,Pass,4,1,1,1,1,0,0,0,0,0,0,1,1,0,1,8
FFF,2013B,327797,1,South West Region,Lower Than A Level,40-50%,0-35,0,60,0,Withdrawn,2,1,1,1,1,1,1,1,0,1,0,1,0,1,1,2
FFF,2013B,328476,0,West Midlands Region,Lower Than A Level,30-40%,0-35,0,120,0,Pass,16,1,0,1,0,0,0,1,0,1,1,1,1,1,1,10
FFF,2013B,331104,0,West Midlands Region,Lower Than A Level,50-60%,0-35,0,60,0,Withdrawn,3,0,1,1,0,0,0,0,1,1,1,1,0,1,1,8
FFF,2013B,331318,0,East Midlands Region,A Level or Equivalent,0-10%,0-35,0,120,0,Fail,3,0,0,0,0,1,0,1,0,1,0,0,1,0,1,8
FFF,2013B,331883,0,Ireland,A Level or Equivalent,80-90%,0-35,2,120,0,Pass,5,0,0,0,1,1,1,1,1,0,1,0,1,0,0,9
FFF,2013B,332668,0,North Western Region,Lower Than A Level,20-Oct,0-35,0,60,0,Fail,5,0,1,1,1,1,0,1,1,1,1,1,0,1,0,9
FFF,2013B,333346,0,South West Region,HE Qualification,90-100%,35-55,0,60,0,Withdrawn,4,1,0,1,0,1,0,0,0,0,1,0,1,0,0,8
FFF,2013B,333832,0,North Western Region,Lower Than A Level,80-90%,35-55,1,150,0,Fail,10,1,0,1,0,1,1,1,1,0,1,0,1,0,0,1
FFF,2013B,334134,1,Scotland,Lower Than A Level,20-Oct,0-35,1,90,0,Fail,4,1,1,0,0,0,0,1,1,0,1,0,1,0,1,8
FFF,2013B,334224,0,North Western Region,Lower Than A Level,0-10%,0-35,0,60,1,Fail,9,0,0,0,1,1,0,1,0,0,0,1,0,1,1,4
FFF,2013B,335242,0,East Anglian Region,A Level or Equivalent,90-100%,35-55,0,60,0,Distinction,6,0,1,1,1,1,1,1,0,0,1,0,0,0,0,9
FFF,2013B,336258,0,Yorkshire Region,Lower Than A Level,60-70%,0-35,1,60,0,Pass,11,0,1,0,0,1,1,1,0,1,1,1,0,1,1,6
FFF,2013B,336362,0,East Anglian Region,Lower Than A Level,70-80%,0-35,2,120,1,Fail,8,0,0,0,0,1,1,0,0,0,0,0,0,1,0,3
FFF,2013B,337189,0,East Anglian Region,Lower Than A Level,90-100%,35-55,1,60,0,Pass,13,1,1,0,0,1,0,1,0,1,0,1,1,0,0,5
FFF,2013B,338089,0,East Anglian Region,Lower Than A Level,40-50%,0-35,0,60,0,Fail,12,0,1,0,0,1,1,1,1,1,1,1,1,1,1,7
FFF,2013B,338373,0,North Western Region,Lower Than A Level,30-40%,0-35,1,150,0,Fail,2,1,1,1,1,1,0,1,1,0,1,0,0,1,0,2
FFF,2013B,340496,0,South Region,A Level or Equivalent,90-100%,35-55,2,60,1,Pass,5,1,0,1,0,1,1,0,0,0,0,1,1,0,1,9
FFF,2013B,340850,0,East Midlands Region,Lower Than A Level,40-50%,0-35,1,60,0,Fail,12,1,1,1,0,1,1,1,1,1,1,0,1,1,1,7
FFF,2013B,342125,0,London Region,HE Qualification,20-Oct,35-55,0,90,0,Withdrawn,9,1,1,0,1,0,0,0,0,1,1,1,0,0,0,4
FFF,2013B,342208,0,South West Region,A Level or Equivalent,30-40%,0-35,0,120,1,Withdrawn,13,1,1,0,1,0,1,1,1,1,1,1,1,1,1,5
FFF,2013B,342475,0,East Anglian Region,A Level or Equivalent,30-40%,0-35,1,180,1,Fail,12,0,1,1,1,0,1,1,0,0,1,0,1,0,0,7
FFF,2013B,343053,0,London Region,A Level or Equivalent,40-50%,0-35,3,180,0,Fail,13,0,1,1,0,1,1,1,0,1,1,0,1,0,1,5
FFF,2013B,343913,0,London Region,A Level or Equivalent,0-10%,0-35,0,60,0,Fail,5,1,1,0,1,1,1,0,0,0,1,1,1,1,0,9
FFF,2013B,345064,0,Ireland,A Level or Equivalent,50-60%,35-55,0,60,0,Pass,8,1,1,1,1,0,0,1,0,0,0,0,0,1,1,3
FFF,2013B,346207,0,Yorkshire Region,Lower Than A Level,50-60%,0-35,0,120,0,Pass,10,0,0,0,1,0,0,0,0,0,1,1,0,0,0,1
FFF,2013B,346853,0,North Western Region,Lower Than A Level,70-80%,35-55,0,60,0,Fail,7,0,1,0,0,1,0,0,1,0,0,0,1,1,1,3
FFF,2013B,347410,1,Wales,Lower Than A Level,0-10%,0-35,0,135,0,Withdrawn,1,0,0,1,1,1,1,0,0,1,0,0,0,0,0,2
FFF,2013B,348159,1,London Region,HE Qualification,0-10%,0-35,0,60,0,Pass,6,1,1,1,1,0,1,0,0,0,1,0,0,0,1,9
FFF,2013B,348986,0,Ireland,A Level or Equivalent,,0-35,0,60,0,Pass,4,1,0,0,1,0,0,0,1,0,0,1,1,0,1,8
FFF,2013B,349359,0,North Region,HE Qualification,,35-55,0,180,0,Withdrawn,14,0,0,0,1,0,1,0,0,1,0,0,0,1,1,5
FFF,2013B,349908,0,East Anglian Region,HE Qualification,40-50%,35-55,1,120,0,Pass,4,0,0,1,1,1,1,1,0,0,1,1,0,1,1,8
FFF,2013B,350660,1,London Region,HE Qualification,0-10%,35-55,0,60,0,Pass,9,1,0,1,1,1,0,0,0,0,1,1,0,0,0,4
FFF,2013B,351034,0,East Anglian Region,A Level or Equivalent,30-40%,0-35,1,60,0,Pass,12,0,1,0,1,0,1,1,0,1,1,1,1,1,0,7
FFF,2013B,351378,1,London Region,HE Qualification,30-40%,0-35,0,60,0,Fail,1,1,0,0,1,0,0,1,0,1,0,1,0,1,1,2
FFF,2013B,351500,1,East Anglian Region,Lower Than A Level,70-80%,0-35,1,120,0,Pass,9,0,0,0,1,1,1,1,0,1,0,1,1,0,0,4
FFF,2013B,352152,0,North Region,A Level or Equivalent,40-50%,35-55,0,90,0,Withdrawn,1,1,0,0,1,0,0,1,1,0,1,0,1,0,1,2
FFF,2013B,353018,0,South Region,HE Qualification,80-90%,0-35,0,60,0,Pass,1,1,0,0,0,0,1,0,0,0,0,1,0,1,0,2
FFF,2013B,353221,0,North Western Region,Lower Than A Level,40-50%,35-55,0,60,0,Pass,6,1,0,0,0,1,1,0,1,1,0,0,0,1,0,9
FFF,2013B,354171,1,Scotland,HE Qualification,30-40%,35-55,0,60,0,Pass,2,1,1,0,1,1,0,0,0,1,0,1,0,1,1,2
FFF,2013B,354173,0,South West Region,Lower Than A Level,20-30%,0-35,0,120,1,Withdrawn,5,0,0,1,0,0,0,0,1,0,0,1,0,0,0,9
FFF,2013B,354992,0,South Region,Lower Than A Level,20-30%,0-35,0,270,0,Fail,5,0,1,0,1,0,1,0,1,0,1,0,1,0,1,9
FFF,2013B,355143,0,North Western Region,A Level or Equivalent,70-80%,35-55,1,150,0,Pass,2,1,0,0,0,0,0,0,0,1,1,0,1,1,1,2
FFF,2013B,355149,0,South East Region,A Level or Equivalent,20-30%,35-55,0,180,1,Withdrawn,7,0,0,1,1,0,0,1,0,0,1,0,1,1,1,3
FFF,2013B,355663,0,West Midlands Region,A Level or Equivalent,90-100%,35-55,2,60,0,Fail,2,0,1,0,1,0,0,1,0,0,0,0,1,1,1,2
FFF,2013B,355738,0,East Anglian Region,A Level or Equivalent,90-100%,0-35,0,60,0,Pass,6,1,0,0,0,1,0,0,1,1,1,1,1,0,1,9
FFF,2013B,357219,1,London Region,A Level or Equivalent,50-60%,0-35,1,120,0,Pass,5,0,1,0,1,0,0,0,0,1,0,1,1,1,1,9
FFF,2013B,357297,0,Yorkshire Region,Lower Than A Level,40-50%,35-55,1,120,0,Pass,12,0,0,1,0,0,0,1,0,0,1,0,0,1,0,7
FFF,2013B,358808,0,Wales,A Level or Equivalent,20-Oct,0-35,0,60,0,Fail,11,1,0,0,0,0,1,1,1,1,1,1,1,1,0,6
FFF,2013B,359156,0,East Anglian Region,A Level or Equivalent,90-100%,0-35,0,120,1,Distinction,13,1,1,0,1,0,0,1,1,1,0,0,0,1,1,5
FFF,2013B,359417,0,North Western Region,Lower Than A Level,90-100%,0-35,0,60,0,Fail,1,0,0,1,0,1,1,1,0,0,1,0,1,0,1,2
FFF,2013B,359640,1,South West Region,A Level or Equivalent,40-50%,0-35,0,60,0,Pass,2,0,0,1,1,1,0,1,1,1,1,1,1,0,0,2
FFF,2013B,359883,0,South Region,Lower Than A Level,80-90%,0-35,0,120,0,Pass,14,1,0,0,0,0,1,0,0,0,1,1,0,1,1,5
FFF,2013B,360024,1,Scotland,Lower Than A Level,20-30%,0-35,1,180,0,Withdrawn,9,0,1,1,0,0,0,1,1,1,1,1,0,1,0,4
FFF,2013B,360726,0,Scotland,A Level or Equivalent,20-30%,0-35,0,60,0,Pass,13,0,0,1,1,1,0,0,0,1,1,0,0,0,0,5
FFF,2013B,361837,0,Wales,HE Qualification,60-70%,35-55,1,210,0,Withdrawn,10,1,0,0,1,0,0,0,0,1,1,0,0,0,0,1
FFF,2013B,362356,0,London Region,A Level or Equivalent,20-Oct,35-55,2,120,0,Withdrawn,13,0,0,0,0,1,0,1,0,0,1,0,0,1,1,5
FFF,2013B,362668,1,London Region,A Level or Equivalent,20-30%,0-35,1,60,0,Pass,1,0,1,0,1,1,0,0,1,0,0,0,1,1,1,2
FFF,2013B,363749,0,South East Region,A Level or Equivalent,40-50%,0-35,0,60,0,Pass,12,1,1,1,1,0,0,1,0,0,1,1,0,1,1,7
FFF,2013B,366492,0,London Region,A Level or Equivalent,60-70%,35-55,0,90,0,Pass,1,1,0,1,0,0,1,1,1,0,0,0,0,0,1,2
FFF,2013B,366649,1,South East Region,Lower Than A Level,0-10%,0-35,0,60,0,Fail,12,1,0,0,0,0,1,1,1,0,1,0,1,0,1,7
FFF,2013B,366836,0,Yorkshire Region,A Level or Equivalent,0-10%,0-35,1,210,1,Withdrawn,16,1,0,1,1,1,0,1,0,1,0,1,0,1,1,10
FFF,2013B,367696,0,East Anglian Region,A Level or Equivalent,20-Oct,0-35,2,60,0,Fail,12,0,1,0,1,0,1,0,1,0,0,0,0,1,0,7
FFF,2013B,368507,1,North Western Region,A Level or Equivalent,30-40%,0-35,0,60,0,Fail,3,1,0,0,1,0,0,1,0,1,0,0,1,0,1,8
FFF,2013B,368886,0,London Region,HE Qualification,20-Oct,0-35,0,180,0,Fail,13,1,1,1,0,1,0,1,0,1,0,1,1,0,0,5
FFF,2013B,369811,0,North Region,HE Qualification,40-50%,0-35,1,150,0,Pass,3,1,1,0,1,0,1,1,0,0,1,1,1,1,1,8
FFF,2013B,370312,0,London Region,A Level or Equivalent,60-70%,0-35,0,60,1,Pass,6,0,1,0,1,0,0,0,1,0,1,0,1,0,1,9
FFF,2013B,371169,0,East Anglian Region,Lower Than A Level,0-10%,0-35,0,60,0,Withdrawn,15,1,1,0,1,1,0,0,1,1,0,1,0,0,1,10
FFF,2013B,371787,1,Ireland,Post Graduate Qualification,,0-35,0,60,0,Pass,2,0,0,1,0,1,1,1,1,1,1,0,1,1,0,2
FFF,2013B,371810,0,Wales,Lower Than A Level,0-10%,35-55,1,120,0,Withdrawn,6,1,1,0,0,1,0,0,0,0,0,1,0,1,1,9
FFF,2013B,373135,0,South West Region,Lower Than A Level,90-100%,0-35,0,120,0,Pass,2,0,1,1,1,0,1,1,1,0,0,1,0,0,1,2
FFF,2013B,373613,1,West Midlands Region,Lower Than A Level,0-10%,0-35,0,60,1,Fail,9,0,0,1,0,1,1,1,0,0,0,0,0,0,1,4
FFF,2013B,376109,1,North Western Region,A Level or Equivalent,20-Oct,0-35,1,60,0,Fail,10,0,0,0,0,0,0,1,0,1,0,1,1,0,1,1
FFF,2013B,377046,1,South East Region,Lower Than A Level,80-90%,35-55,0,90,0,Withdrawn,8,0,1,0,1,1,0,1,0,1,1,1,0,1,0,3
FFF,2013B,377244,0,North Western Region,A Level or Equivalent,40-50%,0-35,0,120,0,Pass,8,0,1,1,1,0,1,0,1,0,1,1,1,0,1,3
FFF,2013B,377274,0,London Region,No Formal quals,20-Oct,0-35,0,60,0,Pass,15,0,0,0,0,0,1,1,0,1,0,0,0,1,0,10
FFF,2013B,378884,0,South West Region,Lower Than A Level,30-40%,0-35,1,210,0,Pass,6,1,0,0,1,0,1,1,1,1,0,0,1,0,1,9
FFF,2013B,378950,0,East Anglian Region,A Level or Equivalent,40-50%,0-35,0,120,0,Distinction,4,1,0,0,0,1,0,1,1,1,0,0,1,0,1,8
FFF,2013B,379234,0,South Region,Lower Than A Level,70-80%,0-35,0,60,0,Fail,4,0,1,1,1,1,1,0,1,0,0,1,1,1,1,8
FFF,2013B,379558,0,Scotland,A Level or Equivalent,80-90%,0-35,0,60,0,Pass,15,0,0,1,0,1,1,1,1,0,0,1,0,0,0,10
FFF,2013B,381365,0,North Western Region,Lower Than A Level,30-40%,0-35,1,90,0,Withdrawn,7,1,0,0,1,0,1,1,1,1,0,0,1,0,1,3
FFF,2013B,382086,1,South East Region,Lower Than A Level,90-100%,0-35,0,180,0,Withdrawn,10,0,0,0,0,0,0,1,1,1,0,0,0,0,1,1
FFF,2013B,382160,0,West Midlands Region,A Level or Equivalent,50-60%,0-35,0,180,0,Withdrawn,8,0,1,1,1,0,1,1,0,0,0,1,1,1,0,3
FFF,2013B,383018,0,West Midlands Region,A Level or Equivalent,50-60%,35-55,1,135,0,Fail,12,0,1,0,0,0,0,0,1,0,1,1,0,0,1,7
FFF,2013B,383316,0,South West Region,Lower Than A Level,80-90%,35-55,1,120,0,Pass,10,1,1,0,0,1,0,1,0,0,1,1,1,0,1,1
FFF,2013B,383388,1,Ireland,A Level or Equivalent,90-100%,0-35,0,60,0,Withdrawn,6,0,1,1,1,1,0,1,1,0,0,1,1,0,0,9
FFF,2013B,383541,0,East Anglian Region,Lower Than A Level,20-30%,35-55,0,60,0,Pass,14,1,0,0,1,1,1,0,0,1,1,0,0,0,0,5
FFF,2013B,383558,0,East Anglian Region,A Level or Equivalent,80-90%,35-55,0,60,0,Fail,3,0,1,0,0,1,1,1,1,0,1,0,0,1,0,8
FFF,2013B,383748,0,London Region,HE Qualification,20-Oct,0-35,0,120,0,Fail,4,1,0,1,1,1,0,1,1,0,0,0,1,0,0,8
FFF,2013B,383907,1,West Midlands Region,A Level or Equivalent,70-80%,35-55,1,120,0,Pass,3,0,0,0,0,1,1,1,1,1,0,1,0,0,0,8
FFF,2013B,383946,0,East Midlands Region,Lower Than A Level,90-100%,0-35,1,60,0,Fail,2,0,1,1,0,0,1,0,0,1,0,0,1,0,1,2
FFF,2013B,384866,1,London Region,Lower Than A Level,70-80%,0-35,0,60,0,Pass,14,0,1,1,0,1,1,1,1,0,0,0,1,1,0,5
FFF,2013B,385578,0,North Western Region,Lower Than A Level,50-60%,0-35,0,60,0,Fail,13,0,0,0,0,0,0,0,1,1,1,0,0,0,1,5
FFF,2013B,385681,0,East Anglian Region,A Level or Equivalent,60-70%,0-35,0,120,1,Withdrawn,7,0,0,0,1,1,1,0,1,1,1,1,1,0,0,3
FFF,2013B,386985,0,East Anglian Region,HE Qualification,20-30%,0-35,0,60,0,Withdrawn,8,1,1,0,0,1,0,0,0,1,1,0,0,0,0,3
FFF,2013B,387174,0,Ireland,A Level or Equivalent,50-60%,0-35,2,180,0,Pass,12,0,1,1,1,0,1,0,1,0,0,1,0,0,0,7
FFF,2013B,387447,0,North Region,A Level or Equivalent,50-60%,0-35,1,150,0,Pass,8,1,1,0,0,1,0,0,1,1,1,1,0,0,0,3
FFF,2013B,387635,0,London Region,A Level or Equivalent,0-10%,0-35,2,180,0,Fail,9,0,1,1,0,1,1,0,0,0,0,1,0,1,1,4
FFF,2013B,388323,0,South West Region,Lower Than A Level,20-30%,35-55,1,60,0,Fail,12,0,0,1,0,0,1,1,0,1,1,0,0,0,0,7
FFF,2013B,389759,0,South West Region,HE Qualification,70-80%,35-55,0,60,0,Withdrawn,1,1,1,0,0,0,0,1,1,0,0,1,0,1,0,2
FFF,2013B,389773,1,East Midlands Region,A Level or Equivalent,20-Oct,0-35,1,90,1,Withdrawn,14,1,1,0,0,1,0,0,1,0,0,0,1,0,0,5
FFF,2013B,390400,0,Scotland,Lower Than A Level,90-100%,0-35,2,120,0,Fail,6,0,0,0,0,0,1,1,0,0,1,0,0,0,1,9
FFF,2013B,390440,0,Wales,Lower Than A Level,50-60%,0-35,1,60,0,Withdrawn,10,0,1,0,0,0,1,0,1,0,1,1,1,1,1,1
FFF,2013B,391343,0,West Midlands Region,Lower Than A Level,20-30%,0-35,2,150,0,Fail,6,1,1,1,1,1,1,0,1,0,0,0,0,0,1,9
FFF,2013B,391613,0,South West Region,A Level or Equivalent,50-60%,0-35,1,120,0,Distinction,12,1,0,0,0,1,1,0,0,1,0,0,0,0,0,7
FFF,2013B,391630,0,South East Region,Lower Than A Level,30-40%,0-35,1,60,0,Fail,8,1,1,1,1,1,1,1,0,0,1,1,0,0,1,3
FFF,2013B,391822,0,South Region,Lower Than A Level,70-80%,0-35,0,60,0,Pass,7,0,0,1,1,1,1,0,1,1,1,1,0,0,0,3
FFF,2013B,391891,0,Scotland,HE Qualification,30-40%,0-35,0,60,0,Pass,11,0,0,0,1,1,0,1,1,0,1,0,0,0,1,6
FFF,2013B,392217,0,London Region,Lower Than A Level,50-60%,0-35,1,105,0,Withdrawn,16,0,0,0,1,1,0,0,0,0,1,1,1,0,0,10
FFF,2013B,392691,0,South West Region,Lower Than A Level,40-50%,0-35,0,210,0,Withdrawn,10,1,0,0,1,1,1,1,1,1,0,1,0,1,0,1
FFF,2013B,393918,0,East Midlands Region,Lower Than A Level,40-50%,0-35,1,120,0,Fail,6,1,1,1,0,0,0,0,1,0,0,0,0,1,1,9
FFF,2013B,393934,0,East Anglian Region,A Level or Equivalent,30-40%,0-35,0,120,0,Fail,2,1,1,1,0,1,1,1,0,0,0,1,0,1,0,2
FFF,2013B,394347,0,Wales,A Level or Equivalent,30-40%,0-35,1,60,0,Fail,7,1,0,0,0,0,1,1,1,1,0,0,1,1,0,3
FFF,2013B,394937,0,South West Region,Lower Than A Level,90-100%,0-35,1,120,0,Pass,11,0,0,0,0,1,0,1,0,0,0,0,1,0,1,6
FFF,2013B,395010,0,East Anglian Region,Lower Than A Level,30-40%,0-35,2,150,0,Withdrawn,4,0,0,0,1,1,0,0,1,0,0,1,1,0,0,8
FFF,2013B,395367,1,North Western Region,Lower Than A Level,20-30%,0-35,0,90,1,Withdrawn,11,1,0,0,0,1,1,0,1,0,1,1,1,0,1,6
FFF,2013B,395463,0,West Midlands Region,HE Qualification,50-60%,0-35,2,180,0,Fail,16,0,1,0,1,0,0,0,0,0,1,1,0,1,1,10
FFF,2013B,395588,0,Yorkshire Region,A Level or Equivalent,40-50%,0-35,1,150,0,Pass,3,1,1,0,1,0,1,1,1,0,1,0,0,1,0,8
FFF,2013B,396679,1,South Region,HE Qualification,90-100%,0-35,0,180,0,Fail,10,1,0,0,0,1,1,0,0,0,0,1,0,1,1,1
FFF,2013B,396739,0,South East Region,HE Qualification,30-40%,0-35,0,60,0,Pass,4,0,1,1,0,0,0,1,0,1,1,0,1,1,0,8
FFF,2013B,397297,0,Yorkshire Region,HE Qualification,80-90%,0-35,0,60,0,Withdrawn,7,0,1,1,0,1,1,0,1,0,1,0,0,1,0,3
FFF,2013B,397310,0,East Anglian Region,Lower Than A Level,50-60%,0-35,1,90,0,Fail,9,0,0,0,0,1,0,0,0,1,1,1,0,1,1,4
FFF,2013B,398040,0,South Region,Lower Than A Level,80-90%,35-55,0,60,0,Distinction,14,1,0,1,0,1,0,0,0,0,0,0,0,0,1,5
FFF,2013B,398118,1,South West Region,Lower Than A Level,30-40%,0-35,0,60,0,Fail,6,1,1,0,0,0,1,0,0,0,0,0,1,1,0,9
FFF,2013B,398656,0,West Midlands Region,A Level or Equivalent,80-90%,0-35,0,120,0,Fail,3,1,1,0,0,0,1,1,0,0,1,1,0,0,1,8
FFF,2013B,398862,0,Wales,A Level or Equivalent,90-100%,0-35,0,90,0,Pass,14,1,1,0,0,0,1,1,0,0,0,1,1,1,0,5
FFF,2013B,399895,0,Yorkshire Region,A Level or Equivalent,40-50%,0-35,0,60,0,Fail,1,1,1,1,0,1,1,1,1,0,1,1,0,1,1,2
FFF,2013B,400004,0,South West Region,A Level or Equivalent,20-30%,0-35,1,60,0,Withdrawn,11,1,1,1,0,1,0,0,0,0,1,1,0,0,0,6
FFF,2013B,400010,0,South Region,Lower Than A Level,0-10%,0-35,1,360,0,Fail,10,1,0,0,1,1,1,1,0,0,1,1,0,0,1,1
FFF,2013B,400087,1,North Region,A Level or Equivalent,20-Oct,0-35,1,60,0,Pass,3,0,0,1,1,1,1,1,0,0,0,0,1,1,0,8
FFF,2013B,400632,0,South Region,Lower Than A Level,80-90%,0-35,0,60,0,Pass,8,1,1,0,0,0,0,1,1,0,1,0,1,0,1,3
FFF,2013B,401812,0,North Western Region,Lower Than A Level,20-30%,35-55,0,60,0,Fail,2,0,1,0,0,0,0,0,0,1,0,1,1,0,1,2
FFF,2013B,402531,0,South West Region,Lower Than A Level,50-60%,35-55,1,120,0,Fail,15,1,0,1,0,1,0,1,0,1,0,1,0,0,0,10
FFF,2013B,403158,1,London Region,A Level or Equivalent,40-50%,35-55,0,60,0,Withdrawn,7,1,0,0,1,0,1,0,0,0,1,1,1,0,1,3
FFF,2013B,404135,1,South West Region,A Level or Equivalent,50-60%,35-55,0,60,0,Pass,15,0,0,0,0,1,1,0,1,1,1,0,1,1,1,10
FFF,2013B,404147,0,Wales,Lower Than A Level,30-40%,0-35,2,120,0,Fail,14,1,1,0,0,1,0,0,1,1,1,0,1,0,0,5
FFF,2013B,404170,1,London Region,A Level or Equivalent,20-Oct,0-35,0,90,0,Withdrawn,7,1,0,0,0,0,1,0,0,0,1,0,0,1,0,3
FFF,2013B,404559,0,Scotland,A Level or Equivalent,50-60%,0-35,0,60,0,Fail,12,1,0,0,0,0,0,1,1,0,1,1,0,0,0,7
FFF,2013B,405219,1,South East Region,A Level or Equivalent,80-90%,35-55,0,60,0,Distinction,11,0,0,1,0,1,0,1,1,0,0,0,0,1,1,6
FFF,2013B,405314,0,North Western Region,A Level or Equivalent,60-70%,0-35,0,60,0,Withdrawn,9,1,1,0,1,0,0,0,0,0,1,0,1,0,1,4
FFF,2013B,405889,0,West Midlands Region,Lower Than A Level,70-80%,0-35,0,60,0,Pass,10,1,0,0,0,1,0,1,1,1,1,1,1,0,1,1
FFF,2013B,407371,1,South Region,A Level or Equivalent,50-60%,0-35,0,60,0,Distinction,1,1,1,0,1,1,1,0,0,1,0,0,1,1,1,2
FFF,2013B,407670,0,East Anglian Region,Lower Than A Level,70-80%,0-35,2,120,0,Distinction,11,0,1,0,0,0,1,0,0,1,1,1,1,1,0,6
FFF,2013B,407681,0,South Region,A Level or Equivalent,40-50%,0-35,0,60,0,Pass,7,1,1,1,0,1,1,1,1,1,1,1,1,0,1,3
FFF,2013B,407818,0,South Region,HE Qualification,20-30%,35-55,0,60,0,Pass,15,1,1,1,0,0,0,0,0,0,0,0,1,1,1,10
FFF,2013B,407968,0,East Anglian Region,A Level or Equivalent,80-90%,0-35,0,90,0,Pass,14,0,1,1,0,1,0,1,1,0,0,1,1,1,1,5
FFF,2013B,408372,0,East Anglian Region,Lower Than A Level,90-100%,0-35,2,60,0,Pass,13,1,0,0,1,0,1,1,0,1,0,1,1,1,1,5
FFF,2013B,408651,0,East Anglian Region,A Level or Equivalent,60-70%,35-55,0,60,0,Fail,16,0,1,1,0,0,0,1,1,1,0,0,1,0,0,10
FFF,2013B,408753,1,West Midlands Region,Lower Than A Level,30-40%,0-35,0,90,0,Pass,10,0,1,0,0,0,1,0,1,1,1,1,0,0,0,1
FFF,2013B,408762,0,South Region,Lower Than A Level,80-90%,0-35,0,60,0,Withdrawn,14,0,0,1,0,0,1,0,1,0,0,0,0,0,1,5
FFF,2013B,409663,0,North Western Region,Lower Than A Level,40-50%,0-35,2,120,0,Withdrawn,14,1,1,1,0,1,0,0,1,1,0,0,0,1,0,5
FFF,2013B,410874,0,Yorkshire Region,A Level or Equivalent,0-10%,35-55,2,120,0,Fail,8,0,0,0,1,0,1,0,1,0,0,0,1,0,1,3
FFF,2013B,411013,0,North Region,Lower Than A Level,,0-35,1,180,0,Distinction,11,0,1,0,0,1,1,1,0,1,0,0,1,1,1,6
FFF,2013B,411553,1,London Region,Post Graduate Qualification,20-Oct,35-55,2,180,0,Fail,15,0,1,0,0,0,0,1,1,1,1,0,0,0,0,10
FFF,2013B,412025,0,Scotland,A Level or Equivalent,80-90%,0-35,2,60,0,Pass,15,1,1,1,0,1,1,0,1,1,1,0,1,0,0,10
FFF,2013B,412102,0,Scotland,HE Qualification,20-30%,35-55,0,60,0,Pass,13,1,1,1,1,1,0,1,0,1,1,0,1,1,1,5
FFF,2013B,412263,0,Ireland,HE Qualification,,0-35,0,60,0,Pass,3,1,1,1,0,1,1,1,0,1,0,0,1,0,1,8
FFF,2013B,412307,1,London Region,A Level or Equivalent,40-50%,0-35,0,60,0,Pass,12,0,0,1,1,0,0,1,1,0,0,0,0,0,1,7
FFF,2013B,413705,1,South East Region,Lower Than A Level,50-60%,35-55,2,150,0,Fail,5,1,0,0,1,1,1,0,0,1,1,1,1,1,1,9
FFF,2013B,414258,1,Scotland,A Level or Equivalent,20-Oct,0-35,0,60,0,Fail,5,1,1,0,0,0,1,1,1,0,1,0,1,0,1,9
FFF,2013B,415952,0,Yorkshire Region,Lower Than A Level,80-90%,0-35,0,120,0,Pass,16,1,0,1,0,1,1,0,1,0,1,1,1,0,1,10
FFF,2013B,415988,0,London Region,No Formal quals,0-10%,0-35,1,120,0,Fail,7,0,0,0,1,0,1,1,1,0,0,0,0,1,1,3
FFF,2013B,416229,0,North Region,A Level or Equivalent,80-90%,0-35,0,90,0,Pass,12,1,0,1,0,0,0,1,1,0,1,1,0,0,0,7
FFF,2013B,416696,1,Scotland,HE Qualification,20-30%,0-35,0,60,0,Withdrawn,4,0,1,1,1,0,1,1,0,0,0,0,1,1,0,8
FFF,2013B,416725,0,South Region,A Level or Equivalent,30-40%,0-35,1,60,0,Distinction,13,0,1,1,0,1,1,0,0,1,0,1,1,0,1,5
FFF,2013B,417863,1,East Midlands Region,HE Qualification,20-30%,35-55,0,90,0,Withdrawn,2,1,1,0,0,0,0,0,0,0,0,1,1,0,0,2
FFF,2013B,418634,1,Yorkshire Region,Lower Than A Level,70-80%,35-55,1,120,0,Pass,8,1,0,0,0,1,0,1,1,0,1,1,1,1,0,3
FFF,2013B,418998,0,North Region,A Level or Equivalent,,0-35,0,120,0,Pass,6,0,1,0,0,1,1,0,1,0,0,1,0,0,0,9
FFF,2013B,419228,0,East Anglian Region,Lower Than A Level,50-60%,0-35,1,300,0,Withdrawn,16,1,0,0,1,0,1,1,1,0,1,1,0,0,0,10
FFF,2013B,419565,0,East Anglian Region,Lower Than A Level,20-Oct,35-55,0,120,0,Withdrawn,10,1,1,0,1,1,1,0,0,0,0,1,1,0,0,1
FFF,2013B,419791,1,North Region,A Level or Equivalent,,0-35,0,60,0,Pass,8,0,0,0,1,0,1,1,0,1,1,1,1,1,1,3
FFF,2013B,419946,0,London Region,HE Qualification,60-70%,0-35,0,210,0,Pass,1,1,1,0,1,0,1,1,0,0,0,0,0,1,0,2
FFF,2013B,420096,0,East Anglian Region,Lower Than A Level,90-100%,0-35,0,60,0,Withdrawn,11,0,1,1,0,1,0,1,0,1,1,1,1,0,1,6
FFF,2013B,420673,0,Ireland,HE Qualification,,0-35,1,150,0,Withdrawn,8,1,0,1,1,1,0,1,1,1,1,1,1,1,1,3
FFF,2013B,420699,0,Ireland,A Level or Equivalent,,35-55,0,60,0,Pass,1,0,0,0,0,1,1,0,0,1,0,1,1,1,1,2
FFF,2013B,420720,0,East Anglian Region,HE Qualification,60-70%,35-55,0,90,0,Pass,7,0,1,1,1,0,1,1,0,1,0,0,0,0,1,3
FFF,2013B,420894,0,South East Region,A Level or Equivalent,30-40%,0-35,2,120,0,Pass,4,1,1,1,0,0,1,0,0,0,0,1,1,0,1,8
FFF,2013B,422061,0,South Region,HE Qualification,90-100%,0-35,0,90,0,Pass,6,1,0,1,1,0,1,0,1,1,1,0,0,1,0,9
FFF,2013B,422087,0,Scotland,Lower Than A Level,90-100%,0-35,0,60,0,Distinction,5,0,0,1,0,0,0,1,0,1,1,0,1,0,1,9
FFF,2013B,422280,1,South Region,A Level or Equivalent,60-70%,35-55,0,120,0,Withdrawn,6,1,0,0,0,0,0,1,1,1,0,0,1,1,1,9
FFF,2013B,422340,1,London Region,HE Qualification,30-40%,35-55,1,60,0,Pass,7,1,0,1,1,1,0,0,1,1,0,0,1,1,1,3
FFF,2013B,423601,0,North Western Region,A Level or Equivalent,0-10%,0-35,1,120,0,Fail,13,0,0,0,0,0,0,1,1,0,0,1,0,1,0,5
FFF,2013B,423985,0,London Region,A Level or Equivalent,0-10%,0-35,1,210,0,Fail,5,1,1,1,0,0,0,1,1,0,0,1,1,0,1,9
FFF,2013B,424544,0,Yorkshire Region,A Level or Equivalent,70-80%,0-35,0,210,0,Fail,7,0,1,1,0,1,0,0,0,1,0,1,0,1,0,3
FFF,2013B,425748,0,East Anglian Region,A Level or Equivalent,90-100%,0-35,0,60,0,Fail,2,1,1,0,0,0,0,1,0,0,1,0,0,1,1,2
FFF,2013B,425755,0,North Region,Lower Than A Level,,0-35,0,60,0,Withdrawn,16,0,0,1,0,0,1,1,0,1,0,1,0,1,1,10
FFF,2013B,425997,0,West Midlands Region,Lower Than A Level,20-30%,35-55,0,120,0,Fail,1,0,1,1,1,1,0,0,0,0,0,0,0,0,0,2
FFF,2013B,426074,0,Yorkshire Region,A Level or Equivalent,0-10%,0-35,1,120,0,Pass,15,0,0,1,1,0,0,0,1,0,0,1,1,0,0,10
FFF,2013B,426465,1,Yorkshire Region,Lower Than A Level,20-Oct,35-55,0,60,0,Pass,1,1,1,1,1,0,1,0,1,0,0,0,0,1,1,2
FFF,2013B,427228,0,East Anglian Region,Lower Than A Level,40-50%,0-35,1,180,0,Withdrawn,1,0,1,0,0,1,0,0,1,0,1,0,0,1,0,2
FFF,2013B,427348,0,Scotland,HE Qualification,20-Oct,35-55,0,60,0,Pass,4,1,1,1,0,0,1,0,1,0,0,1,1,0,0,8
FFF,2013B,428142,1,Scotland,Lower Than A Level,30-40%,0-35,0,90,0,Pass,2,1,0,0,0,0,0,0,0,0,0,0,0,0,0,2
FFF,2013B,428641,0,Scotland,A Level or Equivalent,40-50%,0-35,0,60,0,Pass,1,1,0,1,0,1,0,1,0,1,1,0,1,1,1,2
FFF,2013B,428932,1,South West Region,A Level or Equivalent,30-40%,0-35,0,120,1,Distinction,1,0,0,0,1,0,0,1,1,0,0,1,0,0,1,2
FFF,2013B,428979,0,East Anglian Region,HE Qualification,70-80%,0-35,1,150,0,Pass,16,0,0,1,0,1,1,1,1,1,0,0,0,1,0,10
FFF,2013B,429162,0,Ireland,A Level or Equivalent,0-10%,0-35,1,120,0,Fail,3,0,0,0,0,1,0,1,1,0,1,1,0,0,0,8
FFF,2013B,430554,0,South Region,A Level or Equivalent,50-60%,0-35,0,90,0,Withdrawn,7,0,1,0,1,0,0,1,1,1,1,0,1,1,1,3
FFF,2013B,430870,0,North Western Region,Lower Than A Level,90-100%,0-35,1,120,0,Fail,5,1,0,1,1,1,0,1,0,0,1,1,0,1,1,9
FFF,2013B,431251,0,London Region,A Level or Equivalent,80-90%,35-55,1,60,0,Pass,8,0,0,1,1,1,0,0,1,0,1,0,1,0,1,3
FFF,2013B,431268,0,East Anglian Region,HE Qualification,20-30%,0-35,0,60,0,Withdrawn,4,1,0,1,0,1,1,1,0,1,1,0,1,0,0,8
FFF,2013B,432222,0,South East Region,A Level or Equivalent,70-80%,35-55,1,60,0,Pass,13,1,0,0,1,0,1,1,0,0,0,0,1,1,0,5
FFF,2013B,432532,0,North Region,A Level or Equivalent,,0-35,1,60,0,Distinction,12,1,1,0,0,1,0,0,0,0,1,1,1,1,0,7
FFF,2013B,434298,0,South Region,Lower Than A Level,90-100%,0-35,0,90,1,Fail,15,1,0,0,0,0,1,1,1,1,0,1,1,0,1,10
FFF,2013B,434476,0,London Region,A Level or Equivalent,30-40%,35-55,1,180,1,Withdrawn,5,1,0,0,1,0,0,0,1,0,1,0,1,0,1,9
FFF,2013B,435043,0,Scotland,A Level or Equivalent,50-60%,0-35,1,120,0,Pass,3,1,1,1,0,0,1,1,1,1,0,1,0,0,1,8
FFF,2013B,435258,0,Ireland,Lower Than A Level,20-Oct,35-55,0,60,0,Fail,11,0,0,0,0,0,1,1,1,1,0,1,1,0,0,6
FFF,2013B,437246,0,East Midlands Region,Lower Than A Level,20-Oct,0-35,1,60,0,Fail,4,1,1,0,0,0,0,1,0,0,0,1,0,1,0,8
FFF,2013B,437432,1,Yorkshire Region,Lower Than A Level,90-100%,0-35,0,90,0,Withdrawn,6,0,1,1,1,1,0,1,1,0,0,1,0,0,0,9
FFF,2013B,437752,0,North Western Region,No Formal quals,30-40%,0-35,0,90,0,Withdrawn,5,0,0,0,1,0,1,1,1,0,0,1,1,1,1,9
FFF,2013B,437872,0,South Region,Lower Than A Level,60-70%,0-35,0,120,0,Pass,13,0,1,0,0,1,1,1,0,0,1,0,1,0,0,5
FFF,2013B,438323,0,South East Region,HE Qualification,40-50%,0-35,0,120,0,Pass,5,1,0,1,0,1,0,0,0,0,1,0,0,0,0,9
FFF,2013B,438452,0,North Western Region,A Level or Equivalent,0-10%,0-35,0,60,0,Distinction,15,0,0,0,0,1,0,1,0,1,1,1,0,0,0,10
FFF,2013B,439002,1,Wales,Lower Than A Level,70-80%,0-35,1,150,0,Withdrawn,6,1,0,0,0,0,1,1,0,0,0,0,1,0,0,9
FFF,2013B,440288,0,South West Region,A Level or Equivalent,50-60%,0-35,0,60,0,Withdrawn,12,0,1,0,0,0,1,0,0,0,1,1,1,1,0,7
FFF,2013B,440632,0,Ireland,Lower Than A Level,20-Oct,0-35,2,180,0,Fail,6,0,0,0,0,0,0,1,0,0,1,0,0,0,0,9
FFF,2013B,440825,0,Yorkshire Region,Lower Than A Level,20-30%,0-35,1,150,0,Fail,16,1,1,0,0,0,0,1,0,1,1,0,1,0,0,10
FFF,2013B,440851,0,Scotland,Lower Than A Level,30-40%,0-35,2,120,0,Withdrawn,3,0,0,1,0,1,1,0,1,0,0,0,0,0,0,8
FFF,2013B,440911,0,East Midlands Region,Lower Than A Level,20-Oct,0-35,1,60,0,Fail,2,0,1,0,0,0,1,1,0,1,1,1,1,1,1,2
FFF,2013B,441421,0,South West Region,Lower Than A Level,40-50%,0-35,0,60,0,Withdrawn,12,0,0,1,1,1,0,1,0,1,0,1,1,1,0,7
FFF,2013B,441954,0,London Region,Lower Than A Level,20-Oct,0-35,0,90,0,Pass,1,1,1,1,1,1,1,0,0,0,1,0,0,0,1,2
FFF,2013B,442436,0,West Midlands Region,HE Qualification,20-Oct,0-35,0,60,0,Withdrawn,2,0,1,0,1,0,0,1,1,0,0,1,1,0,0,2
FFF,2013B,443563,0,West Midlands Region,A Level or Equivalent,,0-35,1,120,0,Pass,4,0,1,0,1,0,1,1,1,1,0,1,1,0,0,8
FFF,2013B,443696,1,London Region,A Level or Equivalent,80-90%,0-35,1,360,0,Fail,8,0,1,0,0,1,0,1,1,1,0,0,0,1,1,3
FFF,2013B,443950,0,Ireland,Lower Than A Level,40-50%,0-35,0,60,0,Pass,13,0,0,0,0,1,0,1,1,1,0,1,1,1,1,5
FFF,2013B,443989,0,East Anglian Region,A Level or Equivalent,70-80%,0-35,0,60,0,Distinction,5,1,0,1,0,0,0,1,1,0,1,1,0,1,0,9
FFF,2013B,446440,1,South West Region,A Level or Equivalent,20-Oct,0-35,1,160,0,Pass,15,0,1,0,1,0,0,1,0,0,1,0,0,0,0,10
FFF,2013B,446825,0,Ireland,HE Qualification,,35-55,2,270,0,Withdrawn,12,1,1,0,1,0,0,1,1,1,0,0,1,1,1,7
FFF,2013B,447036,0,East Anglian Region,Lower Than A Level,80-90%,0-35,2,150,0,Withdrawn,13,0,1,0,1,0,0,0,1,0,1,0,0,1,1,5
FFF,2013B,447127,0,Yorkshire Region,Lower Than A Level,20-30%,0-35,1,180,0,Fail,2,1,1,0,1,0,0,1,1,1,1,1,0,0,0,2
FFF,2013B,464616,0,London Region,A Level or Equivalent,30-40%,0-35,0,120,0,Withdrawn,1,0,1,0,1,1,0,0,1,1,1,0,1,0,0,2
FFF,2013B,464755,0,London Region,A Level or Equivalent,20-Oct,35-55,0,120,0,Withdrawn,14,0,0,1,1,0,1,1,0,1,0,1,1,1,1,5
FFF,2013B,464785,0,North Region,A Level or Equivalent,60-70%,0-35,0,60,0,Pass,7,1,0,1,0,0,0,1,0,1,1,0,0,0,1,3
FFF,2013B,465175,0,Scotland,Lower Than A Level,60-70%,0-35,1,90,0,Fail,16,0,0,1,1,1,0,1,1,0,1,0,1,1,1,10
FFF,2013B,465312,1,North Region,A Level or Equivalent,,0-35,1,120,0,Pass,1,1,1,1,0,1,1,0,0,0,1,0,1,0,0,2
FFF,2013B,465430,0,South West Region,A Level or Equivalent,20-30%,0-35,0,60,0,Pass,12,0,1,1,1,0,0,1,1,1,0,1,1,0,1,7
FFF,2013B,465719,0,Scotland,Lower Than A Level,0-10%,0-35,0,75,0,Fail,7,0,0,0,0,1,0,0,1,0,1,0,0,1,1,3
FFF,2013B,466203,0,London Region,Lower Than A Level,30-40%,0-35,0,120,0,Pass,8,0,1,1,0,0,0,1,1,0,1,0,1,0,0,3
FFF,2013B,466329,1,South East Region,Lower Than A Level,60-70%,0-35,0,120,0,Fail,8,1,1,1,0,1,1,0,0,1,0,1,0,0,0,3
FFF,2013B,466582,1,North Western Region,Lower Than A Level,20-Oct,35-55,0,60,0,Withdrawn,14,1,1,0,0,1,1,1,0,1,0,1,1,1,1,5
FFF,2013B,466599,0,South Region,A Level or Equivalent,50-60%,0-35,0,120,0,Fail,4,1,1,1,0,0,0,0,1,0,0,0,0,0,0,8
FFF,2013B,466828,0,South West Region,A Level or Equivalent,0-10%,0-35,1,60,0,Distinction,12,1,0,0,1,0,0,1,0,1,1,1,0,0,0,7
FFF,2013B,467416,0,East Anglian Region,Lower Than A Level,90-100%,35-55,1,180,0,Pass,15,1,0,0,1,1,1,1,1,0,1,1,1,1,1,10
FFF,2013B,467506,0,South West Region,A Level or Equivalent,70-80%,35-55,0,180,0,Pass,11,1,1,0,0,0,0,1,1,0,0,0,0,1,1,6
FFF,2013B,467700,0,South Region,A Level or Equivalent,90-100%,0-35,1,60,0,Pass,10,1,0,0,0,0,1,1,1,0,1,1,1,0,1,1
FFF,2013B,467725,0,Scotland,Lower Than A Level,70-80%,0-35,1,60,0,Pass,13,0,1,1,0,1,1,1,1,0,1,1,1,0,0,5
FFF,2013B,467854,1,North Region,Lower Than A Level,,0-35,0,120,0,Pass,10,0,1,0,1,0,1,0,1,1,0,0,1,1,1,1
FFF,2013B,468497,0,West Midlands Region,Lower Than A Level,40-50%,35-55,0,60,0,Fail,11,1,0,1,0,1,0,1,1,0,0,0,1,0,1,6
FFF,2013B,468908,0,South West Region,A Level or Equivalent,30-40%,0-35,0,120,0,Fail,11,0,0,0,0,0,0,1,0,1,1,0,0,0,0,6
FFF,2013B,469154,0,West Midlands Region,A Level or Equivalent,50-60%,0-35,0,120,0,Pass,10,0,0,0,0,1,1,0,0,1,1,0,0,1,1,1
FFF,2013B,469743,0,South West Region,No Formal quals,30-40%,0-35,1,120,0,Distinction,4,0,0,0,1,1,0,0,0,0,1,0,1,1,1,8
FFF,2013B,470786,0,South West Region,A Level or Equivalent,40-50%,0-35,0,60,0,Pass,10,1,1,1,0,0,0,0,1,0,1,0,1,1,1,1
FFF,2013B,471977,0,South West Region,Lower Than A Level,40-50%,0-35,0,60,0,Pass,4,1,1,0,0,0,1,0,0,1,0,1,1,0,1,8
FFF,2013B,472602,0,Scotland,HE Qualification,40-50%,0-35,0,60,0,Fail,1,1,0,1,1,1,0,1,1,1,0,1,0,1,1,2
FFF,2013B,472810,0,East Anglian Region,Lower Than A Level,70-80%,0-35,0,60,0,Withdrawn,8,0,1,0,0,1,1,1,0,1,0,0,1,1,1,3
FFF,2013B,472981,0,London Region,Lower Than A Level,20-30%,0-35,0,120,0,Withdrawn,7,0,1,1,1,1,0,1,1,0,0,0,0,1,0,3
FFF,2013B,473081,1,Scotland,Lower Than A Level,70-80%,35-55,0,120,0,Withdrawn,15,1,0,0,1,0,0,0,1,1,0,1,0,0,1,10
FFF,2013B,473102,1,South East Region,Lower Than A Level,30-40%,35-55,1,120,0,Withdrawn,7,0,1,0,0,0,1,1,0,1,0,0,0,1,0,3
FFF,2013B,473162,1,South East Region,Lower Than A Level,80-90%,0-35,0,60,0,Pass,6,1,1,1,0,0,0,0,0,0,1,1,0,1,0,9
FFF,2013B,473789,0,South Region,Lower Than A Level,80-90%,35-55,0,90,0,Pass,5,1,1,1,0,1,1,0,1,1,1,0,1,1,1,9
FFF,2013B,474256,0,Yorkshire Region,Lower Than A Level,0-10%,0-35,1,120,0,Withdrawn,9,0,0,0,1,1,1,1,1,0,1,1,0,0,0,4
FFF,2013B,474677,0,London Region,Lower Than A Level,20-30%,0-35,0,60,0,Fail,13,1,1,1,1,1,1,0,0,1,0,1,1,1,0,5
FFF,2013B,475681,0,North Western Region,A Level or Equivalent,50-60%,0-35,0,60,0,Fail,6,0,1,1,0,1,1,1,1,1,0,0,0,0,1,9
FFF,2013B,476194,0,Scotland,Lower Than A Level,50-60%,0-35,0,60,0,Pass,16,0,0,0,1,0,0,0,0,1,1,0,0,1,0,10
FFF,2013B,476845,0,London Region,HE Qualification,70-80%,0-35,0,60,0,Pass,13,0,1,0,1,0,1,0,0,0,1,1,0,0,0,5
FFF,2013B,476946,1,East Midlands Region,Lower Than A Level,30-40%,35-55,1,150,0,Fail,9,0,1,1,0,0,0,1,1,1,1,0,1,0,1,4
FFF,2013B,477185,0,South East Region,A Level or Equivalent,30-40%,35-55,0,120,0,Pass,6,0,0,1,1,0,0,1,1,0,1,0,0,1,1,9
FFF,2013B,477812,0,Scotland,Lower Than A Level,70-80%,0-35,1,120,1,Withdrawn,15,0,1,1,1,1,1,1,1,1,0,0,1,0,1,10
FFF,2013B,478279,0,North Region,A Level or Equivalent,60-70%,0-35,0,60,0,Pass,13,0,0,0,1,1,1,0,0,1,0,1,1,0,0,5
FFF,2013B,478337,1,London Region,Lower Than A Level,0-10%,0-35,0,90,0,Pass,10,0,0,1,0,0,1,1,1,1,1,0,1,1,1,1
FFF,2013B,478432,0,London Region,A Level or Equivalent,50-60%,35-55,0,60,0,Pass,2,1,1,1,1,1,0,1,1,1,0,0,0,0,1,2
FFF,2013B,478660,0,East Midlands Region,A Level or Equivalent,60-70%,35-55,0,60,0,Pass,5,1,1,0,1,1,0,1,1,0,1,0,0,1,0,9
FFF,2013B,478685,1,Scotland,A Level or Equivalent,90-100%,0-35,0,60,0,Fail,7,1,0,1,0,1,1,0,1,1,1,0,1,0,0,3
FFF,2013B,479057,0,North Region,Lower Than A Level,20-Oct,0-35,0,90,0,Pass,4,1,1,0,1,0,1,0,1,1,0,0,1,1,1,8
FFF,2013B,479356,0,East Anglian Region,HE Qualification,90-100%,35-55,0,150,0,Pass,13,1,1,0,1,0,1,1,0,1,0,1,1,1,1,5
FFF,2013B,479764,0,Yorkshire Region,Lower Than A Level,80-90%,0-35,0,60,0,Pass,4,0,1,0,1,1,1,0,0,0,0,0,1,0,1,8
FFF,2013B,479828,0,East Midlands Region,A Level or Equivalent,90-100%,0-35,1,180,0,Withdrawn,14,0,1,0,1,0,0,1,0,1,1,1,0,0,1,5
FFF,2013B,479860,0,South West Region,Lower Than A Level,50-60%,35-55,0,60,0,Pass,5,1,1,0,1,1,0,1,0,1,1,1,0,0,1,9
FFF,2013B,479892,0,South West Region,A Level or Equivalent,70-80%,0-35,0,120,0,Withdrawn,13,1,0,1,1,0,1,1,1,1,0,0,1,0,1,5
FFF,2013B,479922,0,Yorkshire Region,A Level or Equivalent,20-30%,0-35,1,180,0,Pass,3,0,1,0,0,1,1,0,1,1,0,1,0,1,1,8
FFF,2013B,480014,0,London Region,A Level or Equivalent,70-80%,35-55,0,60,0,Distinction,3,1,0,0,0,0,1,1,1,0,0,0,0,1,1,8
FFF,2013B,480181,0,North Region,A Level or Equivalent,,0-35,0,60,0,Withdrawn,8,1,1,0,1,1,0,1,0,1,0,0,1,1,1,3
FFF,2013B,480199,1,London Region,Lower Than A Level,20-Oct,35-55,1,150,0,Pass,14,0,1,0,0,1,0,1,0,0,1,1,0,1,1,5
FFF,2013B,480937,0,Yorkshire Region,Lower Than A Level,80-90%,35-55,1,150,0,Pass,1,0,0,0,0,0,1,1,0,0,1,1,0,0,1,2
FFF,2013B,480960,1,London Region,A Level or Equivalent,60-70%,0-35,1,150,0,Distinction,5,1,0,0,0,1,0,1,0,1,0,1,1,0,1,9
FFF,2013B,480981,0,London Region,Lower Than A Level,30-40%,35-55,1,120,1,Fail,10,1,1,0,0,1,0,1,0,1,0,0,1,0,1,1
FFF,2013B,480984,0,North Region,A Level or Equivalent,,0-35,0,70,0,Pass,9,1,0,0,1,1,0,1,1,0,0,1,0,1,1,4
FFF,2013B,481227,0,Wales,A Level or Equivalent,70-80%,35-55,0,60,0,Withdrawn,16,0,0,1,1,0,0,0,1,0,1,1,0,0,0,10
FFF,2013B,481367,0,North Western Region,A Level or Equivalent,0-10%,0-35,1,120,0,Withdrawn,5,0,0,1,0,1,1,0,0,1,1,1,1,0,1,9
FFF,2013B,481453,0,London Region,A Level or Equivalent,20-Oct,35-55,0,60,0,Pass,10,0,0,1,1,0,0,1,0,1,0,1,0,1,1,1
FFF,2013B,482071,0,South Region,Lower Than A Level,80-90%,0-35,0,90,0,Pass,9,1,0,0,1,1,1,0,1,0,1,0,0,1,1,4
FFF,2013B,482187,1,North Region,A Level or Equivalent,,0-35,0,60,0,Distinction,10,1,0,1,0,1,1,1,0,0,1,0,0,1,0,1
FFF,2013B,482264,1,West Midlands Region,A Level or Equivalent,30-40%,35-55,0,60,0,Withdrawn,3,0,0,1,0,0,1,1,0,1,0,0,1,1,1,8
FFF,2013B,482268,0,East Anglian Region,No Formal quals,20-30%,0-35,1,180,0,Fail,11,1,1,1,1,1,0,0,0,1,0,0,1,1,0,6
FFF,2013B,482275,0,North Western Region,Lower Than A Level,30-40%,35-55,1,210,0,Fail,11,1,1,0,0,0,1,0,0,0,1,0,1,1,0,6
FFF,2013B,482513,1,North Western Region,Lower Than A Level,20-30%,35-55,0,60,0,Pass,7,0,1,0,1,1,0,0,1,1,1,0,1,1,0,3
FFF,2013B,483117,1,East Anglian Region,Lower Than A Level,20-30%,0-35,0,120,0,Withdrawn,2,0,0,1,0,1,1,1,0,1,1,0,0,0,0,2
FFF,2013B,483179,0,London Region,A Level or Equivalent,50-60%,35-55,1,120,0,Withdrawn,12,1,0,1,1,1,0,1,0,0,1,0,1,1,1,7
FFF,2013B,483620,0,West Midlands Region,Lower Than A Level,50-60%,0-35,1,180,0,Pass,7,0,0,1,0,1,1,1,0,0,1,0,0,0,0,3
FFF,2013B,483743,0,South West Region,Lower Than A Level,70-80%,0-35,1,150,0,Fail,11,1,1,1,0,1,0,0,1,1,1,1,1,1,1,6
FFF,2013B,483872,0,London Region,A Level or Equivalent,70-80%,0-35,0,120,0,Pass,8,0,1,0,0,0,1,0,0,0,0,1,0,0,0,3
FFF,2013B,483997,1,North Region,A Level or Equivalent,30-40%,0-35,0,60,0,Pass,11,1,1,0,1,1,0,1,1,0,0,0,0,1,1,6
FFF,2013B,484165,0,North Western Region,A Level or Equivalent,40-50%,0-35,1,150,0,Fail,3,0,0,0,0,0,1,1,1,1,0,1,0,0,0,8
FFF,2013B,484242,0,Wales,A Level or Equivalent,50-60%,0-35,0,120,0,Withdrawn,13,0,0,0,1,1,1,1,0,1,0,1,0,0,1,5
FFF,2013B,484458,1,London Region,A Level or Equivalent,70-80%,35-55,0,90,0,Distinction,14,1,1,0,1,1,1,1,0,0,1,0,0,1,0,5
FFF,2013B,484556,0,South East Region,Lower Than A Level,40-50%,0-35,0,60,1,Fail,2,1,0,1,0,1,0,1,0,1,1,0,1,0,1,2
FFF,2013B,484780,1,South East Region,Lower Than A Level,70-80%,0-35,0,90,0,Pass,3,0,1,1,0,0,0,1,0,1,1,1,0,1,1,8
FFF,2013B,484790,0,East Anglian Region,A Level or Equivalent,20-30%,0-35,1,180,0,Pass,3,0,0,1,0,0,0,1,0,1,0,0,0,1,0,8
FFF,2013B,484947,0,Ireland,A Level or Equivalent,20-Oct,0-35,0,90,0,Pass,6,1,1,0,1,0,1,0,0,0,0,1,0,0,0,9
FFF,2013B,485412,1,West Midlands Region,A Level or Equivalent,50-60%,0-35,1,210,0,Withdrawn,5,1,1,1,1,0,0,0,1,0,1,1,1,0,0,9
FFF,2013B,485528,0,Yorkshire Region,A Level or Equivalent,0-10%,0-35,0,60,0,Pass,12,0,1,1,0,1,0,1,0,1,0,1,1,1,1,7
FFF,2013B,485544,0,West Midlands Region,HE Qualification,0-10%,0-35,0,150,0,Fail,1,0,1,0,0,1,0,1,1,1,0,0,1,1,1,2
FFF,2013B,485768,0,East Anglian Region,Lower Than A Level,90-100%,0-35,0,60,0,Pass,10,1,0,0,1,0,0,1,0,1,1,1,1,1,1,1
FFF,2013B,486007,1,South East Region,A Level or Equivalent,20-Oct,0-35,0,60,0,Pass,1,0,0,1,0,0,1,0,1,1,0,0,1,1,1,2
FFF,2013B,486145,0,South Region,HE Qualification,40-50%,0-35,1,120,0,Fail,1,1,1,1,1,0,1,1,0,1,0,1,0,1,1,2
FFF,2013B,487168,1,East Midlands Region,A Level or Equivalent,0-10%,0-35,0,120,0,Fail,11,0,0,0,1,0,0,1,1,1,1,0,1,1,1,6
FFF,2013B,487271,0,East Midlands Region,Lower Than A Level,50-60%,0-35,1,120,0,Withdrawn,4,0,0,1,0,0,0,0,1,0,0,0,1,1,1,8
FFF,2013B,487636,0,North Western Region,A Level or Equivalent,20-30%,0-35,0,90,0,Pass,2,1,1,1,1,0,1,1,1,0,0,0,0,1,0,2
FFF,2013B,488386,1,London Region,HE Qualification,20-30%,0-35,0,60,1,Withdrawn,15,1,1,1,0,0,0,1,1,1,1,1,1,1,1,10
FFF,2013B,488675,0,North Region,Post Graduate Qualification,,35-55,0,120,0,Pass,1,1,0,0,0,0,1,0,1,0,0,0,1,1,0,2
FFF,2013B,488968,1,South West Region,HE Qualification,50-60%,35-55,1,180,0,Distinction,16,1,0,1,0,1,0,1,0,1,0,0,0,0,0,10
FFF,2013B,489443,0,West Midlands Region,A Level or Equivalent,20-Oct,0-35,0,60,0,Pass,15,0,0,1,0,0,1,1,0,1,0,1,0,1,1,10
FFF,2013B,490082,1,East Anglian Region,HE Qualification,70-80%,0-35,0,60,0,Distinction,7,1,1,1,0,0,1,1,0,1,1,0,0,1,1,3
FFF,2013B,490156,0,North Region,HE Qualification,80-90%,35-55,1,180,0,Fail,3,0,1,0,1,0,0,0,0,1,1,0,1,1,0,8
FFF,2013B,490195,0,Yorkshire Region,A Level or Equivalent,30-40%,0-35,0,60,0,Pass,15,0,0,0,1,1,0,1,0,0,1,0,1,0,1,10
FFF,2013B,490284,0,East Anglian Region,A Level or Equivalent,30-40%,0-35,0,60,0,Fail,6,1,1,0,0,0,0,0,0,1,0,0,0,1,0,9
FFF,2013B,490542,1,East Anglian Region,Lower Than A Level,40-50%,0-35,1,180,0,Withdrawn,2,0,1,0,1,1,0,0,1,1,0,0,1,1,1,2
FFF,2013B,491004,0,Wales,A Level or Equivalent,40-50%,35-55,0,60,0,Pass,4,1,0,0,0,1,1,1,0,1,1,0,1,0,1,8
FFF,2013B,491011,0,South East Region,A Level or Equivalent,30-40%,0-35,0,120,1,Withdrawn,16,0,1,1,0,0,0,0,1,1,0,0,0,1,1,10
FFF,2013B,491503,1,Wales,A Level or Equivalent,30-40%,35-55,0,120,0,Fail,12,0,0,1,0,1,0,1,0,0,1,0,1,1,1,7
FFF,2013B,491636,0,East Anglian Region,Lower Than A Level,20-30%,35-55,0,90,0,Pass,2,1,0,0,1,1,0,0,1,1,0,1,1,1,0,2
FFF,2013B,492111,0,North Region,A Level or Equivalent,,35-55,0,90,0,Withdrawn,3,1,0,1,0,1,1,0,0,1,0,1,0,0,0,8
FFF,2013B,494164,0,Ireland,Lower Than A Level,50-60%,0-35,1,150,0,Fail,9,0,0,0,1,0,0,1,1,1,1,1,0,1,0,4
FFF,2013B,494165,0,Ireland,Lower Than A Level,60-70%,0-35,1,120,0,Pass,8,0,1,0,1,0,0,0,1,0,0,1,1,0,1,3
FFF,2013B,494340,0,Yorkshire Region,A Level or Equivalent,40-50%,0-35,0,90,0,Pass,5,1,0,1,0,0,1,0,0,1,0,0,1,0,1,9
FFF,2013B,494443,1,London Region,Lower Than A Level,50-60%,0-35,0,60,0,Pass,10,1,0,0,1,1,0,0,0,0,1,1,0,0,1,1
FFF,2013B,494622,0,London Region,Lower Than A Level,20-Oct,0-35,0,120,0,Pass,10,1,1,1,0,0,1,0,1,1,1,0,0,0,1,1
FFF,2013B,494866,0,North Western Region,Lower Than A Level,0-10%,0-35,0,90,0,Withdrawn,16,0,1,1,0,0,0,1,0,1,0,1,0,0,1,10
FFF,2013B,494903,0,South Region,Lower Than A Level,60-70%,0-35,0,120,0,Fail,2,1,1,1,1,1,0,0,1,0,0,1,1,0,0,2
FFF,2013B,495318,0,North Western Region,Lower Than A Level,30-40%,0-35,0,60,0,Withdrawn,7,0,1,0,1,0,1,0,0,1,1,1,1,0,0,3
FFF,2013B,495621,0,West Midlands Region,A Level or Equivalent,0-10%,0-35,1,120,1,Fail,16,1,0,0,0,0,0,1,1,1,1,0,0,0,1,10
FFF,2013B,495776,0,South West Region,Lower Than A Level,20-Oct,0-35,1,180,0,Fail,11,0,1,0,0,0,1,1,1,1,0,1,0,1,0,6
FFF,2013B,496470,0,North Region,A Level or Equivalent,50-60%,0-35,0,60,0,Pass,4,1,1,1,0,1,1,0,1,1,0,0,1,0,0,8
FFF,2013B,496491,1,London Region,Lower Than A Level,20-30%,0-35,0,60,0,Distinction,13,0,1,1,0,1,1,1,1,0,1,0,0,0,1,5
FFF,2013B,496561,0,East Anglian Region,A Level or Equivalent,20-30%,0-35,0,150,0,Fail,16,1,0,0,0,0,1,0,0,1,0,0,0,0,1,10
FFF,2013B,496657,0,London Region,Lower Than A Level,60-70%,35-55,0,60,0,Withdrawn,3,1,1,1,0,0,1,1,0,0,0,0,1,1,1,8
FFF,2013B,496671,1,South West Region,A Level or Equivalent,70-80%,35-55,0,60,0,Fail,13,0,0,1,0,0,1,1,1,1,1,1,1,0,0,5
FFF,2013B,497102,0,Scotland,HE Qualification,30-40%,0-35,1,270,0,Pass,14,0,0,0,1,0,0,1,0,0,0,1,0,0,0,5
FFF,2013B,497139,0,West Midlands Region,Lower Than A Level,0-10%,0-35,1,210,0,Withdrawn,16,1,0,0,0,0,0,1,1,0,1,0,1,1,1,10
FFF,2013B,497180,0,East Anglian Region,Lower Than A Level,20-30%,0-35,0,120,0,Pass,5,1,0,1,0,0,1,0,1,1,1,1,1,1,0,9
FFF,2013B,497211,0,East Anglian Region,A Level or Equivalent,70-80%,0-35,0,60,0,Pass,16,0,1,0,0,0,1,1,1,1,0,1,0,1,0,10
FFF,2013B,497226,0,South West Region,Lower Than A Level,40-50%,0-35,0,60,0,Fail,2,0,1,0,0,0,0,0,1,0,1,0,0,1,1,2
FFF,2013B,497410,0,South Region,A Level or Equivalent,50-60%,0-35,0,60,0,Pass,16,1,0,1,1,1,0,0,0,0,1,1,1,1,0,10
FFF,2013B,497855,0,North Region,A Level or Equivalent,,0-35,0,60,0,Fail,10,1,0,0,0,1,1,0,0,0,0,1,1,1,1,1
FFF,2013B,497891,0,London Region,Lower Than A Level,20-30%,0-35,0,180,0,Withdrawn,12,0,0,1,1,0,0,0,0,1,0,1,0,0,0,7
FFF,2013B,497897,1,West Midlands Region,No Formal quals,20-Oct,0-35,1,120,0,Fail,14,0,1,1,1,0,0,1,0,1,0,0,1,0,0,5
FFF,2013B,498269,1,East Anglian Region,Lower Than A Level,70-80%,35-55,0,60,1,Pass,15,0,1,0,1,0,0,0,1,0,0,1,0,0,1,10
FFF,2013B,498554,0,South West Region,Lower Than A Level,90-100%,35-55,0,60,0,Pass,13,0,0,1,0,1,1,1,1,1,0,1,1,1,0,5
FFF,2013B,498578,1,South West Region,A Level or Equivalent,20-30%,0-35,0,150,0,Fail,15,1,1,0,1,1,1,0,0,1,0,0,1,1,0,10
FFF,2013B,498636,0,South Region,Lower Than A Level,20-30%,0-35,0,60,1,Withdrawn,12,1,1,0,0,1,1,1,1,1,0,1,0,1,0,7
FFF,2013B,499244,0,South Region,Lower Than A Level,70-80%,0-35,1,180,0,Withdrawn,5,1,1,1,0,0,0,1,1,0,0,1,0,1,1,9
FFF,2013B,499354,0,Wales,A Level or Equivalent,80-90%,0-35,1,120,0,Pass,2,0,0,0,1,1,1,1,1,0,0,0,0,1,1,2
FFF,2013B,499372,0,London Region,A Level or Equivalent,20-Oct,35-55,1,120,1,Fail,9,0,0,0,1,0,0,0,1,0,1,1,1,0,0,4
FFF,2013B,499419,0,South West Region,A Level or Equivalent,20-Oct,0-35,1,180,0,Withdrawn,11,1,1,1,1,0,0,0,0,1,0,1,1,1,1,6
FFF,2013B,499993,0,East Anglian Region,Lower Than A Level,90-100%,0-35,0,60,0,Pass,6,1,0,1,0,1,0,1,0,1,0,0,1,1,1,9
FFF,2013B,500230,0,West Midlands Region,Lower Than A Level,60-70%,0-35,0,60,0,Distinction,2,0,0,0,0,0,1,1,1,0,1,0,0,0,1,2
FFF,2013B,500652,0,East Anglian Region,Lower Than A Level,80-90%,0-35,0,60,0,Pass,1,0,0,0,1,0,1,0,0,1,1,0,0,0,0,2
FFF,2013B,501302,1,Scotland,HE Qualification,40-50%,0-35,0,90,0,Withdrawn,10,1,1,1,0,0,1,1,0,0,0,1,1,1,0,1
FFF,2013B,501411,0,London Region,A Level or Equivalent,20-Oct,35-55,0,60,0,Withdrawn,12,1,1,1,1,1,1,1,0,0,1,1,0,0,0,7
FFF,2013B,501493,0,North Western Region,Lower Than A Level,20-Oct,0-35,1,270,1,Fail,4,0,0,0,1,0,0,1,0,0,0,1,0,0,1,8
FFF,2013B,501755,0,South Region,Lower Than A Level,80-90%,0-35,0,60,0,Withdrawn,9,0,0,0,0,1,1,1,0,0,1,0,1,1,0,4
FFF,2013B,501869,0,North Western Region,A Level or Equivalent,0-10%,0-35,0,120,0,Fail,14,0,1,0,0,1,1,0,0,0,0,1,0,0,1,5
FFF,2013B,502361,0,West Midlands Region,Lower Than A Level,60-70%,0-35,0,120,0,Withdrawn,8,1,0,1,0,0,1,0,0,1,1,1,0,1,0,3
FFF,2013B,502512,0,East Midlands Region,HE Qualification,20-Oct,0-35,1,180,0,Pass,3,0,0,1,0,0,1,1,1,0,1,0,0,1,1,8
FFF,2013B,502517,0,West Midlands Region,A Level or Equivalent,90-100%,0-35,1,120,0,Withdrawn,11,1,0,0,1,1,0,1,0,0,1,1,1,1,0,6
FFF,2013B,502531,0,South Region,Lower Than A Level,50-60%,0-35,1,300,0,Withdrawn,10,0,1,1,1,0,0,0,0,1,0,0,1,0,1,1
FFF,2013B,502900,0,East Anglian Region,A Level or Equivalent,50-60%,0-35,0,120,0,Fail,15,1,1,1,1,1,1,0,1,0,0,1,0,0,1,10
FFF,2013B,502973,0,South East Region,Lower Than A Level,50-60%,0-35,0,120,0,Fail,11,1,0,1,0,0,0,1,0,0,1,1,0,1,1,6
FFF,2013B,503134,1,London Region,A Level or Equivalent,20-Oct,0-35,1,240,0,Withdrawn,8,1,1,0,1,1,0,1,1,0,1,1,0,0,0,3
FFF,2013B,503544,0,North Western Region,HE Qualification,0-10%,35-55,0,90,0,Fail,15,1,1,0,0,0,0,1,0,1,1,0,1,1,0,10
FFF,2013B,503668,1,London Region,Lower Than A Level,50-60%,0-35,1,180,0,Pass,16,1,0,0,1,1,1,1,0,1,0,0,0,1,1,10
FFF,2013B,504157,1,South East Region,Lower Than A Level,70-80%,0-35,0,60,0,Pass,8,0,1,0,0,1,1,0,1,0,0,1,1,1,1,3
FFF,2013B,504162,0,Yorkshire Region,Lower Than A Level,90-100%,0-35,0,60,1,Pass,9,0,1,0,1,1,0,0,0,1,1,1,1,0,1,4
FFF,2013B,504190,0,London Region,HE Qualification,20-30%,35-55,1,120,0,Fail,14,0,0,0,0,0,0,0,1,0,0,1,1,0,0,5
FFF,2013B,504200,0,Scotland,Lower Than A Level,0-10%,0-35,0,60,1,Fail,6,0,0,0,0,0,0,0,0,1,1,1,0,0,1,9
FFF,2013B,504231,0,South Region,A Level or Equivalent,90-100%,0-35,0,60,1,Fail,10,0,1,0,1,1,0,1,1,0,0,0,1,1,1,1
FFF,2013B,504243,1,North Region,A Level or Equivalent,,0-35,1,150,0,Pass,13,0,1,0,0,0,1,0,1,1,0,1,0,0,0,5
FFF,2013B,504533,0,East Midlands Region,A Level or Equivalent,70-80%,0-35,1,120,0,Pass,10,1,1,0,1,1,1,0,1,0,0,0,1,1,0,1
FFF,2013B,504737,1,West Midlands Region,A Level or Equivalent,0-10%,0-35,0,120,0,Pass,5,0,0,0,1,0,1,0,1,1,0,1,1,1,0,9
FFF,2013B,504741,0,Scotland,HE Qualification,90-100%,35-55,0,75,1,Withdrawn,8,1,1,1,0,0,0,0,0,1,0,0,0,0,0,3
FFF,2013B,504824,0,Yorkshire Region,Lower Than A Level,90-100%,0-35,1,120,0,Fail,4,1,0,0,1,1,0,1,0,1,1,1,1,0,0,8
FFF,2013B,504956,0,Scotland,HE Qualification,30-40%,35-55,0,60,1,Withdrawn,3,0,0,0,1,0,0,1,0,0,1,1,0,0,0,8
FFF,2013B,505002,0,London Region,A Level or Equivalent,20-Oct,0-35,0,60,0,Fail,3,0,1,0,1,0,1,0,0,1,1,0,0,1,1,8
FFF,2013B,505199,0,London Region,Lower Than A Level,80-90%,0-35,1,120,0,Pass,2,0,1,1,0,0,0,1,0,1,0,1,1,1,1,2
FFF,2013B,505244,0,North Western Region,A Level or Equivalent,0-10%,35-55,1,120,0,Withdrawn,11,0,0,1,0,0,0,1,1,1,0,0,0,1,0,6
FFF,2013B,505315,1,South West Region,No Formal quals,30-40%,0-35,1,180,0,Pass,7,1,0,1,0,1,0,0,1,1,1,1,0,1,1,3
FFF,2013B,505333,0,Wales,Lower Than A Level,0-10%,0-35,1,120,0,Fail,5,0,0,1,1,0,0,1,0,0,0,1,1,0,0,9
FFF,2013B,505488,0,Yorkshire Region,A Level or Equivalent,50-60%,0-35,1,180,0,Pass,16,0,0,1,1,0,1,1,0,1,1,1,1,1,1,10
FFF,2013B,505501,1,London Region,Lower Than A Level,20-Oct,0-35,0,120,0,Withdrawn,16,1,1,1,1,1,1,0,0,0,0,0,1,1,0,10
FFF,2013B,505508,0,Yorkshire Region,A Level or Equivalent,70-80%,0-35,0,60,0,Distinction,14,1,0,0,1,0,0,1,0,0,0,0,1,0,0,5
FFF,2013B,506092,1,East Midlands Region,Lower Than A Level,90-100%,0-35,0,120,0,Withdrawn,1,0,1,0,1,1,0,0,0,0,1,0,0,0,0,2
FFF,2013B,506321,0,South East Region,A Level or Equivalent,90-100%,0-35,0,120,0,Pass,13,0,0,0,1,0,1,1,1,1,0,1,1,1,0,5
FFF,2013B,506412,0,East Anglian Region,A Level or Equivalent,90-100%,0-35,1,120,0,Fail,12,0,0,0,0,1,1,0,1,1,0,0,0,0,1,7
FFF,2013B,506930,0,East Midlands Region,Lower Than A Level,0-10%,0-35,0,120,0,Fail,9,0,1,1,1,0,1,0,1,0,0,0,1,1,0,4
FFF,2013B,507034,0,South Region,Post Graduate Qualification,90-100%,35-55,0,60,0,Pass,2,0,0,0,0,1,1,1,0,1,0,1,1,1,1,2
FFF,2013B,508068,0,Wales,HE Qualification,60-70%,0-35,1,210,0,Pass,7,0,1,0,0,1,1,1,0,1,0,1,0,0,1,3
FFF,2013B,508288,0,East Anglian Region,Lower Than A Level,20-Oct,0-35,1,120,1,Fail,1,1,1,0,1,0,0,1,1,0,0,0,0,1,0,2
FFF,2013B,508572,0,Ireland,A Level or Equivalent,50-60%,35-55,0,60,0,Fail,16,0,0,1,1,1,0,0,1,0,0,0,0,1,0,10
FFF,2013B,508749,0,South West Region,Lower Than A Level,0-10%,0-35,1,120,0,Withdrawn,16,0,0,1,1,1,0,1,1,0,1,1,1,0,1,10
FFF,2013B,508830,0,Ireland,A Level or Equivalent,,0-35,0,120,0,Pass,7,1,0,0,1,0,1,1,0,1,1,0,0,1,1,3
FFF,2013B,508927,0,East Anglian Region,Lower Than A Level,60-70%,0-35,0,60,0,Fail,9,0,0,0,0,0,1,1,1,0,1,0,0,0,0,4
FFF,2013B,509177,0,Yorkshire Region,Lower Than A Level,20-30%,0-35,1,180,0,Withdrawn,11,0,0,1,1,0,1,1,0,0,1,1,0,1,0,6
FFF,2013B,509535,0,North Region,A Level or Equivalent,20-Oct,0-35,0,120,0,Withdrawn,3,0,0,0,1,1,0,1,1,1,1,0,0,0,0,8
FFF,2013B,510027,0,Ireland,Lower Than A Level,40-50%,35-55,1,150,0,Fail,13,1,0,0,0,1,1,0,0,1,1,1,1,1,1,5
FFF,2013B,510186,0,North Region,HE Qualification,,0-35,1,180,0,Pass,9,1,1,1,0,1,0,1,1,0,1,1,0,0,1,4
FFF,2013B,510335,0,Scotland,A Level or Equivalent,60-70%,0-35,0,120,0,Pass,12,0,1,1,1,0,1,1,1,1,1,1,0,1,1,7
FFF,2013B,510693,0,Yorkshire Region,A Level or Equivalent,30-40%,0-35,0,60,0,Fail,14,0,0,0,0,0,0,0,0,1,0,1,0,0,1,5
FFF,2013B,510759,0,East Midlands Region,Lower Than A Level,20-30%,35-55,0,120,0,Pass,2,1,0,0,1,1,0,0,0,0,0,0,1,0,0,2
FFF,2013B,510883,0,East Anglian Region,Lower Than A Level,60-70%,35-55,0,60,1,Pass,14,0,0,0,1,1,1,1,1,0,1,1,0,1,0,5
FFF,2013B,511005,1,Yorkshire Region,Lower Than A Level,0-10%,35-55,0,60,0,Withdrawn,9,1,0,0,0,1,0,0,1,1,1,1,0,0,0,4
FFF,2013B,511340,0,Ireland,Lower Than A Level,20-30%,0-35,0,120,0,Fail,9,0,1,0,0,0,0,1,0,0,1,0,0,1,0,4
FFF,2013B,511762,0,North Region,Lower Than A Level,20-Oct,0-35,1,270,1,Distinction,6,1,1,0,0,0,1,1,1,1,0,0,1,0,1,9
FFF,2013B,511990,1,West Midlands Region,A Level or Equivalent,60-70%,0-35,1,120,0,Fail,8,1,1,0,1,0,1,1,0,0,1,1,1,0,0,3
FFF,2013B,512305,0,London Region,Lower Than A Level,40-50%,0-35,1,150,0,Withdrawn,9,0,1,1,0,1,1,1,0,1,0,0,1,0,0,4
FFF,2013B,512961,0,London Region,A Level or Equivalent,60-70%,0-35,0,60,0,Fail,13,0,0,0,0,1,0,1,1,1,0,0,1,1,1,5
FFF,2013B,513172,0,Ireland,Lower Than A Level,80-90%,0-35,0,120,0,Fail,15,0,1,0,0,0,1,1,0,1,0,1,1,1,1,10
FFF,2013B,513266,0,North Region,Lower Than A Level,,0-35,1,120,0,Pass,6,0,0,0,1,1,1,0,1,0,0,1,0,0,1,9
FFF,2013B,513268,0,Ireland,Lower Than A Level,60-70%,0-35,0,60,0,Pass,8,1,0,1,0,1,1,0,1,1,0,0,0,0,0,3
FFF,2013B,513428,1,Wales,A Level or Equivalent,0-10%,0-35,1,120,0,Fail,9,0,0,1,0,0,0,1,1,0,0,1,1,1,1,4
FFF,2013B,514096,0,South Region,A Level or Equivalent,70-80%,0-35,0,60,0,Fail,12,0,0,0,1,1,0,0,0,0,1,0,1,1,1,7
FFF,2013B,514580,1,East Midlands Region,A Level or Equivalent,20-30%,0-35,0,120,0,Pass,11,1,1,0,1,1,0,1,1,1,0,0,0,0,0,6
FFF,2013B,514605,0,East Midlands Region,Lower Than A Level,20-30%,0-35,1,180,0,Withdrawn,4,0,1,1,0,0,0,0,1,1,0,1,1,0,1,8
FFF,2013B,514675,0,South West Region,A Level or Equivalent,70-80%,0-35,0,180,0,Pass,9,1,0,0,1,1,0,0,0,0,0,0,1,0,1,4
FFF,2013B,514756,1,West Midlands Region,A Level or Equivalent,30-40%,35-55,0,90,0,Pass,13,1,0,0,0,0,0,1,0,0,0,1,1,0,1,5
FFF,2013B,514903,0,East Midlands Region,A Level or Equivalent,40-50%,0-35,0,150,1,Pass,10,1,1,1,1,0,1,1,1,0,1,1,1,1,0,1
FFF,2013B,514913,0,Yorkshire Region,Lower Than A Level,20-30%,0-35,0,120,1,Withdrawn,1,0,0,1,0,1,1,1,0,1,0,1,1,1,1,2
FFF,2013B,514969,0,North Region,A Level or Equivalent,20-Oct,0-35,1,300,0,Pass,3,1,1,0,0,0,1,1,0,0,0,1,0,1,0,8
FFF,2013B,515070,0,London Region,Lower Than A Level,0-10%,0-35,1,180,0,Fail,8,1,0,1,0,0,1,1,0,1,0,1,1,0,0,3
FFF,2013B,515370,0,North Western Region,Lower Than A Level,80-90%,0-35,0,210,0,Withdrawn,15,0,0,1,0,1,1,1,1,0,1,0,1,1,0,10
FFF,2013B,515844,0,South Region,Lower Than A Level,80-90%,0-35,1,120,0,Fail,10,0,0,1,1,0,0,0,1,0,1,1,0,0,0,1
FFF,2013B,515938,0,Ireland,HE Qualification,90-100%,0-35,0,90,0,Pass,7,0,1,0,1,1,1,1,0,0,1,0,1,1,1,3
FFF,2013B,516222,0,North Region,Lower Than A Level,0-10%,0-35,1,180,0,Withdrawn,10,1,1,0,0,1,1,0,1,1,0,1,0,1,0,1
FFF,2013B,516435,0,Ireland,A Level or Equivalent,20-Oct,0-35,0,60,0,Fail,3,1,0,1,1,1,1,1,0,1,0,1,0,0,0,8
FFF,2013B,516519,0,London Region,Lower Than A Level,20-30%,0-35,1,150,1,Withdrawn,16,0,1,1,1,0,0,0,0,1,0,1,1,1,1,10
FFF,2013B,517062,1,South Region,A Level or Equivalent,90-100%,0-35,0,60,0,Withdrawn,13,1,1,1,0,1,0,0,0,1,0,1,0,0,1,5
FFF,2013B,517195,0,London Region,Lower Than A Level,20-30%,0-35,1,120,0,Fail,15,1,0,0,0,0,1,1,0,0,0,0,0,0,1,10
FFF,2013B,517269,0,Yorkshire Region,Lower Than A Level,0-10%,35-55,1,180,1,Pass,15,0,0,0,1,0,0,0,1,0,1,1,1,0,1,10
FFF,2013B,517349,0,Yorkshire Region,A Level or Equivalent,50-60%,0-35,0,120,0,Withdrawn,15,1,0,1,0,1,1,1,1,1,1,0,1,0,0,10
FFF,2013B,517362,0,South West Region,No Formal quals,30-40%,0-35,1,120,0,Withdrawn,14,0,0,1,1,0,1,1,1,0,0,0,1,0,1,5
FFF,2013B,517486,0,Yorkshire Region,Lower Than A Level,20-Oct,0-35,0,60,0,Fail,1,0,1,0,0,1,0,0,0,1,1,1,1,1,1,2
FFF,2013B,517569,0,North Western Region,A Level or Equivalent,20-Oct,0-35,0,60,0,Pass,13,0,0,1,0,1,1,0,1,0,1,0,0,1,1,5
FFF,2013B,517850,1,North Region,Lower Than A Level,0-10%,0-35,1,210,1,Fail,4,0,1,0,1,0,1,0,1,0,0,1,0,0,0,8
FFF,2013B,518288,0,North Western Region,A Level or Equivalent,50-60%,0-35,0,120,0,Fail,14,1,0,0,1,1,1,0,1,1,0,1,0,1,1,5
FFF,2013B,518385,0,London Region,Lower Than A Level,20-30%,0-35,1,180,1,Withdrawn,7,1,0,1,0,1,1,0,1,1,1,0,0,1,0,3
FFF,2013B,518412,1,North Western Region,A Level or Equivalent,60-70%,0-35,0,120,0,Pass,1,0,0,1,1,0,1,1,1,0,1,1,1,0,0,2
FFF,2013B,518771,0,Wales,Lower Than A Level,20-30%,0-35,1,120,0,Fail,13,1,1,0,0,1,1,1,1,1,0,0,0,1,0,5
FFF,2013B,518831,1,South West Region,Lower Than A Level,30-40%,0-35,0,60,0,Pass,3,0,1,0,0,1,1,1,1,1,1,1,0,1,1,8
FFF,2013B,519155,0,East Anglian Region,Lower Than A Level,70-80%,0-35,1,120,1,Withdrawn,2,1,0,1,0,1,1,0,0,0,0,0,1,0,0,2
FFF,2013B,519472,0,West Midlands Region,A Level or Equivalent,30-40%,0-35,0,60,0,Pass,11,1,0,0,0,0,1,0,0,1,1,1,1,1,0,6
FFF,2013B,519500,0,South East Region,Lower Than A Level,30-40%,0-35,0,120,1,Withdrawn,2,1,1,1,1,0,0,0,0,0,1,1,0,1,1,2
FFF,2013B,519510,0,South Region,Lower Than A Level,30-40%,0-35,0,120,0,Pass,16,1,0,0,0,0,0,0,1,1,1,1,0,1,1,10
FFF,2013B,519540,0,East Anglian Region,A Level or Equivalent,90-100%,35-55,0,60,0,Fail,4,0,0,0,1,1,0,0,0,0,0,1,1,1,0,8
FFF,2013B,519600,1,London Region,A Level or Equivalent,30-40%,0-35,0,90,0,Withdrawn,1,1,1,1,1,1,0,0,0,1,1,0,1,1,0,2
FFF,2013B,519715,0,Scotland,A Level or Equivalent,50-60%,0-35,1,120,0,Pass,2,0,0,1,0,1,0,1,0,0,1,1,0,0,1,2
FFF,2013B,519936,0,North Western Region,Lower Than A Level,90-100%,0-35,0,150,0,Pass,3,0,0,0,0,1,0,0,1,1,1,1,1,1,0,8
FFF,2013B,519969,1,West Midlands Region,Lower Than A Level,0-10%,35-55,0,60,0,Fail,12,1,1,1,1,0,1,0,0,0,0,0,0,0,1,7
FFF,2013B,520061,0,North Region,Lower Than A Level,,35-55,0,120,0,Withdrawn,15,1,0,0,1,0,0,0,1,1,0,1,0,0,1,10
FFF,2013B,520073,0,East Anglian Region,Lower Than A Level,40-50%,0-35,1,180,0,Fail,16,1,0,1,1,1,0,0,1,1,0,1,0,0,0,10
FFF,2013B,520082,0,Wales,A Level or Equivalent,70-80%,0-35,0,60,0,Pass,11,0,1,1,1,0,1,1,1,1,0,0,1,0,0,6
FFF,2013B,520097,0,London Region,HE Qualification,20-Oct,0-35,0,120,0,Distinction,12,1,1,0,1,0,0,1,1,1,1,1,0,0,0,7
FFF,2013B,520153,1,West Midlands Region,Lower Than A Level,40-50%,0-35,0,400,0,Withdrawn,8,0,0,0,0,1,1,1,0,0,1,0,1,1,0,3
FFF,2013B,520187,0,South Region,Lower Than A Level,20-Oct,0-35,0,60,0,Pass,8,0,1,0,1,0,1,0,1,1,0,1,0,1,1,3
FFF,2013B,520307,0,East Anglian Region,A Level or Equivalent,80-90%,0-35,1,120,0,Withdrawn,1,1,1,1,0,1,1,0,0,1,0,0,1,0,1,2
FFF,2013B,520360,1,South Region,HE Qualification,50-60%,35-55,0,120,0,Withdrawn,12,1,0,1,0,1,0,1,1,0,1,0,1,0,1,7
FFF,2013B,520525,0,North Region,A Level or Equivalent,20-30%,0-35,0,60,0,Withdrawn,11,1,0,1,0,0,0,0,1,1,1,0,1,1,1,6
FFF,2013B,520544,0,Wales,Lower Than A Level,50-60%,0-35,0,120,0,Fail,2,1,1,0,0,1,1,0,0,1,0,0,0,0,1,2
FFF,2013B,520711,1,London Region,Lower Than A Level,20-Oct,0-35,0,120,0,Fail,15,0,1,1,1,1,1,0,1,1,0,1,0,1,0,10
FFF,2013B,520857,0,South East Region,A Level or Equivalent,60-70%,0-35,1,120,0,Fail,3,1,1,0,0,1,0,1,1,0,1,1,1,0,0,8
FFF,2013B,520873,0,East Anglian Region,Lower Than A Level,90-100%,0-35,0,120,0,Withdrawn,15,1,1,0,0,1,1,0,1,1,1,1,0,1,0,10
FFF,2013B,521109,0,South Region,Lower Than A Level,20-30%,0-35,1,180,0,Withdrawn,4,1,1,0,0,1,0,0,0,1,1,0,0,1,1,8
FFF,2013B,521377,0,Ireland,A Level or Equivalent,90-100%,0-35,0,150,0,Withdrawn,16,0,0,1,0,1,1,1,0,0,0,0,1,0,1,10
FFF,2013B,521526,0,West Midlands Region,A Level or Equivalent,80-90%,0-35,0,120,0,Pass,13,0,1,0,1,0,1,0,0,0,1,0,0,1,1,5
FFF,2013B,522023,1,Scotland,HE Qualification,20-Oct,0-35,1,150,0,Fail,8,1,1,0,0,0,1,0,1,1,0,1,1,1,1,3
FFF,2013B,522433,1,Yorkshire Region,A Level or Equivalent,0-10%,35-55,0,60,0,Fail,9,1,1,1,0,0,1,1,1,0,1,0,1,1,1,4
FFF,2013B,522479,0,London Region,Lower Than A Level,20-30%,0-35,1,120,0,Fail,3,1,0,0,1,1,1,1,1,1,0,1,0,0,0,8
FFF,2013B,522718,0,Yorkshire Region,Lower Than A Level,20-Oct,0-35,1,150,0,Pass,15,1,1,0,0,1,0,1,1,0,0,1,0,0,0,10
FFF,2013B,522743,0,South West Region,Lower Than A Level,50-60%,0-35,0,60,0,Pass,16,1,1,1,0,1,1,1,0,1,1,0,0,0,1,10
FFF,2013B,522850,0,Ireland,Lower Than A Level,,0-35,0,120,0,Pass,1,0,1,1,1,1,1,0,0,0,1,0,0,1,1,2
FFF,2013B,522859,0,South East Region,A Level or Equivalent,40-50%,0-35,0,60,0,Pass,6,1,1,1,0,1,1,0,1,0,0,0,0,0,1,9
FFF,2013B,522862,0,Wales,A Level or Equivalent,90-100%,0-35,1,180,0,Withdrawn,14,1,0,0,1,0,1,0,1,0,0,0,0,0,1,5
FFF,2013B,522923,0,North Western Region,Lower Than A Level,0-10%,0-35,1,120,0,Pass,4,1,1,1,1,0,1,0,1,0,1,0,1,1,1,8
FFF,2013B,523142,0,South Region,Lower Than A Level,30-40%,0-35,1,120,0,Fail,7,0,0,1,1,1,1,1,1,0,0,0,1,1,1,3
FFF,2013B,523335,0,Ireland,HE Qualification,50-60%,0-35,0,60,0,Fail,13,0,0,0,0,0,1,0,0,1,0,1,1,1,0,5
FFF,2013B,523700,0,Scotland,A Level or Equivalent,30-40%,0-35,0,90,0,Fail,3,0,1,1,1,0,0,0,1,0,1,1,1,0,0,8
FFF,2013B,523833,0,East Midlands Region,Lower Than A Level,80-90%,35-55,0,120,0,Pass,16,0,0,1,1,0,0,1,1,0,1,1,0,0,0,10
FFF,2013B,523841,0,Yorkshire Region,A Level or Equivalent,80-90%,0-35,0,120,0,Fail,2,1,1,1,0,0,1,1,0,0,0,1,1,0,1,2
FFF,2013B,523940,0,North Western Region,A Level or Equivalent,0-10%,0-35,0,60,0,Distinction,7,0,0,0,0,0,0,1,0,0,1,1,1,1,0,3
FFF,2013B,524227,0,East Anglian Region,A Level or Equivalent,70-80%,0-35,0,60,0,Pass,14,1,0,1,0,0,0,0,1,0,0,0,0,1,1,5
FFF,2013B,524361,0,Yorkshire Region,HE Qualification,20-Oct,0-35,1,180,0,Pass,15,0,1,0,1,0,0,1,1,0,1,1,0,1,1,10
FFF,2013B,524377,1,South East Region,A Level or Equivalent,40-50%,0-35,0,60,1,Pass,13,1,0,0,1,0,0,0,0,1,0,0,0,0,1,5
FFF,2013B,524431,1,South Region,A Level or Equivalent,0-10%,0-35,0,60,0,Withdrawn,15,0,1,1,1,1,1,0,0,0,0,1,1,0,0,10
FFF,2013B,524466,0,South Region,A Level or Equivalent,70-80%,0-35,1,150,0,Pass,13,1,0,0,1,0,1,0,0,1,1,0,0,1,0,5
FFF,2013B,524609,0,West Midlands Region,Lower Than A Level,20-Oct,35-55,1,120,0,Withdrawn,7,0,0,0,0,1,0,0,1,0,0,0,0,0,1,3
FFF,2013B,524825,0,North Western Region,A Level or Equivalent,20-Oct,35-55,0,60,0,Pass,11,0,1,1,1,1,0,1,1,0,0,1,1,1,0,6
FFF,2013B,524984,1,East Midlands Region,Lower Than A Level,30-40%,0-35,0,120,0,Withdrawn,11,1,0,1,0,0,0,0,1,0,1,0,0,1,1,6
FFF,2013B,525353,0,West Midlands Region,A Level or Equivalent,70-80%,0-35,0,120,0,Withdrawn,9,0,0,1,1,1,0,1,0,0,0,1,0,0,1,4
FFF,2013B,525412,0,Yorkshire Region,Lower Than A Level,30-40%,0-35,0,60,0,Pass,2,1,1,1,0,0,0,1,1,0,1,0,0,0,1,2
FFF,2013B,525469,0,North Region,Lower Than A Level,,0-35,1,120,0,Pass,7,1,1,1,0,0,1,0,0,0,0,0,0,0,0,3
FFF,2013B,525490,0,East Midlands Region,A Level or Equivalent,70-80%,0-35,0,120,0,Fail,3,0,1,0,1,1,0,1,1,0,0,1,0,1,1,8
FFF,2013B,525512,0,East Midlands Region,A Level or Equivalent,20-30%,0-35,1,120,0,Pass,7,1,0,0,0,0,0,1,1,0,0,1,0,0,1,3
FFF,2013B,525557,0,East Midlands Region,Lower Than A Level,20-Oct,0-35,1,180,0,Fail,2,0,0,0,0,1,1,1,0,1,1,1,0,0,1,2
FFF,2013B,525624,0,Yorkshire Region,HE Qualification,50-60%,0-35,0,120,0,Pass,7,1,1,0,0,0,1,1,1,0,0,0,0,0,0,3
FFF,2013B,525632,0,Ireland,A Level or Equivalent,,35-55,1,210,0,Pass,2,0,1,1,0,1,0,1,1,0,0,1,1,0,0,2
FFF,2013B,525700,1,London Region,A Level or Equivalent,20-Oct,0-35,0,120,0,Distinction,7,0,0,1,0,1,1,0,0,1,1,0,1,0,0,3
FFF,2013B,526060,0,London Region,Lower Than A Level,20-30%,0-35,0,60,0,Withdrawn,5,1,1,1,1,0,0,0,1,0,0,1,1,1,1,9
FFF,2013B,526151,0,Ireland,A Level or Equivalent,0-10%,0-35,1,150,0,Pass,7,1,1,1,0,1,0,0,0,0,0,0,1,1,1,3
FFF,2013B,526303,0,Ireland,HE Qualification,,0-35,1,120,0,Withdrawn,16,0,0,0,1,0,1,1,0,0,1,0,1,1,1,10
FFF,2013B,526356,0,Yorkshire Region,A Level or Equivalent,0-10%,0-35,1,150,0,Withdrawn,14,1,0,1,0,1,0,1,0,0,0,1,0,1,1,5
FFF,2013B,526417,1,London Region,A Level or Equivalent,90-100%,0-35,0,60,0,Distinction,9,1,0,0,0,0,1,0,1,1,1,1,0,1,1,4
FFF,2013B,526420,0,East Midlands Region,Lower Than A Level,30-40%,0-35,0,120,0,Withdrawn,4,0,1,0,1,0,1,1,1,1,0,0,0,0,1,8
FFF,2013B,526527,0,London Region,Lower Than A Level,20-30%,0-35,0,60,0,Fail,5,1,0,0,0,0,1,0,0,0,0,0,1,1,1,9
FFF,2013B,526549,0,South Region,A Level or Equivalent,70-80%,0-35,1,180,0,Pass,16,0,0,0,0,0,0,0,0,0,1,1,1,1,1,10
FFF,2013B,526551,0,East Anglian Region,A Level or Equivalent,60-70%,0-35,0,60,0,Pass,7,0,1,1,0,1,1,0,1,0,1,0,0,1,1,3
FFF,2013B,526559,1,London Region,Lower Than A Level,20-Oct,0-35,1,180,0,Pass,15,1,0,1,0,1,1,1,1,0,0,0,1,0,1,10
FFF,2013B,526589,0,East Anglian Region,Lower Than A Level,90-100%,35-55,1,120,0,Fail,9,0,0,0,0,0,1,1,0,0,0,0,0,1,0,4
FFF,2013B,526761,1,South East Region,A Level or Equivalent,60-70%,0-35,0,60,0,Fail,5,0,1,1,0,1,0,0,1,1,1,1,1,1,1,9
FFF,2013B,526818,0,North Western Region,Lower Than A Level,20-Oct,0-35,0,60,0,Pass,16,1,1,1,1,1,0,0,1,0,1,0,0,1,1,10
FFF,2013B,526819,0,London Region,A Level or Equivalent,20-Oct,0-35,1,150,0,Fail,13,1,1,1,1,0,0,0,0,1,0,0,1,1,1,5
FFF,2013B,526896,0,Wales,Lower Than A Level,50-60%,0-35,0,60,1,Pass,6,1,0,0,0,0,1,0,0,0,0,0,0,0,1,9
FFF,2013B,526927,0,Scotland,A Level or Equivalent,20-Oct,0-35,0,120,0,Pass,1,1,0,1,0,0,0,0,1,0,1,0,0,1,1,2
FFF,2013B,526980,0,East Anglian Region,Lower Than A Level,50-60%,0-35,0,60,0,Fail,14,1,0,1,0,0,0,0,1,0,0,0,0,0,1,5
FFF,2013B,527225,1,Ireland,HE Qualification,,0-35,0,120,0,Pass,6,0,0,1,1,1,0,1,1,0,1,1,0,1,0,9
FFF,2013B,527505,0,South West Region,Lower Than A Level,50-60%,0-35,0,90,0,Withdrawn,5,1,0,1,1,1,0,1,1,1,0,0,1,1,0,9
FFF,2013B,527601,1,West Midlands Region,Lower Than A Level,50-60%,0-35,0,60,0,Withdrawn,15,0,1,0,0,1,1,0,0,1,0,1,0,1,1,10
FFF,2013B,527622,0,North Western Region,Lower Than A Level,0-10%,0-35,0,60,0,Pass,11,0,1,0,1,1,1,0,1,0,0,0,1,0,0,6
FFF,2013B,527685,0,South Region,Lower Than A Level,50-60%,0-35,1,120,1,Fail,3,1,1,0,1,1,1,1,0,1,1,1,1,0,0,8
FFF,2013B,527744,1,Wales,A Level or Equivalent,20-Oct,0-35,0,60,0,Withdrawn,4,1,1,1,1,0,1,0,1,1,0,0,0,1,1,8
FFF,2013B,527927,0,North Region,Lower Than A Level,,35-55,1,180,0,Withdrawn,11,1,0,0,1,0,0,1,1,0,1,0,0,1,0,6
FFF,2013B,527991,0,South East Region,A Level or Equivalent,80-90%,0-35,1,120,0,Fail,16,0,1,0,0,0,1,1,0,0,0,1,0,0,0,10
FFF,2013B,528071,0,Yorkshire Region,Lower Than A Level,0-10%,35-55,0,60,1,Withdrawn,10,1,0,0,1,1,1,1,0,0,0,0,1,1,1,1
FFF,2013B,528075,0,London Region,A Level or Equivalent,70-80%,0-35,0,60,0,Distinction,5,0,1,0,0,0,0,1,0,1,1,0,0,1,0,9
FFF,2013B,528264,0,Yorkshire Region,A Level or Equivalent,30-40%,0-35,1,120,0,Withdrawn,5,1,0,0,0,1,1,0,1,1,0,0,0,0,0,9
FFF,2013B,528270,1,South West Region,Lower Than A Level,70-80%,0-35,0,180,0,Withdrawn,3,1,0,1,1,1,0,0,0,1,1,0,0,1,1,8
FFF,2013B,528302,0,North Region,Lower Than A Level,0-10%,0-35,0,90,0,Fail,14,0,1,0,1,0,0,0,1,0,1,0,0,0,0,5
FFF,2013B,528351,0,North Western Region,A Level or Equivalent,40-50%,0-35,1,120,0,Distinction,10,0,0,0,1,1,0,1,1,0,0,0,0,0,1,1
FFF,2013B,528424,0,Yorkshire Region,A Level or Equivalent,0-10%,35-55,0,60,0,Fail,1,1,1,1,0,1,1,1,1,1,1,0,0,0,0,2
FFF,2013B,528509,0,West Midlands Region,HE Qualification,60-70%,35-55,0,60,0,Fail,10,0,0,1,0,1,1,1,0,0,0,0,1,0,1,1
FFF,2013B,528517,0,South Region,A Level or Equivalent,80-90%,0-35,0,60,0,Pass,8,0,1,1,1,0,0,1,1,1,1,0,1,0,1,3
FFF,2013B,528662,0,East Midlands Region,Lower Than A Level,20-30%,0-35,0,60,0,Fail,3,1,0,0,0,1,1,1,0,0,1,0,1,1,1,8
FFF,2013B,528713,0,London Region,Lower Than A Level,0-10%,0-35,0,60,0,Withdrawn,15,0,0,0,0,0,1,1,0,1,1,0,1,1,1,10
FFF,2013B,528734,0,South East Region,Lower Than A Level,60-70%,0-35,1,120,0,Pass,7,0,0,1,0,0,1,1,1,1,0,0,0,0,1,3
FFF,2013B,528782,0,Yorkshire Region,A Level or Equivalent,20-30%,0-35,0,60,0,Withdrawn,13,0,0,1,1,0,0,1,1,0,0,1,1,0,0,5
FFF,2013B,528879,0,Yorkshire Region,A Level or Equivalent,40-50%,0-35,0,120,0,Withdrawn,7,1,0,1,0,0,0,1,1,1,0,1,0,1,0,3
FFF,2013B,528992,0,South Region,A Level or Equivalent,90-100%,0-35,0,90,0,Pass,15,1,0,1,1,1,0,0,0,1,0,0,0,0,1,10
FFF,2013B,528996,1,North Western Region,No Formal quals,0-10%,0-35,0,120,0,Withdrawn,8,1,1,1,1,0,1,0,0,0,0,1,0,1,0,3
FFF,2013B,529030,0,London Region,A Level or Equivalent,30-40%,0-35,1,120,0,Pass,13,1,1,0,1,0,0,1,0,0,0,1,0,0,1,5
FFF,2013B,529097,0,South West Region,A Level or Equivalent,90-100%,0-35,0,60,0,Pass,12,1,1,1,0,1,0,0,0,1,1,0,1,0,0,7
FFF,2013B,529175,0,North Western Region,Lower Than A Level,60-70%,35-55,0,60,0,Fail,14,1,0,1,0,1,0,1,1,1,1,0,1,0,1,5
FFF,2013B,529240,0,Scotland,A Level or Equivalent,0-10%,0-35,1,120,0,Pass,7,1,0,0,1,0,0,1,1,1,0,1,1,0,1,3
FFF,2013B,529277,0,North Western Region,A Level or Equivalent,0-10%,35-55,1,120,0,Withdrawn,16,0,1,0,1,1,0,1,1,1,0,0,0,1,0,10
FFF,2013B,529297,0,West Midlands Region,HE Qualification,30-40%,0-35,0,60,0,Pass,1,1,1,1,0,1,1,1,1,1,0,0,1,1,0,2
FFF,2013B,529349,1,East Anglian Region,A Level or Equivalent,80-90%,0-35,1,150,0,Distinction,6,1,1,0,0,1,1,1,1,1,0,0,0,0,1,9
FFF,2013B,529366,0,West Midlands Region,Lower Than A Level,20-30%,0-35,0,150,0,Pass,5,1,1,1,1,1,1,0,1,0,0,1,1,0,1,9
FFF,2013B,529381,0,London Region,Lower Than A Level,30-40%,35-55,0,60,0,Withdrawn,2,1,0,0,0,0,0,1,1,0,1,1,0,1,0,2
FFF,2013B,529412,0,East Midlands Region,Lower Than A Level,80-90%,0-35,1,180,0,Fail,7,1,0,0,0,0,0,1,1,0,1,1,1,1,1,3
FFF,2013B,529486,0,East Midlands Region,Lower Than A Level,60-70%,35-55,0,90,0,Pass,1,0,1,0,1,0,0,1,0,1,0,1,1,1,0,2
FFF,2013B,529493,0,East Anglian Region,A Level or Equivalent,40-50%,35-55,0,60,1,Pass,1,0,0,0,0,0,0,1,1,1,1,1,1,1,1,2
FFF,2013B,529561,0,South Region,A Level or Equivalent,90-100%,0-35,0,120,0,Distinction,5,0,1,1,1,1,1,1,1,0,0,1,1,1,1,9
FFF,2013B,529563,0,South Region,A Level or Equivalent,90-100%,0-35,0,120,0,Pass,1,1,1,0,1,0,1,1,1,1,0,0,0,1,1,2
FFF,2013B,529565,0,South West Region,A Level or Equivalent,80-90%,0-35,0,120,0,Pass,9,0,1,0,1,0,0,0,0,0,0,1,0,1,1,4
FFF,2013B,529566,0,South Region,A Level or Equivalent,90-100%,0-35,0,120,0,Pass,12,0,0,1,0,1,0,0,0,0,1,1,0,0,1,7
FFF,2013B,529567,0,South Region,A Level or Equivalent,90-100%,0-35,0,120,0,Distinction,4,1,1,0,0,1,0,1,0,1,0,0,1,0,1,8
FFF,2013B,529569,1,London Region,No Formal quals,60-70%,0-35,0,120,0,Pass,9,1,0,1,0,1,1,1,0,0,1,0,0,1,1,4
FFF,2013B,529572,0,East Anglian Region,A Level or Equivalent,90-100%,0-35,0,120,0,Fail,10,1,1,0,1,1,0,0,0,1,0,0,1,1,0,1
FFF,2013B,529644,0,South Region,A Level or Equivalent,50-60%,0-35,1,120,0,Pass,4,0,0,0,1,0,0,0,1,1,0,1,1,0,1,8
FFF,2013B,529689,0,Scotland,Lower Than A Level,80-90%,0-35,0,60,0,Pass,16,0,1,0,1,1,0,0,0,1,1,0,1,0,0,10
FFF,2013B,529762,1,South West Region,Lower Than A Level,20-30%,0-35,0,60,0,Pass,16,1,1,0,0,0,0,0,0,0,1,1,1,0,0,10
FFF,2013B,529834,0,South Region,Lower Than A Level,20-30%,0-35,0,60,0,Fail,5,0,0,0,0,0,1,1,1,0,1,1,0,0,0,9
FFF,2013B,529864,0,Yorkshire Region,Lower Than A Level,60-70%,0-35,0,120,0,Fail,5,0,1,1,1,0,0,0,0,1,1,0,1,1,0,9
FFF,2013B,529870,0,North Region,A Level or Equivalent,60-70%,35-55,1,120,0,Distinction,14,0,1,1,0,0,1,0,0,1,1,0,0,0,1,5
FFF,2013B,529871,0,East Anglian Region,A Level or Equivalent,40-50%,0-35,1,150,0,Pass,14,0,0,0,0,1,1,0,1,1,0,1,1,1,1,5
FFF,2013B,529991,0,South Region,Lower Than A Level,80-90%,35-55,1,120,0,Fail,13,1,0,1,1,0,1,1,0,0,0,1,1,0,1,5
FFF,2013B,530057,0,South Region,Lower Than A Level,30-40%,0-35,0,90,0,Pass,2,0,1,1,0,1,1,1,0,0,1,0,0,0,0,2
FFF,2013B,530296,0,South Region,A Level or Equivalent,40-50%,0-35,1,120,0,Pass,12,1,1,1,1,0,0,0,1,0,0,1,1,1,1,7
FFF,2013B,530344,1,Scotland,A Level or Equivalent,20-Oct,35-55,0,75,0,Pass,7,1,0,1,1,1,1,0,0,1,1,0,0,1,1,3
FFF,2013B,530445,1,London Region,Post Graduate Qualification,20-30%,35-55,0,60,0,Distinction,6,1,1,0,1,1,1,0,0,0,0,1,0,1,0,9
FFF,2013B,530558,0,Ireland,Lower Than A Level,80-90%,0-35,0,60,0,Pass,5,1,0,0,1,1,0,0,0,0,0,1,1,1,0,9
FFF,2013B,530567,0,Wales,HE Qualification,20-30%,0-35,1,120,0,Distinction,3,1,0,0,1,0,1,0,0,0,0,1,0,0,0,8
FFF,2013B,530676,0,East Midlands Region,Lower Than A Level,60-70%,0-35,0,120,0,Withdrawn,11,0,1,1,0,0,0,1,1,0,1,1,0,1,0,6
FFF,2013B,530736,0,South Region,HE Qualification,90-100%,0-35,1,180,0,Pass,16,1,0,1,1,1,0,1,0,1,1,0,1,0,1,10
FFF,2013B,530802,0,South Region,Lower Than A Level,40-50%,35-55,0,60,0,Distinction,8,0,1,0,0,0,0,0,0,1,1,1,0,0,1,3
FFF,2013B,530852,0,Wales,Lower Than A Level,20-Oct,0-35,0,120,0,Withdrawn,2,0,1,1,1,1,1,1,0,1,0,0,0,0,0,2
FFF,2013B,530853,0,East Midlands Region,Lower Than A Level,0-10%,35-55,0,120,0,Fail,9,0,1,1,1,1,0,1,1,0,0,0,0,1,1,4
FFF,2013B,530862,0,South Region,A Level or Equivalent,90-100%,35-55,0,120,0,Pass,16,0,1,1,0,1,0,1,1,0,1,0,0,0,0,10
FFF,2013B,530944,0,South East Region,A Level or Equivalent,60-70%,0-35,0,90,0,Distinction,7,0,0,1,0,0,1,1,0,0,0,1,1,1,1,3
FFF,2013B,531077,0,East Midlands Region,A Level or Equivalent,20-Oct,0-35,0,60,0,Distinction,8,1,1,0,0,1,0,1,0,1,1,1,1,0,0,3
FFF,2013B,531124,0,West Midlands Region,A Level or Equivalent,60-70%,0-35,0,60,0,Pass,13,1,1,1,0,1,0,0,1,1,1,1,1,0,0,5
FFF,2013B,531182,0,London Region,Lower Than A Level,80-90%,0-35,1,120,0,Pass,4,0,0,1,1,1,1,0,1,0,0,1,1,1,0,8
FFF,2013B,531190,0,East Midlands Region,A Level or Equivalent,30-40%,0-35,0,180,0,Pass,9,0,0,1,1,1,1,0,1,0,1,1,1,0,1,4
FFF,2013B,531251,0,Scotland,HE Qualification,70-80%,0-35,0,120,0,Withdrawn,5,1,1,1,0,0,1,1,1,1,0,1,1,0,1,9
FFF,2013B,531270,0,North Region,A Level or Equivalent,,0-35,1,120,0,Pass,2,1,0,0,0,1,0,0,0,0,1,1,1,0,1,2
FFF,2013B,531294,0,North Region,A Level or Equivalent,,0-35,1,120,0,Pass,16,1,1,1,0,0,1,1,0,0,1,0,0,0,0,10
FFF,2013B,531397,1,South East Region,Lower Than A Level,0-10%,0-35,0,60,0,Fail,12,0,0,0,1,0,1,1,0,0,0,0,1,1,1,7
FFF,2013B,531448,0,South Region,A Level or Equivalent,20-30%,0-35,0,60,0,Fail,3,0,0,1,1,1,1,0,1,0,1,1,1,1,1,8
FFF,2013B,531629,0,London Region,HE Qualification,60-70%,35-55,0,60,0,Pass,7,0,1,0,1,0,0,1,0,1,0,1,1,1,0,3
FFF,2013B,531667,0,West Midlands Region,A Level or Equivalent,50-60%,35-55,0,120,0,Withdrawn,8,1,0,1,1,0,1,0,0,0,1,0,0,1,1,3
FFF,2013B,531709,0,Ireland,Lower Than A Level,90-100%,0-35,0,90,0,Distinction,2,0,0,1,1,0,0,1,1,1,0,1,1,1,0,2
FFF,2013B,531791,1,Scotland,A Level or Equivalent,20-Oct,0-35,0,120,0,Fail,6,1,1,0,0,1,1,1,1,0,0,1,1,1,0,9
FFF,2013B,531866,0,Yorkshire Region,A Level or Equivalent,70-80%,35-55,0,60,0,Withdrawn,15,1,1,0,1,1,1,1,0,0,1,0,0,0,0,10
FFF,2013B,531894,0,East Midlands Region,A Level or Equivalent,90-100%,0-35,1,180,0,Withdrawn,3,1,0,0,0,1,0,1,0,0,0,0,1,1,0,8
FFF,2013B,531905,1,South East Region,No Formal quals,60-70%,0-35,0,180,0,Pass,12,1,1,0,0,1,0,0,1,0,0,1,0,1,0,7
FFF,2013B,532049,0,North Western Region,Lower Than A Level,20-Oct,0-35,0,60,0,Fail,6,1,1,1,1,0,1,1,0,1,1,0,0,1,0,9
FFF,2013B,532050,0,Scotland,HE Qualification,40-50%,0-35,0,60,0,Fail,7,0,0,0,0,1,1,0,1,1,1,0,1,1,0,3
FFF,2013B,532062,0,East Anglian Region,Lower Than A Level,40-50%,0-35,1,120,0,Withdrawn,13,1,1,1,1,0,1,1,1,0,0,0,1,1,0,5
FFF,2013B,532428,0,Ireland,Lower Than A Level,,0-35,0,120,0,Fail,10,0,0,0,0,1,0,1,1,1,0,1,1,1,0,1
FFF,2013B,532436,1,Yorkshire Region,HE Qualification,20-30%,0-35,0,120,0,Pass,2,1,0,0,1,1,0,1,0,1,1,1,1,0,0,2
FFF,2013B,532464,0,Yorkshire Region,A Level or Equivalent,70-80%,0-35,0,120,0,Fail,3,0,0,1,1,1,1,0,0,0,1,1,0,1,1,8
FFF,2013B,532476,0,North Region,A Level or Equivalent,40-50%,0-35,0,60,0,Withdrawn,4,1,1,1,1,1,0,0,0,0,0,1,0,0,0,8
FFF,2013B,532575,0,West Midlands Region,Lower Than A Level,40-50%,0-35,0,120,0,Withdrawn,15,0,0,0,0,0,1,1,1,1,1,0,1,1,1,10
FFF,2013B,532578,0,North Western Region,A Level or Equivalent,50-60%,0-35,0,60,0,Pass,3,1,0,1,0,0,1,0,1,0,0,0,0,1,0,8
FFF,2013B,532579,0,North Western Region,A Level or Equivalent,20-30%,0-35,0,60,0,Pass,7,1,1,0,0,0,1,0,0,1,1,1,0,1,0,3
FFF,2013B,532589,0,East Anglian Region,A Level or Equivalent,20-Oct,0-35,0,120,0,Fail,4,0,1,1,0,1,1,0,0,0,1,0,1,0,0,8
FFF,2013B,532608,0,Yorkshire Region,Lower Than A Level,20-30%,35-55,0,60,0,Pass,4,0,0,0,1,1,1,1,0,1,0,0,0,0,1,8
FFF,2013B,532627,0,South Region,Lower Than A Level,60-70%,0-35,0,60,0,Pass,9,0,1,1,1,0,1,0,0,1,0,1,1,1,0,4
FFF,2013B,532703,0,London Region,Lower Than A Level,20-30%,0-35,0,60,0,Withdrawn,16,1,0,0,1,0,0,0,1,1,0,1,1,0,0,10
FFF,2013B,532715,1,Scotland,Lower Than A Level,90-100%,0-35,0,120,0,Pass,9,0,0,1,1,0,0,1,0,1,1,0,1,1,0,4
FFF,2013B,532968,0,Wales,HE Qualification,20-30%,35-55,1,120,0,Pass,1,1,0,1,0,1,1,1,1,1,0,1,1,0,1,2
FFF,2013B,533016,0,South Region,A Level or Equivalent,70-80%,0-35,0,60,0,Withdrawn,2,0,1,0,0,1,1,0,0,0,1,0,1,1,1,2
FFF,2013B,533044,0,North Region,A Level or Equivalent,,0-35,0,60,0,Pass,15,1,0,1,0,1,1,0,1,0,0,1,1,0,0,10
FFF,2013B,533134,0,North Western Region,A Level or Equivalent,50-60%,0-35,0,90,0,Pass,2,0,0,0,0,0,0,1,0,1,0,1,0,1,1,2
FFF,2013B,533172,0,South West Region,A Level or Equivalent,20-Oct,0-35,0,60,0,Pass,16,1,1,0,0,1,1,1,0,1,0,1,0,1,1,10
FFF,2013B,533198,1,East Anglian Region,Lower Than A Level,60-70%,35-55,0,120,1,Withdrawn,8,1,0,1,0,0,1,1,0,0,1,1,0,1,0,3
FFF,2013B,533201,0,East Anglian Region,Lower Than A Level,30-40%,0-35,0,120,0,Pass,9,1,1,0,0,0,0,0,0,0,1,1,1,0,1,4
FFF,2013B,533321,0,East Midlands Region,Lower Than A Level,30-40%,0-35,0,60,0,Distinction,15,1,0,0,0,0,1,1,0,1,1,1,0,0,0,10
FFF,2013B,533348,0,North Region,Lower Than A Level,30-40%,0-35,0,90,0,Withdrawn,2,1,0,0,1,1,0,1,0,1,1,1,0,1,1,2
FFF,2013B,533458,0,North Western Region,A Level or Equivalent,0-10%,0-35,0,120,0,Withdrawn,1,0,1,0,0,0,1,1,0,1,0,1,0,1,1,2
FFF,2013B,533485,0,East Midlands Region,Lower Than A Level,20-Oct,0-35,0,60,0,Pass,2,1,1,1,0,0,1,0,1,1,1,1,1,0,0,2
FFF,2013B,533535,0,Ireland,HE Qualification,,0-35,0,180,0,Pass,15,0,0,1,1,1,1,0,0,1,0,0,1,0,1,10
FFF,2013B,533614,0,Ireland,A Level or Equivalent,50-60%,0-35,0,60,0,Distinction,9,0,0,1,0,1,1,1,0,1,1,1,1,1,0,4
FFF,2013B,533709,0,East Midlands Region,A Level or Equivalent,80-90%,0-35,0,120,1,Fail,9,0,0,0,0,0,1,0,1,1,1,1,1,1,1,4
FFF,2013B,533874,0,London Region,A Level or Equivalent,0-10%,0-35,0,90,0,Withdrawn,13,0,1,0,1,1,1,1,1,0,0,1,1,0,0,5
FFF,2013B,533929,0,East Midlands Region,A Level or Equivalent,20-Oct,0-35,0,90,0,Distinction,6,1,1,0,1,1,1,1,1,1,0,0,0,1,1,9
FFF,2013B,533944,0,North Western Region,Lower Than A Level,0-10%,0-35,0,60,0,Withdrawn,12,0,1,1,0,1,1,1,1,1,0,0,1,1,1,7
FFF,2013B,533997,0,Ireland,Lower Than A Level,30-40%,35-55,0,60,0,Withdrawn,5,1,0,0,0,1,0,0,1,1,1,0,1,0,0,9
FFF,2013B,534014,0,Yorkshire Region,Lower Than A Level,50-60%,0-35,0,180,0,Fail,9,0,0,1,1,1,0,0,1,1,0,0,1,0,1,4
FFF,2013B,534037,0,East Anglian Region,Lower Than A Level,90-100%,35-55,0,60,0,Pass,15,0,0,1,0,1,0,0,1,0,1,0,1,1,1,10
FFF,2013B,534064,0,Scotland,Lower Than A Level,40-50%,0-35,0,120,0,Pass,10,0,1,0,1,1,0,0,1,1,0,1,1,0,1,1
FFF,2013B,534234,0,Yorkshire Region,Lower Than A Level,20-30%,35-55,0,60,0,Fail,9,0,1,1,1,1,1,1,0,1,1,1,1,1,1,4
FFF,2013B,534346,0,West Midlands Region,A Level or Equivalent,50-60%,0-35,0,60,0,Fail,7,1,0,0,0,0,1,1,0,1,0,1,1,1,1,3
FFF,2013B,534431,1,South Region,HE Qualification,70-80%,0-35,0,60,0,Pass,5,1,1,1,0,0,0,0,0,1,0,1,0,1,1,9
FFF,2013B,534602,0,South West Region,A Level or Equivalent,70-80%,0-35,0,60,0,Distinction,5,1,0,1,1,0,1,1,0,0,1,0,1,0,1,9
FFF,2013B,534609,0,Scotland,Lower Than A Level,30-40%,0-35,0,60,0,Fail,12,1,0,0,1,1,0,0,1,1,1,0,0,0,0,7
FFF,2013B,534750,0,East Midlands Region,A Level or Equivalent,80-90%,0-35,0,120,0,Fail,5,0,0,1,0,1,0,1,1,1,0,0,1,1,1,9
FFF,2013B,534784,0,North Western Region,Lower Than A Level,30-40%,0-35,0,60,0,Pass,8,1,0,0,1,0,0,0,1,1,1,1,1,0,0,3
FFF,2013B,534792,1,South West Region,Lower Than A Level,90-100%,35-55,0,120,0,Pass,3,0,0,0,1,0,1,1,0,0,1,1,1,1,0,8
FFF,2013B,534854,0,London Region,A Level or Equivalent,60-70%,0-35,0,120,1,Fail,14,0,0,0,1,0,0,1,1,1,0,1,1,0,0,5
FFF,2013B,534856,0,Ireland,A Level or Equivalent,50-60%,0-35,0,60,0,Pass,9,1,1,1,1,1,1,0,0,1,0,1,0,0,0,4
FFF,2013B,534892,0,Ireland,A Level or Equivalent,40-50%,0-35,0,90,0,Fail,1,1,1,0,0,0,1,1,0,0,1,1,0,0,1,2
FFF,2013B,534913,0,Ireland,A Level or Equivalent,90-100%,0-35,0,120,0,Pass,11,1,0,0,1,0,0,1,0,1,0,0,0,1,0,6
FFF,2013B,534944,1,East Midlands Region,Lower Than A Level,70-80%,0-35,0,90,0,Withdrawn,3,0,0,0,1,1,1,1,1,1,1,0,1,0,1,8
FFF,2013B,534952,0,South West Region,A Level or Equivalent,60-70%,0-35,0,60,0,Pass,1,0,0,0,0,0,1,0,0,0,0,1,1,1,0,2
FFF,2013B,534958,0,West Midlands Region,A Level or Equivalent,80-90%,0-35,0,60,0,Pass,15,0,0,0,1,1,0,1,0,1,1,0,0,0,0,10
FFF,2013B,534962,1,West Midlands Region,Lower Than A Level,40-50%,35-55,0,60,1,Withdrawn,11,1,0,1,0,1,1,0,0,1,1,1,0,0,1,6
FFF,2013B,534989,0,East Midlands Region,Lower Than A Level,20-Oct,0-35,0,60,0,Pass,13,1,1,0,1,0,1,1,1,1,0,1,1,1,0,5
FFF,2013B,535037,0,Scotland,Post Graduate Qualification,60-70%,35-55,0,60,0,Pass,1,0,0,1,1,0,1,0,1,0,1,0,0,1,0,2
FFF,2013B,535052,0,Ireland,Lower Than A Level,50-60%,0-35,0,60,0,Withdrawn,15,1,1,0,0,1,0,1,0,0,1,1,1,1,1,10
FFF,2013B,535228,0,South Region,A Level or Equivalent,20-Oct,0-35,0,60,0,Withdrawn,12,1,0,1,1,0,1,0,1,1,1,1,0,0,0,7
FFF,2013B,535276,0,Ireland,A Level or Equivalent,,0-35,0,60,0,Withdrawn,1,0,1,1,0,0,1,1,0,0,1,0,0,0,1,2
FFF,2013B,535324,0,South Region,Lower Than A Level,60-70%,0-35,0,60,1,Fail,14,0,0,1,0,0,1,1,1,1,0,1,1,0,1,5
FFF,2013B,535390,0,Wales,Lower Than A Level,30-40%,0-35,0,60,0,Withdrawn,8,0,1,0,1,1,1,0,1,0,1,1,1,0,0,3
FFF,2013B,535460,0,London Region,A Level or Equivalent,60-70%,0-35,0,90,0,Fail,12,0,0,1,1,0,0,1,1,1,1,1,1,0,0,7
FFF,2013B,535628,0,Ireland,A Level or Equivalent,80-90%,0-35,0,60,0,Pass,3,0,0,0,1,1,0,0,1,0,0,1,0,0,0,8
FFF,2013B,535662,0,East Anglian Region,HE Qualification,40-50%,0-35,0,60,0,Pass,1,1,0,1,1,1,0,1,1,1,0,1,1,1,1,2
FFF,2013B,535761,0,London Region,Lower Than A Level,20-Oct,0-35,0,90,0,Withdrawn,13,0,0,1,1,0,0,1,1,1,0,0,1,0,0,5
FFF,2013B,535804,0,East Anglian Region,A Level or Equivalent,80-90%,0-35,0,60,0,Pass,16,0,1,0,0,1,0,0,1,1,1,1,1,0,0,10
FFF,2013B,535981,1,London Region,Lower Than A Level,0-10%,0-35,0,120,0,Withdrawn,14,0,0,1,1,1,1,1,0,0,0,1,1,0,1,5
FFF,2013B,536038,0,West Midlands Region,A Level or Equivalent,0-10%,0-35,0,120,0,Withdrawn,8,0,0,1,1,0,0,1,0,1,0,0,1,0,0,3
FFF,2013B,536046,0,South East Region,Lower Than A Level,30-40%,0-35,0,120,0,Fail,9,1,0,1,0,1,0,0,0,1,1,1,1,0,0,4
FFF,2013B,536103,0,Scotland,HE Qualification,60-70%,0-35,0,150,0,Withdrawn,14,1,1,1,1,1,1,1,1,1,1,1,0,0,1,5
FFF,2013B,536125,0,Ireland,A Level or Equivalent,60-70%,0-35,0,90,0,Pass,2,0,0,0,1,0,1,0,0,1,0,1,1,0,0,2
FFF,2013B,536147,0,Yorkshire Region,Lower Than A Level,70-80%,0-35,0,60,0,Fail,10,1,1,0,1,0,1,1,1,1,0,0,0,1,0,1
FFF,2013B,536178,0,South West Region,A Level or Equivalent,30-40%,0-35,0,60,0,Distinction,13,0,1,1,1,0,0,1,0,0,1,0,1,1,0,5
FFF,2013B,536214,0,East Midlands Region,A Level or Equivalent,50-60%,0-35,0,60,0,Pass,11,1,1,1,0,1,1,1,0,1,1,0,1,1,0,6
FFF,2013B,536454,0,North Western Region,HE Qualification,80-90%,0-35,0,60,0,Withdrawn,3,0,0,0,1,1,1,0,0,1,1,0,0,0,0,8
FFF,2013B,536455,0,East Anglian Region,A Level or Equivalent,50-60%,0-35,0,120,0,Pass,16,1,0,0,0,0,0,1,1,0,0,0,0,1,0,10
FFF,2013B,536503,0,East Anglian Region,Lower Than A Level,80-90%,0-35,0,60,0,Withdrawn,8,1,1,1,1,0,0,0,0,1,1,1,0,0,0,3
FFF,2013B,536556,0,South Region,Lower Than A Level,60-70%,0-35,0,60,1,Pass,1,1,1,1,0,0,1,0,1,0,0,0,1,0,0,2
FFF,2013B,536591,0,East Anglian Region,A Level or Equivalent,30-40%,0-35,0,60,0,Fail,5,1,0,0,1,1,0,0,1,0,0,1,1,0,0,9
FFF,2013B,536593,0,Ireland,HE Qualification,70-80%,35-55,0,70,0,Pass,4,0,0,0,0,0,0,0,0,1,0,1,1,0,1,8
FFF,2013B,536681,0,North Western Region,No Formal quals,20-Oct,0-35,0,60,0,Withdrawn,12,0,1,1,0,0,1,1,0,1,1,0,1,1,1,7
FFF,2013B,536698,0,North Region,A Level or Equivalent,20-30%,0-35,0,60,0,Pass,7,1,0,0,0,0,1,1,1,0,0,1,1,1,0,3
FFF,2013B,536843,0,North Western Region,HE Qualification,0-10%,0-35,0,60,0,Fail,9,1,0,1,1,1,0,0,0,0,0,1,1,0,0,4
FFF,2013B,536906,1,South Region,A Level or Equivalent,60-70%,0-35,0,120,0,Pass,13,1,1,0,0,0,0,1,0,0,0,1,0,0,0,5
FFF,2013B,536930,0,London Region,A Level or Equivalent,20-Oct,0-35,0,60,0,Pass,12,0,1,1,1,1,0,0,0,0,0,0,1,0,0,7
FFF,2013B,536950,1,London Region,HE Qualification,0-10%,0-35,0,60,0,Pass,8,0,0,1,0,0,0,1,1,0,0,0,0,1,0,3
FFF,2013B,537000,1,London Region,A Level or Equivalent,20-Oct,0-35,0,120,0,Withdrawn,5,1,1,0,0,1,1,1,1,1,1,0,1,1,0,9
FFF,2013B,537028,0,Scotland,Lower Than A Level,20-Oct,0-35,0,75,0,Withdrawn,15,0,0,0,1,0,0,1,0,0,0,0,1,0,0,10
FFF,2013B,537133,1,South East Region,Lower Than A Level,20-30%,0-35,0,60,1,Withdrawn,4,0,0,1,0,1,0,1,1,1,0,0,0,0,0,8
FFF,2013B,537151,0,London Region,Lower Than A Level,90-100%,35-55,0,120,0,Withdrawn,8,1,1,1,0,0,0,1,1,0,0,1,1,0,0,3
FFF,2013B,537335,1,London Region,No Formal quals,20-30%,35-55,0,60,0,Withdrawn,10,1,1,1,0,1,0,1,1,1,1,0,0,1,1,1
FFF,2013B,537394,0,Yorkshire Region,A Level or Equivalent,70-80%,0-35,0,60,0,Withdrawn,4,0,1,1,1,1,1,0,0,1,0,1,0,0,0,8
FFF,2013B,537515,0,East Anglian Region,Lower Than A Level,40-50%,0-35,0,60,0,Pass,4,0,1,0,1,0,1,1,0,0,1,0,0,1,1,8
FFF,2013B,537645,0,North Region,HE Qualification,,0-35,0,60,0,Pass,7,1,0,1,1,1,0,1,0,1,0,0,0,1,1,3
FFF,2013B,537656,0,Ireland,HE Qualification,,35-55,0,60,0,Pass,4,0,1,0,1,1,1,1,0,0,1,1,1,0,0,8
FFF,2013B,537672,0,London Region,Lower Than A Level,0-10%,0-35,0,120,0,Fail,6,0,1,0,0,1,1,1,0,0,1,0,1,1,1,9
FFF,2013B,537674,0,London Region,Lower Than A Level,20-Oct,35-55,0,120,1,Fail,3,1,1,1,0,1,0,1,1,1,0,0,0,0,1,8
FFF,2013B,537683,0,South Region,A Level or Equivalent,70-80%,0-35,0,120,0,Fail,8,1,1,0,1,0,1,1,1,1,0,0,1,0,1,3
FFF,2013B,537687,0,North Region,Lower Than A Level,,0-35,0,60,0,Pass,11,1,1,1,1,0,0,0,0,1,0,1,1,1,0,6
FFF,2013B,537700,0,Scotland,Post Graduate Qualification,90-100%,35-55,0,60,0,Fail,15,0,1,0,1,1,1,0,0,0,1,0,0,1,1,10
FFF,2013B,537728,0,North Region,A Level or Equivalent,,0-35,0,90,0,Withdrawn,8,1,1,0,0,1,1,0,1,1,1,0,0,1,0,3
FFF,2013B,537955,0,North Region,HE Qualification,,0-35,0,120,0,Pass,3,1,1,0,0,0,1,1,0,0,0,1,0,0,0,8
FFF,2013B,537980,0,Scotland,HE Qualification,20-Oct,0-35,0,60,0,Pass,3,0,0,1,0,1,0,1,0,1,1,0,1,1,1,8
FFF,2013B,537995,0,South East Region,Lower Than A Level,90-100%,0-35,0,60,0,Fail,3,0,0,0,1,0,0,0,1,0,1,1,0,0,0,8
FFF,2013B,538045,0,East Anglian Region,A Level or Equivalent,70-80%,0-35,0,60,0,Pass,6,1,0,0,1,1,0,0,1,1,1,0,0,0,1,9
FFF,2013B,538051,0,South Region,A Level or Equivalent,90-100%,0-35,0,90,0,Fail,10,0,0,1,1,0,1,1,0,1,1,0,1,0,0,1
FFF,2013B,538202,0,East Midlands Region,Lower Than A Level,60-70%,0-35,0,60,1,Pass,3,1,1,0,0,1,0,1,0,1,0,1,1,0,1,8
FFF,2013B,538916,0,East Midlands Region,A Level or Equivalent,40-50%,0-35,0,150,0,Pass,5,1,0,0,0,0,1,0,1,1,1,1,1,1,0,9
FFF,2013B,538941,0,South Region,A Level or Equivalent,70-80%,0-35,0,60,0,Pass,11,0,1,1,1,0,1,1,0,1,1,0,0,1,0,6
FFF,2013B,538949,1,South East Region,Lower Than A Level,70-80%,0-35,0,60,0,Pass,13,1,1,1,0,0,0,0,0,1,1,0,1,1,1,5
FFF,2013B,539117,0,North Region,A Level or Equivalent,20-30%,0-35,0,60,0,Fail,6,0,0,0,0,1,1,1,1,0,0,0,0,0,0,9
FFF,2013B,539128,0,South East Region,Lower Than A Level,90-100%,0-35,0,120,0,Withdrawn,13,1,0,0,1,1,1,0,0,0,1,1,0,0,0,5
FFF,2013B,539219,0,London Region,A Level or Equivalent,30-40%,0-35,0,120,0,Fail,3,0,0,1,1,1,1,0,1,1,0,0,1,1,0,8
FFF,2013B,539241,0,Scotland,A Level or Equivalent,90-100%,0-35,0,120,0,Pass,9,1,1,0,1,0,1,1,1,0,1,0,0,0,0,4
FFF,2013B,539308,0,South Region,A Level or Equivalent,20-30%,0-35,0,90,0,Fail,1,1,1,0,1,0,1,0,0,1,1,1,1,1,0,2
FFF,2013B,539332,0,Scotland,HE Qualification,40-50%,35-55,0,60,0,Pass,8,1,0,1,1,1,0,1,0,0,0,1,1,0,1,3
FFF,2013B,539359,0,Scotland,HE Qualification,80-90%,35-55,0,90,0,Distinction,12,1,1,1,1,1,0,1,0,0,0,0,1,1,0,7
FFF,2013B,539364,0,North Western Region,A Level or Equivalent,0-10%,0-35,0,90,0,Fail,14,1,1,1,1,1,0,1,1,0,0,1,0,1,1,5
FFF,2013B,539401,0,London Region,A Level or Equivalent,20-30%,35-55,0,60,0,Withdrawn,8,1,1,1,0,1,0,0,1,1,1,0,0,0,1,3
FFF,2013B,539440,0,West Midlands Region,Lower Than A Level,40-50%,0-35,0,60,0,Distinction,5,0,0,1,1,0,1,1,0,1,0,0,0,0,0,9
FFF,2013B,539468,1,Wales,Lower Than A Level,70-80%,35-55,0,60,0,Fail,12,1,1,0,1,0,0,1,1,1,0,1,1,0,1,7
FFF,2013B,539497,0,South West Region,A Level or Equivalent,60-70%,0-35,0,60,0,Pass,1,0,0,1,1,0,0,0,0,0,0,1,0,1,0,2
FFF,2013B,539514,1,North Region,Lower Than A Level,,0-35,0,60,0,Pass,8,0,0,0,0,0,1,1,1,0,0,0,0,0,0,3
FFF,2013B,539668,0,West Midlands Region,A Level or Equivalent,30-40%,0-35,0,90,0,Withdrawn,11,0,0,0,0,1,0,0,0,0,1,1,1,0,1,6
FFF,2013B,539759,0,South Region,Lower Than A Level,30-40%,35-55,0,60,0,Pass,5,0,0,0,1,1,0,0,1,1,1,0,1,0,0,9
FFF,2013B,539774,0,Yorkshire Region,A Level or Equivalent,20-30%,0-35,0,60,0,Withdrawn,15,1,0,1,1,1,0,1,0,0,1,1,0,1,0,10
FFF,2013B,539886,0,North Western Region,Lower Than A Level,20-30%,0-35,0,120,1,Fail,13,0,0,0,0,0,1,1,1,1,1,0,0,1,0,5
FFF,2013B,539896,0,East Anglian Region,Lower Than A Level,20-30%,0-35,0,60,0,Pass,2,1,1,1,1,0,0,0,1,0,0,0,0,1,1,2
FFF,2013B,539922,1,Scotland,HE Qualification,70-80%,35-55,0,60,0,Withdrawn,3,1,0,0,1,1,0,1,1,0,0,0,0,1,1,8
FFF,2013B,539953,0,London Region,A Level or Equivalent,70-80%,0-35,0,60,0,Fail,13,1,1,0,0,0,1,0,0,0,1,1,1,0,1,5
FFF,2013B,539963,0,East Anglian Region,A Level or Equivalent,70-80%,35-55,0,120,0,Pass,11,0,0,1,0,1,1,0,1,0,1,0,1,1,1,6
FFF,2013B,539994,0,London Region,A Level or Equivalent,20-Oct,0-35,0,120,0,Fail,9,1,0,1,1,1,0,1,1,0,1,1,1,1,0,4
FFF,2013B,540054,0,South East Region,A Level or Equivalent,30-40%,0-35,0,60,0,Pass,16,0,1,1,1,0,1,0,1,1,0,0,1,0,0,10
FFF,2013B,540147,0,South East Region,A Level or Equivalent,90-100%,0-35,0,60,0,Fail,7,0,1,0,1,1,0,1,0,1,0,1,1,1,1,3
FFF,2013B,540155,0,London Region,Lower Than A Level,50-60%,35-55,0,90,0,Withdrawn,8,1,0,1,0,1,1,1,1,1,0,0,0,1,0,3
FFF,2013B,540160,0,North Western Region,A Level or Equivalent,80-90%,0-35,0,60,0,Pass,7,1,0,1,0,1,0,1,0,1,1,1,1,0,1,3
FFF,2013B,540209,0,Scotland,Lower Than A Level,60-70%,0-35,0,60,1,Pass,1,1,1,1,1,1,0,1,0,0,1,0,0,0,0,2
FFF,2013B,540224,0,North Region,Lower Than A Level,,35-55,0,60,0,Pass,15,1,0,0,0,0,1,0,0,0,1,1,1,1,1,10
FFF,2013B,540549,0,North Western Region,Lower Than A Level,30-40%,0-35,0,120,0,Pass,5,0,1,0,0,0,0,1,0,1,1,0,0,0,1,9
FFF,2013B,540577,0,South West Region,A Level or Equivalent,80-90%,0-35,0,120,0,Pass,7,1,0,1,1,1,1,0,1,0,0,1,1,1,0,3
FFF,2013B,540581,0,West Midlands Region,HE Qualification,80-90%,0-35,0,120,0,Fail,14,0,0,0,1,0,0,1,1,0,1,0,0,0,1,5
FFF,2013B,540637,0,East Anglian Region,Lower Than A Level,50-60%,0-35,0,120,0,Withdrawn,13,1,1,1,0,0,1,1,1,1,1,1,0,1,1,5
FFF,2013B,540713,0,London Region,A Level or Equivalent,30-40%,0-35,0,120,0,Pass,3,0,0,0,1,0,1,0,1,0,0,1,0,1,1,8
FFF,2013B,540727,0,London Region,HE Qualification,20-30%,0-35,0,60,0,Pass,2,1,1,0,0,0,1,0,1,0,1,1,1,0,0,2
FFF,2013B,540800,0,Yorkshire Region,A Level or Equivalent,0-10%,0-35,0,90,1,Pass,5,1,1,1,1,1,1,0,1,1,0,0,1,0,0,9
FFF,2013B,540801,0,Scotland,HE Qualification,70-80%,0-35,0,90,0,Withdrawn,2,0,0,0,1,0,0,0,1,1,1,0,1,1,1,2
FFF,2013B,540997,0,Wales,A Level or Equivalent,70-80%,0-35,0,60,0,Withdrawn,9,1,1,0,1,1,1,0,0,0,1,0,0,1,1,4
FFF,2013B,541101,0,North Region,A Level or Equivalent,20-30%,0-35,0,60,0,Fail,2,0,0,0,1,1,1,0,1,0,1,0,1,0,1,2
FFF,2013B,541327,1,Scotland,Lower Than A Level,30-40%,0-35,0,120,0,Withdrawn,4,0,1,0,0,1,0,0,1,0,0,1,1,1,0,8
FFF,2013B,541349,0,Ireland,Lower Than A Level,,35-55,0,120,0,Pass,13,1,1,1,1,0,1,1,1,0,0,1,0,1,0,5
FFF,2013B,541369,0,South West Region,Lower Than A Level,90-100%,35-55,0,60,0,Withdrawn,10,0,1,0,0,0,0,0,1,1,0,0,0,0,1,1
FFF,2013B,541418,0,Yorkshire Region,Lower Than A Level,,0-35,0,60,0,Pass,15,0,0,1,1,0,1,0,1,1,1,1,0,1,1,10
FFF,2013B,541521,0,Ireland,HE Qualification,0-10%,35-55,0,60,0,Pass,6,1,0,0,0,0,1,1,1,1,1,0,0,0,1,9
FFF,2013B,541579,0,Yorkshire Region,A Level or Equivalent,0-10%,0-35,0,90,0,Distinction,15,0,1,1,1,1,1,0,1,1,1,0,0,0,0,10
FFF,2013B,541753,0,East Anglian Region,A Level or Equivalent,90-100%,0-35,0,60,0,Pass,1,1,1,1,0,0,0,1,0,0,0,1,0,1,1,2
FFF,2013B,541781,0,West Midlands Region,A Level or Equivalent,30-40%,0-35,0,150,0,Pass,12,1,1,0,1,0,1,1,0,0,1,1,0,1,0,7
FFF,2013B,541923,0,Scotland,Lower Than A Level,20-Oct,35-55,0,60,0,Fail,7,1,0,1,1,0,0,1,0,1,0,0,1,0,1,3
FFF,2013B,541999,0,North Western Region,A Level or Equivalent,30-40%,0-35,0,120,0,Fail,9,0,1,1,1,0,1,1,1,0,0,1,0,1,0,4
FFF,2013B,542003,0,Ireland,Lower Than A Level,30-40%,0-35,0,60,0,Pass,8,0,0,0,0,0,0,0,0,1,0,0,1,1,0,3
FFF,2013B,542020,0,West Midlands Region,A Level or Equivalent,0-10%,0-35,0,90,0,Pass,15,0,1,0,0,1,0,1,1,1,1,1,1,0,0,10
FFF,2013B,542026,0,Yorkshire Region,A Level or Equivalent,60-70%,0-35,0,60,0,Fail,3,1,1,1,1,1,0,0,1,1,0,0,1,1,1,8
FFF,2013B,542062,0,London Region,Lower Than A Level,20-Oct,0-35,0,60,0,Withdrawn,9,1,1,0,1,1,0,0,0,0,1,1,1,1,1,4
FFF,2013B,542100,0,North Western Region,Lower Than A Level,20-30%,0-35,0,60,0,Pass,4,0,1,0,1,1,1,0,1,0,0,1,1,0,0,8
FFF,2013B,542356,0,Scotland,HE Qualification,30-40%,0-35,0,60,0,Fail,7,0,1,1,1,1,1,1,0,0,1,1,1,1,1,3
FFF,2013B,542386,0,Ireland,A Level or Equivalent,90-100%,0-35,0,120,0,Distinction,14,1,0,1,1,0,0,1,0,0,1,0,0,0,0,5
FFF,2013B,542506,0,South West Region,Lower Than A Level,40-50%,0-35,0,60,0,Distinction,2,0,1,1,1,1,1,1,1,1,1,1,0,1,0,2
FFF,2013B,542536,0,Yorkshire Region,Lower Than A Level,30-40%,0-35,0,90,0,Pass,16,0,0,0,0,0,1,0,1,0,1,0,1,1,0,10
FFF,2013B,542550,0,North Region,A Level or Equivalent,0-10%,35-55,0,60,0,Withdrawn,14,1,1,0,0,0,1,1,1,1,1,0,0,0,1,5
FFF,2013B,542635,0,South Region,A Level or Equivalent,80-90%,0-35,0,60,0,Pass,4,0,1,1,0,0,1,0,1,1,1,0,1,1,1,8
FFF,2013B,542646,1,South West Region,A Level or Equivalent,70-80%,0-35,0,60,0,Pass,8,1,1,1,0,0,1,0,1,0,1,0,1,0,1,3
FFF,2013B,542653,0,South East Region,A Level or Equivalent,70-80%,35-55,0,60,0,Pass,3,0,1,0,0,1,1,0,1,0,1,0,0,1,0,8
FFF,2013B,542657,1,South East Region,Lower Than A Level,20-30%,35-55,0,120,0,Withdrawn,14,1,1,0,0,0,0,0,0,1,0,1,1,0,1,5
FFF,2013B,542987,0,South Region,Lower Than A Level,80-90%,0-35,0,120,0,Fail,1,0,1,1,1,0,1,0,1,0,0,0,0,0,0,2
FFF,2013B,543010,0,East Anglian Region,HE Qualification,30-40%,35-55,0,60,0,Fail,9,1,1,1,0,1,1,0,0,0,1,0,1,0,1,4
FFF,2013B,543019,0,Ireland,A Level or Equivalent,,35-55,0,60,0,Pass,3,0,1,1,0,0,0,0,0,1,0,0,0,0,1,8
FFF,2013B,543054,0,Wales,Lower Than A Level,80-90%,35-55,0,60,0,Fail,11,0,0,0,1,0,1,1,0,1,0,0,1,0,1,6
FFF,2013B,543095,0,South Region,Lower Than A Level,20-30%,0-35,0,60,0,Withdrawn,5,1,1,1,0,1,0,0,0,0,1,1,0,0,0,9
FFF,2013B,543113,0,West Midlands Region,A Level or Equivalent,50-60%,35-55,0,120,0,Fail,5,0,0,0,0,1,0,1,1,0,0,1,1,1,0,9
FFF,2013B,543155,0,London Region,Lower Than A Level,20-Oct,35-55,0,90,0,Withdrawn,14,0,1,1,0,1,1,1,0,0,1,0,1,1,0,5
FFF,2013B,543295,0,Wales,HE Qualification,30-40%,0-35,0,60,0,Fail,15,0,0,0,0,1,0,1,1,1,1,1,1,1,1,10
FFF,2013B,543384,0,North Western Region,Lower Than A Level,20-30%,0-35,0,60,0,Distinction,6,0,0,0,0,1,0,0,0,0,1,0,1,1,0,9
FFF,2013B,543415,0,South Region,Lower Than A Level,80-90%,0-35,0,90,1,Pass,3,0,1,0,0,1,0,0,0,1,1,1,0,0,1,8
FFF,2013B,543436,0,North Western Region,A Level or Equivalent,30-40%,0-35,0,120,0,Fail,15,1,1,1,0,1,0,1,0,1,1,0,1,0,0,10
FFF,2013B,543447,0,East Midlands Region,Lower Than A Level,20-Oct,0-35,0,60,0,Pass,5,0,1,0,1,0,0,0,1,0,1,0,0,1,0,9
FFF,2013B,543536,0,Ireland,Lower Than A Level,50-60%,0-35,0,150,0,Fail,1,1,1,0,0,0,1,0,1,1,0,1,1,1,0,2
FFF,2013B,543599,0,East Midlands Region,A Level or Equivalent,80-90%,0-35,0,60,0,Pass,9,1,0,1,0,1,1,0,0,0,0,0,1,0,0,4
FFF,2013B,543604,0,East Anglian Region,A Level or Equivalent,0-10%,0-35,0,120,0,Withdrawn,4,1,1,1,0,1,1,0,1,1,0,0,0,0,0,8
FFF,2013B,543643,1,South Region,A Level or Equivalent,20-30%,0-35,0,60,1,Pass,14,0,0,0,0,1,1,1,1,1,0,1,1,1,0,5
FFF,2013B,543785,0,North Region,Lower Than A Level,,0-35,0,90,0,Withdrawn,16,1,0,1,0,0,1,0,0,1,0,1,1,0,0,10
FFF,2013B,543798,0,East Midlands Region,Lower Than A Level,90-100%,0-35,0,60,0,Pass,13,1,0,0,0,0,0,0,1,0,1,0,1,1,0,5
FFF,2013B,543818,0,Yorkshire Region,Lower Than A Level,60-70%,0-35,0,90,0,Fail,11,0,1,0,1,0,0,0,0,1,0,0,0,0,1,6
FFF,2013B,544021,0,South Region,Lower Than A Level,40-50%,0-35,0,120,0,Withdrawn,1,1,0,1,0,1,0,1,0,0,1,1,0,1,0,2
FFF,2013B,544055,0,South East Region,HE Qualification,20-30%,0-35,0,210,0,Pass,5,0,1,0,1,1,0,1,1,0,0,0,0,0,1,9
FFF,2013B,544098,0,Scotland,Lower Than A Level,50-60%,0-35,0,60,0,Pass,4,0,0,1,0,1,0,1,0,1,0,1,0,1,0,8
FFF,2013B,544173,1,East Anglian Region,Lower Than A Level,40-50%,0-35,0,130,1,Distinction,4,0,0,0,1,0,1,1,1,1,1,0,0,0,1,8
FFF,2013B,544195,0,South West Region,Lower Than A Level,70-80%,0-35,0,60,0,Fail,13,0,1,0,1,0,1,1,0,1,1,1,0,1,1,5
FFF,2013B,544212,1,North Region,A Level or Equivalent,60-70%,0-35,0,60,0,Pass,11,1,1,0,1,1,1,1,0,0,1,1,0,0,0,6
FFF,2013B,544249,0,North Western Region,A Level or Equivalent,20-30%,0-35,0,60,0,Pass,3,1,0,1,0,1,0,1,1,1,0,0,0,1,0,8
FFF,2013B,544279,0,Yorkshire Region,Lower Than A Level,0-10%,0-35,0,60,0,Fail,11,1,0,0,0,1,1,0,0,1,1,0,1,0,1,6
FFF,2013B,544295,0,South Region,A Level or Equivalent,90-100%,35-55,0,60,1,Pass,11,0,0,0,0,1,0,1,0,0,1,1,1,1,1,6
FFF,2013B,544313,0,Ireland,A Level or Equivalent,60-70%,0-35,0,120,0,Pass,2,1,0,1,1,1,1,0,0,0,0,1,0,0,0,2
FFF,2013B,544479,1,Scotland,HE Qualification,90-100%,35-55,0,60,0,Pass,4,1,0,1,1,1,0,0,1,0,1,0,1,0,1,8
FFF,2013B,544530,0,Scotland,A Level or Equivalent,40-50%,0-35,0,60,0,Pass,10,1,0,0,1,1,0,1,1,0,1,1,1,1,0,1
FFF,2013B,544543,0,North Region,A Level or Equivalent,20-Oct,35-55,0,60,0,Fail,14,0,1,1,1,0,1,0,1,0,1,1,0,0,0,5
FFF,2013B,544651,1,London Region,Lower Than A Level,20-Oct,0-35,0,120,1,Withdrawn,12,0,0,0,1,0,1,1,0,0,0,1,0,1,1,7
FFF,2013B,544697,0,Wales,Lower Than A Level,50-60%,0-35,0,60,0,Fail,3,0,1,1,1,0,0,1,1,0,1,1,0,1,0,8
FFF,2013B,544802,0,East Midlands Region,Lower Than A Level,20-30%,35-55,0,120,0,Withdrawn,4,1,1,1,0,1,0,0,0,0,1,1,1,1,1,8
FFF,2013B,544847,0,Scotland,HE Qualification,0-10%,0-35,0,120,1,Fail,6,1,1,0,0,1,0,0,1,1,0,0,0,1,0,9
FFF,2013B,544850,0,Scotland,Lower Than A Level,60-70%,35-55,0,90,1,Pass,8,1,1,1,1,0,0,1,0,0,1,1,0,0,0,3
FFF,2013B,544880,0,West Midlands Region,Lower Than A Level,90-100%,0-35,0,120,0,Fail,2,1,1,1,1,1,0,1,0,0,1,1,1,1,1,2
FFF,2013B,544894,0,South Region,Lower Than A Level,30-40%,0-35,0,60,0,Pass,4,1,0,1,1,0,1,0,1,0,0,0,0,0,1,8
FFF,2013B,544930,0,South Region,A Level or Equivalent,50-60%,0-35,0,60,0,Withdrawn,10,1,1,0,0,0,0,1,1,0,1,0,1,1,1,1
FFF,2013B,544955,0,North Western Region,A Level or Equivalent,0-10%,0-35,0,60,0,Withdrawn,11,0,1,1,1,0,1,0,1,0,1,0,0,1,0,6
FFF,2013B,544963,0,South East Region,A Level or Equivalent,90-100%,35-55,0,60,0,Pass,6,1,1,1,0,1,0,1,1,1,1,1,0,1,1,9
FFF,2013B,544991,0,North Western Region,A Level or Equivalent,40-50%,0-35,0,120,0,Pass,1,0,0,0,0,1,0,0,0,0,1,0,0,1,1,2
FFF,2013B,545048,1,North Western Region,A Level or Equivalent,70-80%,0-35,0,60,0,Fail,15,0,0,1,0,0,0,0,0,1,0,0,0,1,0,10
FFF,2013B,545080,0,West Midlands Region,A Level or Equivalent,20-30%,0-35,0,60,0,Fail,10,0,0,0,1,0,0,0,0,1,1,1,0,1,1,1
FFF,2013B,545229,0,North Western Region,HE Qualification,80-90%,35-55,0,60,0,Distinction,6,1,0,1,1,0,0,0,1,0,0,0,0,1,1,9
FFF,2013B,545377,0,South Region,A Level or Equivalent,80-90%,0-35,0,60,0,Fail,7,1,1,1,0,1,1,1,0,1,1,0,1,0,0,3
FFF,2013B,545379,0,West Midlands Region,A Level or Equivalent,,0-35,0,60,0,Pass,6,0,0,0,0,1,1,0,0,0,1,1,0,0,0,9
FFF,2013B,545384,0,East Midlands Region,Lower Than A Level,20-Oct,0-35,0,120,0,Fail,2,0,0,1,1,1,0,0,1,0,0,1,0,1,0,2
FFF,2013B,545485,0,South Region,A Level or Equivalent,50-60%,0-35,0,90,0,Withdrawn,15,0,1,0,0,1,0,1,0,0,1,1,1,0,1,10
FFF,2013B,545522,0,North Region,Lower Than A Level,40-50%,35-55,0,90,0,Withdrawn,6,1,0,0,1,1,0,0,0,1,0,0,0,0,1,9
FFF,2013B,545565,0,South East Region,A Level or Equivalent,70-80%,0-35,0,120,0,Withdrawn,7,1,0,0,0,1,1,1,0,0,0,0,0,0,0,3
FFF,2013B,545600,0,Scotland,A Level or Equivalent,50-60%,0-35,0,60,0,Withdrawn,7,0,1,0,0,1,0,0,0,0,1,1,0,0,1,3
FFF,2013B,545604,0,Yorkshire Region,A Level or Equivalent,70-80%,0-35,0,90,0,Fail,8,1,1,1,1,1,1,0,0,0,0,0,1,0,0,3
FFF,2013B,545693,0,East Anglian Region,A Level or Equivalent,40-50%,35-55,0,90,1,Withdrawn,12,0,1,0,1,1,1,1,0,0,1,1,1,0,1,7
FFF,2013B,545720,0,North Region,A Level or Equivalent,40-50%,0-35,0,90,0,Fail,10,0,1,0,0,1,0,1,1,0,0,0,0,1,0,1
FFF,2013B,545751,0,South Region,Lower Than A Level,90-100%,0-35,0,90,0,Fail,12,0,0,0,1,0,1,1,0,1,1,1,1,1,1,7
FFF,2013B,545791,0,West Midlands Region,Lower Than A Level,0-10%,35-55,0,120,1,Withdrawn,13,0,1,1,0,1,1,1,1,1,0,1,0,1,0,5
FFF,2013B,545909,0,Scotland,Lower Than A Level,50-60%,0-35,0,120,0,Pass,8,0,0,1,1,0,1,1,1,0,1,0,1,1,0,3
FFF,2013B,545918,0,South Region,Lower Than A Level,60-70%,0-35,0,120,0,Withdrawn,12,1,0,0,0,0,1,0,0,1,0,1,0,1,0,7
FFF,2013B,545944,0,Wales,A Level or Equivalent,20-30%,0-35,0,120,0,Withdrawn,7,1,0,1,0,0,1,0,1,1,1,1,0,0,1,3
FFF,2013B,545951,1,Wales,A Level or Equivalent,70-80%,0-35,0,60,0,Withdrawn,6,1,1,1,0,0,1,0,0,1,1,1,1,1,1,9
FFF,2013B,546048,0,Wales,A Level or Equivalent,70-80%,0-35,0,60,0,Fail,12,1,0,0,0,0,0,1,0,1,0,1,1,0,0,7
FFF,2013B,546141,0,London Region,No Formal quals,20-Oct,35-55,0,60,0,Fail,10,0,0,1,0,0,1,0,0,0,1,0,1,0,0,1
FFF,2013B,546164,0,South Region,Lower Than A Level,50-60%,35-55,0,60,0,Withdrawn,9,0,0,0,0,0,0,0,1,0,1,0,1,1,1,4
FFF,2013B,546215,0,London Region,Lower Than A Level,50-60%,0-35,0,60,0,Pass,11,0,1,0,1,1,0,0,0,0,1,0,1,0,0,6
FFF,2013B,546243,0,London Region,Lower Than A Level,20-Oct,0-35,0,60,0,Withdrawn,11,0,1,0,0,1,0,1,1,0,0,0,1,0,0,6
FFF,2013B,546262,0,South Region,A Level or Equivalent,70-80%,0-35,0,120,0,Withdrawn,7,0,1,1,1,0,0,0,0,0,1,1,0,0,0,3
FFF,2013B,546329,0,East Midlands Region,A Level or Equivalent,0-10%,0-35,0,60,1,Fail,13,1,0,0,1,1,1,0,0,0,0,1,0,1,1,5
FFF,2013B,546348,1,Yorkshire Region,A Level or Equivalent,30-40%,0-35,0,60,0,Pass,2,1,1,1,0,1,1,0,0,1,0,1,0,0,0,2
FFF,2013B,546396,0,East Anglian Region,A Level or Equivalent,20-30%,35-55,0,60,0,Withdrawn,7,0,1,1,1,1,0,0,0,1,0,1,1,0,1,3
FFF,2013B,546408,0,Ireland,Lower Than A Level,20-Oct,0-35,0,60,0,Fail,10,0,0,1,1,1,1,0,0,1,1,1,0,0,0,1
FFF,2013B,546412,0,South East Region,Lower Than A Level,30-40%,0-35,0,60,0,Fail,13,1,0,1,0,1,0,0,1,0,0,1,1,1,1,5
FFF,2013B,546431,0,Ireland,Lower Than A Level,80-90%,0-35,0,120,0,Fail,6,1,0,0,1,0,0,0,0,1,1,0,0,1,0,9
FFF,2013B,546439,1,South Region,Lower Than A Level,30-40%,35-55,0,60,0,Withdrawn,13,1,0,0,1,1,1,0,0,0,0,0,0,1,0,5
FFF,2013B,546464,0,East Anglian Region,Lower Than A Level,80-90%,0-35,0,60,0,Distinction,16,1,1,0,0,0,1,1,0,0,0,1,0,0,0,10
FFF,2013B,546563,0,South West Region,Lower Than A Level,50-60%,0-35,0,60,0,Withdrawn,10,1,0,0,1,0,1,0,1,1,1,0,0,0,1,1
FFF,2013B,546583,0,East Midlands Region,HE Qualification,40-50%,0-35,0,60,0,Pass,1,0,1,1,0,0,0,1,0,1,1,1,1,1,0,2
FFF,2013B,546682,0,South Region,HE Qualification,80-90%,0-35,0,60,0,Pass,5,1,0,0,1,0,1,1,0,1,0,0,1,1,0,9
FFF,2013B,546780,0,Wales,Lower Than A Level,20-30%,0-35,0,60,0,Fail,1,1,0,1,0,1,0,1,0,0,0,1,1,0,0,2
FFF,2013B,546863,0,London Region,Lower Than A Level,20-30%,35-55,0,60,0,Withdrawn,9,1,1,1,1,0,0,1,0,0,0,0,1,1,0,4
FFF,2013B,546868,0,East Anglian Region,Lower Than A Level,20-30%,0-35,0,60,0,Fail,5,1,0,1,1,0,0,0,1,0,0,1,1,0,1,9
FFF,2013B,546912,0,East Midlands Region,A Level or Equivalent,20-30%,0-35,0,60,0,Pass,1,0,0,1,0,1,0,0,1,0,1,0,0,0,1,2
FFF,2013B,546925,0,Scotland,HE Qualification,90-100%,35-55,0,60,0,Pass,7,0,1,0,0,1,1,1,0,1,0,1,0,1,0,3
FFF,2013B,546932,1,South West Region,A Level or Equivalent,0-10%,0-35,0,60,0,Pass,12,0,1,0,1,0,1,1,0,0,0,1,0,0,1,7
FFF,2013B,547014,0,West Midlands Region,Lower Than A Level,90-100%,0-35,0,60,0,Pass,5,1,0,1,0,0,0,0,1,1,0,1,0,1,0,9
FFF,2013B,547128,0,Wales,A Level or Equivalent,20-30%,0-35,0,120,1,Withdrawn,1,1,0,0,1,0,0,0,0,0,0,1,1,1,1,2
FFF,2013B,547228,1,Ireland,HE Qualification,70-80%,0-35,0,60,0,Pass,7,1,1,1,1,0,0,0,1,0,0,0,1,1,1,3
FFF,2013B,547267,0,North Western Region,Lower Than A Level,0-10%,0-35,0,120,0,Withdrawn,14,1,0,0,1,0,1,0,1,0,1,1,1,0,1,5
FFF,2013B,547302,0,Wales,Lower Than A Level,60-70%,35-55,0,60,0,Fail,7,0,0,0,1,0,0,0,0,0,1,1,1,0,0,3
FFF,2013B,547399,0,Ireland,Lower Than A Level,0-10%,0-35,0,60,0,Pass,9,1,1,1,0,0,0,1,1,1,0,1,0,1,1,4
FFF,2013B,547400,1,Ireland,Lower Than A Level,0-10%,0-35,0,60,1,Distinction,5,0,0,0,1,1,1,0,1,1,0,0,0,1,1,9
FFF,2013B,547534,1,South Region,A Level or Equivalent,70-80%,0-35,0,60,0,Fail,2,1,1,1,1,0,1,1,0,1,1,1,0,1,0,2
FFF,2013B,547581,0,Yorkshire Region,A Level or Equivalent,60-70%,0-35,0,60,0,Distinction,13,0,1,0,1,0,0,0,1,0,0,1,0,1,1,5
FFF,2013B,547609,0,London Region,No Formal quals,20-Oct,0-35,0,120,0,Withdrawn,5,0,0,1,0,0,0,1,1,1,1,1,0,0,0,9
FFF,2013B,547666,0,London Region,HE Qualification,30-40%,0-35,0,90,0,Withdrawn,2,1,0,1,1,0,1,1,1,1,0,0,1,0,0,2
FFF,2013B,547667,0,East Midlands Region,A Level or Equivalent,20-30%,0-35,0,60,0,Withdrawn,16,0,1,0,0,0,0,0,1,1,0,1,0,1,1,10
FFF,2013B,547876,0,South Region,A Level or Equivalent,20-30%,0-35,0,60,0,Withdrawn,4,1,0,0,1,1,1,0,1,0,0,1,0,0,0,8
FFF,2013B,547884,0,South East Region,Lower Than A Level,50-60%,0-35,0,60,0,Withdrawn,15,1,0,0,0,0,1,0,1,1,0,0,1,0,1,10
FFF,2013B,547953,0,Ireland,A Level or Equivalent,,0-35,0,60,0,Fail,13,0,0,0,0,0,1,0,1,1,1,1,1,1,1,5
FFF,2013B,548043,0,West Midlands Region,Lower Than A Level,20-Oct,0-35,0,60,1,Withdrawn,8,1,0,0,1,0,0,0,1,1,1,1,1,1,1,3
FFF,2013B,548057,1,North Region,A Level or Equivalent,20-30%,0-35,0,60,0,Fail,12,1,0,0,1,1,1,1,1,1,0,1,0,0,1,7
FFF,2013B,548087,1,South Region,A Level or Equivalent,40-50%,0-35,0,60,0,Pass,11,1,1,1,0,0,0,0,1,0,1,0,1,1,0,6
FFF,2013B,548095,0,Wales,A Level or Equivalent,20-Oct,0-35,0,120,0,Distinction,8,1,1,0,0,0,0,1,1,1,1,0,0,1,1,3
FFF,2013B,548099,1,East Anglian Region,A Level or Equivalent,30-40%,35-55,0,60,0,Pass,4,0,0,0,0,0,0,0,1,1,1,1,1,1,1,8
FFF,2013B,548180,0,Wales,Lower Than A Level,0-10%,0-35,0,60,0,Fail,10,1,1,0,0,1,1,1,1,0,1,0,1,1,0,1
FFF,2013B,548219,1,East Anglian Region,A Level or Equivalent,80-90%,0-35,0,60,1,Pass,5,1,0,1,0,0,1,1,1,1,0,0,0,1,1,9
FFF,2013B,548312,0,South East Region,A Level or Equivalent,0-10%,0-35,0,60,0,Distinction,3,0,1,0,1,0,0,0,1,1,1,0,1,1,1,8
FFF,2013B,548331,1,East Midlands Region,HE Qualification,20-Oct,0-35,0,150,0,Withdrawn,12,0,1,0,1,0,0,0,1,0,0,1,1,0,0,7
FFF,2013B,548352,0,East Anglian Region,A Level or Equivalent,60-70%,0-35,0,60,0,Pass,12,1,0,1,0,1,0,0,0,0,1,0,0,1,1,7
FFF,2013B,548415,0,East Midlands Region,A Level or Equivalent,40-50%,35-55,0,60,1,Withdrawn,8,1,0,0,1,0,0,0,0,1,1,0,0,0,0,3
FFF,2013B,548459,1,Ireland,Lower Than A Level,70-80%,0-35,0,60,0,Pass,3,1,1,1,0,0,0,0,0,0,1,1,1,1,1,8
FFF,2013B,548521,1,East Midlands Region,Lower Than A Level,20-30%,0-35,0,60,0,Pass,13,0,0,0,1,0,0,1,1,0,1,0,0,1,1,5
FFF,2013B,548547,1,Scotland,A Level or Equivalent,20-30%,0-35,0,60,0,Withdrawn,13,1,1,0,0,0,1,1,0,0,0,1,0,0,0,5
FFF,2013B,548573,0,North Western Region,Lower Than A Level,20-30%,0-35,0,60,0,Withdrawn,4,1,0,1,1,0,1,1,0,1,1,0,1,0,0,8
FFF,2013B,548608,0,North Region,A Level or Equivalent,40-50%,0-35,0,60,1,Withdrawn,8,0,1,0,0,0,1,1,1,0,0,0,0,1,0,3
FFF,2013B,548741,0,Yorkshire Region,A Level or Equivalent,30-40%,0-35,0,60,0,Fail,10,1,0,1,0,1,0,1,0,1,1,1,1,1,1,1
FFF,2013B,548759,0,West Midlands Region,Lower Than A Level,60-70%,0-35,0,60,0,Pass,12,0,1,0,1,1,0,0,1,1,1,1,1,0,1,7
FFF,2013B,548764,0,East Anglian Region,A Level or Equivalent,30-40%,0-35,0,60,0,Pass,7,0,1,1,0,1,0,0,1,0,0,0,0,1,0,3
FFF,2013B,548819,1,London Region,Lower Than A Level,80-90%,0-35,0,60,0,Withdrawn,2,0,0,1,0,0,1,0,1,1,1,1,1,1,0,2
FFF,2013B,548857,0,North Region,Lower Than A Level,,0-35,0,90,0,Pass,15,1,0,0,1,1,0,1,0,1,1,1,0,1,0,10
FFF,2013B,548893,0,East Anglian Region,Lower Than A Level,70-80%,0-35,0,60,1,Withdrawn,6,0,1,0,1,1,0,1,1,1,0,0,0,0,0,9
FFF,2013B,548926,1,East Anglian Region,A Level or Equivalent,70-80%,0-35,0,120,0,Fail,3,1,0,1,0,0,1,0,0,0,0,0,1,1,0,8
FFF,2013B,548938,0,West Midlands Region,A Level or Equivalent,20-30%,35-55,0,60,0,Fail,2,0,1,1,1,1,0,1,1,1,0,0,0,1,1,2
FFF,2013B,548948,0,North Region,A Level or Equivalent,50-60%,0-35,0,120,0,Withdrawn,9,1,0,0,0,1,0,1,1,0,0,0,1,1,1,4
FFF,2013B,548969,0,East Anglian Region,A Level or Equivalent,90-100%,0-35,0,90,1,Withdrawn,2,1,0,1,0,0,0,0,1,1,0,1,1,1,1,2
FFF,2013B,549014,0,Wales,Lower Than A Level,20-30%,0-35,0,90,1,Fail,16,0,0,0,1,0,0,0,0,0,0,0,0,0,0,10
FFF,2013B,549056,0,South Region,A Level or Equivalent,70-80%,0-35,0,60,0,Fail,12,1,1,1,1,1,1,0,1,1,1,0,1,0,0,7
FFF,2013B,549065,0,Scotland,HE Qualification,20-30%,0-35,0,120,0,Pass,11,0,0,1,1,0,0,1,0,0,1,0,0,0,0,6
FFF,2013B,549093,1,Scotland,Lower Than A Level,30-40%,0-35,0,60,0,Fail,10,1,1,1,0,1,0,0,0,1,0,1,1,0,1,1
FFF,2013B,549149,0,South Region,Lower Than A Level,80-90%,0-35,0,60,0,Fail,15,0,0,0,0,0,1,0,0,1,0,1,0,1,1,10
FFF,2013B,549239,0,West Midlands Region,A Level or Equivalent,80-90%,0-35,0,60,0,Pass,10,0,1,0,0,1,1,1,0,0,0,1,1,0,1,1
FFF,2013B,549311,0,East Anglian Region,A Level or Equivalent,50-60%,0-35,0,90,0,Withdrawn,11,0,1,1,1,1,1,0,1,0,0,0,1,1,1,6
FFF,2013B,549343,0,South Region,A Level or Equivalent,70-80%,0-35,0,60,0,Pass,8,0,0,1,1,0,0,0,0,0,1,1,1,0,0,3
FFF,2013B,549369,0,West Midlands Region,A Level or Equivalent,20-30%,0-35,0,60,0,Pass,12,0,1,1,1,1,1,1,1,0,0,0,0,1,1,7
FFF,2013B,549370,0,South East Region,Lower Than A Level,40-50%,35-55,0,60,0,Fail,3,1,1,1,0,0,1,1,1,1,0,0,1,0,1,8
FFF,2013B,549410,0,North Western Region,A Level or Equivalent,80-90%,0-35,0,60,0,Fail,16,1,1,0,1,0,1,0,0,0,1,0,1,0,0,10
FFF,2013B,549420,0,South East Region,A Level or Equivalent,30-40%,35-55,0,60,0,Distinction,10,1,0,1,1,1,1,1,0,0,1,0,0,1,0,1
FFF,2013B,549504,0,West Midlands Region,Lower Than A Level,20-Oct,0-35,0,60,0,Withdrawn,9,0,1,0,0,0,1,0,1,1,1,0,1,1,0,4
FFF,2013B,549505,0,South Region,Lower Than A Level,80-90%,0-35,0,60,1,Withdrawn,2,0,1,1,0,1,0,1,0,0,0,0,1,0,0,2
FFF,2013B,549513,0,Wales,Lower Than A Level,20-30%,0-35,0,60,0,Withdrawn,10,0,1,1,0,1,0,0,1,1,0,0,1,1,1,1
FFF,2013B,549517,0,Wales,HE Qualification,60-70%,0-35,0,60,0,Pass,6,0,0,0,0,0,1,1,1,1,1,1,0,0,0,9
FFF,2013B,549537,0,Yorkshire Region,A Level or Equivalent,60-70%,0-35,0,120,0,Pass,15,0,1,0,0,1,1,1,0,0,0,1,0,1,1,10
FFF,2013B,549596,0,East Midlands Region,A Level or Equivalent,40-50%,35-55,0,60,0,Fail,7,1,1,1,0,1,1,0,0,1,0,1,0,1,0,3
FFF,2013B,549626,1,West Midlands Region,Lower Than A Level,20-Oct,0-35,0,60,0,Pass,5,1,1,0,1,0,1,1,0,0,1,1,0,1,0,9
FFF,2013B,549670,0,North Region,A Level or Equivalent,80-90%,0-35,0,60,0,Fail,14,1,0,0,0,0,1,1,0,0,0,1,1,1,0,5
FFF,2013B,549706,1,South Region,HE Qualification,90-100%,0-35,0,60,0,Pass,13,1,0,1,1,1,1,0,1,1,0,0,0,1,1,5
FFF,2013B,549751,0,Scotland,HE Qualification,0-10%,35-55,0,60,0,Fail,7,0,0,0,0,0,1,1,0,1,0,0,0,1,1,3
FFF,2013B,549790,0,East Anglian Region,A Level or Equivalent,40-50%,0-35,0,60,0,Pass,6,0,0,0,1,0,1,1,0,0,0,1,0,0,0,9
FFF,2013B,549792,0,East Anglian Region,HE Qualification,70-80%,0-35,0,90,0,Withdrawn,16,1,1,1,1,0,0,0,1,1,1,0,1,0,1,10
FFF,2013B,549825,0,East Midlands Region,A Level or Equivalent,60-70%,0-35,0,60,0,Pass,5,0,1,1,0,0,0,1,1,1,1,1,1,0,0,9
FFF,2013B,549898,0,North Region,Lower Than A Level,,0-35,0,60,0,Pass,9,1,0,0,1,1,1,1,1,1,0,0,1,0,1,4
FFF,2013B,549904,1,West Midlands Region,Lower Than A Level,0-10%,0-35,0,120,0,Fail,9,1,0,1,1,0,0,1,0,0,1,0,1,1,0,4
FFF,2013B,550024,0,London Region,Lower Than A Level,20-30%,35-55,0,60,0,Withdrawn,9,1,1,1,0,0,0,1,0,1,1,1,0,1,1,4
FFF,2013B,550026,1,North Region,A Level or Equivalent,50-60%,0-35,0,60,0,Pass,12,0,0,1,0,0,1,1,1,0,0,1,1,1,1,7
FFF,2013B,550095,0,South East Region,Lower Than A Level,50-60%,0-35,0,60,0,Fail,14,0,1,1,1,1,1,0,0,1,0,0,1,1,1,5
FFF,2013B,550123,0,West Midlands Region,Lower Than A Level,80-90%,35-55,0,60,0,Pass,16,1,1,0,1,1,1,1,0,1,1,1,1,1,1,10
FFF,2013B,550246,0,South East Region,Lower Than A Level,80-90%,35-55,0,120,0,Withdrawn,16,0,1,1,0,0,1,1,0,1,0,1,0,0,0,10
FFF,2013B,550272,0,South Region,A Level or Equivalent,80-90%,0-35,0,60,0,Pass,13,1,0,1,0,1,1,1,1,1,0,0,1,0,1,5
FFF,2013B,550287,0,Scotland,A Level or Equivalent,70-80%,0-35,0,60,0,Pass,3,0,0,1,1,1,1,0,0,1,1,1,1,0,0,8
FFF,2013B,550377,0,Ireland,Lower Than A Level,80-90%,0-35,0,60,0,Withdrawn,10,1,1,0,0,0,0,0,0,0,0,0,0,0,1,1
FFF,2013B,550435,0,East Anglian Region,A Level or Equivalent,90-100%,0-35,0,120,0,Fail,15,1,1,0,1,1,0,0,0,1,0,1,1,1,1,10
FFF,2013B,550470,0,South Region,A Level or Equivalent,90-100%,0-35,0,60,0,Distinction,5,0,1,1,1,0,1,1,1,1,0,1,1,0,0,9
FFF,2013B,550495,0,West Midlands Region,Lower Than A Level,70-80%,35-55,0,60,0,Distinction,6,1,0,0,1,0,0,1,1,0,1,1,1,0,0,9
FFF,2013B,550610,0,Wales,Lower Than A Level,90-100%,0-35,0,60,0,Withdrawn,7,1,0,1,1,1,0,1,0,0,1,1,1,1,0,3
FFF,2013B,550617,0,South West Region,A Level or Equivalent,20-30%,0-35,0,120,1,Fail,14,1,1,1,1,1,0,1,0,1,1,1,0,0,1,5
FFF,2013B,550651,0,London Region,Lower Than A Level,20-Oct,35-55,0,60,0,Pass,16,1,0,0,1,0,0,1,0,0,0,1,1,0,1,10
FFF,2013B,550736,0,South Region,A Level or Equivalent,60-70%,0-35,0,60,0,Pass,12,1,0,0,1,0,0,0,1,1,0,0,0,0,0,7
FFF,2013B,550763,0,East Anglian Region,A Level or Equivalent,50-60%,35-55,0,60,0,Distinction,11,0,1,1,0,1,0,1,1,1,1,0,1,0,0,6
FFF,2013B,550787,1,Ireland,A Level or Equivalent,0-10%,0-35,0,60,0,Fail,8,1,0,0,1,0,1,0,0,0,1,1,0,1,0,3
FFF,2013B,550792,1,Scotland,Lower Than A Level,50-60%,0-35,0,120,0,Fail,12,0,1,0,0,0,1,1,0,1,0,1,1,0,0,7
FFF,2013B,550797,1,North Western Region,A Level or Equivalent,0-10%,0-35,0,60,0,Pass,3,1,1,0,1,0,1,0,1,0,1,1,1,1,0,8
FFF,2013B,550802,0,North Region,Lower Than A Level,50-60%,0-35,0,60,0,Pass,10,0,0,1,1,0,1,0,1,0,0,0,0,1,1,1
FFF,2013B,550813,0,North Region,A Level or Equivalent,,35-55,0,90,0,Pass,4,0,1,1,1,1,1,1,0,1,0,0,0,0,1,8
FFF,2013B,550853,0,West Midlands Region,Lower Than A Level,20-30%,35-55,0,60,1,Pass,15,1,0,0,1,0,0,0,0,1,0,1,0,1,1,10
FFF,2013B,550866,0,Wales,A Level or Equivalent,20-30%,0-35,0,120,0,Fail,11,0,1,1,1,1,0,1,0,0,0,0,1,1,0,6
FFF,2013B,550909,0,East Anglian Region,Lower Than A Level,70-80%,0-35,0,90,0,Fail,9,0,1,1,1,0,1,1,0,1,0,0,1,1,1,4
FFF,2013B,550933,0,North Western Region,A Level or Equivalent,70-80%,35-55,0,60,0,Pass,15,0,1,0,0,1,0,1,0,1,1,1,1,0,1,10
FFF,2013B,550961,0,London Region,A Level or Equivalent,30-40%,0-35,0,90,0,Fail,7,0,0,0,0,0,0,0,1,0,1,0,0,1,0,3
FFF,2013B,551027,0,London Region,Lower Than A Level,50-60%,0-35,0,60,0,Pass,3,1,1,0,1,1,1,0,0,1,1,0,1,1,0,8
FFF,2013B,551052,0,South West Region,A Level or Equivalent,70-80%,0-35,0,90,0,Withdrawn,3,1,1,1,0,1,1,1,0,0,0,0,1,1,0,8
FFF,2013B,551058,0,South East Region,HE Qualification,20-Oct,0-35,0,90,0,Pass,14,1,0,0,1,0,0,0,0,0,1,1,1,1,0,5
FFF,2013B,551061,0,Scotland,A Level or Equivalent,80-90%,0-35,0,60,0,Fail,5,1,0,1,1,0,1,0,0,0,0,1,0,0,1,9
FFF,2013B,551134,1,Yorkshire Region,Lower Than A Level,0-10%,0-35,0,60,0,Withdrawn,13,0,1,0,1,0,0,0,1,0,0,0,1,1,0,5
FFF,2013B,551137,0,Yorkshire Region,Lower Than A Level,0-10%,35-55,0,60,0,Withdrawn,8,1,0,0,1,1,1,1,1,0,1,1,0,1,0,3
FFF,2013B,551142,0,South Region,Lower Than A Level,30-40%,35-55,0,60,1,Withdrawn,6,0,0,0,1,1,0,0,0,0,0,0,1,1,1,9
FFF,2013B,551156,0,Yorkshire Region,Lower Than A Level,20-Oct,0-35,0,90,0,Withdrawn,11,0,1,1,1,0,0,0,0,1,1,0,0,0,0,6
FFF,2013B,551190,0,London Region,A Level or Equivalent,0-10%,35-55,0,60,0,Fail,3,0,1,0,1,1,1,0,0,1,0,1,0,1,1,8
FFF,2013B,551212,0,South West Region,A Level or Equivalent,90-100%,0-35,0,60,0,Distinction,5,1,1,1,0,0,0,1,0,0,0,1,0,0,0,9
FFF,2013B,551258,0,North Western Region,A Level or Equivalent,20-30%,0-35,0,60,0,Pass,4,1,1,0,1,1,1,1,0,0,1,0,0,0,0,8
FFF,2013B,551287,0,North Region,A Level or Equivalent,0-10%,0-35,0,60,0,Fail,4,1,0,1,1,1,0,1,1,0,1,1,1,0,1,8
FFF,2013B,551311,0,South Region,Lower Than A Level,20-Oct,0-35,0,60,0,Pass,12,0,1,1,1,0,0,0,1,1,1,0,0,0,1,7
FFF,2013B,551397,0,Ireland,A Level or Equivalent,50-60%,0-35,0,60,0,Pass,10,1,0,0,0,0,0,0,0,0,1,1,1,1,1,1
FFF,2013B,551482,0,East Midlands Region,HE Qualification,70-80%,35-55,0,60,0,Fail,3,1,1,0,0,0,1,0,1,0,1,0,0,1,0,8
FFF,2013B,551492,0,North Western Region,Lower Than A Level,0-10%,0-35,0,90,0,Withdrawn,7,0,0,1,0,0,0,1,1,1,0,1,1,0,0,3
FFF,2013B,551495,0,South West Region,Lower Than A Level,20-Oct,0-35,0,60,0,Fail,5,1,0,1,0,0,0,1,0,0,1,0,0,0,1,9
FFF,2013B,551528,0,Yorkshire Region,Lower Than A Level,,0-35,0,60,0,Withdrawn,13,1,0,1,1,1,0,1,1,1,0,0,0,0,0,5
FFF,2013B,551583,0,North Western Region,HE Qualification,50-60%,0-35,0,60,0,Pass,15,1,0,1,1,1,0,0,0,0,1,0,1,1,0,10
FFF,2013B,551602,0,North Western Region,Lower Than A Level,50-60%,0-35,0,120,0,Pass,8,1,0,0,0,1,1,1,0,1,1,1,0,0,0,3
FFF,2013B,551688,0,East Anglian Region,Lower Than A Level,30-40%,0-35,0,60,0,Fail,2,1,1,1,1,0,1,0,0,1,1,1,0,1,0,2
FFF,2013B,551730,0,Wales,A Level or Equivalent,30-40%,0-35,0,60,0,Fail,16,1,1,1,0,1,0,0,1,0,0,0,0,1,1,10
FFF,2013B,551764,0,South Region,Lower Than A Level,70-80%,0-35,0,120,0,Withdrawn,1,1,1,0,0,0,1,1,1,0,0,1,1,0,1,2
FFF,2013B,551791,0,West Midlands Region,A Level or Equivalent,30-40%,0-35,0,60,0,Pass,10,0,1,0,0,0,0,1,0,0,1,0,1,0,1,1
FFF,2013B,551796,1,Wales,A Level or Equivalent,20-30%,0-35,0,60,0,Pass,1,0,1,0,1,1,0,1,1,0,0,1,0,1,1,2
FFF,2013B,551805,0,North Western Region,Lower Than A Level,20-30%,0-35,0,120,0,Pass,11,0,1,0,0,1,0,0,1,0,1,1,0,1,0,6
FFF,2013B,552041,0,East Anglian Region,No Formal quals,60-70%,0-35,0,90,0,Withdrawn,16,1,0,1,0,1,0,1,1,1,0,1,0,0,1,10
FFF,2013B,552057,0,East Anglian Region,A Level or Equivalent,30-40%,0-35,0,60,0,Fail,5,0,1,0,1,1,1,0,1,0,1,1,0,1,1,9
FFF,2013B,552142,0,West Midlands Region,A Level or Equivalent,20-30%,0-35,0,120,0,Pass,10,0,1,1,0,0,0,1,1,1,0,1,0,1,1,1
FFF,2013B,552228,0,London Region,Lower Than A Level,40-50%,35-55,0,120,0,Fail,8,1,1,1,0,1,0,0,0,1,1,0,1,1,0,3
FFF,2013B,552284,0,East Anglian Region,A Level or Equivalent,80-90%,0-35,0,60,0,Withdrawn,9,1,1,0,1,0,1,0,1,0,1,1,1,1,0,4
FFF,2013B,552320,0,Scotland,A Level or Equivalent,20-Oct,0-35,0,60,0,Pass,14,1,0,0,1,1,0,1,0,1,1,0,1,0,1,5
FFF,2013B,552374,0,South West Region,Lower Than A Level,80-90%,0-35,0,60,1,Pass,2,0,0,0,0,0,1,0,1,1,0,1,1,1,0,2
FFF,2013B,552395,0,Yorkshire Region,A Level or Equivalent,0-10%,0-35,0,60,1,Withdrawn,7,0,1,0,0,1,1,0,1,0,1,0,1,1,1,3
FFF,2013B,552450,0,London Region,Lower Than A Level,0-10%,35-55,0,120,0,Fail,7,0,0,0,0,0,1,1,1,1,1,0,1,0,1,3
FFF,2013B,552491,1,London Region,Lower Than A Level,30-40%,0-35,0,60,0,Pass,6,1,1,0,0,0,1,1,0,1,1,0,0,0,0,9
FFF,2013B,552560,0,South Region,HE Qualification,40-50%,0-35,0,120,0,Fail,15,1,0,0,1,0,1,0,1,0,0,0,0,1,1,10
FFF,2013B,552567,0,London Region,A Level or Equivalent,0-10%,0-35,0,120,0,Fail,1,1,1,1,0,0,0,0,0,0,1,0,0,0,0,2
FFF,2013B,552580,0,South Region,Lower Than A Level,50-60%,0-35,0,60,0,Withdrawn,8,0,0,1,1,1,1,1,0,1,1,0,1,1,1,3
FFF,2013B,552614,0,South East Region,A Level or Equivalent,30-40%,0-35,0,60,0,Withdrawn,12,0,0,1,1,1,1,0,0,0,1,1,0,0,0,7
FFF,2013B,552648,0,North Western Region,Lower Than A Level,0-10%,0-35,0,90,0,Fail,8,0,0,0,0,1,0,1,1,1,1,1,1,1,0,3
FFF,2013B,552708,0,London Region,A Level or Equivalent,0-10%,0-35,0,90,0,Distinction,13,1,0,1,0,1,1,1,0,1,1,0,0,0,1,5
FFF,2013B,552721,0,South West Region,Lower Than A Level,90-100%,0-35,0,60,0,Pass,7,1,1,0,0,1,1,0,0,1,0,1,1,0,0,3
FFF,2013B,552740,1,London Region,A Level or Equivalent,40-50%,0-35,0,90,0,Withdrawn,16,1,1,0,1,1,0,0,1,1,1,1,1,0,1,10
FFF,2013B,552834,0,North Western Region,Lower Than A Level,50-60%,0-35,0,60,0,Fail,7,0,1,0,1,0,1,1,0,0,0,1,0,1,1,3
FFF,2013B,552987,0,South East Region,HE Qualification,20-Oct,35-55,0,60,0,Pass,12,1,1,0,0,1,1,0,0,0,0,1,1,1,1,7
FFF,2013B,553017,0,Yorkshire Region,Lower Than A Level,20-30%,35-55,0,60,0,Fail,6,1,1,0,1,0,0,0,0,1,0,1,1,0,0,9
FFF,2013B,553100,0,East Midlands Region,Lower Than A Level,20-30%,0-35,0,60,0,Pass,7,0,0,1,0,0,0,0,1,1,0,1,1,0,0,3
FFF,2013B,553104,0,Wales,Lower Than A Level,60-70%,0-35,0,120,0,Pass,7,0,1,0,0,1,0,1,1,1,0,0,0,0,0,3
FFF,2013B,553131,0,London Region,Lower Than A Level,0-10%,35-55,0,60,0,Fail,5,0,1,0,0,1,1,0,1,1,0,0,0,0,1,9
FFF,2013B,553155,0,South West Region,HE Qualification,80-90%,35-55,0,90,0,Distinction,10,1,0,0,1,0,1,0,1,1,0,1,1,0,0,1
FFF,2013B,553220,0,South Region,A Level or Equivalent,30-40%,35-55,0,60,0,Distinction,2,0,1,1,1,0,0,0,1,1,1,0,0,1,0,2
FFF,2013B,553240,1,North Western Region,A Level or Equivalent,20-30%,0-35,0,60,0,Withdrawn,3,1,1,1,1,1,0,1,0,0,0,1,0,1,0,8
FFF,2013B,553262,0,North Western Region,A Level or Equivalent,20-Oct,0-35,0,60,0,Pass,6,1,1,1,1,0,1,1,0,0,1,1,1,1,1,9
FFF,2013B,553325,0,Wales,Lower Than A Level,50-60%,0-35,0,60,0,Fail,15,0,0,1,0,0,0,0,0,1,0,1,1,0,1,10
FFF,2013B,553404,0,East Anglian Region,Lower Than A Level,20-30%,0-35,0,120,0,Withdrawn,8,0,0,0,1,0,0,1,1,0,0,1,0,1,0,3
FFF,2013B,553425,0,East Anglian Region,A Level or Equivalent,90-100%,35-55,0,60,0,Pass,8,1,0,1,0,0,1,1,1,0,0,1,1,1,1,3
FFF,2013B,553500,0,West Midlands Region,A Level or Equivalent,50-60%,0-35,0,60,0,Pass,7,0,1,1,0,1,0,1,1,0,0,1,1,1,0,3
FFF,2013B,553528,1,London Region,Lower Than A Level,20-30%,0-35,0,60,0,Fail,12,1,0,1,1,1,1,1,1,1,1,1,0,1,0,7
FFF,2013B,553631,0,South Region,A Level or Equivalent,20-Oct,0-35,0,90,0,Withdrawn,3,0,0,1,1,1,1,0,0,0,1,0,1,1,1,8
FFF,2013B,553649,0,North Region,A Level or Equivalent,,0-35,0,60,0,Pass,11,1,0,1,0,0,0,0,1,1,1,0,1,1,1,6
FFF,2013B,553655,1,East Midlands Region,A Level or Equivalent,50-60%,0-35,0,60,0,Pass,9,0,0,1,0,1,1,1,1,1,0,1,1,0,0,4
FFF,2013B,553727,0,East Midlands Region,Lower Than A Level,50-60%,0-35,0,90,0,Fail,7,1,1,0,1,1,0,1,1,1,0,1,1,0,1,3
FFF,2013B,553781,1,Ireland,A Level or Equivalent,50-60%,0-35,0,60,0,Pass,4,0,1,1,0,0,1,1,1,0,0,0,1,1,1,8
FFF,2013B,553813,0,West Midlands Region,Lower Than A Level,40-50%,0-35,0,60,0,Fail,15,0,0,1,0,0,0,1,1,0,0,0,1,1,0,10
FFF,2013B,553831,1,South East Region,Lower Than A Level,30-40%,0-35,0,120,0,Pass,14,1,1,1,1,1,0,0,1,1,1,0,0,0,0,5
FFF,2013B,553834,1,East Midlands Region,Lower Than A Level,20-30%,0-35,0,60,1,Withdrawn,13,0,0,0,0,1,1,0,1,0,1,0,0,0,0,5
FFF,2013B,553841,0,Scotland,A Level or Equivalent,80-90%,35-55,0,60,0,Fail,9,0,0,0,1,0,0,0,1,0,1,0,1,0,0,4
FFF,2013B,553878,0,North Western Region,Lower Than A Level,70-80%,0-35,0,60,0,Pass,10,0,0,1,1,1,1,0,1,0,0,1,0,0,1,1
FFF,2013B,553963,0,North Region,Lower Than A Level,0-10%,0-35,0,120,0,Fail,1,0,1,0,0,1,1,0,1,1,0,0,0,0,0,2
FFF,2013B,554038,0,South West Region,A Level or Equivalent,70-80%,0-35,0,120,0,Fail,5,1,0,1,1,0,0,1,1,1,1,1,1,0,1,9
FFF,2013B,554044,0,East Anglian Region,A Level or Equivalent,70-80%,0-35,0,60,0,Pass,16,0,0,0,1,0,0,0,1,1,1,1,1,0,1,10
FFF,2013B,554045,0,Yorkshire Region,A Level or Equivalent,20-30%,0-35,0,60,0,Withdrawn,13,1,1,1,1,0,1,0,0,1,1,0,0,1,1,5
FFF,2013B,554152,0,London Region,A Level or Equivalent,20-30%,0-35,0,60,1,Withdrawn,5,1,0,1,1,0,0,1,1,1,1,0,1,0,0,9
FFF,2013B,554166,0,Yorkshire Region,A Level or Equivalent,0-10%,0-35,0,120,0,Fail,12,1,1,0,0,1,0,0,0,0,0,1,0,1,0,7
FFF,2013B,554236,0,Scotland,HE Qualification,50-60%,0-35,0,60,0,Pass,12,1,0,0,0,0,1,1,0,1,0,0,1,0,1,7
FFF,2013B,554256,0,East Anglian Region,A Level or Equivalent,40-50%,0-35,0,60,0,Fail,5,0,0,0,1,0,0,0,0,0,0,1,1,1,0,9
FFF,2013B,554289,0,South Region,HE Qualification,80-90%,0-35,0,60,0,Pass,5,1,1,0,1,0,0,1,0,0,1,0,1,1,1,9
FFF,2013B,554331,0,South Region,Lower Than A Level,90-100%,35-55,0,60,0,Pass,14,0,0,1,0,1,0,1,0,0,1,1,1,0,0,5
FFF,2013B,554365,0,North Western Region,Lower Than A Level,60-70%,0-35,0,120,0,Withdrawn,3,0,1,0,0,0,1,1,1,1,1,1,1,1,0,8
FFF,2013B,554372,0,South West Region,Lower Than A Level,70-80%,0-35,0,60,0,Pass,13,0,1,0,1,0,1,0,1,0,1,1,0,1,0,5
FFF,2013B,554435,1,London Region,A Level or Equivalent,50-60%,0-35,0,90,0,Fail,9,1,0,1,0,0,1,1,1,0,0,0,0,0,0,4
FFF,2013B,554476,0,Yorkshire Region,A Level or Equivalent,20-Oct,0-35,0,60,0,Pass,2,1,1,0,1,1,0,0,1,1,1,1,0,1,1,2
FFF,2013B,554558,0,Yorkshire Region,Lower Than A Level,40-50%,0-35,0,60,0,Distinction,3,0,0,0,0,1,0,1,1,1,0,0,1,1,0,8
FFF,2013B,554592,0,South West Region,A Level or Equivalent,20-30%,0-35,0,60,0,Pass,7,1,0,0,0,1,0,0,0,0,1,0,1,1,0,3
FFF,2013B,554620,0,London Region,A Level or Equivalent,20-30%,0-35,0,70,1,Pass,15,1,0,0,1,0,0,0,1,0,1,0,0,1,1,10
FFF,2013B,554664,0,North Region,Lower Than A Level,30-40%,0-35,0,120,0,Pass,6,1,0,1,0,1,1,1,1,1,0,0,0,0,0,9
FFF,2013B,554748,0,South West Region,Lower Than A Level,30-40%,0-35,0,60,1,Pass,13,1,1,0,0,1,1,0,0,0,0,1,0,1,1,5
FFF,2013B,554761,0,Scotland,A Level or Equivalent,20-30%,35-55,0,60,0,Pass,5,1,0,0,1,1,1,1,1,1,1,1,1,1,0,9
FFF,2013B,554813,0,South Region,A Level or Equivalent,90-100%,0-35,0,60,0,Pass,16,1,0,1,0,1,1,1,1,0,1,1,1,0,1,10
FFF,2013B,554852,0,Yorkshire Region,A Level or Equivalent,70-80%,35-55,0,90,0,Pass,13,0,0,0,1,1,1,0,1,0,1,0,0,1,1,5
FFF,2013B,554888,1,Ireland,HE Qualification,,0-35,0,60,0,Withdrawn,1,1,1,1,0,1,0,1,1,1,1,0,0,1,0,2
FFF,2013B,554908,0,North Western Region,A Level or Equivalent,40-50%,35-55,0,60,0,Distinction,3,1,0,0,0,0,0,0,1,1,0,1,0,1,1,8
FFF,2013B,554919,0,Wales,A Level or Equivalent,80-90%,0-35,0,60,1,Withdrawn,8,0,0,0,0,1,0,1,1,1,1,1,1,1,0,3
FFF,2013B,554923,0,South East Region,A Level or Equivalent,60-70%,0-35,0,60,0,Fail,12,0,0,1,0,0,1,0,1,0,0,0,0,1,1,7
FFF,2013B,554940,0,North Western Region,A Level or Equivalent,30-40%,0-35,0,60,0,Fail,12,0,0,1,0,1,1,1,0,0,0,1,1,1,1,7
FFF,2013B,554946,0,North Western Region,A Level or Equivalent,80-90%,0-35,0,60,0,Fail,6,1,0,0,0,1,0,0,1,0,1,0,0,0,0,9
FFF,2013B,555110,0,North Western Region,Lower Than A Level,0-10%,0-35,0,120,0,Withdrawn,12,0,1,1,1,1,0,1,1,0,1,1,1,1,0,7
FFF,2013B,555144,0,South West Region,Lower Than A Level,50-60%,35-55,0,120,0,Pass,15,0,0,0,1,1,0,1,0,0,1,0,0,0,1,10
FFF,2013B,555148,0,West Midlands Region,Lower Than A Level,0-10%,0-35,0,60,0,Withdrawn,3,1,1,1,0,1,1,1,0,1,1,0,1,0,1,8
FFF,2013B,555168,0,London Region,A Level or Equivalent,30-40%,0-35,0,60,0,Withdrawn,12,0,0,0,0,0,1,1,0,1,0,0,0,1,0,7
FFF,2013B,555178,0,South Region,Lower Than A Level,90-100%,0-35,0,60,0,Withdrawn,9,1,0,1,0,0,0,1,0,0,0,0,0,1,1,4
FFF,2013B,555250,0,West Midlands Region,Lower Than A Level,20-Oct,0-35,0,150,0,Pass,11,0,1,0,0,1,1,1,0,1,0,0,0,0,0,6
FFF,2013B,555349,0,East Midlands Region,Lower Than A Level,40-50%,0-35,0,60,0,Fail,16,1,1,0,0,1,0,0,1,0,0,0,1,1,0,10
FFF,2013B,555444,0,North Western Region,HE Qualification,20-30%,0-35,0,60,0,Pass,12,0,0,0,1,1,1,0,1,0,0,1,1,1,0,7
FFF,2013B,555503,0,Scotland,HE Qualification,20-Oct,0-35,0,60,0,Pass,5,1,1,0,1,0,0,1,1,1,1,1,0,1,1,9
FFF,2013B,555539,0,Yorkshire Region,A Level or Equivalent,30-40%,0-35,0,90,0,Withdrawn,3,0,1,1,1,1,1,0,0,1,1,1,1,0,0,8
FFF,2013B,555609,0,London Region,Lower Than A Level,20-30%,35-55,0,60,0,Withdrawn,3,1,1,1,0,0,1,0,1,1,1,1,1,0,0,8
FFF,2013B,555619,0,North Western Region,HE Qualification,80-90%,0-35,0,60,0,Fail,11,1,0,1,1,1,1,0,0,0,1,0,0,0,0,6
FFF,2013B,555653,0,North Western Region,Lower Than A Level,20-30%,0-35,0,180,0,Withdrawn,11,0,1,1,1,1,1,0,0,0,0,1,0,0,0,6
FFF,2013B,555709,0,London Region,No Formal quals,20-30%,35-55,0,60,0,Withdrawn,12,1,1,1,1,0,0,0,0,0,1,0,1,0,0,7
FFF,2013B,555786,0,Wales,A Level or Equivalent,90-100%,0-35,0,90,0,Withdrawn,2,1,0,0,1,0,1,1,1,0,1,0,0,0,0,2
FFF,2013B,556004,0,East Anglian Region,A Level or Equivalent,0-10%,35-55,0,120,0,Fail,14,0,1,0,0,0,0,0,1,1,1,1,0,0,0,5
FFF,2013B,556022,0,South West Region,A Level or Equivalent,70-80%,0-35,0,60,0,Pass,7,0,0,0,1,0,0,0,1,0,1,0,1,0,1,3
FFF,2013B,556121,0,East Anglian Region,Lower Than A Level,20-30%,35-55,0,60,0,Fail,5,0,0,0,0,0,1,0,0,0,0,1,1,0,0,9
FFF,2013B,556126,0,London Region,A Level or Equivalent,80-90%,35-55,0,60,1,Withdrawn,1,1,1,1,1,0,0,1,1,1,0,1,1,1,1,2
FFF,2013B,556133,0,West Midlands Region,A Level or Equivalent,60-70%,0-35,0,60,0,Pass,9,0,1,0,1,1,1,1,0,0,0,0,0,0,1,4
FFF,2013B,556134,0,North Western Region,Lower Than A Level,20-Oct,0-35,0,120,0,Withdrawn,2,1,0,1,0,1,0,1,0,0,1,1,1,0,0,2
FFF,2013B,556153,0,South East Region,A Level or Equivalent,20-30%,0-35,0,60,0,Withdrawn,7,0,0,0,1,1,1,1,0,0,1,0,1,0,1,3
FFF,2013B,556203,1,London Region,Lower Than A Level,30-40%,0-35,0,60,0,Withdrawn,14,0,1,0,1,0,1,1,0,1,1,0,0,1,0,5
FFF,2013B,556210,0,Yorkshire Region,Lower Than A Level,60-70%,0-35,0,60,0,Pass,13,0,0,1,1,0,1,1,1,1,0,1,0,1,1,5
FFF,2013B,556251,0,North Western Region,A Level or Equivalent,60-70%,0-35,0,60,0,Pass,12,1,1,1,1,1,0,1,1,0,0,1,1,0,1,7
FFF,2013B,556302,0,Yorkshire Region,Lower Than A Level,70-80%,0-35,0,60,0,Pass,2,1,0,0,1,0,0,0,0,1,0,1,1,1,1,2
FFF,2013B,556351,1,West Midlands Region,Lower Than A Level,20-Oct,0-35,0,60,1,Fail,12,0,1,1,1,0,1,0,0,1,1,0,0,1,1,7
FFF,2013B,556391,0,East Midlands Region,Lower Than A Level,50-60%,0-35,0,60,1,Pass,9,1,1,0,1,0,0,0,0,0,0,0,0,1,1,4
FFF,2013B,556404,0,South Region,A Level or Equivalent,90-100%,35-55,0,60,0,Withdrawn,10,1,0,0,0,0,0,1,0,0,1,1,0,1,1,1
FFF,2013B,556408,0,South West Region,A Level or Equivalent,70-80%,0-35,0,60,0,Withdrawn,14,0,1,1,1,1,1,1,1,1,0,1,1,0,0,5
FFF,2013B,556429,0,West Midlands Region,Lower Than A Level,20-30%,0-35,0,60,0,Pass,16,0,1,1,1,0,0,0,0,0,1,0,1,1,0,10
FFF,2013B,556440,0,Scotland,HE Qualification,50-60%,35-55,0,60,1,Pass,11,0,1,1,1,0,0,0,0,1,0,1,0,0,0,6
FFF,2013B,556489,0,London Region,Lower Than A Level,40-50%,35-55,0,60,0,Withdrawn,1,0,0,1,1,0,0,1,0,1,0,1,1,1,1,2
FFF,2013B,556492,0,South Region,A Level or Equivalent,90-100%,0-35,0,90,0,Withdrawn,6,1,1,0,0,1,1,1,0,0,0,0,1,1,1,9
FFF,2013B,556498,0,North Western Region,Lower Than A Level,0-10%,0-35,0,60,0,Pass,6,1,1,1,1,0,0,1,1,1,0,0,0,0,0,9
FFF,2013B,556540,0,South Region,Lower Than A Level,80-90%,0-35,0,60,0,Pass,12,0,1,1,0,0,0,1,0,1,0,0,0,1,0,7
FFF,2013B,556542,0,North Region,A Level or Equivalent,,0-35,0,60,1,Withdrawn,14,1,1,1,0,1,1,1,0,0,0,1,1,1,1,5
FFF,2013B,556567,1,East Anglian Region,A Level or Equivalent,60-70%,0-35,0,60,0,Pass,9,1,1,1,1,0,1,0,0,0,1,0,0,0,1,4
FFF,2013B,556659,0,East Anglian Region,Lower Than A Level,60-70%,35-55,0,60,0,Pass,8,0,0,0,0,0,0,0,0,0,1,1,1,0,0,3
FFF,2013B,556783,1,East Anglian Region,HE Qualification,70-80%,35-55,0,60,0,Distinction,3,1,1,1,1,0,1,0,1,0,0,0,1,1,1,8
FFF,2013B,556880,0,South East Region,Lower Than A Level,60-70%,0-35,0,60,0,Fail,16,1,1,0,0,0,1,1,1,0,0,1,0,1,1,10
FFF,2013B,556911,0,London Region,A Level or Equivalent,20-Oct,0-35,0,120,1,Withdrawn,12,0,0,1,0,1,0,0,0,1,0,0,1,0,1,7
FFF,2013B,556924,1,London Region,A Level or Equivalent,30-40%,0-35,0,60,0,Pass,15,1,0,1,1,0,1,1,1,0,1,0,0,0,0,10
FFF,2013B,556927,0,East Midlands Region,A Level or Equivalent,20-Oct,0-35,0,60,0,Withdrawn,2,1,1,0,0,1,0,0,0,0,0,1,1,0,0,2
FFF,2013B,556931,0,Yorkshire Region,A Level or Equivalent,50-60%,0-35,0,60,0,Fail,10,0,0,0,1,1,0,1,0,1,1,0,0,0,1,1
FFF,2013B,556945,1,East Anglian Region,HE Qualification,80-90%,35-55,0,60,0,Pass,12,0,0,0,1,0,0,0,0,0,1,1,1,0,1,7
FFF,2013B,556970,0,South West Region,Lower Than A Level,90-100%,0-35,0,60,0,Fail,12,0,1,1,1,1,0,1,1,1,1,0,0,1,1,7
FFF,2013B,557053,0,North Region,Lower Than A Level,40-50%,35-55,0,60,0,Pass,9,0,1,1,1,1,0,1,1,0,0,0,0,1,0,4
FFF,2013B,557089,1,East Anglian Region,A Level or Equivalent,70-80%,35-55,0,60,0,Withdrawn,7,1,1,0,0,0,0,0,1,0,0,1,0,1,1,3
FFF,2013B,557129,0,Yorkshire Region,A Level or Equivalent,20-Oct,0-35,0,60,0,Fail,6,0,1,0,0,1,0,0,0,1,1,1,1,0,0,9
FFF,2013B,557177,0,South Region,Lower Than A Level,90-100%,0-35,0,60,0,Pass,15,1,1,0,1,1,0,0,0,1,1,0,0,0,1,10
FFF,2013B,557203,0,London Region,A Level or Equivalent,70-80%,0-35,0,60,0,Fail,15,0,0,1,1,0,0,1,1,1,0,1,0,0,0,10
FFF,2013B,557314,0,Yorkshire Region,A Level or Equivalent,20-30%,0-35,0,120,0,Pass,10,1,1,0,1,1,0,1,1,0,1,0,1,0,1,1
FFF,2013B,557345,0,East Anglian Region,A Level or Equivalent,80-90%,0-35,0,60,0,Distinction,4,1,0,1,0,0,1,1,0,1,0,0,1,1,1,8
FFF,2013B,557388,0,South Region,Lower Than A Level,30-40%,0-35,0,60,0,Pass,14,0,1,0,0,0,0,1,0,0,1,1,1,0,0,5
FFF,2013B,557445,1,North Region,A Level or Equivalent,,0-35,0,60,0,Pass,13,1,1,1,1,1,1,1,0,0,0,1,1,0,0,5
FFF,2013B,557469,0,Ireland,A Level or Equivalent,80-90%,0-35,0,120,0,Withdrawn,3,1,1,1,1,1,0,0,1,0,1,1,0,0,1,8
FFF,2013B,557542,0,West Midlands Region,A Level or Equivalent,20-Oct,0-35,0,60,0,Withdrawn,12,1,0,1,1,1,0,1,0,0,1,1,1,1,0,7
FFF,2013B,557586,0,Ireland,HE Qualification,,0-35,0,60,0,Fail,12,1,1,1,0,0,0,0,0,1,0,1,0,1,1,7
FFF,2013B,557588,0,London Region,A Level or Equivalent,40-50%,0-35,0,90,0,Withdrawn,15,0,1,0,1,1,0,0,1,1,1,1,0,0,0,10
FFF,2013B,557710,1,Scotland,HE Qualification,60-70%,35-55,0,60,1,Distinction,12,0,0,0,0,0,1,0,0,1,1,0,0,1,0,7
FFF,2013B,557735,0,South West Region,Lower Than A Level,70-80%,0-35,0,120,0,Withdrawn,14,0,1,1,1,0,0,1,0,1,0,0,1,0,1,5
FFF,2013B,557773,0,South Region,A Level or Equivalent,20-Oct,35-55,0,60,0,Withdrawn,1,1,0,1,0,0,1,1,0,0,0,1,0,1,1,2
FFF,2013B,557787,0,London Region,A Level or Equivalent,70-80%,0-35,0,120,0,Pass,8,1,0,1,0,1,0,1,0,0,0,0,0,0,1,3
FFF,2013B,557792,0,South Region,Lower Than A Level,50-60%,0-35,0,60,0,Fail,13,0,0,1,1,0,1,0,0,0,0,1,1,0,0,5
FFF,2013B,557811,0,East Midlands Region,A Level or Equivalent,0-10%,0-35,0,90,0,Pass,11,1,1,1,0,0,0,1,0,1,1,0,1,0,0,6
FFF,2013B,557840,0,West Midlands Region,Lower Than A Level,0-10%,0-35,0,60,0,Distinction,7,0,1,1,0,0,0,0,1,0,1,1,1,1,0,3
FFF,2013B,557877,0,Wales,A Level or Equivalent,50-60%,0-35,0,60,0,Pass,10,1,0,0,0,1,0,0,0,1,0,1,0,0,0,1
FFF,2013B,557891,0,Yorkshire Region,A Level or Equivalent,20-Oct,0-35,0,60,0,Pass,11,0,0,1,0,1,1,1,1,1,1,0,0,1,0,6
FFF,2013B,557908,1,West Midlands Region,A Level or Equivalent,20-Oct,0-35,0,60,1,Withdrawn,15,1,1,0,1,1,1,1,0,1,0,1,1,0,0,10
FFF,2013B,558018,0,North Region,A Level or Equivalent,,35-55,0,60,0,Distinction,15,0,1,1,1,0,0,1,1,0,0,1,1,1,0,10
FFF,2013B,558098,0,South Region,A Level or Equivalent,50-60%,0-35,0,60,1,Pass,4,0,0,1,0,1,0,1,1,1,1,1,1,0,0,8
FFF,2013B,558104,1,East Anglian Region,A Level or Equivalent,90-100%,0-35,0,60,0,Pass,6,1,0,1,1,1,0,0,0,0,0,1,0,1,1,9
FFF,2013B,558199,0,South East Region,Lower Than A Level,40-50%,0-35,0,90,0,Withdrawn,9,0,1,0,1,0,0,0,1,1,0,1,0,1,0,4
FFF,2013B,558208,0,Scotland,HE Qualification,90-100%,35-55,0,60,0,Pass,6,0,1,0,1,0,0,0,1,1,0,1,0,1,1,9
FFF,2013B,558244,0,Wales,HE Qualification,40-50%,0-35,0,60,0,Withdrawn,5,0,1,1,0,1,0,1,0,1,1,1,0,1,1,9
FFF,2013B,558262,0,South Region,A Level or Equivalent,70-80%,0-35,0,150,0,Fail,1,0,0,1,1,0,0,0,0,0,1,0,0,1,1,2
FFF,2013B,558280,0,East Midlands Region,A Level or Equivalent,60-70%,0-35,0,90,0,Pass,8,0,0,0,1,0,1,0,0,0,1,1,1,1,0,3
FFF,2013B,558354,0,Yorkshire Region,A Level or Equivalent,0-10%,0-35,0,120,1,Withdrawn,13,1,1,0,0,1,0,1,1,1,0,0,0,0,0,5
FFF,2013B,558404,0,London Region,Lower Than A Level,20-30%,0-35,0,120,0,Withdrawn,6,1,0,0,0,1,1,0,0,1,1,1,1,0,0,9
FFF,2013B,558489,0,South Region,Lower Than A Level,,0-35,0,60,0,Pass,6,0,0,1,0,0,1,1,0,0,0,1,0,0,1,9
FFF,2013B,558503,0,West Midlands Region,Lower Than A Level,30-40%,0-35,0,60,0,Pass,12,1,0,0,1,1,1,0,0,1,1,1,0,0,0,7
FFF,2013B,558558,0,South East Region,HE Qualification,90-100%,35-55,0,60,0,Distinction,10,0,1,0,0,0,1,1,0,0,1,1,0,0,1,1
FFF,2013B,558597,0,North Region,A Level or Equivalent,20-30%,0-35,0,60,0,Distinction,9,0,0,0,1,0,0,1,0,0,1,1,1,0,0,4
FFF,2013B,558628,0,South Region,Lower Than A Level,60-70%,0-35,0,60,0,Pass,2,1,1,0,0,1,0,1,1,0,0,0,0,0,0,2
FFF,2013B,558692,0,South Region,Lower Than A Level,20-Oct,0-35,0,60,0,Fail,12,1,0,0,0,0,0,1,0,0,1,0,0,0,0,7
FFF,2013B,558760,0,South East Region,A Level or Equivalent,20-Oct,0-35,0,90,0,Pass,11,0,0,1,1,1,1,1,0,1,0,0,1,0,1,6
FFF,2013B,558770,1,North Western Region,Lower Than A Level,40-50%,35-55,0,60,0,Pass,3,1,0,0,0,1,0,1,0,1,1,0,0,0,1,8
FFF,2013B,558772,1,North Western Region,A Level or Equivalent,40-50%,0-35,0,60,0,Pass,1,0,1,1,1,1,0,0,0,1,0,0,1,1,0,2
FFF,2013B,558776,0,South West Region,Lower Than A Level,0-10%,0-35,0,60,0,Withdrawn,15,0,1,0,1,1,0,1,1,1,1,1,0,1,0,10
FFF,2013B,558801,0,Wales,Lower Than A Level,50-60%,35-55,0,60,0,Pass,2,0,1,0,0,0,0,0,0,1,0,0,1,1,0,2
FFF,2013B,558807,0,East Anglian Region,A Level or Equivalent,70-80%,0-35,0,60,0,Withdrawn,13,0,1,1,0,1,0,1,0,0,1,0,1,0,1,5
FFF,2013B,558851,0,Yorkshire Region,Lower Than A Level,0-10%,0-35,0,60,0,Pass,15,1,1,1,0,1,0,1,0,1,0,1,1,1,0,10
FFF,2013B,558854,0,West Midlands Region,Lower Than A Level,0-10%,0-35,0,60,0,Fail,4,1,1,1,1,0,0,1,0,1,0,0,0,1,1,8
FFF,2013B,558907,1,West Midlands Region,A Level or Equivalent,40-50%,0-35,0,60,0,Pass,2,1,1,1,1,1,0,0,0,1,0,1,1,0,1,2
FFF,2013B,558915,0,South West Region,A Level or Equivalent,40-50%,0-35,0,120,1,Pass,11,1,1,0,1,0,0,1,1,1,0,0,0,0,1,6
FFF,2013B,558957,0,North Region,Lower Than A Level,20-Oct,0-35,0,60,0,Withdrawn,15,0,1,0,0,1,1,1,0,1,1,1,0,0,1,10
FFF,2013B,558963,0,Yorkshire Region,Lower Than A Level,30-40%,0-35,0,60,0,Pass,1,0,1,1,0,1,1,0,1,1,1,1,1,0,1,2
FFF,2013B,559004,0,Ireland,A Level or Equivalent,20-30%,0-35,0,60,0,Distinction,2,0,1,1,0,0,1,1,0,1,0,0,0,0,1,2
FFF,2013B,559019,0,East Anglian Region,Lower Than A Level,30-40%,0-35,0,120,0,Withdrawn,14,0,1,0,1,1,0,0,0,0,0,0,0,1,1,5
FFF,2013B,559058,0,South East Region,Lower Than A Level,70-80%,0-35,0,60,0,Pass,15,0,0,0,1,0,1,1,0,1,1,1,1,1,1,10
FFF,2013B,559062,0,East Midlands Region,Lower Than A Level,70-80%,35-55,0,60,0,Fail,5,1,1,1,0,0,1,0,1,0,0,0,1,0,1,9
FFF,2013B,559155,0,North Western Region,HE Qualification,20-30%,35-55,0,60,0,Pass,1,0,0,0,0,1,1,0,0,1,0,0,1,0,1,2
FFF,2013B,559325,0,North Region,Lower Than A Level,,0-35,0,60,0,Distinction,12,0,0,0,1,0,0,1,1,0,0,0,1,0,1,7
FFF,2013B,559335,0,Ireland,HE Qualification,,0-35,0,60,0,Pass,2,1,1,0,0,1,0,0,1,0,1,1,1,0,1,2
FFF,2013B,559397,0,Yorkshire Region,Lower Than A Level,70-80%,0-35,0,60,0,Fail,1,0,0,1,1,1,1,1,0,1,1,1,0,0,1,2
FFF,2013B,559405,0,North Region,Lower Than A Level,,35-55,0,60,0,Fail,1,1,0,0,0,1,1,0,1,0,0,0,1,0,1,2
FFF,2013B,559423,0,East Anglian Region,A Level or Equivalent,60-70%,35-55,0,60,0,Distinction,10,1,0,1,1,1,1,0,1,1,0,0,0,1,1,1
FFF,2013B,559440,0,Ireland,HE Qualification,70-80%,0-35,0,60,0,Pass,3,1,1,1,0,1,1,0,1,1,1,0,1,0,0,8
FFF,2013B,559449,0,North Region,Post Graduate Qualification,,0-35,0,60,0,Withdrawn,2,1,1,1,0,0,0,1,0,0,1,0,0,0,1,2
FFF,2013B,559451,1,Ireland,A Level or Equivalent,,35-55,0,60,0,Fail,15,0,1,0,1,0,0,0,0,0,1,0,0,0,0,10
FFF,2013B,559454,0,London Region,Lower Than A Level,30-40%,0-35,0,60,0,Pass,5,0,0,1,1,1,0,1,1,0,0,1,0,1,0,9
FFF,2013B,559496,0,North Region,Lower Than A Level,,0-35,0,60,0,Withdrawn,3,1,1,0,1,0,0,0,0,1,1,1,1,1,0,8
FFF,2013B,559589,0,Ireland,A Level or Equivalent,70-80%,0-35,0,60,0,Pass,13,0,1,1,1,0,1,1,0,1,0,0,0,1,1,5
FFF,2013B,559594,0,Yorkshire Region,Lower Than A Level,60-70%,0-35,0,60,0,Pass,10,0,1,0,0,0,1,1,1,1,0,0,1,1,1,1
FFF,2013B,559609,0,West Midlands Region,A Level or Equivalent,90-100%,0-35,0,60,0,Pass,9,0,0,1,1,1,0,0,0,0,0,0,0,0,1,4
FFF,2013B,559642,0,East Midlands Region,HE Qualification,30-40%,0-35,0,60,0,Pass,8,0,1,1,1,0,0,0,1,1,1,1,0,0,0,3
FFF,2013B,559656,0,South East Region,Lower Than A Level,20-30%,0-35,0,90,0,Withdrawn,10,0,0,0,1,0,0,1,0,0,1,0,0,1,0,1
FFF,2013B,559688,0,London Region,A Level or Equivalent,50-60%,35-55,0,60,0,Fail,8,1,0,0,0,1,1,1,0,0,1,0,1,1,1,3
FFF,2013B,559760,0,Yorkshire Region,Lower Than A Level,60-70%,35-55,0,60,0,Pass,1,1,1,1,1,1,0,0,0,1,1,1,1,0,0,2
FFF,2013B,559768,0,West Midlands Region,Lower Than A Level,20-Oct,35-55,0,60,0,Fail,13,1,1,1,0,0,1,0,1,1,1,0,1,1,1,5
FFF,2013B,559770,0,South East Region,HE Qualification,90-100%,35-55,0,60,0,Pass,3,0,1,1,0,0,1,0,0,1,0,0,0,0,0,8
FFF,2013B,559785,0,South Region,Lower Than A Level,70-80%,0-35,0,60,0,Distinction,10,0,1,0,1,0,0,1,1,0,1,0,0,1,1,1
FFF,2013B,559856,0,North Region,Lower Than A Level,0-10%,0-35,0,60,0,Pass,1,0,1,1,1,0,0,1,0,0,1,1,1,1,0,2
FFF,2013B,559991,0,East Anglian Region,Lower Than A Level,70-80%,0-35,0,60,1,Fail,14,1,0,0,0,0,1,0,1,0,0,1,0,0,1,5
FFF,2013B,560010,0,South Region,A Level or Equivalent,80-90%,0-35,0,60,0,Fail,16,1,0,0,1,1,1,0,0,0,1,1,1,1,1,10
FFF,2013B,560022,0,East Anglian Region,HE Qualification,90-100%,55<=,0,60,0,Pass,6,0,1,0,0,1,1,1,0,1,1,0,1,1,1,9
FFF,2013B,560046,1,North Region,Post Graduate Qualification,,0-35,0,60,0,Pass,9,0,0,0,0,0,1,0,0,0,1,1,1,0,1,4
FFF,2013B,560067,0,South East Region,A Level or Equivalent,40-50%,0-35,0,90,0,Fail,6,1,1,0,0,0,1,0,1,0,0,1,1,1,0,9
FFF,2013B,560072,1,Scotland,HE Qualification,20-Oct,35-55,0,60,0,Distinction,2,1,1,0,1,0,1,0,0,1,1,1,1,0,0,2
FFF,2013B,560182,0,South Region,Lower Than A Level,90-100%,35-55,0,90,1,Pass,6,1,1,0,1,1,1,1,1,1,1,0,0,0,1,9
FFF,2013B,560197,1,London Region,Lower Than A Level,20-Oct,0-35,0,60,0,Withdrawn,16,1,1,0,1,1,0,1,0,0,0,0,0,1,1,10
FFF,2013B,560199,0,West Midlands Region,Lower Than A Level,50-60%,35-55,0,120,0,Pass,12,1,0,0,1,1,1,1,1,1,0,0,0,1,1,7
FFF,2013B,560207,0,London Region,No Formal quals,20-30%,0-35,0,60,0,Pass,8,1,0,0,1,0,1,1,0,0,1,0,1,1,0,3
FFF,2013B,560404,0,North Western Region,A Level or Equivalent,30-40%,35-55,0,75,1,Fail,11,1,0,0,1,1,0,0,1,1,0,1,1,0,0,6
FFF,2013B,560410,0,Scotland,Lower Than A Level,30-40%,0-35,0,60,0,Withdrawn,8,1,0,0,0,0,1,1,1,0,0,1,0,0,1,3
FFF,2013B,560425,0,West Midlands Region,A Level or Equivalent,20-Oct,0-35,0,60,0,Pass,13,0,1,0,0,1,0,0,0,0,1,1,0,0,0,5
FFF,2013B,560431,0,South West Region,A Level or Equivalent,70-80%,35-55,0,60,0,Distinction,11,0,0,0,0,0,1,0,0,1,0,1,0,1,1,6
FFF,2013B,560443,0,East Midlands Region,A Level or Equivalent,20-Oct,35-55,0,60,0,Withdrawn,16,0,0,1,1,1,1,1,1,0,1,1,1,0,1,10
FFF,2013B,560459,0,London Region,A Level or Equivalent,30-40%,0-35,0,60,1,Withdrawn,12,0,1,0,1,1,0,0,1,0,1,1,0,1,0,7
FFF,2013B,560496,1,South East Region,A Level or Equivalent,60-70%,0-35,0,90,0,Withdrawn,4,0,0,0,1,0,0,0,0,1,1,1,1,0,0,8
FFF,2013B,560585,0,East Midlands Region,A Level or Equivalent,0-10%,0-35,0,60,0,Pass,14,0,0,1,1,0,1,1,0,1,1,0,0,0,0,5
FFF,2013B,928248,0,London Region,HE Qualification,20-30%,55<=,0,60,0,Pass,1,1,1,1,0,1,1,1,0,0,0,0,0,1,0,2
FFF,2013B,962951,0,South Region,A Level or Equivalent,50-60%,35-55,2,150,0,Withdrawn,16,0,1,0,0,1,1,1,0,1,0,0,1,0,0,10
FFF,2013B,988019,1,London Region,A Level or Equivalent,20-30%,35-55,0,60,1,Withdrawn,16,0,1,0,0,0,1,1,1,0,1,1,0,0,1,10
FFF,2013B,999174,0,South East Region,HE Qualification,70-80%,55<=,1,150,0,Pass,11,0,0,1,0,0,1,0,0,0,1,1,1,0,0,6
FFF,2013B,1026777,0,South Region,Lower Than A Level,60-70%,35-55,1,210,0,Withdrawn,10,1,1,0,1,1,0,0,1,0,1,1,0,1,1,1
FFF,2013B,1034674,0,South East Region,A Level or Equivalent,60-70%,35-55,0,60,0,Pass,1,1,1,1,0,0,1,1,1,1,1,1,0,1,0,2
FFF,2013B,1054876,0,Yorkshire Region,Lower Than A Level,60-70%,35-55,0,60,0,Fail,11,0,0,0,0,1,1,0,1,0,0,1,1,0,1,6
FFF,2013B,1073767,1,East Midlands Region,HE Qualification,80-90%,35-55,0,60,0,Pass,4,1,1,0,1,0,1,1,0,0,1,0,0,1,0,8
FFF,2013B,1090738,0,Wales,A Level or Equivalent,70-80%,35-55,1,150,0,Fail,1,1,1,1,0,0,0,0,1,1,1,0,1,1,1,2
FFF,2013B,1097354,0,South Region,HE Qualification,60-70%,35-55,0,90,0,Pass,8,0,0,0,0,0,1,1,0,1,0,0,1,0,1,3
FFF,2013B,1118284,0,South Region,A Level or Equivalent,60-70%,35-55,0,60,0,Pass,8,1,0,0,1,1,0,1,0,1,1,0,0,1,1,3
FFF,2013B,1337055,0,South Region,HE Qualification,80-90%,35-55,1,150,0,Pass,11,1,1,0,1,1,0,1,1,1,0,0,1,1,0,6
FFF,2013B,1347198,0,Wales,A Level or Equivalent,80-90%,35-55,0,60,0,Pass,15,0,1,1,1,1,0,0,1,1,1,0,0,1,1,10
FFF,2013B,1397662,1,West Midlands Region,Lower Than A Level,30-40%,35-55,0,60,0,Fail,3,1,0,0,0,0,0,1,1,1,1,1,0,1,0,8
FFF,2013B,1411562,1,West Midlands Region,Lower Than A Level,60-70%,35-55,0,60,0,Withdrawn,13,1,0,1,1,1,0,0,1,1,1,0,1,0,0,5
FFF,2013B,1436558,0,Ireland,A Level or Equivalent,50-60%,35-55,0,60,0,Distinction,2,0,0,0,1,1,0,1,0,1,1,0,1,0,1,2
FFF,2013B,1440072,0,Scotland,HE Qualification,20-30%,35-55,0,150,0,Pass,12,0,0,1,1,1,1,1,1,0,0,1,1,1,1,7
FFF,2013B,1442706,1,South East Region,HE Qualification,20-30%,35-55,0,90,1,Fail,3,0,1,1,0,1,1,0,1,1,1,0,0,1,0,8
FFF,2013B,1444520,1,Scotland,HE Qualification,70-80%,35-55,0,60,0,Pass,5,0,1,1,1,1,1,0,1,1,0,0,1,1,1,9
FFF,2013B,1464952,0,East Anglian Region,HE Qualification,50-60%,35-55,0,90,0,Pass,1,1,1,1,1,1,1,0,1,1,1,1,1,0,1,2
FFF,2013B,1494901,0,South Region,A Level or Equivalent,90-100%,35-55,0,90,0,Withdrawn,11,0,1,1,1,0,1,1,0,0,0,1,1,0,1,6
FFF,2013B,1500410,0,North Region,Lower Than A Level,0-10%,35-55,0,60,0,Pass,3,0,1,1,0,0,0,0,0,0,1,0,1,1,1,8
FFF,2013B,1510285,0,East Anglian Region,Lower Than A Level,70-80%,35-55,0,60,0,Pass,3,1,1,0,0,1,0,0,1,0,1,1,1,1,0,8
FFF,2013B,1531287,0,West Midlands Region,A Level or Equivalent,40-50%,35-55,0,60,0,Pass,14,0,0,1,0,0,1,0,1,0,1,0,1,0,0,5
FFF,2013B,1532840,0,East Anglian Region,A Level or Equivalent,20-30%,35-55,0,60,0,Pass,16,0,1,0,0,0,1,1,1,1,1,1,0,0,1,10
FFF,2013B,1534560,0,London Region,A Level or Equivalent,30-40%,35-55,0,60,0,Pass,5,0,0,1,1,1,0,1,0,1,0,0,1,1,1,9
FFF,2013B,1536138,0,Yorkshire Region,A Level or Equivalent,50-60%,35-55,0,90,0,Pass,15,0,0,1,1,1,1,0,0,0,0,0,0,1,0,10
FFF,2013B,1554143,0,London Region,A Level or Equivalent,90-100%,35-55,0,90,0,Fail,16,0,0,1,1,1,1,0,0,1,0,0,1,0,0,10
FFF,2013B,1558539,1,Scotland,Lower Than A Level,60-70%,35-55,0,60,1,Withdrawn,3,1,0,1,0,0,1,0,1,0,1,1,0,0,0,8
FFF,2013B,1559365,0,South East Region,Lower Than A Level,70-80%,35-55,1,120,0,Withdrawn,5,1,0,0,0,0,1,1,1,1,0,1,1,0,1,9
FFF,2013B,1562320,0,Scotland,HE Qualification,80-90%,35-55,0,60,0,Withdrawn,15,0,1,0,0,0,1,1,1,1,0,0,1,1,0,10
FFF,2013B,1614181,0,Yorkshire Region,Lower Than A Level,20-Oct,35-55,0,60,0,Pass,5,1,0,0,1,0,0,1,0,0,1,0,1,0,1,9
FFF,2013B,1627071,0,London Region,Lower Than A Level,20-Oct,35-55,1,120,1,Fail,4,1,1,0,0,1,1,1,1,0,0,0,0,0,0,8
FFF,2013B,1651020,0,East Midlands Region,A Level or Equivalent,60-70%,35-55,1,120,0,Withdrawn,5,0,0,0,0,0,0,1,0,0,0,0,0,0,0,9
FFF,2013B,1668504,0,East Anglian Region,A Level or Equivalent,30-40%,35-55,1,90,0,Distinction,1,1,1,1,1,0,1,1,1,0,0,1,0,0,0,2
FFF,2013B,1689730,0,London Region,A Level or Equivalent,20-30%,35-55,1,120,0,Pass,2,1,1,0,1,0,1,1,1,0,1,0,0,0,1,2
FFF,2013B,1699445,0,South East Region,Lower Than A Level,30-40%,35-55,0,120,0,Pass,12,0,0,0,1,1,1,0,0,0,1,1,1,0,1,7
FFF,2013B,1720712,0,North Western Region,Lower Than A Level,50-60%,35-55,0,90,0,Pass,2,1,1,1,0,0,1,0,0,0,0,0,1,0,1,2
FFF,2013B,1742834,1,Scotland,Post Graduate Qualification,90-100%,35-55,0,60,0,Pass,15,0,0,0,0,1,1,1,1,0,1,1,1,1,0,10
FFF,2013B,1761013,0,Wales,A Level or Equivalent,50-60%,35-55,0,60,0,Pass,10,1,1,0,1,1,0,1,0,0,1,0,1,1,1,1
FFF,2013B,1766303,1,West Midlands Region,A Level or Equivalent,70-80%,35-55,0,60,0,Withdrawn,12,0,0,0,1,0,1,0,1,1,1,1,1,0,0,7
FFF,2013B,1772429,0,Scotland,A Level or Equivalent,50-60%,35-55,0,60,0,Pass,13,0,0,0,1,1,0,0,0,0,0,0,1,1,1,5
FFF,2013B,1784775,1,North Region,HE Qualification,,35-55,0,120,0,Pass,8,1,0,0,1,0,1,0,0,0,0,1,1,1,0,3
FFF,2013B,1788974,0,South West Region,HE Qualification,40-50%,35-55,0,90,0,Fail,15,1,1,0,1,1,0,1,1,0,0,0,0,0,0,10
FFF,2013B,1809578,0,North Region,A Level or Equivalent,,35-55,0,60,0,Pass,6,0,1,0,1,0,1,1,1,0,1,1,1,1,0,9
FFF,2013B,1813486,0,West Midlands Region,A Level or Equivalent,50-60%,35-55,1,60,0,Fail,13,1,1,0,0,0,0,0,1,1,0,1,1,1,1,5
FFF,2013B,1813664,0,West Midlands Region,HE Qualification,0-10%,35-55,0,60,0,Withdrawn,4,0,0,0,0,0,0,1,0,1,1,0,1,0,1,8
FFF,2013B,1821249,0,South Region,Lower Than A Level,60-70%,35-55,0,60,0,Withdrawn,5,1,0,1,0,0,0,0,1,0,0,1,0,1,0,9
FFF,2013B,1824428,0,Ireland,Lower Than A Level,0-10%,35-55,1,150,0,Withdrawn,7,1,0,0,1,0,0,1,1,1,1,0,1,1,1,3
FFF,2013B,1833107,1,Ireland,Lower Than A Level,30-40%,0-35,0,90,0,Fail,14,1,1,1,1,1,0,1,1,1,0,1,0,1,1,5
FFF,2013B,1836988,0,Scotland,HE Qualification,0-10%,0-35,0,90,0,Withdrawn,5,0,0,0,1,0,1,0,0,0,0,1,0,1,0,9
FFF,2013B,1839012,1,Scotland,Lower Than A Level,60-70%,35-55,1,120,0,Pass,2,0,1,0,0,0,0,1,0,1,1,0,1,1,1,2
FFF,2013B,1839785,0,London Region,Lower Than A Level,30-40%,35-55,0,120,1,Withdrawn,14,1,1,1,0,0,1,1,1,0,1,1,1,0,0,5
FFF,2013B,1844150,0,Yorkshire Region,A Level or Equivalent,40-50%,55<=,0,60,0,Pass,7,0,1,1,1,0,1,0,0,1,1,0,1,0,0,3
FFF,2013B,1846751,0,Wales,HE Qualification,30-40%,35-55,0,90,0,Pass,9,0,0,1,0,0,1,1,1,1,0,1,0,0,0,4
FFF,2013B,1855249,1,South Region,HE Qualification,90-100%,35-55,2,60,0,Withdrawn,8,1,1,1,0,1,0,1,0,0,1,0,0,0,1,3
FFF,2013B,1861445,0,Scotland,A Level or Equivalent,20-Oct,35-55,0,70,0,Fail,13,0,0,0,1,1,1,1,1,0,0,0,1,0,1,5
FFF,2013B,1867563,0,East Midlands Region,Lower Than A Level,30-40%,35-55,0,60,0,Withdrawn,13,0,0,0,1,0,1,0,0,1,0,0,0,1,1,5
FFF,2013B,1870830,1,South East Region,Lower Than A Level,80-90%,35-55,0,60,0,Pass,11,0,0,1,1,0,1,0,1,0,0,0,0,0,1,6
FFF,2013B,1874403,0,London Region,A Level or Equivalent,20-Oct,35-55,1,180,1,Withdrawn,14,1,0,1,1,0,1,1,1,0,1,0,1,1,0,5
FFF,2013B,1878918,0,Scotland,HE Qualification,0-10%,35-55,0,60,0,Pass,7,0,1,0,1,0,1,1,1,1,0,0,0,0,0,3
FFF,2013B,1882255,0,Scotland,Lower Than A Level,90-100%,35-55,0,60,0,Pass,5,0,1,0,1,1,0,1,0,1,1,0,1,0,0,9
FFF,2013B,1896915,0,South Region,Lower Than A Level,20-Oct,35-55,0,60,0,Fail,6,1,0,1,1,1,0,1,0,0,0,1,1,0,0,9
FFF,2013B,1904916,1,East Midlands Region,HE Qualification,20-30%,35-55,0,120,0,Pass,12,1,0,1,0,0,1,1,1,1,0,0,0,1,1,7
FFF,2013B,1905259,0,North Western Region,A Level or Equivalent,20-30%,35-55,0,60,0,Distinction,9,0,1,1,0,1,1,1,0,0,0,1,1,1,0,4
FFF,2013B,1907755,1,Scotland,HE Qualification,50-60%,35-55,0,90,0,Distinction,12,1,0,0,1,0,0,1,0,1,0,1,0,0,0,7
FFF,2013B,1913435,0,East Anglian Region,HE Qualification,90-100%,0-35,0,60,0,Pass,6,1,1,0,0,0,0,1,0,1,1,1,1,0,0,9
FFF,2013B,1917796,0,Ireland,A Level or Equivalent,0-10%,35-55,1,120,0,Pass,16,0,1,0,0,0,1,0,0,1,0,0,1,0,1,10
FFF,2013B,1919940,0,South West Region,A Level or Equivalent,70-80%,35-55,1,120,0,Distinction,15,0,1,0,1,0,0,1,1,0,1,1,1,1,1,10
FFF,2013B,1930949,0,London Region,Lower Than A Level,30-40%,35-55,0,150,0,Fail,11,0,1,1,1,0,0,1,0,0,1,1,1,1,1,6
FFF,2013B,1934810,1,East Midlands Region,A Level or Equivalent,90-100%,35-55,0,90,0,Fail,5,0,1,1,0,0,0,1,0,0,0,1,0,1,1,9
FFF,2013B,1936679,1,South East Region,A Level or Equivalent,30-40%,35-55,0,60,1,Pass,2,1,0,1,0,0,0,1,0,0,1,0,0,1,1,2
FFF,2013B,1936935,0,Yorkshire Region,Lower Than A Level,20-Oct,35-55,0,60,0,Withdrawn,2,1,1,1,1,1,0,1,0,1,1,1,0,1,1,2
FFF,2013B,1966591,0,Scotland,HE Qualification,80-90%,35-55,0,60,0,Distinction,4,0,1,0,1,0,1,1,1,0,1,1,0,0,1,8
FFF,2013B,1974271,0,South East Region,A Level or Equivalent,30-40%,35-55,0,90,0,Pass,2,1,0,0,1,0,0,1,1,0,1,1,1,1,1,2
FFF,2013B,1990127,1,West Midlands Region,A Level or Equivalent,30-40%,35-55,0,60,0,Pass,7,0,0,0,1,0,0,1,1,0,0,0,0,0,1,3
FFF,2013B,1997164,0,Ireland,Post Graduate Qualification,,35-55,1,120,0,Pass,5,1,0,1,0,1,0,1,1,1,0,0,1,1,0,9
FFF,2013B,2000491,0,London Region,Lower Than A Level,20-30%,35-55,0,90,0,Pass,14,0,1,1,1,1,1,1,0,1,0,1,0,1,0,5
FFF,2013B,2001665,0,East Anglian Region,Lower Than A Level,30-40%,35-55,0,60,0,Pass,12,1,0,0,1,0,0,1,0,0,1,1,1,0,1,7
FFF,2013B,2012900,0,West Midlands Region,Lower Than A Level,50-60%,0-35,0,80,0,Withdrawn,2,0,1,1,1,0,0,0,1,1,0,1,0,1,0,2
FFF,2013B,2031252,1,East Anglian Region,A Level or Equivalent,80-90%,35-55,0,90,0,Pass,16,0,0,1,1,1,0,0,1,1,0,1,1,1,1,10
FFF,2013B,2034533,1,South Region,A Level or Equivalent,70-80%,0-35,0,130,1,Fail,2,1,0,1,0,1,0,1,1,0,0,1,1,0,0,2
FFF,2013B,2045440,0,South East Region,HE Qualification,50-60%,35-55,1,150,0,Pass,16,1,0,0,0,1,0,1,0,0,1,1,0,1,1,10
FFF,2013B,2045818,0,South East Region,Lower Than A Level,60-70%,35-55,0,60,0,Pass,14,0,0,1,0,0,1,1,1,0,1,0,1,0,0,5
FFF,2013B,2051035,0,West Midlands Region,Lower Than A Level,30-40%,0-35,0,60,0,Pass,7,0,1,1,1,0,0,0,1,1,1,1,0,0,1,3
FFF,2013B,2054019,0,Scotland,HE Qualification,80-90%,35-55,0,90,0,Pass,14,1,0,0,0,1,1,1,0,0,0,1,1,1,0,5
FFF,2013B,2057105,0,South East Region,HE Qualification,50-60%,35-55,0,60,0,Pass,5,0,1,0,0,0,1,1,0,1,0,1,0,0,1,9
FFF,2013B,2060467,0,South West Region,HE Qualification,50-60%,35-55,0,60,0,Fail,13,1,1,1,1,0,1,0,0,1,0,1,1,1,1,5
FFF,2013B,2068918,0,East Midlands Region,A Level or Equivalent,80-90%,0-35,0,60,0,Withdrawn,10,1,1,1,1,0,0,1,0,1,1,0,1,0,0,1
FFF,2013B,2087100,0,South West Region,HE Qualification,40-50%,35-55,0,60,0,Distinction,12,1,0,0,1,1,0,1,1,0,1,0,0,0,0,7
FFF,2013B,2090053,0,East Anglian Region,A Level or Equivalent,40-50%,0-35,0,60,0,Pass,16,1,0,0,0,1,1,0,0,1,0,0,0,0,0,10
FFF,2013B,2102658,1,Ireland,A Level or Equivalent,50-60%,35-55,0,60,0,Fail,15,1,1,0,1,1,1,0,1,0,1,0,1,0,0,10
FFF,2013B,2108821,0,Scotland,HE Qualification,90-100%,35-55,2,120,0,Pass,12,0,0,1,0,1,1,0,0,0,1,0,0,0,0,7
FFF,2013B,2139037,1,East Anglian Region,HE Qualification,90-100%,0-35,0,120,0,Distinction,2,1,0,1,1,1,0,0,1,0,0,0,0,0,0,2
FFF,2013B,2140087,1,South Region,A Level or Equivalent,40-50%,35-55,0,90,0,Pass,14,1,0,0,0,1,0,1,1,0,1,0,0,0,0,5
FFF,2013B,2141085,1,South Region,Lower Than A Level,90-100%,0-35,0,90,0,Pass,9,0,1,1,1,1,0,0,1,1,1,1,0,0,1,4
FFF,2013B,2142853,1,London Region,Lower Than A Level,20-Oct,35-55,0,170,1,Fail,15,0,1,1,0,1,1,1,1,0,0,0,1,0,1,10
FFF,2013B,2143065,0,South West Region,A Level or Equivalent,70-80%,35-55,0,100,0,Pass,1,1,0,0,1,1,1,0,1,1,1,1,1,0,1,2
FFF,2013B,2156733,0,North Region,Lower Than A Level,,35-55,0,60,0,Withdrawn,1,1,1,0,1,1,0,0,1,1,1,0,0,1,0,2
FFF,2013B,2158399,0,Wales,Lower Than A Level,50-60%,0-35,0,60,1,Pass,7,0,1,0,0,0,1,1,0,0,1,0,0,1,1,3
FFF,2013B,2182255,0,Ireland,A Level or Equivalent,,0-35,0,60,0,Fail,15,1,1,1,1,1,1,1,0,0,1,0,0,0,1,10
FFF,2013B,2189002,0,Scotland,HE Qualification,30-40%,35-55,0,60,0,Pass,5,0,1,0,1,0,1,1,0,1,0,0,0,1,0,9
FFF,2013B,2195318,0,South East Region,Lower Than A Level,30-40%,35-55,0,60,0,Pass,14,1,0,0,1,0,0,1,1,0,1,1,0,1,0,5
FFF,2013B,2195971,0,South East Region,Lower Than A Level,40-50%,0-35,0,60,0,Fail,7,1,1,1,1,1,1,0,0,0,0,0,0,1,0,3
FFF,2013B,2197511,0,South West Region,Lower Than A Level,30-40%,35-55,0,90,0,Pass,1,0,1,1,0,1,1,0,1,0,0,0,0,0,0,2
FFF,2013B,2231810,0,Yorkshire Region,A Level or Equivalent,70-80%,0-35,1,150,0,Pass,1,1,1,0,1,0,0,0,1,1,0,1,1,0,0,2
FFF,2013B,2245011,1,South Region,HE Qualification,90-100%,35-55,1,120,0,Withdrawn,2,0,0,0,0,0,0,1,0,0,1,1,1,1,0,2
FFF,2013B,2252905,1,Scotland,A Level or Equivalent,30-40%,0-35,1,60,0,Fail,5,0,1,1,1,1,1,1,0,0,1,1,1,0,0,9
FFF,2013B,2254252,0,Ireland,Lower Than A Level,30-40%,0-35,0,90,0,Fail,3,0,1,1,0,0,1,1,0,0,1,1,1,0,0,8
FFF,2013B,2272874,0,London Region,A Level or Equivalent,0-10%,35-55,0,60,0,Fail,13,1,1,1,0,0,1,0,1,1,0,0,0,0,0,5
FFF,2013B,2280739,1,London Region,Lower Than A Level,20-Oct,0-35,0,60,0,Fail,2,0,1,1,0,0,0,0,0,1,1,1,0,0,1,2
FFF,2013B,2281483,0,Scotland,HE Qualification,60-70%,35-55,0,70,0,Pass,5,0,1,0,1,0,0,0,1,0,0,0,0,1,1,9
FFF,2013B,2288454,0,East Midlands Region,Lower Than A Level,90-100%,0-35,1,120,0,Pass,6,0,1,1,0,0,1,1,1,1,0,0,1,1,0,9
FFF,2013B,2288493,0,London Region,Lower Than A Level,0-10%,35-55,0,60,0,Withdrawn,12,0,0,1,0,0,0,0,1,1,0,0,0,1,1,7
FFF,2013B,2327494,0,London Region,Lower Than A Level,20-Oct,35-55,0,90,0,Fail,14,0,1,0,0,0,1,0,1,1,0,0,0,1,0,5
FFF,2013B,2338255,0,North Western Region,Lower Than A Level,50-60%,0-35,0,60,0,Pass,2,0,1,1,0,0,1,0,1,1,1,0,0,1,1,2
FFF,2013B,2338422,0,Scotland,A Level or Equivalent,30-40%,35-55,0,60,0,Pass,12,1,1,0,1,1,1,0,1,1,0,1,1,0,0,7
FFF,2013B,2341415,1,South Region,HE Qualification,80-90%,35-55,1,120,0,Distinction,8,1,0,1,1,1,1,1,0,0,0,0,0,0,1,3
FFF,2013B,2343293,1,Yorkshire Region,A Level or Equivalent,50-60%,0-35,0,60,0,Fail,5,1,0,1,0,1,1,1,1,0,0,1,0,0,0,9
FFF,2013B,2346679,0,South Region,A Level or Equivalent,80-90%,35-55,1,180,0,Pass,7,1,1,0,1,0,0,1,0,0,1,0,0,1,1,3
FFF,2013B,2348120,1,South East Region,A Level or Equivalent,20-30%,0-35,1,60,0,Withdrawn,3,1,0,0,0,0,0,1,1,0,1,1,0,0,0,8
FFF,2013B,2352280,1,Scotland,A Level or Equivalent,40-50%,0-35,0,60,0,Pass,11,0,0,0,1,1,0,0,0,0,1,1,1,1,0,6
FFF,2013B,2354732,0,Yorkshire Region,Lower Than A Level,20-Oct,0-35,0,60,0,Fail,2,0,1,1,0,1,1,0,1,0,0,0,1,0,0,2
FFF,2013B,2362169,0,West Midlands Region,Lower Than A Level,30-40%,0-35,0,60,0,Pass,14,0,1,1,0,1,1,0,0,0,1,0,1,0,1,5
FFF,2013B,2364565,1,London Region,A Level or Equivalent,20-Oct,0-35,1,150,0,Pass,12,1,0,0,0,0,0,1,0,0,0,1,0,1,0,7
FFF,2013B,2367887,1,Scotland,A Level or Equivalent,0-10%,0-35,0,120,0,Withdrawn,3,0,0,0,1,1,0,1,0,0,1,0,1,0,1,8
FFF,2013B,2375526,0,Yorkshire Region,Lower Than A Level,20-Oct,0-35,0,120,0,Fail,12,0,1,0,1,0,0,0,0,1,0,1,1,0,1,7
FFF,2013B,2381745,0,London Region,Lower Than A Level,0-10%,35-55,2,150,0,Withdrawn,15,0,0,1,0,0,1,0,0,0,0,1,1,0,1,10
FFF,2013B,2383921,0,London Region,HE Qualification,20-Oct,35-55,0,60,0,Pass,8,1,0,1,1,0,1,1,1,0,1,1,0,1,1,3
FFF,2013B,2387054,1,Yorkshire Region,Lower Than A Level,50-60%,35-55,0,60,0,Distinction,13,1,1,0,1,1,1,0,0,0,1,0,0,0,1,5
FFF,2013B,2389267,0,South Region,Lower Than A Level,20-30%,0-35,0,120,0,Pass,16,1,1,0,1,0,1,0,0,0,1,1,0,0,1,10
FFF,2013B,2392327,1,Scotland,Lower Than A Level,90-100%,0-35,0,60,0,Fail,1,0,1,0,1,1,0,0,1,0,0,1,1,0,0,2
FFF,2013B,2395804,0,South West Region,Lower Than A Level,20-30%,35-55,1,120,0,Pass,11,1,0,0,0,1,0,0,1,1,1,0,1,1,0,6
FFF,2013B,2407762,0,South Region,HE Qualification,90-100%,0-35,0,60,0,Fail,9,0,0,1,0,1,1,1,0,0,1,0,1,1,1,4
FFF,2013B,2413191,0,London Region,HE Qualification,0-10%,35-55,1,90,0,Pass,2,1,0,1,1,0,0,1,1,0,0,1,0,1,1,2
FFF,2013B,2419926,0,South Region,HE Qualification,80-90%,0-35,0,80,0,Pass,3,0,1,0,1,1,1,0,0,0,0,1,0,0,0,8
FFF,2013B,2424750,0,London Region,Lower Than A Level,60-70%,0-35,0,60,0,Pass,1,1,1,1,1,0,1,1,1,0,1,0,1,0,1,2
FFF,2013B,2434017,1,South West Region,Lower Than A Level,70-80%,35-55,0,60,0,Withdrawn,5,0,0,1,1,1,0,0,0,1,1,0,1,1,1,9
FFF,2013B,2436089,0,London Region,Lower Than A Level,20-30%,0-35,0,60,0,Fail,9,1,0,1,1,1,0,1,1,1,1,0,1,0,0,4
FFF,2013B,2436873,1,London Region,No Formal quals,20-30%,35-55,0,135,0,Withdrawn,5,1,0,1,1,1,0,0,0,0,0,0,0,0,1,9
FFF,2013B,2439239,0,Ireland,Post Graduate Qualification,,35-55,0,60,0,Pass,8,1,0,1,0,0,1,1,1,0,0,0,0,0,0,3
FFF,2013B,2441910,0,East Anglian Region,HE Qualification,70-80%,0-35,1,120,0,Fail,6,1,0,1,1,1,0,0,0,1,0,1,1,1,0,9
FFF,2013B,2445410,1,North Region,Post Graduate Qualification,,35-55,0,60,0,Pass,13,0,1,0,1,0,1,1,0,1,0,1,0,0,1,5
FFF,2013B,2446784,0,North Region,A Level or Equivalent,20-Oct,35-55,0,60,0,Withdrawn,3,0,0,1,1,0,0,1,1,1,1,1,0,0,0,8
FFF,2013B,2457147,1,East Anglian Region,A Level or Equivalent,70-80%,35-55,0,60,0,Pass,9,0,1,0,1,0,1,1,0,1,1,0,1,0,0,4
FFF,2013B,2474925,0,Wales,A Level or Equivalent,50-60%,0-35,0,60,0,Fail,16,0,1,1,1,1,1,0,1,1,0,0,0,1,0,10
FFF,2013B,2479413,0,South East Region,HE Qualification,30-40%,35-55,0,90,0,Pass,1,1,1,0,1,0,1,1,1,1,1,0,1,1,1,2
FFF,2013B,2481646,0,South West Region,HE Qualification,30-40%,35-55,0,60,0,Pass,10,1,1,0,1,1,0,0,0,1,1,0,1,1,0,1
FFF,2013B,2488251,0,East Midlands Region,Lower Than A Level,40-50%,0-35,0,60,0,Pass,3,0,0,1,1,0,0,0,1,0,1,1,1,1,0,8
FFF,2013B,2496748,1,East Midlands Region,A Level or Equivalent,60-70%,35-55,1,120,0,Pass,1,0,1,0,1,0,1,1,1,0,0,0,0,1,1,2
FFF,2013B,2507271,0,South West Region,Lower Than A Level,30-40%,0-35,0,60,0,Withdrawn,9,1,1,1,0,1,0,1,1,1,0,1,1,0,0,4
FFF,2013B,2508403,1,South East Region,Lower Than A Level,40-50%,35-55,0,75,1,Withdrawn,13,0,1,0,1,1,1,1,1,0,1,0,1,1,1,5
FFF,2013B,2510667,0,West Midlands Region,A Level or Equivalent,0-10%,0-35,0,60,0,Pass,12,0,1,0,0,0,1,0,0,1,0,1,1,1,0,7
FFF,2013B,2514431,0,East Midlands Region,A Level or Equivalent,20-30%,0-35,0,160,0,Pass,6,0,0,0,1,1,1,0,1,0,0,0,1,1,1,9
FFF,2013B,2514949,0,East Anglian Region,Lower Than A Level,20-Oct,35-55,1,60,0,Fail,8,0,0,1,1,0,1,1,1,1,1,1,0,0,0,3
FFF,2013B,2521655,0,East Anglian Region,A Level or Equivalent,20-Oct,0-35,0,60,1,Pass,7,1,1,1,1,0,0,0,1,1,1,0,0,1,0,3
FFF,2013B,2522335,0,Scotland,A Level or Equivalent,80-90%,0-35,1,60,0,Distinction,15,1,1,1,0,0,1,1,0,1,0,1,0,1,0,10
FFF,2013B,2525062,0,South Region,Lower Than A Level,90-100%,0-35,0,60,0,Distinction,14,1,0,0,0,1,0,1,1,1,1,0,1,0,1,5
FFF,2013B,2532320,0,South Region,A Level or Equivalent,30-40%,0-35,0,60,0,Distinction,7,1,1,1,1,0,0,1,0,0,1,1,1,0,0,3
FFF,2013B,2532323,0,East Anglian Region,A Level or Equivalent,40-50%,35-55,1,150,0,Pass,10,0,0,1,0,1,0,1,0,1,0,0,1,0,0,1
FFF,2013B,2532652,0,Ireland,A Level or Equivalent,30-40%,0-35,0,60,0,Withdrawn,3,1,0,1,0,0,1,1,0,0,0,0,1,1,1,8
FFF,2013B,2532840,0,Ireland,A Level or Equivalent,70-80%,35-55,1,120,0,Withdrawn,13,0,1,0,0,0,0,0,0,1,0,1,0,1,0,5
FFF,2013B,2533504,0,South East Region,HE Qualification,90-100%,35-55,1,120,0,Distinction,16,0,1,1,1,1,0,1,1,0,0,1,1,0,1,10
FFF,2013B,2546095,0,North Region,A Level or Equivalent,,0-35,2,150,0,Pass,11,0,0,0,0,0,1,0,0,1,1,0,0,0,0,6
FFF,2013B,2552831,0,Scotland,HE Qualification,0-10%,0-35,1,180,0,Fail,15,1,1,0,0,1,1,1,0,0,0,0,1,0,1,10
FFF,2013B,2553363,0,London Region,HE Qualification,50-60%,35-55,0,60,0,Pass,6,0,1,0,1,1,0,0,0,0,0,1,1,0,1,9
FFF,2013B,2560595,0,East Anglian Region,Lower Than A Level,70-80%,0-35,0,60,0,Distinction,14,0,0,0,1,1,1,1,0,0,0,1,0,1,1,5
FFF,2013B,2567054,0,East Anglian Region,A Level or Equivalent,90-100%,0-35,0,60,0,Distinction,6,0,0,0,1,0,0,1,0,1,1,1,1,1,0,9
FFF,2013B,2567288,0,North Region,Lower Than A Level,,0-35,0,90,0,Fail,1,1,0,1,0,0,0,0,1,1,0,1,1,1,1,2
FFF,2013B,2567561,0,East Midlands Region,HE Qualification,70-80%,35-55,0,60,0,Pass,1,1,1,1,1,0,1,0,0,0,0,1,1,0,0,2
FFF,2013B,2568893,0,London Region,A Level or Equivalent,20-30%,0-35,0,120,0,Withdrawn,9,0,1,0,1,1,1,1,1,1,0,0,0,0,1,4
FFF,2013B,2578992,0,North Region,A Level or Equivalent,,0-35,1,150,1,Pass,6,0,1,0,0,0,0,1,1,1,1,1,1,0,1,9
FFF,2013B,2578996,0,London Region,HE Qualification,20-Oct,0-35,0,60,0,Pass,6,1,1,0,0,0,1,0,1,1,1,0,1,1,1,9
FFF,2013B,2581800,0,Scotland,HE Qualification,30-40%,0-35,0,60,1,Withdrawn,8,0,0,0,0,0,1,0,1,1,0,0,0,1,1,3
FFF,2013B,2586748,0,South West Region,Lower Than A Level,50-60%,0-35,0,120,1,Withdrawn,9,0,0,1,1,0,0,0,1,0,1,1,1,1,0,4
FFF,2013B,2590999,0,South Region,A Level or Equivalent,90-100%,35-55,0,90,0,Distinction,15,1,1,0,1,0,0,1,0,0,0,0,0,1,1,10
FFF,2013B,2599162,0,London Region,A Level or Equivalent,20-Oct,0-35,0,60,0,Fail,5,1,0,1,0,1,1,1,1,1,0,0,1,1,0,9
FFF,2013B,2600887,0,Ireland,A Level or Equivalent,80-90%,35-55,0,90,0,Pass,10,1,1,1,0,1,0,0,1,1,0,1,0,0,1,1
FFF,2013B,2604212,0,West Midlands Region,Lower Than A Level,0-10%,35-55,0,60,0,Fail,10,1,1,1,0,1,1,0,1,1,0,1,1,0,0,1
FFF,2013B,2610837,0,Yorkshire Region,HE Qualification,50-60%,35-55,1,120,0,Withdrawn,7,1,0,0,1,0,1,0,1,0,0,0,1,0,0,3
FFF,2013B,2613930,0,South West Region,Lower Than A Level,90-100%,0-35,0,75,1,Distinction,6,1,1,0,0,1,0,0,1,1,0,0,0,1,0,9
FFF,2013B,2617541,0,West Midlands Region,A Level or Equivalent,60-70%,35-55,0,60,0,Pass,16,0,0,1,0,0,1,0,1,0,0,1,1,1,0,10
FFF,2013B,2623196,0,Yorkshire Region,A Level or Equivalent,70-80%,35-55,0,60,0,Pass,15,0,1,0,0,1,0,1,0,0,0,1,0,1,1,10
FFF,2013B,2623427,0,Scotland,Lower Than A Level,20-Oct,35-55,0,75,0,Pass,12,0,0,0,1,0,0,1,1,1,1,1,1,1,1,7
FFF,2013B,2628246,1,South Region,A Level or Equivalent,60-70%,0-35,0,60,0,Withdrawn,15,0,0,0,1,1,0,0,0,1,1,1,0,1,1,10
FFF,2013B,2639410,0,East Anglian Region,Lower Than A Level,20-30%,0-35,0,60,0,Withdrawn,6,1,1,0,0,1,1,1,1,0,1,0,1,0,1,9
FFF,2013B,2642994,0,West Midlands Region,A Level or Equivalent,60-70%,35-55,1,180,0,Withdrawn,7,1,1,1,1,0,1,0,0,1,1,1,1,0,0,3
FFF,2013B,2643574,0,London Region,HE Qualification,50-60%,35-55,1,90,0,Pass,12,0,0,1,0,1,0,1,1,0,0,1,0,1,0,7
FFF,2013B,2644664,0,London Region,HE Qualification,80-90%,0-35,0,60,0,Withdrawn,13,1,0,0,0,1,0,0,0,1,0,1,0,1,1,5
FFF,2013B,2646317,0,South West Region,Lower Than A Level,50-60%,0-35,1,120,0,Pass,8,1,0,0,1,0,0,0,1,0,1,0,1,1,0,3
FFF,2013B,2647043,1,London Region,HE Qualification,20-Oct,35-55,0,60,0,Fail,12,1,0,0,1,0,1,1,0,1,1,0,1,0,0,7
FFF,2013B,2650929,0,South East Region,Lower Than A Level,50-60%,35-55,0,90,0,Withdrawn,11,0,1,0,1,0,0,1,1,1,0,1,1,0,1,6
FFF,2013B,2654409,1,Ireland,HE Qualification,,0-35,0,120,0,Pass,15,0,0,0,0,1,0,1,1,1,1,1,0,0,0,10
FFF,2013B,2657781,0,Yorkshire Region,A Level or Equivalent,30-40%,35-55,1,150,0,Pass,4,1,0,1,1,1,0,0,1,0,0,1,1,1,1,8
FFF,2013B,2658271,0,Yorkshire Region,A Level or Equivalent,70-80%,0-35,0,120,0,Withdrawn,4,1,1,1,1,0,0,1,0,1,1,1,1,0,1,8
FFF,2013B,2672734,1,London Region,Lower Than A Level,20-Oct,35-55,0,60,0,Withdrawn,16,0,1,1,1,0,1,0,0,1,1,1,1,1,0,10
FFF,2013B,2676920,0,South Region,Lower Than A Level,50-60%,35-55,0,60,0,Pass,15,0,0,0,0,1,1,1,0,0,0,1,0,1,0,10
FFF,2013B,2678429,0,North Western Region,A Level or Equivalent,0-10%,0-35,1,60,1,Pass,15,1,0,1,1,0,1,0,1,1,0,0,1,1,0,10
FFF,2013B,2684993,0,Yorkshire Region,Lower Than A Level,0-10%,0-35,0,90,0,Pass,12,0,0,1,0,0,1,1,1,0,1,1,1,1,0,7
FFF,2013B,2685154,0,South West Region,A Level or Equivalent,30-40%,0-35,0,60,0,Withdrawn,7,0,1,1,0,0,0,0,1,1,0,0,1,0,1,3
FFF,2013B,2686074,0,North Western Region,A Level or Equivalent,70-80%,0-35,0,60,0,Pass,13,1,0,0,0,0,1,0,0,1,1,0,1,0,1,5
FFF,2013B,2686866,0,London Region,A Level or Equivalent,50-60%,0-35,0,60,0,Fail,4,1,1,1,1,0,0,0,0,1,0,1,0,0,0,8
FFF,2013B,2686875,1,East Midlands Region,A Level or Equivalent,20-30%,35-55,0,60,0,Pass,6,0,1,1,0,0,1,1,0,0,0,1,0,0,1,9
FFF,2013B,2687045,0,South West Region,Lower Than A Level,50-60%,0-35,0,60,0,Withdrawn,11,0,0,1,0,0,0,1,1,1,1,0,1,1,0,6
FFF,2013B,2688202,1,East Midlands Region,Lower Than A Level,20-Oct,0-35,1,90,0,Withdrawn,7,0,1,1,1,1,1,1,0,0,1,1,0,0,1,3
FFF,2013B,2691740,0,East Anglian Region,Lower Than A Level,30-40%,0-35,0,60,0,Fail,1,0,1,0,0,1,1,0,1,0,1,0,0,0,0,2
FFF,2013J,26247,0,South East Region,HE Qualification,80-90%,35-55,2,60,0,Fail,2,0,1,0,0,1,1,1,0,0,0,1,0,0,1,2
FFF,2013J,29335,0,West Midlands Region,Lower Than A Level,40-50%,0-35,0,60,0,Distinction,4,1,1,1,1,0,0,1,0,0,1,1,0,1,0,8
FFF,2013J,29769,0,East Midlands Region,A Level or Equivalent,40-50%,0-35,1,60,0,Fail,6,0,0,0,0,1,1,1,1,0,1,0,1,0,1,9
FFF,2013J,32221,0,South Region,A Level or Equivalent,60-70%,0-35,0,60,0,Fail,12,0,0,1,1,0,0,0,0,0,0,1,0,0,0,7
FFF,2013J,33600,1,London Region,A Level or Equivalent,40-50%,35-55,0,150,0,Withdrawn,8,0,0,1,0,0,0,1,1,1,0,1,0,1,1,3
FFF,2013J,34731,0,East Anglian Region,A Level or Equivalent,20-30%,0-35,0,60,0,Withdrawn,4,1,0,0,1,1,0,1,1,1,1,0,1,1,0,8
FFF,2013J,39882,1,Scotland,A Level or Equivalent,80-90%,0-35,0,120,0,Withdrawn,9,0,1,1,1,0,0,0,0,0,0,1,1,0,1,4
FFF,2013J,42616,1,Scotland,Lower Than A Level,80-90%,35-55,0,60,0,Pass,14,1,1,0,0,0,0,1,0,0,1,0,0,0,1,5
FFF,2013J,43958,0,Wales,A Level or Equivalent,90-100%,35-55,0,60,0,Withdrawn,11,1,1,1,1,0,0,1,1,0,0,0,1,1,1,6
FFF,2013J,47924,0,West Midlands Region,Lower Than A Level,0-10%,35-55,0,60,0,Fail,16,1,1,0,0,0,1,0,0,0,0,1,1,0,1,10
FFF,2013J,49670,0,North Region,A Level or Equivalent,0-10%,0-35,0,60,0,Withdrawn,10,0,1,1,1,1,0,1,0,0,0,1,0,0,0,1
FFF,2013J,50487,1,East Anglian Region,Lower Than A Level,90-100%,0-35,1,60,0,Pass,16,1,1,1,0,0,1,0,0,0,0,0,0,1,0,10
FFF,2013J,51485,0,West Midlands Region,Lower Than A Level,20-Oct,0-35,0,120,0,Distinction,11,0,0,0,1,0,1,0,1,1,1,1,0,0,1,6
FFF,2013J,51576,1,London Region,Lower Than A Level,20-Oct,0-35,0,90,0,Distinction,4,1,1,0,0,1,0,0,1,1,0,1,1,0,0,8
FFF,2013J,53166,1,North Region,Lower Than A Level,40-50%,0-35,0,60,0,Pass,15,0,0,0,0,0,1,0,0,1,1,0,0,0,1,10
FFF,2013J,53626,0,Scotland,HE Qualification,30-40%,35-55,0,60,1,Fail,1,1,1,1,0,0,0,1,0,1,0,1,0,0,1,2
FFF,2013J,54739,0,Yorkshire Region,Lower Than A Level,,0-35,1,180,0,Withdrawn,5,1,1,1,1,1,0,1,1,0,0,1,0,1,1,9
FFF,2013J,54882,0,Scotland,Lower Than A Level,30-40%,0-35,1,60,0,Fail,13,1,1,0,0,1,0,1,0,0,0,0,0,0,0,5
FFF,2013J,55013,0,North Region,A Level or Equivalent,20-Oct,0-35,0,120,0,Fail,14,0,0,1,0,1,1,1,0,0,1,1,1,1,1,5
FFF,2013J,55419,0,South Region,A Level or Equivalent,90-100%,0-35,0,90,0,Withdrawn,3,0,0,1,0,0,1,0,0,1,1,0,1,1,0,8
FFF,2013J,57844,0,South West Region,A Level or Equivalent,90-100%,0-35,0,60,0,Pass,5,0,0,1,1,0,1,1,0,0,1,1,1,0,0,9
FFF,2013J,58077,0,North Region,Lower Than A Level,20-30%,0-35,1,60,0,Fail,6,0,0,0,1,1,1,1,1,0,1,0,0,1,1,9
FFF,2013J,58640,0,Scotland,A Level or Equivalent,50-60%,0-35,0,90,1,Pass,6,1,0,1,1,0,0,0,1,0,0,1,0,1,0,9
FFF,2013J,63295,0,South Region,HE Qualification,90-100%,35-55,0,150,0,Pass,13,1,1,0,1,0,0,0,0,1,1,1,1,1,1,5
FFF,2013J,64388,0,East Midlands Region,Lower Than A Level,60-70%,0-35,0,120,0,Fail,9,1,1,0,0,1,0,1,0,1,1,1,1,1,0,4
FFF,2013J,66451,0,Scotland,A Level or Equivalent,50-60%,0-35,0,60,0,Pass,10,0,0,1,1,0,1,0,1,0,0,0,1,0,0,1
FFF,2013J,68107,1,London Region,A Level or Equivalent,50-60%,0-35,0,60,1,Pass,11,1,0,1,1,1,1,0,0,0,0,1,1,1,1,6
FFF,2013J,69346,0,London Region,A Level or Equivalent,30-40%,0-35,0,90,0,Withdrawn,12,1,0,1,1,0,1,1,1,1,1,1,0,1,1,7
FFF,2013J,70495,0,Scotland,Lower Than A Level,50-60%,0-35,0,60,0,Distinction,6,1,0,1,1,0,1,0,1,1,0,0,0,0,0,9
FFF,2013J,71252,0,North Western Region,Lower Than A Level,0-10%,0-35,0,60,1,Pass,14,0,1,0,0,1,1,0,1,0,1,0,0,1,1,5
FFF,2013J,71897,0,South East Region,A Level or Equivalent,40-50%,0-35,0,120,0,Withdrawn,9,0,0,0,1,0,0,0,0,0,0,0,0,1,1,4
FFF,2013J,72864,1,Yorkshire Region,Lower Than A Level,20-Oct,35-55,2,60,0,Pass,4,0,0,0,1,0,0,0,0,1,1,1,1,1,1,8
FFF,2013J,77744,0,North Western Region,A Level or Equivalent,40-50%,0-35,0,60,0,Pass,2,1,0,0,1,0,1,1,0,1,0,0,0,0,1,2
FFF,2013J,77746,0,Wales,A Level or Equivalent,30-40%,0-35,0,60,0,Fail,10,1,0,0,0,0,1,0,0,1,0,0,0,1,1,1
FFF,2013J,79261,0,South Region,A Level or Equivalent,90-100%,0-35,0,90,0,Pass,4,0,0,0,0,0,1,1,0,1,0,0,1,0,1,8
FFF,2013J,81536,0,Scotland,Lower Than A Level,80-90%,35-55,1,60,0,Fail,1,1,1,0,1,1,0,0,0,0,0,0,0,1,0,2
FFF,2013J,86669,0,East Midlands Region,A Level or Equivalent,40-50%,0-35,1,220,0,Pass,4,0,0,0,1,1,1,0,0,1,0,0,1,1,1,8
FFF,2013J,87042,1,North Western Region,Lower Than A Level,0-10%,0-35,0,120,0,Withdrawn,16,1,1,0,0,1,1,0,1,0,1,1,0,1,1,10
FFF,2013J,88781,0,South East Region,A Level or Equivalent,60-70%,0-35,1,60,0,Fail,12,0,1,1,1,0,0,0,0,0,1,1,0,1,1,7
FFF,2013J,90901,0,South Region,HE Qualification,20-30%,35-55,0,120,0,Distinction,11,1,1,1,1,0,1,1,0,0,0,1,1,1,0,6
FFF,2013J,91629,0,Wales,A Level or Equivalent,20-30%,0-35,2,60,1,Fail,2,0,1,0,1,0,1,1,1,0,0,1,0,0,1,2
FFF,2013J,95746,0,East Anglian Region,A Level or Equivalent,80-90%,0-35,1,60,0,Pass,8,1,0,1,1,0,1,0,0,0,1,0,0,0,0,3
FFF,2013J,100064,1,West Midlands Region,A Level or Equivalent,0-10%,35-55,0,60,0,Pass,9,1,0,1,1,0,0,0,0,1,1,1,0,1,0,4
FFF,2013J,100788,0,Scotland,HE Qualification,80-90%,0-35,0,90,0,Pass,2,0,1,0,1,0,0,0,0,0,1,0,0,0,0,2
FFF,2013J,101217,0,London Region,A Level or Equivalent,40-50%,35-55,1,90,1,Withdrawn,10,1,1,0,1,1,1,0,1,0,1,0,0,0,0,1
FFF,2013J,101420,0,Yorkshire Region,Lower Than A Level,30-40%,0-35,0,120,0,Pass,5,0,0,1,1,0,1,1,1,0,0,1,0,0,1,9
FFF,2013J,102028,0,South Region,A Level or Equivalent,90-100%,35-55,1,60,0,Distinction,15,1,1,1,1,1,1,1,0,1,1,1,0,0,1,10
FFF,2013J,102343,0,East Anglian Region,A Level or Equivalent,60-70%,0-35,0,60,0,Pass,16,1,1,0,0,1,0,1,0,0,1,1,0,0,1,10
FFF,2013J,104213,0,South West Region,A Level or Equivalent,70-80%,0-35,0,60,0,Distinction,11,0,0,1,0,1,0,1,0,0,0,1,0,0,1,6
FFF,2013J,105629,0,South East Region,A Level or Equivalent,20-Oct,35-55,0,60,0,Pass,16,0,1,0,1,0,1,1,1,0,0,0,1,1,0,10
FFF,2013J,106690,0,South Region,A Level or Equivalent,40-50%,35-55,0,120,1,Withdrawn,14,1,1,1,0,1,0,1,0,1,0,0,0,0,1,5
FFF,2013J,107028,0,East Midlands Region,Lower Than A Level,20-Oct,0-35,0,90,0,Fail,8,0,1,1,0,0,1,0,0,1,0,0,0,0,0,3
FFF,2013J,107084,0,London Region,HE Qualification,0-10%,35-55,0,200,0,Fail,6,0,1,1,0,0,0,0,1,1,0,0,1,0,0,9
FFF,2013J,110881,1,East Anglian Region,A Level or Equivalent,40-50%,0-35,0,60,0,Pass,4,1,0,0,1,0,0,1,1,1,1,1,0,1,0,8
FFF,2013J,111678,0,South West Region,Lower Than A Level,20-30%,35-55,0,60,0,Fail,10,0,0,0,1,1,0,1,1,1,0,0,1,0,0,1
FFF,2013J,112010,0,Scotland,HE Qualification,20-30%,0-35,3,180,1,Withdrawn,8,0,0,1,0,0,1,0,0,1,1,1,1,0,0,3
FFF,2013J,113487,0,East Anglian Region,Lower Than A Level,40-50%,35-55,0,120,0,Withdrawn,11,0,1,0,1,1,1,1,1,0,0,1,1,1,0,6
FFF,2013J,113565,0,Wales,A Level or Equivalent,80-90%,0-35,0,180,0,Pass,1,0,0,0,0,1,1,0,1,1,1,0,1,1,0,2
FFF,2013J,114500,0,London Region,Lower Than A Level,50-60%,35-55,0,120,1,Fail,15,1,1,1,1,0,0,0,0,1,0,0,0,1,0,10
FFF,2013J,116290,0,South Region,A Level or Equivalent,50-60%,0-35,1,120,0,Fail,12,1,0,1,0,0,1,1,1,1,0,1,0,0,1,7
FFF,2013J,116499,0,Scotland,Lower Than A Level,50-60%,35-55,0,60,0,Fail,13,1,1,1,1,1,1,0,0,1,1,1,1,0,1,5
FFF,2013J,116529,0,West Midlands Region,Lower Than A Level,30-40%,0-35,0,120,0,Withdrawn,7,1,0,1,1,0,1,0,0,1,0,0,0,0,0,3
FFF,2013J,116631,0,West Midlands Region,Lower Than A Level,30-40%,0-35,1,150,0,Withdrawn,9,0,1,0,0,0,0,1,0,0,0,0,0,1,0,4
FFF,2013J,116808,0,Scotland,HE Qualification,80-90%,55<=,0,60,0,Distinction,7,1,0,0,0,0,0,0,0,0,1,1,1,1,0,3
FFF,2013J,117232,0,Ireland,A Level or Equivalent,20-30%,0-35,0,90,0,Pass,7,0,1,1,1,1,0,0,1,0,1,0,0,1,1,3
FFF,2013J,118050,0,East Anglian Region,Lower Than A Level,60-70%,0-35,0,90,0,Pass,4,1,0,1,0,0,1,1,1,0,1,1,0,0,1,8
FFF,2013J,118176,0,North Region,Lower Than A Level,0-10%,0-35,0,60,0,Withdrawn,14,1,1,0,1,1,0,1,0,1,1,1,0,1,0,5
FFF,2013J,124379,1,Wales,A Level or Equivalent,40-50%,0-35,1,90,0,Fail,5,1,0,0,1,1,0,0,0,1,1,1,1,1,0,9
FFF,2013J,126074,0,West Midlands Region,Lower Than A Level,0-10%,35-55,0,120,0,Withdrawn,15,0,1,1,0,1,0,1,0,0,1,1,1,0,1,10
FFF,2013J,127642,1,Yorkshire Region,A Level or Equivalent,20-30%,35-55,1,120,0,Pass,6,0,1,0,0,1,0,1,0,0,1,0,1,1,1,9
FFF,2013J,128723,1,West Midlands Region,Lower Than A Level,70-80%,0-35,0,120,0,Withdrawn,15,0,1,0,1,1,0,1,0,1,1,1,0,1,0,10
FFF,2013J,130658,0,South West Region,A Level or Equivalent,60-70%,55<=,0,60,0,Pass,5,0,0,1,0,1,0,0,1,0,0,0,1,0,0,9
FFF,2013J,132453,0,East Midlands Region,A Level or Equivalent,90-100%,0-35,0,60,0,Pass,2,0,0,1,1,0,0,1,1,1,1,1,1,0,1,2
FFF,2013J,133019,0,Wales,Lower Than A Level,30-40%,0-35,0,60,0,Pass,7,0,1,0,1,1,1,0,1,0,1,1,1,0,0,3
FFF,2013J,133185,0,East Anglian Region,A Level or Equivalent,50-60%,0-35,0,120,0,Pass,7,1,0,0,1,1,0,1,1,0,0,1,0,1,1,3
FFF,2013J,133718,0,North Western Region,Lower Than A Level,30-40%,0-35,0,60,0,Fail,11,0,1,1,1,0,1,1,1,1,0,1,0,0,1,6
FFF,2013J,134847,0,Scotland,HE Qualification,30-40%,0-35,0,120,0,Withdrawn,13,1,0,1,0,1,1,1,0,1,0,1,1,1,1,5
FFF,2013J,136894,0,West Midlands Region,A Level or Equivalent,40-50%,0-35,0,90,1,Pass,12,1,1,1,0,0,1,0,0,0,0,0,1,1,0,7
FFF,2013J,137903,0,South East Region,Lower Than A Level,90-100%,35-55,1,60,0,Pass,15,0,1,0,0,1,0,1,1,1,0,0,0,1,1,10
FFF,2013J,139190,0,East Midlands Region,Lower Than A Level,50-60%,0-35,0,150,0,Pass,11,0,0,0,0,0,1,0,0,1,1,1,1,1,1,6
FFF,2013J,139278,0,Yorkshire Region,Lower Than A Level,0-10%,35-55,0,60,0,Fail,14,0,0,0,0,0,0,0,0,1,1,1,0,0,1,5
FFF,2013J,139701,0,London Region,Lower Than A Level,40-50%,0-35,1,90,0,Fail,3,1,1,1,0,0,0,1,0,0,1,0,1,1,0,8
FFF,2013J,141648,1,South Region,A Level or Equivalent,60-70%,0-35,0,120,0,Pass,13,1,0,1,0,1,1,0,0,0,0,0,0,1,0,5
FFF,2013J,143752,1,North Region,Post Graduate Qualification,,35-55,0,120,0,Withdrawn,3,0,0,1,1,1,0,1,0,1,0,0,1,1,0,8
FFF,2013J,144562,0,Wales,Lower Than A Level,20-Oct,0-35,0,90,0,Fail,5,0,0,1,0,0,1,0,0,1,0,0,1,0,1,9
FFF,2013J,144959,0,Ireland,A Level or Equivalent,90-100%,0-35,0,120,0,Withdrawn,13,0,0,0,0,1,0,0,1,0,0,1,0,0,0,5
FFF,2013J,146738,0,East Anglian Region,A Level or Equivalent,40-50%,0-35,0,60,0,Distinction,11,1,1,1,0,1,1,1,0,0,1,0,0,1,0,6
FFF,2013J,148328,0,Wales,HE Qualification,60-70%,35-55,0,90,0,Withdrawn,4,1,0,0,0,1,0,1,1,1,0,0,1,0,1,8
FFF,2013J,148931,0,South East Region,Lower Than A Level,70-80%,35-55,0,60,0,Withdrawn,5,1,1,1,0,1,0,0,1,1,1,0,1,1,0,9
FFF,2013J,150121,0,East Midlands Region,Lower Than A Level,20-30%,35-55,3,210,1,Withdrawn,13,0,1,0,1,0,1,1,0,1,0,0,0,1,0,5
FFF,2013J,152037,0,North Western Region,Lower Than A Level,70-80%,0-35,0,60,0,Withdrawn,10,0,1,0,0,0,1,0,0,1,1,0,1,0,0,1
FFF,2013J,152587,1,South Region,Lower Than A Level,40-50%,35-55,1,90,0,Pass,1,1,0,0,0,0,1,1,0,0,1,0,0,0,0,2
FFF,2013J,152887,0,West Midlands Region,Lower Than A Level,,0-35,0,60,0,Withdrawn,3,0,1,1,1,1,1,1,0,0,1,1,1,1,1,8
FFF,2013J,154057,0,South West Region,Lower Than A Level,0-10%,0-35,0,90,0,Fail,11,1,1,1,1,0,0,1,0,1,1,0,0,0,1,6
FFF,2013J,154059,0,East Anglian Region,A Level or Equivalent,60-70%,0-35,0,180,0,Pass,3,0,1,1,0,1,1,1,1,1,0,0,0,0,0,8
FFF,2013J,154191,0,Scotland,Lower Than A Level,30-40%,35-55,0,60,0,Distinction,13,1,1,1,0,1,0,0,0,0,0,0,0,1,0,5
FFF,2013J,155298,0,South Region,A Level or Equivalent,90-100%,0-35,0,60,0,Pass,8,1,1,0,0,0,0,1,1,0,0,0,0,0,0,3
FFF,2013J,156171,0,South West Region,A Level or Equivalent,60-70%,0-35,0,60,0,Pass,8,0,1,0,1,1,1,0,0,1,1,1,1,0,0,3
FFF,2013J,156755,0,West Midlands Region,HE Qualification,20-30%,35-55,0,120,0,Withdrawn,1,0,1,1,0,1,1,0,1,1,0,0,1,1,0,2
FFF,2013J,157647,0,South East Region,Lower Than A Level,0-10%,0-35,0,150,0,Fail,3,1,0,1,1,1,1,1,0,0,1,0,0,0,0,8
FFF,2013J,160310,1,Scotland,Lower Than A Level,40-50%,35-55,1,60,0,Fail,5,0,0,0,1,1,1,1,1,1,0,0,0,1,1,9
FFF,2013J,160720,0,Wales,Lower Than A Level,0-10%,0-35,1,90,0,Withdrawn,2,0,0,0,0,0,0,0,0,0,0,1,0,0,1,2
FFF,2013J,160934,0,Wales,Lower Than A Level,30-40%,0-35,0,120,0,Fail,6,1,1,1,0,1,1,1,1,0,0,0,1,0,1,9
FFF,2013J,160946,0,South Region,HE Qualification,90-100%,0-35,0,60,0,Pass,15,0,1,0,0,0,0,1,0,0,1,0,1,1,0,10
FFF,2013J,162809,0,Yorkshire Region,A Level or Equivalent,70-80%,0-35,0,60,0,Pass,13,1,0,1,0,1,1,1,0,0,0,0,1,1,1,5
FFF,2013J,163120,0,Scotland,A Level or Equivalent,60-70%,35-55,0,60,0,Pass,14,1,1,0,0,1,1,0,1,0,0,1,0,1,1,5
FFF,2013J,168229,0,North Western Region,A Level or Equivalent,70-80%,35-55,0,90,0,Distinction,6,0,0,0,1,1,0,1,0,0,1,0,0,1,1,9
FFF,2013J,169908,0,Yorkshire Region,A Level or Equivalent,50-60%,0-35,0,60,0,Fail,6,1,0,1,1,1,0,0,1,0,0,0,0,0,0,9
FFF,2013J,170030,0,Wales,HE Qualification,20-30%,0-35,1,60,0,Distinction,13,0,1,1,0,0,1,1,1,1,0,1,1,0,1,5
FFF,2013J,170943,0,London Region,A Level or Equivalent,60-70%,0-35,1,150,0,Pass,6,0,1,0,0,0,0,1,0,0,0,0,1,0,1,9
FFF,2013J,171304,0,Wales,Lower Than A Level,0-10%,0-35,0,60,0,Fail,5,0,1,1,0,1,1,0,0,1,0,1,0,1,0,9
FFF,2013J,171549,0,East Anglian Region,A Level or Equivalent,80-90%,0-35,0,120,0,Withdrawn,7,0,0,0,0,0,1,0,0,1,0,1,1,0,1,3
FFF,2013J,171692,1,Wales,A Level or Equivalent,0-10%,0-35,0,90,0,Fail,13,0,0,1,0,1,0,1,0,1,0,0,0,1,0,5
FFF,2013J,173412,0,North Region,HE Qualification,20-30%,0-35,0,60,0,Withdrawn,3,0,1,0,1,1,1,1,1,0,1,1,1,0,0,8
FFF,2013J,174468,0,East Anglian Region,Lower Than A Level,70-80%,0-35,1,60,0,Fail,8,1,1,0,0,1,0,1,1,0,1,0,1,0,0,3
FFF,2013J,175453,0,Scotland,HE Qualification,30-40%,0-35,0,60,0,Pass,3,0,0,0,1,0,1,1,0,1,0,1,1,1,1,8
FFF,2013J,177568,0,South Region,A Level or Equivalent,80-90%,0-35,2,60,0,Pass,13,0,0,1,1,1,0,0,1,0,0,0,1,1,1,5
FFF,2013J,178118,0,South Region,A Level or Equivalent,40-50%,0-35,0,120,0,Fail,11,1,0,0,0,1,0,0,1,1,1,1,0,0,1,6
FFF,2013J,178258,1,West Midlands Region,HE Qualification,20-Oct,35-55,0,270,0,Withdrawn,2,0,0,0,0,1,1,0,1,1,0,1,1,0,1,2
FFF,2013J,180974,0,South West Region,A Level or Equivalent,40-50%,35-55,1,60,0,Pass,10,0,1,0,0,0,1,1,0,1,1,0,1,0,0,1
FFF,2013J,184473,0,Scotland,A Level or Equivalent,50-60%,0-35,0,60,0,Pass,15,1,0,0,0,1,0,0,0,0,1,0,1,1,0,10
FFF,2013J,184627,1,London Region,HE Qualification,0-10%,35-55,3,90,0,Withdrawn,15,1,0,0,1,0,0,0,1,1,1,1,0,1,0,10
FFF,2013J,184720,0,Wales,Lower Than A Level,20-Oct,0-35,2,90,0,Withdrawn,13,1,1,1,0,0,0,0,0,0,0,1,1,1,1,5
FFF,2013J,184925,0,East Midlands Region,Lower Than A Level,20-Oct,35-55,0,60,0,Withdrawn,5,1,0,1,0,0,1,1,1,1,0,0,0,0,1,9
FFF,2013J,187199,0,North Region,Lower Than A Level,20-30%,0-35,0,60,0,Pass,11,1,0,1,0,0,1,0,0,1,1,1,0,1,1,6
FFF,2013J,188524,1,West Midlands Region,Lower Than A Level,0-10%,0-35,2,60,0,Withdrawn,9,1,0,1,1,0,1,1,1,0,1,0,1,0,0,4
FFF,2013J,190910,0,North Western Region,A Level or Equivalent,30-40%,0-35,0,120,0,Fail,1,1,1,0,0,1,0,0,1,1,1,1,1,1,0,2
FFF,2013J,192680,0,South West Region,Lower Than A Level,30-40%,0-35,0,90,0,Pass,12,1,0,1,1,1,0,1,1,1,1,1,1,0,1,7
FFF,2013J,198691,0,West Midlands Region,Lower Than A Level,30-40%,0-35,0,60,0,Fail,11,0,1,1,1,0,0,0,0,0,1,0,1,0,0,6
FFF,2013J,199361,0,North Western Region,Lower Than A Level,40-50%,0-35,0,60,0,Distinction,5,1,1,0,0,0,1,1,1,1,1,0,0,1,0,9
FFF,2013J,200278,0,East Anglian Region,A Level or Equivalent,40-50%,0-35,0,120,0,Withdrawn,8,1,0,1,1,1,1,1,1,0,1,0,1,0,0,3
FFF,2013J,202713,1,London Region,Lower Than A Level,20-30%,0-35,1,60,1,Fail,9,1,1,0,1,1,0,1,1,1,1,1,0,0,0,4
FFF,2013J,206342,0,South Region,A Level or Equivalent,80-90%,35-55,1,60,0,Fail,2,0,0,1,1,1,1,1,0,0,1,1,1,1,0,2
FFF,2013J,206599,0,South West Region,A Level or Equivalent,90-100%,0-35,0,90,0,Pass,7,1,1,0,0,0,0,0,0,0,0,0,1,0,0,3
FFF,2013J,227254,0,Wales,Lower Than A Level,20-Oct,0-35,0,120,0,Fail,8,0,1,0,0,1,0,0,0,0,0,1,0,0,0,3
FFF,2013J,228695,0,East Midlands Region,A Level or Equivalent,40-50%,0-35,0,120,0,Pass,10,1,0,0,1,0,0,1,0,0,0,1,0,0,1,1
FFF,2013J,229191,0,London Region,A Level or Equivalent,20-Oct,35-55,0,120,0,Withdrawn,8,1,1,1,0,1,0,0,1,1,1,1,1,1,1,3
FFF,2013J,229417,0,North Western Region,Lower Than A Level,20-30%,0-35,0,60,0,Fail,14,1,1,0,1,0,0,0,1,1,0,0,1,0,0,5
FFF,2013J,231024,0,South Region,Lower Than A Level,80-90%,35-55,0,60,1,Pass,2,1,1,0,1,0,0,0,1,1,1,0,1,0,1,2
FFF,2013J,231320,0,Yorkshire Region,Lower Than A Level,0-10%,0-35,0,150,0,Withdrawn,1,1,1,0,0,1,0,1,1,0,1,0,0,0,0,2
FFF,2013J,231606,0,Wales,Lower Than A Level,60-70%,35-55,0,60,0,Fail,10,0,0,1,1,1,0,1,1,1,1,0,0,0,0,1
FFF,2013J,232347,0,South Region,A Level or Equivalent,60-70%,0-35,0,180,0,Pass,1,1,0,0,1,1,1,1,0,1,1,0,0,1,0,2
FFF,2013J,232660,1,East Anglian Region,A Level or Equivalent,80-90%,0-35,0,60,0,Distinction,3,1,1,1,1,0,0,1,0,1,0,1,1,1,0,8
FFF,2013J,232764,1,West Midlands Region,A Level or Equivalent,60-70%,0-35,2,90,0,Pass,13,0,0,0,1,1,1,1,0,0,1,1,0,1,0,5
FFF,2013J,232856,0,East Anglian Region,Lower Than A Level,80-90%,35-55,0,60,0,Distinction,15,1,0,0,1,0,0,0,0,0,0,0,0,0,0,10
FFF,2013J,233087,0,East Midlands Region,A Level or Equivalent,80-90%,0-35,0,90,1,Distinction,16,1,1,0,1,0,0,0,0,1,0,0,0,1,0,10
FFF,2013J,234004,0,Yorkshire Region,A Level or Equivalent,50-60%,0-35,0,60,0,Fail,14,0,0,0,0,0,0,1,1,1,1,0,1,0,0,5
FFF,2013J,234068,0,East Anglian Region,Lower Than A Level,80-90%,35-55,0,90,0,Fail,15,0,1,1,1,1,0,1,0,1,0,1,0,1,0,10
FFF,2013J,235131,1,Yorkshire Region,HE Qualification,0-10%,0-35,2,120,0,Withdrawn,5,1,0,0,1,1,1,1,0,0,0,0,0,0,0,9
FFF,2013J,235670,0,London Region,Lower Than A Level,80-90%,35-55,0,90,0,Pass,7,1,1,1,1,1,0,0,0,0,1,1,1,1,0,3
FFF,2013J,235706,0,West Midlands Region,Lower Than A Level,20-30%,0-35,1,60,0,Fail,1,1,0,0,0,1,0,0,0,1,0,0,0,1,0,2
FFF,2013J,235978,0,London Region,A Level or Equivalent,60-70%,35-55,0,90,0,Pass,3,0,0,0,0,1,0,1,1,0,1,0,0,1,0,8
FFF,2013J,236150,1,Wales,HE Qualification,80-90%,35-55,0,120,0,Withdrawn,9,1,0,1,1,1,0,1,0,0,1,1,1,1,0,4
FFF,2013J,237387,1,East Anglian Region,HE Qualification,30-40%,0-35,0,60,0,Withdrawn,15,0,0,0,0,1,0,0,1,1,1,1,0,0,0,10
FFF,2013J,238150,0,Scotland,A Level or Equivalent,80-90%,35-55,0,60,0,Pass,10,0,0,1,0,1,0,0,1,0,1,1,1,1,0,1
FFF,2013J,241039,0,West Midlands Region,Lower Than A Level,40-50%,35-55,0,60,0,Pass,13,1,0,0,1,0,0,1,1,0,1,0,1,0,0,5
FFF,2013J,241792,0,South Region,A Level or Equivalent,50-60%,35-55,0,90,0,Withdrawn,12,1,0,0,0,0,1,0,1,1,1,1,0,1,0,7
FFF,2013J,242491,0,East Midlands Region,A Level or Equivalent,0-10%,0-35,1,120,1,Distinction,12,1,0,1,0,1,1,1,0,1,0,0,0,1,1,7
FFF,2013J,243351,0,West Midlands Region,A Level or Equivalent,0-10%,0-35,0,90,0,Withdrawn,2,1,1,0,1,1,1,1,0,1,1,0,1,1,0,2
FFF,2013J,243396,0,North Western Region,Lower Than A Level,80-90%,0-35,0,120,0,Fail,15,0,0,1,0,1,0,1,0,1,0,1,1,1,0,10
FFF,2013J,244205,0,North Western Region,A Level or Equivalent,60-70%,35-55,0,60,0,Pass,15,1,0,0,0,0,0,1,1,0,1,1,1,0,1,10
FFF,2013J,245283,0,London Region,A Level or Equivalent,0-10%,35-55,0,120,0,Pass,8,0,0,1,1,0,0,1,1,1,1,1,1,0,0,3
FFF,2013J,248882,0,London Region,HE Qualification,20-30%,35-55,0,60,0,Pass,9,0,0,0,0,1,0,1,1,1,0,0,1,1,1,4
FFF,2013J,249750,1,Scotland,HE Qualification,20-Oct,0-35,0,90,0,Pass,8,0,0,1,0,0,1,1,0,1,0,0,0,0,1,3
FFF,2013J,251405,0,South West Region,A Level or Equivalent,50-60%,0-35,1,60,0,Pass,3,0,0,0,0,0,1,1,1,0,0,0,0,1,1,8
FFF,2013J,251965,0,London Region,A Level or Equivalent,30-40%,0-35,0,120,0,Fail,8,0,0,1,0,1,1,0,0,0,0,1,1,0,1,3
FFF,2013J,253516,0,Yorkshire Region,Lower Than A Level,20-Oct,0-35,0,60,1,Fail,16,0,1,0,1,0,1,1,1,1,0,1,1,0,1,10
FFF,2013J,253767,0,South East Region,A Level or Equivalent,90-100%,0-35,0,270,0,Pass,12,1,0,1,0,0,0,0,1,0,0,1,1,1,1,7
FFF,2013J,254446,0,East Anglian Region,A Level or Equivalent,60-70%,35-55,0,60,0,Pass,13,0,1,0,1,1,0,1,0,1,1,0,0,1,0,5
FFF,2013J,255310,0,East Midlands Region,HE Qualification,80-90%,0-35,0,90,0,Pass,5,1,1,1,0,0,0,1,0,1,0,1,0,0,0,9
FFF,2013J,256905,0,North Region,Lower Than A Level,30-40%,0-35,0,120,0,Fail,13,1,1,0,0,1,1,0,1,1,0,1,0,0,0,5
FFF,2013J,257887,0,Ireland,HE Qualification,,0-35,0,60,0,Pass,1,1,0,0,1,1,0,1,0,0,1,0,0,0,1,2
FFF,2013J,257970,0,East Midlands Region,Lower Than A Level,90-100%,0-35,1,60,0,Withdrawn,14,1,0,1,0,0,1,0,0,1,1,0,1,0,1,5
FFF,2013J,259609,0,East Midlands Region,Lower Than A Level,20-30%,0-35,2,180,1,Withdrawn,16,1,1,0,0,0,1,1,1,1,0,1,1,0,0,10
FFF,2013J,261205,0,North Region,Lower Than A Level,0-10%,35-55,1,60,0,Fail,6,1,0,0,0,0,1,0,0,1,1,0,0,0,1,9
FFF,2013J,261525,0,South East Region,Lower Than A Level,40-50%,0-35,2,120,0,Withdrawn,2,1,0,1,0,0,0,1,1,1,0,0,1,1,1,2
FFF,2013J,262403,1,South Region,A Level or Equivalent,60-70%,0-35,0,120,0,Pass,15,1,0,1,0,0,1,0,1,0,0,0,0,0,0,10
FFF,2013J,264164,0,Scotland,A Level or Equivalent,60-70%,35-55,0,60,0,Distinction,10,1,0,1,1,1,1,1,1,1,0,0,1,1,1,1
FFF,2013J,264924,0,South Region,A Level or Equivalent,40-50%,0-35,0,120,0,Withdrawn,5,1,1,1,1,1,1,0,0,1,0,1,1,1,0,9
FFF,2013J,265268,0,North Western Region,Lower Than A Level,60-70%,0-35,1,120,0,Pass,14,1,0,0,1,0,1,0,0,1,0,1,1,0,0,5
FFF,2013J,265978,0,North Region,Lower Than A Level,,35-55,0,60,0,Pass,14,0,0,0,0,0,0,1,1,0,0,1,0,1,1,5
FFF,2013J,268153,0,North Western Region,A Level or Equivalent,60-70%,0-35,0,90,0,Pass,10,0,1,0,0,0,0,0,0,0,0,0,0,1,0,1
FFF,2013J,268343,1,East Midlands Region,Lower Than A Level,20-Oct,0-35,0,60,0,Withdrawn,13,1,0,0,1,0,0,1,1,0,1,0,0,0,0,5
FFF,2013J,269245,0,London Region,HE Qualification,20-Oct,35-55,0,120,0,Withdrawn,10,0,1,0,0,1,1,0,0,1,0,0,1,0,0,1
FFF,2013J,269508,0,Ireland,HE Qualification,,35-55,0,60,0,Pass,16,0,1,1,1,1,1,0,1,1,0,0,1,1,0,10
FFF,2013J,271274,1,East Anglian Region,Lower Than A Level,70-80%,0-35,1,60,0,Fail,4,1,1,0,0,0,1,1,1,0,1,1,0,1,1,8
FFF,2013J,271702,0,West Midlands Region,Lower Than A Level,20-30%,0-35,0,120,0,Withdrawn,7,1,0,1,0,0,0,0,1,0,0,1,1,0,0,3
FFF,2013J,272623,0,Yorkshire Region,A Level or Equivalent,0-10%,0-35,0,120,0,Withdrawn,16,1,0,0,1,1,0,0,1,0,1,0,1,0,1,10
FFF,2013J,273442,0,North Region,A Level or Equivalent,,0-35,0,60,0,Pass,3,1,1,0,0,0,0,1,0,0,0,1,0,1,1,8
FFF,2013J,273782,0,Wales,HE Qualification,90-100%,35-55,0,60,0,Pass,10,1,1,0,1,1,0,0,0,1,0,0,1,0,1,1
FFF,2013J,274443,0,East Anglian Region,Lower Than A Level,80-90%,35-55,0,60,0,Fail,8,1,1,0,1,0,1,0,0,0,0,1,1,0,1,3
FFF,2013J,276388,0,South East Region,A Level or Equivalent,20-30%,0-35,0,60,0,Pass,4,0,0,0,1,0,1,1,0,0,0,0,0,0,0,8
FFF,2013J,276808,1,North Western Region,A Level or Equivalent,20-Oct,0-35,1,60,0,Pass,8,0,1,0,0,1,0,0,1,1,1,1,1,0,0,3
FFF,2013J,278955,0,East Midlands Region,Lower Than A Level,30-40%,0-35,0,60,0,Pass,9,0,1,1,1,0,0,1,1,0,0,0,0,1,1,4
FFF,2013J,279069,0,North Western Region,Lower Than A Level,40-50%,0-35,1,120,0,Withdrawn,4,1,1,1,1,0,1,0,1,0,0,0,1,1,0,8
FFF,2013J,279085,0,London Region,HE Qualification,80-90%,35-55,0,60,0,Pass,13,0,1,0,1,1,0,0,0,0,0,1,1,1,1,5
FFF,2013J,279750,0,Scotland,Lower Than A Level,60-70%,35-55,0,60,0,Pass,9,1,0,1,0,1,1,1,1,0,1,1,1,1,1,4
FFF,2013J,281638,1,Ireland,A Level or Equivalent,20-30%,0-35,0,90,0,Pass,3,0,0,1,0,0,1,0,1,0,1,1,0,1,0,8
FFF,2013J,282385,0,Scotland,HE Qualification,20-30%,0-35,0,60,0,Fail,5,1,1,0,0,1,1,0,0,0,0,1,1,1,0,9
FFF,2013J,282975,1,London Region,A Level or Equivalent,90-100%,0-35,0,60,0,Pass,10,0,0,0,1,0,0,1,1,0,0,0,1,0,1,1
FFF,2013J,283953,1,London Region,A Level or Equivalent,90-100%,0-35,0,60,0,Distinction,15,0,1,1,1,1,1,0,0,0,1,0,0,1,0,10
FFF,2013J,284036,0,South West Region,Lower Than A Level,20-30%,0-35,2,60,0,Fail,16,1,1,1,0,0,1,0,1,1,1,1,0,1,1,10
FFF,2013J,284395,0,London Region,A Level or Equivalent,30-40%,35-55,1,60,0,Pass,4,0,0,0,1,1,0,1,1,0,1,0,1,1,1,8
FFF,2013J,284636,0,Scotland,Lower Than A Level,20-30%,0-35,0,60,0,Fail,5,1,1,0,0,1,1,1,0,0,0,1,1,1,1,9
FFF,2013J,284742,0,East Midlands Region,Lower Than A Level,20-Oct,0-35,0,60,0,Withdrawn,8,0,1,1,1,1,1,1,0,0,1,1,0,1,1,3
FFF,2013J,286442,0,Scotland,HE Qualification,50-60%,35-55,0,60,1,Withdrawn,3,0,1,0,0,0,1,1,0,0,0,0,1,1,1,8
FFF,2013J,287079,0,London Region,HE Qualification,40-50%,0-35,1,60,0,Withdrawn,8,0,0,1,0,1,1,0,1,1,0,0,1,0,0,3
FFF,2013J,289221,1,South Region,A Level or Equivalent,80-90%,0-35,0,90,0,Pass,11,0,1,0,1,0,0,0,1,1,0,0,1,0,0,6
FFF,2013J,289304,0,Yorkshire Region,Lower Than A Level,0-10%,35-55,0,90,1,Pass,12,1,1,0,1,0,1,0,1,0,0,0,1,1,1,7
FFF,2013J,289826,1,Scotland,Lower Than A Level,20-Oct,0-35,1,150,0,Withdrawn,1,1,0,0,1,1,0,1,1,1,1,0,1,1,0,2
FFF,2013J,290521,0,London Region,Lower Than A Level,20-Oct,0-35,0,120,0,Pass,3,0,0,1,0,0,1,1,1,0,0,1,1,1,1,8
FFF,2013J,291237,0,Yorkshire Region,A Level or Equivalent,80-90%,0-35,0,180,0,Distinction,8,0,1,0,1,1,0,1,1,0,0,0,1,0,0,3
FFF,2013J,291516,1,Yorkshire Region,Lower Than A Level,70-80%,35-55,2,60,0,Fail,16,1,1,1,1,1,0,1,0,0,1,1,0,0,0,10
FFF,2013J,291745,0,Scotland,A Level or Equivalent,60-70%,35-55,0,60,0,Distinction,16,1,0,1,1,1,1,1,0,0,1,0,0,0,0,10
FFF,2013J,293317,1,West Midlands Region,A Level or Equivalent,0-10%,0-35,0,60,0,Withdrawn,4,1,0,1,1,1,0,1,0,1,0,0,0,1,0,8
FFF,2013J,295255,0,Ireland,A Level or Equivalent,,0-35,0,60,0,Pass,4,0,0,1,0,0,0,0,0,0,1,0,1,1,1,8
FFF,2013J,296100,0,London Region,HE Qualification,20-Oct,0-35,0,150,0,Withdrawn,9,1,0,0,0,0,1,1,1,1,0,1,0,0,0,4
FFF,2013J,299281,0,North Region,A Level or Equivalent,,0-35,1,60,0,Pass,14,1,0,1,0,0,1,1,0,1,0,1,0,1,0,5
FFF,2013J,299886,1,Yorkshire Region,Lower Than A Level,20-30%,35-55,0,210,0,Pass,16,0,1,0,0,0,1,1,1,1,1,0,0,0,0,10
FFF,2013J,301128,0,East Midlands Region,A Level or Equivalent,30-40%,0-35,0,180,0,Withdrawn,15,1,0,0,0,0,1,0,0,1,0,0,1,0,1,10
FFF,2013J,302071,0,South East Region,Lower Than A Level,40-50%,0-35,0,90,1,Fail,5,1,0,1,0,1,1,0,1,0,1,1,0,1,1,9
FFF,2013J,302566,0,South West Region,Lower Than A Level,40-50%,35-55,0,120,1,Fail,11,1,0,0,1,1,0,1,1,0,0,1,1,0,0,6
FFF,2013J,303937,0,Wales,Lower Than A Level,30-40%,35-55,0,60,0,Fail,9,0,1,1,1,1,1,0,0,1,1,1,0,1,1,4
FFF,2013J,304240,0,South East Region,A Level or Equivalent,80-90%,0-35,0,90,0,Pass,12,0,1,1,1,1,0,1,1,0,1,0,1,0,1,7
FFF,2013J,304589,0,West Midlands Region,A Level or Equivalent,30-40%,35-55,0,120,0,Distinction,15,0,0,1,1,0,1,1,0,1,0,0,1,0,1,10
FFF,2013J,305858,1,West Midlands Region,A Level or Equivalent,70-80%,0-35,0,90,1,Pass,1,0,0,1,1,0,0,1,1,1,1,0,1,0,1,2
FFF,2013J,307245,0,North Region,Lower Than A Level,70-80%,0-35,2,60,0,Fail,7,1,1,0,0,0,0,1,1,1,0,1,1,1,0,3
FFF,2013J,307676,0,West Midlands Region,A Level or Equivalent,30-40%,0-35,1,120,0,Fail,12,0,0,0,1,1,1,1,0,1,0,0,0,0,0,7
FFF,2013J,309150,0,East Anglian Region,A Level or Equivalent,70-80%,0-35,1,60,0,Withdrawn,6,1,1,1,0,0,0,0,1,0,0,1,1,0,0,9
FFF,2013J,309893,0,North Western Region,A Level or Equivalent,20-Oct,0-35,0,60,0,Pass,6,0,1,1,1,0,0,0,0,1,0,1,0,1,1,9
FFF,2013J,310646,0,Yorkshire Region,Lower Than A Level,20-Oct,0-35,0,90,0,Pass,9,1,1,0,1,1,0,0,0,0,1,0,1,1,1,4
FFF,2013J,310899,0,South Region,A Level or Equivalent,60-70%,0-35,0,60,0,Withdrawn,9,1,0,1,0,1,1,0,1,0,0,1,0,0,0,4
FFF,2013J,311151,0,North Region,Lower Than A Level,,35-55,2,60,0,Withdrawn,15,0,1,1,0,1,0,0,0,0,1,1,0,0,0,10
FFF,2013J,312760,0,South West Region,A Level or Equivalent,30-40%,0-35,0,120,0,Pass,6,1,0,1,0,0,0,0,0,0,1,0,1,1,0,9
FFF,2013J,313206,0,Wales,Lower Than A Level,20-30%,0-35,1,60,1,Fail,9,0,0,1,0,0,0,0,0,0,0,0,0,0,1,4
FFF,2013J,313700,0,Ireland,Lower Than A Level,20-Oct,0-35,0,90,0,Fail,6,1,1,1,1,0,1,1,0,0,0,1,1,0,1,9
FFF,2013J,314776,0,East Anglian Region,Lower Than A Level,30-40%,0-35,0,60,0,Pass,15,1,1,1,0,0,1,0,0,0,1,1,1,1,1,10
FFF,2013J,315808,0,South East Region,A Level or Equivalent,80-90%,0-35,0,120,0,Distinction,16,1,1,0,0,0,0,0,0,0,1,1,1,0,1,10
FFF,2013J,316061,0,North Western Region,Lower Than A Level,0-10%,0-35,0,180,1,Withdrawn,10,1,1,1,0,0,0,1,0,0,1,1,0,1,1,1
FFF,2013J,316098,0,South Region,A Level or Equivalent,40-50%,0-35,1,60,0,Pass,4,0,1,0,1,1,0,1,1,1,0,1,0,1,1,8
FFF,2013J,316541,1,Scotland,HE Qualification,30-40%,0-35,0,120,0,Distinction,5,0,0,1,0,1,0,1,1,1,1,0,0,0,0,9
FFF,2013J,318627,0,East Midlands Region,HE Qualification,90-100%,35-55,0,60,0,Distinction,1,0,1,1,1,0,1,0,1,0,1,0,0,0,1,2
FFF,2013J,319578,0,East Midlands Region,Lower Than A Level,20-Oct,35-55,1,90,0,Pass,5,0,0,0,0,0,1,0,0,0,0,1,1,1,1,9
FFF,2013J,320437,0,Wales,A Level or Equivalent,20-30%,0-35,0,90,0,Pass,8,1,0,0,0,1,1,0,1,0,1,1,1,0,0,3
FFF,2013J,321486,1,West Midlands Region,A Level or Equivalent,20-30%,0-35,0,60,1,Withdrawn,16,1,1,0,1,1,1,0,1,1,1,0,1,1,1,10
FFF,2013J,321969,1,Yorkshire Region,Lower Than A Level,20-30%,35-55,0,60,0,Withdrawn,5,1,1,1,0,0,1,0,1,1,0,0,0,1,0,9
FFF,2013J,323480,1,South Region,HE Qualification,50-60%,0-35,1,60,0,Pass,11,1,1,1,1,1,0,1,0,0,0,1,0,0,0,6
FFF,2013J,323984,0,South West Region,A Level or Equivalent,70-80%,0-35,1,60,0,Pass,10,1,0,1,0,0,1,0,0,1,0,0,0,1,0,1
FFF,2013J,324331,0,North Western Region,Lower Than A Level,70-80%,35-55,0,60,0,Withdrawn,13,0,0,1,0,0,0,1,1,1,1,1,1,0,0,5
FFF,2013J,324672,0,South Region,Lower Than A Level,30-40%,0-35,0,60,0,Fail,7,1,1,1,1,1,1,0,0,1,0,0,0,1,0,3
FFF,2013J,325368,0,Scotland,A Level or Equivalent,80-90%,35-55,3,90,0,Fail,1,1,1,1,1,0,0,1,0,1,0,1,0,1,0,2
FFF,2013J,325750,0,Scotland,HE Qualification,20-Oct,35-55,1,90,0,Withdrawn,1,1,0,0,0,0,1,0,1,1,1,0,1,0,0,2
FFF,2013J,326056,0,East Anglian Region,Lower Than A Level,80-90%,0-35,0,60,0,Withdrawn,3,1,0,1,1,0,0,1,1,1,1,0,1,0,1,8
FFF,2013J,329655,1,Ireland,Lower Than A Level,,0-35,1,90,0,Fail,11,0,0,0,0,1,0,0,0,0,0,1,0,0,1,6
FFF,2013J,330192,0,Scotland,Lower Than A Level,80-90%,35-55,0,60,0,Pass,2,1,1,0,0,1,1,0,0,0,1,0,0,0,0,2
FFF,2013J,330347,0,South Region,HE Qualification,90-100%,55<=,1,60,0,Fail,10,0,0,0,1,0,0,0,1,1,1,1,0,1,0,1
FFF,2013J,330669,1,Yorkshire Region,Lower Than A Level,60-70%,0-35,0,180,0,Withdrawn,2,1,1,0,0,0,0,1,1,0,1,1,0,0,0,2
FFF,2013J,330723,0,Wales,A Level or Equivalent,40-50%,0-35,1,60,0,Withdrawn,15,1,0,1,1,0,0,1,0,0,0,1,0,0,1,10
FFF,2013J,331039,0,East Anglian Region,A Level or Equivalent,60-70%,0-35,1,120,1,Pass,7,1,1,0,0,0,0,0,1,0,0,1,0,1,0,3
FFF,2013J,331417,0,Ireland,A Level or Equivalent,40-50%,0-35,0,120,0,Pass,6,0,0,1,1,0,0,1,1,0,1,1,1,1,1,9
FFF,2013J,333710,0,Ireland,A Level or Equivalent,50-60%,0-35,1,90,0,Fail,14,1,1,0,1,1,0,0,0,1,1,1,0,1,0,5
FFF,2013J,334476,1,London Region,A Level or Equivalent,70-80%,0-35,0,60,0,Pass,11,0,1,0,1,1,1,0,1,0,0,0,0,0,0,6
FFF,2013J,334669,0,East Midlands Region,A Level or Equivalent,50-60%,0-35,0,120,0,Withdrawn,11,1,1,0,1,0,1,0,1,0,0,1,1,0,1,6
FFF,2013J,335476,0,Wales,A Level or Equivalent,30-40%,0-35,1,90,0,Pass,1,1,0,0,1,1,1,0,0,1,1,1,0,1,1,2
FFF,2013J,335562,0,North Region,A Level or Equivalent,0-10%,0-35,0,90,0,Pass,9,0,0,1,0,0,1,1,1,0,0,0,1,0,1,4
FFF,2013J,335582,0,South East Region,A Level or Equivalent,90-100%,35-55,0,120,0,Distinction,7,0,0,0,1,1,0,1,0,1,1,1,0,1,0,3
FFF,2013J,335644,0,South West Region,HE Qualification,90-100%,35-55,0,120,0,Fail,5,0,0,1,1,1,1,0,1,1,1,1,0,0,0,9
FFF,2013J,335726,1,North Western Region,Lower Than A Level,90-100%,0-35,1,60,0,Withdrawn,5,1,1,0,0,0,1,1,1,0,0,1,0,1,1,9
FFF,2013J,338536,0,West Midlands Region,A Level or Equivalent,60-70%,0-35,1,60,0,Pass,16,0,1,0,1,1,0,1,0,0,0,1,0,1,0,10
FFF,2013J,338806,0,North Region,Lower Than A Level,70-80%,0-35,2,90,0,Fail,3,0,0,0,1,1,0,1,0,1,0,1,1,1,1,8
FFF,2013J,338975,0,East Anglian Region,A Level or Equivalent,90-100%,0-35,0,150,0,Pass,10,1,1,1,1,0,0,0,1,1,0,1,1,0,1,1
FFF,2013J,339624,0,London Region,A Level or Equivalent,20-30%,0-35,0,120,0,Withdrawn,2,1,1,1,0,0,1,1,1,0,1,1,0,0,1,2
FFF,2013J,340647,1,South East Region,HE Qualification,80-90%,35-55,0,90,0,Pass,5,0,1,1,1,0,1,0,1,1,1,1,1,1,1,9
FFF,2013J,340751,1,South Region,Lower Than A Level,30-40%,0-35,0,90,0,Withdrawn,16,0,0,1,1,1,1,1,1,1,1,0,1,1,1,10
FFF,2013J,341096,0,South Region,Lower Than A Level,50-60%,35-55,0,120,0,Pass,4,1,1,1,0,0,1,0,0,0,0,1,1,1,0,8
FFF,2013J,341361,0,London Region,HE Qualification,20-Oct,35-55,1,60,0,Pass,16,0,1,1,0,1,0,1,0,1,0,1,1,1,1,10
FFF,2013J,341470,1,South East Region,A Level or Equivalent,60-70%,35-55,0,120,0,Pass,9,1,0,0,0,1,0,1,1,0,1,1,0,1,0,4
FFF,2013J,341839,0,East Anglian Region,Lower Than A Level,40-50%,35-55,0,90,0,Withdrawn,8,1,1,0,1,1,1,1,1,0,1,1,0,1,0,3
FFF,2013J,342155,0,London Region,Lower Than A Level,40-50%,35-55,0,120,0,Pass,4,0,0,1,1,0,1,0,0,0,1,1,0,0,1,8
FFF,2013J,342208,0,South West Region,A Level or Equivalent,30-40%,0-35,1,180,1,Withdrawn,11,0,0,0,0,0,1,1,1,1,1,1,1,1,0,6
FFF,2013J,342953,0,Wales,A Level or Equivalent,20-Oct,0-35,0,60,0,Pass,8,1,0,1,1,0,1,0,0,1,1,1,1,0,0,3
FFF,2013J,343419,1,South East Region,A Level or Equivalent,20-30%,0-35,0,60,0,Fail,1,0,1,1,1,0,1,0,0,0,0,0,0,0,0,2
FFF,2013J,343658,0,Scotland,Lower Than A Level,90-100%,0-35,2,90,0,Fail,4,0,1,0,0,0,0,1,1,1,1,0,1,1,1,8
FFF,2013J,343828,1,London Region,Lower Than A Level,50-60%,0-35,1,180,0,Pass,13,0,0,1,1,0,0,1,0,1,0,0,1,0,0,5
FFF,2013J,344787,1,London Region,Lower Than A Level,20-30%,0-35,0,120,0,Pass,1,1,0,1,0,0,0,0,0,0,1,0,0,0,1,2
FFF,2013J,347484,0,South East Region,Lower Than A Level,0-10%,0-35,0,60,0,Pass,5,1,0,0,1,0,0,1,0,1,1,0,1,1,1,9
FFF,2013J,347809,1,Scotland,HE Qualification,20-Oct,0-35,0,60,0,Pass,14,1,0,0,0,1,0,1,0,1,1,1,1,1,1,5
FFF,2013J,348717,0,East Anglian Region,Lower Than A Level,90-100%,0-35,2,60,0,Pass,15,1,0,0,1,1,0,0,0,1,0,1,0,1,1,10
FFF,2013J,348783,0,North Western Region,A Level or Equivalent,50-60%,0-35,0,60,0,Distinction,13,0,0,1,1,0,0,0,0,1,1,1,0,0,1,5
FFF,2013J,349219,0,West Midlands Region,A Level or Equivalent,,0-35,1,270,0,Fail,3,0,0,0,1,1,1,0,0,0,1,1,0,1,0,8
FFF,2013J,349247,0,East Midlands Region,Lower Than A Level,20-Oct,0-35,0,60,1,Withdrawn,5,1,1,1,0,1,1,1,1,1,0,0,0,0,1,9
FFF,2013J,349676,0,South Region,Lower Than A Level,50-60%,0-35,0,60,0,Pass,6,1,1,1,1,1,1,1,1,0,1,1,0,0,1,9
FFF,2013J,351170,0,Ireland,Lower Than A Level,90-100%,0-35,0,120,0,Pass,3,0,1,1,1,0,0,0,0,0,0,1,1,1,1,8
FFF,2013J,351505,0,South East Region,A Level or Equivalent,70-80%,0-35,0,90,0,Pass,1,0,0,1,1,1,0,0,1,1,0,1,1,1,1,2
FFF,2013J,352083,0,West Midlands Region,A Level or Equivalent,20-Oct,35-55,0,60,0,Withdrawn,3,1,0,0,0,1,0,0,0,1,1,1,1,1,0,8
FFF,2013J,352102,1,South West Region,Lower Than A Level,30-40%,0-35,1,60,0,Withdrawn,9,1,1,0,1,1,1,0,0,0,1,1,0,0,0,4
FFF,2013J,353066,0,East Midlands Region,A Level or Equivalent,30-40%,0-35,0,90,0,Withdrawn,9,0,1,1,0,0,0,0,1,1,0,0,1,1,1,4
FFF,2013J,353790,0,London Region,Lower Than A Level,30-40%,0-35,0,60,0,Fail,12,0,0,1,0,0,1,1,0,0,1,0,0,0,1,7
FFF,2013J,354550,0,Wales,Lower Than A Level,0-10%,0-35,0,60,0,Fail,2,0,1,0,1,0,1,1,1,1,1,0,1,0,1,2
FFF,2013J,355293,0,East Midlands Region,Lower Than A Level,30-40%,0-35,1,150,0,Withdrawn,8,0,0,1,1,1,0,1,1,0,0,1,1,0,1,3
FFF,2013J,355335,0,Ireland,Lower Than A Level,0-10%,35-55,2,90,0,Pass,7,0,0,0,0,0,0,1,0,0,1,0,1,0,0,3
FFF,2013J,356397,0,South East Region,Lower Than A Level,50-60%,0-35,2,90,0,Fail,6,1,0,1,1,0,1,0,0,1,0,1,0,1,0,9
FFF,2013J,357851,0,East Anglian Region,Lower Than A Level,50-60%,0-35,1,90,1,Withdrawn,10,0,0,0,1,1,0,1,1,1,0,0,0,0,1,1
FFF,2013J,359149,0,East Midlands Region,Lower Than A Level,50-60%,35-55,0,60,0,Withdrawn,10,0,1,1,0,1,0,0,1,1,0,1,1,1,0,1
FFF,2013J,360581,0,Yorkshire Region,A Level or Equivalent,30-40%,35-55,0,60,0,Fail,5,1,1,1,1,0,0,1,1,0,1,1,1,1,1,9
FFF,2013J,360747,0,South Region,Lower Than A Level,90-100%,35-55,0,60,0,Pass,3,0,0,1,0,0,1,1,1,0,1,1,0,0,1,8
FFF,2013J,360986,0,London Region,A Level or Equivalent,20-Oct,35-55,1,120,0,Pass,16,1,0,1,0,1,0,0,0,1,1,1,1,0,0,10
FFF,2013J,361837,0,Wales,HE Qualification,60-70%,35-55,2,120,0,Fail,3,0,0,1,1,1,0,0,0,0,0,1,0,1,0,8
FFF,2013J,363273,1,Wales,Lower Than A Level,0-10%,0-35,0,90,0,Fail,5,0,1,0,1,0,1,0,1,0,1,0,0,0,0,9
FFF,2013J,363738,0,East Anglian Region,Lower Than A Level,90-100%,0-35,0,60,0,Withdrawn,12,0,1,1,1,1,1,1,1,1,1,0,0,0,1,7
FFF,2013J,364790,1,North Western Region,A Level or Equivalent,60-70%,0-35,0,90,0,Distinction,14,1,1,1,0,1,1,0,1,1,1,0,0,0,0,5
FFF,2013J,364974,0,North Region,Lower Than A Level,40-50%,35-55,1,180,0,Pass,5,0,1,1,1,1,1,1,0,1,1,0,1,1,1,9
FFF,2013J,367510,0,London Region,A Level or Equivalent,20-30%,0-35,1,120,1,Withdrawn,4,1,0,0,1,0,1,0,0,0,1,1,0,0,0,8
FFF,2013J,367605,1,South West Region,A Level or Equivalent,20-30%,0-35,0,90,0,Pass,11,0,1,0,1,1,0,1,1,0,1,1,1,1,0,6
FFF,2013J,368315,0,London Region,Lower Than A Level,30-40%,0-35,0,120,1,Pass,9,0,0,1,0,0,1,1,0,1,1,1,0,0,0,4
FFF,2013J,368935,0,Scotland,HE Qualification,0-10%,0-35,0,120,0,Fail,1,1,1,1,1,0,1,0,1,0,0,0,1,0,1,2
FFF,2013J,369208,0,East Midlands Region,Lower Than A Level,20-Oct,0-35,0,60,0,Pass,15,1,0,0,0,0,1,0,1,0,0,1,0,1,0,10
FFF,2013J,369826,0,South Region,A Level or Equivalent,40-50%,0-35,0,60,0,Withdrawn,4,1,0,1,1,0,1,1,1,1,0,0,1,1,0,8
FFF,2013J,370934,0,Yorkshire Region,Lower Than A Level,20-Oct,35-55,1,60,0,Withdrawn,9,1,1,1,0,0,0,1,0,1,0,1,1,1,1,4
FFF,2013J,371133,0,Scotland,Lower Than A Level,60-70%,0-35,0,60,0,Withdrawn,13,0,0,0,0,1,0,0,0,0,1,0,1,0,0,5
FFF,2013J,371247,0,East Midlands Region,HE Qualification,80-90%,35-55,1,120,0,Pass,14,1,1,0,0,1,1,1,1,0,1,0,0,0,1,5
FFF,2013J,371869,0,Wales,HE Qualification,50-60%,35-55,0,240,0,Pass,3,0,1,1,0,0,1,1,0,1,1,0,0,0,1,8
FFF,2013J,372262,1,Yorkshire Region,A Level or Equivalent,0-10%,0-35,0,90,0,Distinction,3,1,0,1,1,1,1,0,0,0,0,1,1,1,1,8
FFF,2013J,372619,0,East Midlands Region,Lower Than A Level,70-80%,0-35,0,60,0,Withdrawn,13,1,0,1,1,0,1,0,0,0,0,1,0,0,0,5
FFF,2013J,377705,0,East Anglian Region,A Level or Equivalent,50-60%,0-35,1,60,0,Fail,15,0,0,0,0,0,1,0,1,1,1,1,0,1,0,10
FFF,2013J,379070,0,Scotland,HE Qualification,0-10%,0-35,0,60,0,Distinction,16,0,1,1,0,0,1,0,0,0,1,1,0,1,0,10
FFF,2013J,379843,1,East Midlands Region,Lower Than A Level,20-Oct,0-35,0,60,1,Pass,1,0,1,0,0,1,1,0,1,1,1,0,0,1,0,2
FFF,2013J,380161,0,North Western Region,A Level or Equivalent,60-70%,0-35,0,90,0,Withdrawn,6,0,0,0,0,1,1,0,0,1,0,1,1,0,0,9
FFF,2013J,380435,1,East Midlands Region,HE Qualification,30-40%,0-35,0,120,0,Distinction,3,1,0,1,0,1,1,1,0,1,0,0,0,1,1,8
FFF,2013J,380710,0,London Region,Lower Than A Level,20-30%,35-55,0,180,0,Withdrawn,11,1,0,0,1,1,0,0,1,0,0,0,0,0,0,6
FFF,2013J,381058,0,London Region,A Level or Equivalent,20-30%,0-35,0,60,0,Fail,7,1,0,0,1,1,1,1,0,0,1,0,1,0,0,3
FFF,2013J,381365,0,North Western Region,Lower Than A Level,30-40%,0-35,2,120,0,Withdrawn,5,1,1,0,0,1,1,0,1,1,1,0,0,1,1,9
FFF,2013J,381414,0,South East Region,Lower Than A Level,60-70%,0-35,0,120,0,Withdrawn,14,1,1,0,0,1,0,1,0,0,1,1,1,1,1,5
FFF,2013J,381959,0,Wales,Lower Than A Level,80-90%,0-35,1,60,0,Fail,1,0,1,0,1,1,0,1,1,0,0,0,1,0,0,2
FFF,2013J,382125,0,North Region,Lower Than A Level,20-Oct,0-35,1,90,0,Withdrawn,11,0,0,0,0,0,1,0,0,1,1,1,0,0,1,6
FFF,2013J,382156,0,Wales,Lower Than A Level,40-50%,0-35,1,60,0,Fail,7,1,1,0,1,1,0,1,0,0,1,0,1,0,1,3
FFF,2013J,382738,0,South Region,Lower Than A Level,90-100%,0-35,0,60,0,Pass,15,1,0,0,1,0,1,1,1,0,1,0,0,0,1,10
FFF,2013J,383517,1,South East Region,A Level or Equivalent,90-100%,0-35,0,120,0,Pass,13,0,0,0,0,1,1,0,0,1,1,1,1,0,1,5
FFF,2013J,384227,0,London Region,Lower Than A Level,40-50%,0-35,0,120,0,Pass,3,0,0,0,1,0,0,0,0,0,0,1,1,0,1,8
FFF,2013J,385033,0,Yorkshire Region,HE Qualification,80-90%,0-35,0,60,0,Pass,10,1,0,0,0,1,0,1,1,1,1,0,1,1,0,1
FFF,2013J,385195,0,Yorkshire Region,Lower Than A Level,0-10%,0-35,0,60,0,Pass,12,1,1,0,0,0,0,1,1,0,0,1,0,0,1,7
FFF,2013J,385209,0,London Region,Lower Than A Level,30-40%,0-35,1,90,1,Fail,15,0,0,0,1,0,0,0,0,0,0,0,0,1,0,10
FFF,2013J,385547,0,North Western Region,Lower Than A Level,20-30%,0-35,0,180,0,Pass,5,1,0,0,0,1,1,1,1,0,1,0,0,0,0,9
FFF,2013J,387507,0,South Region,A Level or Equivalent,80-90%,0-35,0,120,0,Pass,3,1,0,0,0,0,0,0,0,1,0,1,0,0,1,8
FFF,2013J,387941,0,East Anglian Region,Lower Than A Level,40-50%,0-35,0,60,0,Withdrawn,3,0,1,1,1,0,0,0,0,0,1,1,0,1,0,8
FFF,2013J,388754,0,London Region,Lower Than A Level,20-Oct,0-35,0,120,0,Distinction,8,0,1,1,1,0,1,1,1,0,1,1,0,1,1,3
FFF,2013J,389208,0,Wales,A Level or Equivalent,30-40%,0-35,0,90,0,Pass,6,0,1,0,0,0,0,1,0,1,1,1,0,0,0,9
FFF,2013J,391187,0,Scotland,HE Qualification,40-50%,0-35,1,60,0,Pass,3,0,0,1,1,0,0,1,0,1,1,1,1,1,1,8
FFF,2013J,392210,0,East Midlands Region,Lower Than A Level,70-80%,0-35,0,60,0,Fail,6,0,0,0,1,0,0,1,1,1,1,1,1,0,0,9
FFF,2013J,392427,0,East Anglian Region,A Level or Equivalent,50-60%,35-55,0,60,0,Fail,9,1,1,0,1,1,1,1,0,0,0,0,0,0,1,4
FFF,2013J,392692,1,North Western Region,A Level or Equivalent,0-10%,35-55,3,180,0,Withdrawn,6,1,1,1,0,1,1,1,1,1,0,1,1,0,1,9
FFF,2013J,393526,1,London Region,Lower Than A Level,0-10%,0-35,0,60,1,Distinction,13,1,0,0,1,1,0,0,0,0,0,0,1,0,0,5
FFF,2013J,393698,0,South Region,Lower Than A Level,70-80%,0-35,0,60,0,Withdrawn,7,1,0,0,0,0,0,1,0,0,0,1,0,1,1,3
FFF,2013J,393827,1,London Region,A Level or Equivalent,30-40%,0-35,1,150,0,Pass,4,0,1,0,0,1,1,1,1,1,0,1,0,1,0,8
FFF,2013J,394218,0,North Region,A Level or Equivalent,20-Oct,35-55,1,60,0,Fail,8,1,0,1,0,1,1,1,1,0,0,1,1,0,0,3
FFF,2013J,394239,0,Scotland,A Level or Equivalent,0-10%,35-55,0,60,0,Pass,11,1,0,1,1,0,1,1,0,0,1,1,1,1,1,6
FFF,2013J,395107,1,East Anglian Region,Lower Than A Level,70-80%,0-35,0,180,0,Withdrawn,14,1,1,0,1,1,0,1,0,0,0,1,1,0,0,5
FFF,2013J,395373,0,North Region,A Level or Equivalent,,0-35,2,120,0,Pass,15,1,1,1,1,0,0,0,0,0,0,1,0,0,0,10
FFF,2013J,395696,0,North Western Region,Lower Than A Level,20-30%,0-35,0,60,0,Pass,7,1,0,0,0,1,0,1,1,0,0,1,0,0,0,3
FFF,2013J,395814,0,North Western Region,A Level or Equivalent,40-50%,0-35,0,120,0,Withdrawn,8,1,0,0,0,0,1,1,1,0,0,0,0,1,0,3
FFF,2013J,396502,0,South East Region,A Level or Equivalent,60-70%,0-35,1,60,0,Pass,7,0,1,1,0,1,0,0,0,1,0,1,1,0,0,3
FFF,2013J,397292,1,North Western Region,Lower Than A Level,0-10%,0-35,0,60,0,Withdrawn,1,0,0,1,0,0,1,0,1,0,1,0,1,1,0,2
FFF,2013J,397470,0,West Midlands Region,A Level or Equivalent,0-10%,0-35,0,60,0,Pass,11,1,1,1,0,1,1,1,1,1,0,1,1,1,0,6
FFF,2013J,397506,1,South Region,Lower Than A Level,90-100%,0-35,0,120,0,Pass,14,1,0,0,1,0,1,0,0,0,1,1,1,0,1,5
FFF,2013J,399863,0,West Midlands Region,A Level or Equivalent,30-40%,0-35,0,270,0,Withdrawn,9,0,0,1,0,0,0,0,0,0,0,1,0,1,1,4
FFF,2013J,400145,0,Scotland,A Level or Equivalent,80-90%,0-35,1,90,0,Pass,6,0,1,0,0,0,0,0,1,0,1,1,1,1,0,9
FFF,2013J,400266,0,London Region,A Level or Equivalent,20-30%,0-35,3,90,0,Pass,3,1,1,0,1,0,1,0,0,0,0,1,1,0,0,8
FFF,2013J,401824,0,Wales,Lower Than A Level,0-10%,0-35,2,60,0,Fail,15,1,0,1,1,0,0,1,0,0,0,1,1,0,1,10
FFF,2013J,401866,0,East Midlands Region,Lower Than A Level,90-100%,0-35,0,180,0,Withdrawn,7,1,1,1,0,0,1,1,0,0,0,0,1,0,0,3
FFF,2013J,402458,1,Ireland,A Level or Equivalent,30-40%,0-35,1,60,0,Withdrawn,13,1,0,0,0,1,0,0,0,1,0,1,1,1,0,5
FFF,2013J,402662,0,East Anglian Region,A Level or Equivalent,80-90%,0-35,0,60,1,Pass,4,1,0,1,0,1,1,0,0,0,0,0,0,0,1,8
FFF,2013J,404536,0,Wales,A Level or Equivalent,50-60%,0-35,0,60,0,Pass,2,0,1,1,1,1,0,1,1,0,1,1,1,0,0,2
FFF,2013J,404631,1,Wales,Lower Than A Level,50-60%,35-55,0,60,0,Pass,15,0,0,1,1,0,1,1,0,0,0,1,1,1,1,10
FFF,2013J,405314,0,North Western Region,A Level or Equivalent,60-70%,0-35,1,120,0,Fail,9,1,0,0,0,0,1,0,0,1,1,1,0,0,1,4
FFF,2013J,406254,0,East Midlands Region,Lower Than A Level,30-40%,0-35,0,60,0,Pass,8,0,1,0,0,0,0,1,1,1,0,1,0,0,0,3
FFF,2013J,409040,0,East Anglian Region,Lower Than A Level,20-30%,0-35,1,90,0,Pass,14,0,1,0,1,1,1,0,0,0,1,1,1,0,0,5
FFF,2013J,409276,1,Wales,Lower Than A Level,30-40%,0-35,0,180,0,Fail,1,1,0,0,1,1,1,1,0,1,0,1,0,0,1,2
FFF,2013J,410666,0,West Midlands Region,A Level or Equivalent,20-30%,0-35,2,120,0,Withdrawn,16,0,1,0,1,1,1,1,0,0,1,0,0,0,0,10
FFF,2013J,410838,1,East Midlands Region,A Level or Equivalent,20-Oct,0-35,0,60,1,Pass,5,0,0,1,0,1,0,1,0,0,1,1,0,0,0,9
FFF,2013J,411939,0,South Region,A Level or Equivalent,40-50%,35-55,1,180,0,Withdrawn,16,1,1,0,0,1,1,0,0,0,0,1,0,1,0,10
FFF,2013J,412697,0,North Region,A Level or Equivalent,80-90%,0-35,2,210,0,Pass,4,1,0,1,1,1,1,0,1,1,1,1,1,1,0,8
FFF,2013J,413137,0,West Midlands Region,HE Qualification,20-30%,35-55,0,60,0,Withdrawn,8,1,0,0,0,1,1,0,0,1,0,1,0,1,1,3
FFF,2013J,413259,1,Scotland,A Level or Equivalent,80-90%,35-55,3,240,0,Withdrawn,9,1,0,0,0,1,1,0,0,1,1,1,1,0,1,4
FFF,2013J,413747,0,Ireland,Lower Than A Level,90-100%,35-55,0,60,0,Fail,7,1,1,1,1,1,1,0,1,0,0,1,1,1,0,3
FFF,2013J,413950,0,North Region,Lower Than A Level,,0-35,1,60,0,Fail,6,0,0,1,1,1,1,0,1,0,0,1,1,1,1,9
FFF,2013J,415724,0,Wales,HE Qualification,80-90%,35-55,0,90,0,Withdrawn,2,1,0,1,1,1,1,0,1,1,1,0,1,1,0,2
FFF,2013J,416304,0,East Anglian Region,HE Qualification,60-70%,0-35,0,120,0,Pass,9,1,1,0,1,0,1,0,0,1,1,1,0,0,1,4
FFF,2013J,416426,0,East Anglian Region,HE Qualification,20-Oct,0-35,0,120,0,Withdrawn,2,1,0,0,1,1,0,1,1,1,0,1,1,1,0,2
FFF,2013J,416696,1,Scotland,HE Qualification,20-30%,0-35,1,60,0,Withdrawn,1,1,1,0,1,0,0,0,1,0,1,0,1,1,0,2
FFF,2013J,417135,1,North Region,A Level or Equivalent,,35-55,1,60,0,Fail,14,0,1,0,1,1,0,1,0,0,1,0,0,1,1,5
FFF,2013J,417414,0,London Region,HE Qualification,30-40%,0-35,1,90,0,Pass,3,0,0,1,0,1,1,1,0,0,0,1,1,1,1,8
FFF,2013J,417663,0,Yorkshire Region,A Level or Equivalent,0-10%,35-55,0,60,0,Pass,6,0,1,0,0,0,1,1,1,0,1,0,0,0,0,9
FFF,2013J,418007,1,South Region,HE Qualification,90-100%,0-35,0,60,0,Distinction,11,0,1,0,0,0,1,1,1,0,0,1,0,1,1,6
FFF,2013J,418129,0,London Region,Lower Than A Level,20-Oct,0-35,0,120,0,Withdrawn,4,0,1,1,1,1,0,1,1,1,0,1,0,1,1,8
FFF,2013J,418340,1,Scotland,HE Qualification,20-30%,0-35,0,60,0,Fail,3,0,0,0,1,0,1,0,0,0,1,0,1,1,1,8
FFF,2013J,419024,1,Ireland,A Level or Equivalent,0-10%,0-35,0,60,0,Pass,14,1,1,1,1,1,0,1,1,0,1,1,1,0,0,5
FFF,2013J,419565,0,East Anglian Region,Lower Than A Level,20-Oct,35-55,1,180,0,Fail,9,1,0,1,0,1,0,0,0,0,0,1,0,1,0,4
FFF,2013J,419990,0,North Western Region,A Level or Equivalent,90-100%,0-35,0,60,0,Pass,2,0,1,0,0,0,0,0,0,1,0,1,1,0,1,2
FFF,2013J,420867,0,Ireland,Lower Than A Level,,35-55,0,240,0,Pass,12,0,0,1,1,1,0,1,0,1,0,0,0,1,1,7
FFF,2013J,421070,1,Scotland,HE Qualification,50-60%,35-55,0,120,0,Withdrawn,13,1,1,0,0,1,0,1,1,0,0,1,0,0,0,5
FFF,2013J,422006,1,London Region,Lower Than A Level,50-60%,0-35,0,120,0,Pass,6,1,0,1,0,1,1,0,1,0,0,1,1,1,1,9
FFF,2013J,423544,0,Scotland,HE Qualification,0-10%,35-55,0,60,0,Withdrawn,9,0,0,0,0,1,1,0,0,0,0,1,0,1,0,4
FFF,2013J,424069,1,Wales,Lower Than A Level,40-50%,0-35,0,120,0,Withdrawn,8,1,0,1,0,0,1,0,1,0,0,1,0,1,0,3
FFF,2013J,424171,0,South Region,A Level or Equivalent,60-70%,0-35,0,90,0,Pass,3,1,1,0,0,1,0,0,1,0,1,1,1,0,0,8
FFF,2013J,424437,1,London Region,A Level or Equivalent,40-50%,0-35,0,120,0,Pass,2,1,0,1,1,0,1,0,1,0,0,0,1,1,1,2
FFF,2013J,425218,0,East Anglian Region,HE Qualification,90-100%,0-35,0,60,0,Fail,1,1,1,0,0,1,1,0,0,0,0,0,1,0,0,2
FFF,2013J,426137,0,South West Region,A Level or Equivalent,40-50%,0-35,0,120,0,Withdrawn,2,1,0,1,1,0,1,0,1,1,0,1,1,0,1,2
FFF,2013J,426768,0,South Region,HE Qualification,90-100%,0-35,0,60,0,Withdrawn,8,1,0,0,0,0,0,0,0,0,1,0,1,0,1,3
FFF,2013J,427802,1,South East Region,A Level or Equivalent,40-50%,0-35,0,150,1,Pass,12,0,1,1,1,0,0,1,0,1,0,1,0,1,0,7
FFF,2013J,428195,0,Wales,Lower Than A Level,70-80%,0-35,1,60,0,Fail,15,0,1,1,1,1,0,0,1,1,1,0,1,0,0,10
FFF,2013J,429194,0,London Region,HE Qualification,20-Oct,35-55,1,60,0,Withdrawn,14,0,1,1,1,0,0,1,1,1,1,1,0,1,1,5
FFF,2013J,429832,0,Ireland,HE Qualification,,0-35,1,60,0,Fail,15,0,1,1,1,1,0,0,0,1,0,0,1,0,1,10
FFF,2013J,432336,0,North Western Region,Lower Than A Level,0-10%,0-35,0,120,0,Fail,10,1,0,0,0,1,0,0,1,1,1,0,1,0,0,1
FFF,2013J,432474,1,London Region,A Level or Equivalent,20-Oct,0-35,0,60,0,Fail,8,1,0,0,1,1,0,0,0,1,1,1,0,0,0,3
FFF,2013J,432592,0,South East Region,A Level or Equivalent,40-50%,0-35,0,90,0,Distinction,6,1,0,1,1,1,0,1,0,0,0,1,0,1,0,9
FFF,2013J,432703,0,East Midlands Region,A Level or Equivalent,90-100%,0-35,0,60,0,Pass,16,1,1,0,1,1,1,1,1,0,0,0,1,0,1,10
FFF,2013J,434617,0,Wales,Lower Than A Level,40-50%,0-35,1,120,0,Fail,12,1,0,0,0,1,0,0,0,1,1,1,1,0,0,7
FFF,2013J,436044,0,North Region,A Level or Equivalent,30-40%,0-35,1,180,0,Fail,7,0,1,0,0,0,1,1,1,1,0,1,1,0,0,3
FFF,2013J,438063,0,Wales,A Level or Equivalent,20-30%,35-55,1,60,1,Withdrawn,12,0,1,0,1,0,0,0,0,0,0,1,1,0,0,7
FFF,2013J,438313,0,West Midlands Region,A Level or Equivalent,20-30%,0-35,0,180,0,Fail,11,1,1,0,0,0,0,1,1,0,1,0,1,0,0,6
FFF,2013J,438644,1,North Region,A Level or Equivalent,,35-55,2,60,0,Withdrawn,1,1,1,1,1,1,0,0,0,0,1,1,1,0,1,2
FFF,2013J,439053,0,South West Region,Lower Than A Level,20-30%,0-35,0,120,0,Withdrawn,15,1,0,1,1,0,1,1,1,0,0,1,1,1,1,10
FFF,2013J,439203,1,Wales,Lower Than A Level,20-Oct,35-55,0,90,0,Fail,7,0,0,1,1,1,0,1,1,1,1,1,0,1,1,3
FFF,2013J,440851,0,Scotland,Lower Than A Level,30-40%,0-35,3,60,0,Fail,15,0,0,0,0,0,1,1,1,1,1,0,0,0,0,10
FFF,2013J,441606,0,East Midlands Region,Lower Than A Level,20-Oct,0-35,2,120,0,Fail,1,0,0,1,0,1,1,1,1,1,1,1,1,1,1,2
FFF,2013J,442432,0,South West Region,Lower Than A Level,20-Oct,0-35,2,100,0,Fail,12,1,1,1,1,0,0,1,1,1,0,0,1,1,0,7
FFF,2013J,442670,0,South East Region,Lower Than A Level,20-Oct,0-35,2,120,0,Withdrawn,5,0,1,0,1,1,1,0,0,1,1,0,0,0,1,9
FFF,2013J,443300,0,South West Region,Lower Than A Level,80-90%,0-35,0,120,0,Withdrawn,6,1,0,1,1,0,1,0,1,0,0,1,1,1,0,9
FFF,2013J,443753,0,Scotland,HE Qualification,0-10%,35-55,1,60,0,Fail,16,0,1,0,1,0,1,1,0,1,1,1,1,1,1,10
FFF,2013J,443954,0,Wales,A Level or Equivalent,70-80%,0-35,0,60,0,Withdrawn,13,1,0,1,0,0,1,1,1,0,1,0,1,1,0,5
FFF,2013J,444266,0,South West Region,A Level or Equivalent,70-80%,0-35,1,60,0,Pass,8,0,1,1,0,1,0,0,0,0,0,1,0,0,1,3
FFF,2013J,444619,0,South Region,A Level or Equivalent,50-60%,35-55,0,90,0,Withdrawn,4,0,0,1,1,0,1,1,1,0,1,1,1,1,0,8
FFF,2013J,444697,0,South East Region,Lower Than A Level,20-30%,0-35,0,120,0,Pass,2,0,0,0,1,0,1,1,0,1,0,0,0,1,0,2
FFF,2013J,444856,0,South Region,Lower Than A Level,20-30%,0-35,0,60,0,Fail,1,1,1,1,1,1,1,0,1,0,0,0,1,1,0,2
FFF,2013J,445410,0,South East Region,A Level or Equivalent,50-60%,0-35,0,60,0,Pass,11,1,0,0,1,0,0,1,0,0,0,1,0,1,0,6
FFF,2013J,445728,1,West Midlands Region,Lower Than A Level,0-10%,0-35,0,120,1,Withdrawn,1,0,1,0,0,1,1,0,1,0,1,0,1,1,0,2
FFF,2013J,445776,0,North Western Region,A Level or Equivalent,40-50%,0-35,0,60,0,Pass,12,0,0,1,1,1,0,0,1,1,0,1,0,1,1,7
FFF,2013J,446628,0,North Western Region,Lower Than A Level,80-90%,0-35,0,90,0,Pass,5,0,0,1,1,1,1,1,0,1,0,1,1,0,0,9
FFF,2013J,446746,0,Yorkshire Region,Lower Than A Level,20-Oct,0-35,1,60,0,Withdrawn,9,1,0,1,0,0,0,0,0,1,0,1,0,1,1,4
FFF,2013J,447374,0,South West Region,HE Qualification,50-60%,35-55,0,60,0,Withdrawn,9,0,1,0,0,1,1,0,0,0,0,0,0,0,0,4
FFF,2013J,447459,1,Wales,Lower Than A Level,70-80%,0-35,0,270,0,Fail,12,1,1,1,0,0,1,1,0,0,1,0,1,0,1,7
FFF,2013J,464522,0,East Anglian Region,Lower Than A Level,50-60%,0-35,0,60,1,Withdrawn,3,0,0,0,1,0,1,0,0,0,1,0,0,1,1,8
FFF,2013J,464616,0,London Region,A Level or Equivalent,30-40%,0-35,1,90,0,Pass,16,1,1,1,1,1,0,0,1,1,1,1,0,0,1,10
FFF,2013J,464981,0,Scotland,HE Qualification,80-90%,35-55,0,60,0,Distinction,4,0,1,1,0,0,1,0,0,0,0,0,1,0,0,8
FFF,2013J,465009,0,North Region,A Level or Equivalent,,35-55,1,90,0,Withdrawn,7,0,1,0,0,0,0,0,0,1,0,0,1,1,1,3
FFF,2013J,465893,0,Yorkshire Region,A Level or Equivalent,0-10%,0-35,0,60,0,Distinction,15,1,0,1,1,0,0,0,1,0,1,0,1,1,0,10
FFF,2013J,465900,0,Wales,A Level or Equivalent,20-30%,0-35,0,60,0,Pass,10,0,0,1,0,1,1,0,0,0,0,1,0,0,0,1
FFF,2013J,466425,0,Ireland,HE Qualification,70-80%,0-35,0,150,0,Fail,8,1,1,0,0,1,1,0,1,0,1,0,0,1,1,3
FFF,2013J,466807,0,Ireland,Lower Than A Level,90-100%,0-35,0,90,0,Withdrawn,11,1,1,1,1,1,1,1,1,0,0,0,0,1,1,6
FFF,2013J,467243,1,North Region,A Level or Equivalent,20-30%,0-35,2,120,0,Fail,10,1,1,1,1,0,0,1,1,0,1,0,0,1,1,1
FFF,2013J,467291,0,West Midlands Region,A Level or Equivalent,0-10%,0-35,0,120,0,Withdrawn,5,1,1,1,0,0,1,1,0,0,1,1,0,1,1,9
FFF,2013J,467504,0,Ireland,A Level or Equivalent,70-80%,35-55,0,120,0,Pass,13,0,0,1,0,1,0,1,0,1,0,1,1,0,1,5
FFF,2013J,467524,0,Scotland,A Level or Equivalent,90-100%,35-55,0,60,0,Pass,1,1,1,1,1,0,0,1,1,1,1,0,1,1,1,2
FFF,2013J,467685,0,Scotland,Lower Than A Level,60-70%,0-35,0,60,0,Fail,13,0,0,1,1,1,1,1,0,0,0,0,0,0,1,5
FFF,2013J,467901,0,West Midlands Region,A Level or Equivalent,70-80%,0-35,0,120,0,Fail,10,0,1,1,0,0,0,1,1,1,1,0,0,0,0,1
FFF,2013J,468947,0,East Anglian Region,A Level or Equivalent,20-30%,0-35,0,60,0,Withdrawn,7,0,0,1,1,1,1,0,0,1,1,0,1,1,0,3
FFF,2013J,470001,0,West Midlands Region,Lower Than A Level,90-100%,0-35,0,90,0,Distinction,8,1,1,1,0,0,1,0,1,0,1,1,1,0,0,3
FFF,2013J,470037,1,North Region,No Formal quals,,0-35,0,150,0,Withdrawn,1,1,1,0,0,0,0,0,1,1,1,0,0,1,0,2
FFF,2013J,470461,0,Scotland,Lower Than A Level,40-50%,0-35,0,60,0,Fail,9,0,0,1,1,0,1,1,0,0,0,1,1,1,0,4
FFF,2013J,470870,1,West Midlands Region,A Level or Equivalent,30-40%,0-35,0,90,0,Fail,2,0,0,0,0,0,0,1,1,0,1,0,0,1,1,2
FFF,2013J,471973,0,London Region,Lower Than A Level,60-70%,35-55,0,60,0,Pass,7,0,0,1,0,0,1,1,0,1,0,0,0,1,0,3
FFF,2013J,473081,1,Scotland,Lower Than A Level,70-80%,35-55,1,180,0,Withdrawn,10,0,0,0,0,0,1,0,1,0,0,1,0,1,1,1
FFF,2013J,473491,0,North Region,Lower Than A Level,,0-35,1,60,0,Pass,11,0,0,1,1,0,0,0,0,1,1,1,1,1,0,6
FFF,2013J,473896,0,North Western Region,A Level or Equivalent,20-30%,35-55,1,60,1,Fail,4,0,0,0,1,0,0,1,0,0,0,1,1,1,0,8
FFF,2013J,474126,0,East Anglian Region,Lower Than A Level,20-30%,0-35,0,120,0,Pass,12,0,1,1,1,1,1,1,0,0,1,1,1,0,0,7
FFF,2013J,474949,0,London Region,A Level or Equivalent,40-50%,0-35,0,60,0,Pass,16,0,1,1,0,1,0,0,1,0,0,1,1,0,0,10
FFF,2013J,475253,0,West Midlands Region,A Level or Equivalent,60-70%,0-35,1,90,0,Pass,15,0,1,1,0,1,0,1,0,0,1,1,0,0,0,10
FFF,2013J,475699,0,South Region,A Level or Equivalent,70-80%,0-35,0,90,0,Withdrawn,15,0,1,1,0,1,0,1,0,0,1,1,0,0,0,10
FFF,2013J,476520,0,South East Region,Lower Than A Level,30-40%,0-35,0,90,1,Pass,11,1,0,1,1,1,0,0,1,1,1,1,1,1,0,6
FFF,2013J,478332,0,Yorkshire Region,A Level or Equivalent,0-10%,0-35,0,120,0,Pass,8,0,1,1,1,1,1,0,0,1,0,0,0,1,0,3
FFF,2013J,478583,1,London Region,A Level or Equivalent,20-30%,0-35,0,70,0,Fail,13,0,1,1,0,0,0,1,1,1,0,1,0,0,0,5
FFF,2013J,479828,0,East Midlands Region,A Level or Equivalent,90-100%,0-35,2,150,0,Pass,9,1,1,0,1,1,0,1,1,1,1,0,0,1,1,4
FFF,2013J,479845,0,Yorkshire Region,A Level or Equivalent,50-60%,0-35,0,120,0,Pass,14,0,1,0,0,0,1,1,1,0,1,0,0,0,1,5
FFF,2013J,480025,0,East Midlands Region,A Level or Equivalent,80-90%,0-35,0,60,0,Fail,9,0,1,0,0,1,0,0,1,0,1,0,1,0,0,4
FFF,2013J,480910,0,Scotland,A Level or Equivalent,0-10%,0-35,1,60,0,Withdrawn,5,1,1,0,1,1,0,1,1,0,1,1,1,0,1,9
FFF,2013J,481092,1,East Anglian Region,A Level or Equivalent,60-70%,0-35,0,240,1,Withdrawn,7,0,0,1,0,1,0,1,1,0,0,0,1,1,1,3
FFF,2013J,481314,0,London Region,A Level or Equivalent,30-40%,0-35,1,90,0,Pass,7,1,1,0,0,0,0,0,1,0,0,1,0,1,0,3
FFF,2013J,482554,0,Scotland,Lower Than A Level,60-70%,0-35,0,60,0,Withdrawn,4,0,0,0,1,1,0,1,0,1,1,0,0,1,0,8
FFF,2013J,482580,0,North Western Region,Lower Than A Level,0-10%,0-35,0,120,1,Withdrawn,8,0,0,0,0,1,1,1,1,0,1,1,1,0,0,3
FFF,2013J,483626,0,East Midlands Region,A Level or Equivalent,20-30%,0-35,1,120,0,Pass,8,1,0,1,0,0,0,0,0,0,1,0,1,0,1,3
FFF,2013J,483724,0,Wales,A Level or Equivalent,20-Oct,0-35,1,60,0,Fail,8,0,0,0,1,1,1,1,0,1,1,0,0,0,1,3
FFF,2013J,484125,0,Ireland,Lower Than A Level,20-Oct,0-35,1,120,0,Fail,16,1,0,0,0,0,1,0,1,0,1,0,1,0,1,10
FFF,2013J,484242,0,Wales,A Level or Equivalent,50-60%,0-35,1,120,0,Fail,5,1,1,0,1,0,0,0,1,1,0,0,1,0,1,9
FFF,2013J,484312,0,London Region,A Level or Equivalent,0-10%,0-35,1,90,0,Fail,5,1,1,1,1,1,0,1,0,0,0,1,1,0,1,9
FFF,2013J,484475,0,North Region,A Level or Equivalent,0-10%,0-35,0,60,0,Withdrawn,1,0,0,0,0,0,0,1,1,1,1,1,0,0,1,2
FFF,2013J,484574,1,Scotland,Lower Than A Level,50-60%,0-35,0,60,0,Fail,12,1,1,0,1,0,1,0,1,1,0,1,0,0,1,7
FFF,2013J,485671,0,East Anglian Region,Lower Than A Level,50-60%,0-35,1,150,1,Pass,8,1,0,1,0,0,0,1,0,0,1,0,1,1,1,3
FFF,2013J,485885,0,East Midlands Region,A Level or Equivalent,30-40%,0-35,0,90,0,Pass,6,1,0,1,1,1,0,1,0,1,1,0,0,0,0,9
FFF,2013J,486473,1,West Midlands Region,A Level or Equivalent,60-70%,0-35,1,60,0,Withdrawn,8,1,1,1,1,0,1,0,0,1,0,1,0,0,1,3
FFF,2013J,486511,0,Ireland,Lower Than A Level,20-30%,0-35,0,60,0,Pass,3,1,1,0,0,1,1,1,0,0,1,1,1,1,1,8
FFF,2013J,486551,0,South Region,A Level or Equivalent,50-60%,0-35,0,60,0,Pass,1,0,0,1,1,1,1,0,1,0,0,1,0,1,0,2
FFF,2013J,486948,0,South West Region,HE Qualification,70-80%,0-35,1,60,0,Fail,11,0,0,0,1,0,0,0,1,0,1,0,0,1,1,6
FFF,2013J,487002,1,South East Region,A Level or Equivalent,20-30%,0-35,0,180,0,Withdrawn,8,1,1,0,0,0,1,0,0,1,1,1,0,1,1,3
FFF,2013J,488136,0,South Region,Lower Than A Level,80-90%,0-35,1,120,0,Withdrawn,3,0,1,0,1,1,0,1,1,1,0,1,0,0,1,8
FFF,2013J,488324,0,London Region,A Level or Equivalent,20-30%,35-55,0,120,0,Fail,16,1,0,1,0,0,1,0,0,0,1,0,1,0,0,10
FFF,2013J,488394,0,East Anglian Region,Lower Than A Level,30-40%,35-55,0,60,0,Pass,16,0,0,1,1,1,0,0,0,0,1,1,1,0,0,10
FFF,2013J,489087,0,Scotland,Lower Than A Level,30-40%,0-35,0,60,0,Pass,7,1,1,0,0,1,0,0,0,1,0,1,0,1,1,3
FFF,2013J,489146,1,South West Region,Lower Than A Level,30-40%,0-35,1,60,0,Fail,2,1,1,0,0,0,0,0,1,0,1,0,1,0,0,2
FFF,2013J,489560,0,South Region,A Level or Equivalent,90-100%,0-35,0,150,0,Pass,9,0,1,1,0,0,1,0,0,0,1,0,1,0,0,4
FFF,2013J,490449,0,West Midlands Region,No Formal quals,30-40%,0-35,0,60,0,Pass,10,1,0,0,1,1,0,1,0,1,0,1,1,1,1,1
FFF,2013J,490505,0,South Region,HE Qualification,90-100%,35-55,0,100,0,Distinction,16,1,0,0,1,0,1,1,1,1,0,1,0,1,1,10
FFF,2013J,491011,0,South East Region,A Level or Equivalent,30-40%,0-35,1,120,1,Withdrawn,10,1,1,0,0,1,1,1,0,1,0,0,1,1,0,1
FFF,2013J,491606,0,West Midlands Region,A Level or Equivalent,60-70%,0-35,0,60,0,Pass,13,1,0,1,1,1,0,0,0,1,1,0,0,0,1,5
FFF,2013J,491688,0,South East Region,Lower Than A Level,30-40%,0-35,0,210,1,Withdrawn,10,0,1,1,1,1,1,0,1,0,0,1,1,1,0,1
FFF,2013J,491756,0,West Midlands Region,Lower Than A Level,60-70%,0-35,1,90,1,Withdrawn,12,1,1,0,1,1,1,1,1,0,1,0,1,1,0,7
FFF,2013J,492557,0,North Western Region,Lower Than A Level,20-Oct,0-35,1,60,0,Withdrawn,13,0,0,0,0,0,0,1,0,1,1,0,1,1,0,5
FFF,2013J,492851,0,South West Region,Lower Than A Level,30-40%,0-35,0,120,0,Pass,3,0,0,0,1,0,0,0,0,0,0,0,1,1,1,8
FFF,2013J,493067,0,London Region,HE Qualification,70-80%,0-35,1,60,0,Withdrawn,13,1,0,1,0,1,0,1,0,0,1,0,0,0,0,5
FFF,2013J,493539,0,East Midlands Region,Lower Than A Level,50-60%,0-35,0,60,0,Pass,2,1,0,1,0,0,0,1,0,1,1,1,0,0,0,2
FFF,2013J,494046,0,Yorkshire Region,Lower Than A Level,50-60%,35-55,0,150,0,Withdrawn,9,1,1,0,0,1,0,0,1,0,1,1,1,1,0,4
FFF,2013J,494143,0,South West Region,Lower Than A Level,40-50%,35-55,1,60,1,Fail,7,1,1,0,1,0,0,0,0,0,1,0,0,1,1,3
FFF,2013J,494191,0,East Anglian Region,A Level or Equivalent,90-100%,0-35,0,60,0,Withdrawn,4,0,0,1,1,1,1,1,1,1,0,0,1,0,1,8
FFF,2013J,494335,0,Yorkshire Region,Lower Than A Level,20-30%,0-35,1,180,1,Withdrawn,3,0,1,1,1,0,0,1,0,0,1,0,0,0,1,8
FFF,2013J,494414,0,West Midlands Region,HE Qualification,30-40%,35-55,0,90,0,Withdrawn,12,1,0,1,1,0,0,1,0,1,0,1,0,0,0,7
FFF,2013J,494495,0,East Midlands Region,A Level or Equivalent,50-60%,0-35,0,180,0,Pass,10,1,1,0,1,0,0,1,0,0,1,1,0,1,0,1
FFF,2013J,494975,0,East Anglian Region,Lower Than A Level,90-100%,0-35,0,60,1,Withdrawn,15,0,1,1,1,1,0,1,0,0,1,0,1,0,1,10
FFF,2013J,495948,0,North Western Region,Lower Than A Level,50-60%,0-35,0,60,0,Fail,8,1,0,1,1,0,1,1,1,1,0,0,1,0,0,3
FFF,2013J,496801,0,London Region,Lower Than A Level,40-50%,0-35,0,60,0,Fail,6,1,1,1,1,1,1,0,1,1,1,1,0,1,0,9
FFF,2013J,496981,1,East Anglian Region,Lower Than A Level,30-40%,0-35,1,120,0,Withdrawn,1,0,0,1,1,0,1,0,0,1,1,0,0,1,0,2
FFF,2013J,497349,0,Scotland,A Level or Equivalent,70-80%,0-35,1,60,1,Fail,6,1,1,1,0,1,0,0,1,1,1,0,1,0,0,9
FFF,2013J,498031,1,South Region,A Level or Equivalent,80-90%,35-55,0,90,0,Pass,1,0,1,1,1,0,0,0,0,1,1,1,0,0,0,2
FFF,2013J,498898,1,South Region,Lower Than A Level,50-60%,0-35,0,120,0,Withdrawn,2,1,0,0,0,1,0,1,1,1,0,0,0,0,1,2
FFF,2013J,498972,0,South Region,A Level or Equivalent,70-80%,0-35,1,120,0,Fail,16,1,1,1,1,1,1,0,0,0,0,1,0,1,0,10
FFF,2013J,499386,0,South Region,No Formal quals,50-60%,0-35,1,60,0,Pass,4,1,1,1,1,1,0,0,1,1,1,1,0,1,1,8
FFF,2013J,499564,0,South Region,Lower Than A Level,90-100%,35-55,0,60,0,Pass,13,0,1,1,1,0,1,1,1,1,0,0,1,1,1,5
FFF,2013J,499768,1,Yorkshire Region,HE Qualification,40-50%,35-55,0,60,0,Withdrawn,2,0,1,0,0,0,1,0,0,1,1,0,0,0,1,2
FFF,2013J,500067,0,Scotland,HE Qualification,0-10%,35-55,1,60,0,Fail,16,0,1,0,1,1,1,0,0,1,0,1,0,1,1,10
FFF,2013J,500099,0,North Region,A Level or Equivalent,0-10%,0-35,1,120,0,Withdrawn,7,0,1,1,1,0,1,1,0,1,1,0,0,1,1,3
FFF,2013J,500137,1,South Region,Lower Than A Level,50-60%,0-35,1,150,1,Withdrawn,10,0,1,1,1,1,0,1,1,1,1,1,1,1,1,1
FFF,2013J,500772,0,East Anglian Region,A Level or Equivalent,90-100%,0-35,0,60,0,Pass,13,0,0,0,1,1,1,1,0,0,0,0,1,1,0,5
FFF,2013J,501336,0,Wales,A Level or Equivalent,80-90%,0-35,1,120,0,Pass,12,1,0,0,1,1,1,1,1,1,0,0,0,1,1,7
FFF,2013J,501425,1,Wales,Lower Than A Level,40-50%,0-35,0,60,0,Pass,14,0,1,0,0,0,1,1,1,1,1,1,0,0,1,5
FFF,2013J,501871,0,North Western Region,Lower Than A Level,0-10%,35-55,0,60,0,Pass,4,1,1,1,1,1,0,1,0,1,0,1,1,0,0,8
FFF,2013J,501922,0,London Region,Lower Than A Level,0-10%,0-35,1,120,0,Fail,2,0,1,0,1,0,1,1,1,1,1,1,0,1,1,2
FFF,2013J,502249,0,East Anglian Region,A Level or Equivalent,40-50%,0-35,1,60,1,Pass,6,0,0,0,1,0,0,0,0,0,0,1,0,1,0,9
FFF,2013J,502361,0,West Midlands Region,Lower Than A Level,60-70%,0-35,1,90,0,Pass,5,0,1,0,1,0,1,1,0,1,1,0,0,1,0,9
FFF,2013J,502517,0,West Midlands Region,A Level or Equivalent,90-100%,0-35,2,60,0,Pass,15,0,0,0,1,0,0,1,0,1,1,1,1,1,0,10
FFF,2013J,502531,0,South Region,Lower Than A Level,50-60%,0-35,2,150,0,Fail,16,0,1,1,1,1,1,1,0,0,0,0,0,1,1,10
FFF,2013J,502696,0,South Region,A Level or Equivalent,80-90%,0-35,1,90,0,Withdrawn,16,0,1,0,0,1,0,0,0,0,1,1,0,1,1,10
FFF,2013J,502779,0,Ireland,A Level or Equivalent,80-90%,0-35,0,90,1,Withdrawn,10,0,1,1,0,1,1,1,0,1,0,1,1,0,1,1
FFF,2013J,503352,0,London Region,A Level or Equivalent,70-80%,35-55,0,120,0,Distinction,7,0,0,1,0,0,0,1,1,1,1,1,0,1,0,3
FFF,2013J,503401,0,South Region,Lower Than A Level,90-100%,0-35,0,130,0,Withdrawn,13,1,1,0,1,1,1,0,0,0,1,1,1,0,0,5
FFF,2013J,503477,0,East Midlands Region,A Level or Equivalent,80-90%,35-55,0,60,0,Pass,16,0,1,1,0,0,1,1,0,1,0,1,1,1,0,10
FFF,2013J,503684,0,East Anglian Region,Lower Than A Level,40-50%,35-55,0,60,0,Fail,1,1,1,1,1,1,1,0,1,0,1,0,1,1,1,2
FFF,2013J,503764,0,South East Region,Lower Than A Level,90-100%,35-55,0,60,0,Pass,14,0,1,0,0,1,1,1,0,0,1,1,0,0,1,5
FFF,2013J,504076,1,West Midlands Region,Lower Than A Level,20-30%,0-35,0,120,0,Pass,7,1,0,0,1,1,0,0,1,1,0,0,0,1,1,3
FFF,2013J,504105,0,Scotland,A Level or Equivalent,50-60%,0-35,0,60,0,Pass,15,1,0,0,1,0,1,0,1,0,0,0,0,0,0,10
FFF,2013J,504300,0,North Region,Lower Than A Level,,0-35,0,60,0,Withdrawn,3,0,1,1,1,1,1,0,0,0,1,1,1,1,1,8
FFF,2013J,504321,1,North Western Region,A Level or Equivalent,60-70%,0-35,0,60,0,Pass,12,0,0,1,1,0,0,1,0,0,0,0,0,0,0,7
FFF,2013J,504700,0,South West Region,A Level or Equivalent,20-30%,0-35,0,120,0,Withdrawn,4,1,0,1,0,0,0,0,0,0,0,0,0,0,0,8
FFF,2013J,504834,1,Wales,HE Qualification,30-40%,35-55,0,120,0,Withdrawn,8,1,0,0,0,0,0,0,0,0,0,1,1,0,1,3
FFF,2013J,504899,0,East Midlands Region,A Level or Equivalent,60-70%,0-35,0,180,0,Withdrawn,14,0,1,0,1,1,1,0,1,1,1,0,1,0,0,5
FFF,2013J,504956,0,Scotland,HE Qualification,30-40%,35-55,1,90,1,Fail,1,0,1,1,1,0,1,0,0,1,1,1,0,0,1,2
FFF,2013J,505047,0,East Anglian Region,HE Qualification,70-80%,0-35,0,60,0,Fail,4,1,0,1,0,0,1,1,1,1,1,1,1,0,1,8
FFF,2013J,505153,0,North Region,A Level or Equivalent,20-Oct,0-35,0,120,0,Withdrawn,7,0,1,0,0,1,0,0,1,1,1,1,0,1,0,3
FFF,2013J,505410,0,Wales,Lower Than A Level,70-80%,35-55,0,60,0,Pass,8,0,0,1,0,1,1,1,1,0,1,1,0,1,0,3
FFF,2013J,505501,1,London Region,Lower Than A Level,20-Oct,0-35,1,120,0,Withdrawn,15,1,0,0,0,1,0,1,0,1,0,0,0,1,0,10
FFF,2013J,506288,0,North Region,A Level or Equivalent,70-80%,0-35,0,120,0,Withdrawn,6,1,1,0,0,0,1,0,0,0,0,0,0,0,0,9
FFF,2013J,506289,0,South Region,Lower Than A Level,40-50%,0-35,1,60,0,Fail,10,0,0,0,1,0,0,1,0,1,0,1,1,0,0,1
FFF,2013J,506309,1,East Anglian Region,A Level or Equivalent,70-80%,0-35,0,120,0,Pass,14,0,0,0,0,0,0,0,1,0,0,0,1,1,1,5
FFF,2013J,506498,0,Scotland,A Level or Equivalent,0-10%,0-35,1,60,0,Withdrawn,9,0,1,1,1,1,0,0,1,1,0,0,0,1,0,4
FFF,2013J,506550,0,Wales,A Level or Equivalent,20-30%,0-35,0,60,0,Pass,4,1,0,0,0,1,1,1,0,1,1,0,0,1,1,8
FFF,2013J,506783,0,East Anglian Region,Lower Than A Level,60-70%,0-35,1,90,0,Fail,11,0,1,1,0,1,1,1,1,1,0,1,1,1,1,6
FFF,2013J,507010,0,North Region,A Level or Equivalent,40-50%,0-35,0,60,0,Pass,10,1,1,0,1,0,1,0,1,1,1,0,1,1,1,1
FFF,2013J,507084,1,North Western Region,Lower Than A Level,0-10%,0-35,1,60,0,Fail,9,0,0,1,0,0,0,1,1,0,1,1,1,1,1,4
FFF,2013J,507941,1,Yorkshire Region,A Level or Equivalent,70-80%,0-35,0,60,0,Distinction,7,0,0,1,1,1,0,1,1,1,1,1,1,1,0,3
FFF,2013J,508059,0,West Midlands Region,A Level or Equivalent,80-90%,0-35,1,90,0,Fail,15,1,1,0,1,1,0,0,1,0,1,0,0,0,0,10
FFF,2013J,508210,0,Wales,HE Qualification,80-90%,0-35,0,90,0,Pass,1,1,1,1,0,0,1,1,1,1,0,1,1,1,0,2
FFF,2013J,508232,0,South West Region,Lower Than A Level,20-Oct,0-35,1,60,0,Withdrawn,2,0,1,1,0,0,0,0,1,1,0,0,0,1,0,2
FFF,2013J,508274,1,Yorkshire Region,A Level or Equivalent,20-30%,0-35,1,120,0,Distinction,13,0,0,0,0,1,0,0,0,0,1,1,0,1,1,5
FFF,2013J,508295,1,East Anglian Region,A Level or Equivalent,70-80%,0-35,0,60,1,Fail,2,1,1,0,0,0,1,0,0,1,1,1,1,0,1,2
FFF,2013J,508326,0,London Region,Lower Than A Level,20-30%,0-35,0,60,0,Fail,7,0,0,1,1,1,1,1,0,0,0,0,1,1,1,3
FFF,2013J,508388,0,East Anglian Region,A Level or Equivalent,20-Oct,0-35,0,60,0,Pass,2,1,0,1,0,0,0,1,1,1,1,0,1,0,1,2
FFF,2013J,508469,0,Scotland,Lower Than A Level,60-70%,0-35,0,120,0,Withdrawn,9,1,1,1,1,1,0,1,0,1,0,0,1,1,1,4
FFF,2013J,508627,0,North Western Region,Lower Than A Level,30-40%,0-35,1,60,0,Fail,11,0,0,0,0,1,1,1,1,0,0,0,0,1,1,6
FFF,2013J,508630,1,East Anglian Region,Lower Than A Level,20-Oct,35-55,0,60,0,Fail,11,0,1,0,0,1,0,1,0,0,0,0,0,1,0,6
FFF,2013J,508713,0,North Western Region,Lower Than A Level,0-10%,0-35,0,120,0,Fail,10,0,0,0,1,0,1,0,1,0,0,0,1,0,1,1
FFF,2013J,508804,0,East Anglian Region,Lower Than A Level,70-80%,35-55,0,60,0,Pass,16,0,1,1,0,0,0,0,0,1,0,1,0,1,0,10
FFF,2013J,508942,0,South Region,Lower Than A Level,20-Oct,0-35,0,180,1,Fail,4,1,0,0,0,0,0,0,1,1,0,0,0,1,1,8
FFF,2013J,509407,0,Ireland,Lower Than A Level,60-70%,0-35,1,180,0,Withdrawn,14,1,0,1,1,1,1,1,0,1,0,0,1,0,1,5
FFF,2013J,509940,1,North Western Region,HE Qualification,0-10%,0-35,1,60,0,Withdrawn,6,1,1,0,1,0,1,1,0,0,1,1,0,1,0,9
FFF,2013J,510112,0,East Anglian Region,HE Qualification,70-80%,35-55,0,120,0,Withdrawn,14,1,1,1,1,0,1,0,0,0,0,0,1,1,0,5
FFF,2013J,510534,0,South West Region,A Level or Equivalent,70-80%,0-35,0,60,0,Pass,10,0,0,0,1,1,0,0,1,1,0,0,1,1,0,1
FFF,2013J,511432,0,Scotland,A Level or Equivalent,40-50%,0-35,1,270,0,Withdrawn,3,1,1,1,1,0,0,1,0,0,1,1,0,1,1,8
FFF,2013J,512123,0,East Anglian Region,Lower Than A Level,70-80%,0-35,1,60,0,Fail,6,1,1,1,1,0,1,1,0,0,1,0,0,1,1,9
FFF,2013J,512335,0,South West Region,A Level or Equivalent,70-80%,35-55,2,120,0,Withdrawn,1,1,1,0,1,0,0,0,0,1,0,0,0,0,0,2
FFF,2013J,512725,0,West Midlands Region,A Level or Equivalent,50-60%,0-35,1,120,0,Withdrawn,16,0,1,0,0,1,0,1,1,1,1,0,0,1,1,10
FFF,2013J,512859,0,West Midlands Region,A Level or Equivalent,40-50%,0-35,1,90,0,Fail,10,1,1,1,1,1,1,1,0,1,0,1,1,0,0,1
FFF,2013J,513228,0,North Western Region,Lower Than A Level,90-100%,0-35,1,90,0,Pass,1,1,0,0,1,0,0,0,0,0,1,1,0,1,1,2
FFF,2013J,513796,0,East Anglian Region,Lower Than A Level,20-30%,0-35,0,120,0,Withdrawn,10,1,1,1,0,0,0,0,0,0,0,0,0,1,0,1
FFF,2013J,514558,1,East Anglian Region,Lower Than A Level,70-80%,0-35,1,120,1,Fail,12,1,1,1,0,0,0,1,0,1,1,0,1,1,0,7
FFF,2013J,514913,0,Yorkshire Region,Lower Than A Level,20-30%,0-35,1,120,1,Fail,9,0,0,1,1,1,1,1,0,0,1,1,1,1,0,4
FFF,2013J,515285,0,South East Region,A Level or Equivalent,90-100%,0-35,0,60,0,Pass,5,1,1,0,0,0,1,0,1,1,1,1,1,1,0,9
FFF,2013J,515536,0,Scotland,A Level or Equivalent,50-60%,0-35,0,120,1,Fail,9,0,0,1,1,0,1,1,0,0,1,0,1,1,1,4
FFF,2013J,515574,0,South East Region,Lower Than A Level,60-70%,35-55,1,60,0,Fail,15,0,0,0,1,0,1,0,0,0,1,0,1,0,1,10
FFF,2013J,515833,0,South Region,A Level or Equivalent,50-60%,0-35,0,60,0,Pass,16,0,0,0,0,0,0,0,1,1,0,1,0,1,1,10
FFF,2013J,515857,0,East Midlands Region,Lower Than A Level,20-Oct,35-55,0,60,0,Pass,15,1,1,1,1,0,0,0,0,0,1,1,0,1,0,10
FFF,2013J,515859,0,East Midlands Region,Lower Than A Level,20-30%,0-35,0,60,0,Fail,4,0,0,1,1,1,1,1,0,1,1,1,0,1,1,8
FFF,2013J,515888,0,East Midlands Region,Lower Than A Level,90-100%,0-35,0,90,0,Pass,11,1,1,1,0,1,0,0,1,0,1,0,1,1,0,6
FFF,2013J,516095,1,Scotland,Lower Than A Level,30-40%,0-35,0,60,0,Pass,13,0,1,0,1,1,0,0,0,1,0,1,1,1,0,5
FFF,2013J,516620,0,South East Region,A Level or Equivalent,50-60%,0-35,0,60,0,Fail,14,0,0,1,0,1,0,1,0,1,0,1,1,0,1,5
FFF,2013J,516673,0,South Region,Lower Than A Level,90-100%,0-35,1,120,0,Withdrawn,14,0,1,1,1,0,1,0,0,0,1,0,1,1,0,5
FFF,2013J,516770,0,West Midlands Region,Lower Than A Level,0-10%,35-55,1,120,0,Withdrawn,3,0,0,1,0,0,1,1,0,0,0,0,0,1,0,8
FFF,2013J,517349,0,Yorkshire Region,A Level or Equivalent,50-60%,0-35,1,150,0,Pass,4,0,0,0,0,1,1,0,0,0,0,0,1,1,1,8
FFF,2013J,517481,0,Ireland,Post Graduate Qualification,,35-55,1,60,0,Fail,11,0,0,0,0,0,0,1,1,0,1,0,0,1,1,6
FFF,2013J,517571,0,South West Region,A Level or Equivalent,80-90%,35-55,1,60,0,Withdrawn,15,1,0,1,1,1,0,0,1,0,0,1,0,1,1,10
FFF,2013J,517731,1,South West Region,A Level or Equivalent,50-60%,0-35,0,150,0,Pass,16,1,0,0,1,1,1,0,0,1,0,0,0,0,1,10
FFF,2013J,518364,0,South Region,A Level or Equivalent,70-80%,0-35,0,60,0,Fail,7,1,0,0,0,1,1,1,1,1,1,0,0,1,1,3
FFF,2013J,518544,0,South Region,Lower Than A Level,80-90%,0-35,1,120,0,Pass,13,1,0,0,1,0,1,0,1,1,1,1,1,0,0,5
FFF,2013J,518930,0,North Western Region,Lower Than A Level,20-Oct,0-35,1,60,0,Fail,8,0,1,0,1,1,0,1,0,0,0,1,1,1,1,3
FFF,2013J,518937,0,East Midlands Region,Lower Than A Level,90-100%,0-35,0,60,0,Pass,6,0,1,0,0,1,0,1,1,0,1,0,1,1,1,9
FFF,2013J,520061,0,North Region,Lower Than A Level,,35-55,1,90,0,Fail,14,1,1,0,1,1,1,1,0,1,0,0,1,0,1,5
FFF,2013J,520249,1,Scotland,A Level or Equivalent,90-100%,0-35,0,60,0,Withdrawn,10,0,1,1,1,0,1,1,0,0,1,1,0,1,0,1
FFF,2013J,521109,0,South Region,Lower Than A Level,20-30%,0-35,2,60,0,Withdrawn,13,0,0,0,1,0,1,0,0,1,1,1,1,0,1,5
FFF,2013J,521255,0,London Region,Lower Than A Level,70-80%,0-35,0,120,0,Withdrawn,8,1,1,0,1,1,1,1,1,0,0,0,1,0,0,3
FFF,2013J,521329,0,West Midlands Region,Lower Than A Level,20-30%,0-35,1,60,0,Pass,7,0,1,1,0,0,0,1,1,0,1,0,1,1,0,3
FFF,2013J,521788,0,North Region,A Level or Equivalent,,0-35,1,90,0,Fail,14,1,1,1,1,0,1,0,1,1,1,1,1,0,1,5
FFF,2013J,522007,0,East Anglian Region,Lower Than A Level,20-30%,0-35,1,60,0,Fail,11,0,0,0,1,1,0,0,0,0,0,0,1,1,1,6
FFF,2013J,522082,1,North Western Region,A Level or Equivalent,0-10%,35-55,0,120,0,Withdrawn,2,1,1,0,1,0,0,0,1,1,1,0,1,1,0,2
FFF,2013J,522257,0,Yorkshire Region,Lower Than A Level,0-10%,0-35,1,60,0,Pass,3,0,1,1,0,0,0,1,0,1,0,1,0,0,0,8
FFF,2013J,522428,0,South West Region,Lower Than A Level,30-40%,0-35,1,60,0,Fail,6,0,1,0,0,1,1,0,1,0,0,0,0,1,0,9
FFF,2013J,522740,0,London Region,A Level or Equivalent,30-40%,0-35,0,90,0,Pass,13,0,0,1,0,0,1,1,0,0,1,0,0,1,1,5
FFF,2013J,522862,0,Wales,A Level or Equivalent,90-100%,0-35,2,60,0,Fail,9,1,1,1,0,1,1,0,0,1,1,1,0,0,1,4
FFF,2013J,522881,0,South East Region,A Level or Equivalent,30-40%,0-35,1,60,0,Fail,12,0,0,0,0,0,0,0,1,1,0,0,0,0,1,7
FFF,2013J,523599,0,Wales,A Level or Equivalent,20-Oct,35-55,1,120,0,Pass,9,0,1,1,1,1,1,1,1,0,0,1,1,1,0,4
FFF,2013J,523680,0,East Anglian Region,A Level or Equivalent,50-60%,35-55,0,60,0,Pass,10,1,1,1,1,0,0,0,0,1,0,0,1,0,0,1
FFF,2013J,523777,0,North Region,A Level or Equivalent,0-10%,35-55,1,60,0,Fail,4,1,0,0,0,0,0,0,1,1,0,0,1,0,1,8
FFF,2013J,523971,0,London Region,A Level or Equivalent,20-Oct,0-35,1,60,0,Fail,2,1,0,1,0,1,0,0,0,1,0,1,0,0,0,2
FFF,2013J,524232,0,London Region,Lower Than A Level,0-10%,35-55,1,60,0,Withdrawn,15,1,1,1,0,1,0,1,1,1,1,0,1,0,1,10
FFF,2013J,524379,1,London Region,Lower Than A Level,80-90%,0-35,0,210,0,Withdrawn,4,1,0,0,1,1,0,0,0,1,0,0,0,1,1,8
FFF,2013J,524384,0,Yorkshire Region,Lower Than A Level,0-10%,35-55,0,60,0,Fail,2,0,1,0,1,0,1,0,1,0,1,0,1,1,1,2
FFF,2013J,524407,0,London Region,HE Qualification,50-60%,35-55,0,60,0,Pass,8,1,1,1,0,1,1,0,0,1,1,1,0,0,0,3
FFF,2013J,524845,1,Scotland,A Level or Equivalent,80-90%,0-35,0,150,1,Pass,15,1,0,0,0,0,1,1,1,0,1,1,0,1,1,10
FFF,2013J,524938,1,Yorkshire Region,A Level or Equivalent,60-70%,0-35,1,60,0,Fail,12,0,0,0,1,1,0,0,0,1,1,1,0,0,1,7
FFF,2013J,524974,0,South East Region,Lower Than A Level,60-70%,0-35,0,60,0,Pass,12,1,0,0,0,0,1,1,0,0,1,1,1,1,0,7
FFF,2013J,524996,1,North Western Region,Lower Than A Level,20-30%,35-55,0,240,0,Withdrawn,15,0,0,0,0,0,1,1,0,1,0,1,0,1,0,10
FFF,2013J,525596,0,Scotland,Lower Than A Level,80-90%,0-35,0,60,0,Withdrawn,8,0,0,0,1,1,1,0,1,0,1,0,1,0,0,3
FFF,2013J,525694,0,South Region,A Level or Equivalent,70-80%,0-35,1,60,0,Withdrawn,6,0,0,0,1,0,1,0,1,0,1,1,1,1,1,9
FFF,2013J,525781,0,East Anglian Region,A Level or Equivalent,50-60%,0-35,0,60,0,Withdrawn,13,0,1,0,1,1,0,1,0,0,1,1,1,1,0,5
FFF,2013J,526601,0,South Region,Lower Than A Level,90-100%,35-55,0,60,0,Pass,11,1,0,1,1,0,1,1,0,0,0,1,0,0,1,6
FFF,2013J,526948,1,London Region,Lower Than A Level,20-30%,35-55,0,240,0,Withdrawn,13,0,1,0,1,1,0,0,1,1,0,0,0,0,0,5
FFF,2013J,527148,0,North Western Region,HE Qualification,70-80%,0-35,0,150,0,Pass,14,1,1,0,0,0,1,0,1,0,1,1,0,1,1,5
FFF,2013J,527494,0,South Region,Lower Than A Level,,0-35,0,60,0,Pass,11,1,1,1,1,0,1,1,1,1,0,0,0,1,1,6
FFF,2013J,527565,0,Wales,Lower Than A Level,20-30%,0-35,0,120,1,Withdrawn,8,0,0,1,0,0,0,0,0,1,1,1,0,0,0,3
FFF,2013J,527619,0,Ireland,A Level or Equivalent,80-90%,0-35,0,120,1,Withdrawn,9,0,0,1,1,1,1,0,1,1,0,0,1,1,0,4
FFF,2013J,527713,0,North Western Region,Lower Than A Level,30-40%,0-35,0,60,0,Distinction,6,1,0,0,0,1,1,0,1,0,0,1,0,1,0,9
FFF,2013J,527775,1,Scotland,HE Qualification,20-Oct,0-35,1,60,0,Fail,1,0,1,1,1,1,0,0,0,0,0,1,1,1,0,2
FFF,2013J,528506,0,South Region,HE Qualification,90-100%,0-35,0,60,0,Pass,5,1,0,1,1,0,1,0,1,1,1,0,0,0,1,9
FFF,2013J,528559,0,North Region,No Formal quals,,0-35,1,90,0,Pass,11,0,1,0,0,1,1,1,0,0,1,0,0,1,1,6
FFF,2013J,529197,0,North Region,A Level or Equivalent,,35-55,1,120,0,Pass,16,1,0,0,1,0,1,1,1,0,1,0,1,1,1,10
FFF,2013J,529201,0,Scotland,HE Qualification,20-Oct,0-35,0,90,0,Pass,11,1,1,1,1,1,0,1,1,1,0,1,1,1,1,6
FFF,2013J,529211,0,Scotland,A Level or Equivalent,70-80%,0-35,1,60,0,Fail,2,1,1,1,0,1,1,0,1,0,1,0,1,1,1,2
FFF,2013J,529309,0,East Midlands Region,A Level or Equivalent,40-50%,0-35,2,60,0,Pass,12,1,0,0,1,0,1,0,1,0,1,1,0,0,0,7
FFF,2013J,529490,0,Scotland,HE Qualification,90-100%,0-35,0,60,0,Withdrawn,12,1,0,1,0,0,1,1,0,0,1,1,1,0,0,7
FFF,2013J,529684,1,North Western Region,Lower Than A Level,20-Oct,35-55,0,90,1,Fail,9,1,0,0,0,1,1,0,0,0,1,1,1,0,1,4
FFF,2013J,529723,0,South West Region,A Level or Equivalent,40-50%,0-35,0,60,0,Pass,4,0,1,1,1,1,1,0,0,1,0,0,0,0,1,8
FFF,2013J,529862,1,West Midlands Region,A Level or Equivalent,70-80%,35-55,1,60,0,Distinction,1,1,0,0,1,1,0,1,0,0,0,0,1,0,0,2
FFF,2013J,530043,0,South Region,A Level or Equivalent,30-40%,0-35,0,60,0,Pass,14,0,1,1,1,0,1,1,0,1,1,1,1,0,1,5
FFF,2013J,530159,0,East Anglian Region,A Level or Equivalent,20-Oct,0-35,1,60,0,Pass,5,1,1,1,0,1,0,1,1,1,1,1,0,0,1,9
FFF,2013J,530852,0,Wales,Lower Than A Level,20-Oct,0-35,1,60,0,Withdrawn,2,1,1,1,0,1,0,0,1,1,1,0,1,0,0,2
FFF,2013J,530940,1,London Region,Lower Than A Level,50-60%,0-35,0,90,0,Pass,13,1,1,0,0,0,1,0,0,0,0,0,0,1,1,5
FFF,2013J,531344,0,South Region,Lower Than A Level,40-50%,0-35,1,120,0,Withdrawn,6,0,1,0,1,0,1,1,1,0,1,1,1,0,0,9
FFF,2013J,531953,0,London Region,A Level or Equivalent,80-90%,0-35,0,90,0,Fail,3,1,0,1,0,1,0,1,0,0,0,0,1,0,1,8
FFF,2013J,532121,1,North Western Region,Lower Than A Level,0-10%,35-55,0,120,0,Pass,4,1,1,0,1,1,1,0,0,0,1,0,1,0,1,8
FFF,2013J,532741,0,London Region,A Level or Equivalent,40-50%,0-35,1,90,0,Fail,2,0,0,1,0,1,1,0,0,0,1,1,0,1,1,2
FFF,2013J,532895,0,South Region,Lower Than A Level,50-60%,0-35,0,60,0,Withdrawn,5,1,0,1,0,0,0,0,0,1,1,1,1,1,1,9
FFF,2013J,533523,0,East Midlands Region,A Level or Equivalent,60-70%,0-35,0,90,0,Pass,8,1,1,1,0,0,1,0,1,0,1,1,0,1,0,3
FFF,2013J,533975,0,South West Region,A Level or Equivalent,70-80%,0-35,0,60,0,Pass,9,1,1,1,0,0,0,1,1,0,0,1,1,0,1,4
FFF,2013J,535131,0,London Region,A Level or Equivalent,20-Oct,0-35,1,60,0,Pass,1,1,1,1,1,1,1,1,0,1,0,0,0,0,0,2
FFF,2013J,535529,0,Wales,Lower Than A Level,0-10%,0-35,1,60,0,Fail,14,0,1,0,0,0,0,1,0,0,0,0,1,1,0,5
FFF,2013J,535671,1,Scotland,HE Qualification,50-60%,0-35,0,60,0,Withdrawn,13,0,0,0,1,0,0,0,1,1,0,0,1,0,1,5
FFF,2013J,536103,0,Scotland,HE Qualification,60-70%,0-35,1,90,0,Fail,9,1,1,1,0,1,1,0,0,0,0,0,1,1,1,4
FFF,2013J,536331,0,London Region,A Level or Equivalent,20-30%,0-35,0,90,0,Pass,3,0,0,1,0,0,1,1,1,0,0,0,0,0,1,8
FFF,2013J,536711,0,North Western Region,Lower Than A Level,20-30%,0-35,0,120,1,Withdrawn,15,1,0,0,1,1,1,0,0,1,0,0,1,0,1,10
FFF,2013J,537028,0,Scotland,Lower Than A Level,20-Oct,0-35,1,75,0,Fail,3,0,1,1,1,0,1,0,0,0,0,0,0,1,0,8
FFF,2013J,537133,1,South East Region,Lower Than A Level,20-30%,0-35,1,60,1,Fail,12,0,0,1,1,1,0,1,0,0,0,1,0,0,0,7
FFF,2013J,537328,0,Wales,A Level or Equivalent,80-90%,0-35,0,120,0,Pass,1,1,0,0,0,1,1,0,0,1,1,1,1,1,1,2
FFF,2013J,537942,1,North Western Region,A Level or Equivalent,0-10%,0-35,0,180,0,Pass,11,0,0,1,0,1,0,0,1,1,1,0,0,0,1,6
FFF,2013J,539945,1,South Region,A Level or Equivalent,90-100%,0-35,0,120,0,Withdrawn,9,1,0,1,1,1,0,1,1,1,1,0,0,0,1,4
FFF,2013J,540503,0,London Region,Lower Than A Level,30-40%,0-35,0,60,0,Pass,6,0,1,1,0,1,1,1,0,0,0,1,1,0,0,9
FFF,2013J,540637,0,East Anglian Region,Lower Than A Level,50-60%,0-35,1,120,0,Pass,4,1,1,1,0,1,1,0,1,0,0,1,0,1,0,8
FFF,2013J,540909,0,West Midlands Region,A Level or Equivalent,90-100%,0-35,0,120,0,Withdrawn,15,1,0,1,0,1,1,1,0,0,0,0,0,1,0,10
FFF,2013J,541768,0,East Midlands Region,A Level or Equivalent,20-Oct,0-35,0,90,0,Pass,6,1,1,0,0,1,0,0,0,0,0,1,0,1,0,9
FFF,2013J,541783,0,North Western Region,A Level or Equivalent,0-10%,0-35,0,60,0,Pass,3,1,1,0,0,0,1,1,0,0,1,1,0,0,1,8
FFF,2013J,542423,0,West Midlands Region,A Level or Equivalent,50-60%,0-35,0,60,0,Withdrawn,4,1,0,0,0,1,0,1,1,1,0,1,1,0,0,8
FFF,2013J,542550,0,North Region,A Level or Equivalent,0-10%,35-55,1,120,0,Withdrawn,6,0,0,1,1,0,0,1,1,0,0,0,1,0,0,9
FFF,2013J,543607,0,East Midlands Region,HE Qualification,90-100%,0-35,0,60,0,Pass,4,0,0,1,1,0,0,0,1,1,1,1,1,1,1,8
FFF,2013J,543763,0,East Midlands Region,A Level or Equivalent,40-50%,0-35,0,60,0,Pass,8,1,1,1,1,0,0,1,1,1,1,1,0,0,0,3
FFF,2013J,543953,1,South East Region,Lower Than A Level,50-60%,0-35,0,60,0,Pass,3,1,0,1,0,0,1,0,1,1,1,0,1,1,1,8
FFF,2013J,544021,0,South Region,Lower Than A Level,40-50%,0-35,1,60,0,Withdrawn,7,0,0,0,0,0,1,1,1,0,1,0,0,1,0,3
FFF,2013J,544090,0,South East Region,A Level or Equivalent,30-40%,0-35,0,120,0,Distinction,9,1,0,1,1,0,1,0,1,0,1,1,0,1,0,4
FFF,2013J,544092,0,North Region,A Level or Equivalent,20-30%,0-35,0,90,0,Pass,1,1,0,0,1,1,1,0,1,0,0,1,1,1,1,2
FFF,2013J,544155,0,North Western Region,Lower Than A Level,20-Oct,0-35,0,120,0,Fail,4,0,0,1,0,1,0,0,0,1,0,0,0,1,1,8
FFF,2013J,544207,0,East Midlands Region,Lower Than A Level,60-70%,35-55,0,60,0,Distinction,10,0,0,0,0,1,1,0,0,0,0,1,1,1,0,1
FFF,2013J,544289,0,North Region,HE Qualification,,0-35,1,90,0,Pass,9,1,1,1,1,1,0,1,1,0,1,1,0,0,1,4
FFF,2013J,544745,0,South Region,A Level or Equivalent,30-40%,0-35,0,90,0,Withdrawn,14,1,0,1,1,0,0,1,1,0,1,0,1,0,1,5
FFF,2013J,545119,0,South Region,Lower Than A Level,90-100%,35-55,1,150,1,Withdrawn,3,1,0,1,1,1,1,0,1,0,0,0,1,1,0,8
FFF,2013J,545916,0,East Midlands Region,Lower Than A Level,90-100%,0-35,0,120,0,Fail,16,1,1,1,1,1,0,1,0,1,0,0,0,1,0,10
FFF,2013J,545944,0,Wales,A Level or Equivalent,20-30%,0-35,1,180,0,Withdrawn,5,1,0,0,1,0,1,1,1,0,0,0,0,1,1,9
FFF,2013J,546065,0,South Region,Lower Than A Level,80-90%,0-35,0,60,0,Pass,10,0,1,0,1,1,0,1,1,0,0,1,1,1,0,1
FFF,2013J,546480,0,East Anglian Region,A Level or Equivalent,30-40%,0-35,0,60,0,Pass,1,1,0,0,1,0,1,0,0,1,1,0,0,0,0,2
FFF,2013J,546547,1,Scotland,Lower Than A Level,20-30%,0-35,0,90,0,Withdrawn,13,0,0,1,0,1,1,0,1,0,1,1,0,1,0,5
FFF,2013J,546643,0,London Region,HE Qualification,20-Oct,0-35,0,90,0,Fail,14,1,0,1,0,0,1,1,1,1,1,0,1,1,1,5
FFF,2013J,546934,0,London Region,Lower Than A Level,20-Oct,0-35,0,60,0,Pass,11,1,0,1,0,0,1,0,1,0,1,1,1,1,0,6
FFF,2013J,547154,0,London Region,A Level or Equivalent,50-60%,0-35,0,120,0,Pass,15,1,1,1,1,1,0,0,1,0,1,0,1,1,1,10
FFF,2013J,547393,0,Scotland,A Level or Equivalent,60-70%,0-35,0,60,0,Fail,1,1,0,1,0,0,1,1,0,0,1,1,0,1,0,2
FFF,2013J,547442,1,North Western Region,A Level or Equivalent,80-90%,0-35,0,90,0,Withdrawn,7,0,0,1,1,0,0,0,1,1,0,1,1,0,1,3
FFF,2013J,547593,0,East Anglian Region,Lower Than A Level,80-90%,0-35,0,60,0,Withdrawn,2,1,1,0,0,1,0,1,0,1,1,0,0,0,0,2
FFF,2013J,547773,0,East Anglian Region,Post Graduate Qualification,90-100%,0-35,0,60,0,Pass,5,1,1,0,1,0,1,1,1,0,1,1,0,0,1,9
FFF,2013J,548080,0,East Anglian Region,A Level or Equivalent,50-60%,0-35,0,60,0,Withdrawn,14,0,1,0,1,0,1,1,1,0,1,0,0,0,1,5
FFF,2013J,548508,0,South Region,A Level or Equivalent,60-70%,0-35,0,60,0,Pass,7,0,1,0,0,1,0,1,0,1,1,0,0,1,0,3
FFF,2013J,548547,1,Scotland,A Level or Equivalent,20-30%,0-35,1,60,0,Fail,10,0,1,0,0,0,0,1,0,1,0,0,1,1,1,1
FFF,2013J,548666,0,South Region,Lower Than A Level,60-70%,0-35,0,90,0,Pass,6,1,1,0,1,0,0,0,1,0,0,0,0,1,0,9
FFF,2013J,548693,0,South West Region,Lower Than A Level,50-60%,0-35,0,60,0,Withdrawn,12,0,0,1,0,0,1,0,0,0,0,0,1,1,1,7
FFF,2013J,548722,1,Scotland,A Level or Equivalent,20-Oct,0-35,1,90,0,Pass,8,1,0,0,0,1,0,0,0,0,0,1,1,0,0,3
FFF,2013J,549300,1,South West Region,Lower Than A Level,20-Oct,0-35,0,60,1,Distinction,11,1,1,1,1,1,1,1,1,1,0,0,1,0,0,6
FFF,2013J,549397,0,South West Region,A Level or Equivalent,30-40%,35-55,0,60,0,Pass,6,0,1,1,0,1,1,0,0,1,1,1,1,0,0,9
FFF,2013J,549523,1,Ireland,A Level or Equivalent,0-10%,0-35,1,150,1,Withdrawn,7,0,1,1,1,0,0,1,0,0,0,0,1,1,0,3
FFF,2013J,549648,0,East Anglian Region,A Level or Equivalent,50-60%,35-55,0,60,0,Pass,9,1,0,0,0,1,0,1,0,0,0,1,1,1,1,4
FFF,2013J,550359,0,Yorkshire Region,A Level or Equivalent,30-40%,0-35,0,120,0,Withdrawn,1,1,0,0,0,1,0,1,0,0,0,1,0,0,0,2
FFF,2013J,550477,0,North Region,Lower Than A Level,,0-35,0,120,0,Fail,8,0,0,1,1,0,1,1,0,1,1,0,0,0,0,3
FFF,2013J,550556,1,North Western Region,Lower Than A Level,0-10%,0-35,1,60,0,Fail,8,1,1,1,0,0,1,1,0,0,1,0,1,0,1,3
FFF,2013J,551245,1,North Region,HE Qualification,,0-35,0,60,0,Pass,3,1,0,1,0,1,1,0,1,1,1,0,0,1,1,8
FFF,2013J,551277,0,Ireland,A Level or Equivalent,70-80%,35-55,0,120,0,Pass,13,1,0,1,1,0,1,0,0,0,1,0,0,0,1,5
FFF,2013J,551299,0,West Midlands Region,HE Qualification,0-10%,0-35,0,60,0,Fail,4,0,0,1,1,1,1,0,1,1,1,0,1,0,1,8
FFF,2013J,551354,1,North Region,A Level or Equivalent,,0-35,0,120,0,Fail,2,0,1,1,1,1,1,1,0,1,0,0,1,1,0,2
FFF,2013J,551373,0,South Region,Lower Than A Level,50-60%,0-35,0,60,0,Withdrawn,10,1,1,0,1,1,0,1,1,1,0,0,0,1,0,1
FFF,2013J,551399,1,North Western Region,A Level or Equivalent,40-50%,0-35,0,120,0,Pass,15,0,0,0,0,1,0,1,1,1,1,0,1,1,0,10
FFF,2013J,551500,0,South Region,A Level or Equivalent,80-90%,0-35,0,120,0,Withdrawn,12,0,1,1,0,1,1,0,1,1,0,1,0,1,1,7
FFF,2013J,551557,0,Yorkshire Region,A Level or Equivalent,20-30%,0-35,0,120,0,Pass,8,1,0,0,0,0,0,0,1,0,1,1,0,0,0,3
FFF,2013J,551745,0,South East Region,Lower Than A Level,60-70%,35-55,0,120,0,Fail,6,0,1,1,1,0,1,0,0,1,1,0,1,1,1,9
FFF,2013J,551812,0,South Region,A Level or Equivalent,50-60%,0-35,0,120,0,Pass,14,1,0,0,0,0,1,0,0,1,0,0,0,1,1,5
FFF,2013J,551823,1,East Midlands Region,A Level or Equivalent,30-40%,35-55,0,120,1,Withdrawn,1,0,0,0,0,1,0,1,1,1,1,1,1,1,0,2
FFF,2013J,552104,1,South Region,A Level or Equivalent,80-90%,0-35,0,60,1,Distinction,7,0,1,0,0,1,1,1,1,1,0,1,0,1,0,3
FFF,2013J,553187,0,East Anglian Region,Lower Than A Level,0-10%,0-35,0,90,0,Pass,3,0,0,1,1,1,0,1,0,0,1,0,0,1,0,8
FFF,2013J,553283,0,North Western Region,A Level or Equivalent,0-10%,0-35,0,60,0,Distinction,13,1,0,1,0,0,0,0,1,0,0,1,1,0,1,5
FFF,2013J,553364,0,Scotland,A Level or Equivalent,20-30%,0-35,1,120,0,Pass,13,0,0,1,1,0,1,1,1,0,1,0,0,0,1,5
FFF,2013J,553427,0,North Western Region,A Level or Equivalent,0-10%,0-35,0,60,0,Pass,7,1,0,1,1,0,1,1,1,0,1,0,0,0,1,3
FFF,2013J,554257,1,Scotland,HE Qualification,90-100%,0-35,0,150,0,Pass,16,0,1,1,0,1,0,0,1,1,1,1,0,1,0,10
FFF,2013J,554276,0,West Midlands Region,A Level or Equivalent,30-40%,0-35,0,120,0,Fail,6,1,1,1,0,0,0,0,1,0,0,0,1,0,1,9
FFF,2013J,554470,0,South Region,Lower Than A Level,50-60%,0-35,0,90,0,Pass,11,1,0,0,0,0,1,0,1,0,1,1,1,1,0,6
FFF,2013J,554586,0,London Region,A Level or Equivalent,70-80%,0-35,0,120,0,Pass,12,0,0,1,1,1,0,1,0,0,1,0,1,0,0,7
FFF,2013J,554846,0,Ireland,A Level or Equivalent,80-90%,35-55,0,120,0,Distinction,10,1,0,0,0,1,0,1,1,0,0,1,1,0,0,1
FFF,2013J,555440,0,East Anglian Region,A Level or Equivalent,40-50%,0-35,0,60,0,Withdrawn,4,1,0,0,0,0,0,1,0,1,1,0,1,0,0,8
FFF,2013J,555498,0,East Anglian Region,HE Qualification,50-60%,35-55,0,60,0,Pass,9,0,1,0,0,0,0,1,1,0,0,0,0,1,1,4
FFF,2013J,555691,0,Scotland,Lower Than A Level,30-40%,0-35,0,210,0,Withdrawn,13,1,0,1,0,1,1,1,0,1,1,1,0,0,0,5
FFF,2013J,555786,0,Wales,A Level or Equivalent,90-100%,0-35,1,90,0,Fail,7,1,1,1,1,0,1,1,0,0,1,1,1,0,1,3
FFF,2013J,555855,1,South East Region,A Level or Equivalent,60-70%,35-55,0,60,0,Pass,16,0,1,1,0,0,1,1,0,1,1,1,0,1,0,10
FFF,2013J,555895,1,East Anglian Region,Lower Than A Level,30-40%,0-35,0,90,0,Withdrawn,6,1,1,0,0,1,0,0,1,0,1,0,0,1,0,9
FFF,2013J,556275,0,Scotland,Lower Than A Level,20-30%,0-35,0,60,0,Withdrawn,14,0,1,0,0,0,0,1,0,0,1,0,1,0,1,5
FFF,2013J,556492,0,South Region,A Level or Equivalent,90-100%,0-35,1,180,0,Withdrawn,10,0,0,0,1,0,1,0,1,0,0,1,1,0,1,1
FFF,2013J,556639,0,South West Region,A Level or Equivalent,20-Oct,0-35,0,120,0,Pass,12,0,0,1,1,0,0,1,1,1,1,0,1,1,0,7
FFF,2013J,556646,0,South West Region,Lower Than A Level,20-30%,0-35,0,60,0,Pass,12,1,0,0,1,0,0,1,1,0,1,0,0,0,1,7
FFF,2013J,557012,0,West Midlands Region,A Level or Equivalent,,0-35,0,60,0,Distinction,13,1,1,1,0,0,1,1,0,1,0,0,1,1,0,5
FFF,2013J,557020,0,South Region,Lower Than A Level,20-30%,0-35,0,90,0,Pass,12,1,1,0,0,0,0,0,1,0,0,0,0,1,0,7
FFF,2013J,557040,0,North Western Region,Lower Than A Level,0-10%,35-55,0,60,1,Withdrawn,6,1,1,0,0,1,1,0,1,0,0,1,0,0,1,9
FFF,2013J,557044,0,Scotland,HE Qualification,30-40%,35-55,0,60,0,Pass,16,0,0,0,0,1,1,0,1,0,1,0,1,0,0,10
FFF,2013J,557054,0,North Western Region,HE Qualification,20-Oct,35-55,0,90,0,Distinction,8,1,0,0,1,0,1,1,0,1,0,0,0,1,1,3
FFF,2013J,557232,0,West Midlands Region,A Level or Equivalent,60-70%,35-55,0,60,0,Withdrawn,7,0,1,0,0,0,1,1,0,0,1,0,0,0,1,3
FFF,2013J,557385,0,South East Region,A Level or Equivalent,50-60%,0-35,0,120,0,Pass,15,1,0,1,1,1,1,1,1,1,0,0,1,0,1,10
FFF,2013J,557395,0,Ireland,A Level or Equivalent,70-80%,35-55,0,60,0,Pass,15,1,1,1,1,0,0,1,1,0,1,0,1,0,1,10
FFF,2013J,557481,0,East Anglian Region,A Level or Equivalent,70-80%,0-35,0,60,0,Withdrawn,7,1,0,0,0,0,0,0,0,1,0,0,0,0,0,3
FFF,2013J,557545,0,East Midlands Region,A Level or Equivalent,30-40%,35-55,0,60,0,Pass,14,0,1,1,1,1,1,0,0,1,0,1,1,0,0,5
FFF,2013J,557655,0,Scotland,HE Qualification,40-50%,35-55,0,60,0,Pass,2,1,1,1,0,1,0,0,1,1,1,0,1,1,1,2
FFF,2013J,557661,0,South Region,Lower Than A Level,40-50%,0-35,0,120,0,Pass,13,0,1,1,0,0,0,0,1,0,1,0,0,1,0,5
FFF,2013J,557735,0,South West Region,Lower Than A Level,70-80%,0-35,1,120,0,Pass,1,1,0,0,0,1,0,0,0,1,0,0,1,1,1,2
FFF,2013J,557766,0,Ireland,Lower Than A Level,30-40%,0-35,0,120,0,Fail,12,1,1,1,0,1,1,1,1,1,1,0,0,1,1,7
FFF,2013J,558090,0,London Region,Lower Than A Level,60-70%,0-35,0,60,0,Fail,6,1,0,1,0,1,1,0,0,0,0,0,1,0,0,9
FFF,2013J,558205,0,Scotland,A Level or Equivalent,20-Oct,0-35,0,60,0,Withdrawn,2,1,1,0,0,1,0,1,1,0,0,0,0,0,0,2
FFF,2013J,558284,0,Ireland,Lower Than A Level,60-70%,0-35,0,150,1,Withdrawn,8,0,0,0,1,1,0,1,1,1,0,1,1,0,1,3
FFF,2013J,558301,0,North Region,Lower Than A Level,70-80%,0-35,0,150,0,Fail,16,0,1,0,1,1,0,0,0,1,0,1,0,1,1,10
FFF,2013J,558309,0,East Midlands Region,Lower Than A Level,80-90%,0-35,0,90,0,Withdrawn,1,0,1,0,1,1,0,1,1,0,1,1,1,0,0,2
FFF,2013J,558345,0,Wales,A Level or Equivalent,70-80%,0-35,0,60,0,Pass,16,1,1,0,0,1,0,1,1,0,0,1,0,0,1,10
FFF,2013J,558484,0,South Region,A Level or Equivalent,90-100%,0-35,0,60,0,Pass,8,1,0,0,0,0,0,1,1,0,0,0,1,0,0,3
FFF,2013J,558635,1,North Region,A Level or Equivalent,,0-35,1,60,0,Pass,7,0,0,0,0,1,1,1,1,0,0,1,1,1,0,3
FFF,2013J,558893,0,Yorkshire Region,A Level or Equivalent,90-100%,0-35,0,60,0,Distinction,16,1,1,1,0,1,1,0,1,0,1,0,1,0,0,10
FFF,2013J,558909,1,South Region,Lower Than A Level,30-40%,0-35,1,90,0,Withdrawn,1,0,1,1,0,1,1,1,0,0,0,0,0,0,1,2
FFF,2013J,558970,0,Wales,A Level or Equivalent,90-100%,0-35,0,60,0,Pass,6,1,0,0,0,0,0,0,0,1,0,0,1,1,1,9
FFF,2013J,559067,0,East Midlands Region,Lower Than A Level,30-40%,0-35,0,60,1,Withdrawn,7,0,1,1,1,1,1,0,1,0,1,1,1,0,1,3
FFF,2013J,559428,1,Wales,A Level or Equivalent,50-60%,0-35,0,90,0,Distinction,4,1,0,1,0,0,1,1,1,0,1,0,0,1,0,8
FFF,2013J,559599,1,London Region,Lower Than A Level,80-90%,0-35,0,120,0,Withdrawn,3,1,0,0,0,1,1,1,1,0,0,0,0,0,0,8
FFF,2013J,559754,0,London Region,Lower Than A Level,30-40%,0-35,1,90,0,Pass,7,0,1,1,0,1,0,1,0,1,0,1,0,0,1,3
FFF,2013J,559813,0,Wales,A Level or Equivalent,60-70%,0-35,0,120,0,Pass,5,1,1,0,1,0,1,1,1,1,1,1,0,0,1,9
FFF,2013J,559863,0,Ireland,Lower Than A Level,,35-55,0,60,0,Pass,15,1,0,0,1,1,0,1,0,0,0,1,0,0,0,10
FFF,2013J,559902,0,Wales,Lower Than A Level,0-10%,0-35,1,60,0,Fail,13,0,0,1,1,1,1,0,1,1,1,1,1,1,0,5
FFF,2013J,559979,1,East Anglian Region,HE Qualification,20-30%,0-35,0,90,0,Pass,9,1,0,0,0,0,0,1,0,1,0,0,0,1,0,4
FFF,2013J,559999,0,East Midlands Region,A Level or Equivalent,0-10%,0-35,0,120,1,Withdrawn,14,1,0,1,1,1,1,1,0,1,1,1,0,0,0,5
FFF,2013J,560329,1,North Western Region,A Level or Equivalent,30-40%,0-35,0,60,0,Pass,15,1,1,1,1,1,1,0,0,1,0,1,0,0,1,10
FFF,2013J,560401,0,West Midlands Region,A Level or Equivalent,,0-35,0,60,0,Pass,12,1,1,0,1,0,1,1,0,0,1,1,1,0,0,7
FFF,2013J,560410,0,Scotland,Lower Than A Level,30-40%,0-35,1,60,0,Pass,16,0,1,1,1,1,1,0,0,0,0,1,0,0,0,10
FFF,2013J,560496,1,South East Region,A Level or Equivalent,60-70%,0-35,1,120,0,Withdrawn,14,0,1,0,1,0,1,1,1,1,0,1,0,1,0,5
FFF,2013J,560592,0,Scotland,A Level or Equivalent,20-30%,0-35,0,60,0,Fail,12,0,1,0,0,1,1,0,1,1,1,1,1,0,0,7
FFF,2013J,560659,0,East Midlands Region,Lower Than A Level,30-40%,0-35,0,150,0,Withdrawn,3,1,0,1,0,0,0,0,1,0,1,0,0,1,0,8
FFF,2013J,560670,1,South East Region,Lower Than A Level,20-30%,0-35,0,90,0,Withdrawn,6,0,0,0,0,0,0,0,0,1,0,1,0,0,0,9
FFF,2013J,560703,0,Yorkshire Region,A Level or Equivalent,50-60%,35-55,0,60,0,Pass,8,1,0,1,1,1,1,0,1,1,1,0,0,0,0,3
FFF,2013J,560727,1,East Anglian Region,A Level or Equivalent,50-60%,35-55,0,120,0,Pass,13,0,0,1,1,0,1,0,0,0,1,0,0,1,0,5
FFF,2013J,560772,0,South Region,A Level or Equivalent,80-90%,0-35,0,60,0,Withdrawn,8,0,1,1,1,0,1,0,0,1,0,0,0,1,0,3
FFF,2013J,560934,0,East Midlands Region,A Level or Equivalent,70-80%,0-35,0,60,0,Fail,2,0,1,1,1,0,1,1,0,0,0,0,1,0,0,2
FFF,2013J,560946,0,Scotland,A Level or Equivalent,40-50%,0-35,0,90,0,Fail,9,1,1,0,1,0,1,0,1,0,0,1,1,1,1,4
FFF,2013J,560949,1,North Western Region,A Level or Equivalent,0-10%,0-35,0,120,0,Pass,5,1,1,1,0,1,0,1,1,0,0,0,0,0,0,9
FFF,2013J,561031,0,South West Region,A Level or Equivalent,30-40%,0-35,0,60,1,Pass,9,1,0,1,1,0,0,0,0,1,0,0,1,0,0,4
FFF,2013J,561068,0,South East Region,Lower Than A Level,50-60%,0-35,0,60,0,Fail,3,1,0,0,0,0,0,0,0,0,0,0,0,1,0,8
FFF,2013J,561268,0,South Region,A Level or Equivalent,70-80%,0-35,0,60,0,Distinction,13,1,0,0,1,0,1,0,0,1,0,1,0,0,0,5
FFF,2013J,561386,0,North Western Region,Lower Than A Level,90-100%,0-35,0,60,0,Distinction,6,0,1,0,0,1,0,0,0,1,1,0,1,1,0,9
FFF,2013J,561542,0,East Midlands Region,Lower Than A Level,20-30%,0-35,0,120,0,Pass,3,1,0,0,1,0,0,0,0,1,0,1,0,1,0,8
FFF,2013J,561714,0,West Midlands Region,Lower Than A Level,20-Oct,0-35,0,120,1,Distinction,13,1,0,1,0,0,0,0,1,1,0,0,1,1,1,5
FFF,2013J,561865,0,Wales,HE Qualification,20-30%,35-55,0,60,0,Pass,11,0,1,1,1,0,0,1,0,1,0,1,1,1,0,6
FFF,2013J,561867,1,Wales,A Level or Equivalent,50-60%,35-55,0,60,0,Pass,2,1,1,0,1,1,1,0,0,1,1,0,1,0,0,2
FFF,2013J,561868,1,Wales,A Level or Equivalent,20-30%,35-55,0,60,0,Pass,5,1,1,0,1,1,1,0,0,1,1,0,1,0,1,9
FFF,2013J,561873,1,Wales,A Level or Equivalent,30-40%,0-35,0,60,0,Pass,5,1,1,0,0,0,0,1,0,0,1,1,0,0,1,9
FFF,2013J,561874,1,Wales,HE Qualification,20-30%,35-55,0,60,0,Pass,10,1,0,0,0,0,1,0,1,0,0,1,1,0,0,1
FFF,2013J,561878,0,Wales,Lower Than A Level,30-40%,0-35,0,60,0,Fail,2,1,1,1,0,0,1,0,1,1,0,1,1,0,1,2
FFF,2013J,561879,0,Wales,A Level or Equivalent,40-50%,0-35,0,60,0,Pass,15,0,1,0,1,0,0,1,0,0,0,1,1,0,1,10
FFF,2013J,561880,0,Wales,Lower Than A Level,20-Oct,0-35,0,60,0,Withdrawn,8,1,0,0,0,0,1,1,1,1,0,0,0,0,0,3
FFF,2013J,561889,0,Wales,A Level or Equivalent,20-Oct,0-35,0,60,0,Pass,1,0,0,0,1,1,1,0,0,0,1,1,1,0,1,2
FFF,2013J,561929,1,Wales,Lower Than A Level,70-80%,35-55,0,60,0,Pass,9,1,1,1,1,1,1,0,1,1,1,0,0,0,1,4
FFF,2013J,561930,0,West Midlands Region,A Level or Equivalent,60-70%,0-35,0,120,0,Pass,7,1,1,1,1,1,1,0,0,0,1,0,0,0,1,3
FFF,2013J,561976,0,Wales,HE Qualification,70-80%,0-35,0,60,0,Pass,15,0,0,1,0,1,1,1,1,1,0,1,1,0,0,10
FFF,2013J,562377,1,East Anglian Region,A Level or Equivalent,70-80%,0-35,0,120,1,Pass,9,0,0,1,0,0,0,0,1,1,1,1,1,0,1,4
FFF,2013J,562428,0,South East Region,A Level or Equivalent,30-40%,0-35,0,120,1,Withdrawn,12,0,0,0,0,0,0,0,1,1,1,0,1,0,1,7
FFF,2013J,562448,1,East Midlands Region,Lower Than A Level,0-10%,35-55,0,90,0,Fail,7,0,0,0,1,1,0,0,1,1,0,1,0,1,0,3
FFF,2013J,562460,0,West Midlands Region,Lower Than A Level,80-90%,0-35,0,60,0,Withdrawn,6,0,0,1,0,1,0,1,0,0,1,1,0,1,0,9
FFF,2013J,562763,0,North Western Region,A Level or Equivalent,80-90%,0-35,0,300,0,Fail,1,0,1,0,1,0,0,1,0,0,1,0,0,0,1,2
FFF,2013J,562920,0,Scotland,HE Qualification,80-90%,0-35,0,60,0,Fail,14,0,1,0,0,1,0,1,1,1,0,1,1,0,0,5
FFF,2013J,563014,1,South East Region,Lower Than A Level,80-90%,0-35,0,90,0,Withdrawn,6,0,1,0,0,0,0,0,1,1,0,1,1,1,1,9
FFF,2013J,563019,0,Yorkshire Region,Lower Than A Level,40-50%,0-35,0,120,0,Fail,12,1,1,1,1,0,0,1,1,1,1,1,1,1,1,7
FFF,2013J,563020,0,Yorkshire Region,Lower Than A Level,70-80%,35-55,0,120,0,Withdrawn,13,0,1,0,1,0,0,1,0,1,1,0,1,0,0,5
FFF,2013J,563051,0,Ireland,A Level or Equivalent,20-Oct,0-35,0,60,0,Pass,1,1,1,0,0,1,0,0,0,0,0,1,1,1,0,2
FFF,2013J,563196,0,East Midlands Region,Lower Than A Level,50-60%,0-35,0,120,0,Withdrawn,3,1,0,1,1,0,0,1,0,1,1,0,0,1,0,8
FFF,2013J,563239,0,Yorkshire Region,A Level or Equivalent,0-10%,35-55,0,60,0,Withdrawn,15,1,1,0,1,0,1,1,1,0,1,0,0,0,1,10
FFF,2013J,563299,0,South Region,A Level or Equivalent,20-Oct,0-35,0,120,0,Pass,15,0,0,0,1,0,0,1,0,1,0,1,0,1,1,10
FFF,2013J,563430,1,London Region,Lower Than A Level,20-Oct,0-35,0,120,0,Withdrawn,2,0,1,0,1,1,1,1,1,1,0,1,0,1,1,2
FFF,2013J,563636,0,South West Region,Lower Than A Level,40-50%,35-55,0,60,0,Fail,1,1,0,0,1,1,0,0,0,1,1,0,0,1,1,2
FFF,2013J,563742,0,East Anglian Region,Lower Than A Level,30-40%,35-55,0,60,0,Withdrawn,2,0,0,0,1,0,1,0,1,0,0,0,1,1,1,2
FFF,2013J,563783,0,West Midlands Region,Lower Than A Level,50-60%,0-35,0,60,0,Pass,8,0,1,1,1,0,1,1,1,1,0,1,1,0,0,3
FFF,2013J,563787,1,North Region,A Level or Equivalent,0-10%,0-35,0,120,0,Distinction,7,0,0,1,1,0,1,1,0,1,0,1,1,0,1,3
FFF,2013J,564119,0,South Region,Lower Than A Level,80-90%,0-35,0,60,0,Pass,10,1,1,1,1,1,0,1,1,1,1,1,0,0,0,1
FFF,2013J,564262,0,Yorkshire Region,Lower Than A Level,40-50%,35-55,0,180,0,Pass,4,1,1,0,0,0,0,0,1,1,0,1,0,1,0,8
FFF,2013J,564437,0,South West Region,Lower Than A Level,40-50%,35-55,0,90,0,Fail,1,1,0,0,1,0,1,1,1,1,1,0,1,1,0,2
FFF,2013J,564702,0,South Region,A Level or Equivalent,30-40%,0-35,0,90,0,Pass,13,1,1,1,0,0,0,1,1,0,1,0,0,0,1,5
FFF,2013J,564770,0,South West Region,Lower Than A Level,70-80%,0-35,0,150,0,Withdrawn,5,0,0,0,1,0,0,0,0,0,1,0,1,1,0,9
FFF,2013J,564821,0,North Region,Lower Than A Level,0-10%,0-35,0,120,0,Withdrawn,13,1,0,0,1,1,0,1,0,1,1,0,1,1,1,5
FFF,2013J,564981,1,West Midlands Region,A Level or Equivalent,20-Oct,0-35,0,60,0,Distinction,11,0,1,1,0,0,0,1,0,0,1,1,1,1,1,6
FFF,2013J,565469,0,East Midlands Region,Lower Than A Level,80-90%,0-35,0,120,0,Withdrawn,14,0,1,1,1,0,1,0,1,0,1,0,1,1,0,5
FFF,2013J,565587,0,South Region,A Level or Equivalent,90-100%,0-35,0,60,0,Pass,12,1,0,0,1,0,1,1,0,1,1,0,1,1,0,7
FFF,2013J,565608,1,North Western Region,Lower Than A Level,0-10%,35-55,0,60,0,Withdrawn,15,0,1,0,0,1,0,0,0,1,1,1,1,1,0,10
FFF,2013J,565653,0,East Anglian Region,A Level or Equivalent,40-50%,0-35,0,90,0,Withdrawn,7,1,1,1,0,0,0,0,1,0,1,0,1,1,0,3
FFF,2013J,565698,1,West Midlands Region,Lower Than A Level,30-40%,0-35,0,60,0,Pass,10,1,1,0,0,0,0,0,1,0,0,1,0,1,0,1
FFF,2013J,565849,0,Scotland,Lower Than A Level,80-90%,35-55,0,60,0,Pass,15,0,1,0,1,0,0,0,1,1,1,0,0,1,0,10
FFF,2013J,565977,0,North Western Region,A Level or Equivalent,0-10%,0-35,0,60,0,Withdrawn,7,0,1,1,1,0,1,0,1,0,1,0,1,0,1,3
FFF,2013J,565990,0,London Region,Lower Than A Level,0-10%,0-35,0,60,0,Pass,6,0,0,0,0,1,0,1,0,0,0,1,1,0,1,9
FFF,2013J,565997,0,London Region,Lower Than A Level,20-Oct,0-35,0,120,0,Withdrawn,11,1,0,0,1,0,0,1,1,0,0,1,0,0,0,6
FFF,2013J,566009,0,London Region,A Level or Equivalent,30-40%,0-35,0,90,0,Distinction,16,0,0,1,0,1,0,1,0,1,0,1,1,0,1,10
FFF,2013J,566135,0,North Western Region,A Level or Equivalent,70-80%,0-35,0,60,0,Pass,10,0,1,1,1,1,0,1,1,0,0,0,1,0,0,1
FFF,2013J,566172,0,Wales,A Level or Equivalent,70-80%,0-35,0,60,0,Withdrawn,14,0,0,0,0,0,1,1,1,1,1,1,1,1,0,5
FFF,2013J,566270,0,South Region,Lower Than A Level,80-90%,0-35,0,60,0,Pass,8,0,0,1,0,0,0,0,1,0,1,0,1,1,1,3
FFF,2013J,566465,0,East Anglian Region,A Level or Equivalent,20-30%,0-35,0,120,0,Pass,10,0,0,0,1,1,0,1,1,0,0,1,0,1,0,1
FFF,2013J,566675,0,South East Region,Lower Than A Level,90-100%,0-35,0,60,0,Withdrawn,5,1,0,0,1,1,0,1,1,1,0,0,1,0,0,9
FFF,2013J,566817,1,East Midlands Region,Lower Than A Level,20-30%,0-35,0,60,0,Pass,12,0,1,0,0,0,0,0,0,0,0,1,0,0,1,7
FFF,2013J,566823,0,London Region,A Level or Equivalent,20-Oct,0-35,0,60,0,Withdrawn,9,0,0,0,0,0,0,1,0,0,0,1,1,1,1,4
FFF,2013J,566863,0,Ireland,A Level or Equivalent,90-100%,0-35,0,120,0,Pass,5,1,1,1,0,1,1,0,0,1,0,0,0,1,0,9
FFF,2013J,566973,1,North Region,A Level or Equivalent,,35-55,0,60,0,Pass,1,0,0,1,1,1,1,1,0,1,1,1,1,1,1,2
FFF,2013J,567165,1,East Midlands Region,Lower Than A Level,50-60%,0-35,0,60,0,Pass,9,1,1,1,0,1,1,1,1,1,1,1,1,1,1,4
FFF,2013J,567222,0,East Midlands Region,Lower Than A Level,0-10%,0-35,0,60,0,Pass,1,0,0,0,0,1,1,0,1,0,1,1,1,1,0,2
FFF,2013J,567223,0,Yorkshire Region,Lower Than A Level,20-30%,0-35,0,120,0,Fail,3,1,1,1,0,1,1,0,1,0,0,0,0,1,1,8
FFF,2013J,567312,0,West Midlands Region,A Level or Equivalent,20-Oct,35-55,0,60,0,Pass,13,1,1,1,0,0,1,1,0,1,0,1,1,0,1,5
FFF,2013J,567676,0,Wales,Lower Than A Level,20-Oct,0-35,0,90,0,Fail,10,1,0,0,0,0,0,0,0,1,1,0,1,0,1,1
FFF,2013J,567880,0,Scotland,Lower Than A Level,20-Oct,0-35,0,90,0,Fail,12,0,0,0,1,1,0,1,1,0,1,0,1,0,0,7
FFF,2013J,567888,0,South East Region,HE Qualification,90-100%,35-55,0,60,0,Distinction,10,1,0,0,0,1,1,1,0,1,1,0,0,1,0,1
FFF,2013J,567901,0,London Region,Lower Than A Level,20-Oct,0-35,0,135,0,Pass,15,1,1,0,1,0,0,1,1,1,1,1,0,1,0,10
FFF,2013J,568084,0,East Midlands Region,A Level or Equivalent,20-30%,0-35,0,120,0,Pass,15,0,0,0,1,0,0,1,0,0,0,0,1,0,0,10
FFF,2013J,568132,0,North Region,A Level or Equivalent,40-50%,0-35,0,60,0,Pass,7,1,1,1,1,1,1,0,0,1,1,0,0,1,0,3
FFF,2013J,568153,0,East Anglian Region,A Level or Equivalent,90-100%,0-35,0,60,0,Pass,5,1,1,0,1,0,0,1,1,1,1,0,0,1,1,9
FFF,2013J,568184,0,Ireland,Lower Than A Level,70-80%,0-35,0,60,0,Fail,5,1,0,1,0,0,1,1,1,0,0,0,1,1,1,9
FFF,2013J,568204,0,Scotland,A Level or Equivalent,40-50%,35-55,0,90,0,Fail,6,0,1,1,0,0,0,0,1,0,0,1,0,0,1,9
FFF,2013J,568207,0,West Midlands Region,A Level or Equivalent,50-60%,0-35,0,60,1,Pass,13,0,0,0,1,0,1,0,0,1,1,0,1,0,1,5
FFF,2013J,568234,0,North Western Region,Lower Than A Level,40-50%,0-35,0,90,0,Pass,14,0,0,0,0,0,0,0,0,0,1,1,0,1,1,5
FFF,2013J,568333,0,South West Region,Lower Than A Level,40-50%,0-35,0,120,1,Pass,7,0,1,0,0,1,0,1,1,0,0,0,0,1,0,3
FFF,2013J,568381,0,North Western Region,A Level or Equivalent,30-40%,0-35,0,60,1,Fail,10,1,1,0,0,1,1,0,0,1,1,1,1,1,0,1
FFF,2013J,568444,0,Scotland,Lower Than A Level,0-10%,0-35,0,60,0,Withdrawn,9,1,0,0,0,1,1,0,0,1,0,1,0,1,1,4
FFF,2013J,568450,0,South East Region,A Level or Equivalent,30-40%,0-35,0,60,0,Pass,8,0,1,1,1,1,1,0,0,0,0,1,1,1,1,3
FFF,2013J,568551,1,West Midlands Region,A Level or Equivalent,20-Oct,0-35,0,90,0,Pass,15,0,0,1,1,0,0,1,1,0,1,1,1,0,0,10
FFF,2013J,568592,0,East Midlands Region,Lower Than A Level,50-60%,35-55,0,120,0,Fail,15,0,1,1,1,1,1,0,0,0,0,0,1,1,0,10
FFF,2013J,568602,0,West Midlands Region,A Level or Equivalent,20-Oct,0-35,0,90,1,Withdrawn,3,0,1,1,0,0,0,1,1,0,0,1,1,0,1,8
FFF,2013J,568644,0,East Midlands Region,A Level or Equivalent,20-30%,0-35,0,60,0,Pass,10,1,0,1,0,0,1,0,0,0,1,1,1,1,0,1
FFF,2013J,568763,0,London Region,A Level or Equivalent,70-80%,0-35,0,120,0,Fail,5,0,0,0,0,1,1,1,0,1,1,1,0,0,1,9
FFF,2013J,568767,0,South West Region,Lower Than A Level,30-40%,0-35,0,60,0,Fail,3,0,1,1,1,0,0,1,1,1,1,1,1,1,1,8
FFF,2013J,568774,0,West Midlands Region,A Level or Equivalent,20-Oct,0-35,0,120,0,Pass,1,1,1,0,1,1,1,0,1,1,1,1,1,1,0,2
FFF,2013J,568857,1,North Region,Lower Than A Level,,0-35,0,120,1,Withdrawn,4,0,0,1,1,0,1,0,1,0,0,1,0,0,0,8
FFF,2013J,568910,0,South Region,HE Qualification,40-50%,0-35,0,60,0,Fail,6,1,0,1,1,0,1,1,1,0,1,1,0,1,0,9
FFF,2013J,568987,1,South Region,A Level or Equivalent,20-Oct,0-35,0,120,0,Withdrawn,1,1,0,0,0,1,1,1,0,1,0,1,0,1,1,2
FFF,2013J,568998,0,South Region,A Level or Equivalent,50-60%,0-35,0,120,1,Withdrawn,11,1,0,1,0,0,0,1,0,0,0,0,1,0,0,6
FFF,2013J,569016,0,West Midlands Region,Lower Than A Level,0-10%,35-55,0,60,0,Pass,2,0,1,0,0,1,1,1,1,1,1,1,1,0,0,2
FFF,2013J,569070,0,East Anglian Region,Lower Than A Level,50-60%,0-35,0,60,0,Withdrawn,5,1,0,1,0,1,0,1,1,1,0,1,0,1,1,9
FFF,2013J,569107,0,South East Region,Lower Than A Level,80-90%,35-55,0,60,0,Pass,7,1,1,1,1,0,1,0,0,0,1,0,0,0,0,3
FFF,2013J,569132,0,South East Region,Lower Than A Level,80-90%,0-35,0,120,0,Fail,15,0,1,0,0,0,0,0,1,0,1,0,0,0,0,10
FFF,2013J,569167,0,East Anglian Region,HE Qualification,70-80%,0-35,0,60,0,Pass,2,0,1,1,1,0,0,1,1,1,0,0,0,0,0,2
FFF,2013J,569474,0,Yorkshire Region,Lower Than A Level,30-40%,35-55,0,60,0,Pass,9,0,0,0,0,0,0,0,1,1,1,1,1,1,0,4
FFF,2013J,569507,1,South Region,A Level or Equivalent,80-90%,35-55,0,60,0,Pass,16,0,0,0,1,1,1,0,1,1,1,0,1,1,0,10
FFF,2013J,569566,0,South Region,A Level or Equivalent,50-60%,35-55,0,60,0,Pass,9,1,0,1,0,0,0,1,0,1,0,0,0,0,0,4
FFF,2013J,569609,1,West Midlands Region,A Level or Equivalent,70-80%,0-35,0,120,0,Pass,2,1,1,1,0,0,1,0,0,0,1,0,1,0,1,2
FFF,2013J,569625,0,Scotland,A Level or Equivalent,60-70%,35-55,0,60,0,Pass,1,0,0,0,0,0,1,0,1,0,0,1,1,1,0,2
FFF,2013J,569712,0,South Region,Lower Than A Level,50-60%,35-55,0,120,1,Distinction,4,0,1,0,1,0,1,1,0,0,1,1,0,0,1,8
FFF,2013J,569807,0,Yorkshire Region,A Level or Equivalent,20-30%,0-35,0,60,0,Withdrawn,9,1,0,1,0,1,0,0,1,0,1,0,1,0,0,4
FFF,2013J,569994,1,London Region,Lower Than A Level,70-80%,0-35,0,120,0,Fail,7,0,1,0,0,0,0,0,1,0,0,1,1,1,0,3
FFF,2013J,570004,0,East Anglian Region,Lower Than A Level,80-90%,0-35,0,180,1,Withdrawn,3,1,0,0,1,0,1,0,1,0,0,1,1,0,0,8
FFF,2013J,570023,0,West Midlands Region,No Formal quals,0-10%,0-35,0,60,0,Withdrawn,4,1,0,1,0,0,0,0,0,0,0,1,1,0,1,8
FFF,2013J,570061,1,South West Region,Lower Than A Level,30-40%,0-35,0,180,1,Pass,3,1,1,0,1,0,0,1,0,1,1,0,0,0,1,8
FFF,2013J,570213,0,South Region,A Level or Equivalent,70-80%,35-55,0,60,0,Fail,15,0,0,1,0,1,1,0,0,0,0,0,0,0,1,10
FFF,2013J,570280,0,Ireland,A Level or Equivalent,90-100%,0-35,0,60,0,Withdrawn,2,1,0,0,0,1,1,0,1,0,0,0,0,0,0,2
FFF,2013J,570428,0,North Western Region,A Level or Equivalent,20-30%,0-35,0,120,0,Pass,10,1,0,1,1,0,0,0,1,1,0,0,0,0,1,1
FFF,2013J,570455,0,Wales,Lower Than A Level,30-40%,35-55,0,60,0,Pass,14,0,0,0,0,1,0,1,1,1,0,0,1,1,1,5
FFF,2013J,570515,0,Ireland,Lower Than A Level,,35-55,0,60,0,Fail,6,1,1,1,0,1,0,1,0,0,1,0,1,0,1,9
FFF,2013J,570517,0,South West Region,A Level or Equivalent,20-Oct,0-35,0,75,0,Pass,13,0,0,1,0,0,1,1,1,0,1,1,0,1,1,5
FFF,2013J,570550,0,East Midlands Region,A Level or Equivalent,50-60%,0-35,0,120,0,Fail,12,0,1,0,0,1,0,0,1,0,0,0,0,0,1,7
FFF,2013J,570689,0,East Midlands Region,A Level or Equivalent,90-100%,0-35,0,60,0,Withdrawn,4,0,1,1,1,1,1,0,1,1,0,0,0,1,1,8
FFF,2013J,570717,0,North Western Region,Lower Than A Level,50-60%,35-55,0,120,1,Pass,2,1,1,0,1,0,1,0,0,0,0,0,0,1,1,2
FFF,2013J,570732,0,East Midlands Region,Lower Than A Level,90-100%,0-35,0,60,0,Distinction,4,1,0,1,1,0,1,1,0,1,1,1,1,1,1,8
FFF,2013J,570807,1,North Region,A Level or Equivalent,,0-35,0,90,0,Distinction,9,1,0,0,0,0,1,1,0,1,1,1,0,0,0,4
FFF,2013J,570878,0,South Region,Lower Than A Level,50-60%,0-35,0,120,0,Fail,13,0,1,1,1,0,1,0,1,0,0,0,0,1,0,5
FFF,2013J,570978,1,West Midlands Region,A Level or Equivalent,70-80%,0-35,0,120,0,Pass,4,0,1,0,1,1,0,0,0,1,0,1,1,0,0,8
FFF,2013J,571019,0,West Midlands Region,Lower Than A Level,80-90%,0-35,0,60,0,Distinction,13,0,0,0,1,0,0,0,1,1,1,1,1,0,0,5
FFF,2013J,571022,0,West Midlands Region,A Level or Equivalent,0-10%,0-35,0,60,0,Pass,2,1,0,1,0,1,0,1,0,1,0,0,0,1,1,2
FFF,2013J,571044,1,North Western Region,Lower Than A Level,30-40%,35-55,0,90,0,Withdrawn,14,0,0,0,0,1,0,0,1,1,1,1,1,1,0,5
FFF,2013J,571079,0,South East Region,A Level or Equivalent,40-50%,0-35,0,60,0,Withdrawn,2,1,0,1,1,1,1,0,1,1,1,0,0,0,1,2
FFF,2013J,571117,0,Yorkshire Region,Lower Than A Level,0-10%,35-55,0,60,0,Fail,12,0,0,1,0,1,1,0,1,1,0,1,1,1,1,7
FFF,2013J,571355,0,Ireland,A Level or Equivalent,80-90%,0-35,0,60,0,Pass,1,0,0,0,0,0,0,0,1,0,0,0,0,0,1,2
FFF,2013J,571363,0,North Western Region,A Level or Equivalent,90-100%,0-35,0,120,0,Fail,4,0,1,0,0,1,1,1,1,1,0,1,0,1,1,8
FFF,2013J,571490,0,London Region,Lower Than A Level,20-30%,0-35,0,60,0,Pass,14,1,0,1,1,1,0,0,1,1,0,0,1,0,1,5
FFF,2013J,571575,1,London Region,Lower Than A Level,20-Oct,0-35,0,150,0,Withdrawn,4,1,0,1,1,1,1,0,1,1,1,0,0,0,1,8
FFF,2013J,571612,0,Wales,Lower Than A Level,50-60%,0-35,0,120,1,Withdrawn,12,1,0,0,1,0,1,1,0,1,0,0,1,0,0,7
FFF,2013J,571622,0,North Western Region,A Level or Equivalent,20-Oct,0-35,0,60,0,Pass,9,1,1,1,1,0,0,0,1,1,1,0,1,0,0,4
FFF,2013J,571630,0,Yorkshire Region,A Level or Equivalent,30-40%,35-55,0,120,0,Withdrawn,5,0,0,0,0,0,0,0,0,0,1,0,0,1,0,9
FFF,2013J,571638,0,Scotland,Lower Than A Level,40-50%,0-35,0,60,0,Fail,2,1,1,1,1,1,0,1,1,0,1,0,1,1,1,2
FFF,2013J,571650,0,London Region,Lower Than A Level,20-30%,0-35,0,120,0,Pass,8,1,1,1,1,0,0,0,1,1,1,1,0,0,1,3
FFF,2013J,571702,0,North Western Region,Lower Than A Level,50-60%,35-55,0,90,0,Withdrawn,6,1,1,0,0,0,0,0,0,1,1,1,1,1,0,9
FFF,2013J,571757,0,West Midlands Region,A Level or Equivalent,20-Oct,0-35,0,60,0,Fail,5,1,1,1,0,1,0,0,1,0,0,0,0,0,0,9
FFF,2013J,571800,0,West Midlands Region,Lower Than A Level,20-30%,0-35,0,60,0,Pass,10,0,0,1,0,0,1,1,1,1,1,1,1,1,0,1
FFF,2013J,571802,1,North Western Region,Lower Than A Level,20-Oct,0-35,0,60,0,Fail,6,1,0,0,0,0,0,1,1,1,1,1,1,0,1,9
FFF,2013J,571828,0,South West Region,Lower Than A Level,90-100%,0-35,0,60,0,Pass,6,1,1,0,1,1,1,0,1,1,0,1,1,1,1,9
FFF,2013J,571831,0,North Western Region,Lower Than A Level,80-90%,0-35,0,60,0,Pass,3,0,0,0,1,0,0,1,1,0,1,1,0,1,0,8
FFF,2013J,571844,0,Yorkshire Region,Lower Than A Level,20-Oct,0-35,0,180,0,Withdrawn,5,1,1,1,0,1,1,1,1,1,1,1,1,0,0,9
FFF,2013J,571859,1,South West Region,Lower Than A Level,60-70%,0-35,0,60,0,Pass,2,1,1,1,1,0,1,1,1,1,0,0,0,0,1,2
FFF,2013J,571862,0,North Region,A Level or Equivalent,70-80%,0-35,0,60,0,Distinction,12,0,1,1,1,0,0,1,1,1,0,1,1,0,1,7
FFF,2013J,571893,0,London Region,A Level or Equivalent,0-10%,0-35,0,90,0,Pass,9,1,0,1,1,1,0,1,1,1,0,0,0,1,1,4
FFF,2013J,571926,0,North Western Region,A Level or Equivalent,30-40%,0-35,0,90,0,Pass,15,0,1,0,0,0,1,1,1,1,0,0,1,0,1,10
FFF,2013J,571927,1,London Region,Lower Than A Level,40-50%,0-35,0,60,0,Fail,16,0,1,1,1,0,1,0,0,0,1,0,1,0,0,10
FFF,2013J,571935,0,Yorkshire Region,A Level or Equivalent,20-30%,0-35,0,90,0,Withdrawn,9,0,0,1,0,0,0,1,1,0,0,1,1,1,1,4
FFF,2013J,571973,0,London Region,Lower Than A Level,20-30%,0-35,0,60,0,Fail,3,0,1,1,0,0,1,1,1,0,0,1,0,0,0,8
FFF,2013J,571994,0,North Western Region,A Level or Equivalent,50-60%,0-35,0,60,0,Withdrawn,11,1,0,1,0,0,0,0,0,0,0,0,1,0,1,6
FFF,2013J,572003,0,North Region,A Level or Equivalent,20-Oct,35-55,0,120,0,Pass,2,0,0,1,1,1,1,1,1,0,0,0,0,0,0,2
FFF,2013J,572011,0,North Western Region,A Level or Equivalent,20-30%,0-35,0,60,0,Pass,5,0,0,1,1,0,0,1,0,1,1,0,0,1,0,9
FFF,2013J,572036,0,East Midlands Region,Lower Than A Level,20-30%,0-35,0,120,0,Pass,7,1,1,0,0,0,0,1,0,1,1,0,1,1,0,3
FFF,2013J,572047,0,East Anglian Region,Lower Than A Level,30-40%,0-35,0,60,0,Fail,4,0,0,0,1,1,1,0,0,0,1,0,1,1,0,8
FFF,2013J,572053,0,London Region,HE Qualification,20-30%,0-35,0,120,0,Distinction,7,1,1,0,1,0,0,1,1,0,1,0,1,0,1,3
FFF,2013J,572071,0,East Midlands Region,Lower Than A Level,70-80%,0-35,0,60,0,Withdrawn,14,0,1,1,0,0,1,0,0,0,0,0,1,0,1,5
FFF,2013J,572076,0,Scotland,Lower Than A Level,20-30%,0-35,0,120,0,Fail,4,1,1,0,0,1,1,0,0,0,0,0,1,1,0,8
FFF,2013J,572116,0,Wales,A Level or Equivalent,20-Oct,0-35,0,120,0,Fail,6,0,0,0,0,1,0,0,1,0,1,1,1,1,0,9
FFF,2013J,572124,0,North Western Region,A Level or Equivalent,40-50%,35-55,0,120,0,Pass,14,0,0,1,0,0,0,0,1,0,0,0,0,0,1,5
FFF,2013J,572125,0,East Anglian Region,Lower Than A Level,50-60%,0-35,0,120,0,Pass,9,0,0,0,0,1,0,0,1,0,1,1,0,0,0,4
FFF,2013J,572128,0,East Anglian Region,A Level or Equivalent,20-Oct,0-35,0,60,0,Withdrawn,12,1,1,0,1,1,0,1,1,0,0,0,1,1,0,7
FFF,2013J,572179,0,Scotland,Lower Than A Level,40-50%,0-35,0,90,1,Withdrawn,12,1,1,0,1,1,0,0,0,1,1,1,1,1,0,7
FFF,2013J,572199,0,London Region,Lower Than A Level,20-Oct,0-35,0,60,0,Fail,2,0,0,0,1,0,0,1,0,1,0,1,0,0,1,2
FFF,2013J,572209,0,South West Region,Lower Than A Level,20-Oct,35-55,0,180,1,Withdrawn,9,1,1,0,1,0,0,0,1,1,0,1,1,0,1,4
FFF,2013J,572213,1,East Anglian Region,HE Qualification,90-100%,0-35,0,60,0,Withdrawn,3,0,1,0,0,1,0,0,1,1,1,0,0,1,0,8
FFF,2013J,572250,0,East Anglian Region,A Level or Equivalent,90-100%,0-35,0,120,0,Pass,15,1,1,1,1,1,0,0,0,1,0,1,1,0,1,10
FFF,2013J,572265,0,London Region,A Level or Equivalent,30-40%,0-35,0,150,0,Withdrawn,15,0,0,0,1,0,0,0,1,0,0,0,0,0,0,10
FFF,2013J,572270,0,North Western Region,A Level or Equivalent,20-Oct,0-35,0,150,0,Fail,11,1,1,1,0,1,0,1,0,0,1,1,0,1,0,6
FFF,2013J,572274,1,East Anglian Region,A Level or Equivalent,40-50%,0-35,0,120,0,Pass,9,1,0,1,1,1,1,1,1,0,0,1,0,0,0,4
FFF,2013J,572304,0,East Anglian Region,A Level or Equivalent,50-60%,0-35,0,60,0,Fail,5,1,0,0,0,1,1,1,1,1,1,0,0,0,0,9
FFF,2013J,572346,0,South Region,A Level or Equivalent,90-100%,0-35,0,90,0,Fail,9,1,1,0,1,1,0,1,0,0,0,0,0,0,0,4
FFF,2013J,572397,0,Yorkshire Region,Lower Than A Level,60-70%,0-35,0,60,0,Pass,3,1,0,1,0,0,1,0,1,1,0,0,1,0,0,8
FFF,2013J,572410,0,Wales,HE Qualification,40-50%,0-35,0,60,0,Pass,13,0,0,1,1,1,0,1,0,1,1,0,0,0,1,5
FFF,2013J,572493,1,Yorkshire Region,Lower Than A Level,0-10%,0-35,0,120,0,Fail,4,1,0,0,1,0,1,1,0,0,0,0,1,0,1,8
FFF,2013J,572505,0,North Western Region,Lower Than A Level,60-70%,0-35,0,60,0,Pass,16,1,1,0,0,0,0,0,0,1,0,1,1,0,0,10
FFF,2013J,572532,0,South West Region,Lower Than A Level,20-30%,0-35,0,60,0,Withdrawn,16,0,1,0,1,1,0,1,0,1,0,1,1,0,0,10
FFF,2013J,572554,0,South East Region,Lower Than A Level,20-30%,0-35,0,60,0,Withdrawn,11,0,1,1,0,1,0,0,0,1,1,1,0,1,0,6
FFF,2013J,572560,0,East Anglian Region,Lower Than A Level,70-80%,35-55,0,60,0,Pass,4,0,1,0,1,0,1,1,1,0,0,1,1,0,0,8
FFF,2013J,572584,0,London Region,Lower Than A Level,50-60%,35-55,0,60,0,Pass,11,0,1,1,1,1,0,1,1,0,1,0,1,1,1,6
FFF,2013J,572588,0,South East Region,A Level or Equivalent,50-60%,0-35,0,60,0,Distinction,13,1,0,1,0,0,1,0,0,0,0,1,1,0,0,5
FFF,2013J,572589,1,East Midlands Region,Lower Than A Level,50-60%,0-35,0,60,0,Withdrawn,10,1,1,0,1,0,1,1,1,0,0,1,1,1,1,1
FFF,2013J,572634,0,South Region,A Level or Equivalent,40-50%,0-35,0,120,0,Pass,13,1,1,1,0,0,0,0,0,0,0,0,1,0,1,5
FFF,2013J,572702,1,East Anglian Region,Lower Than A Level,40-50%,0-35,0,120,0,Pass,12,1,1,1,1,0,0,0,1,1,0,0,0,0,1,7
FFF,2013J,572718,0,East Anglian Region,Lower Than A Level,20-30%,0-35,0,120,1,Fail,4,0,1,1,1,1,0,1,1,0,1,1,0,1,0,8
FFF,2013J,572769,1,North Western Region,Lower Than A Level,40-50%,0-35,0,120,0,Pass,6,0,0,0,1,0,1,0,1,0,1,0,1,1,0,9
FFF,2013J,572783,0,North Western Region,HE Qualification,80-90%,35-55,0,60,0,Pass,10,1,1,0,0,0,0,0,0,0,1,1,1,0,0,1
FFF,2013J,572816,0,East Midlands Region,Lower Than A Level,30-40%,0-35,0,120,0,Withdrawn,8,0,0,1,0,1,0,0,0,0,0,0,0,1,1,3
FFF,2013J,572845,0,Yorkshire Region,A Level or Equivalent,50-60%,0-35,0,60,0,Distinction,10,1,0,1,0,0,1,1,1,0,0,0,0,0,0,1
FFF,2013J,572860,1,London Region,No Formal quals,20-Oct,0-35,0,120,0,Pass,3,0,0,0,0,0,1,0,1,0,1,1,0,1,1,8
FFF,2013J,572871,0,North Western Region,A Level or Equivalent,20-30%,0-35,0,90,0,Withdrawn,7,1,0,0,1,0,0,0,1,1,0,0,0,0,1,3
FFF,2013J,572910,0,North Western Region,Lower Than A Level,20-Oct,0-35,0,60,0,Withdrawn,14,0,1,1,1,0,1,0,0,1,0,1,1,1,0,5
FFF,2013J,572981,0,Wales,A Level or Equivalent,20-Oct,0-35,0,90,0,Withdrawn,15,0,1,1,0,0,0,0,0,0,1,0,1,0,1,10
FFF,2013J,573007,0,Ireland,Lower Than A Level,70-80%,0-35,0,90,0,Withdrawn,16,0,0,1,1,0,0,0,1,0,0,0,0,0,0,10
FFF,2013J,573093,0,South East Region,A Level or Equivalent,70-80%,35-55,0,90,0,Pass,10,0,0,1,1,1,1,0,1,1,1,0,1,0,0,1
FFF,2013J,573150,0,East Anglian Region,Lower Than A Level,0-10%,35-55,0,60,0,Fail,1,0,0,0,1,0,0,1,1,1,0,1,1,1,0,2
FFF,2013J,573152,0,Yorkshire Region,A Level or Equivalent,20-30%,0-35,0,60,0,Pass,3,0,1,1,0,1,1,1,1,1,1,0,1,1,0,8
FFF,2013J,573166,0,West Midlands Region,A Level or Equivalent,30-40%,0-35,0,90,0,Pass,2,0,1,1,0,1,0,1,0,0,0,1,1,0,1,2
FFF,2013J,573173,0,South Region,Lower Than A Level,80-90%,0-35,0,60,0,Pass,1,1,0,0,1,0,1,0,0,0,1,1,1,1,1,2
FFF,2013J,573199,0,Yorkshire Region,A Level or Equivalent,50-60%,0-35,0,120,0,Fail,13,1,1,1,1,1,0,0,0,1,0,0,0,1,0,5
FFF,2013J,573224,0,Ireland,A Level or Equivalent,90-100%,0-35,0,120,0,Distinction,6,1,0,1,0,1,1,1,1,0,0,0,1,0,0,9
FFF,2013J,573245,0,South West Region,Lower Than A Level,90-100%,0-35,0,60,0,Fail,13,1,1,1,1,0,0,0,1,1,0,1,0,0,1,5
FFF,2013J,573280,0,East Midlands Region,Lower Than A Level,80-90%,0-35,0,60,0,Fail,2,0,1,1,0,1,1,0,1,0,0,1,1,1,1,2
FFF,2013J,573291,0,South Region,A Level or Equivalent,50-60%,35-55,0,60,0,Withdrawn,10,0,0,0,0,1,0,0,0,0,0,0,1,1,1,1
FFF,2013J,573317,0,Scotland,A Level or Equivalent,80-90%,0-35,0,60,0,Fail,6,0,1,0,1,1,1,0,1,1,0,0,1,1,1,9
FFF,2013J,573434,0,London Region,Lower Than A Level,40-50%,0-35,0,60,0,Pass,1,0,0,1,1,1,0,0,0,1,0,0,1,1,0,2
FFF,2013J,573467,0,Wales,A Level or Equivalent,70-80%,0-35,0,90,0,Pass,14,0,1,1,1,1,0,1,0,1,0,1,0,1,0,5
FFF,2013J,573481,0,South West Region,A Level or Equivalent,20-Oct,0-35,0,120,0,Withdrawn,9,1,0,0,1,1,0,0,0,1,1,0,0,1,1,4
FFF,2013J,573639,0,South Region,A Level or Equivalent,30-40%,0-35,0,60,0,Pass,16,0,0,1,1,0,1,1,0,1,0,0,0,0,1,10
FFF,2013J,573674,0,Ireland,A Level or Equivalent,20-Oct,0-35,0,60,0,Fail,3,1,1,1,0,1,0,1,1,1,0,0,0,0,0,8
FFF,2013J,573678,0,Ireland,A Level or Equivalent,90-100%,0-35,0,70,1,Pass,11,1,1,0,1,1,1,0,1,0,1,1,1,1,1,6
FFF,2013J,573696,0,London Region,A Level or Equivalent,0-10%,0-35,0,90,0,Fail,3,0,1,1,1,0,1,0,0,1,0,0,1,1,0,8
FFF,2013J,573697,1,South Region,HE Qualification,70-80%,0-35,0,180,0,Withdrawn,5,1,1,1,0,0,0,0,0,0,0,0,0,0,0,9
FFF,2013J,573704,0,Wales,Lower Than A Level,60-70%,0-35,0,90,0,Pass,4,1,0,0,1,1,0,0,1,0,0,1,0,0,1,8
FFF,2013J,573766,0,Yorkshire Region,HE Qualification,60-70%,0-35,0,60,0,Fail,10,1,1,1,0,1,1,1,0,0,1,1,0,0,0,1
FFF,2013J,573860,0,South West Region,Lower Than A Level,30-40%,0-35,0,60,0,Fail,6,0,0,0,1,0,0,1,0,1,1,1,1,1,0,9
FFF,2013J,573864,0,South West Region,A Level or Equivalent,60-70%,55<=,0,240,0,Pass,14,0,0,0,1,0,0,1,1,0,1,0,1,1,0,5
FFF,2013J,573900,0,Ireland,Lower Than A Level,,0-35,0,90,0,Pass,15,0,1,1,0,0,0,0,1,1,1,1,1,1,1,10
FFF,2013J,573901,0,Ireland,HE Qualification,80-90%,0-35,0,60,0,Fail,16,0,1,0,1,0,1,0,1,0,1,0,1,1,0,10
FFF,2013J,573922,0,North Region,A Level or Equivalent,80-90%,0-35,0,90,0,Withdrawn,14,0,0,1,1,1,0,0,0,1,1,1,1,0,0,5
FFF,2013J,573951,0,East Anglian Region,Lower Than A Level,40-50%,0-35,0,90,0,Pass,2,0,0,1,1,0,0,1,1,1,1,1,0,0,0,2
FFF,2013J,574056,0,West Midlands Region,Lower Than A Level,90-100%,0-35,0,60,0,Fail,2,0,0,1,1,1,0,1,0,0,0,0,1,0,1,2
FFF,2013J,574070,1,South East Region,Lower Than A Level,90-100%,0-35,0,60,0,Pass,15,0,0,1,0,0,1,0,1,0,1,1,0,1,0,10
FFF,2013J,574078,0,London Region,A Level or Equivalent,0-10%,0-35,0,60,0,Pass,4,0,1,1,0,0,1,0,0,1,1,0,1,1,1,8
FFF,2013J,574207,0,London Region,Lower Than A Level,0-10%,0-35,0,120,0,Pass,3,0,0,0,1,0,1,1,0,1,0,1,0,0,1,8
FFF,2013J,574232,0,London Region,A Level or Equivalent,70-80%,0-35,0,240,0,Withdrawn,9,1,1,1,0,0,0,1,1,0,0,0,0,0,1,4
FFF,2013J,574237,0,South West Region,A Level or Equivalent,30-40%,0-35,0,90,1,Withdrawn,2,1,0,1,0,1,1,0,0,1,0,0,1,0,1,2
FFF,2013J,574245,0,West Midlands Region,Lower Than A Level,30-40%,0-35,0,150,0,Fail,10,1,1,0,1,1,0,0,1,1,1,1,1,1,1,1
FFF,2013J,574282,0,London Region,A Level or Equivalent,70-80%,35-55,0,90,0,Withdrawn,3,1,1,0,0,1,1,1,0,0,0,0,0,1,1,8
FFF,2013J,574283,0,South Region,A Level or Equivalent,20-30%,35-55,0,120,0,Pass,15,1,0,0,0,0,0,1,1,0,0,1,1,0,1,10
FFF,2013J,574305,1,South Region,A Level or Equivalent,80-90%,0-35,0,60,0,Withdrawn,9,1,1,1,0,1,0,1,0,0,1,0,1,1,0,4
FFF,2013J,574315,0,North Western Region,A Level or Equivalent,0-10%,35-55,0,120,0,Distinction,15,0,1,1,0,1,1,0,0,1,1,1,0,1,1,10
FFF,2013J,574382,0,North Western Region,A Level or Equivalent,30-40%,35-55,0,60,0,Fail,9,0,1,1,1,0,0,0,1,0,0,1,0,0,1,4
FFF,2013J,574418,0,Ireland,Lower Than A Level,,0-35,0,60,0,Pass,6,0,0,1,0,0,0,1,0,1,0,1,1,0,0,9
FFF,2013J,574446,0,South Region,Lower Than A Level,90-100%,0-35,0,120,0,Distinction,11,0,1,0,0,0,1,1,1,0,0,1,0,0,1,6
FFF,2013J,574470,0,South Region,A Level or Equivalent,70-80%,0-35,0,60,0,Withdrawn,9,0,1,1,0,1,1,0,0,0,0,1,1,1,0,4
FFF,2013J,574534,0,East Midlands Region,Lower Than A Level,20-Oct,0-35,0,120,0,Pass,10,1,0,1,1,1,0,1,0,1,0,0,1,0,1,1
FFF,2013J,574551,0,Scotland,A Level or Equivalent,40-50%,0-35,0,90,0,Pass,11,0,0,0,1,1,1,0,1,1,0,1,1,1,1,6
FFF,2013J,574570,0,London Region,A Level or Equivalent,50-60%,0-35,0,60,0,Pass,10,0,0,1,1,0,0,1,0,0,1,0,1,0,0,1
FFF,2013J,574664,0,East Anglian Region,Lower Than A Level,80-90%,0-35,0,120,0,Fail,7,1,0,1,1,0,1,0,1,1,1,0,0,0,1,3
FFF,2013J,574681,0,East Anglian Region,Lower Than A Level,60-70%,0-35,0,60,0,Pass,2,0,0,1,0,0,0,0,1,0,1,1,1,0,0,2
FFF,2013J,574683,0,Yorkshire Region,A Level or Equivalent,20-30%,0-35,0,120,0,Fail,13,0,1,0,0,1,1,0,1,1,1,1,0,1,1,5
FFF,2013J,574695,0,Scotland,Lower Than A Level,90-100%,35-55,0,60,0,Withdrawn,15,0,0,0,1,0,1,1,0,0,1,0,0,1,1,10
FFF,2013J,574722,0,London Region,Lower Than A Level,20-30%,0-35,0,60,0,Pass,1,0,0,0,1,0,1,1,1,0,0,1,0,1,0,2
FFF,2013J,574732,1,Wales,Lower Than A Level,70-80%,0-35,0,60,0,Pass,12,0,0,0,1,0,1,1,0,0,1,0,0,1,0,7
FFF,2013J,574735,0,Yorkshire Region,Lower Than A Level,40-50%,35-55,0,60,0,Withdrawn,5,1,0,0,0,1,1,1,1,0,0,1,1,1,1,9
FFF,2013J,574737,0,East Anglian Region,A Level or Equivalent,40-50%,0-35,0,120,0,Withdrawn,5,1,1,0,1,0,1,0,1,0,0,1,1,1,0,9
FFF,2013J,574815,0,South Region,Lower Than A Level,90-100%,0-35,0,180,0,Withdrawn,8,0,1,0,1,1,1,1,0,0,1,1,1,0,1,3
FFF,2013J,574820,0,East Anglian Region,A Level or Equivalent,70-80%,0-35,0,60,0,Withdrawn,13,1,0,0,0,0,1,1,0,1,1,0,1,0,1,5
FFF,2013J,574845,0,South West Region,Lower Than A Level,20-Oct,0-35,0,90,0,Pass,15,0,0,0,0,0,1,0,0,1,0,0,1,0,1,10
FFF,2013J,574856,0,Wales,Lower Than A Level,20-30%,0-35,0,60,0,Fail,5,0,1,1,1,1,1,0,0,1,0,1,1,0,1,9
FFF,2013J,574871,0,South East Region,A Level or Equivalent,0-10%,0-35,0,60,0,Withdrawn,13,0,0,1,1,0,0,0,0,1,1,0,0,0,0,5
FFF,2013J,574874,0,London Region,A Level or Equivalent,50-60%,0-35,0,120,0,Distinction,6,1,0,1,1,1,1,1,1,1,0,0,1,0,0,9
FFF,2013J,574919,1,Wales,Lower Than A Level,0-10%,0-35,0,150,0,Withdrawn,15,1,0,1,0,1,1,0,1,0,1,0,1,1,0,10
FFF,2013J,574950,0,Yorkshire Region,A Level or Equivalent,0-10%,0-35,0,60,0,Withdrawn,1,1,1,0,0,1,0,1,0,0,1,1,0,1,1,2
FFF,2013J,574955,0,North Region,Lower Than A Level,20-30%,0-35,0,120,0,Fail,3,0,1,0,0,0,1,1,0,1,0,0,1,0,1,8
FFF,2013J,575003,0,Scotland,Lower Than A Level,90-100%,0-35,0,90,0,Withdrawn,2,0,0,1,0,0,1,1,0,1,1,0,1,0,1,2
FFF,2013J,575019,1,North Region,Lower Than A Level,20-30%,0-35,0,120,0,Withdrawn,3,1,1,1,1,1,0,1,0,1,0,1,0,1,1,8
FFF,2013J,575039,0,West Midlands Region,A Level or Equivalent,70-80%,35-55,0,60,0,Pass,1,0,0,0,1,1,1,0,1,1,0,0,0,1,0,2
FFF,2013J,575186,0,East Midlands Region,A Level or Equivalent,60-70%,0-35,0,120,0,Pass,10,1,0,0,1,1,0,1,0,0,0,1,0,1,0,1
FFF,2013J,575265,0,Yorkshire Region,Lower Than A Level,0-10%,0-35,0,60,0,Pass,6,0,1,1,0,1,1,0,0,0,1,1,1,0,0,9
FFF,2013J,575282,1,Wales,A Level or Equivalent,20-Oct,0-35,0,120,0,Fail,2,1,0,1,0,0,1,0,1,1,1,1,0,1,0,2
FFF,2013J,575372,0,London Region,A Level or Equivalent,20-Oct,0-35,0,120,0,Pass,4,0,0,1,1,1,1,1,0,1,0,0,1,1,1,8
FFF,2013J,575459,0,Yorkshire Region,Lower Than A Level,0-10%,0-35,0,240,1,Withdrawn,13,0,0,1,0,1,1,1,0,0,1,0,1,1,1,5
FFF,2013J,575476,0,North Western Region,Lower Than A Level,50-60%,0-35,0,60,0,Withdrawn,3,1,1,1,0,0,0,0,1,1,0,0,1,1,1,8
FFF,2013J,575512,0,North Region,A Level or Equivalent,20-Oct,0-35,0,120,0,Pass,6,0,0,0,1,0,1,1,0,1,0,1,1,0,0,9
FFF,2013J,575533,0,London Region,A Level or Equivalent,20-30%,0-35,0,60,0,Withdrawn,3,1,0,1,0,1,1,0,0,1,1,1,0,1,1,8
FFF,2013J,575655,0,London Region,Lower Than A Level,20-Oct,0-35,0,120,0,Withdrawn,13,1,0,0,1,0,1,0,1,1,0,0,0,0,1,5
FFF,2013J,575678,0,Scotland,A Level or Equivalent,90-100%,0-35,0,60,0,Pass,9,1,0,1,1,1,1,0,1,1,1,1,0,1,0,4
FFF,2013J,575797,0,Wales,Lower Than A Level,60-70%,0-35,0,120,0,Pass,1,1,1,1,0,0,1,1,1,1,1,1,0,1,1,2
FFF,2013J,575822,0,Yorkshire Region,Lower Than A Level,70-80%,0-35,0,120,0,Fail,10,0,0,1,1,1,0,0,0,1,1,1,0,0,0,1
FFF,2013J,575875,1,Scotland,A Level or Equivalent,20-30%,0-35,0,150,0,Withdrawn,14,0,1,1,1,1,1,1,1,1,1,0,0,1,1,5
FFF,2013J,575919,0,Wales,Lower Than A Level,0-10%,0-35,0,60,0,Fail,2,1,0,0,1,0,0,0,0,1,0,1,1,1,1,2
FFF,2013J,575941,0,North Western Region,A Level or Equivalent,40-50%,0-35,0,90,0,Withdrawn,11,0,1,0,1,1,1,1,1,0,1,0,1,0,1,6
FFF,2013J,575956,0,Scotland,Lower Than A Level,20-Oct,0-35,0,60,0,Pass,2,1,1,0,0,0,1,1,0,0,0,1,1,1,0,2
FFF,2013J,576032,0,Scotland,Lower Than A Level,70-80%,35-55,0,60,0,Fail,12,1,1,0,0,1,0,0,1,1,1,1,0,1,1,7
FFF,2013J,576088,1,West Midlands Region,Lower Than A Level,0-10%,35-55,0,60,0,Fail,2,0,0,1,0,1,1,0,1,0,1,1,0,0,1,2
FFF,2013J,576097,0,North Region,A Level or Equivalent,70-80%,0-35,0,60,0,Pass,1,1,0,1,0,1,1,0,1,1,0,0,0,0,0,2
FFF,2013J,576107,0,West Midlands Region,A Level or Equivalent,30-40%,0-35,0,120,0,Pass,4,1,1,0,0,0,0,1,1,1,1,0,1,1,0,8
FFF,2013J,576205,1,Yorkshire Region,Lower Than A Level,70-80%,0-35,0,60,0,Pass,16,1,0,1,1,1,1,0,0,1,1,1,0,0,1,10
FFF,2013J,576229,0,East Midlands Region,Lower Than A Level,30-40%,0-35,0,60,0,Pass,10,1,1,1,1,0,0,0,0,0,1,0,0,1,0,1
FFF,2013J,576281,0,East Midlands Region,Lower Than A Level,80-90%,0-35,0,90,0,Fail,3,1,1,0,1,0,1,1,1,1,1,0,0,0,0,8
FFF,2013J,576390,0,London Region,Lower Than A Level,20-30%,0-35,0,60,0,Fail,12,1,1,1,0,0,0,1,1,0,1,0,1,1,1,7
FFF,2013J,576399,0,Yorkshire Region,Lower Than A Level,20-30%,0-35,0,60,0,Pass,4,1,0,1,0,1,0,1,0,1,1,0,1,0,1,8
FFF,2013J,576417,0,Wales,Lower Than A Level,70-80%,0-35,0,60,0,Fail,4,0,0,0,0,0,0,0,0,0,1,1,0,1,0,8
FFF,2013J,576423,0,London Region,A Level or Equivalent,20-Oct,0-35,0,240,0,Fail,7,1,0,0,1,1,0,0,0,0,0,1,0,0,1,3
FFF,2013J,576431,0,London Region,A Level or Equivalent,60-70%,0-35,0,90,0,Pass,11,0,1,1,1,1,0,1,1,0,1,1,1,1,1,6
FFF,2013J,576433,0,East Anglian Region,A Level or Equivalent,60-70%,0-35,0,60,0,Distinction,11,0,1,0,1,1,1,0,0,1,1,0,1,0,0,6
FFF,2013J,576466,0,Scotland,A Level or Equivalent,20-Oct,0-35,0,90,1,Withdrawn,2,1,0,1,1,1,0,0,0,1,1,0,1,0,0,2
FFF,2013J,576512,0,South Region,A Level or Equivalent,50-60%,0-35,0,90,0,Fail,1,1,0,1,0,1,0,1,1,1,0,1,1,0,1,2
FFF,2013J,576518,0,London Region,A Level or Equivalent,30-40%,0-35,0,60,0,Pass,1,1,1,0,1,0,0,0,1,0,0,1,0,1,1,2
FFF,2013J,576568,0,South West Region,A Level or Equivalent,60-70%,0-35,0,60,0,Pass,15,0,1,1,0,1,1,1,1,0,0,1,1,1,0,10
FFF,2013J,576670,0,East Midlands Region,Lower Than A Level,20-Oct,0-35,0,90,0,Withdrawn,12,1,0,0,0,0,0,0,1,0,0,0,0,1,0,7
FFF,2013J,576672,0,East Midlands Region,A Level or Equivalent,90-100%,0-35,0,60,0,Pass,14,1,0,1,0,0,0,1,1,1,0,1,0,1,1,5
FFF,2013J,576681,0,North Region,A Level or Equivalent,0-10%,0-35,0,60,1,Withdrawn,15,1,1,1,1,0,1,1,0,1,0,1,1,0,1,10
FFF,2013J,576704,0,North Region,Lower Than A Level,,0-35,0,60,0,Pass,16,1,0,1,0,0,1,0,0,1,1,0,0,0,1,10
FFF,2013J,576765,0,South Region,HE Qualification,90-100%,0-35,0,60,0,Fail,1,0,0,0,1,0,1,1,1,0,1,0,0,0,0,2
FFF,2013J,576780,0,East Anglian Region,A Level or Equivalent,30-40%,0-35,0,120,0,Distinction,16,0,0,1,0,1,1,1,0,0,0,0,1,0,1,10
FFF,2013J,576789,0,Ireland,Lower Than A Level,,35-55,0,60,0,Pass,12,0,1,1,0,0,1,1,0,1,0,0,0,1,0,7
FFF,2013J,576791,0,North Region,HE Qualification,40-50%,0-35,0,120,0,Distinction,2,0,0,1,0,1,1,0,0,0,1,0,1,1,0,2
FFF,2013J,576813,0,London Region,Lower Than A Level,30-40%,0-35,0,60,0,Pass,14,0,0,1,1,1,0,1,0,1,0,0,0,0,0,5
FFF,2013J,576856,0,East Midlands Region,Lower Than A Level,50-60%,0-35,0,60,0,Fail,6,1,1,1,1,0,0,1,0,1,0,0,0,1,0,9
FFF,2013J,576888,0,South West Region,Lower Than A Level,50-60%,0-35,0,120,0,Pass,7,0,0,0,1,1,1,0,1,1,0,1,1,0,1,3
FFF,2013J,576921,1,East Midlands Region,A Level or Equivalent,40-50%,0-35,0,60,0,Distinction,12,1,1,1,0,0,0,0,0,1,1,0,1,0,0,7
FFF,2013J,576943,1,South Region,A Level or Equivalent,50-60%,35-55,0,60,0,Withdrawn,11,1,1,1,0,1,1,1,0,0,0,1,0,1,1,6
FFF,2013J,576972,0,South Region,A Level or Equivalent,80-90%,0-35,0,120,0,Withdrawn,8,1,1,0,1,0,1,1,1,0,1,0,1,1,0,3
FFF,2013J,577042,0,North Western Region,A Level or Equivalent,0-10%,0-35,0,60,0,Pass,5,1,0,0,1,0,1,1,1,0,1,0,1,0,1,9
FFF,2013J,577149,0,Wales,A Level or Equivalent,60-70%,0-35,0,60,0,Pass,12,0,0,1,1,1,0,1,0,1,1,1,0,0,1,7
FFF,2013J,577222,1,Scotland,A Level or Equivalent,20-Oct,0-35,0,90,0,Distinction,2,1,0,1,1,1,1,0,1,0,1,1,0,1,0,2
FFF,2013J,577371,0,North Western Region,Lower Than A Level,20-30%,0-35,0,60,0,Withdrawn,12,0,1,1,1,1,1,0,1,0,1,0,1,0,0,7
FFF,2013J,577389,0,North Region,Lower Than A Level,40-50%,0-35,0,60,0,Fail,2,1,0,0,1,1,0,1,1,1,0,0,1,0,1,2
FFF,2013J,577396,0,West Midlands Region,Lower Than A Level,70-80%,0-35,0,60,0,Withdrawn,2,1,1,1,1,1,1,0,1,1,1,1,1,1,1,2
FFF,2013J,577404,1,London Region,A Level or Equivalent,20-Oct,0-35,0,120,0,Distinction,13,1,0,0,1,0,0,0,1,0,1,0,0,1,0,5
FFF,2013J,577454,0,London Region,A Level or Equivalent,90-100%,0-35,0,90,0,Withdrawn,2,1,1,0,1,1,1,1,0,1,1,0,1,0,1,2
FFF,2013J,577476,0,Ireland,A Level or Equivalent,90-100%,0-35,0,90,0,Pass,9,0,1,1,0,1,1,0,0,1,1,0,0,0,1,4
FFF,2013J,577533,0,East Midlands Region,A Level or Equivalent,30-40%,0-35,0,120,0,Withdrawn,14,1,0,0,1,1,0,1,0,1,1,0,0,1,1,5
FFF,2013J,577605,0,Scotland,A Level or Equivalent,70-80%,0-35,0,120,0,Pass,10,1,1,0,0,0,1,1,1,1,0,1,1,1,0,1
FFF,2013J,577607,0,Ireland,Lower Than A Level,50-60%,0-35,0,90,0,Fail,14,1,1,0,1,0,1,1,0,0,1,1,1,0,0,5
FFF,2013J,577640,0,East Anglian Region,Lower Than A Level,70-80%,0-35,0,60,1,Withdrawn,16,0,0,1,1,1,0,1,1,0,1,0,1,1,1,10
FFF,2013J,577673,0,Scotland,HE Qualification,50-60%,0-35,0,120,1,Withdrawn,16,1,1,1,0,1,1,0,0,1,0,1,1,0,0,10
FFF,2013J,577688,0,West Midlands Region,Lower Than A Level,30-40%,0-35,0,90,0,Withdrawn,5,0,0,1,1,1,0,0,1,0,1,1,1,0,1,9
FFF,2013J,577721,0,Ireland,Lower Than A Level,50-60%,0-35,0,150,0,Withdrawn,5,1,0,1,1,0,0,1,0,1,0,1,1,0,0,9
FFF,2013J,577763,0,Scotland,Lower Than A Level,20-30%,35-55,0,60,0,Pass,15,1,1,0,1,0,0,0,1,1,0,0,1,0,0,10
FFF,2013J,577764,1,West Midlands Region,Lower Than A Level,80-90%,0-35,0,120,0,Distinction,16,0,1,1,0,1,1,1,0,1,1,0,0,0,1,10
FFF,2013J,577797,0,South West Region,Lower Than A Level,20-Oct,0-35,0,60,0,Withdrawn,1,1,1,1,0,1,0,0,0,0,0,1,1,1,0,2
FFF,2013J,577867,0,North Western Region,Lower Than A Level,60-70%,0-35,0,60,0,Pass,14,0,0,0,0,0,1,0,0,1,0,0,0,1,1,5
FFF,2013J,577922,0,South Region,A Level or Equivalent,90-100%,0-35,0,60,0,Distinction,16,1,0,1,1,0,0,0,0,0,1,1,0,1,1,10
FFF,2013J,577959,0,South West Region,A Level or Equivalent,80-90%,0-35,0,120,0,Distinction,16,1,0,1,0,0,0,1,1,0,0,1,1,1,0,10
FFF,2013J,577999,1,Yorkshire Region,Lower Than A Level,30-40%,0-35,0,60,0,Distinction,2,1,0,1,0,0,0,1,1,0,0,0,0,0,1,2
FFF,2013J,578050,0,Ireland,A Level or Equivalent,70-80%,0-35,0,90,0,Pass,16,0,1,0,0,0,1,1,0,0,0,0,0,1,1,10
FFF,2013J,578152,0,Wales,Lower Than A Level,90-100%,0-35,0,90,0,Withdrawn,1,1,1,1,1,1,0,1,1,0,1,1,1,0,1,2
FFF,2013J,578199,0,Scotland,A Level or Equivalent,20-Oct,0-35,0,90,0,Pass,3,0,0,1,1,1,0,1,1,1,0,0,0,1,0,8
FFF,2013J,578208,0,North Western Region,Lower Than A Level,20-30%,0-35,0,75,0,Withdrawn,15,1,0,0,1,1,1,1,0,0,1,0,0,1,1,10
FFF,2013J,578258,0,South West Region,Lower Than A Level,20-30%,0-35,0,180,0,Withdrawn,3,1,1,0,0,1,0,1,0,0,0,0,0,1,1,8
FFF,2013J,578259,0,East Midlands Region,A Level or Equivalent,80-90%,0-35,0,120,0,Withdrawn,2,0,0,1,0,1,1,1,1,1,0,0,1,0,1,2
FFF,2013J,578276,1,North Western Region,A Level or Equivalent,60-70%,0-35,0,120,0,Fail,1,0,0,1,0,1,0,1,1,0,0,0,1,0,0,2
FFF,2013J,578281,0,East Midlands Region,A Level or Equivalent,70-80%,0-35,0,150,0,Distinction,14,1,1,1,0,0,1,1,1,1,0,0,1,1,0,5
FFF,2013J,578492,0,East Anglian Region,Lower Than A Level,30-40%,0-35,0,90,0,Pass,3,0,1,0,1,1,0,1,1,0,1,1,0,0,0,8
FFF,2013J,578497,0,South Region,A Level or Equivalent,90-100%,0-35,0,60,0,Distinction,14,0,0,0,1,1,1,0,0,1,1,0,0,0,0,5
FFF,2013J,578519,0,East Anglian Region,A Level or Equivalent,90-100%,35-55,0,180,0,Pass,8,0,1,1,0,1,0,1,0,1,1,1,1,1,1,3
FFF,2013J,578547,0,South West Region,Lower Than A Level,40-50%,0-35,0,60,0,Fail,13,0,0,1,0,0,0,0,1,0,0,0,1,0,1,5
FFF,2013J,578550,0,East Anglian Region,Lower Than A Level,40-50%,35-55,0,90,0,Withdrawn,16,0,0,1,0,1,1,0,0,0,1,0,0,0,1,10
FFF,2013J,578561,0,Wales,Lower Than A Level,50-60%,35-55,0,60,0,Fail,2,1,0,1,0,1,1,0,0,1,1,1,0,0,1,2
FFF,2013J,578599,0,North Western Region,Lower Than A Level,0-10%,0-35,0,60,0,Withdrawn,4,1,0,0,0,0,1,0,1,0,0,1,0,1,0,8
FFF,2013J,578649,0,London Region,Lower Than A Level,30-40%,0-35,0,60,0,Withdrawn,12,1,1,0,0,1,0,1,0,1,0,0,1,1,1,7
FFF,2013J,578744,0,North Region,A Level or Equivalent,60-70%,0-35,0,120,0,Pass,13,1,1,1,1,1,0,0,1,1,0,1,1,0,0,5
FFF,2013J,579038,0,London Region,Lower Than A Level,20-Oct,35-55,0,120,0,Pass,12,0,0,1,0,1,1,0,1,0,1,1,1,1,1,7
FFF,2013J,579064,0,West Midlands Region,Lower Than A Level,20-Oct,0-35,0,60,0,Withdrawn,9,1,1,0,1,0,1,0,0,1,1,0,0,1,0,4
FFF,2013J,579069,0,London Region,Lower Than A Level,20-30%,35-55,0,120,0,Withdrawn,2,0,1,1,1,0,1,0,1,0,0,0,0,0,0,2
FFF,2013J,579115,0,Wales,Lower Than A Level,0-10%,0-35,0,60,0,Fail,5,0,0,0,0,1,1,1,1,0,0,0,1,0,1,9
FFF,2013J,579176,1,Scotland,HE Qualification,40-50%,35-55,0,75,0,Pass,15,1,0,1,0,1,0,0,0,1,0,0,1,1,1,10
FFF,2013J,579257,0,South East Region,A Level or Equivalent,90-100%,0-35,0,60,0,Pass,10,0,0,1,0,1,1,0,1,1,0,1,0,0,1,1
FFF,2013J,579278,0,South West Region,Lower Than A Level,30-40%,0-35,0,60,0,Pass,7,1,0,0,0,0,1,1,0,0,0,1,0,1,1,3
FFF,2013J,579307,0,North Region,Lower Than A Level,20-Oct,0-35,0,60,0,Withdrawn,9,0,0,0,1,0,0,0,1,0,0,1,0,1,0,4
FFF,2013J,579354,1,Scotland,Lower Than A Level,60-70%,0-35,0,60,0,Withdrawn,2,0,1,0,1,1,0,0,0,0,1,1,0,0,0,2
FFF,2013J,579361,0,East Midlands Region,Lower Than A Level,60-70%,35-55,0,120,0,Withdrawn,6,1,0,1,1,1,1,0,0,0,1,0,0,1,1,9
FFF,2013J,579415,0,South West Region,Lower Than A Level,40-50%,0-35,0,120,0,Fail,2,0,1,0,1,0,1,1,0,0,0,1,0,1,0,2
FFF,2013J,579416,0,East Midlands Region,Lower Than A Level,50-60%,0-35,0,60,0,Fail,6,1,0,1,0,1,1,1,1,0,0,0,1,0,1,9
FFF,2013J,579482,0,Scotland,A Level or Equivalent,70-80%,35-55,0,60,0,Fail,9,0,1,0,0,1,0,1,0,0,1,1,1,1,1,4
FFF,2013J,579506,0,North Region,A Level or Equivalent,50-60%,0-35,0,60,0,Pass,9,1,0,1,0,0,0,1,0,1,1,0,1,1,1,4
FFF,2013J,579526,0,Yorkshire Region,Lower Than A Level,80-90%,0-35,0,60,0,Pass,6,1,1,0,1,1,1,1,0,0,1,1,0,1,0,9
FFF,2013J,579557,0,South West Region,A Level or Equivalent,40-50%,0-35,0,60,0,Distinction,14,0,1,1,1,1,0,0,0,0,1,1,0,1,0,5
FFF,2013J,579685,0,West Midlands Region,No Formal quals,0-10%,0-35,0,60,0,Fail,1,0,0,1,1,1,1,1,0,1,0,0,1,0,1,2
FFF,2013J,579737,0,North Region,A Level or Equivalent,20-30%,0-35,0,60,0,Pass,4,0,0,0,0,1,1,0,1,1,0,0,1,1,1,8
FFF,2013J,580317,0,West Midlands Region,A Level or Equivalent,40-50%,0-35,0,120,0,Distinction,3,1,0,1,0,0,0,1,0,1,1,0,1,1,0,8
FFF,2013J,580342,0,East Midlands Region,Lower Than A Level,30-40%,0-35,0,60,0,Pass,13,1,1,0,1,1,1,1,1,1,0,0,0,1,1,5
FFF,2013J,580358,0,London Region,HE Qualification,40-50%,0-35,0,210,0,Withdrawn,9,0,0,1,1,0,0,0,0,1,0,0,0,1,1,4
FFF,2013J,580380,1,East Anglian Region,A Level or Equivalent,50-60%,0-35,0,60,0,Pass,7,1,0,0,0,1,0,1,1,0,0,1,0,0,1,3
FFF,2013J,580477,0,East Anglian Region,Lower Than A Level,80-90%,0-35,0,120,1,Withdrawn,2,0,0,1,1,1,0,0,0,1,0,1,0,1,1,2
FFF,2013J,580484,0,Scotland,HE Qualification,70-80%,0-35,0,135,0,Fail,15,1,0,1,1,0,0,1,1,0,1,0,0,0,1,10
FFF,2013J,580533,0,London Region,Lower Than A Level,20-Oct,0-35,0,120,1,Withdrawn,14,1,1,0,0,1,0,1,1,1,0,0,0,1,1,5
FFF,2013J,580555,0,South West Region,A Level or Equivalent,70-80%,0-35,0,120,0,Pass,11,0,1,1,0,0,0,1,0,0,0,1,0,0,0,6
FFF,2013J,580657,0,East Anglian Region,A Level or Equivalent,70-80%,0-35,0,60,0,Pass,2,1,0,0,0,0,1,0,1,1,0,1,1,0,0,2
FFF,2013J,580658,0,North Western Region,Lower Than A Level,0-10%,0-35,0,60,1,Withdrawn,2,0,1,1,0,0,0,0,0,1,1,0,1,1,1,2
FFF,2013J,580702,0,London Region,HE Qualification,80-90%,0-35,0,120,0,Pass,2,0,1,1,1,1,0,0,1,0,0,1,0,1,0,2
FFF,2013J,580709,0,South Region,A Level or Equivalent,20-Oct,0-35,0,60,0,Pass,11,1,1,1,1,1,1,0,0,0,0,0,0,0,1,6
FFF,2013J,580743,0,North Western Region,HE Qualification,30-40%,35-55,0,60,0,Pass,2,1,0,1,1,1,1,0,0,1,1,1,1,1,0,2
FFF,2013J,580755,1,East Midlands Region,A Level or Equivalent,20-Oct,0-35,0,60,0,Withdrawn,9,0,0,0,1,1,1,1,0,0,0,0,1,0,0,4
FFF,2013J,580771,0,South West Region,Lower Than A Level,70-80%,0-35,0,120,0,Withdrawn,2,1,0,1,0,0,1,1,0,1,0,0,0,1,1,2
FFF,2013J,580779,1,East Midlands Region,A Level or Equivalent,70-80%,0-35,0,90,0,Pass,2,1,1,1,1,0,0,1,1,0,1,1,1,1,1,2
FFF,2013J,580824,0,London Region,Lower Than A Level,20-30%,0-35,0,150,0,Withdrawn,16,0,0,0,0,1,1,1,1,1,1,1,1,0,0,10
FFF,2013J,580842,1,South Region,Lower Than A Level,90-100%,35-55,0,90,0,Distinction,6,1,1,0,1,0,0,1,1,1,0,1,1,1,0,9
FFF,2013J,580867,0,East Midlands Region,Lower Than A Level,0-10%,0-35,0,60,0,Pass,9,0,0,0,0,0,1,1,0,1,1,0,1,0,1,4
FFF,2013J,581034,1,West Midlands Region,Lower Than A Level,20-30%,35-55,0,90,0,Pass,15,0,0,0,0,0,1,0,0,1,0,1,0,1,0,10
FFF,2013J,581135,0,South East Region,A Level or Equivalent,80-90%,0-35,0,60,0,Pass,1,1,1,0,1,0,0,0,0,1,1,1,1,0,0,2
FFF,2013J,581219,0,North Western Region,Lower Than A Level,80-90%,0-35,0,60,0,Withdrawn,6,1,1,1,0,0,0,0,0,1,1,1,1,0,1,9
FFF,2013J,581253,0,West Midlands Region,Lower Than A Level,50-60%,35-55,0,60,0,Fail,12,0,0,0,1,0,1,0,1,0,0,1,1,0,1,7
FFF,2013J,581261,0,South Region,No Formal quals,50-60%,0-35,0,60,0,Pass,12,0,1,1,0,1,0,1,1,0,0,1,1,0,0,7
FFF,2013J,581307,0,Ireland,Lower Than A Level,30-40%,0-35,0,90,0,Fail,1,1,0,1,0,0,1,1,1,1,0,1,0,1,1,2
FFF,2013J,581332,0,South Region,Lower Than A Level,20-30%,0-35,0,90,0,Pass,3,0,1,0,0,0,1,1,0,1,0,0,1,0,1,8
FFF,2013J,581341,0,East Midlands Region,A Level or Equivalent,70-80%,0-35,0,150,0,Withdrawn,6,0,0,0,0,1,0,1,1,1,0,0,1,1,0,9
FFF,2013J,581342,0,East Anglian Region,Lower Than A Level,50-60%,0-35,0,120,0,Fail,6,0,1,1,0,0,1,0,1,0,1,0,0,0,0,9
FFF,2013J,581410,0,South East Region,A Level or Equivalent,50-60%,0-35,0,60,1,Pass,11,1,0,0,1,1,0,1,1,0,0,1,1,1,1,6
FFF,2013J,581412,0,Wales,Lower Than A Level,80-90%,0-35,0,150,0,Fail,11,1,0,1,1,0,0,0,0,1,1,1,0,0,1,6
FFF,2013J,581486,0,North Region,Lower Than A Level,,0-35,0,90,0,Pass,14,1,1,0,0,0,0,0,1,1,0,0,1,0,1,5
FFF,2013J,581490,1,Yorkshire Region,Lower Than A Level,20-Oct,0-35,0,120,0,Pass,3,0,0,1,0,1,1,0,1,0,1,1,0,0,1,8
FFF,2013J,581523,0,South East Region,A Level or Equivalent,40-50%,0-35,0,150,0,Pass,11,0,0,1,0,0,0,1,0,0,0,1,1,0,1,6
FFF,2013J,581532,0,South Region,Lower Than A Level,40-50%,0-35,0,120,0,Pass,15,1,0,1,1,1,1,0,1,0,1,0,0,0,1,10
FFF,2013J,581563,0,North Region,A Level or Equivalent,20-Oct,0-35,0,120,0,Withdrawn,11,1,0,0,0,0,0,1,1,0,1,1,1,0,0,6
FFF,2013J,581574,0,South East Region,Lower Than A Level,50-60%,0-35,0,60,0,Pass,3,1,1,0,1,0,1,1,0,0,1,0,1,1,1,8
FFF,2013J,581614,0,East Anglian Region,A Level or Equivalent,90-100%,0-35,0,120,0,Pass,3,1,1,1,1,0,0,0,0,1,1,0,1,1,1,8
FFF,2013J,581616,0,London Region,Lower Than A Level,0-10%,0-35,0,60,0,Fail,11,0,1,1,0,1,1,0,0,1,0,1,0,0,0,6
FFF,2013J,581656,0,South West Region,A Level or Equivalent,60-70%,0-35,0,60,1,Pass,1,1,0,1,0,1,1,0,1,1,0,0,1,0,0,2
FFF,2013J,581700,0,South East Region,A Level or Equivalent,30-40%,0-35,0,90,0,Fail,6,0,0,1,1,1,0,1,1,1,1,0,0,1,0,9
FFF,2013J,581716,1,Ireland,Lower Than A Level,0-10%,0-35,0,180,0,Withdrawn,2,1,0,0,1,1,1,0,0,1,1,1,0,0,0,2
FFF,2013J,581769,0,London Region,Lower Than A Level,60-70%,35-55,0,60,0,Pass,8,1,0,1,1,0,1,0,0,0,1,0,0,1,0,3
FFF,2013J,581770,0,East Anglian Region,A Level or Equivalent,30-40%,0-35,0,60,0,Pass,12,1,1,0,1,1,1,0,1,0,0,0,1,0,0,7
FFF,2013J,581787,0,East Anglian Region,A Level or Equivalent,60-70%,0-35,0,120,0,Pass,8,0,0,1,0,0,1,0,0,0,1,0,1,1,0,3
FFF,2013J,581796,0,Scotland,HE Qualification,20-Oct,0-35,0,60,0,Pass,14,1,1,1,1,0,0,1,1,1,0,1,1,1,1,5
FFF,2013J,581810,0,South East Region,A Level or Equivalent,50-60%,0-35,0,60,0,Pass,4,0,0,0,1,0,1,1,0,0,0,1,0,0,1,8
FFF,2013J,581836,0,Ireland,A Level or Equivalent,40-50%,0-35,0,150,0,Distinction,16,0,0,0,0,0,0,0,0,0,0,1,0,0,1,10
FFF,2013J,581838,0,South Region,A Level or Equivalent,70-80%,0-35,0,90,0,Pass,9,0,1,1,0,1,1,0,1,1,1,0,1,0,0,4
FFF,2013J,581897,0,East Anglian Region,A Level or Equivalent,40-50%,0-35,0,60,0,Withdrawn,4,1,1,0,0,0,0,0,0,0,1,0,1,0,0,8
FFF,2013J,582003,0,North Western Region,Lower Than A Level,50-60%,0-35,0,120,0,Withdrawn,10,1,1,1,0,0,1,1,1,0,0,0,1,0,1,1
FFF,2013J,582063,0,East Anglian Region,Lower Than A Level,80-90%,0-35,0,90,0,Pass,10,1,1,1,1,1,1,1,0,1,0,1,0,1,1,1
FFF,2013J,582080,0,South East Region,Lower Than A Level,20-Oct,35-55,0,60,0,Fail,11,1,1,1,0,1,0,0,1,0,0,0,1,1,0,6
FFF,2013J,582108,0,London Region,A Level or Equivalent,20-Oct,0-35,0,90,0,Pass,6,0,0,1,1,0,1,0,1,0,0,1,0,1,1,9
FFF,2013J,582125,0,Scotland,A Level or Equivalent,50-60%,0-35,0,60,0,Pass,15,0,0,0,1,1,1,1,1,1,0,0,1,0,1,10
FFF,2013J,582154,0,South East Region,A Level or Equivalent,90-100%,0-35,0,90,0,Withdrawn,1,1,0,1,1,0,1,1,1,1,1,1,1,0,0,2
FFF,2013J,582181,0,Yorkshire Region,A Level or Equivalent,20-Oct,0-35,0,120,0,Withdrawn,9,1,0,1,0,0,0,1,1,0,0,1,1,0,0,4
FFF,2013J,582235,0,North Region,A Level or Equivalent,20-Oct,0-35,0,60,0,Pass,9,1,0,1,0,1,1,0,0,1,0,1,0,0,0,4
FFF,2013J,582251,0,East Midlands Region,Lower Than A Level,40-50%,35-55,0,60,0,Withdrawn,10,0,0,0,0,1,0,0,1,1,0,0,0,0,1,1
FFF,2013J,582275,0,Scotland,HE Qualification,50-60%,35-55,0,60,0,Fail,7,1,0,0,1,1,1,0,0,0,0,0,0,0,1,3
FFF,2013J,582282,0,Scotland,Lower Than A Level,60-70%,0-35,0,85,1,Withdrawn,4,0,1,1,0,0,0,0,1,0,0,1,1,0,1,8
FFF,2013J,582311,0,South Region,Lower Than A Level,30-40%,0-35,0,60,0,Fail,11,0,0,1,1,0,0,1,0,1,1,0,0,1,0,6
FFF,2013J,582364,0,North Western Region,Lower Than A Level,20-Oct,35-55,0,120,0,Pass,6,1,1,1,0,1,1,0,0,1,0,0,1,0,0,9
FFF,2013J,582392,0,Wales,A Level or Equivalent,20-Oct,35-55,0,60,0,Pass,2,1,1,1,0,1,1,0,1,1,1,1,1,0,1,2
FFF,2013J,582494,0,West Midlands Region,Lower Than A Level,30-40%,0-35,0,60,0,Pass,8,1,0,0,0,1,1,1,1,1,0,0,1,1,1,3
FFF,2013J,582510,0,East Midlands Region,A Level or Equivalent,20-Oct,0-35,0,120,0,Pass,16,1,1,0,0,0,0,0,0,1,1,0,1,1,0,10
FFF,2013J,582562,0,Scotland,HE Qualification,,35-55,0,60,0,Pass,5,1,1,0,1,1,0,1,1,1,1,0,0,1,0,9
FFF,2013J,582629,0,Wales,HE Qualification,0-10%,0-35,0,180,0,Withdrawn,12,1,1,0,1,0,1,1,1,1,0,0,1,1,0,7
FFF,2013J,582665,0,North Western Region,Lower Than A Level,30-40%,0-35,0,60,0,Withdrawn,15,0,0,1,1,1,0,0,0,0,0,1,0,1,0,10
FFF,2013J,582677,0,South West Region,Lower Than A Level,50-60%,0-35,0,210,0,Pass,2,1,0,1,1,1,0,0,0,1,1,0,0,1,0,2
FFF,2013J,582679,1,Scotland,HE Qualification,80-90%,0-35,0,90,0,Withdrawn,14,1,1,1,1,0,1,0,1,0,1,1,0,1,0,5
FFF,2013J,582690,0,London Region,Lower Than A Level,80-90%,0-35,0,90,1,Withdrawn,16,1,1,1,1,1,0,0,0,1,0,1,1,0,1,10
FFF,2013J,582705,0,Yorkshire Region,A Level or Equivalent,20-Oct,0-35,0,60,0,Pass,2,0,1,0,1,1,0,0,1,1,1,0,0,0,1,2
FFF,2013J,582790,0,South East Region,A Level or Equivalent,40-50%,0-35,0,60,0,Pass,16,0,0,1,1,1,0,1,0,0,0,1,1,1,0,10
FFF,2013J,582842,0,South West Region,A Level or Equivalent,40-50%,0-35,0,120,1,Withdrawn,2,0,0,1,1,1,1,1,0,1,1,0,1,1,1,2
FFF,2013J,582950,0,Scotland,HE Qualification,30-40%,0-35,0,90,0,Distinction,14,1,0,0,0,1,1,0,1,0,1,0,1,0,1,5
FFF,2013J,582992,0,Scotland,Lower Than A Level,70-80%,0-35,0,60,0,Withdrawn,4,0,1,1,1,0,0,0,0,0,0,1,1,1,0,8
FFF,2013J,583033,0,South East Region,HE Qualification,50-60%,0-35,0,60,0,Withdrawn,15,0,0,0,1,0,0,0,0,0,0,1,0,0,0,10
FFF,2013J,583051,0,East Midlands Region,Lower Than A Level,80-90%,0-35,0,180,0,Withdrawn,4,0,0,1,1,0,1,0,0,1,1,1,1,0,0,8
FFF,2013J,583070,1,East Anglian Region,Lower Than A Level,30-40%,35-55,0,90,0,Fail,6,1,0,1,1,0,1,1,0,1,0,1,1,1,1,9
FFF,2013J,583081,0,North Region,A Level or Equivalent,0-10%,0-35,0,120,0,Withdrawn,16,0,1,0,0,0,0,1,1,0,1,0,1,0,1,10
FFF,2013J,583121,0,Scotland,Post Graduate Qualification,90-100%,35-55,0,60,0,Fail,1,1,0,0,1,0,1,1,0,0,0,0,0,0,1,2
FFF,2013J,583128,0,West Midlands Region,Lower Than A Level,0-10%,0-35,0,60,1,Withdrawn,14,1,1,1,0,0,0,1,1,0,1,1,1,0,0,5
FFF,2013J,583131,0,Ireland,HE Qualification,70-80%,0-35,0,120,0,Pass,5,0,0,0,1,1,0,0,0,0,0,1,1,0,0,9
FFF,2013J,583149,0,London Region,A Level or Equivalent,20-Oct,0-35,0,60,0,Fail,7,1,1,1,1,0,0,0,1,1,0,0,1,1,0,3
FFF,2013J,583202,1,West Midlands Region,Lower Than A Level,70-80%,0-35,0,90,0,Pass,5,1,1,0,0,1,1,0,0,0,0,0,1,1,0,9
FFF,2013J,583232,0,West Midlands Region,A Level or Equivalent,70-80%,0-35,0,60,0,Pass,16,1,1,0,1,1,0,1,0,1,0,1,1,0,0,10
FFF,2013J,583236,0,South West Region,HE Qualification,70-80%,0-35,0,60,0,Fail,5,0,0,1,0,0,0,1,0,0,0,0,0,0,1,9
FFF,2013J,583286,1,East Anglian Region,Lower Than A Level,30-40%,0-35,0,120,0,Pass,4,0,0,0,0,0,0,0,0,0,0,1,1,1,1,8
FFF,2013J,583381,0,North Region,A Level or Equivalent,20-Oct,0-35,0,60,0,Pass,11,0,0,1,0,0,1,1,1,1,1,0,0,0,1,6
FFF,2013J,583526,0,North Western Region,Lower Than A Level,0-10%,0-35,0,60,0,Pass,2,1,1,1,0,0,1,1,0,0,1,1,0,0,0,2
FFF,2013J,583591,1,London Region,Lower Than A Level,20-30%,0-35,0,60,0,Withdrawn,8,1,0,1,1,1,1,0,0,1,0,1,1,1,0,3
FFF,2013J,583599,0,North Western Region,Lower Than A Level,60-70%,0-35,0,60,0,Fail,4,0,0,1,1,1,1,0,1,1,1,1,0,0,1,8
FFF,2013J,583741,0,Scotland,A Level or Equivalent,90-100%,0-35,0,60,0,Pass,16,1,0,0,1,1,1,1,1,0,1,0,1,1,1,10
FFF,2013J,583824,0,South Region,Lower Than A Level,60-70%,0-35,0,60,0,Pass,2,1,1,1,0,1,0,1,1,1,0,0,0,0,1,2
FFF,2013J,583826,0,London Region,Lower Than A Level,20-Oct,0-35,0,60,0,Withdrawn,16,1,0,1,1,1,0,1,0,1,1,1,1,0,0,10
FFF,2013J,583840,0,Yorkshire Region,A Level or Equivalent,40-50%,0-35,0,120,0,Withdrawn,4,0,1,0,1,1,1,0,1,1,1,0,1,1,0,8
FFF,2013J,583867,0,East Midlands Region,Lower Than A Level,20-30%,0-35,0,150,0,Pass,8,1,0,0,0,0,1,1,0,0,1,0,0,1,0,3
FFF,2013J,583966,1,South East Region,A Level or Equivalent,50-60%,0-35,0,90,1,Fail,11,1,0,1,0,1,1,0,0,0,1,1,0,0,0,6
FFF,2013J,583993,0,South Region,A Level or Equivalent,80-90%,0-35,0,120,1,Fail,4,0,1,1,1,1,1,0,1,1,1,0,1,1,0,8
FFF,2013J,584040,1,East Midlands Region,Lower Than A Level,60-70%,0-35,0,90,0,Fail,16,1,1,1,0,0,0,0,0,0,1,0,0,0,0,10
FFF,2013J,584078,1,East Anglian Region,Lower Than A Level,70-80%,0-35,0,60,0,Fail,6,1,1,1,0,1,0,0,0,0,1,1,0,1,1,9
FFF,2013J,584111,0,South West Region,HE Qualification,60-70%,0-35,0,90,0,Pass,5,1,0,1,0,1,0,0,1,1,1,0,0,1,0,9
FFF,2013J,584210,0,South West Region,Lower Than A Level,70-80%,0-35,0,60,0,Fail,4,1,0,1,1,0,0,0,0,1,0,1,1,1,0,8
FFF,2013J,584214,0,East Midlands Region,A Level or Equivalent,50-60%,0-35,0,60,0,Distinction,7,1,1,0,1,0,1,1,1,0,0,1,1,1,0,3
FFF,2013J,584225,1,Wales,Lower Than A Level,40-50%,35-55,0,60,0,Fail,11,1,0,1,0,0,1,1,1,0,1,1,1,1,1,6
FFF,2013J,584362,0,West Midlands Region,A Level or Equivalent,50-60%,0-35,0,120,0,Withdrawn,5,0,1,1,1,1,1,1,1,1,0,0,1,0,1,9
FFF,2013J,584446,1,Ireland,HE Qualification,,0-35,0,120,0,Pass,2,0,0,1,1,1,0,0,1,1,0,0,1,1,0,2
FFF,2013J,584468,1,North Western Region,A Level or Equivalent,30-40%,35-55,0,120,0,Pass,9,0,1,0,0,0,0,0,1,1,0,1,1,0,1,4
FFF,2013J,584546,0,Yorkshire Region,Lower Than A Level,20-30%,0-35,0,90,0,Pass,10,0,1,1,0,0,1,1,1,0,1,0,0,1,1,1
FFF,2013J,584550,1,London Region,Lower Than A Level,40-50%,0-35,0,90,0,Pass,15,1,0,0,0,1,1,1,1,1,0,0,0,1,0,10
FFF,2013J,584594,0,South East Region,A Level or Equivalent,40-50%,0-35,0,90,0,Fail,15,0,0,1,0,0,0,0,1,1,0,1,1,0,0,10
FFF,2013J,584601,0,South West Region,Lower Than A Level,20-30%,0-35,0,90,0,Pass,11,0,1,1,0,0,0,0,1,1,1,1,0,1,0,6
FFF,2013J,584673,0,London Region,A Level or Equivalent,20-Oct,0-35,0,120,0,Withdrawn,14,1,1,1,0,1,1,0,0,0,1,0,1,1,0,5
FFF,2013J,584687,0,South West Region,A Level or Equivalent,50-60%,0-35,0,60,0,Fail,11,0,0,1,0,1,1,0,0,1,1,1,1,1,1,6
FFF,2013J,584749,1,West Midlands Region,Lower Than A Level,20-Oct,0-35,0,180,0,Withdrawn,4,0,0,0,1,0,1,0,0,1,1,1,0,1,0,8
FFF,2013J,584771,0,Scotland,HE Qualification,20-30%,0-35,0,90,0,Pass,4,1,1,1,0,0,1,1,1,0,1,0,0,0,1,8
FFF,2013J,584792,0,South West Region,Lower Than A Level,20-30%,0-35,0,60,0,Withdrawn,16,1,0,1,0,1,1,0,1,1,1,1,0,0,1,10
FFF,2013J,584806,0,West Midlands Region,HE Qualification,0-10%,0-35,0,120,0,Fail,4,1,0,0,1,0,0,0,0,0,0,0,1,1,1,8
FFF,2013J,585033,0,Wales,Lower Than A Level,20-Oct,0-35,0,60,0,Pass,10,1,1,1,0,1,1,0,0,1,0,1,0,1,1,1
FFF,2013J,585050,0,Yorkshire Region,A Level or Equivalent,50-60%,35-55,0,60,0,Withdrawn,2,0,0,0,1,1,0,0,0,0,0,1,1,1,0,2
FFF,2013J,585093,0,North Region,Post Graduate Qualification,,35-55,0,90,0,Distinction,14,0,1,1,1,0,0,0,0,0,1,1,0,1,0,5
FFF,2013J,585128,0,Ireland,A Level or Equivalent,20-Oct,0-35,0,60,0,Fail,7,1,0,1,1,1,0,0,0,1,0,0,1,1,1,3
FFF,2013J,585149,0,East Midlands Region,Lower Than A Level,20-Oct,0-35,0,60,0,Withdrawn,9,0,1,0,0,0,0,0,1,1,0,0,1,0,1,4
FFF,2013J,585162,0,East Anglian Region,A Level or Equivalent,20-30%,0-35,0,90,0,Pass,14,0,1,1,0,0,0,1,1,1,1,1,1,0,0,5
FFF,2013J,585166,0,South East Region,HE Qualification,30-40%,0-35,0,120,0,Pass,14,1,1,1,0,1,0,0,0,0,1,1,1,0,1,5
FFF,2013J,585222,1,West Midlands Region,A Level or Equivalent,30-40%,0-35,0,60,0,Pass,11,0,0,0,1,0,0,1,1,0,0,0,0,0,0,6
FFF,2013J,585230,0,North Region,A Level or Equivalent,50-60%,0-35,0,60,0,Fail,15,1,1,0,1,0,1,0,0,0,0,1,1,1,1,10
FFF,2013J,585290,0,North Western Region,A Level or Equivalent,20-Oct,0-35,0,60,0,Withdrawn,11,0,0,0,0,1,0,1,1,1,0,1,0,0,0,6
FFF,2013J,585301,0,North Region,A Level or Equivalent,30-40%,0-35,0,90,0,Fail,14,1,1,1,1,0,1,1,1,1,1,0,1,1,0,5
FFF,2013J,585305,0,Ireland,Lower Than A Level,30-40%,0-35,0,60,0,Pass,5,0,1,0,1,0,1,0,0,1,1,1,1,1,0,9
FFF,2013J,585383,0,South East Region,A Level or Equivalent,40-50%,0-35,0,120,0,Distinction,3,1,0,0,1,1,1,1,0,0,0,0,0,1,1,8
FFF,2013J,585389,0,London Region,Lower Than A Level,30-40%,35-55,0,120,0,Withdrawn,12,0,1,0,0,1,1,1,0,1,0,1,0,1,1,7
FFF,2013J,585409,0,Yorkshire Region,Lower Than A Level,0-10%,0-35,0,90,1,Fail,12,0,1,0,0,1,1,1,1,0,0,0,0,1,0,7
FFF,2013J,585449,0,Yorkshire Region,A Level or Equivalent,0-10%,0-35,0,60,0,Fail,4,0,1,0,0,1,0,1,0,0,0,1,0,0,1,8
FFF,2013J,585454,0,West Midlands Region,Lower Than A Level,20-Oct,0-35,0,240,0,Withdrawn,7,1,1,1,0,0,1,1,0,1,1,1,0,1,1,3
FFF,2013J,585466,0,South East Region,Lower Than A Level,80-90%,35-55,0,60,0,Distinction,5,0,0,1,1,1,1,1,1,1,0,0,0,0,1,9
FFF,2013J,585484,0,Wales,Lower Than A Level,20-Oct,0-35,0,60,0,Fail,15,1,0,1,1,0,0,0,1,1,1,1,0,0,0,10
FFF,2013J,585574,0,South Region,Lower Than A Level,20-Oct,0-35,0,120,0,Pass,12,0,0,1,1,1,1,0,1,1,1,0,1,0,0,7
FFF,2013J,585615,0,South West Region,Lower Than A Level,70-80%,35-55,0,120,0,Fail,7,0,1,0,0,1,0,0,1,1,0,0,1,0,1,3
FFF,2013J,585659,0,South East Region,Lower Than A Level,80-90%,0-35,0,60,0,Pass,11,1,1,0,0,1,0,1,1,0,1,1,0,0,1,6
FFF,2013J,585724,0,Yorkshire Region,Lower Than A Level,0-10%,35-55,0,60,0,Withdrawn,6,1,1,0,1,0,0,1,0,1,0,0,0,0,1,9
FFF,2013J,585731,0,Scotland,A Level or Equivalent,0-10%,0-35,0,60,0,Pass,10,0,1,1,0,0,1,0,0,0,0,0,0,1,1,1
FFF,2013J,585825,0,Wales,Lower Than A Level,80-90%,0-35,0,60,0,Withdrawn,8,0,1,0,1,1,1,1,1,0,0,1,1,1,1,3
FFF,2013J,585942,0,East Anglian Region,Lower Than A Level,70-80%,0-35,0,150,0,Fail,1,1,1,1,1,0,0,1,0,0,1,0,1,0,1,2
FFF,2013J,585965,0,London Region,Lower Than A Level,20-Oct,0-35,0,90,0,Fail,5,1,0,1,1,1,0,0,0,1,1,0,0,1,1,9
FFF,2013J,586011,1,North Region,A Level or Equivalent,20-Oct,0-35,0,60,0,Withdrawn,7,0,1,0,1,1,1,1,0,0,0,1,0,1,1,3
FFF,2013J,586034,0,South West Region,A Level or Equivalent,50-60%,0-35,0,60,0,Distinction,10,0,0,0,1,0,1,1,0,1,0,0,0,0,1,1
FFF,2013J,586080,0,North Region,Lower Than A Level,20-30%,0-35,0,60,0,Fail,10,1,1,1,1,0,1,0,1,0,1,0,0,0,1,1
FFF,2013J,586112,0,East Anglian Region,A Level or Equivalent,90-100%,0-35,0,60,0,Withdrawn,1,1,1,0,1,0,1,0,1,0,1,1,1,0,1,2
FFF,2013J,586224,0,North Western Region,Lower Than A Level,0-10%,0-35,0,60,0,Fail,11,0,0,0,1,0,1,1,1,1,0,0,0,0,1,6
FFF,2013J,586233,0,East Anglian Region,Lower Than A Level,50-60%,0-35,0,60,1,Pass,16,1,1,1,0,1,1,0,0,1,1,1,1,1,0,10
FFF,2013J,586246,0,East Midlands Region,Lower Than A Level,0-10%,0-35,0,120,0,Fail,3,0,1,1,1,1,0,1,1,1,0,1,1,1,0,8
FFF,2013J,586249,0,North Region,A Level or Equivalent,30-40%,0-35,0,60,0,Withdrawn,1,1,0,0,1,1,0,0,0,1,1,1,0,0,0,2
FFF,2013J,586251,0,East Anglian Region,A Level or Equivalent,0-10%,0-35,0,60,0,Withdrawn,3,0,1,0,0,1,0,0,1,1,1,0,1,0,0,8
FFF,2013J,586259,0,Wales,A Level or Equivalent,80-90%,0-35,0,60,0,Fail,16,1,0,1,0,1,1,0,0,1,1,0,1,1,1,10
FFF,2013J,586281,1,South East Region,Lower Than A Level,40-50%,0-35,0,90,0,Withdrawn,5,1,1,1,1,0,1,1,1,0,1,1,1,1,1,9
FFF,2013J,586428,0,South West Region,Lower Than A Level,20-30%,0-35,0,60,0,Pass,9,1,1,0,1,0,0,0,0,0,0,0,0,0,0,4
FFF,2013J,586445,1,East Midlands Region,A Level or Equivalent,50-60%,0-35,0,150,0,Withdrawn,12,1,1,1,0,0,0,0,0,0,0,0,0,0,1,7
FFF,2013J,586446,0,Yorkshire Region,A Level or Equivalent,30-40%,0-35,0,60,0,Pass,13,1,0,1,0,0,0,0,1,0,0,0,1,0,1,5
FFF,2013J,586468,0,South West Region,HE Qualification,40-50%,0-35,0,60,0,Pass,2,0,1,0,1,0,0,1,0,1,0,0,1,0,0,2
FFF,2013J,586477,0,London Region,A Level or Equivalent,20-Oct,0-35,0,120,1,Pass,15,1,1,0,0,0,0,1,0,1,1,0,1,0,0,10
FFF,2013J,586483,0,South Region,Lower Than A Level,80-90%,35-55,0,60,1,Pass,8,0,1,1,0,0,1,1,1,1,0,1,1,0,1,3
FFF,2013J,586510,0,South Region,Lower Than A Level,90-100%,0-35,0,60,0,Withdrawn,16,1,0,0,1,1,0,1,0,0,1,1,0,0,0,10
FFF,2013J,586518,0,Scotland,HE Qualification,70-80%,0-35,0,120,0,Pass,12,1,0,0,1,1,0,1,1,0,1,1,1,0,0,7
FFF,2013J,586543,0,North Region,HE Qualification,20-Oct,0-35,0,180,0,Withdrawn,13,0,0,1,0,0,1,0,1,0,0,0,0,0,0,5
FFF,2013J,586594,0,East Anglian Region,A Level or Equivalent,60-70%,35-55,0,60,0,Distinction,10,1,0,0,0,0,0,0,1,1,1,1,0,0,0,1
FFF,2013J,586620,0,South West Region,A Level or Equivalent,50-60%,0-35,0,60,0,Withdrawn,3,0,0,0,1,1,0,1,1,0,0,0,0,1,1,8
FFF,2013J,586642,0,London Region,A Level or Equivalent,60-70%,0-35,0,120,0,Pass,4,0,0,1,1,0,0,1,0,1,1,1,1,1,1,8
FFF,2013J,586705,0,Yorkshire Region,A Level or Equivalent,50-60%,0-35,0,60,0,Distinction,1,0,0,0,0,1,1,0,1,1,1,0,1,1,0,2
FFF,2013J,586719,1,West Midlands Region,Lower Than A Level,0-10%,0-35,0,120,0,Pass,13,0,1,1,1,0,1,0,0,0,1,1,0,1,1,5
FFF,2013J,586753,0,Yorkshire Region,Lower Than A Level,0-10%,0-35,0,120,0,Fail,5,0,1,1,1,1,0,1,0,0,0,1,1,0,1,9
FFF,2013J,586758,0,East Midlands Region,A Level or Equivalent,60-70%,0-35,0,90,0,Pass,14,0,0,0,0,0,1,1,1,1,1,0,0,1,0,5
FFF,2013J,586781,0,South Region,HE Qualification,50-60%,35-55,0,60,0,Distinction,1,0,1,0,0,0,0,1,1,1,0,1,0,1,1,2
FFF,2013J,586784,1,East Anglian Region,A Level or Equivalent,30-40%,0-35,0,120,1,Pass,7,1,1,1,0,0,1,0,0,0,1,1,1,0,1,3
FFF,2013J,586808,0,West Midlands Region,Lower Than A Level,0-10%,0-35,0,90,0,Pass,6,0,1,0,1,0,0,1,0,1,1,1,0,0,0,9
FFF,2013J,586851,0,Wales,Lower Than A Level,0-10%,0-35,0,120,0,Withdrawn,8,1,0,1,0,1,0,0,1,1,1,0,1,0,1,3
FFF,2013J,586855,0,North Region,Lower Than A Level,80-90%,0-35,0,60,0,Pass,13,0,0,0,0,1,1,1,1,0,1,0,1,0,0,5
FFF,2013J,586891,0,East Anglian Region,Lower Than A Level,40-50%,35-55,0,120,0,Pass,8,1,0,0,0,1,1,0,1,0,0,1,0,0,1,3
FFF,2013J,586906,0,Scotland,HE Qualification,30-40%,0-35,0,180,1,Withdrawn,12,1,1,0,0,1,1,1,0,1,0,1,1,0,1,7
FFF,2013J,586925,0,West Midlands Region,Lower Than A Level,20-Oct,0-35,0,60,1,Fail,10,0,0,1,0,0,1,0,1,0,0,0,0,0,1,1
FFF,2013J,586935,0,Scotland,HE Qualification,50-60%,0-35,0,90,0,Pass,2,1,0,0,1,1,0,0,1,1,0,0,1,0,0,2
FFF,2013J,586957,0,Wales,A Level or Equivalent,30-40%,0-35,0,120,1,Pass,11,1,1,0,0,1,0,0,1,1,1,1,1,1,0,6
FFF,2013J,586974,0,East Anglian Region,A Level or Equivalent,30-40%,0-35,0,60,0,Fail,15,0,1,1,1,0,1,0,0,0,1,0,0,0,1,10
FFF,2013J,587126,0,West Midlands Region,HE Qualification,70-80%,35-55,0,60,0,Distinction,14,0,0,0,1,0,0,1,1,1,1,0,1,1,0,5
FFF,2013J,587178,0,North Region,HE Qualification,,35-55,0,60,0,Pass,3,0,0,1,1,1,0,0,1,0,1,0,0,0,0,8
FFF,2013J,587195,0,South West Region,Lower Than A Level,30-40%,0-35,0,240,1,Withdrawn,2,0,0,0,1,1,0,1,1,0,0,0,0,0,0,2
FFF,2013J,587286,0,Ireland,HE Qualification,30-40%,35-55,0,120,0,Distinction,9,1,1,0,1,0,0,1,0,1,0,0,1,0,1,4
FFF,2013J,587294,0,Yorkshire Region,Lower Than A Level,30-40%,0-35,0,60,0,Pass,11,0,0,1,0,1,1,1,0,0,0,0,1,1,1,6
FFF,2013J,587308,0,North Western Region,Lower Than A Level,0-10%,0-35,0,60,0,Fail,11,1,1,1,0,1,1,0,0,1,1,0,0,0,1,6
FFF,2013J,587324,0,Scotland,A Level or Equivalent,20-30%,0-35,0,60,0,Withdrawn,5,1,1,0,1,1,1,1,0,1,0,1,1,0,1,9
FFF,2013J,587334,0,West Midlands Region,A Level or Equivalent,0-10%,0-35,0,120,0,Pass,5,1,1,0,1,1,1,1,1,1,1,1,0,1,0,9
FFF,2013J,587369,0,South East Region,HE Qualification,90-100%,35-55,0,60,0,Fail,16,1,0,0,0,0,0,0,0,1,1,1,0,1,1,10
FFF,2013J,587435,0,East Anglian Region,Lower Than A Level,20-30%,0-35,0,120,0,Fail,10,0,0,1,1,1,0,1,0,0,1,1,0,1,0,1
FFF,2013J,587451,0,Scotland,HE Qualification,40-50%,0-35,0,90,0,Pass,5,1,0,0,1,1,0,0,1,1,0,1,0,0,0,9
FFF,2013J,587456,0,South East Region,A Level or Equivalent,40-50%,0-35,0,60,0,Pass,4,0,0,0,1,1,0,1,0,1,0,1,1,1,0,8
FFF,2013J,587462,0,West Midlands Region,Lower Than A Level,20-Oct,0-35,0,120,0,Fail,11,0,0,1,0,0,1,0,1,1,1,0,0,1,0,6
FFF,2013J,587594,0,Scotland,A Level or Equivalent,70-80%,0-35,0,60,0,Pass,5,0,0,1,0,1,1,1,0,0,0,1,0,1,0,9
FFF,2013J,587611,0,North Western Region,Lower Than A Level,40-50%,0-35,0,120,0,Pass,11,1,1,0,0,1,1,0,1,1,1,1,0,0,0,6
FFF,2013J,587619,0,Scotland,Lower Than A Level,80-90%,0-35,0,60,0,Distinction,10,1,0,1,0,0,0,0,0,0,0,1,0,1,0,1
FFF,2013J,587659,0,Yorkshire Region,HE Qualification,0-10%,0-35,0,60,0,Withdrawn,12,0,1,0,1,1,1,0,1,1,1,0,0,0,1,7
FFF,2013J,587685,0,South East Region,Lower Than A Level,70-80%,0-35,0,60,0,Pass,13,1,0,1,1,1,0,0,1,0,0,0,0,0,1,5
FFF,2013J,587690,1,London Region,A Level or Equivalent,20-30%,0-35,0,90,0,Pass,8,0,0,1,0,1,1,1,0,0,1,0,0,0,0,3
FFF,2013J,587783,0,East Anglian Region,Lower Than A Level,80-90%,0-35,0,120,0,Distinction,13,0,0,1,0,0,0,0,1,1,1,0,0,1,0,5
FFF,2013J,587848,1,London Region,Post Graduate Qualification,20-Oct,35-55,0,60,0,Pass,12,0,0,1,1,0,1,1,1,1,1,1,1,0,0,7
FFF,2013J,587859,0,East Anglian Region,Lower Than A Level,50-60%,0-35,0,120,0,Withdrawn,7,1,1,0,1,1,1,1,1,1,0,0,0,1,0,3
FFF,2013J,587868,1,Yorkshire Region,Lower Than A Level,0-10%,0-35,0,60,1,Fail,8,0,1,1,1,0,1,0,0,1,1,1,1,0,0,3
FFF,2013J,587881,0,London Region,A Level or Equivalent,20-30%,0-35,0,60,0,Withdrawn,10,0,0,1,0,1,1,1,0,0,0,1,1,0,0,1
FFF,2013J,587912,0,South West Region,Lower Than A Level,30-40%,0-35,0,120,0,Withdrawn,13,0,0,0,0,0,1,0,1,1,0,0,1,1,1,5
FFF,2013J,587934,1,North Western Region,A Level or Equivalent,20-Oct,35-55,0,90,1,Withdrawn,5,0,1,1,0,1,1,1,1,0,1,1,0,0,0,9
FFF,2013J,587976,0,London Region,HE Qualification,20-30%,0-35,0,90,0,Withdrawn,13,1,1,1,1,1,1,1,0,1,1,0,1,1,0,5
FFF,2013J,588052,0,East Midlands Region,Lower Than A Level,40-50%,0-35,0,120,0,Fail,12,1,0,0,1,1,0,1,1,1,0,0,0,1,0,7
FFF,2013J,588128,0,East Anglian Region,A Level or Equivalent,20-Oct,0-35,0,120,0,Fail,15,1,0,1,1,0,1,0,0,0,1,0,0,1,0,10
FFF,2013J,588131,0,East Anglian Region,A Level or Equivalent,70-80%,0-35,0,150,0,Pass,15,1,1,1,0,0,0,1,0,0,1,0,0,1,0,10
FFF,2013J,588156,0,West Midlands Region,A Level or Equivalent,80-90%,0-35,0,120,0,Pass,3,1,1,1,1,1,1,1,1,1,1,0,0,1,0,8
FFF,2013J,588175,1,London Region,Lower Than A Level,20-30%,0-35,0,240,0,Withdrawn,14,1,1,1,1,1,0,1,0,0,0,1,0,0,0,5
FFF,2013J,588236,0,South East Region,A Level or Equivalent,20-Oct,0-35,0,90,0,Pass,10,1,0,1,1,0,1,1,0,0,0,0,1,1,0,1
FFF,2013J,588261,0,West Midlands Region,HE Qualification,50-60%,35-55,0,60,0,Pass,2,0,0,0,1,0,1,0,0,1,1,1,0,0,1,2
FFF,2013J,588360,0,East Midlands Region,A Level or Equivalent,50-60%,0-35,0,120,0,Withdrawn,14,1,1,0,1,1,0,1,1,0,1,1,1,1,0,5
FFF,2013J,588539,0,North Region,Lower Than A Level,80-90%,0-35,0,60,0,Withdrawn,16,0,1,0,1,1,0,1,1,0,1,1,1,0,0,10
FFF,2013J,588560,0,South East Region,A Level or Equivalent,20-Oct,0-35,0,120,1,Fail,1,0,0,1,0,0,1,1,1,0,0,1,1,0,0,2
FFF,2013J,588597,0,Yorkshire Region,A Level or Equivalent,20-Oct,0-35,0,120,0,Fail,15,0,1,1,0,0,0,1,0,0,0,1,0,1,0,10
FFF,2013J,588672,1,Scotland,HE Qualification,30-40%,0-35,0,90,0,Pass,5,1,1,0,0,0,1,0,0,1,1,1,0,1,1,9
FFF,2013J,588796,0,London Region,Lower Than A Level,30-40%,35-55,0,150,0,Withdrawn,16,1,1,1,1,1,0,0,1,0,1,1,1,1,0,10
FFF,2013J,588914,0,North Western Region,Lower Than A Level,40-50%,0-35,0,90,0,Fail,11,0,0,1,1,0,0,0,0,0,0,1,1,1,0,6
FFF,2013J,588925,0,North Western Region,A Level or Equivalent,20-30%,0-35,0,120,0,Fail,5,1,1,1,1,0,0,1,1,0,1,1,0,0,1,9
FFF,2013J,588971,0,South West Region,A Level or Equivalent,50-60%,0-35,0,90,0,Pass,8,0,1,1,1,1,1,1,1,0,0,1,0,1,1,3
FFF,2013J,589003,0,South East Region,A Level or Equivalent,30-40%,0-35,0,120,0,Pass,6,0,1,0,0,1,0,1,1,0,1,0,1,1,0,9
FFF,2013J,589014,0,Scotland,HE Qualification,60-70%,0-35,0,90,0,Pass,7,1,0,1,1,1,0,1,1,1,1,1,0,1,0,3
FFF,2013J,589017,0,South West Region,A Level or Equivalent,90-100%,0-35,0,60,0,Withdrawn,6,1,0,0,0,0,0,0,0,0,1,1,0,1,1,9
FFF,2013J,589099,0,East Midlands Region,Lower Than A Level,40-50%,0-35,0,90,0,Fail,15,1,1,0,0,0,1,1,1,1,1,0,1,0,0,10
FFF,2013J,589178,0,South Region,Lower Than A Level,40-50%,0-35,0,120,0,Fail,7,1,0,0,0,1,1,0,1,0,0,1,0,0,0,3
FFF,2013J,589196,0,Scotland,Lower Than A Level,20-Oct,0-35,0,60,0,Withdrawn,10,1,0,0,0,1,1,0,0,1,1,0,1,0,0,1
FFF,2013J,589263,0,North Region,A Level or Equivalent,60-70%,0-35,0,120,0,Pass,16,0,1,0,1,1,1,0,0,0,1,1,0,1,1,10
FFF,2013J,589267,0,West Midlands Region,HE Qualification,70-80%,0-35,0,150,0,Withdrawn,15,1,0,0,0,1,0,1,0,0,0,0,1,0,0,10
FFF,2013J,589295,0,North Region,A Level or Equivalent,20-Oct,0-35,0,90,0,Pass,11,0,1,0,0,0,0,0,1,0,1,1,1,1,0,6
FFF,2013J,589303,0,North Region,HE Qualification,,35-55,0,60,0,Pass,5,1,0,1,1,0,1,0,0,1,0,0,1,0,0,9
FFF,2013J,589326,0,North Region,A Level or Equivalent,,0-35,0,60,0,Distinction,4,1,0,1,0,0,1,1,0,0,0,1,1,0,0,8
FFF,2013J,589409,0,Wales,A Level or Equivalent,60-70%,35-55,0,60,0,Distinction,13,1,1,1,1,1,0,1,1,0,0,0,0,0,0,5
FFF,2013J,589441,0,South Region,Lower Than A Level,70-80%,0-35,0,90,0,Withdrawn,11,1,1,1,1,1,1,0,0,0,1,1,1,0,1,6
FFF,2013J,589474,0,London Region,Lower Than A Level,0-10%,0-35,0,90,0,Fail,1,1,1,1,0,0,0,0,1,1,0,1,1,0,0,2
FFF,2013J,589490,0,West Midlands Region,Lower Than A Level,70-80%,0-35,0,120,0,Fail,11,0,0,1,1,0,1,0,1,0,1,1,1,1,1,6
FFF,2013J,589559,0,East Anglian Region,A Level or Equivalent,20-30%,0-35,0,60,0,Pass,11,1,0,1,0,0,0,0,1,0,1,0,0,1,1,6
FFF,2013J,589578,0,North Region,Lower Than A Level,,35-55,0,90,0,Pass,4,0,1,0,0,0,0,0,1,1,1,1,0,0,0,8
FFF,2013J,589583,0,Wales,HE Qualification,30-40%,0-35,0,90,0,Distinction,10,0,1,0,0,0,1,1,1,1,0,1,1,1,0,1
FFF,2013J,589587,0,North Region,Lower Than A Level,,0-35,0,120,0,Pass,8,1,0,1,0,1,1,1,0,1,1,0,1,0,1,3
FFF,2013J,589594,0,Scotland,A Level or Equivalent,80-90%,0-35,0,90,0,Withdrawn,16,0,0,0,0,1,1,1,0,0,0,1,1,0,1,10
FFF,2013J,589605,0,London Region,A Level or Equivalent,50-60%,0-35,0,60,0,Pass,4,0,1,0,0,1,1,1,0,1,1,0,0,0,0,8
FFF,2013J,589665,0,South West Region,Lower Than A Level,20-Oct,0-35,0,120,0,Withdrawn,5,1,0,0,0,1,1,1,1,1,0,0,0,0,0,9
FFF,2013J,589707,0,North Region,Lower Than A Level,,0-35,0,60,0,Fail,1,0,1,1,0,0,0,1,1,1,0,0,1,1,1,2
FFF,2013J,589749,1,Wales,Lower Than A Level,0-10%,0-35,0,60,0,Fail,9,1,0,1,0,0,0,1,1,1,1,1,1,0,0,4
FFF,2013J,589768,0,Yorkshire Region,A Level or Equivalent,20-Oct,0-35,0,120,0,Withdrawn,3,0,0,0,1,1,1,1,1,1,0,1,0,1,0,8
FFF,2013J,589782,0,North Western Region,HE Qualification,30-40%,0-35,0,90,0,Pass,11,1,0,1,0,1,0,0,1,1,0,1,1,1,1,6
FFF,2013J,589828,0,East Anglian Region,Lower Than A Level,60-70%,0-35,0,150,1,Withdrawn,3,0,1,1,1,0,0,1,0,1,1,0,0,1,1,8
FFF,2013J,589843,0,London Region,Lower Than A Level,30-40%,0-35,0,60,0,Fail,2,0,0,0,1,0,1,1,0,0,0,0,1,0,1,2
FFF,2013J,589860,0,North Region,HE Qualification,,0-35,0,60,0,Pass,12,1,0,0,0,1,0,0,1,1,0,1,1,0,0,7
FFF,2013J,589948,0,London Region,Lower Than A Level,20-30%,0-35,0,120,0,Pass,6,1,1,0,0,0,1,0,0,0,1,0,0,0,1,9
FFF,2013J,590128,0,South Region,HE Qualification,20-30%,0-35,0,120,0,Fail,14,1,1,1,1,0,0,0,0,1,1,0,1,0,0,5
FFF,2013J,590188,0,West Midlands Region,Lower Than A Level,20-Oct,0-35,0,60,0,Fail,8,1,0,0,1,1,1,0,1,1,0,0,0,0,0,3
FFF,2013J,590189,0,London Region,A Level or Equivalent,0-10%,0-35,0,120,0,Fail,15,0,0,0,0,1,1,0,0,0,1,0,1,0,1,10
FFF,2013J,590226,0,North Region,A Level or Equivalent,40-50%,0-35,0,120,1,Pass,16,1,0,1,1,1,1,1,1,1,1,0,0,1,0,10
FFF,2013J,590241,0,West Midlands Region,A Level or Equivalent,0-10%,35-55,0,120,0,Pass,16,0,0,0,0,1,0,0,1,0,1,0,0,1,1,10
FFF,2013J,590289,0,London Region,A Level or Equivalent,20-Oct,0-35,0,90,0,Fail,15,1,0,0,0,0,1,1,1,1,0,1,1,0,0,10
FFF,2013J,590328,0,South East Region,HE Qualification,70-80%,0-35,0,150,0,Pass,11,0,0,1,0,0,0,1,0,0,0,1,1,0,0,6
FFF,2013J,590403,1,Scotland,HE Qualification,70-80%,0-35,0,60,0,Fail,1,1,0,0,0,0,1,1,1,0,0,1,1,0,1,2
FFF,2013J,590461,1,West Midlands Region,A Level or Equivalent,90-100%,0-35,0,120,0,Fail,16,0,1,0,0,1,1,0,1,0,1,0,1,1,1,10
FFF,2013J,590462,0,North Western Region,A Level or Equivalent,0-10%,0-35,0,120,0,Withdrawn,6,0,0,1,1,1,1,0,0,1,0,1,0,1,1,9
FFF,2013J,590466,0,West Midlands Region,A Level or Equivalent,60-70%,0-35,0,120,0,Withdrawn,12,1,0,1,0,0,0,0,0,0,0,1,1,1,0,7
FFF,2013J,590494,0,West Midlands Region,Lower Than A Level,0-10%,0-35,0,120,0,Withdrawn,16,1,1,0,0,1,1,1,0,1,1,0,1,0,1,10
FFF,2013J,590499,0,North Region,HE Qualification,,0-35,0,120,0,Fail,15,1,0,0,1,0,1,0,1,1,0,1,0,0,0,10
FFF,2013J,590545,0,North Region,Post Graduate Qualification,,0-35,0,60,0,Withdrawn,16,0,0,0,0,0,1,0,0,1,0,0,1,0,1,10
FFF,2013J,590548,0,South West Region,Lower Than A Level,0-10%,35-55,0,120,1,Withdrawn,8,0,0,1,1,0,1,0,0,1,0,1,1,1,0,3
FFF,2013J,590555,1,North Western Region,A Level or Equivalent,0-10%,35-55,0,60,0,Withdrawn,2,0,1,1,0,1,0,1,1,1,0,0,1,1,0,2
FFF,2013J,590571,0,North Region,A Level or Equivalent,0-10%,0-35,0,120,0,Withdrawn,2,1,0,1,0,0,0,1,0,0,1,1,0,1,0,2
FFF,2013J,590701,0,North Region,A Level or Equivalent,,35-55,0,90,1,Distinction,6,1,1,1,1,0,1,0,1,0,1,1,0,1,1,9
FFF,2013J,590707,0,Yorkshire Region,Lower Than A Level,60-70%,0-35,0,60,0,Distinction,15,1,1,0,0,1,0,0,0,1,1,1,1,1,0,10
FFF,2013J,590714,0,North Region,A Level or Equivalent,,0-35,0,120,0,Fail,16,1,0,1,1,0,1,0,1,1,0,0,0,1,1,10
FFF,2013J,590749,0,East Anglian Region,Lower Than A Level,30-40%,35-55,0,90,1,Withdrawn,12,0,0,1,1,1,1,0,0,0,0,1,0,1,0,7
FFF,2013J,590815,0,North Region,A Level or Equivalent,0-10%,0-35,0,120,0,Withdrawn,1,0,1,0,0,0,1,0,0,0,1,1,1,0,0,2
FFF,2013J,590824,1,Yorkshire Region,Lower Than A Level,80-90%,0-35,0,60,0,Pass,16,1,1,1,1,1,1,0,1,0,1,1,0,1,1,10
FFF,2013J,590849,0,North Western Region,A Level or Equivalent,20-30%,0-35,0,180,0,Pass,13,0,0,0,0,0,1,0,1,0,1,0,1,1,1,5
FFF,2013J,590898,0,West Midlands Region,A Level or Equivalent,0-10%,0-35,0,60,0,Withdrawn,12,0,1,0,1,0,1,0,1,0,1,1,1,1,1,7
FFF,2013J,590907,0,East Midlands Region,Lower Than A Level,20-Oct,0-35,0,60,0,Pass,6,1,0,0,0,1,0,1,1,0,0,0,1,0,1,9
FFF,2013J,590980,0,South West Region,Lower Than A Level,70-80%,0-35,0,60,0,Pass,1,1,1,0,1,0,0,0,1,1,0,0,1,1,0,2
FFF,2013J,590989,0,South East Region,Lower Than A Level,40-50%,0-35,0,120,0,Pass,2,1,1,0,0,1,0,1,0,0,1,1,1,0,1,2
FFF,2013J,591008,0,East Midlands Region,Lower Than A Level,50-60%,0-35,0,60,0,Withdrawn,5,1,0,0,0,0,0,0,0,1,1,0,0,0,0,9
FFF,2013J,591015,0,Yorkshire Region,A Level or Equivalent,30-40%,0-35,0,60,0,Withdrawn,6,1,0,1,0,1,1,0,0,0,0,0,1,0,1,9
FFF,2013J,591055,0,East Midlands Region,Lower Than A Level,80-90%,0-35,0,90,0,Pass,16,0,1,0,1,0,0,0,0,1,0,0,0,0,0,10
FFF,2013J,591057,0,North Region,Lower Than A Level,30-40%,0-35,0,120,0,Withdrawn,13,1,1,0,1,1,0,1,1,1,0,1,1,0,0,5
FFF,2013J,591078,0,Ireland,HE Qualification,,0-35,0,90,0,Pass,14,0,0,0,0,0,0,0,1,0,0,0,1,1,1,5
FFF,2013J,591219,0,Yorkshire Region,A Level or Equivalent,20-Oct,0-35,0,60,0,Pass,13,1,1,0,1,0,0,0,0,1,1,0,1,0,0,5
FFF,2013J,591343,0,Scotland,A Level or Equivalent,30-40%,0-35,0,150,0,Pass,8,1,1,0,1,1,0,0,1,0,1,1,0,0,1,3
FFF,2013J,591394,1,London Region,Lower Than A Level,30-40%,0-35,0,90,0,Pass,13,1,1,1,0,1,0,1,0,1,1,1,1,1,0,5
FFF,2013J,591403,0,East Anglian Region,A Level or Equivalent,0-10%,0-35,0,60,0,Distinction,6,0,0,1,1,0,0,1,0,0,1,0,1,1,0,9
FFF,2013J,591411,0,South West Region,Lower Than A Level,30-40%,0-35,0,60,0,Withdrawn,1,0,1,1,1,0,1,1,0,1,1,1,0,1,0,2
FFF,2013J,591412,0,South West Region,A Level or Equivalent,40-50%,0-35,0,60,0,Fail,4,0,1,0,1,0,1,1,0,1,1,1,1,1,0,8
FFF,2013J,591516,0,North Western Region,Lower Than A Level,30-40%,0-35,0,90,0,Fail,4,1,1,1,1,1,1,1,1,0,0,1,0,0,1,8
FFF,2013J,591581,0,South East Region,Lower Than A Level,20-Oct,0-35,0,120,0,Fail,7,1,1,0,1,0,1,0,0,0,1,0,0,0,1,3
FFF,2013J,591613,0,South East Region,Lower Than A Level,70-80%,0-35,0,60,0,Withdrawn,12,1,0,0,1,1,0,0,1,0,1,1,1,1,1,7
FFF,2013J,591620,0,South West Region,A Level or Equivalent,40-50%,0-35,0,120,0,Withdrawn,11,0,1,1,0,0,0,0,1,1,1,1,1,0,0,6
FFF,2013J,591638,1,London Region,HE Qualification,50-60%,0-35,0,120,0,Withdrawn,10,0,1,1,0,1,1,1,0,0,1,0,1,0,0,1
FFF,2013J,591655,0,North Region,Lower Than A Level,70-80%,0-35,0,90,0,Withdrawn,11,0,0,0,0,0,0,1,0,1,0,0,0,1,0,6
FFF,2013J,591661,0,East Anglian Region,Lower Than A Level,20-Oct,0-35,0,120,0,Withdrawn,2,0,1,0,1,1,0,1,0,0,0,1,0,0,1,2
FFF,2013J,591677,0,North Region,Lower Than A Level,20-Oct,0-35,0,60,0,Withdrawn,3,1,1,0,0,1,1,1,1,0,0,1,0,0,0,8
FFF,2013J,591685,0,Wales,A Level or Equivalent,40-50%,0-35,0,60,0,Pass,16,0,0,1,1,1,1,1,1,0,0,0,0,0,1,10
FFF,2013J,591692,0,North Western Region,A Level or Equivalent,60-70%,0-35,0,60,0,Fail,15,1,0,1,1,0,0,0,0,0,0,0,1,1,1,10
FFF,2013J,591695,0,Scotland,HE Qualification,30-40%,0-35,0,60,0,Pass,9,1,0,0,0,0,1,1,1,0,0,1,0,0,1,4
FFF,2013J,591735,0,South East Region,A Level or Equivalent,50-60%,0-35,0,120,0,Fail,10,1,1,1,1,0,0,0,1,1,0,0,1,1,0,1
FFF,2013J,591765,0,East Anglian Region,HE Qualification,60-70%,0-35,0,120,0,Pass,4,0,1,1,1,0,1,1,1,0,0,0,1,1,1,8
FFF,2013J,591872,0,North Western Region,A Level or Equivalent,0-10%,0-35,0,120,0,Pass,14,1,0,1,0,1,0,0,0,0,0,1,0,0,0,5
FFF,2013J,591893,0,Wales,A Level or Equivalent,0-10%,0-35,0,120,0,Fail,12,0,1,1,1,1,1,1,0,0,0,0,1,0,0,7
FFF,2013J,591940,0,London Region,Lower Than A Level,50-60%,35-55,0,60,0,Pass,6,0,1,1,0,0,0,1,1,1,0,0,1,0,1,9
FFF,2013J,591975,0,North Western Region,Lower Than A Level,40-50%,0-35,0,60,0,Fail,6,1,1,0,0,0,0,1,0,0,0,0,1,0,1,9
FFF,2013J,592002,0,South Region,A Level or Equivalent,30-40%,35-55,0,90,0,Fail,1,0,0,0,1,0,1,0,1,0,0,0,0,1,1,2
FFF,2013J,592007,0,North Western Region,A Level or Equivalent,50-60%,0-35,0,120,0,Pass,4,0,0,0,1,0,0,0,0,0,0,0,0,0,0,8
FFF,2013J,592014,0,London Region,Lower Than A Level,20-30%,0-35,0,120,0,Pass,2,1,0,0,0,0,0,0,0,0,1,1,0,1,0,2
FFF,2013J,592092,1,South West Region,A Level or Equivalent,70-80%,0-35,0,60,0,Pass,3,0,0,1,1,1,1,0,1,1,0,0,0,1,1,8
FFF,2013J,592142,0,Wales,Lower Than A Level,0-10%,0-35,0,60,0,Fail,6,1,0,0,1,1,0,0,1,0,1,1,0,0,0,9
FFF,2013J,592168,0,East Anglian Region,A Level or Equivalent,60-70%,0-35,0,60,0,Pass,7,1,0,0,1,1,0,0,0,0,1,0,1,0,0,3
FFF,2013J,592203,0,North Western Region,A Level or Equivalent,0-10%,0-35,0,60,1,Distinction,4,1,1,1,1,0,0,1,0,1,1,1,1,0,1,8
FFF,2013J,592206,1,North Region,Lower Than A Level,,0-35,0,60,0,Fail,7,0,1,0,1,0,1,0,0,1,1,1,0,1,0,3
FFF,2013J,592259,0,Yorkshire Region,A Level or Equivalent,80-90%,0-35,0,150,0,Pass,1,1,1,1,0,0,0,1,0,0,0,0,0,0,0,2
FFF,2013J,592370,0,Scotland,HE Qualification,20-Oct,35-55,0,60,0,Pass,13,1,1,1,1,1,0,1,0,0,1,0,0,0,0,5
FFF,2013J,592373,0,East Midlands Region,A Level or Equivalent,70-80%,0-35,0,90,1,Distinction,16,0,1,1,1,1,0,0,0,1,0,0,0,1,0,10
FFF,2013J,592437,0,East Anglian Region,A Level or Equivalent,80-90%,35-55,0,120,0,Withdrawn,6,1,1,0,0,1,1,0,1,0,0,1,0,0,1,9
FFF,2013J,592450,1,East Midlands Region,A Level or Equivalent,80-90%,0-35,0,60,0,Withdrawn,6,1,0,1,1,1,1,1,1,0,1,0,0,0,1,9
FFF,2013J,592458,1,South West Region,Lower Than A Level,0-10%,0-35,0,60,0,Withdrawn,3,0,1,1,0,1,0,1,0,1,0,1,1,1,1,8
FFF,2013J,592476,1,South Region,Lower Than A Level,70-80%,0-35,0,120,0,Pass,2,1,1,1,0,1,1,0,0,0,0,1,1,1,1,2
FFF,2013J,592538,0,North Region,Lower Than A Level,,0-35,0,60,0,Withdrawn,13,0,0,0,1,1,1,1,1,1,1,1,1,1,0,5
FFF,2013J,592550,0,South Region,A Level or Equivalent,50-60%,0-35,0,150,0,Fail,4,1,1,0,0,1,0,0,1,0,0,0,1,0,1,8
FFF,2013J,592563,0,East Midlands Region,A Level or Equivalent,30-40%,0-35,0,120,0,Withdrawn,6,1,1,0,0,1,1,0,0,1,0,0,0,1,1,9
FFF,2013J,592607,0,Scotland,HE Qualification,0-10%,0-35,0,60,0,Withdrawn,2,0,1,0,1,0,0,0,1,0,1,1,1,0,1,2
FFF,2013J,592616,0,South Region,A Level or Equivalent,70-80%,0-35,0,120,0,Pass,11,0,1,1,1,0,0,1,0,1,1,0,1,1,0,6
FFF,2013J,592631,1,Scotland,HE Qualification,40-50%,0-35,0,60,0,Distinction,1,0,1,1,1,0,1,0,1,1,1,1,0,0,1,2
FFF,2013J,592634,0,North Western Region,No Formal quals,0-10%,35-55,0,60,0,Fail,16,1,1,0,0,0,0,0,1,1,0,1,0,0,0,10
FFF,2013J,592640,0,Ireland,Lower Than A Level,,0-35,0,90,0,Distinction,14,0,1,0,1,1,0,0,0,0,0,1,0,0,1,5
FFF,2013J,592689,0,East Anglian Region,HE Qualification,80-90%,0-35,0,60,0,Pass,15,0,1,0,0,0,1,1,1,1,1,0,0,0,0,10
FFF,2013J,592763,0,West Midlands Region,A Level or Equivalent,0-10%,0-35,0,60,1,Pass,8,1,1,0,0,0,1,1,0,1,1,0,0,0,0,3
FFF,2013J,592781,0,North Western Region,Lower Than A Level,90-100%,0-35,0,60,0,Pass,2,1,1,1,1,1,0,0,1,1,1,1,0,1,1,2
FFF,2013J,592789,0,Wales,Lower Than A Level,20-30%,0-35,0,120,0,Pass,7,1,0,1,0,0,1,0,1,1,1,0,1,0,1,3
FFF,2013J,592810,0,London Region,Lower Than A Level,50-60%,35-55,0,120,1,Fail,5,1,1,0,0,1,0,1,0,1,1,1,1,1,1,9
FFF,2013J,592856,0,South Region,Lower Than A Level,40-50%,0-35,0,60,0,Pass,1,0,0,0,0,1,0,0,1,1,1,0,1,1,1,2
FFF,2013J,592924,0,West Midlands Region,A Level or Equivalent,20-30%,0-35,0,60,0,Pass,3,0,0,1,0,1,0,0,1,0,0,1,0,1,1,8
FFF,2013J,592939,0,Scotland,HE Qualification,0-10%,0-35,0,240,0,Withdrawn,2,1,0,1,0,0,1,0,0,0,1,1,0,0,0,2
FFF,2013J,593022,0,North Western Region,A Level or Equivalent,80-90%,0-35,0,60,0,Distinction,7,0,0,1,0,0,1,0,0,0,0,1,0,0,1,3
FFF,2013J,593104,0,West Midlands Region,Lower Than A Level,50-60%,0-35,0,60,0,Withdrawn,15,1,1,1,0,0,0,0,0,0,1,1,1,0,1,10
FFF,2013J,593139,0,Wales,A Level or Equivalent,80-90%,0-35,0,60,0,Fail,5,0,1,0,0,0,0,0,1,1,0,1,0,0,0,9
FFF,2013J,593157,1,Ireland,Lower Than A Level,,35-55,0,60,0,Withdrawn,12,0,0,0,1,1,1,0,1,0,0,0,1,0,1,7
FFF,2013J,593206,0,East Anglian Region,Lower Than A Level,60-70%,0-35,0,180,0,Withdrawn,15,1,1,0,1,0,1,1,1,1,0,1,0,1,1,10
FFF,2013J,593272,1,London Region,A Level or Equivalent,20-Oct,35-55,0,60,0,Distinction,8,0,1,0,1,0,1,0,1,0,0,1,0,1,0,3
FFF,2013J,593320,0,South West Region,HE Qualification,60-70%,0-35,0,60,0,Pass,9,0,1,0,1,0,1,0,0,1,1,0,1,0,0,4
FFF,2013J,593459,0,London Region,A Level or Equivalent,30-40%,0-35,0,60,0,Pass,1,0,0,1,0,0,1,0,0,0,1,1,1,0,1,2
FFF,2013J,593492,0,South Region,A Level or Equivalent,30-40%,0-35,0,120,0,Pass,13,0,0,1,1,1,1,0,0,0,1,1,0,0,1,5
FFF,2013J,593511,0,South Region,HE Qualification,70-80%,0-35,0,60,0,Withdrawn,2,0,0,0,1,1,0,1,0,0,0,0,1,0,1,2
FFF,2013J,593532,0,South East Region,Lower Than A Level,30-40%,0-35,0,120,0,Withdrawn,7,1,0,1,0,1,1,0,1,0,0,0,1,1,0,3
FFF,2013J,593535,0,East Midlands Region,Lower Than A Level,20-Oct,0-35,0,120,0,Fail,16,0,0,0,0,0,0,1,1,1,1,1,1,1,0,10
FFF,2013J,593585,1,North Western Region,A Level or Equivalent,0-10%,0-35,0,90,0,Pass,3,0,0,0,1,0,0,0,1,0,1,1,0,0,0,8
FFF,2013J,593617,0,Scotland,A Level or Equivalent,30-40%,0-35,0,120,0,Withdrawn,13,0,0,0,1,1,1,1,0,0,1,0,0,1,0,5
FFF,2013J,593670,0,Ireland,Lower Than A Level,30-40%,35-55,0,60,0,Fail,10,1,0,1,1,0,0,1,1,0,1,1,1,1,1,1
FFF,2013J,593671,0,North Western Region,Lower Than A Level,20-Oct,35-55,0,90,1,Fail,13,0,0,0,0,1,1,1,1,1,1,0,1,0,0,5
FFF,2013J,593681,0,London Region,Lower Than A Level,40-50%,0-35,0,120,0,Pass,15,1,1,1,0,1,1,1,1,1,1,1,0,1,1,10
FFF,2013J,593755,0,North Western Region,A Level or Equivalent,60-70%,0-35,0,60,0,Pass,6,0,0,0,0,0,1,1,1,0,0,1,0,0,0,9
FFF,2013J,593780,0,East Midlands Region,A Level or Equivalent,20-Oct,0-35,0,120,0,Fail,7,1,0,0,1,1,1,1,0,0,1,0,1,0,0,3
FFF,2013J,593823,0,East Anglian Region,HE Qualification,60-70%,35-55,0,90,0,Pass,6,1,0,0,1,1,1,1,1,1,0,0,0,0,1,9
FFF,2013J,593865,0,East Anglian Region,Lower Than A Level,40-50%,0-35,0,60,0,Withdrawn,13,1,1,0,1,1,0,1,0,0,1,1,1,1,1,5
FFF,2013J,593904,0,South West Region,A Level or Equivalent,80-90%,0-35,0,60,0,Fail,14,0,1,1,1,1,0,0,1,1,0,0,0,0,1,5
FFF,2013J,593953,0,South East Region,HE Qualification,20-Oct,35-55,0,60,0,Pass,15,0,0,1,1,1,0,0,0,1,1,0,0,1,1,10
FFF,2013J,593970,0,Scotland,HE Qualification,40-50%,35-55,0,60,0,Fail,9,0,0,0,1,0,1,0,1,1,0,0,1,1,1,4
FFF,2013J,594044,0,Wales,HE Qualification,80-90%,0-35,0,90,0,Pass,3,1,0,0,1,1,1,1,0,1,1,1,0,1,0,8
FFF,2013J,594076,1,Scotland,A Level or Equivalent,60-70%,0-35,0,60,0,Withdrawn,16,1,0,1,0,0,1,1,0,0,0,0,1,1,0,10
FFF,2013J,594119,0,East Anglian Region,A Level or Equivalent,40-50%,0-35,0,60,0,Pass,2,0,0,1,0,1,1,0,0,0,0,0,0,1,0,2
FFF,2013J,594139,0,East Anglian Region,A Level or Equivalent,70-80%,0-35,0,60,0,Pass,2,1,1,1,0,0,1,0,0,1,0,1,1,1,0,2
FFF,2013J,594162,0,North Western Region,Lower Than A Level,0-10%,35-55,0,120,0,Pass,5,1,0,1,0,0,0,0,0,0,0,1,0,1,0,9
FFF,2013J,594184,0,Scotland,HE Qualification,20-Oct,0-35,0,60,0,Fail,2,1,1,0,0,1,1,0,0,0,1,1,1,0,0,2
FFF,2013J,594205,0,North Western Region,A Level or Equivalent,70-80%,0-35,0,120,1,Pass,16,1,0,0,0,1,1,1,1,1,1,1,0,0,0,10
FFF,2013J,594221,0,North Western Region,A Level or Equivalent,0-10%,0-35,0,120,1,Withdrawn,3,1,0,1,0,1,1,0,0,1,1,1,1,1,1,8
FFF,2013J,594250,1,East Anglian Region,A Level or Equivalent,20-30%,0-35,0,90,0,Pass,2,1,0,1,1,0,0,0,1,0,1,0,1,1,1,2
FFF,2013J,594280,1,Yorkshire Region,Lower Than A Level,20-30%,0-35,0,60,0,Fail,5,1,1,1,1,1,1,0,1,0,1,0,0,0,1,9
FFF,2013J,594291,0,South West Region,A Level or Equivalent,60-70%,0-35,0,60,0,Fail,3,0,1,1,1,0,0,1,0,1,0,0,0,1,0,8
FFF,2013J,594319,0,Scotland,HE Qualification,30-40%,0-35,0,60,0,Pass,12,1,0,1,1,1,1,1,0,1,0,1,0,1,0,7
FFF,2013J,594326,0,West Midlands Region,A Level or Equivalent,60-70%,0-35,0,120,0,Pass,8,0,1,0,0,1,1,0,0,1,0,1,0,0,1,3
FFF,2013J,594341,0,South Region,A Level or Equivalent,70-80%,0-35,0,120,0,Withdrawn,15,1,0,0,0,0,0,1,0,0,1,1,1,1,1,10
FFF,2013J,594342,0,West Midlands Region,A Level or Equivalent,0-10%,0-35,0,120,0,Fail,13,0,0,1,0,1,0,1,1,1,1,0,0,0,1,5
FFF,2013J,594359,1,North Western Region,Lower Than A Level,60-70%,0-35,0,60,0,Fail,5,0,1,1,0,0,0,0,0,1,0,1,1,0,1,9
FFF,2013J,594360,0,South East Region,HE Qualification,50-60%,0-35,0,60,0,Fail,16,0,1,1,0,1,1,0,1,0,1,1,1,0,1,10
FFF,2013J,594376,0,Scotland,HE Qualification,0-10%,0-35,0,90,0,Withdrawn,13,1,1,1,1,1,0,0,0,0,0,0,1,1,0,5
FFF,2013J,594395,0,South East Region,A Level or Equivalent,30-40%,0-35,0,60,0,Withdrawn,11,0,0,0,0,1,1,0,0,1,0,1,0,1,1,6
FFF,2013J,594404,0,North Western Region,A Level or Equivalent,30-40%,0-35,0,60,0,Fail,1,0,0,0,0,0,0,1,1,0,0,1,0,0,0,2
FFF,2013J,594406,0,North Western Region,HE Qualification,0-10%,0-35,0,120,0,Fail,7,0,1,0,0,1,1,1,1,0,1,0,0,0,1,3
FFF,2013J,594454,0,East Midlands Region,Lower Than A Level,40-50%,0-35,0,60,0,Fail,11,1,1,1,0,0,0,1,1,1,0,1,0,0,0,6
FFF,2013J,594470,0,Scotland,A Level or Equivalent,0-10%,0-35,0,60,0,Fail,1,0,0,1,1,0,1,0,0,1,1,0,1,1,1,2
FFF,2013J,594505,0,London Region,A Level or Equivalent,80-90%,0-35,0,60,0,Pass,7,1,1,1,1,1,1,1,1,0,1,1,0,0,0,3
FFF,2013J,594506,0,South East Region,Lower Than A Level,40-50%,0-35,0,60,0,Pass,9,1,1,0,1,0,0,0,1,0,1,1,0,1,1,4
FFF,2013J,594510,0,East Midlands Region,Lower Than A Level,70-80%,0-35,0,60,0,Withdrawn,12,0,0,0,0,0,1,1,1,1,0,1,0,0,0,7
FFF,2013J,594546,0,South West Region,A Level or Equivalent,90-100%,0-35,0,120,0,Distinction,5,0,1,1,0,1,0,1,0,1,0,0,0,0,0,9
FFF,2013J,594547,0,South Region,A Level or Equivalent,50-60%,0-35,0,60,0,Pass,16,1,0,1,1,0,1,0,1,0,1,0,1,1,1,10
FFF,2013J,594558,0,West Midlands Region,A Level or Equivalent,20-30%,0-35,0,60,0,Distinction,3,1,1,1,0,0,1,1,0,0,1,1,0,0,0,8
FFF,2013J,594576,0,London Region,A Level or Equivalent,20-Oct,0-35,0,90,0,Pass,5,0,0,1,0,1,0,1,0,1,0,0,1,0,0,9
FFF,2013J,594596,1,North Western Region,Lower Than A Level,50-60%,0-35,0,120,0,Pass,2,1,0,1,0,1,1,0,1,0,1,0,0,1,1,2
FFF,2013J,594603,1,South Region,A Level or Equivalent,90-100%,0-35,0,120,0,Withdrawn,1,1,0,0,0,1,1,1,1,0,1,1,1,0,1,2
FFF,2013J,594615,0,Wales,Lower Than A Level,80-90%,35-55,0,90,0,Withdrawn,4,1,0,1,1,1,1,1,0,1,0,1,1,0,0,8
FFF,2013J,594643,0,West Midlands Region,A Level or Equivalent,20-30%,0-35,0,120,0,Fail,9,0,1,1,1,0,0,1,0,1,0,0,1,1,1,4
FFF,2013J,594737,0,London Region,A Level or Equivalent,0-10%,0-35,0,90,0,Withdrawn,16,0,1,1,0,1,1,0,1,0,1,0,0,0,1,10
FFF,2013J,594800,0,Scotland,HE Qualification,80-90%,0-35,0,60,0,Fail,12,0,1,0,0,1,0,1,1,1,0,1,1,0,0,7
FFF,2013J,594814,0,Yorkshire Region,A Level or Equivalent,50-60%,0-35,0,60,0,Pass,16,1,0,1,0,0,1,0,1,1,1,1,1,0,1,10
FFF,2013J,594815,0,South West Region,Lower Than A Level,70-80%,0-35,0,120,0,Withdrawn,3,1,0,0,1,1,0,1,0,1,0,0,0,0,1,8
FFF,2013J,594823,0,East Anglian Region,A Level or Equivalent,90-100%,0-35,0,120,0,Fail,1,0,1,0,1,0,0,0,1,0,0,1,0,1,1,2
FFF,2013J,594855,0,West Midlands Region,A Level or Equivalent,40-50%,0-35,0,150,0,Pass,11,1,1,0,0,0,1,1,1,0,0,1,1,1,1,6
FFF,2013J,594881,0,East Midlands Region,A Level or Equivalent,50-60%,0-35,0,90,0,Withdrawn,3,0,0,0,0,0,0,1,1,0,0,1,0,0,1,8
FFF,2013J,594894,0,East Anglian Region,A Level or Equivalent,60-70%,0-35,0,60,0,Pass,7,0,0,1,0,0,1,0,1,0,1,1,1,1,0,3
FFF,2013J,594933,0,North Western Region,Lower Than A Level,20-Oct,0-35,0,120,0,Withdrawn,11,0,0,0,1,1,1,1,1,0,1,1,1,1,0,6
FFF,2013J,594956,0,West Midlands Region,A Level or Equivalent,0-10%,0-35,0,150,1,Withdrawn,11,1,0,0,1,0,1,1,0,1,0,1,1,0,1,6
FFF,2013J,594996,0,South Region,Lower Than A Level,40-50%,0-35,0,120,0,Withdrawn,16,1,0,1,1,1,1,1,0,0,1,0,0,0,1,10
FFF,2013J,595023,1,North Region,Lower Than A Level,,0-35,0,60,0,Fail,11,0,1,0,0,0,0,0,1,1,1,0,1,0,1,6
FFF,2013J,595106,0,South West Region,A Level or Equivalent,50-60%,0-35,0,60,0,Distinction,10,0,0,0,0,0,1,1,0,1,0,0,0,1,1,1
FFF,2013J,595119,0,London Region,A Level or Equivalent,20-Oct,0-35,0,60,0,Withdrawn,6,0,1,1,0,1,1,0,0,0,0,1,0,0,1,9
FFF,2013J,595150,0,East Midlands Region,Lower Than A Level,20-Oct,0-35,0,120,0,Fail,9,1,0,0,0,1,1,0,1,1,0,1,0,1,0,4
FFF,2013J,595164,0,East Midlands Region,A Level or Equivalent,70-80%,0-35,0,120,1,Pass,12,0,0,1,0,1,0,0,0,1,0,0,1,1,1,7
FFF,2013J,595230,1,London Region,A Level or Equivalent,20-Oct,0-35,0,150,0,Pass,16,1,0,1,0,1,1,0,1,1,0,0,1,0,1,10
FFF,2013J,595235,1,East Anglian Region,A Level or Equivalent,90-100%,0-35,0,150,0,Fail,12,1,0,0,1,1,1,0,1,1,0,1,1,0,1,7
FFF,2013J,595246,0,North Western Region,Lower Than A Level,20-30%,0-35,0,120,0,Withdrawn,1,1,1,1,1,1,0,0,1,1,1,0,1,0,0,2
FFF,2013J,595330,0,West Midlands Region,A Level or Equivalent,80-90%,0-35,0,120,0,Pass,7,0,0,1,0,0,1,1,1,1,0,0,0,0,1,3
FFF,2013J,595354,1,North Region,HE Qualification,,0-35,0,120,0,Pass,8,1,1,0,1,1,0,1,1,1,0,0,0,0,1,3
FFF,2013J,595359,0,South West Region,HE Qualification,70-80%,35-55,0,60,0,Withdrawn,4,0,0,0,1,0,1,1,1,1,0,0,1,1,0,8
FFF,2013J,595381,0,London Region,Lower Than A Level,30-40%,0-35,0,120,0,Pass,8,1,0,0,0,0,1,1,0,0,1,1,1,1,1,3
FFF,2013J,595386,0,West Midlands Region,A Level or Equivalent,20-Oct,0-35,0,120,0,Pass,3,1,1,1,1,1,1,0,1,0,0,1,1,1,0,8
FFF,2013J,595401,0,North Region,Lower Than A Level,,0-35,0,60,0,Pass,3,1,0,1,1,0,0,0,1,1,1,1,0,0,1,8
FFF,2013J,595428,0,North Western Region,HE Qualification,0-10%,35-55,0,150,0,Withdrawn,7,1,1,1,0,1,0,0,0,0,1,0,0,1,0,3
FFF,2013J,595477,0,Yorkshire Region,Lower Than A Level,0-10%,0-35,0,150,0,Fail,8,0,1,0,1,0,0,0,0,0,0,0,1,1,1,3
FFF,2013J,595483,0,East Anglian Region,Lower Than A Level,60-70%,0-35,0,60,0,Fail,16,0,1,1,1,0,0,1,0,0,0,0,0,0,1,10
FFF,2013J,595593,0,Wales,A Level or Equivalent,20-30%,0-35,0,60,1,Fail,15,1,0,0,1,0,0,0,0,0,0,0,0,0,1,10
FFF,2013J,595649,0,London Region,A Level or Equivalent,80-90%,0-35,0,120,0,Pass,5,1,0,0,1,0,0,0,0,0,1,1,0,0,0,9
FFF,2013J,595655,0,West Midlands Region,Lower Than A Level,20-30%,0-35,0,60,0,Pass,4,0,0,1,1,1,1,0,0,0,0,1,1,0,0,8
FFF,2013J,595676,0,London Region,Lower Than A Level,20-Oct,0-35,0,60,0,Withdrawn,13,1,1,0,1,1,0,0,1,1,0,0,0,0,1,5
FFF,2013J,595735,0,East Anglian Region,Lower Than A Level,80-90%,0-35,0,60,0,Pass,11,0,1,0,0,0,1,0,1,0,1,1,1,1,0,6
FFF,2013J,595746,0,West Midlands Region,Lower Than A Level,20-Oct,0-35,0,60,0,Distinction,6,0,1,0,1,1,1,0,0,0,0,0,0,0,1,9
FFF,2013J,595752,1,North Region,Post Graduate Qualification,,0-35,0,120,0,Distinction,11,0,1,1,1,1,1,0,1,0,0,0,0,1,0,6
FFF,2013J,595769,0,North Western Region,HE Qualification,20-30%,0-35,0,120,0,Pass,9,1,1,1,0,0,1,0,0,1,0,1,0,0,1,4
FFF,2013J,595773,0,East Anglian Region,Lower Than A Level,40-50%,0-35,0,60,0,Withdrawn,5,0,1,0,0,1,0,0,1,1,0,0,0,1,0,9
FFF,2013J,595840,0,West Midlands Region,Lower Than A Level,20-30%,0-35,0,60,0,Distinction,3,1,0,0,1,1,1,1,1,1,1,1,0,1,0,8
FFF,2013J,595842,0,North Region,A Level or Equivalent,,0-35,0,120,0,Pass,15,0,1,0,1,0,0,0,0,0,1,1,0,0,0,10
FFF,2013J,595847,0,Wales,HE Qualification,0-10%,0-35,0,120,0,Distinction,4,1,1,1,0,1,0,1,1,1,0,1,1,1,0,8
FFF,2013J,595868,0,East Anglian Region,Lower Than A Level,80-90%,35-55,0,60,0,Pass,3,0,0,0,1,1,0,0,1,0,0,1,0,0,1,8
FFF,2013J,595895,0,Ireland,Lower Than A Level,90-100%,0-35,0,120,0,Withdrawn,5,0,0,0,0,1,0,1,0,0,1,0,1,1,1,9
FFF,2013J,595915,1,Yorkshire Region,Lower Than A Level,20-30%,0-35,0,240,0,Withdrawn,4,0,0,0,0,1,0,1,1,1,0,0,0,1,1,8
FFF,2013J,595935,0,South Region,A Level or Equivalent,30-40%,0-35,0,120,0,Withdrawn,5,0,0,0,1,0,0,0,1,0,1,1,1,0,1,9
FFF,2013J,595978,0,East Anglian Region,Lower Than A Level,90-100%,0-35,0,180,1,Withdrawn,1,1,0,0,0,1,1,1,0,0,1,1,0,0,0,2
FFF,2013J,596027,0,South Region,Lower Than A Level,40-50%,0-35,0,120,0,Pass,1,0,1,0,1,1,0,0,1,0,0,1,0,1,0,2
FFF,2013J,596029,0,London Region,Lower Than A Level,20-30%,0-35,0,120,0,Fail,13,0,0,0,0,1,0,0,0,1,1,0,0,1,0,5
FFF,2013J,596049,0,Yorkshire Region,Lower Than A Level,20-30%,0-35,0,120,0,Withdrawn,16,0,1,0,0,0,0,0,1,1,1,1,0,1,1,10
FFF,2013J,596125,0,South West Region,Lower Than A Level,50-60%,0-35,0,120,0,Fail,13,0,0,0,0,1,1,0,0,1,1,1,1,1,0,5
FFF,2013J,596146,0,South East Region,Lower Than A Level,70-80%,0-35,0,60,0,Withdrawn,15,0,1,1,0,0,0,1,0,1,0,1,0,1,1,10
FFF,2013J,596147,0,North Western Region,Lower Than A Level,30-40%,0-35,0,60,0,Pass,7,0,0,1,0,1,0,1,1,0,0,0,1,0,0,3
FFF,2013J,596231,0,North Western Region,A Level or Equivalent,20-Oct,0-35,0,90,0,Withdrawn,15,0,1,0,1,1,0,1,1,1,0,0,0,0,0,10
FFF,2013J,596266,0,South East Region,A Level or Equivalent,90-100%,0-35,0,90,0,Fail,1,1,0,1,1,1,0,1,1,0,0,0,1,0,0,2
FFF,2013J,596296,0,North Western Region,A Level or Equivalent,70-80%,0-35,0,90,1,Fail,14,1,1,0,1,0,0,0,0,0,0,0,1,1,1,5
FFF,2013J,596368,0,North Western Region,Lower Than A Level,20-30%,0-35,0,60,0,Pass,14,0,0,1,1,0,0,0,1,0,0,1,1,1,0,5
FFF,2013J,596369,0,South West Region,Lower Than A Level,20-Oct,0-35,0,90,0,Withdrawn,4,0,1,0,0,0,0,1,1,0,0,1,0,0,0,8
FFF,2013J,596406,0,West Midlands Region,A Level or Equivalent,0-10%,0-35,0,120,0,Fail,3,1,0,1,0,0,0,1,1,0,0,0,0,0,1,8
FFF,2013J,596480,0,East Midlands Region,A Level or Equivalent,20-30%,0-35,0,60,0,Withdrawn,10,0,0,0,1,1,0,0,1,0,0,1,0,0,0,1
FFF,2013J,596490,0,London Region,Lower Than A Level,50-60%,35-55,0,120,0,Pass,1,0,1,1,1,1,1,1,1,0,1,0,0,1,0,2
FFF,2013J,596521,0,Scotland,A Level or Equivalent,20-30%,0-35,0,120,0,Fail,6,0,0,0,0,1,0,1,1,0,1,0,0,1,1,9
FFF,2013J,596593,0,Scotland,A Level or Equivalent,90-100%,0-35,0,60,0,Pass,1,0,0,0,0,1,1,1,1,0,1,0,1,1,0,2
FFF,2013J,596601,1,South East Region,A Level or Equivalent,70-80%,0-35,0,180,0,Withdrawn,15,0,1,0,1,1,1,0,1,1,0,1,1,1,0,10
FFF,2013J,596624,0,South West Region,A Level or Equivalent,20-Oct,0-35,0,120,0,Fail,7,1,0,0,1,0,1,0,0,0,0,1,1,0,0,3
FFF,2013J,596646,0,London Region,Lower Than A Level,40-50%,0-35,0,120,0,Pass,8,0,1,1,1,1,0,0,1,1,0,0,1,0,0,3
FFF,2013J,596687,0,North Region,HE Qualification,,0-35,0,120,0,Distinction,7,0,1,1,0,1,0,1,1,1,0,0,1,0,1,3
FFF,2013J,596691,0,South West Region,Lower Than A Level,50-60%,0-35,0,120,0,Fail,8,1,0,0,0,1,0,1,1,1,0,1,1,0,1,3
FFF,2013J,596739,0,North Region,Lower Than A Level,20-30%,0-35,0,60,0,Withdrawn,5,0,1,1,1,1,0,0,1,0,1,0,1,1,1,9
FFF,2013J,596754,0,East Midlands Region,Lower Than A Level,20-Oct,35-55,0,60,0,Withdrawn,9,0,0,1,1,1,1,1,0,1,1,0,0,0,0,4
FFF,2013J,596756,0,South East Region,Lower Than A Level,70-80%,0-35,0,60,0,Pass,2,0,1,1,0,0,1,0,1,0,1,1,1,1,0,2
FFF,2013J,596774,0,East Anglian Region,A Level or Equivalent,90-100%,0-35,0,120,0,Withdrawn,7,1,0,1,1,1,0,0,1,0,0,1,1,0,0,3
FFF,2013J,596828,0,South Region,Lower Than A Level,80-90%,35-55,0,60,0,Pass,13,0,1,1,0,0,0,1,0,0,1,1,0,1,0,5
FFF,2013J,596829,0,East Anglian Region,A Level or Equivalent,30-40%,35-55,0,60,0,Withdrawn,13,0,1,0,1,1,0,0,0,1,0,1,0,0,1,5
FFF,2013J,596858,0,Scotland,HE Qualification,60-70%,35-55,0,90,0,Withdrawn,1,1,1,0,1,0,1,0,0,1,0,1,1,1,0,2
FFF,2013J,596860,0,North Western Region,HE Qualification,30-40%,35-55,0,60,0,Pass,15,0,0,1,0,0,1,0,1,0,0,0,0,1,1,10
FFF,2013J,596938,0,West Midlands Region,A Level or Equivalent,60-70%,0-35,0,60,0,Pass,1,1,1,1,0,1,1,1,0,0,1,1,0,0,1,2
FFF,2013J,596981,0,Scotland,A Level or Equivalent,20-30%,0-35,0,60,0,Pass,12,1,0,1,0,1,0,0,0,1,1,0,0,0,1,7
FFF,2013J,596982,0,East Midlands Region,A Level or Equivalent,80-90%,0-35,0,120,0,Pass,8,1,1,0,1,1,0,0,0,1,0,1,0,1,0,3
FFF,2013J,597074,0,Yorkshire Region,A Level or Equivalent,40-50%,0-35,0,240,0,Fail,8,1,1,0,0,0,1,1,0,0,0,1,0,1,0,3
FFF,2013J,597098,0,Wales,Lower Than A Level,40-50%,0-35,0,120,0,Fail,1,0,0,1,0,0,0,1,1,1,0,0,1,0,0,2
FFF,2013J,597190,0,North Western Region,Lower Than A Level,0-10%,0-35,0,60,0,Withdrawn,9,0,1,1,0,1,1,1,1,0,0,1,1,0,0,4
FFF,2013J,597199,1,North Region,A Level or Equivalent,,0-35,0,60,0,Pass,8,0,0,1,0,1,0,1,1,0,0,0,0,0,0,3
FFF,2013J,597204,0,Scotland,HE Qualification,0-10%,0-35,0,60,0,Pass,1,1,1,0,1,0,0,0,1,1,0,0,0,0,0,2
FFF,2013J,597238,1,South East Region,A Level or Equivalent,20-Oct,0-35,0,120,1,Withdrawn,14,1,0,0,0,1,1,0,0,1,1,1,0,1,0,5
FFF,2013J,597241,0,West Midlands Region,A Level or Equivalent,0-10%,0-35,0,120,0,Distinction,4,1,0,0,1,0,1,1,1,0,0,1,1,1,0,8
FFF,2013J,597293,0,South Region,Lower Than A Level,50-60%,0-35,0,120,0,Pass,1,0,0,1,0,0,0,1,1,1,0,1,0,0,0,2
FFF,2013J,597402,0,London Region,A Level or Equivalent,70-80%,35-55,0,120,0,Withdrawn,12,0,0,0,0,0,0,0,1,1,0,1,1,1,1,7
FFF,2013J,597415,0,North Region,HE Qualification,,0-35,0,60,0,Fail,12,0,1,0,0,0,1,0,0,0,1,0,0,1,1,7
FFF,2013J,597485,0,Ireland,Lower Than A Level,80-90%,0-35,0,60,0,Pass,1,1,1,0,0,0,0,0,0,0,1,1,1,1,1,2
FFF,2013J,597555,0,London Region,Lower Than A Level,20-30%,35-55,0,60,0,Withdrawn,16,1,0,1,1,1,1,1,0,0,0,0,0,0,1,10
FFF,2013J,597557,0,East Anglian Region,Lower Than A Level,60-70%,0-35,0,60,0,Withdrawn,11,0,0,0,1,0,0,0,1,1,0,0,1,0,1,6
FFF,2013J,597627,0,South East Region,Lower Than A Level,80-90%,0-35,0,60,0,Pass,14,1,0,0,1,0,0,0,1,1,1,1,1,1,1,5
FFF,2013J,597715,0,North Western Region,Lower Than A Level,20-30%,35-55,0,60,0,Pass,8,1,1,1,0,1,0,1,0,0,0,1,0,1,1,3
FFF,2013J,597737,0,Scotland,A Level or Equivalent,0-10%,0-35,0,60,0,Pass,15,1,0,0,1,1,1,1,1,0,0,1,1,1,1,10
FFF,2013J,597747,0,East Anglian Region,HE Qualification,20-Oct,0-35,0,90,0,Fail,4,1,0,0,1,1,0,0,0,1,0,1,1,0,1,8
FFF,2013J,597761,1,South Region,Lower Than A Level,20-30%,0-35,0,120,0,Withdrawn,12,1,1,1,1,1,1,0,1,0,1,1,1,0,0,7
FFF,2013J,597787,0,London Region,A Level or Equivalent,20-30%,35-55,0,60,0,Distinction,8,1,0,1,1,1,0,0,0,0,1,1,0,0,0,3
FFF,2013J,597791,0,East Midlands Region,A Level or Equivalent,70-80%,0-35,0,60,0,Pass,10,0,0,0,1,0,0,0,0,1,0,1,1,0,0,1
FFF,2013J,597797,0,Yorkshire Region,A Level or Equivalent,40-50%,0-35,0,60,0,Pass,1,1,0,0,1,1,0,1,0,0,0,1,1,0,0,2
FFF,2013J,597817,1,East Anglian Region,A Level or Equivalent,20-30%,0-35,0,120,0,Fail,14,0,0,1,1,1,1,0,1,0,0,0,0,1,1,5
FFF,2013J,597819,0,North Region,Lower Than A Level,,0-35,0,60,0,Distinction,5,1,1,1,1,1,1,0,1,1,1,1,0,0,0,9
FFF,2013J,597880,0,North Region,A Level or Equivalent,20-Oct,0-35,0,60,0,Withdrawn,6,0,0,1,1,1,0,1,1,1,1,1,1,1,1,9
FFF,2013J,597906,0,Scotland,A Level or Equivalent,60-70%,0-35,0,60,0,Pass,9,0,1,0,1,0,0,1,1,1,1,1,0,0,0,4
FFF,2013J,597912,0,South East Region,Lower Than A Level,90-100%,0-35,0,120,0,Fail,13,1,0,1,1,0,1,1,0,0,0,1,1,1,1,5
FFF,2013J,597931,0,West Midlands Region,Lower Than A Level,40-50%,0-35,0,60,0,Withdrawn,12,1,1,1,1,1,0,0,1,0,1,1,0,0,0,7
FFF,2013J,598001,0,London Region,Lower Than A Level,50-60%,0-35,0,90,0,Fail,6,0,1,1,1,1,1,0,0,1,0,1,1,1,1,9
FFF,2013J,598032,1,North Western Region,Lower Than A Level,0-10%,0-35,0,60,0,Fail,13,1,1,1,1,0,0,0,0,1,1,0,0,1,0,5
FFF,2013J,598077,0,Wales,Lower Than A Level,80-90%,0-35,0,60,0,Pass,7,1,1,0,0,1,0,1,1,1,0,0,0,0,1,3
FFF,2013J,598213,1,North Western Region,No Formal quals,0-10%,0-35,0,60,0,Pass,7,1,1,0,0,1,1,1,0,0,0,0,0,1,0,3
FFF,2013J,598215,0,South Region,A Level or Equivalent,50-60%,0-35,0,60,0,Pass,2,1,0,0,0,1,1,1,0,1,0,1,0,1,1,2
FFF,2013J,598235,0,South Region,HE Qualification,20-Oct,0-35,0,120,0,Fail,8,0,0,0,0,0,1,1,1,0,1,1,0,1,0,3
FFF,2013J,598259,0,South West Region,A Level or Equivalent,0-10%,0-35,0,120,1,Withdrawn,10,1,1,1,0,1,0,0,0,1,0,1,1,1,1,1
FFF,2013J,598268,1,West Midlands Region,Lower Than A Level,0-10%,35-55,0,120,0,Withdrawn,5,0,0,0,1,1,0,1,1,1,0,0,1,1,0,9
FFF,2013J,598279,1,London Region,A Level or Equivalent,30-40%,0-35,0,60,0,Pass,13,0,1,0,1,0,0,1,0,1,0,0,0,1,0,5
FFF,2013J,598285,0,South West Region,Lower Than A Level,20-Oct,35-55,0,120,1,Pass,3,0,0,1,0,0,0,1,1,0,1,1,0,1,1,8
FFF,2013J,598294,0,London Region,HE Qualification,20-Oct,0-35,0,60,0,Pass,12,0,1,0,1,0,1,0,0,0,0,1,1,1,0,7
FFF,2013J,598299,0,London Region,A Level or Equivalent,60-70%,0-35,0,60,0,Pass,11,0,1,1,0,1,1,0,0,0,1,1,0,1,0,6
FFF,2013J,598306,0,East Anglian Region,A Level or Equivalent,80-90%,0-35,0,120,0,Fail,8,0,0,0,1,0,1,1,1,1,0,1,1,1,1,3
FFF,2013J,598308,0,Ireland,Post Graduate Qualification,,0-35,0,120,0,Withdrawn,13,1,0,0,0,0,1,1,0,0,0,1,0,1,0,5
FFF,2013J,598353,0,West Midlands Region,HE Qualification,40-50%,35-55,0,150,0,Withdrawn,15,1,0,1,1,1,1,1,1,0,0,0,1,0,0,10
FFF,2013J,598376,0,Ireland,HE Qualification,70-80%,35-55,0,60,0,Pass,6,1,0,1,0,1,0,1,1,1,1,0,1,1,0,9
FFF,2013J,598385,0,North Region,Lower Than A Level,,0-35,0,60,0,Fail,10,1,0,0,0,0,1,0,0,0,1,0,0,0,0,1
FFF,2013J,598478,1,Scotland,A Level or Equivalent,30-40%,35-55,0,120,0,Withdrawn,16,0,1,1,0,1,0,1,1,1,0,1,0,0,0,10
FFF,2013J,598480,0,London Region,Lower Than A Level,20-Oct,0-35,0,60,0,Fail,5,1,0,0,1,1,0,1,1,1,0,1,1,1,0,9
FFF,2013J,598498,0,South East Region,Lower Than A Level,80-90%,0-35,0,60,0,Withdrawn,12,1,0,1,1,0,1,0,0,1,0,0,1,0,1,7
FFF,2013J,598543,0,East Anglian Region,Lower Than A Level,90-100%,0-35,0,90,0,Pass,16,0,1,1,0,1,1,1,1,0,0,1,0,0,1,10
FFF,2013J,598555,1,London Region,Lower Than A Level,20-Oct,0-35,0,120,0,Pass,12,0,0,1,1,0,0,1,1,0,1,1,0,0,0,7
FFF,2013J,598629,0,North Western Region,Lower Than A Level,0-10%,35-55,0,120,0,Withdrawn,3,0,1,0,1,0,0,1,0,1,0,1,0,1,1,8
FFF,2013J,598649,1,London Region,HE Qualification,20-30%,0-35,0,120,0,Fail,4,0,1,1,0,0,0,0,1,0,0,1,1,0,0,8
FFF,2013J,598666,0,London Region,No Formal quals,20-30%,0-35,0,120,0,Withdrawn,8,1,0,1,0,1,0,1,0,0,1,0,1,0,0,3
FFF,2013J,598706,0,South Region,Lower Than A Level,0-10%,0-35,0,120,0,Distinction,16,1,0,1,0,0,0,0,1,1,1,1,0,1,1,10
FFF,2013J,598752,0,Ireland,A Level or Equivalent,30-40%,0-35,0,60,0,Withdrawn,7,1,1,0,0,0,1,1,0,0,0,0,1,0,0,3
FFF,2013J,598757,0,South Region,A Level or Equivalent,90-100%,35-55,0,90,0,Withdrawn,3,1,0,1,1,1,1,1,1,1,1,0,1,1,1,8
FFF,2013J,598761,1,South Region,A Level or Equivalent,70-80%,0-35,0,120,0,Distinction,3,1,0,1,0,1,0,1,1,1,0,0,1,1,1,8
FFF,2013J,598835,0,Scotland,A Level or Equivalent,40-50%,0-35,0,60,0,Distinction,13,0,0,0,1,1,1,0,1,1,0,1,0,0,0,5
FFF,2013J,598887,0,South Region,A Level or Equivalent,20-30%,0-35,0,60,0,Withdrawn,5,1,0,0,0,0,0,1,0,0,1,1,0,0,0,9
FFF,2013J,598962,0,South East Region,A Level or Equivalent,80-90%,0-35,0,120,0,Withdrawn,6,1,1,1,1,0,0,1,1,0,0,0,1,1,0,9
FFF,2013J,598966,0,South East Region,A Level or Equivalent,30-40%,0-35,0,120,1,Pass,11,1,1,1,1,0,0,0,0,1,0,1,0,1,1,6
FFF,2013J,598983,0,Scotland,A Level or Equivalent,30-40%,35-55,0,60,0,Pass,6,1,0,1,0,0,0,0,1,1,0,1,1,1,1,9
FFF,2013J,599094,0,Ireland,A Level or Equivalent,80-90%,0-35,0,90,0,Pass,2,0,1,1,0,0,1,1,0,0,0,0,0,0,0,2
FFF,2013J,599104,0,Scotland,HE Qualification,40-50%,0-35,0,120,0,Pass,15,0,0,1,1,1,0,1,1,0,0,1,1,1,0,10
FFF,2013J,599114,0,Scotland,Lower Than A Level,60-70%,0-35,0,60,0,Withdrawn,1,1,1,0,0,0,1,1,1,1,1,1,1,0,0,2
FFF,2013J,599168,0,East Midlands Region,Lower Than A Level,50-60%,35-55,0,60,0,Fail,9,0,0,0,1,0,1,1,1,0,1,1,1,0,0,4
FFF,2013J,599199,0,West Midlands Region,Lower Than A Level,20-Oct,0-35,0,60,0,Pass,5,0,0,0,0,1,0,1,0,1,1,1,0,1,1,9
FFF,2013J,599245,0,South Region,A Level or Equivalent,50-60%,35-55,0,60,0,Pass,6,0,1,0,1,1,1,0,1,0,0,0,0,1,1,9
FFF,2013J,599289,0,North Western Region,A Level or Equivalent,70-80%,0-35,0,60,0,Distinction,9,1,0,1,1,0,0,0,1,1,0,0,1,1,1,4
FFF,2013J,599297,0,Yorkshire Region,A Level or Equivalent,20-Oct,0-35,0,120,0,Fail,6,0,0,0,1,1,0,1,0,1,1,1,0,0,0,9
FFF,2013J,599315,0,South Region,HE Qualification,70-80%,35-55,0,120,0,Distinction,8,0,1,0,0,0,0,1,0,0,1,0,0,1,1,3
FFF,2013J,599370,0,East Anglian Region,A Level or Equivalent,50-60%,35-55,0,60,0,Pass,3,0,1,0,0,0,0,0,1,0,0,0,0,0,0,8
FFF,2013J,599445,1,Scotland,HE Qualification,40-50%,0-35,0,90,0,Pass,11,0,1,0,1,1,1,1,1,1,0,1,0,0,1,6
FFF,2013J,599464,0,London Region,Lower Than A Level,20-30%,0-35,0,120,0,Withdrawn,12,0,1,1,1,0,0,0,1,1,0,1,1,0,1,7
FFF,2013J,599468,0,North Western Region,Lower Than A Level,80-90%,0-35,0,60,0,Pass,16,1,0,1,0,0,1,1,0,0,1,1,1,0,1,10
FFF,2013J,599559,0,East Anglian Region,HE Qualification,20-30%,0-35,0,60,0,Distinction,8,0,1,1,1,1,1,1,1,0,1,0,1,0,1,3
FFF,2013J,599568,0,East Anglian Region,A Level or Equivalent,30-40%,0-35,0,120,0,Fail,2,1,1,0,1,1,0,0,0,1,0,1,1,0,0,2
FFF,2013J,599570,0,North Western Region,Lower Than A Level,0-10%,0-35,0,60,0,Fail,16,1,1,1,0,0,1,1,1,0,1,0,1,1,1,10
FFF,2013J,599587,0,North Region,Lower Than A Level,,0-35,0,60,0,Pass,11,1,0,0,0,0,0,1,1,1,1,1,1,0,0,6
FFF,2013J,599595,0,South East Region,A Level or Equivalent,40-50%,0-35,0,120,0,Withdrawn,9,1,0,1,0,0,1,0,0,0,1,0,1,0,0,4
FFF,2013J,599663,0,North Region,HE Qualification,30-40%,0-35,0,60,0,Pass,14,1,0,1,1,1,1,0,1,0,1,1,1,0,0,5
FFF,2013J,599683,1,Scotland,HE Qualification,30-40%,0-35,0,90,0,Distinction,11,0,1,0,1,1,0,1,0,0,0,0,1,0,1,6
FFF,2013J,599718,0,Scotland,HE Qualification,30-40%,0-35,0,90,0,Pass,5,0,1,1,0,1,1,1,0,0,1,0,1,1,0,9
FFF,2013J,599776,0,South Region,Lower Than A Level,70-80%,0-35,0,90,0,Withdrawn,13,0,1,0,1,0,0,1,0,0,1,0,0,1,1,5
FFF,2013J,599783,0,Ireland,A Level or Equivalent,50-60%,0-35,0,90,0,Pass,15,1,0,0,0,0,1,1,1,0,1,1,0,0,1,10
FFF,2013J,599795,0,London Region,Lower Than A Level,50-60%,35-55,0,60,0,Withdrawn,7,0,1,0,1,1,1,1,0,1,0,1,0,0,1,3
FFF,2013J,599805,0,South Region,A Level or Equivalent,40-50%,0-35,0,180,0,Withdrawn,11,1,1,0,0,1,1,1,0,1,0,0,0,1,0,6
FFF,2013J,599816,0,East Anglian Region,HE Qualification,90-100%,0-35,0,120,1,Pass,9,1,1,0,0,1,0,1,0,1,0,0,0,1,1,4
FFF,2013J,599857,0,Scotland,Lower Than A Level,20-30%,35-55,0,90,0,Pass,6,1,1,0,1,1,1,1,0,1,1,1,0,1,1,9
FFF,2013J,599907,1,Scotland,HE Qualification,60-70%,0-35,0,60,0,Fail,3,1,0,1,0,0,1,1,1,1,1,0,1,1,0,8
FFF,2013J,599957,0,North Western Region,Lower Than A Level,20-30%,0-35,0,60,0,Withdrawn,1,0,0,0,0,1,0,1,0,1,1,1,0,0,1,2
FFF,2013J,599994,0,North Region,A Level or Equivalent,70-80%,0-35,0,60,0,Withdrawn,14,0,1,0,0,0,1,1,0,1,1,1,1,1,0,5
FFF,2013J,600037,0,Ireland,Lower Than A Level,0-10%,0-35,0,120,0,Withdrawn,8,0,1,1,0,0,0,1,0,0,1,0,1,1,0,3
FFF,2013J,600175,0,North Western Region,HE Qualification,80-90%,0-35,0,90,0,Pass,14,0,0,0,1,0,1,1,0,0,1,0,0,0,1,5
FFF,2013J,600224,0,North Western Region,A Level or Equivalent,0-10%,0-35,0,120,1,Pass,9,0,0,0,1,0,0,1,1,0,0,0,0,0,0,4
FFF,2013J,600243,0,Scotland,HE Qualification,50-60%,0-35,0,60,0,Pass,10,0,0,0,0,1,0,0,1,0,0,1,1,1,1,1
FFF,2013J,600367,0,North Western Region,Lower Than A Level,30-40%,0-35,0,90,1,Fail,10,1,0,0,0,1,1,0,1,0,0,1,1,1,0,1
FFF,2013J,600436,1,West Midlands Region,HE Qualification,20-30%,0-35,0,120,1,Withdrawn,2,0,0,1,1,1,0,0,1,1,1,0,1,0,0,2
FFF,2013J,600515,0,North Region,A Level or Equivalent,50-60%,0-35,0,60,0,Fail,10,1,0,1,0,1,1,1,1,0,1,1,0,0,0,1
FFF,2013J,600542,0,Ireland,A Level or Equivalent,20-Oct,0-35,0,90,0,Pass,14,0,0,0,0,1,1,0,0,1,0,1,1,1,0,5
FFF,2013J,600558,0,Scotland,Lower Than A Level,40-50%,0-35,0,60,0,Pass,11,1,0,0,0,0,0,0,1,0,1,1,0,1,0,6
FFF,2013J,600564,0,West Midlands Region,A Level or Equivalent,80-90%,0-35,0,120,0,Withdrawn,6,1,1,1,0,1,0,1,0,1,0,1,1,0,1,9
FFF,2013J,600615,0,South West Region,Lower Than A Level,0-10%,0-35,0,90,0,Withdrawn,5,1,1,1,1,1,0,1,0,0,0,0,1,0,0,9
FFF,2013J,600667,0,London Region,A Level or Equivalent,40-50%,0-35,0,60,0,Withdrawn,14,0,1,0,0,1,1,0,1,0,1,0,1,1,1,5
FFF,2013J,600676,0,South East Region,Lower Than A Level,60-70%,35-55,0,60,0,Pass,7,0,0,0,0,1,1,0,0,0,1,1,1,0,0,3
FFF,2013J,600682,0,South Region,HE Qualification,60-70%,0-35,0,90,0,Pass,5,0,1,0,1,0,0,0,0,1,0,0,0,0,1,9
FFF,2013J,600746,0,North Western Region,A Level or Equivalent,30-40%,0-35,0,60,0,Withdrawn,12,1,1,1,1,0,0,1,0,0,0,1,1,0,0,7
FFF,2013J,600748,0,East Anglian Region,Lower Than A Level,20-30%,0-35,0,60,0,Withdrawn,2,1,1,0,1,1,0,1,0,0,0,1,0,0,0,2
FFF,2013J,600808,0,South Region,A Level or Equivalent,50-60%,0-35,0,60,0,Withdrawn,7,1,0,0,0,1,1,0,1,1,0,0,0,1,0,3
FFF,2013J,600860,1,Scotland,A Level or Equivalent,20-30%,0-35,0,60,0,Pass,16,1,0,0,0,0,1,1,0,0,1,1,0,0,0,10
FFF,2013J,600944,0,South Region,Lower Than A Level,20-Oct,0-35,0,60,0,Pass,4,1,0,1,1,1,1,0,0,1,0,1,1,0,1,8
FFF,2013J,600947,0,South Region,Lower Than A Level,20-30%,0-35,0,120,0,Fail,15,1,0,0,0,0,0,0,0,0,0,1,0,1,0,10
FFF,2013J,600955,0,East Anglian Region,A Level or Equivalent,50-60%,35-55,0,60,0,Withdrawn,5,0,0,1,0,1,0,0,0,1,1,1,1,1,0,9
FFF,2013J,600991,0,Scotland,HE Qualification,30-40%,0-35,0,90,0,Pass,15,1,0,1,1,1,0,1,1,0,1,0,0,0,0,10
FFF,2013J,601021,0,Ireland,HE Qualification,20-30%,0-35,0,90,0,Pass,14,1,0,1,1,1,0,1,0,0,1,1,0,0,0,5
FFF,2013J,601040,0,East Anglian Region,Lower Than A Level,0-10%,0-35,0,120,0,Pass,9,0,1,1,0,0,1,1,0,0,0,0,0,1,0,4
FFF,2013J,601042,0,South West Region,Lower Than A Level,30-40%,0-35,0,60,0,Fail,3,1,1,0,1,0,1,1,1,0,1,1,0,1,0,8
FFF,2013J,601074,0,East Anglian Region,A Level or Equivalent,80-90%,0-35,0,90,0,Withdrawn,4,0,0,0,0,1,1,0,0,1,1,0,0,0,0,8
FFF,2013J,601080,0,Wales,Lower Than A Level,20-Oct,0-35,0,60,0,Fail,12,1,1,1,1,0,1,0,0,0,0,1,0,1,1,7
FFF,2013J,601099,0,North Western Region,A Level or Equivalent,20-Oct,35-55,0,120,0,Pass,13,1,0,1,0,1,0,0,1,0,1,1,1,0,0,5
FFF,2013J,601104,0,South Region,Lower Than A Level,90-100%,0-35,0,60,0,Pass,11,0,0,1,0,1,1,0,1,1,1,0,1,0,0,6
FFF,2013J,601105,0,North Region,Lower Than A Level,0-10%,0-35,0,120,0,Pass,5,0,0,0,1,0,0,1,1,1,0,0,0,0,0,9
FFF,2013J,601180,0,Scotland,HE Qualification,70-80%,35-55,0,60,0,Withdrawn,15,0,0,0,1,0,0,0,0,0,0,0,1,0,1,10
FFF,2013J,601184,0,North Western Region,A Level or Equivalent,20-Oct,0-35,0,60,0,Fail,4,0,0,0,0,1,1,0,1,1,1,1,0,0,0,8
FFF,2013J,601213,0,South Region,HE Qualification,50-60%,0-35,0,90,0,Distinction,5,0,0,0,1,0,0,1,1,0,1,1,0,0,0,9
FFF,2013J,601217,0,Scotland,Lower Than A Level,60-70%,0-35,0,60,0,Withdrawn,15,1,1,1,1,0,1,1,0,0,0,1,1,1,1,10
FFF,2013J,601271,0,South West Region,Lower Than A Level,40-50%,0-35,0,60,1,Withdrawn,12,0,1,0,1,1,0,1,1,1,1,0,1,0,1,7
FFF,2013J,601388,1,South East Region,A Level or Equivalent,40-50%,0-35,0,60,0,Pass,7,0,0,1,1,1,0,1,1,1,0,0,0,0,1,3
FFF,2013J,601389,0,East Anglian Region,A Level or Equivalent,90-100%,0-35,0,120,1,Distinction,16,1,0,0,0,1,1,1,0,1,1,0,1,1,1,10
FFF,2013J,601390,1,Yorkshire Region,A Level or Equivalent,50-60%,0-35,0,90,0,Pass,12,0,1,0,0,1,0,1,1,0,1,1,0,0,0,7
FFF,2013J,601399,0,South West Region,Lower Than A Level,40-50%,0-35,0,120,0,Pass,11,1,0,0,0,0,1,1,0,1,1,1,0,0,1,6
FFF,2013J,601430,0,North Western Region,A Level or Equivalent,40-50%,0-35,0,90,0,Pass,10,0,1,1,0,1,1,0,0,1,0,1,0,0,1,1
FFF,2013J,601439,1,Scotland,HE Qualification,90-100%,0-35,0,90,1,Pass,1,0,0,0,0,1,0,1,1,1,1,1,0,1,0,2
FFF,2013J,601583,0,North Western Region,A Level or Equivalent,20-Oct,0-35,0,120,0,Pass,13,0,1,0,0,0,0,1,0,1,1,1,1,0,1,5
FFF,2013J,601640,0,London Region,HE Qualification,20-30%,0-35,0,90,0,Fail,3,1,0,1,1,0,0,1,1,1,0,1,0,1,0,8
FFF,2013J,601681,0,Ireland,Lower Than A Level,,0-35,0,60,0,Pass,7,1,1,1,0,0,1,0,1,1,1,0,0,1,1,3
FFF,2013J,601745,0,London Region,A Level or Equivalent,60-70%,0-35,0,60,1,Fail,3,1,0,1,1,0,0,0,1,1,1,0,1,0,1,8
FFF,2013J,601761,0,Yorkshire Region,A Level or Equivalent,20-Oct,0-35,0,60,0,Withdrawn,2,1,1,0,1,0,0,1,1,0,0,0,1,0,1,2
FFF,2013J,601783,1,Scotland,HE Qualification,60-70%,0-35,0,60,0,Withdrawn,10,0,0,0,1,0,0,1,0,0,0,0,1,0,0,1
FFF,2013J,601788,0,North Western Region,Lower Than A Level,40-50%,0-35,0,90,0,Pass,10,1,1,1,1,0,1,0,0,1,0,1,1,0,0,1
FFF,2013J,601808,1,Scotland,A Level or Equivalent,20-30%,0-35,0,60,0,Pass,7,0,1,1,0,1,0,1,0,1,0,1,0,1,1,3
FFF,2013J,601855,0,South East Region,Lower Than A Level,30-40%,35-55,0,60,0,Withdrawn,8,0,0,1,1,0,0,0,1,1,1,1,1,0,0,3
FFF,2013J,601952,1,East Midlands Region,Lower Than A Level,0-10%,0-35,0,60,0,Pass,11,1,0,1,0,0,0,0,1,0,1,1,0,0,0,6
FFF,2013J,602053,0,South East Region,A Level or Equivalent,60-70%,0-35,0,60,0,Withdrawn,12,1,1,1,0,0,0,1,1,0,0,0,1,0,0,7
FFF,2013J,602097,0,East Anglian Region,A Level or Equivalent,80-90%,0-35,0,60,1,Fail,13,1,1,0,0,0,0,0,0,0,0,1,0,0,1,5
FFF,2013J,602099,1,North Region,Lower Than A Level,,0-35,0,120,0,Pass,7,0,1,1,1,1,1,0,0,0,1,0,1,1,0,3
FFF,2013J,602111,0,North Western Region,Lower Than A Level,30-40%,0-35,0,60,1,Fail,5,0,0,0,0,0,1,1,0,0,0,0,1,0,0,9
FFF,2013J,602152,0,London Region,A Level or Equivalent,20-30%,0-35,0,120,0,Withdrawn,1,1,1,0,0,1,1,1,0,1,0,0,1,1,1,2
FFF,2013J,602312,0,Yorkshire Region,A Level or Equivalent,40-50%,0-35,0,120,1,Pass,10,1,0,1,1,0,1,0,0,1,0,0,1,1,1,1
FFF,2013J,602320,0,London Region,A Level or Equivalent,50-60%,35-55,0,120,0,Withdrawn,16,0,0,1,0,0,0,1,1,1,0,0,0,1,1,10
FFF,2013J,602344,0,North Region,Lower Than A Level,20-Oct,0-35,0,90,0,Fail,7,0,1,1,0,1,1,1,0,1,0,0,0,1,0,3
FFF,2013J,602406,0,East Midlands Region,A Level or Equivalent,20-Oct,35-55,0,120,0,Withdrawn,5,0,0,0,1,0,1,1,1,1,1,0,1,0,0,9
FFF,2013J,602451,0,North Region,A Level or Equivalent,20-Oct,35-55,0,60,0,Pass,3,0,0,0,0,1,1,0,0,1,0,0,0,0,1,8
FFF,2013J,602468,0,South East Region,Lower Than A Level,20-Oct,35-55,0,90,0,Pass,4,1,1,0,1,0,0,1,0,1,0,0,0,1,0,8
FFF,2013J,602469,1,Wales,A Level or Equivalent,80-90%,0-35,0,60,0,Pass,5,1,0,0,0,1,0,0,1,0,0,0,0,1,1,9
FFF,2013J,602502,0,Scotland,A Level or Equivalent,70-80%,0-35,0,120,1,Withdrawn,15,1,1,0,1,0,1,1,0,1,0,1,0,0,1,10
FFF,2013J,602511,1,South West Region,Lower Than A Level,30-40%,0-35,0,60,0,Pass,8,0,0,1,1,1,1,1,1,1,1,0,0,1,0,3
FFF,2013J,602516,1,East Anglian Region,A Level or Equivalent,50-60%,0-35,0,60,0,Pass,15,1,1,0,1,0,1,0,1,1,1,0,1,1,1,10
FFF,2013J,602569,1,Scotland,A Level or Equivalent,50-60%,0-35,0,60,0,Fail,1,1,0,0,1,0,0,1,1,0,1,0,1,1,1,2
FFF,2013J,602577,0,Scotland,A Level or Equivalent,90-100%,0-35,0,60,0,Pass,4,1,1,0,1,1,0,0,1,0,0,0,1,0,1,8
FFF,2013J,602592,1,Yorkshire Region,Lower Than A Level,0-10%,0-35,0,60,0,Fail,3,0,0,0,0,0,1,0,0,1,1,0,1,0,1,8
FFF,2013J,602600,0,Scotland,Lower Than A Level,0-10%,0-35,0,60,0,Fail,1,0,1,1,1,1,0,0,1,0,0,1,1,0,1,2
FFF,2013J,602669,0,South Region,A Level or Equivalent,50-60%,35-55,0,90,0,Distinction,15,1,1,0,1,1,1,1,0,0,1,1,0,0,0,10
FFF,2013J,602672,0,East Midlands Region,Lower Than A Level,60-70%,0-35,0,180,0,Withdrawn,3,0,1,0,1,0,1,1,1,0,0,0,0,1,1,8
FFF,2013J,602713,0,Scotland,HE Qualification,20-30%,0-35,0,90,0,Distinction,6,1,1,0,1,1,1,0,0,0,0,0,0,0,1,9
FFF,2013J,602719,0,East Anglian Region,A Level or Equivalent,80-90%,0-35,0,120,0,Pass,1,1,0,0,0,1,1,1,1,1,1,1,0,0,0,2
FFF,2013J,602734,0,West Midlands Region,HE Qualification,20-Oct,0-35,0,150,0,Fail,3,0,1,1,1,0,0,0,0,0,1,1,1,0,1,8
FFF,2013J,602777,0,East Midlands Region,A Level or Equivalent,80-90%,0-35,0,150,0,Pass,12,0,1,1,0,0,0,0,0,0,0,0,1,1,0,7
FFF,2013J,602781,0,South East Region,A Level or Equivalent,50-60%,0-35,0,120,1,Withdrawn,6,1,0,1,0,0,0,1,1,1,1,0,0,1,0,9
FFF,2013J,602792,0,London Region,Lower Than A Level,20-Oct,0-35,0,60,0,Withdrawn,2,0,0,1,0,0,1,0,0,1,0,1,1,1,1,2
FFF,2013J,602811,0,North Region,Lower Than A Level,,0-35,0,120,0,Pass,8,1,1,0,1,1,0,0,1,0,0,1,0,1,0,3
FFF,2013J,602837,0,North Region,HE Qualification,,0-35,0,60,0,Pass,14,0,0,1,0,0,0,1,0,1,1,1,0,0,1,5
FFF,2013J,602895,1,Scotland,HE Qualification,50-60%,0-35,0,90,0,Fail,5,0,1,0,1,1,1,0,1,1,1,1,0,1,1,9
FFF,2013J,602948,0,South Region,A Level or Equivalent,70-80%,35-55,0,90,0,Pass,13,0,0,0,1,1,0,1,1,0,1,0,0,0,0,5
FFF,2013J,602994,0,London Region,A Level or Equivalent,20-Oct,0-35,0,120,0,Withdrawn,16,0,0,0,1,1,1,0,1,1,1,1,1,0,1,10
FFF,2013J,603030,0,Wales,HE Qualification,80-90%,0-35,0,60,0,Fail,3,0,0,1,0,1,0,0,1,0,0,1,1,1,1,8
FFF,2013J,603059,0,Ireland,Lower Than A Level,,0-35,0,120,0,Distinction,9,0,1,1,1,1,1,1,0,1,1,0,0,1,0,4
FFF,2013J,603111,1,West Midlands Region,A Level or Equivalent,80-90%,0-35,0,120,0,Withdrawn,9,0,0,0,0,0,1,1,0,0,0,0,0,1,1,4
FFF,2013J,603148,0,London Region,Lower Than A Level,20-Oct,0-35,0,120,0,Withdrawn,10,1,0,0,0,1,0,1,1,0,1,1,1,1,1,1
FFF,2013J,603155,0,Scotland,Lower Than A Level,40-50%,0-35,0,60,0,Pass,5,1,1,1,1,0,1,0,1,0,0,1,1,1,1,9
FFF,2013J,603170,0,London Region,Lower Than A Level,40-50%,0-35,0,90,0,Distinction,13,1,0,0,1,0,0,1,1,1,1,1,1,1,0,5
FFF,2013J,603199,0,North Western Region,Lower Than A Level,70-80%,35-55,0,90,0,Withdrawn,3,1,0,1,1,1,0,1,0,0,0,1,1,0,0,8
FFF,2013J,603204,1,London Region,HE Qualification,20-30%,0-35,0,180,0,Withdrawn,3,1,0,1,0,1,0,1,1,1,0,1,1,1,0,8
FFF,2013J,603216,0,North Region,A Level or Equivalent,50-60%,0-35,0,120,0,Fail,4,0,0,0,1,1,1,1,0,0,0,0,1,1,1,8
FFF,2013J,603220,0,East Midlands Region,Lower Than A Level,20-30%,0-35,0,120,0,Fail,14,0,1,1,0,1,0,1,0,1,1,0,0,0,0,5
FFF,2013J,603231,0,Scotland,HE Qualification,60-70%,0-35,0,60,0,Pass,11,0,0,0,1,0,1,0,1,1,0,0,0,1,1,6
FFF,2013J,603260,1,South West Region,Lower Than A Level,90-100%,0-35,0,60,0,Withdrawn,3,0,0,1,0,0,1,0,1,1,1,0,0,0,1,8
FFF,2013J,603300,0,North Region,A Level or Equivalent,20-Oct,0-35,0,60,0,Pass,13,0,1,1,1,1,1,0,1,0,0,0,0,0,0,5
FFF,2013J,603327,0,Scotland,A Level or Equivalent,90-100%,0-35,0,60,0,Pass,5,0,1,0,1,1,0,0,0,1,0,1,0,0,0,9
FFF,2013J,603341,0,North Region,Lower Than A Level,,0-35,0,60,0,Pass,9,1,1,1,0,1,0,0,0,1,1,1,1,0,1,4
FFF,2013J,603389,0,East Midlands Region,Lower Than A Level,20-30%,0-35,0,60,0,Pass,10,0,1,0,0,0,0,1,0,1,0,1,1,0,1,1
FFF,2013J,603423,0,North Region,A Level or Equivalent,0-10%,35-55,0,60,0,Withdrawn,1,1,1,1,0,1,0,1,0,0,1,1,0,0,0,2
FFF,2013J,603437,0,London Region,Lower Than A Level,20-30%,0-35,0,120,0,Pass,15,0,1,1,0,1,1,1,1,0,1,1,0,1,1,10
FFF,2013J,603529,0,Scotland,A Level or Equivalent,50-60%,0-35,0,60,0,Pass,7,0,0,0,1,1,1,1,1,1,0,0,1,1,0,3
FFF,2013J,603575,0,South Region,Lower Than A Level,20-Oct,0-35,0,120,0,Withdrawn,7,1,1,0,1,0,1,1,0,0,0,0,0,1,1,3
FFF,2013J,603576,0,East Midlands Region,A Level or Equivalent,60-70%,0-35,0,60,0,Pass,14,0,0,0,0,0,1,1,1,0,1,0,1,0,0,5
FFF,2013J,603597,0,London Region,A Level or Equivalent,80-90%,0-35,0,90,0,Pass,6,0,1,1,0,1,0,1,1,1,1,0,1,0,1,9
FFF,2013J,603600,0,East Anglian Region,Lower Than A Level,40-50%,0-35,0,60,0,Pass,13,0,0,0,1,0,0,0,1,1,0,1,0,1,0,5
FFF,2013J,603611,0,East Anglian Region,A Level or Equivalent,30-40%,0-35,0,60,0,Pass,9,1,1,0,1,1,1,1,0,0,1,1,0,1,1,4
FFF,2013J,603651,0,South Region,A Level or Equivalent,90-100%,0-35,0,60,0,Distinction,14,1,1,0,1,1,1,1,1,1,0,0,1,0,0,5
FFF,2013J,603733,0,West Midlands Region,A Level or Equivalent,90-100%,0-35,0,60,0,Pass,3,0,1,1,0,0,1,1,1,0,1,1,0,0,0,8
FFF,2013J,603819,0,Scotland,A Level or Equivalent,80-90%,0-35,0,60,0,Pass,4,1,1,1,0,1,1,1,1,1,0,0,1,1,0,8
FFF,2013J,603848,0,Yorkshire Region,Lower Than A Level,0-10%,35-55,0,120,1,Withdrawn,5,0,0,1,0,1,1,0,0,1,0,1,0,1,0,9
FFF,2013J,603873,0,West Midlands Region,Lower Than A Level,20-Oct,35-55,0,120,0,Withdrawn,16,0,0,0,0,1,1,0,1,0,1,1,0,1,0,10
FFF,2013J,603931,0,North Region,Lower Than A Level,20-Oct,0-35,0,120,0,Withdrawn,5,1,0,0,1,0,1,0,1,0,0,0,0,1,1,9
FFF,2013J,604087,0,South Region,Lower Than A Level,90-100%,0-35,0,90,0,Fail,1,1,0,0,0,1,0,1,1,0,1,0,1,0,1,2
FFF,2013J,604142,0,West Midlands Region,Lower Than A Level,0-10%,0-35,0,120,0,Withdrawn,9,1,1,1,1,1,1,0,0,1,0,1,1,0,0,4
FFF,2013J,604184,0,East Midlands Region,A Level or Equivalent,20-Oct,0-35,0,120,0,Pass,3,0,0,1,1,1,1,1,0,1,1,0,1,1,0,8
FFF,2013J,604228,0,North Western Region,Lower Than A Level,40-50%,0-35,0,90,0,Withdrawn,6,0,1,0,0,1,0,1,1,1,0,1,1,0,0,9
FFF,2013J,604258,0,Scotland,Lower Than A Level,40-50%,35-55,0,60,0,Withdrawn,8,0,0,1,0,1,0,1,1,1,0,0,0,0,0,3
FFF,2013J,604296,0,East Anglian Region,A Level or Equivalent,40-50%,35-55,0,120,0,Withdrawn,4,1,1,0,0,1,0,1,1,1,1,0,0,1,0,8
FFF,2013J,604379,0,East Anglian Region,A Level or Equivalent,20-30%,0-35,0,60,0,Pass,5,1,0,0,0,1,0,0,1,1,1,1,1,1,0,9
FFF,2013J,604416,0,Ireland,A Level or Equivalent,60-70%,0-35,0,90,0,Fail,5,1,0,0,0,1,1,0,1,0,0,1,1,0,1,9
FFF,2013J,604427,0,London Region,A Level or Equivalent,20-Oct,0-35,0,150,0,Pass,4,0,1,0,1,0,0,0,0,1,1,0,0,1,1,8
FFF,2013J,604449,0,South East Region,Lower Than A Level,50-60%,35-55,0,60,0,Withdrawn,6,0,0,1,1,0,1,0,0,0,1,1,0,0,1,9
FFF,2013J,604478,0,North Region,Lower Than A Level,,35-55,0,120,0,Pass,16,0,1,0,1,0,1,1,1,0,0,1,0,0,0,10
FFF,2013J,604514,0,Scotland,A Level or Equivalent,30-40%,0-35,0,90,0,Fail,16,0,0,1,0,0,0,1,1,1,0,1,1,1,1,10
FFF,2013J,604581,1,North Western Region,A Level or Equivalent,20-Oct,0-35,0,90,0,Fail,3,0,1,0,0,1,1,0,1,1,1,1,0,1,1,8
FFF,2013J,604583,0,Scotland,A Level or Equivalent,20-30%,0-35,0,60,0,Withdrawn,5,0,1,1,0,0,0,0,0,1,0,1,1,0,1,9
FFF,2013J,604606,0,Yorkshire Region,Lower Than A Level,20-Oct,0-35,0,60,0,Withdrawn,13,0,1,0,1,0,0,0,1,1,0,1,1,1,0,5
FFF,2013J,604619,1,Yorkshire Region,Lower Than A Level,40-50%,0-35,0,60,0,Withdrawn,2,0,0,1,0,0,1,0,1,0,0,1,1,0,1,2
FFF,2013J,604633,0,East Anglian Region,A Level or Equivalent,70-80%,0-35,0,120,0,Pass,16,1,1,1,0,1,1,0,0,1,0,1,0,0,0,10
FFF,2013J,604635,0,Scotland,A Level or Equivalent,80-90%,0-35,0,60,0,Pass,13,0,1,0,1,1,0,1,1,1,1,0,1,1,0,5
FFF,2013J,604700,1,Scotland,HE Qualification,70-80%,35-55,0,60,0,Distinction,12,1,0,1,1,0,1,1,1,0,0,1,1,0,0,7
FFF,2013J,604741,0,East Midlands Region,A Level or Equivalent,70-80%,0-35,0,150,0,Pass,6,1,1,0,1,0,0,1,1,1,1,1,0,1,1,9
FFF,2013J,604755,0,East Anglian Region,A Level or Equivalent,50-60%,0-35,0,120,0,Pass,11,1,0,0,1,1,1,1,0,1,0,0,0,0,0,6
FFF,2013J,604766,0,London Region,A Level or Equivalent,20-Oct,35-55,0,60,0,Distinction,14,0,1,1,1,1,1,1,1,1,1,1,0,1,1,5
FFF,2013J,604799,0,West Midlands Region,Lower Than A Level,60-70%,0-35,0,120,0,Pass,13,0,0,1,0,0,0,1,0,0,0,1,1,0,1,5
FFF,2013J,604817,0,South West Region,Lower Than A Level,90-100%,0-35,0,60,1,Fail,10,0,0,0,0,0,1,0,1,0,1,1,1,0,1,1
FFF,2013J,604828,0,Scotland,A Level or Equivalent,90-100%,0-35,0,60,0,Fail,6,0,1,0,1,0,1,0,1,0,0,0,1,0,1,9
FFF,2013J,604879,1,South West Region,HE Qualification,20-30%,0-35,0,120,0,Distinction,13,1,0,0,0,0,1,1,0,0,0,0,0,0,1,5
FFF,2013J,604889,1,East Midlands Region,A Level or Equivalent,0-10%,0-35,0,120,0,Withdrawn,2,0,1,0,1,1,0,0,0,1,0,0,1,0,0,2
FFF,2013J,604918,0,Scotland,A Level or Equivalent,50-60%,0-35,0,60,0,Fail,9,0,0,1,0,1,1,1,1,1,1,1,1,1,1,4
FFF,2013J,604945,0,Scotland,HE Qualification,70-80%,0-35,0,60,0,Fail,7,0,0,1,1,1,1,1,0,0,1,1,0,1,0,3
FFF,2013J,604946,0,London Region,HE Qualification,20-Oct,35-55,0,120,0,Withdrawn,14,0,0,1,0,0,1,0,1,0,0,1,1,0,1,5
FFF,2013J,605012,0,London Region,A Level or Equivalent,30-40%,0-35,0,120,0,Pass,13,1,0,0,0,1,1,0,0,0,0,0,0,1,1,5
FFF,2013J,605048,0,North Region,HE Qualification,0-10%,0-35,0,60,0,Pass,15,0,0,1,1,0,0,0,0,1,1,1,1,0,0,10
FFF,2013J,605069,0,Scotland,Lower Than A Level,50-60%,0-35,0,60,0,Pass,4,1,0,1,0,0,1,0,0,0,0,1,0,0,0,8
FFF,2013J,605091,0,South East Region,No Formal quals,20-30%,0-35,0,150,0,Withdrawn,7,1,1,1,0,1,0,0,1,1,1,0,1,1,0,3
FFF,2013J,605108,0,East Anglian Region,Lower Than A Level,90-100%,0-35,0,60,0,Withdrawn,3,1,1,0,1,0,0,0,1,0,0,0,0,1,1,8
FFF,2013J,605145,0,London Region,A Level or Equivalent,40-50%,0-35,0,60,0,Withdrawn,5,1,1,1,0,1,0,1,1,0,0,0,0,1,1,9
FFF,2013J,605195,0,Scotland,HE Qualification,60-70%,0-35,0,90,0,Distinction,5,0,0,0,0,1,1,0,1,0,1,0,1,1,0,9
FFF,2013J,605228,1,London Region,Lower Than A Level,70-80%,0-35,0,240,0,Withdrawn,7,1,1,1,0,1,0,0,1,0,1,1,1,0,1,3
FFF,2013J,605265,1,North Region,HE Qualification,,35-55,0,60,0,Pass,14,1,1,1,1,1,0,0,0,1,0,1,1,0,0,5
FFF,2013J,605269,0,South Region,A Level or Equivalent,40-50%,0-35,0,120,0,Withdrawn,3,1,0,1,0,1,0,1,1,1,1,0,0,1,0,8
FFF,2013J,605372,0,East Midlands Region,Lower Than A Level,50-60%,0-35,0,60,0,Fail,3,1,1,0,1,0,1,0,0,1,0,0,0,1,0,8
FFF,2013J,605394,0,North Western Region,A Level or Equivalent,80-90%,0-35,0,120,0,Fail,15,0,0,1,1,1,0,1,1,1,0,0,0,1,0,10
FFF,2013J,605409,1,Scotland,A Level or Equivalent,40-50%,35-55,0,60,0,Distinction,9,1,1,0,0,0,1,0,0,1,0,0,0,1,0,4
FFF,2013J,605459,0,South West Region,Lower Than A Level,90-100%,0-35,0,60,0,Pass,11,0,1,1,0,1,1,0,1,1,0,0,1,1,1,6
FFF,2013J,605538,0,South Region,Lower Than A Level,80-90%,0-35,0,120,0,Pass,11,0,1,1,0,1,1,0,0,0,1,0,1,1,1,6
FFF,2013J,605571,1,Scotland,HE Qualification,70-80%,35-55,0,90,0,Distinction,12,1,0,1,1,0,1,0,1,1,0,1,1,1,1,7
FFF,2013J,605589,0,Scotland,HE Qualification,20-30%,0-35,0,120,0,Pass,6,1,1,0,0,1,0,0,0,1,1,0,1,0,1,9
FFF,2013J,605598,1,South Region,A Level or Equivalent,70-80%,0-35,0,120,0,Pass,7,0,1,0,1,0,1,1,1,0,1,1,1,0,0,3
FFF,2013J,605621,0,South West Region,A Level or Equivalent,30-40%,0-35,0,120,0,Pass,11,0,0,1,1,0,1,0,0,0,1,1,0,1,1,6
FFF,2013J,605666,0,East Midlands Region,HE Qualification,60-70%,0-35,0,60,0,Pass,3,0,1,1,1,1,0,1,1,1,0,1,1,0,1,8
FFF,2013J,605756,0,South East Region,Lower Than A Level,50-60%,0-35,0,120,0,Pass,11,1,0,1,1,0,0,0,0,1,0,0,1,1,1,6
FFF,2013J,605886,1,South West Region,A Level or Equivalent,80-90%,35-55,0,60,0,Fail,1,0,0,1,1,0,1,1,0,0,0,0,1,1,0,2
FFF,2013J,605905,0,South East Region,A Level or Equivalent,90-100%,0-35,0,120,0,Fail,8,0,1,1,0,1,0,1,0,0,1,1,1,1,1,3
FFF,2013J,605921,0,South West Region,A Level or Equivalent,60-70%,0-35,0,60,0,Fail,14,1,0,0,1,0,1,1,0,0,1,0,0,1,0,5
FFF,2013J,605940,0,East Anglian Region,Lower Than A Level,20-30%,0-35,0,90,0,Withdrawn,11,1,1,0,1,0,0,0,1,1,1,0,1,1,0,6
FFF,2013J,605954,0,Yorkshire Region,Lower Than A Level,90-100%,0-35,0,60,0,Fail,1,1,0,0,0,1,1,1,0,0,1,1,1,1,1,2
FFF,2013J,605974,0,North Region,HE Qualification,,0-35,0,180,0,Pass,15,0,1,0,1,0,0,1,1,0,1,1,1,0,1,10
FFF,2013J,605988,0,Scotland,HE Qualification,80-90%,35-55,0,60,0,Pass,8,0,1,1,0,1,1,1,1,0,1,0,1,1,1,3
FFF,2013J,605993,0,West Midlands Region,Lower Than A Level,50-60%,0-35,0,90,0,Fail,12,1,1,1,1,0,1,1,0,0,1,0,0,0,1,7
FFF,2013J,606002,1,West Midlands Region,A Level or Equivalent,40-50%,0-35,0,60,0,Pass,4,0,1,1,1,0,1,0,1,1,1,1,0,0,0,8
FFF,2013J,606006,0,North Region,HE Qualification,0-10%,0-35,0,60,0,Withdrawn,9,1,0,1,0,0,1,1,0,0,1,1,0,0,1,4
FFF,2013J,606062,0,London Region,A Level or Equivalent,30-40%,35-55,0,60,0,Pass,9,0,1,0,0,0,0,0,0,1,0,1,0,1,1,4
FFF,2013J,606079,0,Yorkshire Region,A Level or Equivalent,50-60%,35-55,0,120,0,Fail,10,1,1,0,0,0,1,1,0,1,1,1,1,1,1,1
FFF,2013J,606104,1,North Region,HE Qualification,,35-55,0,60,0,Distinction,8,1,0,0,0,1,0,0,0,0,0,0,0,0,1,3
FFF,2013J,606167,0,West Midlands Region,A Level or Equivalent,70-80%,0-35,0,60,0,Pass,12,1,1,1,0,0,0,0,0,1,1,1,0,1,1,7
FFF,2013J,606189,1,North Western Region,Lower Than A Level,20-Oct,35-55,0,60,0,Withdrawn,12,1,0,0,1,1,1,0,1,1,1,1,0,0,1,7
FFF,2013J,606304,0,Ireland,Lower Than A Level,,35-55,0,120,0,Pass,3,1,0,1,0,0,0,1,1,0,1,1,0,0,1,8
FFF,2013J,606369,0,Yorkshire Region,Lower Than A Level,30-40%,0-35,0,60,0,Withdrawn,6,0,1,0,1,0,1,0,0,1,1,1,0,1,0,9
FFF,2013J,606386,0,Ireland,Lower Than A Level,90-100%,0-35,0,120,0,Fail,2,0,1,1,0,0,0,1,1,0,1,0,1,0,1,2
FFF,2013J,606407,0,Yorkshire Region,A Level or Equivalent,0-10%,35-55,0,120,0,Withdrawn,12,1,1,1,1,0,1,0,1,0,0,0,0,1,0,7
FFF,2013J,606425,0,North Western Region,Lower Than A Level,20-Oct,35-55,0,60,0,Withdrawn,4,0,0,0,0,1,1,0,1,0,0,0,1,0,1,8
FFF,2013J,606428,0,North Region,A Level or Equivalent,20-Oct,0-35,0,60,0,Withdrawn,11,0,1,0,1,0,1,1,0,1,1,1,0,0,1,6
FFF,2013J,606436,0,West Midlands Region,A Level or Equivalent,30-40%,0-35,0,60,0,Withdrawn,2,0,1,1,0,0,1,0,1,1,0,0,1,0,1,2
FFF,2013J,606444,1,North Western Region,Lower Than A Level,40-50%,0-35,0,90,0,Distinction,2,1,1,0,1,1,1,0,0,0,1,0,1,1,1,2
FFF,2013J,606459,0,South West Region,Lower Than A Level,90-100%,0-35,0,90,0,Withdrawn,11,1,0,1,1,0,0,0,0,0,0,0,1,0,1,6
FFF,2013J,606496,0,Scotland,Post Graduate Qualification,70-80%,35-55,0,90,0,Fail,2,0,1,0,1,0,1,0,1,0,1,1,0,1,1,2
FFF,2013J,606612,0,Scotland,Lower Than A Level,60-70%,0-35,0,60,0,Withdrawn,15,1,0,0,0,1,1,0,0,1,0,0,0,0,0,10
FFF,2013J,606711,0,Ireland,A Level or Equivalent,20-30%,0-35,0,60,0,Pass,12,0,1,0,1,1,0,0,1,1,0,1,1,1,0,7
FFF,2013J,606712,0,North Region,Lower Than A Level,30-40%,0-35,0,60,0,Pass,2,1,1,1,1,0,1,1,0,1,0,1,0,0,0,2
FFF,2013J,606817,0,South East Region,Lower Than A Level,80-90%,0-35,0,60,0,Fail,4,0,0,1,1,0,1,0,1,1,1,1,1,1,0,8
FFF,2013J,606835,0,South West Region,Lower Than A Level,80-90%,35-55,0,120,0,Pass,5,1,0,0,1,1,1,1,0,1,1,1,0,1,1,9
FFF,2013J,606903,1,South East Region,HE Qualification,60-70%,35-55,0,60,0,Pass,15,0,0,1,0,1,1,0,0,0,1,0,1,0,0,10
FFF,2013J,606911,0,South West Region,Lower Than A Level,40-50%,35-55,0,150,0,Withdrawn,3,1,0,1,0,1,1,0,1,1,0,1,1,0,1,8
FFF,2013J,606930,0,South Region,Lower Than A Level,90-100%,0-35,0,90,0,Withdrawn,2,0,0,0,0,1,1,1,0,1,0,1,0,0,0,2
FFF,2013J,606939,0,Yorkshire Region,HE Qualification,40-50%,35-55,0,90,0,Pass,5,1,1,0,0,0,0,1,1,0,1,1,0,1,0,9
FFF,2013J,606966,0,Scotland,HE Qualification,50-60%,0-35,0,60,0,Fail,16,1,1,0,1,1,1,1,0,0,0,0,1,0,1,10
FFF,2013J,606967,0,Scotland,A Level or Equivalent,70-80%,0-35,0,150,0,Withdrawn,3,0,0,1,0,1,0,0,1,1,0,1,0,1,0,8
FFF,2013J,606990,0,London Region,Lower Than A Level,30-40%,0-35,0,60,0,Pass,6,1,1,1,1,0,1,1,1,1,1,1,0,1,1,9
FFF,2013J,606998,0,London Region,Lower Than A Level,20-Oct,0-35,0,120,0,Fail,7,1,0,1,0,1,0,1,0,0,0,0,0,0,1,3
FFF,2013J,607011,0,East Anglian Region,A Level or Equivalent,20-30%,35-55,0,60,0,Fail,15,1,0,0,1,1,1,0,1,0,1,1,0,0,1,10
FFF,2013J,607047,0,Scotland,Post Graduate Qualification,90-100%,0-35,0,60,0,Pass,13,0,0,0,0,0,0,0,0,1,1,0,1,1,0,5
FFF,2013J,607052,0,East Midlands Region,A Level or Equivalent,20-Oct,35-55,0,90,0,Pass,2,0,1,1,0,0,1,0,0,0,1,0,0,0,0,2
FFF,2013J,607068,1,Scotland,HE Qualification,50-60%,0-35,0,60,0,Withdrawn,6,1,0,1,1,1,1,1,0,0,0,1,1,0,1,9
FFF,2013J,607118,0,East Anglian Region,A Level or Equivalent,90-100%,0-35,0,60,0,Pass,15,0,0,1,1,0,1,0,1,0,1,1,0,1,1,10
FFF,2013J,607134,0,London Region,Lower Than A Level,20-30%,0-35,0,90,0,Fail,4,0,0,0,0,1,1,1,1,0,0,1,0,0,1,8
FFF,2013J,607135,0,Yorkshire Region,Lower Than A Level,20-30%,0-35,0,90,0,Fail,9,1,1,1,1,0,1,0,1,0,1,0,0,0,0,4
FFF,2013J,607200,0,London Region,HE Qualification,0-10%,0-35,0,60,0,Fail,12,0,0,0,1,1,1,0,1,1,1,1,0,1,1,7
FFF,2013J,607247,1,Scotland,HE Qualification,70-80%,35-55,0,60,0,Distinction,5,1,0,0,1,1,0,1,1,1,0,0,1,0,1,9
FFF,2013J,607407,1,North Western Region,A Level or Equivalent,0-10%,0-35,0,120,0,Withdrawn,4,1,0,0,0,1,1,1,0,1,1,0,0,0,0,8
FFF,2013J,607473,0,East Midlands Region,Lower Than A Level,0-10%,0-35,0,90,0,Withdrawn,4,0,0,1,1,1,1,1,1,1,1,0,0,0,0,8
FFF,2013J,607533,1,South West Region,Lower Than A Level,20-Oct,0-35,0,90,0,Withdrawn,13,1,0,0,0,1,1,0,1,0,0,1,1,1,0,5
FFF,2013J,607538,0,Ireland,Lower Than A Level,,35-55,0,60,0,Pass,3,1,1,0,0,0,1,0,0,0,1,0,1,0,1,8
FFF,2013J,607577,0,Scotland,No Formal quals,30-40%,35-55,0,90,0,Fail,3,1,0,0,1,1,1,0,1,0,1,0,0,0,1,8
FFF,2013J,607586,0,Yorkshire Region,A Level or Equivalent,30-40%,0-35,0,60,0,Fail,10,1,1,0,1,1,1,0,0,0,0,1,0,1,0,1
FFF,2013J,607613,0,West Midlands Region,HE Qualification,20-30%,0-35,0,120,0,Withdrawn,1,0,0,0,1,0,1,0,1,0,0,0,1,0,1,2
FFF,2013J,607629,0,North Western Region,A Level or Equivalent,20-30%,0-35,0,60,0,Withdrawn,14,0,0,1,0,0,0,0,1,1,0,1,1,1,1,5
FFF,2013J,607650,0,Scotland,A Level or Equivalent,70-80%,0-35,0,90,0,Pass,11,1,0,1,0,0,1,0,1,1,1,0,0,0,0,6
FFF,2013J,607696,0,West Midlands Region,A Level or Equivalent,20-30%,0-35,0,150,0,Fail,3,1,1,0,0,1,0,0,0,1,1,1,0,0,1,8
FFF,2013J,607794,0,South Region,A Level or Equivalent,90-100%,35-55,0,150,0,Distinction,10,0,0,0,0,1,0,0,0,0,0,1,0,1,0,1
FFF,2013J,607866,0,South Region,Lower Than A Level,40-50%,0-35,0,60,1,Withdrawn,11,1,0,0,1,1,1,1,0,1,0,1,0,1,0,6
FFF,2013J,607938,0,East Anglian Region,A Level or Equivalent,20-30%,0-35,0,120,0,Pass,16,0,0,0,1,0,1,1,0,0,0,0,1,0,1,10
FFF,2013J,607979,0,North Region,A Level or Equivalent,,35-55,0,60,0,Distinction,11,1,1,1,0,1,1,1,0,1,1,1,1,0,1,6
FFF,2013J,608008,1,North Region,A Level or Equivalent,20-30%,0-35,0,120,0,Pass,3,0,0,0,1,0,0,1,1,1,0,0,1,1,1,8
FFF,2013J,608043,0,South East Region,HE Qualification,20-30%,0-35,0,60,0,Pass,16,1,1,0,0,0,1,1,1,0,0,0,1,1,0,10
FFF,2013J,608111,0,London Region,HE Qualification,20-Oct,35-55,0,180,0,Withdrawn,9,1,1,0,1,1,0,1,1,1,0,1,1,0,1,4
FFF,2013J,608144,0,North Region,A Level or Equivalent,,35-55,0,90,1,Distinction,7,0,1,0,0,1,1,1,1,1,1,0,0,1,1,3
FFF,2013J,608169,0,Wales,HE Qualification,40-50%,35-55,0,90,0,Fail,13,1,0,1,1,0,0,1,0,1,1,0,1,0,0,5
FFF,2013J,608196,1,East Anglian Region,Lower Than A Level,0-10%,0-35,0,60,0,Fail,4,1,0,0,0,0,0,0,0,0,1,0,0,1,1,8
FFF,2013J,608198,1,North Western Region,Lower Than A Level,0-10%,0-35,0,90,0,Fail,11,1,1,0,0,0,1,1,1,1,1,1,1,0,0,6
FFF,2013J,608211,0,North Western Region,No Formal quals,20-Oct,0-35,0,60,0,Withdrawn,1,1,0,1,1,0,0,1,0,0,1,1,1,1,0,2
FFF,2013J,608231,0,South Region,HE Qualification,90-100%,35-55,0,120,0,Pass,12,0,0,0,1,1,1,1,1,1,0,0,1,1,0,7
FFF,2013J,608248,0,Yorkshire Region,A Level or Equivalent,80-90%,0-35,0,90,0,Withdrawn,16,1,1,1,0,0,1,1,0,0,1,0,0,1,0,10
FFF,2013J,608280,0,Wales,Lower Than A Level,90-100%,0-35,0,120,0,Fail,12,0,0,1,1,0,0,0,0,0,1,0,0,0,0,7
FFF,2013J,608348,0,Yorkshire Region,A Level or Equivalent,60-70%,35-55,0,60,0,Withdrawn,15,0,0,1,1,0,0,1,1,0,0,1,1,0,0,10
FFF,2013J,608349,0,South Region,Lower Than A Level,30-40%,35-55,0,180,0,Pass,7,1,1,0,0,1,0,0,0,0,0,0,0,0,0,3
FFF,2013J,608356,0,North Region,A Level or Equivalent,40-50%,0-35,0,120,0,Pass,2,1,0,0,0,0,0,0,0,0,1,1,1,0,0,2
FFF,2013J,608421,0,South East Region,Lower Than A Level,70-80%,0-35,0,60,0,Distinction,2,1,0,0,0,1,0,1,0,1,0,1,0,0,0,2
FFF,2013J,608422,0,North Region,A Level or Equivalent,,35-55,0,90,0,Pass,10,0,0,0,1,1,0,1,1,1,0,1,1,1,0,1
FFF,2013J,608453,0,South West Region,A Level or Equivalent,60-70%,35-55,0,120,0,Withdrawn,9,0,0,0,1,0,1,1,0,1,1,0,1,0,1,4
FFF,2013J,608477,0,Yorkshire Region,Lower Than A Level,30-40%,0-35,0,120,0,Pass,16,0,1,0,0,1,0,0,1,1,1,0,0,0,1,10
FFF,2013J,608535,0,Scotland,Lower Than A Level,50-60%,0-35,0,60,0,Withdrawn,6,1,0,1,1,0,1,0,0,1,0,1,0,1,1,9
FFF,2013J,608606,0,West Midlands Region,Lower Than A Level,90-100%,35-55,0,60,0,Withdrawn,15,0,1,0,0,1,1,1,0,1,0,1,0,1,0,10
FFF,2013J,608681,0,North Western Region,Lower Than A Level,20-Oct,0-35,0,60,1,Pass,5,1,1,1,1,0,1,1,1,0,1,0,0,0,0,9
FFF,2013J,608698,0,East Anglian Region,A Level or Equivalent,90-100%,0-35,0,60,0,Pass,9,0,0,0,0,1,1,1,0,0,0,0,1,0,0,4
FFF,2013J,608727,0,North Region,A Level or Equivalent,20-Oct,0-35,0,120,0,Withdrawn,7,1,1,1,0,0,1,0,0,0,1,1,1,0,0,3
FFF,2013J,608737,0,North Western Region,A Level or Equivalent,30-40%,35-55,0,90,1,Fail,4,1,1,1,0,0,1,0,1,1,1,0,1,1,1,8
FFF,2013J,608747,0,East Midlands Region,A Level or Equivalent,20-Oct,0-35,0,60,0,Pass,9,0,1,1,0,1,1,0,0,0,1,0,1,0,0,4
FFF,2013J,608753,0,East Midlands Region,A Level or Equivalent,40-50%,0-35,0,120,0,Distinction,10,0,0,0,1,1,0,1,0,1,0,1,1,0,1,1
FFF,2013J,608827,0,East Anglian Region,A Level or Equivalent,60-70%,0-35,0,120,0,Pass,14,0,0,1,1,1,0,0,0,0,1,0,0,1,1,5
FFF,2013J,608864,1,Scotland,Post Graduate Qualification,90-100%,35-55,0,120,0,Withdrawn,12,1,1,0,1,0,0,1,1,1,0,1,1,0,1,7
FFF,2013J,608866,1,West Midlands Region,A Level or Equivalent,20-30%,0-35,0,120,0,Withdrawn,3,0,1,0,0,1,1,0,0,1,1,0,0,0,0,8
FFF,2013J,608909,1,East Anglian Region,A Level or Equivalent,80-90%,0-35,0,60,0,Pass,2,0,0,0,0,0,0,0,0,1,1,0,0,0,1,2
FFF,2013J,608913,0,East Anglian Region,A Level or Equivalent,70-80%,0-35,0,60,0,Pass,6,1,0,0,1,1,1,1,0,0,0,1,0,1,1,9
FFF,2013J,608966,0,Wales,A Level or Equivalent,80-90%,0-35,0,60,0,Distinction,1,1,1,0,1,1,0,1,1,1,0,1,0,0,1,2
FFF,2013J,608997,0,Scotland,Lower Than A Level,60-70%,0-35,0,90,1,Fail,1,0,0,1,1,0,0,1,1,1,1,0,0,0,1,2
FFF,2013J,609097,1,Scotland,HE Qualification,50-60%,0-35,0,60,0,Pass,1,0,1,1,0,0,0,1,1,0,0,1,1,1,1,2
FFF,2013J,609163,0,East Midlands Region,A Level or Equivalent,20-30%,0-35,0,60,0,Withdrawn,2,0,1,0,0,0,0,1,1,1,1,1,0,1,0,2
FFF,2013J,609184,0,London Region,HE Qualification,30-40%,35-55,0,90,0,Fail,12,0,1,0,1,0,1,0,1,1,0,1,1,0,1,7
FFF,2013J,609220,0,South East Region,A Level or Equivalent,70-80%,0-35,0,60,0,Pass,8,1,1,1,0,0,0,1,0,0,0,0,0,1,1,3
FFF,2013J,609221,0,London Region,HE Qualification,60-70%,0-35,0,120,0,Pass,9,0,1,1,0,0,0,0,1,1,0,1,0,0,1,4
FFF,2013J,609229,0,Ireland,A Level or Equivalent,,35-55,0,120,0,Pass,4,0,1,1,0,1,1,0,0,1,0,1,0,0,1,8
FFF,2013J,609244,0,East Anglian Region,A Level or Equivalent,20-30%,0-35,0,60,0,Fail,1,0,1,0,0,0,1,1,1,0,0,0,0,0,1,2
FFF,2013J,609277,1,East Anglian Region,A Level or Equivalent,90-100%,0-35,0,90,1,Distinction,15,0,0,0,0,1,0,0,0,1,1,1,0,1,0,10
FFF,2013J,609367,0,North Western Region,A Level or Equivalent,60-70%,0-35,0,60,0,Withdrawn,4,1,0,0,0,1,0,1,0,0,1,0,1,0,1,8
FFF,2013J,609396,0,Scotland,HE Qualification,50-60%,0-35,0,60,0,Withdrawn,9,1,0,1,1,1,1,0,0,0,0,0,0,0,1,4
FFF,2013J,609416,0,Wales,HE Qualification,30-40%,35-55,0,60,0,Pass,3,0,1,0,0,0,0,0,0,0,0,1,0,0,0,8
FFF,2013J,609435,0,South Region,HE Qualification,80-90%,35-55,0,60,0,Withdrawn,15,1,1,0,1,1,1,1,0,0,1,0,0,0,0,10
FFF,2013J,609439,0,South East Region,A Level or Equivalent,60-70%,0-35,0,60,0,Pass,3,0,0,1,0,0,1,1,1,0,0,0,1,0,1,8
FFF,2013J,609460,0,North Region,Post Graduate Qualification,,35-55,0,60,0,Fail,12,1,1,1,0,1,1,0,1,1,1,1,0,1,0,7
FFF,2013J,609513,0,North Region,A Level or Equivalent,0-10%,0-35,0,60,0,Fail,1,0,0,0,1,1,1,1,0,0,0,1,1,0,0,2
FFF,2013J,609537,0,North Region,A Level or Equivalent,90-100%,0-35,0,60,0,Distinction,13,0,1,0,1,1,0,1,1,1,0,1,0,0,0,5
FFF,2013J,609558,0,Yorkshire Region,Lower Than A Level,30-40%,0-35,0,90,0,Fail,15,0,1,1,0,0,0,0,1,1,0,1,0,0,0,10
FFF,2013J,609743,0,London Region,Lower Than A Level,40-50%,0-35,0,60,0,Pass,9,1,1,1,0,0,0,1,1,1,0,0,1,0,0,4
FFF,2013J,609777,1,London Region,Lower Than A Level,20-30%,0-35,0,60,0,Fail,6,1,1,0,0,0,1,0,0,0,1,1,0,0,1,9
FFF,2013J,609831,0,South West Region,Lower Than A Level,20-Oct,0-35,0,60,0,Fail,16,1,0,0,1,0,0,1,1,0,1,0,1,0,0,10
FFF,2013J,609882,1,London Region,HE Qualification,20-Oct,35-55,0,60,0,Distinction,14,0,1,0,1,0,1,1,0,1,0,1,0,0,1,5
FFF,2013J,609891,0,West Midlands Region,A Level or Equivalent,50-60%,0-35,0,240,0,Withdrawn,7,0,0,0,1,1,1,1,0,1,0,0,1,0,1,3
FFF,2013J,609908,0,South East Region,Lower Than A Level,40-50%,35-55,0,60,0,Pass,15,1,0,0,1,0,1,1,1,0,0,0,1,1,0,10
FFF,2013J,609985,0,West Midlands Region,A Level or Equivalent,30-40%,0-35,0,150,0,Pass,5,1,1,1,1,1,0,0,1,1,1,1,1,1,1,9
FFF,2013J,610097,0,North Region,HE Qualification,,35-55,0,60,0,Pass,10,0,0,0,1,0,0,1,0,0,0,1,0,0,0,1
FFF,2013J,610099,0,West Midlands Region,A Level or Equivalent,90-100%,35-55,0,120,0,Pass,12,1,0,1,0,1,0,0,1,0,0,1,1,1,0,7
FFF,2013J,610172,1,East Midlands Region,Lower Than A Level,0-10%,35-55,0,60,0,Pass,12,1,0,0,1,1,0,0,0,1,1,0,0,0,0,7
FFF,2013J,610225,1,Scotland,HE Qualification,20-30%,35-55,0,60,0,Fail,11,1,1,0,1,0,1,0,1,1,1,0,0,1,0,6
FFF,2013J,610244,0,East Midlands Region,Lower Than A Level,70-80%,0-35,0,60,0,Pass,7,0,1,0,1,1,0,1,0,0,1,1,1,0,0,3
FFF,2013J,610258,0,North Western Region,A Level or Equivalent,20-Oct,0-35,0,120,0,Pass,14,0,0,1,0,0,1,0,1,0,1,1,0,1,0,5
FFF,2013J,610266,0,South Region,Lower Than A Level,20-30%,0-35,0,90,0,Pass,13,1,0,1,1,0,0,0,1,1,1,0,1,1,0,5
FFF,2013J,610278,0,Ireland,A Level or Equivalent,40-50%,0-35,0,120,0,Distinction,11,1,1,0,1,1,1,1,1,0,1,0,0,1,1,6
FFF,2013J,610292,1,Wales,HE Qualification,70-80%,0-35,0,60,0,Withdrawn,8,1,0,1,1,1,0,1,0,1,0,1,0,0,0,3
FFF,2013J,610312,0,North Western Region,Lower Than A Level,20-Oct,0-35,0,90,0,Pass,11,0,1,0,1,0,1,1,0,0,0,0,0,0,1,6
FFF,2013J,610324,0,Scotland,HE Qualification,30-40%,0-35,0,60,0,Pass,10,0,1,0,1,1,1,1,0,1,0,0,1,0,1,1
FFF,2013J,610335,0,South West Region,Lower Than A Level,60-70%,0-35,0,60,0,Withdrawn,7,1,1,0,0,0,0,1,0,0,0,0,0,0,1,3
FFF,2013J,610400,0,South Region,A Level or Equivalent,90-100%,0-35,0,60,0,Fail,1,0,0,1,1,0,0,0,1,0,1,0,0,0,1,2
FFF,2013J,610455,0,South Region,Lower Than A Level,70-80%,0-35,0,120,0,Withdrawn,6,1,0,0,1,1,0,1,1,1,1,1,0,0,0,9
FFF,2013J,610517,0,South West Region,Lower Than A Level,20-Oct,0-35,0,60,1,Fail,4,1,1,1,0,1,0,1,0,0,1,1,1,0,0,8
FFF,2013J,610577,0,North Region,Lower Than A Level,,0-35,0,90,0,Fail,10,1,0,1,1,1,0,1,0,1,1,0,1,0,1,1
FFF,2013J,610637,1,North Western Region,A Level or Equivalent,20-Oct,0-35,0,60,0,Pass,9,0,1,1,1,1,1,0,1,1,1,0,0,0,1,4
FFF,2013J,610643,0,South East Region,A Level or Equivalent,60-70%,35-55,0,60,0,Pass,12,0,1,0,0,1,1,1,1,1,0,0,1,0,0,7
FFF,2013J,610687,0,Scotland,Lower Than A Level,0-10%,35-55,0,120,0,Pass,15,0,1,0,0,0,1,1,0,1,1,1,1,1,0,10
FFF,2013J,610746,0,North Region,HE Qualification,,35-55,0,60,0,Pass,1,1,0,0,0,1,1,1,0,1,1,1,1,1,1,2
FFF,2013J,610774,0,South West Region,Lower Than A Level,0-10%,0-35,0,90,0,Fail,4,1,1,0,1,0,0,0,0,1,0,1,1,1,1,8
FFF,2013J,610814,0,Yorkshire Region,HE Qualification,30-40%,35-55,0,60,0,Fail,14,1,1,0,1,0,1,0,0,0,0,1,1,1,1,5
FFF,2013J,610831,0,East Anglian Region,Lower Than A Level,60-70%,0-35,0,120,0,Withdrawn,7,0,0,1,0,1,0,0,1,0,1,1,1,0,1,3
FFF,2013J,610932,0,London Region,Lower Than A Level,80-90%,35-55,0,60,0,Fail,6,0,1,0,0,0,1,0,0,0,0,1,1,0,1,9
FFF,2013J,610933,0,South Region,A Level or Equivalent,30-40%,0-35,0,60,0,Pass,2,1,0,0,1,0,1,1,1,1,1,0,1,1,1,2
FFF,2013J,611039,0,Ireland,Lower Than A Level,,35-55,0,60,0,Pass,11,0,1,1,1,1,0,1,1,0,0,0,0,1,1,6
FFF,2013J,611126,0,South Region,Lower Than A Level,50-60%,0-35,0,120,0,Fail,13,1,1,0,1,0,0,0,1,1,0,1,1,1,1,5
FFF,2013J,611213,0,East Midlands Region,HE Qualification,70-80%,0-35,0,60,0,Withdrawn,8,0,1,0,0,1,0,0,1,1,0,0,0,0,1,3
FFF,2013J,611226,0,West Midlands Region,HE Qualification,80-90%,35-55,0,60,0,Distinction,14,1,1,1,0,0,0,1,0,1,0,1,1,1,1,5
FFF,2013J,611245,0,Wales,Lower Than A Level,60-70%,0-35,0,240,0,Withdrawn,10,1,1,0,1,1,1,0,0,1,0,0,1,1,1,1
FFF,2013J,611309,0,London Region,Lower Than A Level,60-70%,0-35,0,90,0,Fail,10,1,0,0,1,1,0,0,0,0,1,1,0,1,1,1
FFF,2013J,611396,0,Ireland,HE Qualification,20-30%,0-35,0,90,0,Pass,3,0,1,1,1,0,1,0,1,1,0,0,0,0,0,8
FFF,2013J,898594,1,West Midlands Region,HE Qualification,60-70%,55<=,0,60,0,Pass,15,1,0,0,1,0,0,1,1,1,0,0,0,1,0,10
FFF,2013J,973364,0,Yorkshire Region,HE Qualification,30-40%,35-55,0,60,0,Withdrawn,11,1,0,0,1,0,1,0,0,0,1,0,0,0,0,6
FFF,2013J,984347,0,Yorkshire Region,A Level or Equivalent,80-90%,35-55,0,60,0,Distinction,3,1,1,1,0,1,0,1,1,1,1,1,1,1,1,8
FFF,2013J,985062,0,South West Region,HE Qualification,50-60%,35-55,0,120,0,Pass,3,1,1,1,1,1,0,0,0,0,0,1,0,1,0,8
FFF,2013J,988019,1,London Region,A Level or Equivalent,20-30%,35-55,1,60,1,Fail,12,0,1,1,0,0,1,1,0,0,1,1,0,1,0,7
FFF,2013J,990155,0,South Region,HE Qualification,80-90%,35-55,0,90,0,Distinction,8,0,0,1,0,1,0,0,1,1,0,0,0,1,1,3
FFF,2013J,1064492,0,South Region,HE Qualification,90-100%,35-55,0,120,0,Distinction,15,1,0,0,1,0,0,1,0,1,1,1,0,1,0,10
FFF,2013J,1065824,0,Wales,HE Qualification,50-60%,35-55,0,150,0,Distinction,1,0,0,1,1,0,0,0,1,0,1,1,0,0,1,2
FFF,2013J,1100143,0,South West Region,A Level or Equivalent,50-60%,35-55,0,120,0,Distinction,12,0,0,0,0,1,1,1,1,0,1,1,1,0,0,7
FFF,2013J,1107596,0,Wales,HE Qualification,0-10%,35-55,0,60,0,Withdrawn,2,1,0,0,1,1,1,1,0,1,1,0,0,0,1,2
FFF,2013J,1253440,0,North Western Region,Lower Than A Level,40-50%,35-55,0,60,1,Fail,9,0,1,1,0,0,1,1,1,1,1,0,0,0,0,4
FFF,2013J,1319999,0,North Western Region,HE Qualification,80-90%,35-55,0,90,0,Pass,13,0,1,0,1,1,1,1,0,1,1,1,0,0,1,5
FFF,2013J,1359554,0,East Midlands Region,A Level or Equivalent,90-100%,35-55,0,60,0,Pass,15,1,1,1,1,1,1,1,1,0,0,1,1,0,1,10
FFF,2013J,1390051,0,East Anglian Region,HE Qualification,80-90%,35-55,0,60,0,Fail,11,0,0,1,1,1,0,0,0,1,0,1,1,0,0,6
FFF,2013J,1397617,0,Ireland,Lower Than A Level,,35-55,0,180,0,Distinction,7,0,0,1,0,1,1,0,1,1,0,0,0,0,0,3
FFF,2013J,1399314,0,Scotland,Lower Than A Level,50-60%,35-55,1,60,0,Fail,12,0,0,1,0,0,1,0,1,1,1,0,0,1,0,7
FFF,2013J,1417707,1,South West Region,Lower Than A Level,30-40%,35-55,1,60,0,Pass,7,1,0,1,1,1,1,1,1,0,1,0,0,1,0,3
FFF,2013J,1420537,0,West Midlands Region,HE Qualification,70-80%,35-55,0,60,0,Pass,15,0,0,0,1,1,1,0,1,0,1,1,0,0,0,10
FFF,2013J,1428865,0,Scotland,HE Qualification,20-30%,35-55,1,60,0,Withdrawn,9,0,1,0,1,0,0,0,1,1,1,0,1,0,1,4
FFF,2013J,1455474,0,Wales,Lower Than A Level,20-Oct,35-55,0,60,0,Fail,3,0,1,0,1,0,0,1,1,0,1,0,0,1,0,8
FFF,2013J,1482413,0,East Anglian Region,A Level or Equivalent,20-30%,35-55,0,60,0,Withdrawn,8,1,0,0,0,0,0,1,0,0,1,0,1,1,0,3
FFF,2013J,1492571,0,Ireland,A Level or Equivalent,0-10%,35-55,0,60,0,Pass,4,1,0,0,1,0,0,1,1,0,1,1,1,1,0,8
FFF,2013J,1494577,0,South Region,A Level or Equivalent,70-80%,35-55,0,120,0,Pass,15,1,0,0,1,1,0,0,0,1,0,1,1,1,1,10
FFF,2013J,1504653,0,East Anglian Region,Lower Than A Level,70-80%,35-55,0,60,1,Pass,11,1,1,0,0,1,0,1,1,1,0,1,1,0,0,6
FFF,2013J,1512332,0,Scotland,A Level or Equivalent,50-60%,35-55,0,60,0,Withdrawn,2,1,1,1,0,0,0,1,0,0,0,0,0,0,0,2
FFF,2013J,1513001,0,Scotland,HE Qualification,40-50%,35-55,0,90,0,Pass,1,0,0,0,0,1,0,1,1,1,1,0,1,1,0,2
FFF,2013J,1515509,0,East Midlands Region,Lower Than A Level,60-70%,35-55,0,90,0,Pass,14,1,0,1,1,1,0,1,0,1,0,0,1,0,0,5
FFF,2013J,1527616,1,Yorkshire Region,HE Qualification,0-10%,35-55,0,60,0,Fail,8,1,1,1,0,0,0,1,1,0,1,0,0,1,1,3
FFF,2013J,1532921,0,East Anglian Region,A Level or Equivalent,70-80%,35-55,0,60,0,Withdrawn,16,0,1,1,0,0,0,1,0,1,1,1,0,0,0,10
FFF,2013J,1541472,0,South Region,HE Qualification,90-100%,35-55,0,60,0,Pass,8,1,0,1,0,1,1,1,1,1,1,1,1,1,1,3
FFF,2013J,1559959,0,South Region,Lower Than A Level,90-100%,35-55,1,60,0,Withdrawn,3,0,0,1,1,0,0,0,1,0,1,1,0,0,0,8
FFF,2013J,1559964,0,East Anglian Region,Lower Than A Level,30-40%,35-55,0,60,0,Distinction,2,0,1,0,0,0,1,0,0,0,0,0,0,1,1,2
FFF,2013J,1621041,0,Wales,Lower Than A Level,60-70%,0-35,0,60,0,Withdrawn,1,1,0,1,1,1,0,1,1,1,1,1,0,1,1,2
FFF,2013J,1634278,0,Yorkshire Region,Lower Than A Level,80-90%,35-55,0,60,0,Pass,12,0,1,1,1,0,1,0,1,1,1,0,1,0,0,7
FFF,2013J,1636725,0,Scotland,HE Qualification,80-90%,35-55,0,60,0,Pass,8,0,0,0,1,1,1,0,1,1,1,0,0,0,0,3
FFF,2013J,1641344,0,Scotland,A Level or Equivalent,50-60%,35-55,0,60,0,Pass,8,1,0,1,0,1,1,0,0,0,0,0,0,0,0,3
FFF,2013J,1644647,0,North Western Region,A Level or Equivalent,40-50%,35-55,0,60,0,Distinction,5,0,1,0,1,1,1,1,0,0,0,0,0,0,0,9
FFF,2013J,1678617,1,Scotland,HE Qualification,90-100%,35-55,0,90,0,Withdrawn,2,0,0,1,0,1,0,1,0,1,0,1,1,0,0,2
FFF,2013J,1694120,0,South East Region,HE Qualification,90-100%,35-55,0,90,0,Pass,1,1,0,0,0,1,1,0,0,1,1,1,1,1,1,2
FFF,2013J,1759799,0,Yorkshire Region,A Level or Equivalent,70-80%,35-55,0,60,0,Pass,4,1,1,0,0,0,0,1,1,1,0,0,0,0,1,8
FFF,2013J,1763186,0,North Region,Lower Than A Level,20-30%,35-55,0,120,0,Withdrawn,6,1,1,1,1,0,0,0,0,1,0,0,0,1,0,9
FFF,2013J,1852968,1,South East Region,HE Qualification,40-50%,35-55,0,60,0,Distinction,12,0,1,0,0,0,0,1,1,1,0,0,1,0,0,7
FFF,2013J,1859038,0,Ireland,A Level or Equivalent,40-50%,0-35,0,270,0,Pass,14,1,0,1,0,1,1,0,0,0,1,0,0,0,0,5
FFF,2013J,1859407,0,South West Region,Lower Than A Level,70-80%,35-55,0,120,1,Withdrawn,13,1,0,1,0,0,1,1,0,0,0,0,1,1,1,5
FFF,2013J,1864086,0,Scotland,A Level or Equivalent,70-80%,35-55,0,60,1,Pass,3,1,1,1,0,1,0,1,1,1,0,0,1,1,1,8
FFF,2013J,1866233,0,East Midlands Region,A Level or Equivalent,20-Oct,35-55,0,60,1,Withdrawn,12,1,0,1,1,0,0,1,1,0,0,1,1,0,1,7
FFF,2013J,1876636,1,South West Region,A Level or Equivalent,60-70%,35-55,0,120,0,Pass,5,1,0,0,0,1,0,0,0,0,0,0,1,1,0,9
FFF,2013J,1891977,0,East Anglian Region,Lower Than A Level,70-80%,35-55,0,120,0,Withdrawn,16,0,1,0,1,1,1,0,1,1,1,0,0,1,1,10
FFF,2013J,1902283,0,East Anglian Region,HE Qualification,60-70%,35-55,0,60,0,Withdrawn,7,1,0,0,1,1,1,0,0,0,0,0,1,1,1,3
FFF,2013J,1910049,1,East Midlands Region,A Level or Equivalent,70-80%,35-55,1,120,0,Pass,5,1,0,0,1,1,1,1,0,1,0,1,0,0,0,9
FFF,2013J,1910111,1,North Western Region,A Level or Equivalent,20-30%,0-35,0,240,0,Withdrawn,5,1,0,1,0,1,0,1,0,0,0,1,0,1,1,9
FFF,2013J,1913166,0,London Region,HE Qualification,20-Oct,35-55,0,60,0,Distinction,4,1,1,0,1,0,0,1,1,0,1,0,1,0,0,8
FFF,2013J,1917335,1,Ireland,A Level or Equivalent,60-70%,0-35,0,100,0,Pass,4,0,0,0,1,0,0,0,1,0,0,0,1,0,1,8
FFF,2013J,1929219,0,South Region,HE Qualification,90-100%,35-55,0,60,0,Withdrawn,3,0,1,0,1,1,0,1,0,1,0,0,1,0,1,8
FFF,2013J,1931370,0,North Western Region,Lower Than A Level,50-60%,0-35,0,60,0,Withdrawn,8,0,1,0,0,1,0,1,1,0,1,0,0,1,1,3
FFF,2013J,1935735,0,London Region,A Level or Equivalent,20-30%,35-55,0,360,0,Fail,5,0,1,0,1,0,0,0,1,0,0,1,1,0,0,9
FFF,2013J,1941149,0,North Western Region,Lower Than A Level,70-80%,35-55,0,120,0,Withdrawn,2,1,0,0,1,1,1,0,1,0,1,0,1,1,0,2
FFF,2013J,1943681,1,Scotland,A Level or Equivalent,40-50%,35-55,0,75,0,Withdrawn,4,0,0,0,1,1,0,0,1,1,1,1,0,0,1,8
FFF,2013J,1945945,0,London Region,Lower Than A Level,20-30%,0-35,0,60,0,Pass,2,0,0,0,1,0,1,1,0,1,0,0,0,1,1,2
FFF,2013J,1948159,1,North Region,A Level or Equivalent,,35-55,0,60,0,Withdrawn,10,0,0,1,1,0,0,1,0,0,0,0,0,1,0,1
FFF,2013J,1949484,0,London Region,HE Qualification,20-30%,55<=,0,90,0,Fail,1,0,0,0,0,1,1,1,0,0,0,1,1,0,0,2
FFF,2013J,1950923,0,North Western Region,Lower Than A Level,20-30%,35-55,0,60,0,Pass,15,0,1,0,0,1,1,1,0,1,1,1,0,1,0,10
FFF,2013J,1951127,0,North Western Region,Lower Than A Level,40-50%,35-55,0,150,0,Distinction,6,1,1,1,0,1,1,0,1,1,1,1,1,0,1,9
FFF,2013J,1954147,0,Wales,Lower Than A Level,60-70%,35-55,0,60,0,Pass,12,0,0,0,0,0,1,0,1,1,1,0,0,1,0,7
FFF,2013J,1962128,1,Scotland,A Level or Equivalent,30-40%,35-55,0,120,0,Withdrawn,7,1,1,0,0,1,0,0,1,0,0,1,1,0,0,3
FFF,2013J,1978492,0,South Region,Lower Than A Level,20-30%,35-55,0,120,0,Withdrawn,5,0,0,0,1,1,1,1,0,0,1,1,0,0,0,9
FFF,2013J,1980822,1,Scotland,Lower Than A Level,80-90%,0-35,1,60,0,Pass,7,0,0,1,0,1,0,1,1,0,0,0,1,0,1,3
FFF,2013J,1981053,0,East Midlands Region,A Level or Equivalent,40-50%,35-55,0,120,1,Withdrawn,5,1,1,0,0,1,1,0,0,1,1,1,0,0,0,9
FFF,2013J,1982166,0,South Region,A Level or Equivalent,40-50%,35-55,0,60,0,Distinction,7,1,1,1,1,1,0,1,1,1,0,0,1,1,0,3
FFF,2013J,1983331,0,North Western Region,HE Qualification,0-10%,35-55,0,60,0,Withdrawn,13,0,1,1,0,0,0,0,0,0,1,0,1,0,0,5
FFF,2013J,1983921,0,North Western Region,A Level or Equivalent,60-70%,35-55,0,120,0,Pass,9,0,0,0,1,1,1,1,1,0,1,1,0,1,1,4
FFF,2013J,1992145,0,Scotland,A Level or Equivalent,60-70%,35-55,1,90,0,Pass,8,0,0,1,0,1,1,0,0,0,0,1,0,1,0,3
FFF,2013J,2053381,0,Wales,A Level or Equivalent,60-70%,0-35,0,90,0,Fail,11,1,1,1,0,1,0,1,0,1,0,0,0,0,1,6
FFF,2013J,2056416,0,South Region,Lower Than A Level,80-90%,35-55,0,120,0,Distinction,8,0,0,1,0,0,0,1,0,1,1,0,1,1,0,3
FFF,2013J,2056486,0,East Anglian Region,Lower Than A Level,50-60%,35-55,0,60,0,Pass,11,1,0,1,0,1,0,0,1,1,0,0,0,1,1,6
FFF,2013J,2071595,0,Scotland,Lower Than A Level,20-Oct,35-55,0,60,0,Fail,1,0,0,1,1,0,1,0,1,0,1,0,0,0,1,2
FFF,2013J,2088982,0,South Region,A Level or Equivalent,80-90%,35-55,1,60,0,Withdrawn,10,0,0,0,0,0,1,0,1,1,0,1,0,1,1,1
FFF,2013J,2104123,0,Scotland,A Level or Equivalent,50-60%,35-55,0,90,0,Pass,5,0,1,1,0,0,0,1,0,1,1,1,1,0,0,9
FFF,2013J,2105230,0,North Western Region,HE Qualification,20-30%,0-35,0,120,0,Fail,2,0,1,0,1,1,0,0,0,1,1,1,1,1,1,2
FFF,2013J,2112291,0,South East Region,A Level or Equivalent,60-70%,35-55,0,120,1,Fail,16,0,1,1,1,1,1,0,0,1,0,1,0,1,1,10
FFF,2013J,2128283,0,South East Region,HE Qualification,50-60%,35-55,0,90,0,Withdrawn,3,0,1,0,0,0,1,1,1,0,0,0,1,0,1,8
FFF,2013J,2137171,0,East Anglian Region,HE Qualification,30-40%,0-35,0,60,0,Pass,5,1,0,1,0,1,1,0,0,1,1,1,0,0,0,9
FFF,2013J,2143739,0,North Western Region,Lower Than A Level,40-50%,35-55,0,180,0,Pass,8,1,1,0,1,1,1,1,1,0,0,1,1,0,1,3
FFF,2013J,2145940,0,North Western Region,Lower Than A Level,0-10%,0-35,0,120,0,Pass,2,0,0,0,0,0,1,1,1,1,1,1,0,0,1,2
FFF,2013J,2146277,1,East Anglian Region,A Level or Equivalent,80-90%,35-55,0,90,0,Distinction,12,1,0,0,0,1,0,0,0,1,0,1,1,0,1,7
FFF,2013J,2148540,1,Yorkshire Region,Lower Than A Level,70-80%,0-35,0,60,0,Pass,13,0,0,0,1,0,1,0,0,1,1,1,1,1,1,5
FFF,2013J,2149735,1,East Midlands Region,A Level or Equivalent,30-40%,0-35,0,90,0,Pass,3,1,1,1,1,1,1,1,0,0,1,1,1,0,1,8
FFF,2013J,2162410,1,South East Region,HE Qualification,50-60%,35-55,0,60,0,Distinction,4,0,0,0,0,1,0,0,0,0,0,0,1,0,1,8
FFF,2013J,2170320,0,North Western Region,Lower Than A Level,50-60%,0-35,0,60,0,Fail,3,1,1,0,0,0,1,1,0,1,0,0,0,0,1,8
FFF,2013J,2173721,1,Scotland,Lower Than A Level,20-Oct,0-35,2,90,0,Fail,5,0,1,0,0,1,1,0,1,1,0,1,0,0,1,9
FFF,2013J,2177720,0,North Western Region,A Level or Equivalent,20-Oct,0-35,0,60,0,Fail,16,1,1,1,0,0,1,1,1,0,0,0,1,0,1,10
FFF,2013J,2178466,0,West Midlands Region,A Level or Equivalent,30-40%,35-55,0,60,0,Fail,9,0,1,1,0,0,1,0,0,1,0,1,1,0,1,4
FFF,2013J,2180710,0,Wales,Lower Than A Level,80-90%,0-35,0,60,0,Fail,7,0,1,0,1,0,1,1,0,0,0,1,1,1,1,3
FFF,2013J,2182333,0,South West Region,A Level or Equivalent,40-50%,0-35,0,60,0,Distinction,7,1,0,1,0,0,0,1,0,1,1,1,0,0,0,3
FFF,2013J,2188084,0,South East Region,A Level or Equivalent,80-90%,0-35,0,90,0,Fail,10,0,1,1,1,0,0,0,0,1,1,1,0,0,1,1
FFF,2013J,2191588,0,Wales,Lower Than A Level,30-40%,35-55,0,60,0,Fail,15,0,0,0,1,0,0,0,0,0,1,1,0,0,1,10
FFF,2013J,2193185,0,West Midlands Region,A Level or Equivalent,0-10%,0-35,0,180,0,Pass,6,1,0,0,0,1,1,0,1,1,0,1,0,1,0,9
FFF,2013J,2195853,1,North Region,A Level or Equivalent,0-10%,0-35,2,180,0,Fail,2,1,0,0,1,0,0,0,0,0,1,0,0,1,1,2
FFF,2013J,2197175,1,East Anglian Region,A Level or Equivalent,60-70%,35-55,0,90,0,Pass,2,1,0,0,0,0,1,0,0,1,1,0,1,1,0,2
FFF,2013J,2218693,0,South West Region,Lower Than A Level,90-100%,0-35,0,120,1,Pass,1,0,1,1,1,1,0,0,0,0,0,1,1,1,1,2
FFF,2013J,2226620,0,Scotland,HE Qualification,60-70%,35-55,0,145,0,Fail,12,1,0,1,0,1,0,0,1,1,1,0,0,0,1,7
FFF,2013J,2237223,1,London Region,HE Qualification,20-Oct,35-55,0,60,0,Fail,10,1,1,1,0,1,1,0,0,1,0,0,1,1,0,1
FFF,2013J,2238148,0,Scotland,A Level or Equivalent,0-10%,35-55,0,60,1,Distinction,16,0,0,1,1,1,0,0,0,0,1,0,0,0,0,10
FFF,2013J,2238424,0,Scotland,Lower Than A Level,20-30%,0-35,0,60,0,Withdrawn,5,0,1,0,1,0,0,1,1,0,1,1,0,1,1,9
FFF,2013J,2239746,0,East Anglian Region,Lower Than A Level,90-100%,0-35,1,120,1,Pass,2,0,1,0,0,0,0,0,1,0,0,1,0,1,0,2
FFF,2013J,2243505,0,South Region,A Level or Equivalent,40-50%,0-35,0,90,0,Pass,15,1,0,0,0,0,1,1,1,1,1,1,1,1,1,10
FFF,2013J,2250842,1,East Anglian Region,Lower Than A Level,0-10%,0-35,0,60,0,Distinction,3,0,1,1,1,1,1,1,1,0,1,1,1,0,0,8
FFF,2013J,2252765,1,Scotland,HE Qualification,90-100%,35-55,0,60,0,Distinction,11,0,1,0,1,1,0,1,1,0,1,0,0,0,0,6
FFF,2013J,2261138,0,West Midlands Region,Lower Than A Level,20-30%,35-55,0,60,0,Withdrawn,13,1,0,0,1,1,0,0,0,0,0,1,1,0,1,5
FFF,2013J,2286312,0,South West Region,HE Qualification,30-40%,35-55,0,60,0,Pass,5,1,0,0,0,0,0,1,1,1,0,1,1,0,1,9
FFF,2013J,2286574,0,Yorkshire Region,A Level or Equivalent,30-40%,35-55,0,60,0,Fail,11,0,0,0,0,0,0,0,0,1,0,1,1,1,0,6
FFF,2013J,2290267,0,North Region,Lower Than A Level,40-50%,0-35,1,120,0,Pass,11,1,1,0,1,0,0,1,0,0,1,1,1,0,1,6
FFF,2013J,2290883,0,North Region,HE Qualification,80-90%,35-55,0,60,0,Pass,15,0,0,1,0,1,0,1,0,0,1,1,1,1,1,10
FFF,2013J,2292047,0,West Midlands Region,A Level or Equivalent,20-Oct,35-55,1,120,0,Withdrawn,9,1,0,0,1,1,1,1,0,0,1,0,1,1,1,4
FFF,2013J,2298402,0,South East Region,Lower Than A Level,70-80%,35-55,0,90,0,Withdrawn,8,1,0,0,0,0,0,0,1,1,1,1,0,0,0,3
FFF,2013J,2299682,0,South Region,A Level or Equivalent,80-90%,0-35,0,120,0,Withdrawn,13,0,0,1,0,1,0,0,0,0,1,0,0,0,1,5
FFF,2013J,2304417,0,Scotland,HE Qualification,30-40%,35-55,0,70,0,Pass,8,1,1,1,0,1,1,0,1,0,0,1,0,0,0,3
FFF,2013J,2305237,0,Ireland,HE Qualification,80-90%,0-35,2,150,0,Withdrawn,4,0,1,0,1,1,1,0,1,0,1,0,1,0,1,8
FFF,2013J,2312279,0,West Midlands Region,Lower Than A Level,0-10%,0-35,0,60,0,Pass,7,0,0,1,1,0,0,1,1,0,0,1,0,1,1,3
FFF,2013J,2323944,0,South Region,A Level or Equivalent,90-100%,0-35,0,90,1,Pass,8,1,0,0,1,0,1,1,1,1,1,0,0,1,1,3
FFF,2013J,2326475,0,South Region,A Level or Equivalent,90-100%,35-55,0,60,0,Pass,3,1,0,0,0,0,1,1,0,0,0,1,1,0,0,8
FFF,2013J,2337889,0,West Midlands Region,A Level or Equivalent,20-Oct,0-35,1,60,1,Pass,7,0,0,1,1,0,1,0,1,0,0,1,0,1,1,3
FFF,2013J,2340746,0,South West Region,Lower Than A Level,0-10%,35-55,0,90,1,Pass,3,0,0,0,1,0,0,0,0,1,0,1,0,1,0,8
FFF,2013J,2343337,0,Scotland,Lower Than A Level,40-50%,0-35,0,90,0,Distinction,4,1,0,1,0,1,1,1,0,0,0,1,0,0,0,8
FFF,2013J,2344957,0,South Region,Lower Than A Level,60-70%,0-35,1,60,1,Pass,12,0,0,1,1,1,1,0,1,0,0,0,1,0,1,7
FFF,2013J,2345900,1,South West Region,A Level or Equivalent,20-Oct,0-35,0,60,0,Distinction,3,0,1,1,0,1,0,0,1,0,0,1,0,1,0,8
FFF,2013J,2356049,1,South Region,Lower Than A Level,80-90%,0-35,0,60,0,Withdrawn,10,0,0,1,0,1,0,0,1,0,1,0,0,0,1,1
FFF,2013J,2356196,0,Scotland,HE Qualification,70-80%,0-35,0,90,0,Fail,3,0,0,0,0,0,0,0,0,1,0,0,1,0,1,8
FFF,2013J,2357629,0,London Region,Lower Than A Level,30-40%,0-35,0,60,1,Distinction,3,0,1,0,1,0,0,1,0,0,0,1,0,0,1,8
FFF,2013J,2360322,0,West Midlands Region,A Level or Equivalent,50-60%,0-35,0,120,0,Pass,7,1,1,1,0,1,0,0,1,1,0,0,0,0,0,3
FFF,2013J,2364160,0,South East Region,A Level or Equivalent,30-40%,35-55,0,210,0,Pass,6,0,0,1,1,1,1,1,0,1,1,1,1,0,0,9
FFF,2013J,2364905,0,North Western Region,Lower Than A Level,60-70%,0-35,1,60,0,Fail,4,0,1,1,0,1,0,0,1,0,0,0,1,1,0,8
FFF,2013J,2366574,0,East Midlands Region,Lower Than A Level,20-Oct,0-35,0,90,0,Withdrawn,3,1,0,0,0,1,0,0,1,1,0,1,0,1,0,8
FFF,2013J,2372788,0,London Region,Lower Than A Level,20-Oct,0-35,0,60,0,Distinction,12,0,0,1,0,1,1,0,0,0,1,0,0,1,1,7
FFF,2013J,2374002,1,East Anglian Region,HE Qualification,90-100%,35-55,0,60,0,Distinction,15,1,0,0,1,0,1,0,0,0,0,0,1,1,0,10
FFF,2013J,2379512,0,East Anglian Region,A Level or Equivalent,20-30%,0-35,0,60,0,Pass,5,0,1,1,1,0,1,0,1,0,1,1,1,0,1,9
FFF,2013J,2380602,0,North Western Region,Lower Than A Level,20-30%,35-55,1,60,0,Withdrawn,14,0,1,0,1,0,0,0,0,0,1,0,0,0,0,5
FFF,2013J,2382965,0,North Region,A Level or Equivalent,20-Oct,35-55,1,120,0,Withdrawn,1,1,0,0,1,1,1,0,0,0,0,1,0,0,1,2
FFF,2013J,2383169,0,East Midlands Region,Lower Than A Level,70-80%,35-55,0,60,0,Withdrawn,11,0,1,0,0,1,0,0,0,0,1,0,1,1,1,6
FFF,2013J,2383780,0,London Region,Lower Than A Level,20-Oct,35-55,2,60,0,Fail,13,0,1,0,1,1,0,1,0,1,1,0,0,1,1,5
FFF,2013J,2387725,0,Wales,A Level or Equivalent,20-Oct,35-55,0,120,0,Withdrawn,15,0,1,0,1,0,0,0,0,1,1,0,0,0,1,10
FFF,2013J,2389837,0,South Region,A Level or Equivalent,70-80%,35-55,1,60,0,Withdrawn,11,0,0,0,1,0,0,1,1,1,0,0,1,1,0,6
FFF,2013J,2390547,1,North Western Region,Lower Than A Level,40-50%,0-35,0,240,0,Withdrawn,8,0,0,1,1,1,0,0,1,0,1,1,1,1,1,3
FFF,2013J,2393230,0,North Western Region,Lower Than A Level,0-10%,0-35,0,60,1,Pass,1,0,1,1,0,1,0,1,0,1,1,1,1,0,0,2
FFF,2013J,2393261,0,North Western Region,Lower Than A Level,60-70%,0-35,0,60,0,Pass,5,0,1,0,1,1,0,0,0,0,1,1,0,0,1,9
FFF,2013J,2396381,0,Yorkshire Region,A Level or Equivalent,40-50%,55<=,0,120,0,Pass,9,1,1,0,0,0,1,1,1,0,0,1,1,0,1,4
FFF,2013J,2410687,0,Wales,HE Qualification,60-70%,0-35,0,60,0,Withdrawn,2,1,1,0,0,1,0,0,1,0,1,0,1,0,1,2
FFF,2013J,2411773,0,Wales,A Level or Equivalent,50-60%,0-35,0,60,0,Pass,9,1,1,1,0,1,0,1,1,1,1,0,0,0,0,4
FFF,2013J,2412152,1,South Region,A Level or Equivalent,70-80%,35-55,0,60,0,Pass,4,0,1,0,1,0,0,1,0,0,1,0,0,0,1,8
FFF,2013J,2414552,1,Scotland,Lower Than A Level,50-60%,0-35,0,60,0,Withdrawn,5,0,1,1,0,1,0,0,0,0,0,1,0,0,1,9
FFF,2013J,2415436,0,South West Region,A Level or Equivalent,20-30%,0-35,0,150,0,Pass,13,0,0,1,0,1,0,1,1,0,0,0,0,0,1,5
FFF,2013J,2417433,0,Wales,A Level or Equivalent,0-10%,35-55,2,90,0,Withdrawn,13,1,1,1,0,1,0,0,0,0,0,1,0,1,1,5
FFF,2013J,2423002,0,East Anglian Region,Lower Than A Level,30-40%,0-35,0,90,0,Pass,3,0,0,1,1,0,1,0,0,0,0,1,1,1,0,8
FFF,2013J,2435795,0,Wales,HE Qualification,60-70%,35-55,0,60,0,Pass,8,1,1,1,1,1,1,0,1,1,1,0,1,0,1,3
FFF,2013J,2437051,0,South West Region,A Level or Equivalent,50-60%,35-55,0,60,0,Withdrawn,16,1,0,0,1,1,0,0,0,0,1,1,0,0,0,10
FFF,2013J,2440301,1,South Region,A Level or Equivalent,30-40%,35-55,0,60,0,Pass,10,0,1,1,1,1,0,0,1,1,0,0,0,0,0,1
FFF,2013J,2445085,0,South Region,Lower Than A Level,50-60%,0-35,0,210,1,Pass,4,1,0,0,1,1,1,0,0,1,1,0,0,0,0,8
FFF,2013J,2447469,0,East Midlands Region,HE Qualification,70-80%,35-55,0,60,0,Withdrawn,11,1,1,1,1,1,0,0,0,0,0,0,1,1,1,6
FFF,2013J,2449737,1,East Anglian Region,Lower Than A Level,60-70%,35-55,0,120,1,Withdrawn,6,1,0,1,0,1,0,0,0,1,1,1,0,1,0,9
FFF,2013J,2449819,0,East Anglian Region,A Level or Equivalent,60-70%,35-55,0,60,0,Pass,7,0,0,0,1,1,1,1,1,1,1,1,1,1,0,3
FFF,2013J,2452606,0,Ireland,HE Qualification,50-60%,0-35,1,90,0,Pass,6,1,1,0,1,0,0,0,0,1,0,1,0,0,0,9
FFF,2013J,2454653,1,East Anglian Region,Lower Than A Level,30-40%,35-55,0,150,0,Pass,14,0,1,1,1,1,0,1,0,0,0,0,0,0,0,5
FFF,2013J,2454878,1,South Region,Lower Than A Level,40-50%,0-35,0,90,1,Pass,9,1,0,1,0,0,0,0,0,1,1,0,1,1,1,4
FFF,2013J,2463282,0,South West Region,Lower Than A Level,70-80%,35-55,0,240,1,Withdrawn,6,0,0,0,1,0,0,0,0,0,0,0,1,1,0,9
FFF,2013J,2465105,1,South Region,A Level or Equivalent,90-100%,55<=,0,60,0,Fail,10,1,1,1,1,0,1,1,1,1,1,1,1,1,1,1
FFF,2013J,2465589,0,East Midlands Region,Lower Than A Level,20-30%,0-35,0,195,0,Pass,8,1,0,1,0,0,0,0,1,0,1,1,1,1,0,3
FFF,2013J,2468232,0,South Region,HE Qualification,90-100%,35-55,1,120,1,Withdrawn,5,1,1,0,0,1,0,1,1,0,1,1,0,0,1,9
FFF,2013J,2469321,1,East Anglian Region,A Level or Equivalent,50-60%,0-35,0,120,0,Pass,6,0,0,0,1,0,0,1,0,0,1,0,1,0,1,9
FFF,2013J,2469688,0,London Region,A Level or Equivalent,20-Oct,0-35,0,60,0,Pass,12,1,1,0,1,0,0,0,0,0,1,1,1,0,0,7
FFF,2013J,2471302,1,South East Region,Lower Than A Level,40-50%,35-55,0,120,0,Withdrawn,2,1,0,0,1,0,0,1,0,0,0,0,1,0,1,2
FFF,2013J,2472033,0,East Midlands Region,A Level or Equivalent,70-80%,35-55,1,210,0,Pass,13,1,1,0,0,0,0,0,1,1,0,1,1,1,1,5
FFF,2013J,2472132,0,North Region,HE Qualification,,35-55,0,60,0,Pass,9,1,1,0,0,0,0,0,0,0,0,1,1,0,1,4
FFF,2013J,2487982,0,South East Region,HE Qualification,30-40%,35-55,4,60,0,Pass,2,0,1,0,0,0,1,0,0,0,1,0,0,1,1,2
FFF,2013J,2499949,0,Yorkshire Region,Lower Than A Level,0-10%,0-35,0,210,0,Withdrawn,3,1,1,1,0,0,0,1,0,0,0,0,1,1,0,8
FFF,2013J,2500149,0,Scotland,Lower Than A Level,30-40%,35-55,0,90,0,Pass,9,0,1,1,0,1,1,1,0,0,1,0,0,0,1,4
FFF,2013J,2503063,0,East Midlands Region,A Level or Equivalent,20-Oct,0-35,0,90,0,Pass,13,1,0,1,1,0,0,1,0,0,1,1,0,0,1,5
FFF,2013J,2523035,0,North Region,A Level or Equivalent,0-10%,35-55,0,90,0,Pass,3,0,0,1,1,1,0,0,1,0,1,1,1,1,0,8
FFF,2013J,2523751,0,London Region,A Level or Equivalent,80-90%,35-55,0,60,0,Withdrawn,15,0,0,0,1,0,0,1,1,0,0,0,1,0,0,10
FFF,2013J,2524572,0,South East Region,A Level or Equivalent,60-70%,35-55,0,90,1,Withdrawn,1,0,1,0,0,0,0,1,0,1,1,1,1,1,1,2
FFF,2013J,2526537,1,London Region,Lower Than A Level,20-Oct,35-55,0,60,0,Withdrawn,2,0,1,0,0,1,1,0,0,1,0,1,1,1,1,2
FFF,2013J,2534165,0,South East Region,HE Qualification,90-100%,35-55,1,120,0,Pass,5,1,0,0,1,0,0,1,1,1,1,1,0,0,1,9
FFF,2013J,2539666,0,South West Region,Lower Than A Level,20-Oct,0-35,0,60,1,Fail,4,1,1,0,0,0,1,0,1,1,0,0,0,0,0,8
FFF,2013J,2540424,0,East Midlands Region,A Level or Equivalent,30-40%,0-35,0,120,0,Withdrawn,10,0,0,0,0,0,0,1,0,0,1,1,0,1,1,1
FFF,2013J,2542431,0,East Midlands Region,A Level or Equivalent,30-40%,0-35,0,90,0,Pass,13,1,1,1,1,0,0,1,1,1,0,1,1,1,0,5
FFF,2013J,2543208,0,Yorkshire Region,Lower Than A Level,20-Oct,0-35,0,60,0,Pass,12,0,0,1,1,1,0,1,1,1,0,1,0,1,0,7
FFF,2013J,2545923,0,South West Region,HE Qualification,40-50%,35-55,0,90,0,Distinction,11,0,0,1,0,1,1,0,0,1,1,0,0,1,1,6
FFF,2013J,2548055,0,Scotland,Lower Than A Level,80-90%,35-55,0,60,0,Pass,5,0,1,0,1,0,1,0,0,0,1,0,0,0,1,9
FFF,2013J,2555225,0,Yorkshire Region,A Level or Equivalent,70-80%,0-35,0,60,0,Pass,2,0,1,1,1,0,0,0,1,0,0,1,0,1,0,2
FFF,2013J,2555893,1,West Midlands Region,Lower Than A Level,60-70%,0-35,0,180,0,Withdrawn,2,0,0,1,0,1,0,1,1,1,0,0,1,0,1,2
FFF,2013J,2558713,1,South East Region,A Level or Equivalent,70-80%,0-35,0,210,0,Fail,15,0,0,1,0,1,0,1,1,1,0,1,0,1,1,10
FFF,2013J,2563095,0,South Region,HE Qualification,40-50%,0-35,0,60,0,Withdrawn,8,1,1,0,0,1,0,1,0,0,0,1,1,1,0,3
FFF,2013J,2567571,1,Scotland,HE Qualification,70-80%,35-55,0,60,0,Pass,15,1,0,0,1,1,1,1,1,0,1,0,1,1,1,10
FFF,2013J,2572441,0,South Region,A Level or Equivalent,90-100%,0-35,0,150,1,Pass,15,0,0,1,0,0,0,0,0,1,0,1,0,1,1,10
FFF,2013J,2579401,0,South Region,Lower Than A Level,90-100%,0-35,0,60,0,Pass,10,0,1,1,1,1,1,1,0,1,0,1,1,1,0,1
FFF,2013J,2580196,0,South Region,HE Qualification,60-70%,0-35,0,120,0,Fail,10,0,0,0,1,1,0,1,0,1,0,1,1,1,0,1
FFF,2013J,2580545,0,North Western Region,Lower Than A Level,20-30%,35-55,2,60,0,Pass,10,0,0,1,0,1,1,0,0,1,1,1,1,0,1,1
FFF,2013J,2586313,0,East Midlands Region,HE Qualification,90-100%,0-35,0,60,0,Withdrawn,13,1,0,0,1,0,1,1,1,1,0,0,1,1,0,5
FFF,2013J,2588467,0,West Midlands Region,Lower Than A Level,0-10%,0-35,0,60,1,Fail,3,0,1,0,1,0,1,1,1,0,1,1,1,1,1,8
FFF,2013J,2595641,0,South West Region,A Level or Equivalent,20-Oct,0-35,0,120,0,Pass,2,0,0,1,0,0,0,0,1,1,0,1,1,1,0,2
FFF,2013J,2596621,0,South West Region,A Level or Equivalent,50-60%,55<=,0,60,0,Distinction,8,1,0,0,0,1,1,0,0,0,1,0,1,1,0,3
FFF,2013J,2602264,0,London Region,Post Graduate Qualification,20-Oct,35-55,0,150,0,Distinction,2,0,0,1,1,1,1,0,0,0,1,1,0,1,0,2
FFF,2013J,2610837,0,Yorkshire Region,HE Qualification,50-60%,35-55,2,60,0,Withdrawn,5,0,0,0,0,0,1,0,1,1,1,0,1,0,0,9
FFF,2013J,2611986,0,Scotland,A Level or Equivalent,70-80%,35-55,0,60,0,Fail,1,0,1,1,0,0,1,1,1,1,0,1,1,1,1,2
FFF,2013J,2613746,0,Scotland,A Level or Equivalent,0-10%,0-35,0,60,0,Pass,6,0,0,0,1,0,1,0,0,1,1,1,1,1,0,9
FFF,2013J,2614277,1,Scotland,HE Qualification,80-90%,35-55,0,140,0,Pass,2,0,1,0,0,0,0,1,0,1,1,0,1,1,0,2
FFF,2013J,2619184,0,South Region,A Level or Equivalent,80-90%,0-35,0,60,0,Withdrawn,13,0,1,0,0,0,0,1,0,1,1,0,1,1,1,5
FFF,2013J,2621734,0,London Region,A Level or Equivalent,0-10%,0-35,0,120,0,Fail,3,1,1,1,0,0,0,0,0,0,0,1,0,1,1,8
FFF,2013J,2622634,0,Ireland,A Level or Equivalent,20-Oct,35-55,0,60,0,Withdrawn,3,1,1,0,0,0,1,0,0,0,1,1,1,1,0,8
FFF,2013J,2623496,0,West Midlands Region,HE Qualification,70-80%,35-55,0,180,0,Pass,9,1,0,0,0,1,1,1,1,1,0,1,0,0,0,4
FFF,2013J,2625545,0,South Region,HE Qualification,90-100%,35-55,0,60,0,Fail,7,1,0,1,1,1,1,1,1,0,1,0,0,0,1,3
FFF,2013J,2630284,1,East Midlands Region,A Level or Equivalent,0-10%,35-55,4,180,0,Withdrawn,3,0,0,1,0,1,0,1,1,0,1,0,1,1,0,8
FFF,2013J,2633052,0,West Midlands Region,Lower Than A Level,30-40%,35-55,0,60,0,Fail,6,1,1,0,1,0,0,1,0,0,1,1,1,0,1,9
FFF,2013J,2634868,0,North Western Region,HE Qualification,80-90%,0-35,0,90,0,Distinction,3,1,1,1,1,1,0,1,0,0,0,0,0,0,1,8
FFF,2013J,2637239,0,Wales,Lower Than A Level,20-Oct,35-55,0,60,0,Withdrawn,16,0,1,1,1,1,1,0,0,0,0,0,1,0,0,10
FFF,2013J,2639319,1,Scotland,HE Qualification,20-Oct,35-55,0,60,0,Pass,12,0,0,1,1,1,0,0,0,1,0,0,1,1,0,7
FFF,2013J,2641236,1,Wales,Lower Than A Level,0-10%,0-35,0,60,0,Withdrawn,15,0,1,0,0,0,0,1,0,0,0,0,0,0,0,10
FFF,2013J,2642994,0,West Midlands Region,A Level or Equivalent,60-70%,35-55,2,120,0,Withdrawn,6,0,1,0,1,0,0,1,0,1,1,1,0,0,1,9
FFF,2013J,2650555,0,North Region,Lower Than A Level,0-10%,0-35,1,60,0,Pass,12,0,1,1,1,1,0,0,1,1,0,1,0,0,1,7
FFF,2013J,2655370,0,London Region,HE Qualification,50-60%,35-55,0,240,0,Pass,1,0,0,1,0,0,1,0,1,0,0,1,0,1,1,2
FFF,2013J,2657185,1,South East Region,A Level or Equivalent,20-Oct,0-35,0,60,0,Withdrawn,11,0,0,1,0,1,0,0,0,1,1,0,0,0,0,6
FFF,2013J,2663131,0,London Region,HE Qualification,20-30%,0-35,0,90,0,Pass,1,0,0,0,0,1,0,0,1,0,1,1,0,0,1,2
FFF,2013J,2672155,0,South Region,Lower Than A Level,20-Oct,35-55,1,60,0,Withdrawn,15,0,0,1,0,0,0,0,0,0,0,1,1,0,0,10
FFF,2013J,2678373,0,London Region,No Formal quals,20-30%,0-35,0,120,0,Withdrawn,9,1,1,0,1,1,0,0,0,1,0,1,0,0,0,4
FFF,2013J,2678993,0,Scotland,HE Qualification,20-Oct,0-35,0,60,0,Withdrawn,3,0,0,1,1,1,0,1,0,1,0,1,0,1,0,8
FFF,2013J,2680380,0,East Anglian Region,Lower Than A Level,80-90%,0-35,1,60,0,Pass,7,0,1,0,0,0,1,1,0,1,0,1,1,1,0,3
FFF,2013J,2683857,0,South West Region,Lower Than A Level,70-80%,35-55,0,60,0,Withdrawn,10,1,1,1,0,0,1,1,1,1,1,0,0,0,1,1
FFF,2013J,2686536,0,South West Region,Lower Than A Level,30-40%,35-55,0,90,0,Pass,2,1,0,0,1,1,0,0,1,0,0,0,0,1,1,2
FFF,2013J,2686609,0,South West Region,A Level or Equivalent,30-40%,0-35,1,60,1,Pass,15,0,0,0,1,1,0,1,0,0,1,1,0,0,0,10
FFF,2013J,2687045,0,South West Region,Lower Than A Level,50-60%,0-35,1,60,0,Withdrawn,11,0,1,1,0,0,1,0,0,1,0,0,0,0,0,6
FFF,2013J,2687176,0,West Midlands Region,A Level or Equivalent,0-10%,0-35,0,60,0,Fail,15,1,1,1,1,1,0,0,0,1,0,0,0,1,1,10
FFF,2013J,2687989,0,Ireland,A Level or Equivalent,,0-35,0,60,0,Pass,11,1,0,1,0,1,1,1,0,1,0,1,0,1,0,6
FFF,2013J,2688202,1,East Midlands Region,Lower Than A Level,20-Oct,0-35,2,60,0,Withdrawn,16,1,1,0,1,0,0,1,1,0,1,0,1,0,1,10
FFF,2013J,2692632,0,East Anglian Region,Lower Than A Level,0-10%,0-35,0,120,0,Withdrawn,14,1,0,1,0,0,1,0,1,0,1,1,1,0,0,5
FFF,2013J,2694680,0,East Midlands Region,Lower Than A Level,80-90%,0-35,1,90,0,Fail,11,0,0,0,1,1,0,1,1,0,0,1,1,1,0,6
FFF,2013J,2697608,0,Yorkshire Region,No Formal quals,30-40%,0-35,0,60,0,Withdrawn,15,0,1,0,0,1,0,1,0,0,1,1,0,0,1,10
FFF,2013J,2697921,0,East Anglian Region,Lower Than A Level,80-90%,0-35,0,120,0,Fail,1,0,1,1,1,0,0,1,0,1,0,1,0,0,1,2
FFF,2013J,2698125,0,North Region,Lower Than A Level,70-80%,0-35,0,60,0,Pass,2,0,0,0,1,0,1,0,0,1,0,0,1,0,0,2
FFF,2014B,26211,1,London Region,HE Qualification,20-30%,35-55,0,90,0,Pass,12,0,0,1,1,0,0,1,1,1,0,0,0,1,0,7
FFF,2014B,26269,0,Yorkshire Region,Lower Than A Level,0-10%,35-55,0,60,0,Withdrawn,14,1,0,0,1,0,1,0,0,0,0,1,0,0,0,5
FFF,2014B,27189,1,South Region,Lower Than A Level,20-Oct,35-55,0,120,0,Fail,13,1,0,0,0,0,1,1,0,1,1,0,1,0,1,5
FFF,2014B,27683,0,London Region,HE Qualification,30-40%,0-35,0,60,0,Pass,13,1,0,1,0,0,0,1,1,0,0,1,0,0,0,5
FFF,2014B,28808,1,South Region,A Level or Equivalent,90-100%,0-35,0,60,0,Fail,11,0,0,0,0,0,0,0,0,1,1,0,1,1,0,6
FFF,2014B,28897,0,South West Region,A Level or Equivalent,20-Oct,0-35,0,120,0,Distinction,3,1,0,0,1,0,1,1,1,1,1,0,0,0,1,8
FFF,2014B,30531,0,East Anglian Region,Lower Than A Level,50-60%,0-35,1,180,0,Fail,11,0,1,0,0,1,1,1,0,1,1,0,1,1,1,6
FFF,2014B,33600,1,London Region,A Level or Equivalent,40-50%,35-55,1,150,0,Withdrawn,9,1,0,0,1,1,0,0,1,0,1,0,0,1,1,4
FFF,2014B,34293,0,West Midlands Region,Lower Than A Level,60-70%,0-35,0,60,1,Withdrawn,4,1,1,0,1,0,0,1,1,1,0,0,1,1,0,8
FFF,2014B,36347,0,North Western Region,Lower Than A Level,20-Oct,0-35,0,120,0,Pass,7,0,1,1,1,1,1,1,1,0,0,0,1,0,0,3
FFF,2014B,39882,1,Scotland,A Level or Equivalent,80-90%,0-35,1,120,0,Pass,6,1,0,1,1,1,0,1,1,0,1,1,0,0,1,9
FFF,2014B,41489,1,East Anglian Region,Lower Than A Level,20-30%,0-35,0,60,0,Fail,14,1,1,1,1,1,1,1,1,1,1,1,0,0,1,5
FFF,2014B,42746,1,South Region,HE Qualification,50-60%,35-55,0,60,0,Distinction,5,0,0,0,0,1,1,1,1,1,1,0,1,0,1,9
FFF,2014B,46148,0,North Western Region,A Level or Equivalent,20-Oct,35-55,0,60,0,Pass,6,0,1,1,0,1,0,1,0,0,0,0,1,0,0,9
FFF,2014B,48635,0,South Region,HE Qualification,90-100%,0-35,0,60,0,Pass,15,1,0,0,1,1,1,1,1,1,1,1,0,0,0,10
FFF,2014B,53136,1,London Region,A Level or Equivalent,30-40%,0-35,1,120,0,Pass,3,1,0,1,1,0,1,1,1,1,1,1,0,0,0,8
FFF,2014B,53709,0,Wales,A Level or Equivalent,30-40%,0-35,1,60,0,Pass,13,1,1,0,1,1,1,1,1,0,0,0,0,1,0,5
FFF,2014B,54867,1,South West Region,Lower Than A Level,20-30%,0-35,0,120,0,Fail,7,0,0,1,0,1,1,1,0,0,0,0,0,1,1,3
FFF,2014B,58221,0,East Midlands Region,Lower Than A Level,40-50%,0-35,0,120,0,Withdrawn,11,0,0,1,1,1,0,0,1,1,1,0,0,1,1,6
FFF,2014B,63958,0,South Region,Lower Than A Level,20-Oct,0-35,0,60,0,Fail,14,0,0,1,0,1,0,0,0,0,1,1,1,1,1,5
FFF,2014B,67986,1,Scotland,Lower Than A Level,80-90%,0-35,0,60,0,Withdrawn,8,1,0,0,1,1,0,1,1,0,0,0,0,1,0,3
FFF,2014B,72114,0,North Region,A Level or Equivalent,40-50%,0-35,1,120,1,Pass,2,1,0,1,0,1,0,1,0,1,0,1,1,1,0,2
FFF,2014B,74521,0,North Region,HE Qualification,0-10%,35-55,0,120,0,Pass,1,0,1,0,0,1,0,1,1,1,1,1,1,1,0,2
FFF,2014B,74524,1,East Midlands Region,Lower Than A Level,70-80%,35-55,0,120,1,Fail,11,1,1,0,1,1,1,1,0,0,1,1,0,1,0,6
FFF,2014B,77845,0,East Midlands Region,A Level or Equivalent,30-40%,0-35,0,120,0,Fail,1,1,1,1,1,1,1,0,1,1,0,0,1,0,0,2
FFF,2014B,77998,0,Ireland,Lower Than A Level,,35-55,2,90,0,Pass,7,1,0,1,1,0,1,0,0,1,1,1,0,0,1,3
FFF,2014B,79683,0,Wales,A Level or Equivalent,30-40%,0-35,0,60,1,Withdrawn,8,0,1,0,0,1,1,1,0,0,1,0,1,1,1,3
FFF,2014B,81216,0,South Region,Lower Than A Level,20-Oct,0-35,0,60,0,Withdrawn,14,1,0,0,0,0,1,1,0,1,1,0,1,0,0,5
FFF,2014B,82201,1,London Region,Lower Than A Level,50-60%,0-35,0,60,0,Withdrawn,11,0,0,0,0,1,1,1,1,0,0,1,0,1,0,6
FFF,2014B,83603,0,London Region,A Level or Equivalent,60-70%,35-55,0,60,0,Pass,1,1,1,1,0,1,0,1,1,0,0,1,1,0,0,2
FFF,2014B,84299,0,London Region,A Level or Equivalent,20-30%,0-35,0,120,0,Pass,5,0,0,0,1,0,0,0,1,1,0,1,0,0,0,9
FFF,2014B,85874,1,Scotland,HE Qualification,40-50%,35-55,0,60,0,Withdrawn,3,1,1,1,0,0,0,0,0,1,0,0,0,0,0,8
FFF,2014B,99670,1,North Western Region,Lower Than A Level,0-10%,0-35,0,90,0,Fail,14,1,0,0,1,1,0,1,1,1,1,1,0,1,0,5
FFF,2014B,101634,0,Yorkshire Region,No Formal quals,0-10%,0-35,0,90,0,Fail,11,1,0,0,0,1,1,0,0,0,0,0,1,1,1,6
FFF,2014B,104316,0,London Region,A Level or Equivalent,70-80%,0-35,0,60,0,Fail,14,1,1,1,1,0,1,0,0,0,1,0,1,1,1,5
FFF,2014B,106747,0,North Western Region,Lower Than A Level,20-Oct,0-35,1,180,1,Withdrawn,15,1,0,0,0,0,1,0,0,0,1,1,0,0,0,10
FFF,2014B,108207,0,South Region,No Formal quals,50-60%,0-35,0,120,0,Pass,6,1,0,0,0,0,0,0,0,1,0,1,1,1,0,9
FFF,2014B,108822,0,South Region,Lower Than A Level,80-90%,35-55,0,60,0,Distinction,10,1,0,0,1,1,1,1,1,0,1,1,1,0,1,1
FFF,2014B,108949,0,North Western Region,Lower Than A Level,20-Oct,0-35,1,120,0,Withdrawn,6,0,1,1,0,0,1,0,0,0,1,1,1,1,1,9
FFF,2014B,110529,0,Scotland,Lower Than A Level,50-60%,35-55,0,60,0,Withdrawn,3,0,1,0,1,1,0,1,1,0,0,1,1,1,1,8
FFF,2014B,115875,1,London Region,A Level or Equivalent,20-30%,0-35,1,90,0,Withdrawn,7,0,1,0,0,1,0,1,1,1,1,1,0,0,0,3
FFF,2014B,116174,0,London Region,A Level or Equivalent,40-50%,35-55,0,90,0,Withdrawn,10,1,1,1,0,1,1,1,1,0,0,1,1,0,0,1
FFF,2014B,116621,0,North Region,A Level or Equivalent,40-50%,0-35,0,60,0,Distinction,11,1,0,1,1,0,1,1,1,0,0,1,0,1,1,6
FFF,2014B,117510,0,East Anglian Region,A Level or Equivalent,20-30%,0-35,0,90,0,Pass,9,1,1,1,1,1,0,0,0,1,0,0,0,0,0,4
FFF,2014B,117550,0,South East Region,Lower Than A Level,20-30%,0-35,0,60,0,Fail,6,0,1,1,1,1,1,1,0,0,1,1,1,0,0,9
FFF,2014B,124018,0,South East Region,A Level or Equivalent,90-100%,35-55,0,120,0,Withdrawn,8,1,1,1,1,0,0,0,0,1,1,0,0,0,1,3
FFF,2014B,128132,0,London Region,A Level or Equivalent,80-90%,0-35,0,60,0,Pass,15,1,0,0,1,1,0,1,1,0,0,0,0,0,1,10
FFF,2014B,128968,0,Yorkshire Region,A Level or Equivalent,30-40%,35-55,0,60,0,Pass,13,1,1,1,0,0,0,1,1,0,1,0,1,0,0,5
FFF,2014B,130992,0,South Region,A Level or Equivalent,80-90%,0-35,0,60,0,Pass,10,1,1,1,0,1,1,0,1,0,0,1,0,0,1,1
FFF,2014B,131538,0,West Midlands Region,A Level or Equivalent,70-80%,0-35,0,60,0,Pass,12,0,0,1,1,0,0,1,0,1,0,0,0,1,0,7
FFF,2014B,132157,0,London Region,A Level or Equivalent,80-90%,35-55,0,60,1,Pass,11,1,1,0,1,0,1,0,1,0,1,0,1,0,0,6
FFF,2014B,132477,0,London Region,Lower Than A Level,20-30%,0-35,0,60,1,Pass,15,1,1,0,1,1,1,1,1,0,0,0,0,0,1,10
FFF,2014B,133104,0,London Region,Lower Than A Level,20-Oct,0-35,0,120,1,Pass,15,0,0,0,1,1,1,1,1,1,1,1,1,1,0,10
FFF,2014B,133322,0,North Western Region,HE Qualification,30-40%,0-35,0,60,0,Fail,16,0,1,0,1,0,1,0,1,0,0,0,0,1,1,10
FFF,2014B,134847,0,Scotland,HE Qualification,30-40%,0-35,1,120,0,Pass,14,0,1,0,0,0,1,1,1,1,1,1,0,0,0,5
FFF,2014B,134851,0,South Region,Lower Than A Level,50-60%,0-35,1,120,0,Pass,2,0,0,1,0,0,1,1,1,0,1,0,1,0,0,2
FFF,2014B,136054,1,North Region,HE Qualification,,0-35,0,90,0,Pass,16,0,1,0,1,1,1,1,1,1,1,1,0,0,1,10
FFF,2014B,136944,0,Scotland,A Level or Equivalent,40-50%,0-35,0,90,0,Withdrawn,13,1,1,1,1,1,0,1,0,1,1,0,1,1,0,5
FFF,2014B,140108,0,London Region,No Formal quals,20-Oct,0-35,0,120,0,Fail,14,0,1,0,0,1,0,0,1,0,1,1,0,1,1,5
FFF,2014B,141430,0,Yorkshire Region,A Level or Equivalent,40-50%,0-35,1,60,0,Pass,4,1,0,0,1,0,1,1,0,0,1,0,1,0,0,8
FFF,2014B,150121,0,East Midlands Region,Lower Than A Level,20-30%,35-55,4,210,1,Fail,9,0,0,1,0,0,1,1,0,1,0,0,1,0,0,4
FFF,2014B,152626,0,North Western Region,Lower Than A Level,0-10%,35-55,0,60,0,Pass,15,0,1,1,1,0,1,0,0,1,0,1,1,0,1,10
FFF,2014B,153611,1,East Anglian Region,Lower Than A Level,20-30%,35-55,0,60,1,Fail,8,0,1,0,0,1,1,1,0,1,0,0,0,0,0,3
FFF,2014B,155158,0,London Region,A Level or Equivalent,40-50%,0-35,0,60,0,Pass,16,0,0,0,0,1,0,1,0,0,0,1,0,0,1,10
FFF,2014B,156788,0,East Midlands Region,Lower Than A Level,30-40%,35-55,0,180,0,Withdrawn,1,0,0,1,1,1,0,0,0,0,1,1,1,1,1,2
FFF,2014B,160262,0,East Anglian Region,Lower Than A Level,90-100%,0-35,0,150,0,Fail,12,1,0,1,1,0,0,1,1,0,0,0,1,1,0,7
FFF,2014B,160472,0,East Midlands Region,Lower Than A Level,60-70%,0-35,0,60,0,Fail,8,0,0,1,0,0,1,1,0,0,0,0,1,1,1,3
FFF,2014B,163332,0,London Region,HE Qualification,20-Oct,35-55,0,60,0,Fail,2,0,0,0,1,1,0,0,0,1,0,0,0,1,0,2
FFF,2014B,163962,0,Yorkshire Region,A Level or Equivalent,60-70%,0-35,3,120,0,Withdrawn,5,0,1,1,0,0,0,0,1,0,1,0,0,0,1,9
FFF,2014B,167106,0,East Anglian Region,Lower Than A Level,30-40%,35-55,2,60,0,Pass,9,1,0,1,0,1,1,0,0,1,0,0,0,1,0,4
FFF,2014B,174155,0,East Midlands Region,A Level or Equivalent,40-50%,0-35,0,60,1,Withdrawn,4,0,0,1,0,0,0,0,1,0,1,1,1,1,1,8
FFF,2014B,178179,0,London Region,Lower Than A Level,30-40%,0-35,0,150,0,Pass,12,1,0,0,1,1,0,1,0,0,0,0,1,1,0,7
FFF,2014B,179081,0,South Region,HE Qualification,20-30%,0-35,0,120,0,Fail,15,0,1,1,1,1,0,0,1,0,0,1,1,0,0,10
FFF,2014B,181719,0,London Region,HE Qualification,40-50%,35-55,0,60,0,Withdrawn,16,1,1,0,0,1,1,1,1,0,0,0,1,0,1,10
FFF,2014B,183429,1,Yorkshire Region,A Level or Equivalent,0-10%,0-35,0,60,0,Fail,14,0,0,0,1,0,1,1,0,1,1,1,0,0,0,5
FFF,2014B,190418,0,East Anglian Region,A Level or Equivalent,40-50%,0-35,0,120,0,Distinction,1,1,0,0,1,1,1,0,0,0,0,0,0,1,0,2
FFF,2014B,190829,0,London Region,Lower Than A Level,20-30%,35-55,0,90,0,Withdrawn,9,1,0,1,0,0,0,0,0,1,1,1,1,1,1,4
FFF,2014B,190930,0,Ireland,HE Qualification,,0-35,0,90,0,Pass,4,0,0,1,1,0,0,1,0,0,0,1,0,1,1,8
FFF,2014B,191590,0,London Region,Lower Than A Level,20-Oct,35-55,0,90,0,Pass,12,1,0,0,0,1,1,1,0,0,1,1,0,1,0,7
FFF,2014B,193803,0,South Region,Post Graduate Qualification,90-100%,35-55,2,180,0,Withdrawn,12,1,1,1,1,0,0,1,1,0,1,1,1,0,0,7
FFF,2014B,195515,1,London Region,A Level or Equivalent,60-70%,0-35,0,120,0,Pass,14,1,1,1,1,0,1,1,1,1,1,0,0,0,1,5
FFF,2014B,195552,0,Yorkshire Region,A Level or Equivalent,20-30%,0-35,0,120,0,Withdrawn,4,0,0,1,1,0,0,0,1,0,0,1,0,1,1,8
FFF,2014B,197097,1,South West Region,A Level or Equivalent,30-40%,0-35,0,90,0,Withdrawn,15,0,0,0,1,0,0,1,1,0,0,1,1,0,1,10
FFF,2014B,197538,0,East Midlands Region,A Level or Equivalent,80-90%,0-35,1,60,0,Withdrawn,12,0,0,1,0,0,0,0,0,1,1,1,0,0,1,7
FFF,2014B,203568,1,East Anglian Region,Lower Than A Level,40-50%,0-35,1,180,0,Fail,13,1,1,0,1,1,0,1,0,0,0,1,1,1,1,5
FFF,2014B,227297,0,London Region,Lower Than A Level,70-80%,0-35,0,60,0,Pass,9,0,1,1,0,1,1,0,0,0,0,0,1,0,0,4
FFF,2014B,228138,0,West Midlands Region,Lower Than A Level,30-40%,0-35,0,60,0,Pass,10,1,0,0,0,1,1,1,0,0,1,0,1,1,0,1
FFF,2014B,228258,0,South East Region,A Level or Equivalent,60-70%,0-35,0,60,0,Fail,5,1,1,0,1,1,1,0,0,0,1,1,0,0,1,9
FFF,2014B,228729,0,East Anglian Region,Lower Than A Level,80-90%,35-55,0,60,0,Pass,3,1,1,1,1,1,0,0,1,0,0,0,1,0,1,8
FFF,2014B,232286,0,Yorkshire Region,Lower Than A Level,20-Oct,0-35,0,150,1,Pass,10,0,1,0,1,1,1,0,0,1,1,0,0,0,0,1
FFF,2014B,234796,0,London Region,A Level or Equivalent,30-40%,0-35,0,180,0,Pass,14,0,1,0,0,1,1,1,1,0,1,1,0,1,0,5
FFF,2014B,237182,0,East Anglian Region,Lower Than A Level,60-70%,0-35,1,90,0,Fail,1,0,0,0,0,0,1,1,0,1,1,0,1,0,0,2
FFF,2014B,237370,1,East Midlands Region,A Level or Equivalent,20-Oct,0-35,0,90,0,Withdrawn,15,0,0,0,1,0,0,1,1,0,1,1,0,1,0,10
FFF,2014B,239345,0,South Region,HE Qualification,60-70%,35-55,0,60,0,Pass,16,1,1,0,1,1,0,1,0,1,0,0,1,1,0,10
FFF,2014B,242254,1,London Region,A Level or Equivalent,20-Oct,0-35,1,180,0,Fail,9,0,0,0,0,0,0,1,1,0,0,0,1,1,0,4
FFF,2014B,242998,0,South East Region,A Level or Equivalent,60-70%,35-55,0,60,0,Pass,7,1,0,0,0,1,0,0,0,0,0,0,1,1,1,3
FFF,2014B,244961,1,East Midlands Region,A Level or Equivalent,50-60%,0-35,0,60,0,Pass,2,0,0,0,1,0,0,0,1,0,1,0,1,1,0,2
FFF,2014B,247714,0,South Region,HE Qualification,20-30%,0-35,0,90,0,Withdrawn,5,0,1,0,1,0,0,1,0,0,0,1,1,1,1,9
FFF,2014B,247940,0,North Western Region,Lower Than A Level,30-40%,0-35,5,180,0,Fail,6,0,1,0,1,0,1,1,1,0,1,0,1,1,1,9
FFF,2014B,251375,0,Ireland,A Level or Equivalent,20-30%,0-35,1,120,0,Pass,1,0,0,1,0,0,1,1,1,0,1,1,0,0,0,2
FFF,2014B,255878,0,South Region,Lower Than A Level,80-90%,0-35,0,90,0,Pass,11,1,0,1,1,1,0,1,1,1,1,1,1,1,1,6
FFF,2014B,256740,1,Wales,HE Qualification,70-80%,35-55,0,120,0,Pass,3,0,0,1,0,0,0,1,0,0,1,0,1,0,0,8
FFF,2014B,257104,1,South Region,Lower Than A Level,50-60%,0-35,0,60,0,Withdrawn,9,0,1,1,0,1,0,1,1,1,0,0,1,1,1,4
FFF,2014B,258737,0,London Region,A Level or Equivalent,0-10%,35-55,0,90,0,Pass,10,1,0,0,1,1,1,1,0,1,1,1,0,0,1,1
FFF,2014B,260062,0,Scotland,HE Qualification,90-100%,0-35,1,150,0,Pass,1,1,1,0,0,0,1,1,0,1,1,0,1,0,0,2
FFF,2014B,261265,0,East Anglian Region,Lower Than A Level,70-80%,0-35,0,120,0,Pass,6,0,0,1,0,0,1,1,0,0,1,1,1,0,1,9
FFF,2014B,264298,0,Scotland,A Level or Equivalent,30-40%,0-35,0,60,0,Withdrawn,11,0,0,1,1,0,1,1,0,0,0,1,0,1,1,6
FFF,2014B,266536,0,South East Region,A Level or Equivalent,90-100%,35-55,0,60,0,Pass,16,0,1,1,0,0,1,1,1,1,0,1,1,1,0,10
FFF,2014B,268649,0,London Region,Lower Than A Level,60-70%,0-35,0,90,0,Withdrawn,4,1,1,1,0,0,1,1,0,1,1,0,0,0,0,8
FFF,2014B,268845,0,West Midlands Region,HE Qualification,40-50%,0-35,0,120,0,Withdrawn,8,0,1,1,1,0,1,1,0,0,1,0,1,1,0,3
FFF,2014B,269730,0,Scotland,A Level or Equivalent,90-100%,0-35,0,60,0,Pass,15,1,1,0,0,0,0,0,0,0,1,0,0,0,0,10
FFF,2014B,271702,0,West Midlands Region,Lower Than A Level,20-30%,0-35,1,120,0,Withdrawn,12,0,1,1,1,0,0,1,1,0,1,1,1,1,0,7
FFF,2014B,272701,0,East Anglian Region,Lower Than A Level,70-80%,0-35,2,60,0,Fail,11,0,1,0,0,0,1,0,0,0,1,0,0,1,0,6
FFF,2014B,276265,0,Scotland,A Level or Equivalent,80-90%,0-35,1,60,1,Withdrawn,3,0,0,1,1,0,0,1,1,1,1,1,1,0,1,8
FFF,2014B,277577,1,London Region,A Level or Equivalent,80-90%,35-55,2,120,0,Pass,9,1,1,1,0,1,1,0,1,0,1,1,1,0,1,4
FFF,2014B,278155,1,South Region,Lower Than A Level,90-100%,35-55,0,90,0,Distinction,9,1,0,1,1,1,0,1,1,0,1,1,1,0,0,4
FFF,2014B,279755,1,South West Region,A Level or Equivalent,20-30%,0-35,0,120,0,Pass,1,1,0,1,0,1,0,1,0,1,1,0,0,0,1,2
FFF,2014B,282806,0,North Region,Lower Than A Level,20-Oct,0-35,2,60,1,Fail,15,0,1,0,0,0,0,0,0,1,1,1,1,0,1,10
FFF,2014B,286484,0,North Western Region,A Level or Equivalent,20-30%,0-35,0,90,0,Withdrawn,15,1,0,1,1,1,0,0,1,1,1,0,1,1,1,10
FFF,2014B,289180,0,North Western Region,A Level or Equivalent,20-Oct,0-35,0,120,1,Withdrawn,8,1,0,0,1,0,1,1,0,1,1,1,0,0,0,3
FFF,2014B,293454,0,East Anglian Region,A Level or Equivalent,90-100%,0-35,0,60,0,Fail,1,1,0,0,0,1,1,1,0,1,1,0,1,0,0,2
FFF,2014B,295741,0,South East Region,A Level or Equivalent,40-50%,35-55,0,180,0,Pass,6,1,0,0,0,0,0,1,1,0,0,0,0,0,0,9
FFF,2014B,296904,0,East Anglian Region,Lower Than A Level,40-50%,0-35,0,60,0,Pass,11,1,0,0,0,1,1,1,0,0,1,0,0,1,1,6
FFF,2014B,297014,0,Ireland,HE Qualification,30-40%,35-55,0,60,0,Pass,5,1,0,1,0,1,1,1,0,1,0,0,1,1,0,9
FFF,2014B,301128,0,East Midlands Region,A Level or Equivalent,30-40%,0-35,1,180,0,Withdrawn,15,0,0,0,1,1,0,1,0,1,1,0,0,1,1,10
FFF,2014B,302363,0,Yorkshire Region,A Level or Equivalent,30-40%,0-35,0,60,0,Withdrawn,11,1,1,1,1,0,0,1,1,0,0,0,1,0,1,6
FFF,2014B,304500,0,Wales,HE Qualification,40-50%,0-35,0,60,0,Fail,8,1,1,1,0,1,0,0,0,0,0,1,1,0,1,3
FFF,2014B,305876,0,Scotland,HE Qualification,50-60%,0-35,0,120,1,Pass,16,0,1,1,1,0,0,0,1,0,0,1,0,1,0,10
FFF,2014B,305918,0,South Region,A Level or Equivalent,20-30%,0-35,0,60,0,Fail,8,0,1,0,1,0,0,1,0,1,1,1,0,0,0,3
FFF,2014B,313243,0,Wales,A Level or Equivalent,80-90%,0-35,0,75,0,Pass,5,0,0,1,1,1,0,1,0,0,1,0,1,1,0,9
FFF,2014B,313756,0,South Region,A Level or Equivalent,90-100%,35-55,0,60,0,Pass,7,1,1,0,0,1,1,0,0,0,0,0,0,1,1,3
FFF,2014B,315025,0,East Anglian Region,HE Qualification,90-100%,35-55,0,60,0,Pass,1,0,1,1,0,0,1,1,1,0,1,0,1,1,1,2
FFF,2014B,315850,0,Scotland,A Level or Equivalent,30-40%,35-55,0,60,1,Pass,15,0,1,0,1,1,1,0,1,0,1,1,1,1,0,10
FFF,2014B,316327,1,Scotland,Lower Than A Level,0-10%,0-35,1,90,0,Fail,7,0,1,0,1,0,1,1,1,1,0,0,0,1,0,3
FFF,2014B,316772,0,East Midlands Region,A Level or Equivalent,60-70%,0-35,1,180,0,Withdrawn,6,1,1,1,1,1,0,0,1,0,0,1,1,1,0,9
FFF,2014B,317394,1,South Region,A Level or Equivalent,,0-35,0,120,0,Distinction,16,1,1,0,1,1,1,0,1,0,0,0,1,1,0,10
FFF,2014B,318068,0,South West Region,A Level or Equivalent,30-40%,0-35,4,120,1,Pass,13,1,1,1,1,1,0,1,0,1,1,1,0,0,1,5
FFF,2014B,319042,0,London Region,A Level or Equivalent,20-Oct,35-55,3,180,0,Pass,8,1,0,0,1,0,1,0,0,0,0,0,1,1,1,3
FFF,2014B,321096,0,West Midlands Region,Lower Than A Level,20-30%,35-55,0,60,0,Pass,4,1,1,1,1,1,0,1,0,1,0,1,0,0,0,8
FFF,2014B,323688,0,East Anglian Region,Lower Than A Level,20-Oct,35-55,0,60,0,Withdrawn,10,0,0,1,0,1,1,0,0,0,1,1,1,0,1,1
FFF,2014B,324948,0,North Western Region,A Level or Equivalent,70-80%,0-35,0,60,0,Pass,15,1,0,1,0,0,1,1,0,1,1,1,0,1,1,10
FFF,2014B,325089,0,West Midlands Region,Lower Than A Level,0-10%,0-35,1,120,0,Pass,16,1,1,0,1,1,1,0,1,1,0,1,0,1,1,10
FFF,2014B,326995,0,London Region,A Level or Equivalent,20-30%,0-35,0,90,0,Withdrawn,13,0,1,0,0,1,0,0,0,1,0,1,1,0,1,5
FFF,2014B,327616,0,North Region,A Level or Equivalent,20-Oct,0-35,0,90,0,Pass,12,0,0,0,0,0,1,1,0,0,0,0,0,0,0,7
FFF,2014B,328797,0,Scotland,HE Qualification,70-80%,35-55,0,60,0,Withdrawn,14,1,0,0,1,0,1,0,1,0,0,1,1,0,0,5
FFF,2014B,329895,0,East Anglian Region,A Level or Equivalent,50-60%,35-55,2,60,0,Withdrawn,11,0,1,0,1,1,0,1,1,1,1,0,1,0,1,6
FFF,2014B,330669,1,Yorkshire Region,Lower Than A Level,60-70%,0-35,1,180,0,Withdrawn,3,0,1,0,0,0,0,0,1,0,1,1,0,0,1,8
FFF,2014B,331107,0,Scotland,Lower Than A Level,20-Oct,0-35,0,60,0,Fail,4,0,0,0,0,0,1,0,1,0,1,1,0,0,1,8
FFF,2014B,332237,0,South Region,HE Qualification,90-100%,0-35,0,60,0,Withdrawn,1,0,1,1,0,1,1,0,1,1,0,1,0,0,0,2
FFF,2014B,334224,0,North Western Region,Lower Than A Level,0-10%,0-35,1,150,1,Withdrawn,3,1,1,0,1,0,0,1,0,0,1,1,0,0,1,8
FFF,2014B,335996,0,East Anglian Region,A Level or Equivalent,40-50%,0-35,0,120,0,Withdrawn,8,1,1,1,0,0,1,1,1,0,1,1,1,0,1,3
FFF,2014B,336163,0,Yorkshire Region,No Formal quals,0-10%,0-35,1,120,0,Fail,11,0,0,1,0,1,0,0,0,0,1,0,0,0,0,6
FFF,2014B,337615,0,Wales,HE Qualification,0-10%,35-55,3,150,0,Fail,10,0,1,0,1,0,1,1,0,0,1,0,0,1,1,1
FFF,2014B,337940,0,Scotland,Lower Than A Level,40-50%,0-35,0,60,0,Withdrawn,4,1,1,1,1,1,1,0,1,0,1,1,1,1,1,8
FFF,2014B,338958,1,East Midlands Region,A Level or Equivalent,50-60%,0-35,0,60,0,Fail,15,0,1,1,1,1,1,1,1,1,0,1,0,0,0,10
FFF,2014B,339728,0,London Region,A Level or Equivalent,20-Oct,0-35,0,60,0,Pass,11,0,1,0,0,0,0,1,0,1,1,1,0,0,0,6
FFF,2014B,339824,0,East Anglian Region,A Level or Equivalent,80-90%,0-35,0,60,1,Distinction,13,1,0,1,1,1,0,0,0,1,1,0,0,0,0,5
FFF,2014B,339855,0,North Western Region,A Level or Equivalent,0-10%,0-35,0,60,0,Withdrawn,7,1,1,0,1,1,1,0,0,0,1,1,1,0,1,3
FFF,2014B,341044,0,South West Region,No Formal quals,20-30%,0-35,1,90,0,Fail,6,0,1,0,1,0,1,1,0,1,1,0,1,1,0,9
FFF,2014B,342089,0,North Region,HE Qualification,,35-55,0,90,0,Fail,9,1,1,1,1,1,0,1,1,1,0,0,0,0,1,4
FFF,2014B,342125,0,London Region,HE Qualification,20-Oct,35-55,1,60,0,Pass,16,0,0,1,1,0,1,0,1,1,1,0,0,0,1,10
FFF,2014B,342234,1,South Region,Post Graduate Qualification,90-100%,35-55,0,120,0,Pass,4,0,1,1,0,1,0,1,1,1,0,1,0,0,0,8
FFF,2014B,342303,0,Wales,Lower Than A Level,30-40%,0-35,1,60,0,Withdrawn,13,0,0,1,1,1,0,1,1,1,1,1,0,0,1,5
FFF,2014B,344409,0,East Anglian Region,A Level or Equivalent,80-90%,35-55,0,90,0,Pass,4,1,1,0,0,0,0,1,1,1,1,0,0,0,0,8
FFF,2014B,344451,0,Yorkshire Region,A Level or Equivalent,40-50%,0-35,1,60,0,Pass,3,1,1,0,1,1,1,1,1,0,1,1,1,0,1,8
FFF,2014B,345442,0,Ireland,Lower Than A Level,0-10%,0-35,0,60,0,Fail,6,1,1,1,1,1,1,0,0,0,0,0,1,1,1,9
FFF,2014B,345455,0,North Region,Lower Than A Level,,0-35,0,60,0,Fail,11,0,0,1,1,1,1,1,0,1,1,1,1,0,1,6
FFF,2014B,347257,0,North Western Region,Lower Than A Level,90-100%,0-35,0,120,0,Withdrawn,1,1,0,1,0,1,0,0,1,0,0,1,1,0,0,2
FFF,2014B,348378,0,Ireland,A Level or Equivalent,20-Oct,35-55,0,60,0,Fail,7,1,1,1,0,1,1,1,0,0,0,1,1,0,1,3
FFF,2014B,348855,0,Scotland,Post Graduate Qualification,20-30%,35-55,0,60,0,Pass,14,1,1,1,1,1,0,0,0,0,1,0,0,0,0,5
FFF,2014B,351181,1,East Anglian Region,HE Qualification,40-50%,35-55,0,60,0,Pass,11,1,1,1,0,0,0,1,0,0,1,0,1,1,0,6
FFF,2014B,353979,0,London Region,Lower Than A Level,20-30%,0-35,0,90,0,Fail,4,1,0,0,1,0,1,0,0,1,0,1,1,1,1,8
FFF,2014B,354552,0,West Midlands Region,A Level or Equivalent,40-50%,35-55,1,60,0,Withdrawn,7,1,1,0,1,1,0,0,0,0,1,0,1,1,0,3
FFF,2014B,354988,0,Wales,Lower Than A Level,20-Oct,0-35,0,90,0,Withdrawn,9,1,0,1,1,0,1,0,0,0,0,0,0,0,1,4
FFF,2014B,356371,0,North Western Region,HE Qualification,0-10%,0-35,0,60,0,Pass,15,0,1,1,1,1,0,0,1,1,1,0,1,1,0,10
FFF,2014B,356535,0,North Western Region,A Level or Equivalent,20-30%,35-55,2,120,0,Withdrawn,9,0,0,1,1,0,1,0,1,1,0,1,0,1,1,4
FFF,2014B,362661,0,North Western Region,A Level or Equivalent,30-40%,0-35,0,90,0,Pass,1,0,0,0,0,1,0,1,1,0,1,0,0,0,1,2
FFF,2014B,365860,0,East Midlands Region,A Level or Equivalent,60-70%,0-35,2,120,0,Pass,3,0,0,1,0,1,0,0,1,1,1,1,1,0,0,8
FFF,2014B,367510,0,London Region,A Level or Equivalent,20-30%,0-35,2,120,1,Withdrawn,7,0,0,0,0,1,1,1,0,0,1,1,1,0,0,3
FFF,2014B,367898,0,South East Region,A Level or Equivalent,30-40%,0-35,0,120,0,Pass,11,0,1,1,0,1,1,1,0,1,0,0,1,1,1,6
FFF,2014B,368675,0,South Region,Lower Than A Level,70-80%,35-55,0,60,0,Pass,6,1,0,0,0,0,1,0,0,1,0,0,0,1,1,9
FFF,2014B,371168,0,North Western Region,A Level or Equivalent,30-40%,0-35,0,60,0,Distinction,15,1,0,1,0,0,0,1,0,0,0,0,1,1,1,10
FFF,2014B,378809,0,North Region,Lower Than A Level,,0-35,0,60,0,Pass,7,0,1,0,0,1,0,1,0,0,0,1,1,0,0,3
FFF,2014B,379042,0,Wales,A Level or Equivalent,50-60%,0-35,2,60,0,Distinction,4,0,0,0,0,0,1,1,1,1,1,0,1,0,0,8
FFF,2014B,379107,1,South West Region,Lower Than A Level,20-30%,35-55,0,60,0,Fail,6,1,1,0,0,0,0,1,1,0,0,1,1,0,1,9
FFF,2014B,379769,0,Wales,A Level or Equivalent,30-40%,0-35,1,120,0,Fail,16,0,1,0,1,1,1,0,1,0,0,1,0,0,1,10
FFF,2014B,381365,0,North Western Region,Lower Than A Level,30-40%,0-35,3,120,0,Fail,7,1,1,0,0,0,1,1,0,0,0,1,1,1,0,3
FFF,2014B,382857,0,South West Region,Lower Than A Level,20-30%,0-35,2,180,0,Fail,2,0,1,1,0,1,1,1,1,0,1,0,0,1,0,2
FFF,2014B,383778,0,South Region,Lower Than A Level,30-40%,35-55,0,60,0,Fail,3,0,1,0,0,0,0,1,0,1,1,1,0,1,0,8
FFF,2014B,383921,0,North Western Region,A Level or Equivalent,50-60%,0-35,1,60,0,Fail,8,0,1,0,1,0,1,0,1,1,1,0,0,1,1,3
FFF,2014B,385547,0,North Western Region,Lower Than A Level,20-30%,0-35,1,180,0,Withdrawn,15,0,1,1,0,1,1,1,0,1,0,0,0,1,1,10
FFF,2014B,388697,0,South Region,A Level or Equivalent,60-70%,0-35,0,60,0,Pass,15,0,1,0,0,1,0,1,1,1,0,1,1,1,1,10
FFF,2014B,389759,0,South West Region,HE Qualification,70-80%,35-55,2,120,0,Fail,1,0,1,1,0,1,1,0,0,0,1,1,1,1,1,2
FFF,2014B,389773,1,East Midlands Region,A Level or Equivalent,20-Oct,0-35,2,120,1,Fail,7,0,0,1,1,0,0,1,1,0,1,0,0,0,1,3
FFF,2014B,391114,0,South East Region,A Level or Equivalent,30-40%,0-35,0,60,0,Pass,3,1,0,0,0,1,0,1,0,0,0,1,1,0,0,8
FFF,2014B,392207,0,South West Region,HE Qualification,60-70%,0-35,0,60,0,Fail,1,1,1,1,1,1,1,0,1,0,0,1,1,0,1,2
FFF,2014B,395188,1,Yorkshire Region,Lower Than A Level,50-60%,0-35,0,90,0,Fail,13,1,1,0,0,1,0,0,0,1,1,1,1,1,1,5
FFF,2014B,395758,0,North Region,HE Qualification,20-Oct,0-35,0,120,0,Withdrawn,12,1,0,0,0,0,1,0,0,0,1,0,0,1,1,7
FFF,2014B,395814,0,North Western Region,A Level or Equivalent,40-50%,0-35,1,120,0,Fail,15,0,0,0,1,1,0,0,1,0,0,0,0,0,0,10
FFF,2014B,398357,0,East Anglian Region,Lower Than A Level,0-10%,35-55,0,90,0,Withdrawn,16,1,0,1,1,0,1,0,1,1,0,0,0,1,1,10
FFF,2014B,398439,0,North Western Region,A Level or Equivalent,30-40%,0-35,0,210,0,Pass,8,0,1,1,1,0,0,1,0,1,0,1,0,0,0,3
FFF,2014B,399863,0,West Midlands Region,A Level or Equivalent,30-40%,0-35,1,270,0,Fail,10,1,1,0,1,1,1,1,0,0,0,0,1,1,0,1
FFF,2014B,400252,0,North Western Region,Lower Than A Level,0-10%,0-35,1,210,0,Pass,9,0,0,0,0,1,0,0,1,0,1,0,0,0,0,4
FFF,2014B,402200,0,London Region,A Level or Equivalent,20-30%,35-55,0,60,0,Withdrawn,15,1,0,1,0,0,1,1,0,1,1,0,1,0,1,10
FFF,2014B,402449,0,East Anglian Region,A Level or Equivalent,90-100%,0-35,0,120,0,Fail,16,1,1,0,0,0,0,1,0,1,1,0,1,0,0,10
FFF,2014B,402502,0,West Midlands Region,A Level or Equivalent,70-80%,0-35,0,60,0,Distinction,2,0,0,1,1,1,1,1,0,1,1,0,1,1,0,2
FFF,2014B,402806,1,North Western Region,A Level or Equivalent,0-10%,0-35,0,270,0,Pass,15,0,1,0,0,0,1,1,1,1,0,0,1,1,1,10
FFF,2014B,404170,1,London Region,A Level or Equivalent,20-Oct,0-35,1,60,0,Pass,9,1,0,1,1,1,1,1,0,1,1,0,1,0,1,4
FFF,2014B,405192,1,East Midlands Region,A Level or Equivalent,60-70%,0-35,1,90,0,Pass,3,1,1,0,1,0,1,1,1,1,0,1,1,0,1,8
FFF,2014B,405775,0,Yorkshire Region,A Level or Equivalent,40-50%,0-35,0,60,1,Pass,10,1,1,0,1,0,0,0,0,1,0,0,1,1,0,1
FFF,2014B,405963,0,London Region,A Level or Equivalent,20-30%,0-35,1,60,0,Withdrawn,10,1,0,1,0,0,0,0,1,0,0,1,0,1,1,1
FFF,2014B,406116,1,North Western Region,Lower Than A Level,20-30%,0-35,0,120,0,Withdrawn,7,0,1,1,1,1,0,1,0,1,0,0,1,0,1,3
FFF,2014B,407500,0,East Anglian Region,A Level or Equivalent,80-90%,0-35,1,60,0,Pass,13,0,0,1,0,0,1,1,0,0,1,1,1,1,1,5
FFF,2014B,408105,0,West Midlands Region,A Level or Equivalent,20-Oct,35-55,1,60,0,Fail,10,1,0,1,0,0,0,0,0,1,1,1,0,1,0,1
FFF,2014B,408353,0,South East Region,A Level or Equivalent,20-Oct,0-35,0,60,0,Pass,14,1,0,1,1,0,1,1,1,1,1,1,1,0,0,5
FFF,2014B,409651,0,South West Region,A Level or Equivalent,80-90%,0-35,0,120,0,Pass,7,0,1,1,0,0,0,0,0,1,0,1,1,0,1,3
FFF,2014B,409949,0,East Midlands Region,A Level or Equivalent,80-90%,0-35,0,90,0,Fail,2,1,1,1,0,0,1,1,0,0,0,0,1,0,0,2
FFF,2014B,410199,0,South West Region,A Level or Equivalent,60-70%,35-55,0,120,0,Pass,12,1,1,1,0,0,0,1,1,1,1,1,1,0,0,7
FFF,2014B,410666,0,West Midlands Region,A Level or Equivalent,20-30%,0-35,3,120,0,Fail,3,0,1,1,1,1,1,1,0,0,1,1,1,0,0,8
FFF,2014B,411939,0,South Region,A Level or Equivalent,40-50%,35-55,2,150,0,Fail,7,1,1,0,1,0,1,0,1,0,0,1,1,0,0,3
FFF,2014B,412387,1,South East Region,A Level or Equivalent,20-Oct,0-35,0,60,1,Withdrawn,11,0,0,0,1,1,0,1,0,1,0,1,0,1,0,6
FFF,2014B,412695,0,West Midlands Region,A Level or Equivalent,20-Oct,0-35,0,60,0,Pass,4,1,0,0,1,0,1,0,0,1,1,0,0,1,1,8
FFF,2014B,413200,0,South East Region,HE Qualification,20-Oct,0-35,0,60,0,Pass,5,0,1,1,0,0,1,1,0,0,1,1,1,1,0,9
FFF,2014B,414258,1,Scotland,A Level or Equivalent,20-Oct,0-35,1,90,0,Pass,9,0,0,0,0,1,0,0,0,1,1,1,1,0,1,4
FFF,2014B,416302,0,East Anglian Region,A Level or Equivalent,90-100%,0-35,0,60,1,Pass,9,0,0,0,1,1,0,1,0,1,1,1,0,0,0,4
FFF,2014B,417184,0,South Region,A Level or Equivalent,20-Oct,35-55,0,60,0,Pass,10,0,1,1,0,1,1,0,0,1,0,1,1,0,1,1
FFF,2014B,417805,0,Wales,HE Qualification,20-30%,35-55,1,120,0,Fail,13,0,0,1,0,1,1,0,0,0,0,0,1,0,1,5
FFF,2014B,418218,0,London Region,Lower Than A Level,0-10%,0-35,0,60,0,Pass,9,1,1,1,1,1,1,1,0,0,0,1,1,1,1,4
FFF,2014B,419284,0,South West Region,HE Qualification,50-60%,0-35,0,90,0,Pass,3,0,1,1,1,1,1,0,1,1,0,0,1,0,1,8
FFF,2014B,420042,1,Yorkshire Region,HE Qualification,40-50%,35-55,0,150,0,Pass,10,0,0,0,0,0,0,0,1,1,1,0,0,1,1,1
FFF,2014B,421179,0,West Midlands Region,Lower Than A Level,20-30%,0-35,0,60,1,Fail,12,1,1,1,0,1,0,1,1,1,1,0,1,0,0,7
FFF,2014B,421989,0,East Midlands Region,A Level or Equivalent,60-70%,0-35,1,90,0,Withdrawn,8,0,1,0,0,0,1,1,1,1,1,1,1,0,1,3
FFF,2014B,422250,0,Yorkshire Region,A Level or Equivalent,80-90%,0-35,3,180,0,Fail,5,0,1,0,1,1,0,1,1,0,1,1,0,0,1,9
FFF,2014B,422530,0,Scotland,A Level or Equivalent,20-30%,0-35,0,150,0,Pass,15,1,1,1,1,0,1,1,1,1,0,0,0,0,0,10
FFF,2014B,422626,1,South West Region,A Level or Equivalent,30-40%,35-55,0,180,0,Pass,9,1,0,0,1,0,1,1,1,1,0,1,0,1,0,4
FFF,2014B,422697,0,East Anglian Region,A Level or Equivalent,20-30%,35-55,0,60,0,Distinction,13,1,1,0,0,1,0,1,1,1,0,0,0,1,1,5
FFF,2014B,423648,0,Ireland,Lower Than A Level,50-60%,0-35,1,90,0,Fail,9,1,0,0,1,1,1,0,1,0,0,1,1,0,1,4
FFF,2014B,425332,0,South East Region,A Level or Equivalent,20-30%,35-55,1,60,1,Fail,15,1,0,1,1,0,0,0,0,0,0,1,0,0,1,10
FFF,2014B,426782,1,London Region,Lower Than A Level,50-60%,0-35,0,90,0,Withdrawn,15,1,1,0,0,1,1,0,1,1,0,1,1,1,0,10
FFF,2014B,427276,1,South Region,A Level or Equivalent,90-100%,35-55,0,120,0,Withdrawn,10,1,0,0,0,1,1,0,0,1,1,0,0,1,1,1
FFF,2014B,427485,0,South West Region,Lower Than A Level,30-40%,0-35,1,120,0,Withdrawn,4,1,0,0,0,0,1,1,0,1,0,1,1,1,1,8
FFF,2014B,428068,0,Wales,Lower Than A Level,40-50%,0-35,1,90,0,Fail,7,1,0,0,1,0,1,0,1,1,1,0,0,0,0,3
FFF,2014B,429015,0,Ireland,A Level or Equivalent,30-40%,0-35,0,60,0,Pass,5,1,0,1,0,0,0,1,0,0,1,0,0,0,1,9
FFF,2014B,430516,0,East Midlands Region,Lower Than A Level,20-Oct,35-55,0,60,0,Fail,15,1,1,1,1,0,0,0,1,1,1,0,1,0,1,10
FFF,2014B,430625,0,South East Region,Lower Than A Level,50-60%,0-35,2,180,0,Withdrawn,1,1,0,1,0,1,1,1,0,0,1,0,0,0,1,2
FFF,2014B,431987,0,North Western Region,A Level or Equivalent,30-40%,0-35,1,120,0,Distinction,11,1,1,1,1,1,1,0,1,1,1,1,1,1,0,6
FFF,2014B,435446,0,Yorkshire Region,A Level or Equivalent,60-70%,0-35,0,90,0,Pass,4,0,0,1,0,0,1,1,1,0,0,0,1,1,1,8
FFF,2014B,436481,0,South East Region,HE Qualification,50-60%,35-55,0,60,0,Pass,5,1,1,1,0,0,0,1,1,0,0,1,0,1,0,9
FFF,2014B,436590,1,Scotland,A Level or Equivalent,0-10%,0-35,0,75,0,Pass,15,1,1,1,1,0,0,0,0,1,0,1,1,1,1,10
FFF,2014B,437303,0,North Western Region,A Level or Equivalent,80-90%,0-35,2,60,0,Withdrawn,4,1,1,0,1,0,0,0,0,1,1,0,1,0,1,8
FFF,2014B,437529,0,South Region,A Level or Equivalent,80-90%,35-55,0,60,0,Withdrawn,11,0,1,0,0,0,1,0,1,0,1,0,0,0,1,6
FFF,2014B,438796,0,South Region,Post Graduate Qualification,90-100%,35-55,0,120,0,Pass,1,1,1,1,1,1,0,1,1,1,1,0,0,1,1,2
FFF,2014B,439433,0,London Region,A Level or Equivalent,20-30%,0-35,0,120,0,Pass,2,1,0,1,0,0,1,0,1,0,0,1,0,0,0,2
FFF,2014B,439633,0,East Midlands Region,A Level or Equivalent,70-80%,0-35,1,60,0,Pass,6,0,0,0,1,1,1,1,1,0,0,1,1,1,0,9
FFF,2014B,439896,0,South Region,Lower Than A Level,70-80%,0-35,1,90,0,Withdrawn,5,0,0,1,1,0,1,0,0,0,1,0,1,1,1,9
FFF,2014B,440559,0,South West Region,HE Qualification,30-40%,35-55,0,120,0,Pass,7,0,0,1,0,1,0,1,0,0,1,0,1,1,1,3
FFF,2014B,441073,1,West Midlands Region,Lower Than A Level,0-10%,0-35,0,120,0,Fail,5,0,0,1,0,0,0,0,1,0,1,0,1,0,0,9
FFF,2014B,442753,0,North Western Region,A Level or Equivalent,0-10%,0-35,2,210,0,Withdrawn,11,0,1,1,1,0,1,1,0,0,1,0,1,0,1,6
FFF,2014B,442819,0,North Western Region,A Level or Equivalent,0-10%,0-35,0,60,0,Withdrawn,14,0,1,0,1,1,1,1,1,0,1,1,0,0,0,5
FFF,2014B,443007,0,North Western Region,A Level or Equivalent,20-Oct,0-35,0,60,0,Pass,5,0,0,1,0,1,0,1,0,0,1,0,0,0,0,9
FFF,2014B,444574,0,South East Region,A Level or Equivalent,30-40%,35-55,0,60,0,Fail,4,1,0,1,0,1,0,1,0,0,1,0,1,0,0,8
FFF,2014B,444718,0,South West Region,A Level or Equivalent,30-40%,0-35,0,60,0,Fail,5,0,0,0,0,1,0,0,0,0,1,1,0,1,1,9
FFF,2014B,445605,0,London Region,No Formal quals,20-30%,0-35,0,60,0,Withdrawn,2,1,0,0,1,0,1,1,1,0,0,0,1,0,0,2
FFF,2014B,445818,1,East Anglian Region,Lower Than A Level,70-80%,35-55,0,60,1,Fail,6,1,1,0,1,0,1,1,0,1,1,1,0,1,0,9
FFF,2014B,445947,0,Scotland,Lower Than A Level,70-80%,0-35,0,120,0,Fail,4,1,1,1,1,0,0,0,0,1,1,0,1,0,1,8
FFF,2014B,447036,0,East Anglian Region,Lower Than A Level,80-90%,0-35,3,150,0,Withdrawn,2,1,1,1,1,0,1,0,0,1,1,1,1,1,1,2
FFF,2014B,465175,0,Scotland,Lower Than A Level,60-70%,0-35,2,60,0,Pass,9,0,1,0,0,0,1,1,1,0,1,1,1,1,1,4
FFF,2014B,465421,0,West Midlands Region,HE Qualification,50-60%,0-35,0,60,0,Pass,7,0,0,0,1,1,1,1,0,0,1,1,0,1,0,3
FFF,2014B,466347,0,Ireland,A Level or Equivalent,0-10%,0-35,2,60,0,Fail,10,1,0,0,1,0,1,0,1,0,0,0,1,1,0,1
FFF,2014B,466576,0,Scotland,Post Graduate Qualification,50-60%,0-35,0,75,0,Fail,12,1,0,0,1,0,1,1,0,0,0,0,0,1,1,7
FFF,2014B,467582,0,South Region,A Level or Equivalent,90-100%,0-35,1,210,0,Pass,12,0,1,0,0,1,0,1,1,0,1,0,1,0,0,7
FFF,2014B,468730,0,East Midlands Region,A Level or Equivalent,20-Oct,0-35,1,60,1,Fail,1,1,1,0,0,0,0,1,1,1,0,1,1,1,0,2
FFF,2014B,469977,0,Wales,Lower Than A Level,20-Oct,35-55,0,60,0,Pass,6,1,0,0,1,1,1,1,0,0,0,1,0,0,1,9
FFF,2014B,470619,1,Scotland,A Level or Equivalent,30-40%,0-35,0,120,0,Pass,13,0,1,0,0,0,0,0,1,0,1,1,0,1,0,5
FFF,2014B,472120,0,North Region,A Level or Equivalent,20-Oct,0-35,2,60,0,Pass,13,1,1,1,0,1,1,0,0,0,1,1,0,0,0,5
FFF,2014B,472341,0,Scotland,A Level or Equivalent,90-100%,0-35,0,60,1,Fail,3,0,1,0,1,0,1,0,1,0,1,1,0,1,1,8
FFF,2014B,472810,0,East Anglian Region,Lower Than A Level,70-80%,0-35,1,60,0,Fail,12,1,0,0,1,1,1,0,1,0,0,1,0,0,0,7
FFF,2014B,474677,0,London Region,Lower Than A Level,20-30%,0-35,1,60,0,Fail,12,0,1,1,1,0,1,1,1,0,0,1,0,1,0,7
FFF,2014B,475811,0,London Region,Lower Than A Level,60-70%,0-35,1,60,0,Pass,9,1,1,1,0,1,0,0,0,1,1,1,0,0,1,4
FFF,2014B,476912,0,Ireland,A Level or Equivalent,30-40%,0-35,1,60,0,Fail,1,1,0,1,1,0,1,1,0,0,1,1,1,0,0,2
FFF,2014B,477069,0,East Midlands Region,Lower Than A Level,30-40%,0-35,1,120,1,Fail,14,1,1,1,0,0,0,1,0,1,1,1,0,0,1,5
FFF,2014B,477588,0,South Region,A Level or Equivalent,40-50%,0-35,0,90,0,Pass,9,1,1,1,1,0,0,0,0,0,0,0,1,1,1,4
FFF,2014B,477812,0,Scotland,Lower Than A Level,70-80%,0-35,2,120,1,Distinction,3,1,1,0,0,1,1,1,0,1,1,0,0,1,1,8
FFF,2014B,477833,0,London Region,Lower Than A Level,50-60%,35-55,0,60,1,Withdrawn,16,1,1,1,1,1,0,0,1,0,0,0,0,1,0,10
FFF,2014B,478073,1,South Region,A Level or Equivalent,70-80%,0-35,0,150,1,Pass,9,0,0,1,0,0,1,1,1,0,0,0,0,1,1,4
FFF,2014B,479061,0,South Region,A Level or Equivalent,60-70%,0-35,0,60,0,Distinction,5,0,1,1,0,0,0,0,0,1,1,0,0,0,0,9
FFF,2014B,480531,0,East Midlands Region,A Level or Equivalent,50-60%,0-35,0,60,0,Withdrawn,9,0,1,0,1,0,1,0,0,1,0,0,1,1,1,4
FFF,2014B,481210,1,South Region,Lower Than A Level,90-100%,0-35,0,60,0,Fail,12,1,1,1,0,1,0,1,0,1,1,0,0,0,0,7
FFF,2014B,482445,0,Scotland,HE Qualification,30-40%,0-35,1,120,0,Fail,4,0,1,0,0,0,1,0,0,0,1,0,1,1,0,8
FFF,2014B,482843,1,Ireland,Lower Than A Level,,35-55,0,60,0,Pass,5,0,0,1,0,0,0,0,1,1,0,0,1,0,1,9
FFF,2014B,483195,0,North Region,Lower Than A Level,60-70%,0-35,1,120,0,Withdrawn,16,1,0,1,1,0,0,1,0,1,1,1,0,0,0,10
FFF,2014B,483389,1,North Region,Lower Than A Level,,35-55,0,60,0,Pass,3,1,0,1,1,1,0,0,1,1,1,0,1,0,0,8
FFF,2014B,483975,0,North Region,Lower Than A Level,,0-35,1,120,0,Pass,5,1,0,0,0,1,1,1,1,0,0,1,1,1,0,9
FFF,2014B,484075,0,Wales,A Level or Equivalent,20-Oct,0-35,1,90,0,Pass,12,0,1,0,1,1,1,0,1,1,0,1,0,1,1,7
FFF,2014B,484223,1,Ireland,Lower Than A Level,90-100%,0-35,0,60,0,Pass,11,1,0,0,0,0,1,1,1,0,1,1,1,0,0,6
FFF,2014B,484292,0,South Region,Lower Than A Level,90-100%,0-35,2,120,0,Withdrawn,12,1,0,0,0,0,0,0,0,0,0,0,1,0,0,7
FFF,2014B,484675,0,North Western Region,Lower Than A Level,0-10%,35-55,2,120,1,Withdrawn,12,0,1,0,0,1,1,1,0,1,1,1,1,1,0,7
FFF,2014B,485312,0,Scotland,HE Qualification,80-90%,0-35,0,90,0,Pass,1,0,0,1,0,0,1,1,1,0,1,1,0,1,0,2
FFF,2014B,485780,1,North Region,HE Qualification,,0-35,0,90,0,Pass,11,1,0,1,0,1,1,0,1,1,1,1,1,0,0,6
FFF,2014B,487168,1,East Midlands Region,A Level or Equivalent,0-10%,0-35,1,150,0,Fail,12,1,1,0,0,0,1,1,0,0,1,0,0,0,0,7
FFF,2014B,487314,0,Wales,HE Qualification,70-80%,0-35,0,60,0,Distinction,3,0,1,0,0,0,0,1,0,1,1,1,0,1,0,8
FFF,2014B,488386,1,London Region,HE Qualification,20-30%,0-35,1,60,1,Fail,1,0,1,1,0,1,0,0,0,1,1,1,1,1,1,2
FFF,2014B,488524,0,East Midlands Region,HE Qualification,40-50%,0-35,0,60,0,Pass,5,1,0,1,0,1,1,0,1,1,0,1,0,0,1,9
FFF,2014B,488758,0,North Region,A Level or Equivalent,30-40%,0-35,1,60,0,Fail,9,1,1,0,1,0,1,0,1,0,0,1,0,1,0,4
FFF,2014B,489137,0,East Midlands Region,Post Graduate Qualification,60-70%,35-55,0,60,0,Pass,4,1,0,1,1,1,0,0,0,0,0,1,1,0,0,8
FFF,2014B,490154,0,North Western Region,Lower Than A Level,0-10%,0-35,2,60,0,Fail,3,1,1,1,1,0,1,0,0,1,1,0,1,0,1,8
FFF,2014B,491011,0,South East Region,A Level or Equivalent,30-40%,0-35,2,120,1,Pass,12,0,0,0,0,0,1,0,1,0,1,1,0,1,0,7
FFF,2014B,491486,0,Ireland,Lower Than A Level,20-Oct,0-35,0,60,0,Withdrawn,8,0,1,1,0,0,0,0,0,1,1,1,0,0,1,3
FFF,2014B,491548,0,South East Region,A Level or Equivalent,50-60%,0-35,1,60,0,Fail,10,1,1,0,1,1,1,0,1,0,0,1,0,0,1,1
FFF,2014B,492088,0,North Western Region,Lower Than A Level,0-10%,35-55,0,120,0,Pass,6,1,1,0,0,0,0,1,1,0,1,1,1,1,0,9
FFF,2014B,493760,1,South Region,A Level or Equivalent,90-100%,0-35,0,120,0,Distinction,10,1,1,0,1,1,0,1,1,0,0,1,1,0,1,1
FFF,2014B,494433,0,South West Region,A Level or Equivalent,60-70%,0-35,0,60,0,Pass,13,0,0,1,0,1,0,0,1,1,1,0,0,1,0,5
FFF,2014B,494495,0,East Midlands Region,A Level or Equivalent,50-60%,0-35,1,180,0,Withdrawn,5,1,0,1,0,0,1,0,0,1,0,0,0,1,0,9
FFF,2014B,494818,1,London Region,A Level or Equivalent,80-90%,0-35,0,120,0,Pass,3,1,0,0,0,0,0,0,1,1,1,1,0,1,1,8
FFF,2014B,495580,1,Wales,A Level or Equivalent,20-Oct,0-35,0,90,0,Fail,14,0,1,1,0,1,0,1,1,1,0,0,0,1,1,5
FFF,2014B,495618,0,South Region,Lower Than A Level,80-90%,0-35,0,90,0,Withdrawn,3,1,0,0,0,0,0,0,0,0,0,0,1,1,0,8
FFF,2014B,496590,0,South West Region,Lower Than A Level,20-30%,0-35,1,120,0,Fail,9,0,1,0,0,0,0,0,1,1,0,0,0,0,1,4
FFF,2014B,498006,0,South Region,A Level or Equivalent,90-100%,0-35,0,60,0,Pass,10,1,0,0,1,0,1,1,1,1,0,1,0,0,0,1
FFF,2014B,498266,0,North Western Region,A Level or Equivalent,30-40%,0-35,0,120,0,Distinction,9,0,1,0,0,1,1,0,0,1,0,1,1,0,0,4
FFF,2014B,498636,0,South Region,Lower Than A Level,20-30%,0-35,2,120,1,Fail,8,1,0,1,0,0,1,0,1,1,0,0,0,1,1,3
FFF,2014B,498828,0,East Anglian Region,A Level or Equivalent,20-30%,0-35,0,60,0,Fail,9,0,0,1,0,0,0,0,1,0,1,0,0,0,0,4
FFF,2014B,499244,0,South Region,Lower Than A Level,70-80%,0-35,2,90,0,Withdrawn,7,0,1,0,0,1,1,1,0,1,0,0,1,1,0,3
FFF,2014B,499404,1,North Western Region,A Level or Equivalent,30-40%,0-35,1,150,0,Withdrawn,1,1,0,1,0,0,1,0,0,1,0,0,1,1,1,2
FFF,2014B,499813,0,North Region,A Level or Equivalent,,0-35,0,120,0,Distinction,9,1,1,1,0,0,1,0,0,0,0,1,0,0,0,4
FFF,2014B,501302,1,Scotland,HE Qualification,40-50%,0-35,1,60,0,Fail,10,1,0,0,1,1,1,1,0,0,0,1,0,0,1,1
FFF,2014B,501421,0,West Midlands Region,Lower Than A Level,70-80%,35-55,0,60,0,Fail,9,0,0,1,1,1,0,0,0,1,1,1,0,1,1,4
FFF,2014B,502150,0,Yorkshire Region,A Level or Equivalent,30-40%,0-35,1,60,0,Withdrawn,14,0,1,1,0,0,1,1,1,0,0,1,1,0,1,5
FFF,2014B,502501,0,North Western Region,Lower Than A Level,70-80%,0-35,0,90,0,Fail,6,0,0,1,0,1,1,1,0,1,1,1,1,1,0,9
FFF,2014B,502993,1,Yorkshire Region,A Level or Equivalent,20-Oct,0-35,0,60,0,Pass,10,0,1,1,0,0,1,0,0,1,1,1,1,0,1,1
FFF,2014B,503024,1,London Region,Lower Than A Level,50-60%,0-35,0,60,0,Withdrawn,1,0,1,0,1,1,1,1,1,0,0,1,0,0,1,2
FFF,2014B,503154,0,Wales,A Level or Equivalent,80-90%,0-35,2,120,0,Pass,4,1,0,0,1,1,0,0,1,1,0,1,1,0,1,8
FFF,2014B,503183,0,East Anglian Region,A Level or Equivalent,70-80%,0-35,0,60,0,Pass,11,1,1,1,1,0,0,1,1,0,1,1,0,1,1,6
FFF,2014B,504583,0,South Region,Lower Than A Level,40-50%,0-35,0,120,0,Withdrawn,16,1,0,0,1,1,0,1,0,1,0,1,1,1,1,10
FFF,2014B,504700,0,South West Region,A Level or Equivalent,20-30%,0-35,1,120,0,Withdrawn,13,1,0,0,0,1,0,0,1,0,1,0,1,1,0,5
FFF,2014B,505017,0,North Western Region,A Level or Equivalent,0-10%,0-35,1,60,0,Pass,1,1,0,0,1,1,1,0,0,0,0,1,0,0,0,2
FFF,2014B,505131,0,East Midlands Region,Lower Than A Level,80-90%,0-35,0,60,0,Withdrawn,10,1,0,0,1,1,1,0,0,1,1,0,1,0,1,1
FFF,2014B,505826,0,North Region,A Level or Equivalent,20-30%,0-35,2,60,0,Withdrawn,3,1,0,1,0,0,1,1,1,0,0,1,1,1,1,8
FFF,2014B,505900,0,London Region,HE Qualification,20-Oct,0-35,1,60,0,Withdrawn,10,1,1,0,1,1,1,0,0,1,0,0,1,0,0,1
FFF,2014B,506038,1,West Midlands Region,Lower Than A Level,40-50%,0-35,0,60,0,Distinction,13,0,1,1,1,0,1,1,1,1,0,1,1,1,0,5
FFF,2014B,506674,1,Wales,Lower Than A Level,30-40%,0-35,0,300,0,Fail,7,1,1,0,0,1,1,0,0,0,0,1,0,1,1,3
FFF,2014B,507577,0,North Western Region,A Level or Equivalent,40-50%,35-55,0,120,0,Withdrawn,2,0,0,0,0,1,0,1,1,0,1,1,1,0,1,2
FFF,2014B,509292,0,West Midlands Region,Lower Than A Level,20-30%,35-55,0,90,1,Withdrawn,11,0,0,0,0,0,0,0,1,1,1,1,1,0,0,6
FFF,2014B,509407,0,Ireland,Lower Than A Level,60-70%,0-35,2,180,0,Fail,9,1,0,1,1,0,0,1,0,0,1,1,0,0,1,4
FFF,2014B,509866,0,South Region,A Level or Equivalent,20-30%,0-35,0,60,0,Fail,15,0,1,1,1,1,1,0,1,0,0,1,0,0,0,10
FFF,2014B,510142,1,North Region,Lower Than A Level,,0-35,1,150,1,Fail,15,1,0,0,0,0,0,1,1,1,1,1,1,0,1,10
FFF,2014B,510420,0,North Western Region,Lower Than A Level,0-10%,0-35,0,60,0,Pass,5,0,1,0,1,1,1,1,1,1,0,0,1,1,0,9
FFF,2014B,510693,0,Yorkshire Region,A Level or Equivalent,30-40%,0-35,1,60,0,Fail,8,1,1,1,0,0,1,1,1,1,1,0,0,0,1,3
FFF,2014B,511350,0,Yorkshire Region,Lower Than A Level,20-30%,0-35,0,60,1,Withdrawn,16,1,1,1,0,0,0,1,0,1,0,0,1,0,0,10
FFF,2014B,511912,0,South East Region,A Level or Equivalent,20-30%,0-35,0,90,0,Distinction,1,1,0,0,0,1,0,0,0,1,0,1,0,0,1,2
FFF,2014B,512236,0,North Region,HE Qualification,,0-35,0,120,0,Fail,2,0,1,0,1,1,0,1,1,1,1,1,1,1,0,2
FFF,2014B,513701,0,North Western Region,A Level or Equivalent,0-10%,0-35,1,90,0,Pass,12,0,0,0,1,0,1,1,0,1,1,1,1,1,0,7
FFF,2014B,513796,0,East Anglian Region,Lower Than A Level,20-30%,0-35,1,120,0,Withdrawn,1,1,0,0,1,0,1,1,0,1,0,1,1,1,1,2
FFF,2014B,515965,0,London Region,HE Qualification,30-40%,35-55,1,120,0,Fail,1,0,0,0,1,0,0,1,1,0,1,1,0,0,0,2
FFF,2014B,516634,1,Scotland,HE Qualification,30-40%,0-35,0,60,0,Pass,13,0,1,0,0,1,0,1,0,1,1,0,1,1,1,5
FFF,2014B,516770,0,West Midlands Region,Lower Than A Level,0-10%,35-55,2,120,0,Pass,14,0,0,0,0,0,1,1,0,0,0,1,0,1,0,5
FFF,2014B,516894,0,North Western Region,A Level or Equivalent,30-40%,0-35,1,90,0,Fail,13,0,0,1,0,1,0,0,1,1,0,1,1,0,1,5
FFF,2014B,517274,0,North Western Region,Lower Than A Level,70-80%,0-35,0,90,0,Pass,1,1,1,0,1,0,0,1,1,0,1,0,1,0,0,2
FFF,2014B,517277,1,Wales,A Level or Equivalent,40-50%,0-35,0,60,1,Pass,2,1,0,1,1,0,1,1,1,1,1,1,1,0,1,2
FFF,2014B,518210,0,South West Region,A Level or Equivalent,70-80%,0-35,0,60,1,Pass,5,0,0,1,0,0,0,1,0,1,0,1,1,0,0,9
FFF,2014B,518359,0,Ireland,Post Graduate Qualification,,35-55,0,60,0,Distinction,5,0,0,1,1,1,1,1,0,0,0,1,1,0,1,9
FFF,2014B,521032,0,East Anglian Region,Lower Than A Level,30-40%,0-35,0,90,0,Withdrawn,12,0,1,0,0,1,0,0,1,0,1,1,1,0,1,7
FFF,2014B,521073,1,North Western Region,Lower Than A Level,70-80%,0-35,2,120,0,Withdrawn,13,1,1,0,1,1,1,1,0,1,1,0,1,0,1,5
FFF,2014B,521377,0,Ireland,A Level or Equivalent,90-100%,0-35,1,60,0,Fail,15,0,1,1,1,0,1,0,0,1,0,0,0,0,0,10
FFF,2014B,524296,0,East Midlands Region,Lower Than A Level,80-90%,0-35,0,60,0,Fail,16,1,1,0,0,1,0,1,0,0,0,0,1,0,0,10
FFF,2014B,524379,1,London Region,Lower Than A Level,80-90%,0-35,1,210,0,Withdrawn,10,0,0,1,0,1,1,0,0,0,1,0,1,0,0,1
FFF,2014B,525874,0,North Western Region,Lower Than A Level,20-Oct,0-35,1,180,0,Fail,4,0,0,1,1,0,0,0,1,0,0,0,0,0,1,8
FFF,2014B,526303,0,Ireland,HE Qualification,,0-35,3,120,0,Pass,14,1,0,1,0,1,0,1,1,1,1,1,1,0,1,5
FFF,2014B,526821,0,North Western Region,A Level or Equivalent,70-80%,0-35,0,120,0,Pass,4,1,1,0,0,0,0,1,1,1,1,1,0,1,1,8
FFF,2014B,527744,1,Wales,A Level or Equivalent,20-Oct,0-35,2,120,0,Withdrawn,14,0,0,1,0,0,0,1,1,0,0,1,0,0,0,5
FFF,2014B,528538,1,South East Region,Lower Than A Level,20-Oct,0-35,0,120,0,Withdrawn,13,0,1,1,1,0,0,1,0,0,1,1,1,1,0,5
FFF,2014B,528713,0,London Region,Lower Than A Level,0-10%,0-35,1,60,0,Fail,13,0,1,1,0,0,1,0,0,0,1,1,0,0,0,5
FFF,2014B,529390,0,South West Region,Lower Than A Level,90-100%,0-35,1,60,0,Withdrawn,3,0,1,1,0,1,1,1,0,1,0,0,1,1,0,8
FFF,2014B,529458,0,Ireland,Lower Than A Level,,35-55,1,60,0,Withdrawn,16,0,0,1,0,1,1,1,1,0,1,0,1,0,0,10
FFF,2014B,530196,1,East Midlands Region,Lower Than A Level,20-Oct,0-35,0,60,0,Withdrawn,11,0,0,1,1,0,1,1,1,1,0,1,0,1,1,6
FFF,2014B,532062,0,East Anglian Region,Lower Than A Level,40-50%,0-35,3,120,0,Withdrawn,14,0,0,0,0,0,1,1,1,0,1,0,0,1,0,5
FFF,2014B,532413,0,South East Region,Lower Than A Level,20-30%,0-35,0,60,0,Pass,3,0,0,0,1,1,0,1,1,0,1,0,0,1,0,8
FFF,2014B,532575,0,West Midlands Region,Lower Than A Level,40-50%,0-35,1,120,0,Fail,5,0,0,0,0,0,0,0,0,0,0,1,0,0,1,9
FFF,2014B,533140,0,East Anglian Region,Lower Than A Level,90-100%,0-35,0,60,0,Withdrawn,7,1,0,1,1,0,0,0,1,0,0,1,0,0,1,3
FFF,2014B,533141,0,Wales,A Level or Equivalent,0-10%,0-35,0,60,0,Fail,8,0,0,1,0,0,1,0,0,1,0,0,1,0,1,3
FFF,2014B,533198,1,East Anglian Region,Lower Than A Level,60-70%,35-55,2,120,1,Withdrawn,12,0,1,1,1,1,0,1,0,1,0,1,0,0,1,7
FFF,2014B,533217,0,South Region,A Level or Equivalent,50-60%,0-35,1,120,0,Pass,8,0,1,1,0,1,1,0,1,0,0,0,0,1,1,3
FFF,2014B,534318,1,Yorkshire Region,Lower Than A Level,20-30%,0-35,0,60,0,Withdrawn,15,1,1,0,1,1,1,0,0,1,1,1,1,0,0,10
FFF,2014B,535460,0,London Region,A Level or Equivalent,60-70%,0-35,1,90,0,Withdrawn,14,1,1,1,1,0,0,1,0,1,1,1,1,0,1,5
FFF,2014B,536636,0,East Midlands Region,A Level or Equivalent,30-40%,0-35,0,120,0,Fail,16,1,0,1,1,0,1,0,0,1,0,1,0,0,0,10
FFF,2014B,536711,0,North Western Region,Lower Than A Level,20-30%,0-35,1,120,1,Withdrawn,15,1,0,1,0,1,1,1,0,0,0,0,0,1,0,10
FFF,2014B,537322,0,Scotland,A Level or Equivalent,70-80%,35-55,0,90,0,Withdrawn,2,1,0,0,0,0,1,0,1,1,1,1,1,0,0,2
FFF,2014B,537703,0,North Western Region,A Level or Equivalent,20-Oct,0-35,0,60,0,Distinction,9,0,0,0,0,0,0,0,1,0,0,1,1,0,1,4
FFF,2014B,537938,0,South West Region,A Level or Equivalent,50-60%,0-35,0,120,0,Pass,16,0,1,1,1,0,0,1,1,1,1,1,1,0,0,10
FFF,2014B,539401,0,London Region,A Level or Equivalent,20-30%,35-55,2,120,0,Withdrawn,12,0,0,1,1,1,1,0,1,1,1,1,0,0,0,7
FFF,2014B,539444,0,South Region,A Level or Equivalent,20-30%,0-35,0,60,0,Pass,15,0,1,0,0,1,0,0,1,1,0,1,1,1,0,10
FFF,2014B,539922,1,Scotland,HE Qualification,70-80%,35-55,2,120,0,Pass,7,0,0,1,0,0,0,0,1,1,1,0,0,0,1,3
FFF,2014B,540909,0,West Midlands Region,A Level or Equivalent,90-100%,0-35,1,120,0,Withdrawn,9,1,1,1,0,0,0,0,0,0,1,0,1,1,1,4
FFF,2014B,541281,1,London Region,Lower Than A Level,50-60%,35-55,0,60,0,Withdrawn,3,0,0,0,0,1,1,0,1,0,0,0,1,0,1,8
FFF,2014B,541327,1,Scotland,Lower Than A Level,30-40%,35-55,1,60,0,Fail,14,0,1,1,0,1,0,0,1,1,0,1,0,1,1,5
FFF,2014B,541478,0,London Region,Lower Than A Level,30-40%,0-35,0,60,0,Withdrawn,3,1,0,1,1,1,1,1,0,0,0,1,1,0,1,8
FFF,2014B,542287,1,North Western Region,A Level or Equivalent,30-40%,0-35,0,60,0,Pass,8,1,0,0,1,0,0,0,0,1,0,0,0,0,1,3
FFF,2014B,542557,0,Scotland,HE Qualification,90-100%,35-55,0,60,0,Distinction,1,1,1,1,0,1,0,1,0,1,1,1,0,1,0,2
FFF,2014B,543686,0,East Midlands Region,A Level or Equivalent,0-10%,0-35,0,60,1,Pass,15,1,1,0,0,0,0,1,1,1,1,0,0,0,0,10
FFF,2014B,543785,0,North Region,Lower Than A Level,,35-55,2,270,0,Withdrawn,3,0,0,1,0,0,0,0,1,0,1,0,0,0,0,8
FFF,2014B,544108,0,North Region,A Level or Equivalent,40-50%,0-35,0,60,0,Pass,16,0,0,0,0,0,1,1,0,0,0,1,1,1,0,10
FFF,2014B,544140,0,Wales,Lower Than A Level,20-Oct,0-35,0,60,0,Fail,5,0,1,0,1,0,1,1,1,0,1,0,1,1,0,9
FFF,2014B,544271,0,South Region,A Level or Equivalent,60-70%,0-35,0,60,0,Distinction,7,1,0,0,0,1,0,1,1,0,0,1,0,0,0,3
FFF,2014B,544276,0,London Region,Lower Than A Level,20-Oct,35-55,0,60,0,Withdrawn,5,1,1,1,0,0,0,1,0,0,1,1,0,1,1,9
FFF,2014B,544593,0,Ireland,A Level or Equivalent,20-Oct,35-55,0,120,0,Fail,7,1,1,1,1,1,1,1,0,0,1,1,1,1,0,3
FFF,2014B,545119,0,South Region,Lower Than A Level,90-100%,35-55,2,150,1,Pass,11,1,0,1,1,0,1,0,0,1,0,0,1,1,0,6
FFF,2014B,545637,0,West Midlands Region,Lower Than A Level,0-10%,35-55,0,60,0,Pass,2,1,0,1,0,0,0,1,1,1,0,0,1,1,1,2
FFF,2014B,545741,0,South Region,Lower Than A Level,80-90%,0-35,0,60,0,Pass,6,0,0,0,1,1,1,1,1,0,0,0,1,0,0,9
FFF,2014B,546071,0,Scotland,A Level or Equivalent,70-80%,35-55,0,90,0,Pass,5,0,0,0,1,0,0,1,1,0,1,0,0,0,0,9
FFF,2014B,546394,0,Wales,HE Qualification,0-10%,0-35,1,120,0,Withdrawn,10,0,1,1,0,1,1,0,1,0,1,0,0,1,0,1
FFF,2014B,546627,0,East Midlands Region,Lower Than A Level,80-90%,0-35,0,60,0,Pass,5,1,0,1,1,1,0,0,1,1,0,0,1,0,0,9
FFF,2014B,546961,0,East Anglian Region,A Level or Equivalent,20-30%,0-35,0,60,0,Pass,5,1,1,0,0,1,0,0,1,0,1,1,0,1,1,9
FFF,2014B,547128,0,Wales,A Level or Equivalent,20-30%,35-55,1,190,1,Pass,4,1,0,1,1,0,1,0,1,1,0,0,0,1,1,8
FFF,2014B,547413,1,North Western Region,No Formal quals,0-10%,0-35,0,90,0,Fail,13,0,1,0,1,1,0,1,1,1,1,0,0,0,0,5
FFF,2014B,547506,0,South East Region,A Level or Equivalent,0-10%,0-35,0,60,0,Pass,5,1,1,0,0,0,1,0,1,1,1,0,0,0,1,9
FFF,2014B,547569,0,North Region,A Level or Equivalent,40-50%,35-55,0,60,0,Fail,13,1,1,0,1,0,0,1,1,0,1,1,1,0,1,5
FFF,2014B,547680,0,South East Region,A Level or Equivalent,20-30%,0-35,1,120,0,Distinction,9,1,1,1,0,0,0,1,1,1,1,1,1,0,1,4
FFF,2014B,547884,0,South East Region,Lower Than A Level,50-60%,0-35,1,60,0,Fail,12,0,0,1,0,0,0,1,1,1,1,1,1,1,1,7
FFF,2014B,548332,0,North Region,A Level or Equivalent,40-50%,0-35,1,120,1,Withdrawn,12,1,0,0,0,1,0,0,0,0,1,1,0,1,0,7
FFF,2014B,548424,0,London Region,Lower Than A Level,60-70%,0-35,1,60,0,Pass,1,1,0,1,1,1,0,1,1,0,1,1,0,0,1,2
FFF,2014B,548573,0,North Western Region,Lower Than A Level,20-30%,0-35,1,120,0,Withdrawn,16,0,1,1,0,0,0,1,0,1,0,0,0,0,0,10
FFF,2014B,548926,1,East Anglian Region,A Level or Equivalent,70-80%,0-35,1,120,0,Fail,4,0,0,0,0,0,1,0,0,1,1,0,0,0,0,8
FFF,2014B,549792,0,East Anglian Region,HE Qualification,70-80%,0-35,1,90,0,Fail,9,0,1,0,0,1,1,1,1,1,0,0,0,0,0,4
FFF,2014B,550003,0,Scotland,A Level or Equivalent,50-60%,35-55,0,60,0,Fail,9,0,1,1,1,1,0,1,0,0,1,1,0,0,1,4
FFF,2014B,550038,0,Yorkshire Region,Lower Than A Level,20-Oct,35-55,0,60,0,Pass,16,1,1,1,0,0,0,0,0,1,1,0,1,1,0,10
FFF,2014B,550097,1,South Region,A Level or Equivalent,90-100%,0-35,0,60,0,Pass,6,1,0,1,1,1,0,0,1,1,0,0,0,1,1,9
FFF,2014B,550246,0,South East Region,Lower Than A Level,80-90%,35-55,2,120,0,Fail,12,0,0,0,1,0,1,1,0,0,1,0,1,1,0,7
FFF,2014B,550498,0,Yorkshire Region,Lower Than A Level,50-60%,0-35,0,60,0,Fail,14,0,0,0,0,1,1,1,0,0,0,0,1,1,1,5
FFF,2014B,550903,0,Scotland,HE Qualification,50-60%,0-35,0,60,1,Distinction,8,1,0,0,0,0,1,0,1,1,1,0,0,0,1,3
FFF,2014B,550925,0,Wales,Lower Than A Level,20-Oct,0-35,0,90,0,Pass,7,0,1,0,0,0,1,1,1,0,1,1,1,0,0,3
FFF,2014B,551636,0,North Western Region,A Level or Equivalent,50-60%,0-35,2,120,0,Withdrawn,6,0,1,0,0,1,0,1,0,1,1,0,1,1,1,9
FFF,2014B,552284,0,East Anglian Region,A Level or Equivalent,80-90%,0-35,2,120,0,Pass,2,1,1,1,0,1,0,1,1,0,1,1,0,1,0,2
FFF,2014B,552395,0,Yorkshire Region,A Level or Equivalent,0-10%,0-35,1,60,1,Fail,8,1,1,0,0,0,1,0,1,1,0,0,0,0,1,3
FFF,2014B,552648,0,North Western Region,Lower Than A Level,0-10%,0-35,1,90,0,Pass,14,1,1,0,1,1,1,1,1,1,1,0,0,0,1,5
FFF,2014B,553032,0,Yorkshire Region,A Level or Equivalent,70-80%,0-35,0,120,0,Withdrawn,4,0,1,0,1,0,1,1,0,1,0,0,1,1,1,8
FFF,2014B,553160,0,North Western Region,A Level or Equivalent,0-10%,35-55,0,60,0,Fail,11,0,1,0,1,1,0,1,0,0,0,1,1,1,1,6
FFF,2014B,554597,0,North Western Region,Lower Than A Level,30-40%,0-35,0,60,0,Withdrawn,16,1,1,1,0,0,1,0,0,1,0,1,1,1,0,10
FFF,2014B,554881,0,West Midlands Region,Lower Than A Level,0-10%,0-35,0,150,0,Pass,9,0,0,0,0,0,1,0,0,0,0,0,0,1,0,4
FFF,2014B,555691,0,Scotland,Lower Than A Level,30-40%,0-35,1,210,0,Withdrawn,1,1,1,1,0,0,1,0,0,1,1,0,0,1,1,2
FFF,2014B,555929,1,South East Region,Lower Than A Level,20-30%,0-35,2,120,0,Pass,8,0,0,1,1,1,1,1,1,1,0,1,0,1,1,3
FFF,2014B,556052,0,London Region,Lower Than A Level,20-Oct,0-35,0,120,0,Withdrawn,10,1,1,0,1,0,0,1,0,0,0,0,0,1,1,1
FFF,2014B,556126,0,London Region,A Level or Equivalent,80-90%,35-55,1,60,1,Withdrawn,5,1,0,0,0,1,1,1,1,1,0,0,1,1,1,9
FFF,2014B,556140,0,South Region,Lower Than A Level,80-90%,0-35,1,240,0,Pass,15,1,0,0,0,0,1,1,0,0,0,1,0,1,1,10
FFF,2014B,556492,0,South Region,A Level or Equivalent,90-100%,0-35,2,240,0,Fail,10,1,0,0,0,0,1,1,0,0,0,1,1,1,0,1
FFF,2014B,557141,0,South Region,Lower Than A Level,20-Oct,0-35,0,60,0,Withdrawn,16,1,1,0,0,0,0,1,1,1,0,0,1,0,1,10
FFF,2014B,557469,0,Ireland,A Level or Equivalent,80-90%,0-35,1,60,0,Pass,14,0,1,1,1,1,0,0,0,0,1,0,1,1,1,5
FFF,2014B,557650,0,London Region,Lower Than A Level,30-40%,35-55,0,60,0,Pass,8,0,0,0,0,1,0,1,0,0,1,0,0,0,1,3
FFF,2014B,557708,0,London Region,A Level or Equivalent,20-30%,0-35,0,60,1,Fail,3,1,0,0,0,1,0,1,1,0,0,0,0,1,1,8
FFF,2014B,557894,0,North Western Region,Lower Than A Level,30-40%,35-55,1,120,0,Withdrawn,2,1,1,1,1,1,0,0,0,1,1,0,0,1,0,2
FFF,2014B,558105,0,East Midlands Region,Lower Than A Level,80-90%,0-35,0,60,0,Pass,16,1,1,0,1,1,0,1,0,1,1,1,0,0,0,10
FFF,2014B,558121,0,West Midlands Region,A Level or Equivalent,80-90%,35-55,1,60,0,Pass,6,1,1,0,1,0,0,0,1,1,1,0,0,0,0,9
FFF,2014B,558244,0,Wales,HE Qualification,40-50%,35-55,2,120,0,Fail,5,1,0,0,0,0,0,1,0,1,0,0,0,1,1,9
FFF,2014B,558284,0,Ireland,Lower Than A Level,60-70%,0-35,1,150,1,Withdrawn,5,0,1,1,0,1,1,0,0,1,0,0,1,0,1,9
FFF,2014B,558404,0,London Region,Lower Than A Level,20-30%,0-35,1,120,0,Withdrawn,2,1,0,0,0,1,1,0,1,0,0,0,1,1,1,2
FFF,2014B,559449,0,North Region,Post Graduate Qualification,,35-55,1,60,0,Fail,16,1,1,0,1,1,0,0,0,0,0,1,0,0,1,10
FFF,2014B,559876,0,West Midlands Region,Lower Than A Level,20-30%,0-35,1,120,0,Distinction,3,0,0,0,0,0,1,1,0,0,0,0,1,1,0,8
FFF,2014B,560168,1,Yorkshire Region,Lower Than A Level,0-10%,0-35,1,150,1,Fail,4,0,0,1,0,1,0,0,0,0,0,0,0,1,1,8
FFF,2014B,560399,0,South Region,HE Qualification,70-80%,35-55,0,60,0,Pass,13,0,0,1,0,1,0,0,1,0,0,1,0,0,0,5
FFF,2014B,560496,1,South East Region,A Level or Equivalent,60-70%,0-35,2,120,0,Pass,8,1,1,0,0,1,0,1,1,1,0,1,1,0,1,3
FFF,2014B,560595,0,East Anglian Region,HE Qualification,80-90%,0-35,1,120,0,Withdrawn,13,1,1,1,1,0,1,0,0,1,0,1,0,1,0,5
FFF,2014B,560685,0,South Region,Lower Than A Level,80-90%,0-35,1,120,0,Fail,8,1,0,1,1,0,1,0,0,1,1,0,1,0,1,3
FFF,2014B,561009,1,Scotland,A Level or Equivalent,0-10%,0-35,1,120,1,Pass,11,0,0,1,1,0,1,0,0,0,1,0,0,0,0,6
FFF,2014B,561215,0,East Anglian Region,Lower Than A Level,70-80%,35-55,0,60,0,Withdrawn,5,1,0,1,0,1,0,0,1,0,0,0,0,1,1,9
FFF,2014B,561796,0,North Western Region,Lower Than A Level,0-10%,0-35,1,120,0,Withdrawn,1,0,0,1,1,0,0,0,0,0,1,0,1,1,1,2
FFF,2014B,561799,1,East Anglian Region,HE Qualification,20-30%,35-55,0,60,0,Fail,2,0,0,1,0,0,0,0,1,1,0,0,1,0,1,2
FFF,2014B,562064,1,North Western Region,A Level or Equivalent,50-60%,0-35,0,180,0,Withdrawn,2,1,0,1,0,1,1,1,1,1,0,0,1,1,1,2
FFF,2014B,562917,0,East Anglian Region,A Level or Equivalent,80-90%,0-35,0,150,0,Withdrawn,7,1,1,0,0,0,0,0,0,1,1,1,0,1,1,3
FFF,2014B,563813,0,London Region,Lower Than A Level,20-30%,35-55,0,60,0,Withdrawn,3,1,1,1,0,0,0,0,0,1,0,1,1,1,0,8
FFF,2014B,563823,0,North Western Region,A Level or Equivalent,20-30%,35-55,0,60,0,Pass,6,1,1,1,0,1,1,0,0,1,0,0,0,1,0,9
FFF,2014B,564632,1,London Region,Lower Than A Level,20-Oct,0-35,0,60,0,Fail,13,1,1,1,0,0,0,1,0,1,1,1,0,1,1,5
FFF,2014B,565109,0,West Midlands Region,Lower Than A Level,20-30%,0-35,0,120,0,Distinction,3,0,0,0,1,1,0,0,1,0,0,1,0,1,1,8
FFF,2014B,565257,0,North Region,A Level or Equivalent,20-Oct,0-35,1,120,0,Withdrawn,16,1,1,1,1,0,1,1,1,1,0,1,1,1,0,10
FFF,2014B,565348,0,South East Region,A Level or Equivalent,30-40%,0-35,0,60,0,Withdrawn,4,0,0,1,0,1,1,0,1,1,1,0,0,1,0,8
FFF,2014B,565373,0,West Midlands Region,A Level or Equivalent,80-90%,0-35,1,120,0,Pass,5,0,1,0,1,0,0,0,0,1,0,1,0,0,0,9
FFF,2014B,565469,0,East Midlands Region,Lower Than A Level,80-90%,0-35,1,120,0,Withdrawn,11,1,0,1,1,1,0,1,0,1,0,0,0,0,0,6
FFF,2014B,565526,0,North Region,HE Qualification,30-40%,35-55,0,120,0,Withdrawn,13,0,0,0,1,0,0,0,0,1,0,0,0,0,1,5
FFF,2014B,566460,0,South Region,A Level or Equivalent,50-60%,0-35,0,60,1,Fail,14,0,0,1,0,0,0,0,1,1,0,0,1,0,1,5
FFF,2014B,567168,0,North Western Region,A Level or Equivalent,20-Oct,35-55,0,90,0,Withdrawn,11,1,0,0,0,0,1,0,1,0,0,0,1,1,1,6
FFF,2014B,567629,1,South West Region,Lower Than A Level,60-70%,35-55,0,60,1,Pass,4,1,0,1,0,0,1,0,0,1,1,1,0,0,1,8
FFF,2014B,567681,0,Wales,Lower Than A Level,60-70%,0-35,0,120,0,Withdrawn,12,0,1,1,0,1,1,0,1,0,0,0,1,0,0,7
FFF,2014B,567859,0,Scotland,A Level or Equivalent,50-60%,35-55,1,150,0,Fail,3,1,1,0,0,0,1,1,0,0,1,1,0,0,0,8
FFF,2014B,567873,0,East Anglian Region,A Level or Equivalent,40-50%,0-35,0,90,0,Distinction,8,1,1,0,0,0,0,1,0,1,0,0,1,0,0,3
FFF,2014B,568954,0,Ireland,Lower Than A Level,,0-35,0,120,0,Pass,15,0,0,0,1,0,1,0,1,0,0,0,1,1,0,10
FFF,2014B,569065,0,North Western Region,No Formal quals,30-40%,0-35,0,60,0,Pass,1,0,1,0,0,0,1,0,0,1,0,0,0,1,1,2
FFF,2014B,569556,1,North Region,A Level or Equivalent,0-10%,0-35,1,240,0,Withdrawn,3,1,1,1,0,1,1,0,1,1,0,0,0,0,1,8
FFF,2014B,569729,0,South West Region,A Level or Equivalent,60-70%,0-35,0,60,0,Fail,14,1,0,0,1,0,1,0,1,1,1,1,0,0,0,5
FFF,2014B,569783,0,South East Region,Lower Than A Level,60-70%,35-55,0,60,0,Withdrawn,15,0,1,1,0,0,1,0,1,0,1,0,1,0,0,10
FFF,2014B,570264,0,East Midlands Region,Lower Than A Level,20-30%,35-55,0,60,0,Fail,8,1,1,0,0,0,0,1,0,1,0,1,1,0,0,3
FFF,2014B,571050,0,London Region,A Level or Equivalent,40-50%,0-35,0,60,0,Pass,3,1,1,1,1,0,1,0,0,1,1,0,0,1,1,8
FFF,2014B,571190,1,South Region,Lower Than A Level,50-60%,0-35,0,60,0,Pass,9,1,0,0,0,1,0,0,1,0,0,0,0,0,0,4
FFF,2014B,571316,1,South Region,A Level or Equivalent,50-60%,0-35,0,60,1,Distinction,14,0,1,0,1,0,1,0,1,0,0,1,1,1,1,5
FFF,2014B,571612,0,Wales,Lower Than A Level,50-60%,0-35,1,120,1,Withdrawn,7,1,1,1,1,1,0,1,1,1,0,1,1,1,0,3
FFF,2014B,571815,0,Yorkshire Region,Lower Than A Level,30-40%,0-35,0,120,0,Fail,14,1,0,1,0,0,0,0,1,0,0,1,0,1,0,5
FFF,2014B,571844,0,Yorkshire Region,Lower Than A Level,20-Oct,0-35,1,210,0,Pass,10,0,1,0,0,1,1,1,0,0,1,1,0,1,0,1
FFF,2014B,571962,0,Ireland,Lower Than A Level,0-10%,35-55,1,120,0,Pass,8,1,0,0,1,1,1,1,1,1,0,0,1,1,1,3
FFF,2014B,572154,0,Scotland,HE Qualification,40-50%,0-35,0,150,0,Pass,15,1,1,1,0,0,0,0,0,0,1,1,0,0,1,10
FFF,2014B,572367,0,South East Region,A Level or Equivalent,90-100%,0-35,1,120,0,Fail,6,0,1,1,1,0,0,0,1,1,0,1,0,0,0,9
FFF,2014B,572395,1,North Western Region,A Level or Equivalent,40-50%,0-35,0,150,0,Withdrawn,5,0,1,0,0,1,0,1,0,0,1,1,0,0,0,9
FFF,2014B,572716,0,Yorkshire Region,A Level or Equivalent,20-30%,35-55,0,120,0,Pass,8,1,1,0,1,0,1,0,1,1,0,0,1,0,1,3
FFF,2014B,572804,0,Wales,A Level or Equivalent,60-70%,0-35,0,90,0,Withdrawn,1,0,0,0,0,0,1,0,0,1,0,0,0,1,1,2
FFF,2014B,572832,0,South Region,Lower Than A Level,80-90%,0-35,0,90,1,Pass,13,0,1,0,1,1,1,0,1,1,1,1,1,0,0,5
FFF,2014B,572870,0,East Midlands Region,A Level or Equivalent,20-30%,35-55,0,120,0,Distinction,1,0,1,1,1,1,0,1,1,1,1,1,1,0,1,2
FFF,2014B,572952,1,London Region,HE Qualification,0-10%,35-55,1,120,0,Withdrawn,4,0,1,0,0,1,0,0,0,1,0,1,1,1,1,8
FFF,2014B,573549,0,London Region,Lower Than A Level,40-50%,0-35,0,120,0,Pass,9,0,0,0,1,0,1,0,1,0,0,0,0,1,0,4
FFF,2014B,574028,0,Wales,A Level or Equivalent,30-40%,0-35,0,180,1,Pass,14,1,0,1,1,1,1,1,1,1,1,0,1,0,0,5
FFF,2014B,574605,0,South Region,A Level or Equivalent,20-Oct,0-35,0,60,0,Fail,16,1,1,0,0,1,1,1,0,0,1,0,0,0,1,10
FFF,2014B,574663,0,Yorkshire Region,Lower Than A Level,30-40%,0-35,0,240,0,Withdrawn,15,0,1,1,0,0,0,0,0,1,0,0,0,0,0,10
FFF,2014B,574671,1,East Anglian Region,HE Qualification,40-50%,35-55,0,120,0,Pass,13,0,0,0,1,1,1,0,0,1,1,1,0,0,1,5
FFF,2014B,574815,0,South Region,Lower Than A Level,90-100%,0-35,1,180,0,Withdrawn,4,0,0,1,0,0,0,1,1,0,1,1,0,0,0,8
FFF,2014B,575855,0,London Region,HE Qualification,80-90%,0-35,0,180,0,Withdrawn,2,0,1,0,1,1,1,1,0,0,0,0,0,1,1,2
FFF,2014B,576159,0,Scotland,A Level or Equivalent,60-70%,0-35,0,60,0,Distinction,3,1,1,1,1,0,1,1,0,1,1,0,0,1,0,8
FFF,2014B,576557,0,South Region,A Level or Equivalent,80-90%,0-35,0,120,0,Withdrawn,13,0,1,1,0,1,1,1,0,1,1,0,0,1,1,5
FFF,2014B,577142,1,East Midlands Region,A Level or Equivalent,40-50%,0-35,0,60,0,Withdrawn,10,1,1,0,1,1,0,0,0,0,0,0,0,1,0,1
FFF,2014B,577600,0,North Western Region,Lower Than A Level,20-Oct,0-35,0,90,0,Fail,15,0,1,1,1,0,1,0,1,0,1,0,1,1,1,10
FFF,2014B,577679,1,South Region,A Level or Equivalent,90-100%,35-55,0,120,1,Withdrawn,13,1,1,0,1,0,0,1,0,0,0,0,0,0,1,5
FFF,2014B,577795,1,West Midlands Region,Lower Than A Level,80-90%,0-35,0,120,1,Withdrawn,15,1,1,0,1,1,0,0,1,0,0,0,0,1,0,10
FFF,2014B,578022,0,East Midlands Region,A Level or Equivalent,20-30%,0-35,0,120,0,Fail,6,1,0,1,1,1,0,1,0,0,0,1,0,1,1,9
FFF,2014B,578258,0,South West Region,Lower Than A Level,20-30%,0-35,1,180,0,Fail,5,1,1,0,1,0,0,0,0,0,0,0,0,1,0,9
FFF,2014B,578754,0,South Region,Lower Than A Level,70-80%,0-35,0,60,0,Pass,8,1,0,1,0,0,1,0,1,1,0,1,1,0,1,3
FFF,2014B,578764,0,East Anglian Region,A Level or Equivalent,80-90%,0-35,0,90,0,Pass,14,0,0,1,0,1,1,1,0,1,0,0,1,1,1,5
FFF,2014B,579081,0,West Midlands Region,A Level or Equivalent,70-80%,0-35,1,150,0,Distinction,16,0,1,1,0,1,1,1,1,1,1,0,0,0,0,10
FFF,2014B,579376,0,East Anglian Region,A Level or Equivalent,0-10%,0-35,0,90,0,Pass,4,1,1,0,0,0,0,0,1,1,0,0,1,0,0,8
FFF,2014B,580425,0,West Midlands Region,A Level or Equivalent,60-70%,0-35,1,120,0,Withdrawn,11,1,0,1,1,0,0,1,1,0,1,1,0,0,0,6
FFF,2014B,581065,0,Wales,Lower Than A Level,60-70%,0-35,0,120,0,Withdrawn,3,1,1,1,1,1,1,0,0,0,0,0,1,1,0,8
FFF,2014B,581520,0,East Anglian Region,Lower Than A Level,50-60%,35-55,0,60,0,Fail,10,1,0,1,0,1,0,0,1,0,1,0,1,0,1,1
FFF,2014B,581598,0,South West Region,A Level or Equivalent,30-40%,0-35,0,60,0,Pass,6,0,1,1,1,1,1,1,1,1,0,1,0,0,1,9
FFF,2014B,581772,0,Yorkshire Region,Lower Than A Level,90-100%,0-35,1,120,0,Withdrawn,12,1,0,1,1,1,1,1,1,0,0,1,1,1,0,7
FFF,2014B,582553,0,Wales,Lower Than A Level,50-60%,0-35,0,300,0,Fail,4,0,0,0,1,1,0,0,1,1,0,0,1,0,1,8
FFF,2014B,582629,0,Wales,HE Qualification,0-10%,0-35,1,180,0,Fail,16,0,1,1,1,1,1,0,1,1,0,0,1,0,0,10
FFF,2014B,583056,0,Ireland,A Level or Equivalent,60-70%,0-35,0,90,0,Withdrawn,15,0,0,1,1,0,0,1,1,1,0,1,1,1,1,10
FFF,2014B,583138,0,North Western Region,A Level or Equivalent,70-80%,35-55,0,60,0,Withdrawn,6,0,0,0,0,1,1,1,0,1,0,1,1,1,1,9
FFF,2014B,584184,1,London Region,A Level or Equivalent,20-30%,0-35,0,90,0,Pass,13,0,1,1,0,1,0,0,0,1,0,1,0,0,0,5
FFF,2014B,584571,1,London Region,A Level or Equivalent,20-30%,0-35,0,90,0,Fail,10,0,0,0,1,0,0,0,0,0,0,1,1,1,0,1
FFF,2014B,584842,0,East Midlands Region,HE Qualification,30-40%,0-35,0,90,0,Pass,4,1,1,1,1,1,0,1,0,0,1,1,0,0,0,8
FFF,2014B,584843,1,East Anglian Region,Lower Than A Level,0-10%,0-35,1,180,0,Withdrawn,15,0,0,0,1,1,0,0,0,1,0,1,0,0,0,10
FFF,2014B,584884,0,Yorkshire Region,Lower Than A Level,20-30%,0-35,0,60,0,Withdrawn,4,0,1,0,0,1,0,1,0,0,0,1,0,0,0,8
FFF,2014B,584990,0,East Anglian Region,A Level or Equivalent,90-100%,0-35,1,120,0,Fail,11,1,1,0,1,0,1,1,0,0,0,1,0,1,1,6
FFF,2014B,585454,0,West Midlands Region,Lower Than A Level,20-Oct,0-35,1,240,0,Distinction,2,1,0,0,0,0,1,0,0,1,1,1,0,0,1,2
FFF,2014B,585921,0,Scotland,Lower Than A Level,20-30%,0-35,1,120,0,Distinction,14,0,0,1,0,1,0,0,1,0,1,1,1,1,0,5
FFF,2014B,586351,0,South Region,Lower Than A Level,80-90%,35-55,0,180,0,Withdrawn,6,0,0,1,1,0,0,1,1,0,1,1,1,1,1,9
FFF,2014B,586506,1,London Region,No Formal quals,50-60%,35-55,0,60,0,Fail,11,1,1,0,0,0,0,1,0,1,0,1,0,1,1,6
FFF,2014B,586543,0,North Region,HE Qualification,20-Oct,0-35,1,180,0,Fail,8,1,0,1,1,0,1,1,1,0,0,1,1,0,1,3
FFF,2014B,586592,1,East Anglian Region,Lower Than A Level,70-80%,0-35,0,60,0,Pass,6,0,1,0,1,0,0,0,0,0,1,1,0,0,0,9
FFF,2014B,586917,1,North Western Region,Lower Than A Level,0-10%,0-35,0,60,0,Pass,10,0,0,0,1,0,0,1,0,0,0,1,0,0,1,1
FFF,2014B,587195,0,South West Region,Lower Than A Level,30-40%,0-35,1,240,1,Withdrawn,16,0,0,1,1,0,1,0,1,0,1,1,0,1,0,10
FFF,2014B,587248,0,South West Region,HE Qualification,80-90%,0-35,1,150,0,Withdrawn,4,1,0,0,1,1,0,0,1,0,1,0,1,1,1,8
FFF,2014B,587600,0,East Midlands Region,A Level or Equivalent,70-80%,0-35,0,120,0,Pass,4,1,1,0,0,0,1,0,0,0,1,1,0,1,0,8
FFF,2014B,587696,0,Wales,Lower Than A Level,30-40%,0-35,1,120,0,Fail,12,0,1,0,1,0,0,1,1,1,0,1,0,0,0,7
FFF,2014B,588107,0,Ireland,Lower Than A Level,0-10%,0-35,1,210,0,Withdrawn,4,1,1,0,1,0,0,0,0,1,1,0,0,1,0,8
FFF,2014B,588145,0,South East Region,Lower Than A Level,90-100%,0-35,0,60,0,Pass,16,1,1,1,1,1,1,0,0,0,1,1,0,1,0,10
FFF,2014B,588436,0,Yorkshire Region,A Level or Equivalent,30-40%,0-35,1,180,0,Fail,6,1,1,1,1,0,1,1,0,1,0,0,1,1,0,9
FFF,2014B,588913,0,North Western Region,HE Qualification,0-10%,0-35,0,60,0,Withdrawn,14,0,0,1,0,0,0,1,1,1,1,0,1,0,0,5
FFF,2014B,589016,0,Yorkshire Region,A Level or Equivalent,80-90%,0-35,1,210,0,Pass,9,0,0,1,0,1,1,1,0,1,1,0,1,0,0,4
FFF,2014B,589029,0,South Region,Lower Than A Level,90-100%,0-35,0,90,0,Pass,14,0,1,0,0,0,1,0,0,0,0,0,1,1,0,5
FFF,2014B,589449,0,North Western Region,A Level or Equivalent,50-60%,0-35,0,60,0,Distinction,5,1,0,0,0,1,0,0,1,1,1,1,1,1,0,9
FFF,2014B,589454,0,North Western Region,A Level or Equivalent,0-10%,0-35,0,60,0,Pass,5,1,0,1,1,0,0,0,0,1,1,1,1,1,0,9
FFF,2014B,589469,0,South Region,A Level or Equivalent,90-100%,0-35,1,120,0,Withdrawn,5,0,0,0,1,1,0,0,0,1,1,0,0,1,0,9
FFF,2014B,589548,0,Scotland,Lower Than A Level,0-10%,0-35,0,90,0,Pass,9,0,1,0,1,0,1,0,0,0,1,0,1,0,1,4
FFF,2014B,589565,1,South Region,Lower Than A Level,80-90%,35-55,0,60,0,Distinction,16,1,1,1,0,0,1,0,0,1,1,0,0,1,0,10
FFF,2014B,589798,0,East Anglian Region,Lower Than A Level,30-40%,0-35,0,180,0,Withdrawn,9,1,1,0,0,0,1,1,0,0,0,0,0,1,1,4
FFF,2014B,590018,1,North Western Region,Lower Than A Level,0-10%,0-35,0,180,0,Pass,10,1,0,0,0,1,1,0,0,0,1,0,1,0,0,1
FFF,2014B,590508,1,South West Region,A Level or Equivalent,20-Oct,0-35,0,60,0,Pass,13,1,1,1,1,0,0,0,1,0,0,1,1,0,1,5
FFF,2014B,590543,0,South Region,Lower Than A Level,40-50%,0-35,0,60,0,Withdrawn,6,1,0,0,0,0,0,1,1,0,1,0,1,1,0,9
FFF,2014B,590548,0,South West Region,Lower Than A Level,0-10%,35-55,1,120,1,Withdrawn,4,1,1,0,0,0,0,0,0,1,1,0,1,1,1,8
FFF,2014B,590604,0,Scotland,HE Qualification,20-30%,35-55,1,180,0,Fail,13,1,1,1,1,0,1,1,0,0,1,1,1,0,1,5
FFF,2014B,590970,0,South East Region,Lower Than A Level,70-80%,0-35,1,210,0,Pass,14,0,0,0,0,0,0,0,0,1,0,1,1,1,1,5
FFF,2014B,591111,0,South East Region,Lower Than A Level,20-Oct,0-35,0,120,0,Fail,10,1,0,0,1,0,0,0,1,1,1,1,1,0,0,1
FFF,2014B,591132,1,South Region,Lower Than A Level,50-60%,0-35,0,90,0,Fail,15,1,0,1,1,1,1,1,1,0,0,0,1,1,0,10
FFF,2014B,591318,0,South Region,Lower Than A Level,80-90%,0-35,0,60,1,Withdrawn,14,0,0,1,1,1,1,0,0,1,1,1,0,0,0,5
FFF,2014B,591550,0,North Western Region,Lower Than A Level,0-10%,0-35,0,60,0,Fail,8,1,1,1,0,1,1,0,1,0,1,1,1,0,1,3
FFF,2014B,591946,0,Wales,A Level or Equivalent,20-Oct,0-35,0,120,0,Withdrawn,11,1,0,0,0,1,0,0,0,1,0,0,0,1,1,6
FFF,2014B,592422,1,East Midlands Region,A Level or Equivalent,90-100%,0-35,0,60,0,Fail,1,0,0,1,0,0,1,1,0,1,0,1,1,1,0,2
FFF,2014B,592632,0,North Western Region,A Level or Equivalent,0-10%,0-35,0,60,0,Fail,7,1,1,0,1,0,1,0,1,0,1,1,0,1,1,3
FFF,2014B,592766,0,East Midlands Region,A Level or Equivalent,40-50%,0-35,0,90,0,Pass,14,1,0,0,1,1,0,0,0,1,1,1,0,1,0,5
FFF,2014B,592939,0,Scotland,HE Qualification,0-10%,0-35,1,240,0,Withdrawn,11,0,1,0,0,0,0,1,0,1,1,0,1,1,0,6
FFF,2014B,593004,0,Yorkshire Region,A Level or Equivalent,40-50%,0-35,1,180,0,Withdrawn,5,1,0,0,0,1,0,1,0,1,0,0,0,0,1,9
FFF,2014B,593206,0,East Anglian Region,Lower Than A Level,60-70%,0-35,1,180,0,Withdrawn,15,1,0,1,1,0,1,1,0,1,0,1,0,1,1,10
FFF,2014B,593220,0,South East Region,Lower Than A Level,60-70%,0-35,0,120,0,Withdrawn,14,1,0,1,1,1,0,0,0,0,1,1,1,1,1,5
FFF,2014B,593563,0,South Region,Lower Than A Level,90-100%,35-55,0,90,0,Withdrawn,14,1,1,1,1,1,0,1,1,0,1,0,0,0,0,5
FFF,2014B,593617,0,Scotland,A Level or Equivalent,30-40%,0-35,1,120,0,Withdrawn,1,1,1,0,1,0,1,1,0,0,1,1,0,0,0,2
FFF,2014B,594122,0,North Region,A Level or Equivalent,20-30%,0-35,0,90,0,Withdrawn,9,1,0,1,0,1,1,1,0,0,1,1,0,0,1,4
FFF,2014B,594136,0,East Midlands Region,Lower Than A Level,20-30%,0-35,1,120,0,Distinction,15,1,0,0,1,0,0,1,0,0,0,1,1,1,0,10
FFF,2014B,594258,0,North Western Region,Lower Than A Level,0-10%,0-35,0,90,1,Withdrawn,16,1,1,1,0,1,1,0,0,1,0,0,0,0,1,10
FFF,2014B,594374,0,Yorkshire Region,Lower Than A Level,20-Oct,0-35,0,120,0,Fail,16,0,0,1,1,0,0,0,1,0,0,1,1,1,0,10
FFF,2014B,594636,0,South Region,Lower Than A Level,60-70%,0-35,0,90,1,Withdrawn,11,0,1,0,0,0,1,1,1,0,0,0,1,0,1,6
FFF,2014B,594909,0,North Western Region,A Level or Equivalent,40-50%,0-35,0,60,0,Pass,12,1,1,0,0,0,1,1,0,1,1,1,0,0,1,7
FFF,2014B,595186,0,South Region,Lower Than A Level,70-80%,0-35,0,60,0,Fail,10,0,1,0,1,0,0,1,1,0,1,1,0,0,0,1
FFF,2014B,595428,0,North Western Region,HE Qualification,0-10%,35-55,1,150,0,Fail,13,1,0,0,1,0,0,1,1,0,0,1,0,0,1,5
FFF,2014B,595481,0,South Region,HE Qualification,20-30%,35-55,0,60,0,Withdrawn,1,0,1,0,0,0,0,0,0,0,1,0,0,0,1,2
FFF,2014B,595895,0,Ireland,Lower Than A Level,90-100%,0-35,1,120,0,Fail,14,0,0,0,0,0,0,0,0,1,0,0,0,1,1,5
FFF,2014B,595935,0,South Region,A Level or Equivalent,30-40%,0-35,1,120,0,Pass,3,1,1,0,1,1,1,0,1,0,1,1,0,1,1,8
FFF,2014B,595978,0,East Anglian Region,Lower Than A Level,90-100%,0-35,1,180,1,Fail,2,1,0,1,1,1,0,1,0,1,1,0,0,1,0,2
FFF,2014B,596243,0,East Anglian Region,Lower Than A Level,20-Oct,0-35,0,60,1,Withdrawn,10,1,0,1,0,0,1,1,0,1,1,1,0,0,0,1
FFF,2014B,596482,1,West Midlands Region,A Level or Equivalent,40-50%,0-35,0,60,0,Pass,9,0,0,1,1,0,0,1,0,1,0,0,1,0,0,4
FFF,2014B,596601,1,South East Region,A Level or Equivalent,70-80%,0-35,1,180,0,Pass,1,1,0,1,0,0,0,0,0,0,0,0,0,1,0,2
FFF,2014B,596637,0,London Region,A Level or Equivalent,20-Oct,35-55,0,60,1,Withdrawn,14,0,0,1,0,0,0,0,1,1,0,0,1,0,1,5
FFF,2014B,596663,0,East Anglian Region,Lower Than A Level,50-60%,0-35,0,90,0,Withdrawn,1,1,0,1,1,0,1,0,0,0,0,0,1,1,1,2
FFF,2014B,596699,0,East Anglian Region,HE Qualification,30-40%,0-35,1,240,0,Fail,3,0,0,1,1,1,1,0,0,1,1,0,0,1,1,8
FFF,2014B,596953,0,East Anglian Region,Lower Than A Level,60-70%,35-55,1,150,0,Withdrawn,12,1,0,1,1,0,0,0,1,0,1,1,0,1,0,7
FFF,2014B,597234,0,Yorkshire Region,Lower Than A Level,30-40%,0-35,0,60,0,Pass,1,0,1,0,1,0,1,1,0,1,1,0,1,1,1,2
FFF,2014B,597359,1,South Region,HE Qualification,70-80%,0-35,0,60,0,Withdrawn,1,0,0,0,1,1,1,0,0,1,0,0,0,1,0,2
FFF,2014B,597378,0,Yorkshire Region,Lower Than A Level,70-80%,0-35,0,60,0,Withdrawn,14,1,1,1,1,0,1,1,1,0,1,0,0,0,0,5
FFF,2014B,597386,0,Scotland,Lower Than A Level,0-10%,0-35,1,120,0,Withdrawn,4,0,1,0,0,1,0,1,0,0,0,1,1,1,0,8
FFF,2014B,597426,0,Wales,A Level or Equivalent,30-40%,0-35,1,120,0,Fail,14,0,0,1,1,1,0,1,1,1,1,1,1,0,0,5
FFF,2014B,597495,1,East Midlands Region,A Level or Equivalent,80-90%,0-35,0,60,0,Fail,14,1,1,0,1,1,1,0,1,0,0,0,1,0,1,5
FFF,2014B,597662,1,East Anglian Region,A Level or Equivalent,60-70%,35-55,0,90,0,Pass,14,0,0,0,1,1,1,1,1,0,1,0,1,0,1,5
FFF,2014B,597761,1,South Region,Lower Than A Level,20-30%,0-35,1,120,0,Withdrawn,13,0,1,0,0,1,1,0,0,0,1,1,0,0,1,5
FFF,2014B,598113,0,Ireland,HE Qualification,,0-35,0,120,0,Pass,12,1,1,0,0,1,1,0,0,0,1,1,1,1,1,7
FFF,2014B,598300,0,North Western Region,Lower Than A Level,70-80%,0-35,1,210,0,Fail,11,1,0,0,1,0,1,0,1,1,0,0,1,0,1,6
FFF,2014B,598353,0,West Midlands Region,HE Qualification,40-50%,35-55,1,150,0,Fail,3,1,0,0,1,1,1,1,1,1,1,0,0,0,1,8
FFF,2014B,598362,0,East Anglian Region,Lower Than A Level,30-40%,35-55,0,60,0,Withdrawn,4,0,1,1,0,1,1,0,0,1,0,1,1,1,1,8
FFF,2014B,598571,0,South West Region,A Level or Equivalent,50-60%,0-35,0,60,0,Distinction,16,1,0,0,0,0,0,0,1,1,0,1,0,1,1,10
FFF,2014B,598642,0,Wales,A Level or Equivalent,60-70%,0-35,1,180,0,Pass,5,1,0,1,1,0,0,0,1,0,0,1,1,1,1,9
FFF,2014B,598713,1,East Anglian Region,A Level or Equivalent,80-90%,0-35,0,60,0,Pass,10,1,1,1,0,1,1,0,1,0,1,0,1,1,0,1
FFF,2014B,599048,1,North Western Region,Lower Than A Level,0-10%,0-35,0,90,0,Pass,9,1,0,0,0,1,1,1,1,0,1,1,1,0,0,4
FFF,2014B,599105,1,South East Region,Lower Than A Level,30-40%,0-35,0,90,0,Withdrawn,4,0,1,1,1,0,1,0,1,0,0,0,0,0,1,8
FFF,2014B,599117,0,South Region,HE Qualification,20-Oct,0-35,1,120,0,Fail,4,1,0,1,0,0,1,1,1,1,0,0,0,0,1,8
FFF,2014B,599398,0,South Region,Lower Than A Level,90-100%,0-35,0,120,0,Pass,15,1,1,0,1,1,1,0,0,0,1,0,0,0,0,10
FFF,2014B,599740,0,London Region,A Level or Equivalent,70-80%,35-55,0,60,0,Pass,12,1,0,1,1,0,1,0,1,0,1,0,0,0,0,7
FFF,2014B,599812,0,East Anglian Region,A Level or Equivalent,50-60%,0-35,0,60,0,Fail,3,0,0,1,0,1,1,0,0,0,1,0,1,0,0,8
FFF,2014B,600292,0,South East Region,Lower Than A Level,20-30%,35-55,0,60,0,Pass,5,0,0,1,1,0,1,0,0,1,1,1,0,1,1,9
FFF,2014B,600388,0,East Anglian Region,Lower Than A Level,90-100%,35-55,0,60,0,Distinction,8,0,1,1,1,1,0,0,1,1,1,0,0,1,0,3
FFF,2014B,600397,1,Scotland,Lower Than A Level,20-30%,0-35,0,120,0,Fail,6,0,0,1,1,1,0,0,0,0,1,1,0,1,1,9
FFF,2014B,600702,0,London Region,A Level or Equivalent,20-Oct,0-35,0,60,1,Pass,12,0,0,0,0,1,1,0,0,0,0,1,0,1,1,7
FFF,2014B,600893,1,Yorkshire Region,Lower Than A Level,0-10%,0-35,0,90,0,Withdrawn,2,1,0,1,1,0,1,0,1,1,0,1,1,0,1,2
FFF,2014B,601155,0,Wales,A Level or Equivalent,0-10%,0-35,0,60,0,Withdrawn,11,0,0,0,0,1,1,1,1,1,1,0,1,1,1,6
FFF,2014B,601266,0,East Midlands Region,A Level or Equivalent,0-10%,0-35,0,90,0,Withdrawn,9,1,1,1,1,0,1,1,1,0,0,0,1,0,0,4
FFF,2014B,601345,0,London Region,A Level or Equivalent,20-Oct,0-35,0,60,0,Fail,16,0,1,0,0,0,1,1,1,0,1,0,0,1,1,10
FFF,2014B,601375,0,Yorkshire Region,Lower Than A Level,0-10%,0-35,0,120,0,Pass,1,0,1,1,0,1,1,0,0,0,0,1,0,0,1,2
FFF,2014B,601435,0,London Region,Lower Than A Level,20-Oct,0-35,1,180,0,Withdrawn,4,1,0,0,0,1,1,1,0,1,0,1,0,1,0,8
FFF,2014B,601560,0,East Anglian Region,Lower Than A Level,50-60%,0-35,0,60,0,Fail,16,0,1,0,1,0,0,1,1,1,0,0,0,1,0,10
FFF,2014B,601649,0,East Midlands Region,Lower Than A Level,30-40%,35-55,1,120,0,Withdrawn,15,0,0,0,0,0,1,0,0,0,1,1,1,1,1,10
FFF,2014B,601678,0,East Midlands Region,Lower Than A Level,30-40%,0-35,1,120,0,Withdrawn,3,0,1,0,1,0,0,1,0,1,0,0,0,1,0,8
FFF,2014B,601735,0,North Region,Lower Than A Level,,35-55,0,120,0,Pass,9,0,0,1,0,1,1,0,0,1,0,1,0,0,0,4
FFF,2014B,602571,0,Yorkshire Region,Lower Than A Level,20-30%,0-35,0,60,0,Withdrawn,7,0,0,0,0,0,1,0,0,0,0,0,1,0,1,3
FFF,2014B,602672,0,East Midlands Region,Lower Than A Level,60-70%,0-35,1,180,0,Fail,5,1,1,0,1,1,1,0,1,1,0,0,0,1,1,9
FFF,2014B,602681,0,Wales,HE Qualification,30-40%,0-35,0,60,0,Pass,5,0,1,1,1,1,0,1,1,1,1,1,1,1,1,9
FFF,2014B,602818,0,West Midlands Region,Lower Than A Level,30-40%,0-35,0,120,0,Fail,4,1,1,1,0,1,0,1,0,0,0,0,1,0,1,8
FFF,2014B,602854,0,West Midlands Region,Lower Than A Level,80-90%,0-35,0,90,0,Pass,4,1,1,0,1,1,1,1,1,0,0,1,0,0,0,8
FFF,2014B,602862,1,Scotland,HE Qualification,30-40%,0-35,0,60,0,Pass,6,1,0,0,0,1,1,1,0,1,1,0,0,0,0,9
FFF,2014B,603111,1,West Midlands Region,A Level or Equivalent,80-90%,0-35,1,120,0,Pass,16,0,1,1,1,1,1,1,0,0,1,0,0,0,1,10
FFF,2014B,603163,0,Ireland,Lower Than A Level,0-10%,0-35,0,60,0,Pass,13,1,1,0,0,0,1,0,0,1,0,0,1,0,0,5
FFF,2014B,603319,0,North Region,HE Qualification,,0-35,0,60,0,Withdrawn,12,0,0,1,0,1,1,0,1,1,0,1,0,0,0,7
FFF,2014B,603483,1,South Region,Lower Than A Level,80-90%,35-55,0,90,0,Withdrawn,13,1,1,0,0,1,0,0,0,0,0,1,1,1,0,5
FFF,2014B,603539,0,East Midlands Region,A Level or Equivalent,60-70%,0-35,0,60,0,Pass,15,1,1,1,0,0,1,1,0,0,1,1,0,0,1,10
FFF,2014B,603694,0,North Western Region,A Level or Equivalent,40-50%,0-35,0,60,0,Fail,14,1,0,0,0,1,0,0,1,1,0,0,1,0,0,5
FFF,2014B,603848,0,Yorkshire Region,Lower Than A Level,0-10%,35-55,1,120,1,Fail,8,1,0,0,1,1,0,1,1,0,0,1,1,0,0,3
FFF,2014B,603972,1,South West Region,A Level or Equivalent,20-30%,0-35,0,60,0,Withdrawn,12,0,0,0,1,1,1,1,0,0,1,0,0,0,0,7
FFF,2014B,604174,0,North Region,A Level or Equivalent,,0-35,0,60,0,Pass,9,1,0,1,1,0,0,1,0,1,0,1,1,0,0,4
FFF,2014B,604234,0,North Western Region,A Level or Equivalent,30-40%,0-35,0,90,0,Fail,16,0,1,1,1,0,0,1,1,1,1,0,0,0,1,10
FFF,2014B,604293,0,North Western Region,A Level or Equivalent,0-10%,35-55,0,60,0,Fail,11,0,1,1,0,0,0,0,0,1,0,1,1,0,1,6
FFF,2014B,604326,1,Wales,No Formal quals,30-40%,0-35,0,90,0,Fail,15,1,0,0,1,1,0,0,1,0,1,0,1,0,1,10
FFF,2014B,604338,0,East Anglian Region,A Level or Equivalent,90-100%,0-35,0,60,0,Pass,9,1,0,0,0,0,0,0,0,0,0,0,0,1,1,4
FFF,2014B,604614,0,London Region,A Level or Equivalent,30-40%,0-35,0,90,0,Withdrawn,3,0,0,0,0,1,1,0,0,0,1,0,0,1,1,8
FFF,2014B,604678,0,North Western Region,A Level or Equivalent,0-10%,35-55,0,120,1,Withdrawn,15,0,0,1,1,1,0,1,0,1,0,1,0,0,1,10
FFF,2014B,604698,0,London Region,No Formal quals,20-Oct,35-55,0,90,0,Pass,5,0,1,1,1,0,0,1,0,0,0,1,0,1,1,9
FFF,2014B,604946,0,London Region,HE Qualification,20-Oct,35-55,1,120,0,Withdrawn,1,0,1,1,0,0,0,0,0,1,0,0,0,0,1,2
FFF,2014B,604969,0,Scotland,Lower Than A Level,20-Oct,35-55,0,60,0,Withdrawn,15,0,0,0,0,1,1,0,1,0,1,1,1,1,1,10
FFF,2014B,605228,1,London Region,Lower Than A Level,70-80%,0-35,1,240,0,Withdrawn,10,0,1,0,1,1,1,1,0,1,1,0,1,1,1,1
FFF,2014B,605312,0,East Midlands Region,A Level or Equivalent,70-80%,35-55,0,60,0,Pass,2,0,0,0,0,0,0,1,1,0,1,0,0,0,1,2
FFF,2014B,605370,0,Wales,A Level or Equivalent,50-60%,0-35,0,120,0,Fail,15,1,0,0,1,0,1,1,0,1,1,1,1,0,1,10
FFF,2014B,605475,0,Scotland,A Level or Equivalent,60-70%,0-35,0,180,0,Pass,9,0,1,1,0,1,0,0,0,1,0,0,0,1,1,4
FFF,2014B,605493,0,East Midlands Region,A Level or Equivalent,20-30%,35-55,0,60,0,Pass,2,1,0,0,1,0,1,0,1,1,0,0,1,0,0,2
FFF,2014B,605522,0,Yorkshire Region,Lower Than A Level,0-10%,0-35,0,60,0,Fail,13,1,1,1,1,1,0,1,0,1,0,0,0,1,1,5
FFF,2014B,606300,1,East Midlands Region,A Level or Equivalent,20-30%,0-35,0,90,0,Withdrawn,3,0,1,1,1,1,0,0,0,1,0,1,0,1,0,8
FFF,2014B,606407,0,Yorkshire Region,A Level or Equivalent,0-10%,35-55,1,120,0,Fail,8,1,0,0,0,1,0,0,1,1,1,0,0,0,1,3
FFF,2014B,606713,0,Ireland,HE Qualification,0-10%,35-55,0,60,0,Pass,2,0,1,1,1,1,0,1,1,0,1,0,1,0,1,2
FFF,2014B,606870,0,West Midlands Region,Lower Than A Level,80-90%,35-55,0,90,0,Pass,9,1,0,0,0,0,0,1,0,1,1,1,0,1,1,4
FFF,2014B,606911,0,South West Region,Lower Than A Level,40-50%,35-55,1,150,0,Withdrawn,13,1,0,0,0,0,0,0,0,1,1,0,0,1,1,5
FFF,2014B,606935,0,Scotland,HE Qualification,20-30%,0-35,1,120,0,Fail,8,0,1,0,1,0,0,1,1,1,1,1,0,1,1,3
FFF,2014B,606967,0,Scotland,A Level or Equivalent,70-80%,0-35,1,150,0,Fail,3,1,0,0,1,1,0,1,0,0,1,1,0,1,0,8
FFF,2014B,606976,0,Ireland,Lower Than A Level,90-100%,0-35,0,60,0,Pass,10,0,0,1,1,1,0,0,1,1,0,1,0,1,1,1
FFF,2014B,606977,0,North Western Region,Lower Than A Level,20-Oct,0-35,0,60,0,Pass,14,0,1,1,1,1,0,0,0,0,0,0,0,0,1,5
FFF,2014B,607453,0,South East Region,HE Qualification,20-30%,0-35,1,240,0,Pass,12,0,0,0,0,1,1,1,1,0,1,0,0,0,1,7
FFF,2014B,607702,0,North Western Region,Lower Than A Level,20-Oct,0-35,1,120,0,Fail,4,1,0,1,0,0,0,0,1,1,1,0,1,0,0,8
FFF,2014B,607896,0,London Region,A Level or Equivalent,30-40%,0-35,1,150,1,Pass,8,0,1,1,1,1,0,1,0,1,0,0,0,0,0,3
FFF,2014B,607899,0,Ireland,Lower Than A Level,20-30%,0-35,0,60,0,Fail,7,0,1,1,0,0,1,1,1,1,1,0,0,1,1,3
FFF,2014B,608111,0,London Region,HE Qualification,20-Oct,35-55,1,180,0,Fail,10,1,1,0,1,1,1,0,1,1,0,0,1,0,0,1
FFF,2014B,608173,0,Wales,Lower Than A Level,20-30%,0-35,0,75,0,Withdrawn,14,0,1,0,1,0,0,0,1,0,0,0,0,0,0,5
FFF,2014B,608618,0,North Western Region,A Level or Equivalent,30-40%,0-35,1,120,0,Withdrawn,8,1,1,1,1,0,1,0,1,0,1,1,0,0,1,3
FFF,2014B,608727,0,North Region,A Level or Equivalent,20-Oct,0-35,1,120,0,Withdrawn,15,0,1,0,1,0,1,0,1,1,0,0,1,1,0,10
FFF,2014B,608864,1,Scotland,Post Graduate Qualification,90-100%,35-55,1,120,0,Fail,5,1,1,1,0,0,1,1,0,0,1,0,1,1,1,9
FFF,2014B,608891,0,London Region,Lower Than A Level,60-70%,0-35,0,60,0,Distinction,4,1,1,1,1,0,0,1,1,1,0,1,1,1,1,8
FFF,2014B,609171,0,East Midlands Region,Lower Than A Level,30-40%,0-35,0,120,0,Fail,14,0,0,1,1,0,1,1,0,1,1,1,0,1,0,5
FFF,2014B,609347,0,East Midlands Region,Lower Than A Level,30-40%,35-55,0,60,0,Withdrawn,12,1,1,0,1,0,0,1,0,0,1,0,1,1,0,7
FFF,2014B,609868,1,Wales,Lower Than A Level,20-Oct,0-35,0,90,0,Fail,7,0,1,1,1,1,0,0,1,1,0,1,0,0,0,3
FFF,2014B,609891,0,West Midlands Region,A Level or Equivalent,50-60%,0-35,1,240,0,Pass,4,1,1,1,0,0,1,1,0,1,0,0,0,0,0,8
FFF,2014B,610094,0,Yorkshire Region,Lower Than A Level,40-50%,35-55,0,60,0,Pass,4,0,0,0,1,0,0,1,1,0,1,1,1,0,0,8
FFF,2014B,610267,0,West Midlands Region,Lower Than A Level,0-10%,0-35,0,60,0,Withdrawn,15,1,0,1,1,0,1,0,0,0,0,1,1,1,1,10
FFF,2014B,610272,0,North Region,Lower Than A Level,,0-35,0,60,0,Pass,16,0,1,1,1,0,1,0,1,0,0,0,1,0,0,10
FFF,2014B,610273,0,London Region,A Level or Equivalent,0-10%,0-35,0,60,0,Pass,3,0,0,1,0,0,1,0,1,1,0,0,1,0,1,8
FFF,2014B,610771,0,South East Region,A Level or Equivalent,70-80%,0-35,0,120,0,Pass,5,1,0,1,1,0,1,0,0,0,1,0,0,0,0,9
FFF,2014B,610775,0,South East Region,A Level or Equivalent,50-60%,0-35,0,120,0,Pass,4,1,1,0,0,1,1,1,1,1,1,1,1,0,1,8
FFF,2014B,610778,0,East Midlands Region,A Level or Equivalent,40-50%,0-35,1,120,0,Withdrawn,10,0,1,0,0,0,1,1,0,1,0,1,1,0,0,1
FFF,2014B,610992,0,North Region,A Level or Equivalent,,35-55,0,210,0,Pass,9,1,1,0,0,0,0,1,1,1,0,0,1,0,0,4
FFF,2014B,611185,0,North Region,Lower Than A Level,,0-35,0,120,0,Pass,3,1,0,0,0,0,1,0,1,0,1,1,0,0,1,8
FFF,2014B,611245,0,Wales,Lower Than A Level,60-70%,0-35,1,240,0,Withdrawn,5,0,0,0,1,1,0,0,0,0,1,0,0,1,0,9
FFF,2014B,611350,0,Wales,A Level or Equivalent,30-40%,0-35,0,120,0,Pass,15,0,0,1,0,0,0,1,0,0,1,0,1,1,1,10
FFF,2014B,611427,0,North Region,Lower Than A Level,,0-35,0,60,0,Fail,3,1,1,1,0,1,0,0,1,1,1,0,0,1,0,8
FFF,2014B,611517,0,East Anglian Region,Lower Than A Level,70-80%,0-35,0,60,0,Fail,13,1,0,0,0,1,1,0,0,1,1,1,0,0,0,5
FFF,2014B,611542,0,North Region,A Level or Equivalent,,0-35,0,60,1,Distinction,8,1,0,1,0,0,0,1,0,0,1,1,0,0,0,3
FFF,2014B,611581,0,South West Region,A Level or Equivalent,20-Oct,0-35,0,60,1,Withdrawn,15,1,1,1,1,1,0,0,0,0,0,0,1,0,1,10
FFF,2014B,611595,0,North Region,HE Qualification,,35-55,0,60,0,Pass,16,1,1,1,1,0,1,0,0,0,1,1,0,1,1,10
FFF,2014B,611635,0,Yorkshire Region,A Level or Equivalent,0-10%,35-55,0,60,0,Pass,1,0,0,1,0,1,1,0,0,1,1,0,0,1,1,2
FFF,2014B,611714,0,South Region,HE Qualification,70-80%,0-35,0,90,0,Fail,2,1,0,0,0,1,0,0,1,1,1,1,0,1,0,2
FFF,2014B,611763,0,North Western Region,Lower Than A Level,30-40%,0-35,0,60,0,Pass,1,1,0,0,1,1,0,1,0,0,1,1,1,1,1,2
FFF,2014B,611798,0,Wales,HE Qualification,20-Oct,0-35,0,60,0,Fail,9,0,0,1,1,1,0,1,1,0,0,1,0,1,1,4
FFF,2014B,611813,0,South Region,Lower Than A Level,20-Oct,35-55,0,60,0,Distinction,5,1,1,1,0,0,1,0,1,1,1,1,0,1,0,9
FFF,2014B,611855,0,South West Region,Lower Than A Level,30-40%,0-35,0,60,0,Fail,6,1,0,0,1,1,1,0,1,0,0,0,1,0,0,9
FFF,2014B,611905,0,Wales,Lower Than A Level,20-Oct,35-55,0,60,0,Withdrawn,6,1,0,0,1,0,1,0,0,1,0,1,0,1,0,9
FFF,2014B,612248,0,Scotland,HE Qualification,30-40%,35-55,0,90,0,Pass,9,0,0,1,1,1,1,1,0,0,0,1,1,1,1,4
FFF,2014B,612254,0,West Midlands Region,A Level or Equivalent,0-10%,0-35,0,90,0,Withdrawn,13,0,1,1,1,0,0,0,1,1,1,0,1,0,0,5
FFF,2014B,612338,0,South Region,A Level or Equivalent,90-100%,0-35,0,180,0,Withdrawn,15,0,1,1,0,0,0,0,0,1,1,0,0,0,1,10
FFF,2014B,612506,1,Scotland,Lower Than A Level,20-30%,0-35,0,75,0,Fail,1,0,1,0,0,1,1,0,1,1,1,0,1,1,0,2
FFF,2014B,612528,0,South West Region,A Level or Equivalent,80-90%,0-35,0,120,0,Pass,5,1,0,1,1,1,0,1,0,1,0,1,0,0,0,9
FFF,2014B,612530,0,South Region,A Level or Equivalent,90-100%,0-35,0,120,0,Distinction,5,1,0,1,0,1,0,1,0,1,1,1,1,0,0,9
FFF,2014B,612535,0,South Region,A Level or Equivalent,90-100%,0-35,0,120,0,Distinction,1,1,0,1,0,0,1,1,0,0,0,1,1,0,0,2
FFF,2014B,612538,0,South Region,A Level or Equivalent,90-100%,0-35,0,120,0,Distinction,10,0,0,0,0,1,0,0,1,1,1,1,0,0,1,1
FFF,2014B,612539,0,South Region,A Level or Equivalent,90-100%,35-55,0,120,0,Pass,16,1,0,1,1,0,1,0,0,1,1,1,0,1,0,10
FFF,2014B,612540,0,South Region,A Level or Equivalent,50-60%,0-35,0,120,0,Distinction,7,1,0,0,1,1,0,1,0,0,0,0,1,1,0,3
FFF,2014B,612542,0,South Region,HE Qualification,90-100%,0-35,0,120,0,Pass,4,1,0,1,0,1,1,0,1,0,1,1,0,1,1,8
FFF,2014B,612543,1,South Region,A Level or Equivalent,90-100%,0-35,0,120,0,Pass,7,0,0,0,1,0,1,1,0,0,0,0,0,1,0,3
FFF,2014B,612545,1,South Region,A Level or Equivalent,80-90%,0-35,0,120,0,Distinction,3,1,0,1,1,1,1,1,0,0,0,0,0,0,1,8
FFF,2014B,612547,0,South Region,A Level or Equivalent,80-90%,0-35,0,120,0,Distinction,10,1,1,0,1,1,0,1,1,1,1,1,0,1,1,1
FFF,2014B,612549,0,South Region,A Level or Equivalent,70-80%,0-35,0,120,0,Pass,10,1,1,0,0,1,1,0,0,1,1,1,1,1,1,1
FFF,2014B,612598,0,London Region,Lower Than A Level,50-60%,0-35,0,60,0,Fail,7,1,1,1,1,0,0,0,1,1,0,1,1,1,0,3
FFF,2014B,612607,0,Scotland,Lower Than A Level,70-80%,35-55,0,60,0,Fail,7,1,1,0,0,0,0,1,0,0,1,0,1,0,0,3
FFF,2014B,612638,1,East Anglian Region,Lower Than A Level,40-50%,35-55,0,60,0,Withdrawn,15,0,0,0,1,1,0,0,1,0,0,0,0,0,0,10
FFF,2014B,612740,0,North Western Region,A Level or Equivalent,30-40%,0-35,0,60,0,Fail,4,1,1,1,0,1,0,1,0,1,0,0,0,1,1,8
FFF,2014B,612743,0,London Region,A Level or Equivalent,30-40%,0-35,0,60,0,Fail,3,1,0,0,1,1,1,0,0,0,1,0,0,0,0,8
FFF,2014B,612880,0,South West Region,Lower Than A Level,50-60%,0-35,0,60,0,Withdrawn,1,0,1,1,1,1,1,1,0,1,1,1,1,1,1,2
FFF,2014B,612982,0,East Anglian Region,Lower Than A Level,30-40%,0-35,0,60,0,Fail,10,0,1,0,1,0,1,0,1,1,0,1,0,1,1,1
FFF,2014B,613013,0,East Midlands Region,Lower Than A Level,40-50%,0-35,0,60,0,Fail,9,0,0,0,0,0,1,1,0,0,1,0,0,0,1,4
FFF,2014B,613106,0,North Region,A Level or Equivalent,0-10%,0-35,0,60,0,Withdrawn,13,1,1,0,1,1,1,1,1,1,1,1,0,0,0,5
FFF,2014B,613146,0,West Midlands Region,A Level or Equivalent,20-30%,0-35,0,60,0,Withdrawn,5,1,0,0,0,0,1,1,1,0,0,0,1,0,0,9
FFF,2014B,613152,0,South East Region,A Level or Equivalent,20-Oct,0-35,0,60,1,Fail,5,1,0,1,0,0,1,1,0,0,1,0,1,1,1,9
FFF,2014B,613226,0,South Region,Lower Than A Level,40-50%,35-55,0,60,0,Withdrawn,9,1,1,0,0,1,1,0,1,0,1,0,0,1,0,4
FFF,2014B,613255,0,South East Region,Lower Than A Level,90-100%,35-55,0,60,0,Pass,5,0,0,1,1,0,0,1,1,1,0,1,0,1,1,9
FFF,2014B,613281,0,East Anglian Region,Lower Than A Level,60-70%,35-55,0,60,1,Fail,7,1,1,0,0,0,1,0,1,1,1,0,0,1,1,3
FFF,2014B,613417,0,Wales,Lower Than A Level,20-Oct,0-35,0,90,0,Fail,1,0,0,0,1,0,0,0,1,0,0,0,1,0,1,2
FFF,2014B,613447,0,East Midlands Region,Lower Than A Level,20-Oct,0-35,0,120,1,Fail,4,0,1,1,0,0,0,1,0,1,1,1,0,1,0,8
FFF,2014B,613459,1,East Midlands Region,A Level or Equivalent,40-50%,0-35,0,60,0,Fail,14,1,0,1,0,1,0,1,0,0,0,1,0,1,1,5
FFF,2014B,613461,0,Scotland,Lower Than A Level,90-100%,0-35,0,90,0,Pass,4,0,1,0,1,1,1,1,1,1,1,0,1,1,1,8
FFF,2014B,613464,0,East Anglian Region,Lower Than A Level,70-80%,0-35,0,60,0,Pass,7,1,1,0,1,0,0,0,0,0,0,0,0,1,0,3
FFF,2014B,613574,0,South Region,A Level or Equivalent,80-90%,0-35,0,60,0,Fail,7,1,0,1,1,1,1,1,0,0,1,0,1,1,0,3
FFF,2014B,613593,0,South East Region,A Level or Equivalent,90-100%,0-35,0,60,0,Fail,15,0,1,0,0,0,1,0,1,0,0,0,1,1,1,10
FFF,2014B,613630,1,South East Region,Lower Than A Level,30-40%,35-55,0,60,0,Pass,3,1,0,0,1,1,0,0,1,1,1,1,0,0,0,8
FFF,2014B,613676,0,Scotland,Lower Than A Level,20-30%,0-35,0,60,0,Withdrawn,14,0,0,1,1,0,1,1,1,0,1,0,0,1,0,5
FFF,2014B,613677,1,North Region,A Level or Equivalent,20-30%,0-35,0,90,0,Fail,8,0,0,0,1,0,1,0,0,1,1,1,0,1,1,3
FFF,2014B,613717,1,South Region,A Level or Equivalent,30-40%,0-35,0,90,0,Withdrawn,5,0,1,0,1,0,0,0,0,0,0,0,1,0,0,9
FFF,2014B,613775,0,East Anglian Region,Lower Than A Level,40-50%,0-35,0,60,0,Withdrawn,7,1,1,0,1,1,0,0,1,0,1,0,1,1,0,3
FFF,2014B,613865,0,East Anglian Region,A Level or Equivalent,60-70%,0-35,0,60,0,Pass,10,1,0,0,1,0,1,0,0,1,1,1,1,0,0,1
FFF,2014B,613900,0,East Midlands Region,Lower Than A Level,40-50%,35-55,0,60,0,Pass,9,0,1,1,1,1,0,0,0,0,0,0,1,1,0,4
FFF,2014B,613928,1,North Western Region,Lower Than A Level,20-30%,0-35,0,60,0,Fail,4,1,1,1,1,0,1,0,0,1,1,1,0,1,0,8
FFF,2014B,613952,0,North Region,Lower Than A Level,,0-35,0,60,0,Pass,8,1,0,1,1,1,1,1,1,0,1,0,0,0,0,3
FFF,2014B,614059,0,South Region,HE Qualification,90-100%,35-55,0,90,1,Withdrawn,14,1,1,1,0,1,0,1,0,0,1,1,0,0,0,5
FFF,2014B,614083,0,North Western Region,Lower Than A Level,0-10%,0-35,0,60,1,Fail,5,1,1,0,1,0,0,0,0,1,1,0,0,0,1,9
FFF,2014B,614163,0,South West Region,A Level or Equivalent,20-30%,0-35,0,60,0,Pass,15,1,1,1,1,1,0,1,1,1,0,1,0,1,1,10
FFF,2014B,614172,1,London Region,A Level or Equivalent,30-40%,0-35,0,120,0,Withdrawn,10,1,0,0,1,0,1,0,1,1,0,1,1,1,0,1
FFF,2014B,614181,0,North Western Region,HE Qualification,60-70%,0-35,0,60,0,Distinction,6,1,0,0,1,0,0,0,1,0,1,0,0,1,1,9
FFF,2014B,614381,1,Yorkshire Region,HE Qualification,20-30%,0-35,0,60,0,Withdrawn,6,0,1,1,0,0,1,1,0,1,0,0,1,1,1,9
FFF,2014B,614599,0,West Midlands Region,Lower Than A Level,20-Oct,0-35,0,90,0,Fail,14,0,1,1,1,0,1,1,0,0,0,0,1,1,1,5
FFF,2014B,614661,1,South West Region,A Level or Equivalent,0-10%,0-35,0,60,0,Withdrawn,13,1,1,1,0,0,0,0,1,0,1,0,1,0,0,5
FFF,2014B,614730,0,South West Region,Lower Than A Level,30-40%,0-35,0,60,1,Withdrawn,2,1,0,1,1,1,1,1,1,0,0,1,1,1,1,2
FFF,2014B,614733,0,London Region,No Formal quals,0-10%,0-35,0,120,0,Fail,13,1,0,0,0,1,1,0,1,1,0,0,0,0,0,5
FFF,2014B,614764,1,Yorkshire Region,A Level or Equivalent,0-10%,0-35,0,60,0,Pass,14,1,1,1,1,0,0,0,0,1,1,1,0,1,0,5
FFF,2014B,614801,0,Yorkshire Region,Lower Than A Level,90-100%,0-35,0,120,0,Fail,16,1,0,1,1,0,0,0,1,1,0,1,0,1,1,10
FFF,2014B,614812,0,North Region,A Level or Equivalent,20-Oct,0-35,0,90,0,Fail,15,0,0,0,0,1,0,0,1,0,1,1,1,1,0,10
FFF,2014B,614887,0,East Anglian Region,Lower Than A Level,70-80%,0-35,0,60,0,Pass,14,0,1,1,1,1,0,0,1,0,0,1,1,1,1,5
FFF,2014B,614907,0,East Anglian Region,Lower Than A Level,80-90%,0-35,0,90,0,Withdrawn,15,1,1,1,1,0,1,0,1,1,0,0,1,0,0,10
FFF,2014B,614973,0,East Midlands Region,Lower Than A Level,40-50%,0-35,0,90,0,Fail,4,1,0,1,1,1,1,0,1,0,0,0,0,0,1,8
FFF,2014B,614984,0,South West Region,Lower Than A Level,0-10%,35-55,0,60,0,Withdrawn,9,1,0,1,0,1,1,1,1,0,0,0,1,0,0,4
FFF,2014B,614994,0,Ireland,A Level or Equivalent,0-10%,0-35,0,60,0,Fail,3,1,0,0,1,0,1,0,0,1,1,1,0,1,1,8
FFF,2014B,615225,1,East Midlands Region,Lower Than A Level,80-90%,0-35,0,60,0,Pass,10,1,1,0,1,0,1,0,0,1,1,1,0,1,0,1
FFF,2014B,615241,0,Yorkshire Region,A Level or Equivalent,90-100%,0-35,0,60,0,Pass,2,1,1,1,0,0,0,1,0,1,0,1,1,0,0,2
FFF,2014B,615426,0,East Midlands Region,Lower Than A Level,60-70%,0-35,0,60,0,Withdrawn,7,1,0,1,1,0,0,0,1,1,0,0,0,0,0,3
FFF,2014B,615429,0,North Region,HE Qualification,20-30%,0-35,0,60,0,Withdrawn,16,1,1,0,0,0,0,0,1,1,0,1,0,1,0,10
FFF,2014B,615439,0,East Anglian Region,Lower Than A Level,80-90%,0-35,0,60,1,Pass,5,0,0,0,0,0,0,0,0,1,1,1,1,1,0,9
FFF,2014B,616383,0,North Region,A Level or Equivalent,50-60%,0-35,0,60,0,Distinction,15,0,1,1,1,1,0,0,0,0,0,0,0,0,0,10
FFF,2014B,616453,1,East Anglian Region,Lower Than A Level,50-60%,0-35,0,60,0,Fail,8,1,1,1,0,1,0,1,0,1,0,0,1,1,1,3
FFF,2014B,616557,0,Yorkshire Region,HE Qualification,60-70%,35-55,0,60,0,Withdrawn,6,1,1,1,0,1,0,0,0,0,0,0,0,1,0,9
FFF,2014B,616613,0,South West Region,Lower Than A Level,40-50%,0-35,0,60,1,Withdrawn,9,1,0,1,0,1,0,0,1,1,1,1,1,1,1,4
FFF,2014B,616646,0,East Midlands Region,A Level or Equivalent,20-Oct,0-35,0,60,0,Pass,11,0,0,1,1,1,0,0,0,0,0,0,0,0,1,6
FFF,2014B,616688,0,East Midlands Region,A Level or Equivalent,20-Oct,0-35,0,90,0,Distinction,5,0,1,1,0,1,1,0,1,1,0,1,1,1,1,9
FFF,2014B,616789,0,London Region,A Level or Equivalent,80-90%,0-35,0,60,0,Pass,8,0,1,1,0,0,1,0,1,0,1,1,1,0,0,3
FFF,2014B,616794,0,Scotland,Lower Than A Level,0-10%,35-55,0,60,0,Fail,2,0,0,1,1,0,1,1,0,0,0,1,0,0,0,2
FFF,2014B,616909,0,London Region,Lower Than A Level,50-60%,0-35,0,120,0,Fail,15,1,0,1,0,1,0,1,0,0,1,1,1,0,1,10
FFF,2014B,616913,0,Yorkshire Region,Lower Than A Level,30-40%,0-35,0,60,0,Pass,1,0,1,1,1,1,1,0,1,1,1,0,1,0,0,2
FFF,2014B,617010,1,North Western Region,A Level or Equivalent,0-10%,0-35,0,60,0,Withdrawn,11,0,1,0,1,0,0,1,1,1,0,0,0,0,1,6
FFF,2014B,617014,0,North Region,Lower Than A Level,0-10%,0-35,0,120,0,Pass,1,1,0,1,1,1,0,0,1,0,1,1,0,1,1,2
FFF,2014B,617015,1,London Region,A Level or Equivalent,40-50%,35-55,0,60,0,Withdrawn,11,1,1,1,1,1,1,0,0,1,0,1,0,1,1,6
FFF,2014B,617018,0,London Region,Lower Than A Level,40-50%,0-35,0,60,0,Fail,15,0,1,1,1,1,1,1,1,1,0,0,0,1,0,10
FFF,2014B,617053,0,West Midlands Region,A Level or Equivalent,20-30%,0-35,0,60,0,Fail,2,0,1,0,0,0,0,1,1,0,1,0,0,1,1,2
FFF,2014B,617130,0,Ireland,A Level or Equivalent,90-100%,0-35,0,90,0,Withdrawn,11,0,0,1,1,1,0,1,0,0,0,0,0,1,1,6
FFF,2014B,617201,0,South West Region,Lower Than A Level,90-100%,0-35,0,90,0,Pass,9,1,0,0,1,0,0,1,1,0,0,1,0,0,0,4
FFF,2014B,617212,0,South Region,A Level or Equivalent,20-30%,0-35,0,60,0,Withdrawn,13,1,1,1,1,1,1,0,0,1,0,0,0,1,1,5
FFF,2014B,617255,0,London Region,Lower Than A Level,20-Oct,0-35,0,60,0,Withdrawn,1,0,0,0,0,1,0,1,1,0,0,1,0,1,1,2
FFF,2014B,617307,1,East Anglian Region,Lower Than A Level,20-30%,0-35,0,120,0,Withdrawn,5,1,0,0,1,0,1,1,1,0,1,0,0,0,1,9
FFF,2014B,617318,0,East Midlands Region,Lower Than A Level,30-40%,0-35,0,60,1,Pass,8,1,0,1,0,1,0,1,0,0,0,0,0,0,1,3
FFF,2014B,617343,0,London Region,A Level or Equivalent,70-80%,0-35,0,90,0,Withdrawn,8,1,0,1,1,0,0,1,0,0,0,0,0,0,1,3
FFF,2014B,617358,0,South East Region,A Level or Equivalent,20-30%,0-35,0,60,1,Withdrawn,4,0,1,1,1,1,0,0,1,1,1,1,1,1,0,8
FFF,2014B,617382,0,Scotland,Lower Than A Level,20-Oct,0-35,0,60,0,Pass,16,0,1,1,0,1,1,0,1,0,1,0,1,0,0,10
FFF,2014B,617406,0,North Western Region,Lower Than A Level,0-10%,0-35,0,60,0,Withdrawn,12,0,1,1,1,0,1,1,0,0,1,0,1,1,0,7
FFF,2014B,617437,0,South West Region,A Level or Equivalent,0-10%,0-35,0,60,0,Withdrawn,15,0,0,1,1,0,0,0,1,1,0,0,0,0,0,10
FFF,2014B,617534,1,East Midlands Region,Lower Than A Level,60-70%,35-55,0,60,1,Pass,1,1,0,0,1,0,1,0,0,0,0,0,0,0,1,2
FFF,2014B,617535,0,Yorkshire Region,Lower Than A Level,20-30%,0-35,0,60,0,Fail,3,0,0,1,0,1,1,1,1,1,1,1,0,1,1,8
FFF,2014B,617540,0,South Region,A Level or Equivalent,80-90%,0-35,0,60,0,Fail,1,0,0,0,1,0,0,0,0,0,0,1,1,1,0,2
FFF,2014B,617543,0,East Anglian Region,A Level or Equivalent,0-10%,0-35,0,120,0,Withdrawn,12,1,1,0,1,0,0,0,1,1,0,1,0,1,0,7
FFF,2014B,617557,1,South Region,A Level or Equivalent,30-40%,0-35,0,60,0,Withdrawn,15,0,1,1,1,1,0,0,1,0,0,1,1,0,0,10
FFF,2014B,617564,1,Wales,Lower Than A Level,30-40%,35-55,0,60,0,Fail,14,1,1,1,0,1,0,1,1,1,0,1,1,1,0,5
FFF,2014B,617638,0,Scotland,Lower Than A Level,30-40%,0-35,0,60,0,Withdrawn,11,0,0,1,0,0,1,1,0,1,0,1,1,0,1,6
FFF,2014B,617647,0,London Region,No Formal quals,0-10%,0-35,0,120,0,Withdrawn,9,0,1,1,0,0,1,1,0,1,1,1,0,1,1,4
FFF,2014B,617678,1,North Western Region,A Level or Equivalent,80-90%,0-35,0,60,0,Pass,14,0,1,0,0,0,1,1,1,0,0,0,0,0,1,5
FFF,2014B,617734,0,South Region,A Level or Equivalent,60-70%,0-35,0,60,0,Pass,7,0,0,1,1,0,1,0,0,0,1,0,1,1,0,3
FFF,2014B,617740,0,Wales,A Level or Equivalent,0-10%,0-35,0,60,0,Pass,15,1,0,1,1,0,1,1,1,0,0,1,1,1,0,10
FFF,2014B,617751,0,Scotland,HE Qualification,20-Oct,0-35,0,60,0,Pass,4,1,0,1,1,0,1,1,0,1,0,1,0,0,1,8
FFF,2014B,617805,0,North Region,Lower Than A Level,20-Oct,0-35,0,60,0,Pass,10,1,1,0,0,1,0,1,0,0,0,0,0,0,0,1
FFF,2014B,617824,1,East Anglian Region,Lower Than A Level,20-Oct,0-35,0,60,0,Withdrawn,6,1,1,0,1,1,1,1,0,1,1,0,0,1,0,9
FFF,2014B,617829,0,South Region,A Level or Equivalent,90-100%,0-35,0,60,1,Pass,15,0,0,1,1,0,1,1,0,0,1,0,1,0,0,10
FFF,2014B,617847,0,East Anglian Region,Lower Than A Level,30-40%,0-35,0,90,1,Withdrawn,7,0,0,0,1,0,0,0,0,0,1,1,1,1,0,3
FFF,2014B,617868,0,East Anglian Region,Lower Than A Level,70-80%,0-35,0,120,1,Pass,7,0,0,1,0,1,0,1,0,0,0,0,1,1,1,3
FFF,2014B,617945,0,South East Region,A Level or Equivalent,20-30%,0-35,0,120,0,Fail,5,1,0,1,1,0,0,0,0,1,1,1,1,1,1,9
FFF,2014B,617965,0,North Region,Lower Than A Level,,0-35,0,60,0,Pass,16,1,0,0,0,0,0,0,0,0,1,1,1,0,1,10
FFF,2014B,617976,0,East Midlands Region,A Level or Equivalent,80-90%,0-35,0,60,0,Pass,14,0,0,0,1,0,1,0,1,1,0,0,1,1,1,5
FFF,2014B,617998,0,Ireland,A Level or Equivalent,20-Oct,35-55,0,60,0,Pass,15,1,1,1,0,0,1,1,0,1,1,1,0,1,0,10
FFF,2014B,618004,0,Ireland,Lower Than A Level,70-80%,0-35,0,60,0,Pass,10,0,0,1,0,0,1,0,0,0,0,1,1,1,0,1
FFF,2014B,618005,0,Yorkshire Region,Lower Than A Level,40-50%,0-35,0,60,0,Pass,16,0,0,1,1,1,0,0,0,1,0,1,1,0,0,10
FFF,2014B,618015,1,West Midlands Region,A Level or Equivalent,50-60%,0-35,0,60,0,Pass,3,0,0,1,0,0,1,1,0,0,1,1,0,0,0,8
FFF,2014B,618124,0,South West Region,Lower Than A Level,50-60%,0-35,0,60,0,Withdrawn,3,0,1,1,1,0,1,1,1,1,0,0,1,1,1,8
FFF,2014B,618216,1,South East Region,A Level or Equivalent,90-100%,0-35,0,60,0,Pass,11,1,0,1,1,0,1,1,1,0,0,1,0,0,1,6
FFF,2014B,618279,0,North Western Region,Lower Than A Level,0-10%,0-35,0,90,0,Fail,4,1,1,0,1,1,0,1,0,1,1,1,0,1,1,8
FFF,2014B,618280,0,East Anglian Region,A Level or Equivalent,30-40%,35-55,0,60,0,Pass,8,0,0,0,0,0,1,0,0,0,1,0,0,0,0,3
FFF,2014B,618293,0,West Midlands Region,HE Qualification,30-40%,0-35,0,60,0,Pass,12,1,0,1,0,0,1,1,0,1,0,1,1,1,1,7
FFF,2014B,618390,0,Scotland,Lower Than A Level,60-70%,0-35,0,75,0,Fail,16,1,0,1,1,1,0,1,0,0,0,1,1,0,1,10
FFF,2014B,618397,0,East Anglian Region,HE Qualification,40-50%,0-35,0,60,0,Pass,7,1,1,1,1,1,0,1,1,0,0,1,0,1,1,3
FFF,2014B,618412,0,Scotland,A Level or Equivalent,30-40%,0-35,0,60,0,Pass,11,0,1,0,0,1,1,1,1,0,0,1,1,1,0,6
FFF,2014B,618513,0,Yorkshire Region,A Level or Equivalent,90-100%,0-35,0,60,0,Pass,9,0,1,0,1,0,1,0,0,0,1,1,0,1,1,4
FFF,2014B,618519,1,Scotland,A Level or Equivalent,20-30%,35-55,0,60,0,Pass,16,0,0,0,0,0,0,1,1,0,1,1,0,1,0,10
FFF,2014B,618590,0,South Region,A Level or Equivalent,60-70%,0-35,0,90,1,Pass,2,0,1,0,1,0,1,0,1,1,0,0,0,0,1,2
FFF,2014B,618642,1,London Region,Lower Than A Level,20-30%,35-55,0,90,0,Withdrawn,16,0,0,1,0,1,0,0,1,0,0,1,0,1,0,10
FFF,2014B,618662,1,South East Region,Lower Than A Level,0-10%,0-35,0,60,0,Withdrawn,8,0,0,1,0,1,0,0,1,0,0,1,0,0,0,3
FFF,2014B,618665,0,South Region,Lower Than A Level,20-Oct,0-35,0,90,0,Fail,16,1,1,0,0,1,0,0,0,1,1,0,0,0,1,10
FFF,2014B,618667,0,Ireland,Lower Than A Level,40-50%,0-35,0,60,0,Fail,16,1,0,0,0,0,1,1,1,1,0,0,0,1,1,10
FFF,2014B,618684,0,North Region,A Level or Equivalent,40-50%,0-35,0,60,0,Withdrawn,6,1,1,1,0,1,0,1,0,1,1,1,1,0,0,9
FFF,2014B,618744,0,South East Region,Lower Than A Level,40-50%,0-35,0,90,1,Withdrawn,10,0,0,0,1,1,0,0,0,0,0,1,1,1,0,1
FFF,2014B,618843,0,East Anglian Region,Lower Than A Level,50-60%,0-35,0,60,0,Withdrawn,6,0,1,0,0,0,0,1,1,0,0,0,0,0,1,9
FFF,2014B,618848,0,South West Region,Lower Than A Level,70-80%,0-35,0,60,0,Withdrawn,13,0,1,1,0,1,0,1,0,1,0,0,1,1,0,5
FFF,2014B,618875,0,North Region,A Level or Equivalent,60-70%,0-35,0,60,0,Pass,7,0,1,0,1,1,0,0,0,1,1,0,0,1,1,3
FFF,2014B,618903,0,North Western Region,A Level or Equivalent,30-40%,0-35,0,120,0,Withdrawn,5,0,0,1,0,1,1,0,1,0,0,0,1,1,1,9
FFF,2014B,618914,0,South West Region,Lower Than A Level,90-100%,0-35,0,60,1,Pass,16,0,0,1,1,1,1,1,0,1,0,0,0,0,0,10
FFF,2014B,618925,0,North Western Region,A Level or Equivalent,60-70%,0-35,0,60,0,Fail,2,0,0,0,1,0,1,1,0,1,0,1,0,1,1,2
FFF,2014B,618942,0,North Region,Lower Than A Level,20-Oct,0-35,0,90,0,Withdrawn,2,0,1,1,1,0,1,0,1,1,0,0,1,1,1,2
FFF,2014B,619001,0,Yorkshire Region,Lower Than A Level,70-80%,0-35,0,120,0,Withdrawn,15,1,1,1,0,0,0,1,0,1,0,0,1,0,0,10
FFF,2014B,619112,0,South Region,A Level or Equivalent,90-100%,0-35,0,60,0,Withdrawn,10,0,0,1,0,0,0,0,0,1,1,0,0,1,1,1
FFF,2014B,619118,0,Scotland,A Level or Equivalent,0-10%,0-35,0,60,0,Fail,2,0,0,0,1,1,1,0,1,1,0,0,0,0,0,2
FFF,2014B,619204,1,South Region,Lower Than A Level,60-70%,0-35,0,90,0,Withdrawn,1,1,0,0,1,1,1,1,1,1,0,0,0,0,1,2
FFF,2014B,619205,0,East Anglian Region,Lower Than A Level,60-70%,0-35,0,60,0,Withdrawn,14,0,0,0,0,1,1,0,1,0,1,0,1,0,1,5
FFF,2014B,619341,1,Scotland,Lower Than A Level,20-30%,0-35,0,60,0,Pass,5,1,0,1,1,0,0,0,1,0,1,1,1,1,1,9
FFF,2014B,619410,1,Wales,Lower Than A Level,0-10%,0-35,0,90,0,Pass,10,0,1,0,1,1,1,1,0,0,0,0,1,1,0,1
FFF,2014B,619461,0,East Midlands Region,A Level or Equivalent,40-50%,0-35,0,60,0,Distinction,10,1,0,0,1,0,1,0,1,0,1,0,0,0,1,1
FFF,2014B,619887,0,East Midlands Region,Lower Than A Level,50-60%,0-35,0,180,0,Withdrawn,12,1,1,0,0,1,1,0,1,1,0,0,1,1,1,7
FFF,2014B,619921,0,East Midlands Region,Lower Than A Level,70-80%,0-35,0,120,0,Withdrawn,2,1,0,1,0,0,1,0,0,1,1,0,0,0,0,2
FFF,2014B,619974,0,Yorkshire Region,Lower Than A Level,0-10%,35-55,0,60,1,Withdrawn,16,1,0,1,0,0,1,1,1,1,0,1,1,0,1,10
FFF,2014B,620004,0,Yorkshire Region,A Level or Equivalent,0-10%,0-35,0,60,1,Withdrawn,16,0,0,0,0,1,1,1,0,1,1,0,0,0,0,10
FFF,2014B,620081,0,East Midlands Region,A Level or Equivalent,90-100%,0-35,0,60,0,Pass,8,0,0,1,0,0,0,0,0,0,0,0,1,0,0,3
FFF,2014B,620112,0,South East Region,Lower Than A Level,60-70%,0-35,0,60,0,Withdrawn,7,0,0,0,1,1,1,1,0,0,1,0,1,0,0,3
FFF,2014B,620200,0,South Region,HE Qualification,90-100%,0-35,0,60,0,Pass,6,0,1,0,1,0,1,0,1,0,0,1,1,0,1,9
FFF,2014B,620277,1,Ireland,A Level or Equivalent,30-40%,0-35,0,75,0,Fail,2,1,1,0,0,1,0,1,1,1,0,0,1,1,1,2
FFF,2014B,620320,0,North Western Region,Lower Than A Level,20-30%,0-35,0,120,1,Fail,1,0,0,1,1,0,1,1,0,1,0,1,1,1,0,2
FFF,2014B,620337,1,East Anglian Region,HE Qualification,30-40%,35-55,0,120,0,Withdrawn,7,0,1,0,0,1,0,0,0,1,1,1,0,1,1,3
FFF,2014B,620356,0,North Region,A Level or Equivalent,,0-35,0,90,0,Withdrawn,13,0,0,0,0,0,1,0,1,0,1,1,1,1,1,5
FFF,2014B,620364,0,East Anglian Region,A Level or Equivalent,90-100%,0-35,0,60,0,Withdrawn,13,0,1,1,1,1,1,1,1,0,0,1,1,1,0,5
FFF,2014B,620399,0,West Midlands Region,A Level or Equivalent,60-70%,0-35,0,60,0,Fail,10,0,1,0,1,1,1,0,0,1,1,1,0,0,1,1
FFF,2014B,620423,0,London Region,Lower Than A Level,20-30%,0-35,0,60,0,Fail,4,1,1,0,0,1,1,0,0,1,0,1,1,0,1,8
FFF,2014B,620430,0,West Midlands Region,A Level or Equivalent,80-90%,0-35,0,90,0,Withdrawn,13,1,0,0,0,0,1,0,1,1,1,0,1,1,0,5
FFF,2014B,620473,0,East Anglian Region,A Level or Equivalent,50-60%,0-35,0,60,1,Pass,12,1,0,0,1,0,1,1,1,0,1,1,1,1,0,7
FFF,2014B,620498,1,South Region,Lower Than A Level,40-50%,0-35,0,90,1,Fail,14,1,1,1,1,0,0,0,0,0,1,0,0,0,0,5
FFF,2014B,620801,0,Ireland,Lower Than A Level,20-Oct,0-35,0,120,0,Pass,3,1,1,1,1,1,1,0,1,0,1,1,1,0,1,8
FFF,2014B,620819,0,Ireland,A Level or Equivalent,60-70%,0-35,0,60,0,Pass,16,1,1,0,0,0,0,0,0,1,0,0,0,0,0,10
FFF,2014B,620933,0,London Region,A Level or Equivalent,20-Oct,0-35,0,60,0,Fail,15,0,1,1,0,0,1,1,0,1,0,1,1,0,1,10
FFF,2014B,621345,0,North Western Region,A Level or Equivalent,0-10%,0-35,0,60,0,Pass,10,1,0,0,1,0,0,1,1,0,0,1,1,1,1,1
FFF,2014B,621370,0,West Midlands Region,A Level or Equivalent,20-30%,0-35,0,60,0,Fail,12,1,0,1,0,0,0,1,0,1,1,1,0,0,1,7
FFF,2014B,621433,0,Scotland,A Level or Equivalent,50-60%,0-35,0,60,0,Fail,10,1,0,0,0,1,1,0,1,0,1,1,1,1,1,1
FFF,2014B,621436,0,London Region,A Level or Equivalent,20-30%,0-35,0,60,0,Pass,10,1,1,1,1,0,1,1,0,0,1,0,1,0,1,1
FFF,2014B,621441,1,Yorkshire Region,Lower Than A Level,20-30%,35-55,0,90,0,Pass,4,1,0,1,1,0,0,0,0,1,0,0,1,0,0,8
FFF,2014B,621464,0,North Western Region,A Level or Equivalent,20-30%,0-35,0,120,0,Fail,7,0,0,1,1,1,0,0,1,1,0,0,0,1,1,3
FFF,2014B,621475,0,Scotland,Lower Than A Level,60-70%,0-35,0,120,0,Pass,10,1,1,1,0,1,0,1,1,1,1,1,1,1,1,1
FFF,2014B,621531,0,London Region,A Level or Equivalent,50-60%,0-35,0,120,0,Pass,8,1,1,0,1,1,1,0,1,1,0,1,0,0,0,3
FFF,2014B,621580,1,North Western Region,A Level or Equivalent,60-70%,0-35,0,60,0,Pass,7,1,1,0,0,0,1,0,1,0,1,0,0,0,1,3
FFF,2014B,621675,0,South Region,Lower Than A Level,0-10%,0-35,0,120,0,Withdrawn,3,0,1,1,1,0,1,1,0,0,1,0,0,0,1,8
FFF,2014B,621682,0,East Midlands Region,Lower Than A Level,0-10%,35-55,0,60,0,Fail,7,0,0,1,1,1,1,0,1,1,1,1,1,1,1,3
FFF,2014B,621690,0,South West Region,A Level or Equivalent,90-100%,0-35,0,60,0,Fail,14,1,0,1,1,0,0,1,0,1,0,1,1,1,0,5
FFF,2014B,621696,0,London Region,A Level or Equivalent,40-50%,35-55,0,90,0,Pass,9,0,0,0,0,0,1,0,1,0,0,1,1,0,1,4
FFF,2014B,621698,0,East Midlands Region,Lower Than A Level,20-Oct,0-35,0,60,0,Fail,11,1,0,1,0,0,0,0,0,0,0,1,1,1,1,6
FFF,2014B,621722,1,South West Region,HE Qualification,30-40%,0-35,0,90,0,Pass,11,0,1,0,0,0,0,0,1,0,0,1,1,0,1,6
FFF,2014B,621741,0,Yorkshire Region,Lower Than A Level,20-30%,0-35,0,60,0,Fail,14,0,0,0,0,0,0,1,0,1,1,1,1,0,0,5
FFF,2014B,621881,0,Yorkshire Region,A Level or Equivalent,30-40%,0-35,0,60,0,Pass,10,0,0,0,1,1,1,1,0,0,1,0,0,0,0,1
FFF,2014B,621909,0,East Midlands Region,A Level or Equivalent,70-80%,0-35,0,120,0,Withdrawn,3,1,0,0,1,0,0,1,0,0,0,0,1,0,1,8
FFF,2014B,621952,0,East Anglian Region,Lower Than A Level,40-50%,0-35,0,60,0,Pass,16,1,1,1,0,0,1,1,0,0,1,0,0,0,1,10
FFF,2014B,621971,1,South Region,A Level or Equivalent,20-Oct,0-35,0,60,0,Pass,4,1,1,1,0,0,1,1,0,1,0,1,1,0,1,8
FFF,2014B,621990,0,West Midlands Region,Lower Than A Level,40-50%,0-35,0,60,0,Withdrawn,1,1,0,1,1,1,0,1,1,0,1,1,1,0,1,2
FFF,2014B,621998,0,South West Region,Lower Than A Level,70-80%,0-35,0,60,0,Pass,5,1,0,1,0,0,1,0,0,1,0,0,1,1,1,9
FFF,2014B,622038,1,North Western Region,HE Qualification,50-60%,35-55,0,150,0,Withdrawn,12,0,0,1,0,1,0,1,0,1,0,1,1,0,1,7
FFF,2014B,622096,0,South Region,Lower Than A Level,90-100%,35-55,0,60,1,Distinction,13,1,0,0,1,1,0,0,0,1,1,0,1,1,1,5
FFF,2014B,622130,1,Yorkshire Region,A Level or Equivalent,20-Oct,0-35,0,120,0,Fail,5,1,1,1,0,0,1,0,0,1,0,0,1,1,0,9
FFF,2014B,622164,0,Yorkshire Region,A Level or Equivalent,20-30%,0-35,0,60,0,Withdrawn,11,1,0,1,0,1,1,1,0,0,0,0,0,0,1,6
FFF,2014B,622218,0,North Region,A Level or Equivalent,20-Oct,0-35,0,60,0,Withdrawn,1,1,0,0,0,0,0,0,1,1,1,0,1,0,0,2
FFF,2014B,622239,0,Yorkshire Region,Lower Than A Level,0-10%,0-35,0,90,0,Withdrawn,7,1,1,1,0,1,0,1,0,1,1,1,0,0,0,3
FFF,2014B,622278,0,South Region,Lower Than A Level,30-40%,0-35,0,90,0,Pass,15,0,0,1,0,0,0,0,0,0,0,1,0,0,0,10
FFF,2014B,622374,0,North Western Region,HE Qualification,60-70%,35-55,0,60,0,Distinction,11,0,1,1,1,1,0,0,0,0,0,0,0,1,0,6
FFF,2014B,622392,0,North Region,No Formal quals,,0-35,0,120,0,Fail,9,0,0,0,1,1,0,1,0,0,1,0,0,0,0,4
FFF,2014B,622430,0,London Region,Lower Than A Level,0-10%,0-35,0,120,0,Fail,6,1,0,0,0,1,1,0,0,1,1,1,0,0,1,9
FFF,2014B,622442,1,London Region,A Level or Equivalent,20-30%,0-35,0,60,0,Pass,9,1,1,0,1,1,0,0,1,0,1,1,0,1,1,4
FFF,2014B,622639,1,South West Region,Lower Than A Level,20-30%,0-35,0,90,0,Withdrawn,9,1,0,0,1,1,1,1,0,1,1,1,0,1,1,4
FFF,2014B,622686,0,South Region,Lower Than A Level,50-60%,0-35,0,60,0,Distinction,6,1,1,1,1,0,0,1,0,0,0,0,1,0,1,9
FFF,2014B,622701,0,North Western Region,A Level or Equivalent,20-Oct,0-35,0,90,1,Pass,13,0,1,1,1,0,1,1,1,0,0,1,1,0,1,5
FFF,2014B,622859,0,East Anglian Region,Lower Than A Level,60-70%,0-35,0,60,0,Pass,14,0,0,0,0,0,0,1,0,0,0,0,0,1,1,5
FFF,2014B,622894,0,East Anglian Region,Lower Than A Level,40-50%,0-35,0,60,0,Withdrawn,3,1,0,1,0,0,0,1,0,0,1,1,1,0,0,8
FFF,2014B,622897,0,London Region,A Level or Equivalent,20-Oct,0-35,0,90,0,Withdrawn,3,0,0,0,0,0,0,1,0,1,1,0,1,0,1,8
FFF,2014B,622899,0,London Region,Post Graduate Qualification,30-40%,35-55,0,90,0,Withdrawn,10,0,1,0,1,0,0,1,0,0,0,1,0,0,1,1
FFF,2014B,622918,0,South East Region,Lower Than A Level,50-60%,0-35,0,60,1,Withdrawn,15,0,0,1,1,1,1,0,0,0,1,0,0,0,0,10
FFF,2014B,622935,0,London Region,Lower Than A Level,20-30%,0-35,0,60,0,Pass,7,0,1,1,1,1,0,0,0,1,1,0,0,1,0,3
FFF,2014B,622976,0,South East Region,Lower Than A Level,80-90%,0-35,0,60,0,Pass,6,0,0,0,0,1,1,1,1,0,0,0,0,0,0,9
FFF,2014B,623138,0,Wales,Lower Than A Level,60-70%,0-35,0,60,0,Fail,14,0,0,0,0,0,0,1,0,1,0,0,1,1,1,5
FFF,2014B,623180,0,West Midlands Region,Lower Than A Level,60-70%,0-35,0,90,0,Pass,13,0,1,0,0,1,1,1,1,0,1,1,1,0,1,5
FFF,2014B,623232,0,South West Region,Lower Than A Level,30-40%,0-35,0,60,1,Withdrawn,7,0,1,1,0,0,1,0,1,0,0,0,0,1,1,3
FFF,2014B,623263,0,East Midlands Region,Lower Than A Level,80-90%,0-35,0,120,0,Fail,13,0,0,0,0,1,0,1,0,0,1,0,0,0,0,5
FFF,2014B,623314,0,North Western Region,Lower Than A Level,80-90%,35-55,0,90,0,Distinction,2,0,0,0,0,1,0,0,1,1,1,0,0,0,1,2
FFF,2014B,623326,0,South Region,A Level or Equivalent,80-90%,0-35,0,60,0,Withdrawn,12,0,0,1,1,0,0,0,0,1,1,1,1,1,0,7
FFF,2014B,623352,0,East Anglian Region,Lower Than A Level,50-60%,0-35,0,150,0,Withdrawn,5,0,1,1,1,1,0,0,1,0,0,1,1,0,0,9
FFF,2014B,623366,0,South West Region,Lower Than A Level,30-40%,0-35,0,60,0,Withdrawn,9,0,0,0,0,1,1,1,0,1,0,0,1,0,1,4
FFF,2014B,623419,0,North Region,Lower Than A Level,20-Oct,0-35,0,90,0,Fail,16,1,0,1,1,0,1,0,0,1,0,1,1,1,0,10
FFF,2014B,623433,1,East Midlands Region,Lower Than A Level,90-100%,0-35,0,60,0,Pass,15,1,1,1,0,1,1,1,1,1,0,1,0,1,1,10
FFF,2014B,623438,1,South Region,A Level or Equivalent,50-60%,35-55,0,60,0,Pass,7,0,0,0,0,1,1,0,0,0,0,0,0,1,0,3
FFF,2014B,623456,0,East Anglian Region,A Level or Equivalent,0-10%,0-35,0,90,0,Fail,11,0,1,1,0,0,0,0,0,0,0,0,0,0,1,6
FFF,2014B,623474,0,North Western Region,Lower Than A Level,60-70%,0-35,0,60,0,Fail,3,0,1,0,0,0,1,1,0,0,1,1,0,1,1,8
FFF,2014B,623496,0,East Anglian Region,Lower Than A Level,40-50%,0-35,0,60,0,Fail,10,0,1,0,0,0,1,0,0,0,0,1,0,1,1,1
FFF,2014B,623537,0,Scotland,HE Qualification,30-40%,35-55,0,60,0,Pass,4,0,0,0,0,1,1,1,1,1,0,0,1,1,0,8
FFF,2014B,623542,0,North Western Region,Lower Than A Level,0-10%,0-35,0,90,1,Fail,14,0,1,0,1,0,0,1,1,1,0,1,0,0,0,5
FFF,2014B,623554,0,Scotland,Lower Than A Level,20-30%,0-35,0,60,0,Fail,10,0,0,1,1,1,1,1,0,0,1,1,1,0,0,1
FFF,2014B,623568,1,East Midlands Region,Lower Than A Level,20-Oct,0-35,0,60,0,Withdrawn,11,0,1,1,0,1,1,0,1,1,1,0,0,1,0,6
FFF,2014B,623579,0,North Western Region,A Level or Equivalent,30-40%,0-35,0,60,0,Pass,4,1,0,0,1,0,0,0,0,1,1,1,0,1,0,8
FFF,2014B,623687,1,South East Region,A Level or Equivalent,60-70%,0-35,0,90,0,Pass,10,1,1,0,1,0,0,0,0,1,0,0,1,1,0,1
FFF,2014B,623786,0,London Region,A Level or Equivalent,30-40%,0-35,0,90,0,Fail,2,0,1,1,1,1,0,1,0,0,0,1,1,1,1,2
FFF,2014B,623917,0,South Region,Lower Than A Level,30-40%,35-55,0,120,0,Withdrawn,7,1,1,1,1,0,0,0,1,0,1,1,1,0,0,3
FFF,2014B,623924,0,North Region,Lower Than A Level,30-40%,0-35,0,60,0,Distinction,7,1,1,1,0,0,1,0,0,1,0,1,1,0,0,3
FFF,2014B,623939,0,Yorkshire Region,Lower Than A Level,40-50%,0-35,0,60,0,Withdrawn,14,0,0,1,1,1,1,0,0,0,0,1,1,1,1,5
FFF,2014B,623948,0,South West Region,HE Qualification,40-50%,0-35,0,60,0,Pass,11,1,1,1,1,1,1,0,0,0,1,1,1,0,0,6
FFF,2014B,624014,0,South West Region,Lower Than A Level,70-80%,0-35,0,120,0,Fail,15,1,1,1,1,1,0,0,0,0,1,0,0,0,0,10
FFF,2014B,624056,0,East Anglian Region,A Level or Equivalent,90-100%,0-35,0,60,0,Withdrawn,14,1,0,1,0,1,0,0,0,1,1,0,0,1,1,5
FFF,2014B,624152,0,South East Region,Lower Than A Level,20-30%,0-35,0,120,0,Fail,11,1,1,0,0,0,1,0,0,1,0,0,1,1,0,6
FFF,2014B,624178,0,South West Region,A Level or Equivalent,50-60%,0-35,0,90,0,Pass,12,1,1,0,0,1,0,0,0,0,1,0,0,1,0,7
FFF,2014B,624187,0,London Region,Lower Than A Level,80-90%,0-35,0,60,0,Withdrawn,5,0,0,0,0,1,0,0,1,0,0,0,0,0,0,9
FFF,2014B,624197,1,South Region,Lower Than A Level,80-90%,0-35,0,60,0,Pass,10,0,0,0,0,1,0,0,1,1,0,0,0,1,1,1
FFF,2014B,624243,0,West Midlands Region,Lower Than A Level,0-10%,0-35,0,90,1,Withdrawn,1,0,0,0,0,1,1,1,0,0,1,0,0,0,1,2
FFF,2014B,624259,0,East Anglian Region,Lower Than A Level,0-10%,0-35,0,60,0,Fail,5,1,0,0,0,1,1,0,1,1,0,1,1,0,1,9
FFF,2014B,624344,0,Ireland,A Level or Equivalent,80-90%,0-35,0,60,0,Pass,6,0,0,0,1,0,0,0,0,1,1,0,0,0,0,9
FFF,2014B,624376,0,West Midlands Region,A Level or Equivalent,20-30%,0-35,0,60,0,Withdrawn,3,0,0,1,0,1,0,0,1,0,1,0,0,1,0,8
FFF,2014B,624499,0,Ireland,Lower Than A Level,30-40%,0-35,0,90,0,Fail,6,0,0,1,1,0,0,0,0,0,0,1,1,1,1,9
FFF,2014B,624556,0,West Midlands Region,Lower Than A Level,80-90%,0-35,0,60,0,Fail,6,0,0,0,1,0,1,1,0,0,1,0,1,0,1,9
FFF,2014B,624586,0,South Region,A Level or Equivalent,80-90%,0-35,0,60,0,Pass,7,0,1,0,0,1,1,0,0,0,0,1,0,0,1,3
FFF,2014B,624591,0,London Region,HE Qualification,20-30%,0-35,0,120,0,Pass,3,0,0,1,0,1,1,1,1,0,0,0,1,1,0,8
FFF,2014B,624718,0,Scotland,Lower Than A Level,70-80%,0-35,0,60,0,Withdrawn,6,0,1,0,1,1,0,1,0,0,0,1,0,0,0,9
FFF,2014B,624751,0,South West Region,A Level or Equivalent,60-70%,0-35,0,60,0,Pass,12,0,0,1,1,0,0,1,1,0,1,0,1,0,0,7
FFF,2014B,624763,1,East Midlands Region,Lower Than A Level,30-40%,35-55,0,60,0,Pass,14,0,0,0,1,1,1,0,1,1,1,1,0,1,1,5
FFF,2014B,624772,0,East Midlands Region,Lower Than A Level,40-50%,0-35,0,60,0,Withdrawn,11,1,0,0,1,0,0,1,0,1,0,1,0,0,1,6
FFF,2014B,624773,0,East Anglian Region,Lower Than A Level,70-80%,0-35,0,60,0,Pass,16,1,0,0,0,1,1,0,0,1,0,1,1,1,1,10
FFF,2014B,624946,0,North Region,Lower Than A Level,,0-35,0,120,0,Pass,13,0,0,1,1,1,1,0,1,1,0,0,0,1,1,5
FFF,2014B,624959,0,East Anglian Region,Lower Than A Level,20-Oct,0-35,0,60,0,Withdrawn,6,0,1,0,0,0,0,1,0,1,1,1,1,1,1,9
FFF,2014B,624967,0,Scotland,A Level or Equivalent,30-40%,35-55,0,60,0,Withdrawn,14,0,0,0,0,1,1,1,1,1,1,1,0,1,1,5
FFF,2014B,624975,1,London Region,A Level or Equivalent,20-30%,0-35,0,60,0,Withdrawn,2,0,0,0,1,1,0,1,0,1,0,0,1,1,1,2
FFF,2014B,624981,0,North Region,A Level or Equivalent,50-60%,0-35,0,120,0,Pass,6,0,0,0,0,1,1,0,1,0,1,0,1,0,1,9
FFF,2014B,625004,0,South East Region,Lower Than A Level,20-Oct,0-35,0,60,0,Fail,14,1,0,1,0,0,0,1,1,0,0,1,0,0,0,5
FFF,2014B,625034,0,London Region,A Level or Equivalent,30-40%,0-35,0,120,0,Withdrawn,3,1,1,0,1,1,0,1,0,1,1,1,1,1,1,8
FFF,2014B,625043,0,London Region,HE Qualification,20-Oct,0-35,0,60,0,Withdrawn,5,0,1,1,1,1,1,1,0,0,1,1,1,0,1,9
FFF,2014B,625073,0,West Midlands Region,Lower Than A Level,30-40%,0-35,0,60,0,Fail,14,0,0,0,1,0,0,1,1,1,0,0,0,0,0,5
FFF,2014B,625075,0,London Region,A Level or Equivalent,20-Oct,0-35,0,60,0,Fail,9,1,1,1,0,1,1,0,1,1,0,0,1,1,0,4
FFF,2014B,625182,0,East Midlands Region,Lower Than A Level,40-50%,0-35,0,60,0,Withdrawn,5,0,1,1,0,0,0,1,0,1,0,1,1,1,1,9
FFF,2014B,625191,0,East Midlands Region,A Level or Equivalent,40-50%,0-35,0,90,0,Distinction,15,1,0,1,0,1,0,1,1,1,1,0,1,1,1,10
FFF,2014B,625229,1,East Anglian Region,A Level or Equivalent,80-90%,0-35,0,60,0,Withdrawn,11,0,0,1,1,1,1,0,0,0,0,0,1,1,1,6
FFF,2014B,625291,0,South Region,HE Qualification,40-50%,0-35,0,60,0,Pass,3,0,1,0,0,0,1,0,1,1,0,1,1,0,0,8
FFF,2014B,625303,0,West Midlands Region,Lower Than A Level,30-40%,0-35,0,60,0,Pass,9,0,1,0,0,1,0,1,1,1,0,0,0,1,1,4
FFF,2014B,625306,0,Yorkshire Region,A Level or Equivalent,70-80%,0-35,0,60,0,Pass,13,0,1,0,1,1,1,1,0,1,0,0,1,0,0,5
FFF,2014B,625341,0,North Western Region,Lower Than A Level,0-10%,35-55,0,120,0,Withdrawn,14,0,0,0,0,1,1,1,0,0,0,1,1,0,0,5
FFF,2014B,625349,0,Yorkshire Region,Lower Than A Level,70-80%,0-35,0,60,0,Pass,14,0,1,1,1,0,0,0,1,1,1,1,0,0,1,5
FFF,2014B,625361,0,South Region,A Level or Equivalent,20-Oct,0-35,0,60,0,Fail,1,0,0,0,0,0,0,1,1,0,1,1,0,0,0,2
FFF,2014B,625373,0,North Western Region,No Formal quals,20-Oct,0-35,0,120,0,Withdrawn,9,0,0,1,1,1,0,0,1,1,0,0,1,0,0,4
FFF,2014B,625394,0,North Western Region,A Level or Equivalent,20-Oct,0-35,0,60,0,Fail,2,0,0,0,0,1,0,1,0,1,0,1,0,0,0,2
FFF,2014B,625406,1,West Midlands Region,Lower Than A Level,0-10%,35-55,0,60,0,Pass,9,1,0,1,0,1,1,1,0,1,0,1,1,1,0,4
FFF,2014B,625500,0,London Region,Lower Than A Level,30-40%,0-35,0,60,0,Fail,3,1,0,0,1,0,0,1,0,1,0,1,0,1,0,8
FFF,2014B,625536,0,North Western Region,Lower Than A Level,20-Oct,0-35,0,60,0,Pass,11,1,0,1,1,1,1,1,1,0,1,0,1,1,1,6
FFF,2014B,625548,1,Ireland,Lower Than A Level,70-80%,0-35,0,60,0,Pass,5,1,0,0,1,0,1,1,0,0,0,0,0,1,1,9
FFF,2014B,625566,0,Yorkshire Region,Lower Than A Level,40-50%,0-35,0,60,0,Distinction,7,1,1,1,0,1,1,1,1,1,0,0,0,1,1,3
FFF,2014B,625588,0,South Region,Lower Than A Level,20-Oct,0-35,0,60,0,Pass,13,1,0,1,1,1,0,1,0,0,0,0,0,0,1,5
FFF,2014B,625609,0,North Western Region,Lower Than A Level,30-40%,0-35,0,60,0,Withdrawn,1,0,0,0,1,0,0,1,1,1,0,1,1,0,1,2
FFF,2014B,625642,1,East Midlands Region,A Level or Equivalent,0-10%,0-35,0,60,0,Fail,4,0,1,1,0,0,1,0,1,1,0,1,1,1,0,8
FFF,2014B,625667,0,Scotland,Lower Than A Level,40-50%,0-35,0,60,0,Withdrawn,12,1,0,1,0,0,0,0,1,1,0,1,1,1,0,7
FFF,2014B,625753,0,East Midlands Region,A Level or Equivalent,80-90%,0-35,0,120,0,Distinction,13,0,0,0,1,1,0,0,0,0,1,0,0,0,1,5
FFF,2014B,625793,0,South West Region,A Level or Equivalent,70-80%,0-35,0,90,0,Withdrawn,15,1,1,1,1,1,0,1,0,1,0,1,0,1,1,10
FFF,2014B,625794,0,London Region,A Level or Equivalent,0-10%,0-35,0,120,0,Pass,12,0,0,1,0,0,1,0,1,0,1,0,1,0,1,7
FFF,2014B,625800,1,West Midlands Region,A Level or Equivalent,0-10%,0-35,0,60,0,Withdrawn,5,1,1,0,1,0,0,0,0,0,1,0,1,0,1,9
FFF,2014B,625812,0,South West Region,Lower Than A Level,40-50%,0-35,0,60,1,Withdrawn,13,0,0,1,1,0,0,1,1,1,0,1,1,1,0,5
FFF,2014B,625828,0,East Anglian Region,Lower Than A Level,60-70%,0-35,0,60,0,Withdrawn,10,0,1,1,0,0,1,0,0,1,0,1,0,1,0,1
FFF,2014B,625885,0,London Region,Lower Than A Level,20-30%,0-35,0,60,0,Withdrawn,12,1,0,0,1,1,1,0,1,1,0,1,0,1,1,7
FFF,2014B,625903,0,West Midlands Region,A Level or Equivalent,30-40%,0-35,0,90,0,Withdrawn,5,1,1,0,0,1,1,1,1,0,1,1,0,1,0,9
FFF,2014B,625977,0,East Midlands Region,A Level or Equivalent,70-80%,0-35,0,60,0,Fail,4,1,0,1,1,1,1,1,1,1,1,1,0,1,1,8
FFF,2014B,625986,0,Yorkshire Region,A Level or Equivalent,20-Oct,0-35,0,120,0,Withdrawn,5,1,1,0,1,1,0,1,0,1,1,1,1,0,1,9
FFF,2014B,625995,0,North Western Region,A Level or Equivalent,50-60%,0-35,0,90,0,Fail,3,0,0,0,0,0,1,1,1,0,0,0,1,1,1,8
FFF,2014B,626047,1,Yorkshire Region,Lower Than A Level,0-10%,0-35,0,60,1,Withdrawn,6,0,1,0,0,1,1,1,1,0,0,1,1,0,1,9
FFF,2014B,626103,0,South East Region,A Level or Equivalent,80-90%,35-55,0,60,0,Pass,8,1,0,1,0,0,0,1,1,1,1,0,1,1,0,3
FFF,2014B,626128,0,East Anglian Region,A Level or Equivalent,80-90%,0-35,0,60,0,Distinction,5,1,1,1,0,0,0,1,0,0,1,0,0,0,1,9
FFF,2014B,626174,0,South West Region,Lower Than A Level,40-50%,0-35,0,60,1,Withdrawn,12,1,1,0,1,1,1,0,1,0,0,0,1,0,1,7
FFF,2014B,626198,1,North Western Region,A Level or Equivalent,40-50%,0-35,0,120,1,Pass,11,0,1,0,0,0,1,0,1,0,0,1,1,0,0,6
FFF,2014B,626231,0,Ireland,Lower Than A Level,,0-35,0,90,0,Pass,16,1,1,0,0,0,0,1,1,1,1,0,1,0,0,10
FFF,2014B,626259,0,North Region,A Level or Equivalent,60-70%,0-35,0,60,0,Pass,15,0,0,0,1,1,0,1,1,0,0,0,0,1,0,10
FFF,2014B,626281,0,South Region,A Level or Equivalent,80-90%,0-35,0,90,1,Withdrawn,8,0,1,0,1,1,0,0,1,1,1,0,1,0,0,3
FFF,2014B,626320,0,North Region,Lower Than A Level,20-Oct,0-35,0,60,0,Withdrawn,8,1,1,1,1,0,0,1,0,0,1,1,0,1,1,3
FFF,2014B,626326,1,South West Region,A Level or Equivalent,90-100%,35-55,0,60,0,Distinction,5,0,1,1,1,0,1,1,0,0,1,0,0,0,1,9
FFF,2014B,626349,0,Scotland,A Level or Equivalent,30-40%,0-35,0,90,0,Withdrawn,15,1,0,1,0,1,0,0,1,1,0,0,0,0,1,10
FFF,2014B,626403,0,Wales,Lower Than A Level,20-Oct,0-35,0,60,0,Withdrawn,16,0,1,0,0,0,1,0,1,0,1,1,1,0,1,10
FFF,2014B,626419,0,East Midlands Region,A Level or Equivalent,80-90%,0-35,0,60,0,Distinction,6,1,1,0,0,0,1,0,1,0,1,0,0,0,1,9
FFF,2014B,626422,1,Yorkshire Region,HE Qualification,0-10%,0-35,0,120,0,Withdrawn,11,1,0,1,1,1,1,1,1,0,0,1,0,1,1,6
FFF,2014B,626448,0,South Region,A Level or Equivalent,40-50%,0-35,0,60,0,Distinction,9,1,1,1,0,1,0,0,0,1,1,0,1,1,0,4
FFF,2014B,626469,0,South Region,Lower Than A Level,90-100%,0-35,0,120,0,Fail,9,1,0,1,1,0,0,1,0,0,0,0,0,0,0,4
FFF,2014B,626473,0,London Region,A Level or Equivalent,20-Oct,0-35,0,60,0,Fail,1,0,1,0,1,0,1,1,0,0,1,1,0,0,0,2
FFF,2014B,626530,0,Wales,HE Qualification,30-40%,35-55,0,60,0,Fail,4,1,0,0,1,0,0,0,1,1,1,1,0,0,0,8
FFF,2014B,626537,0,Yorkshire Region,HE Qualification,90-100%,0-35,0,60,0,Pass,2,1,0,1,1,1,1,0,1,0,0,1,1,0,1,2
FFF,2014B,626539,0,South Region,Lower Than A Level,20-30%,0-35,0,120,0,Withdrawn,12,0,1,0,1,0,0,1,0,0,1,0,1,0,0,7
FFF,2014B,626644,0,South West Region,Lower Than A Level,60-70%,0-35,0,60,0,Pass,8,1,1,1,1,0,0,1,0,0,1,0,1,0,0,3
FFF,2014B,626692,0,East Anglian Region,Lower Than A Level,50-60%,0-35,0,60,0,Withdrawn,11,1,1,0,0,0,1,1,1,1,0,0,0,0,1,6
FFF,2014B,626700,1,Scotland,HE Qualification,40-50%,0-35,0,90,0,Withdrawn,6,0,0,0,0,0,0,0,1,0,0,0,0,0,1,9
FFF,2014B,626765,0,East Midlands Region,Lower Than A Level,0-10%,0-35,0,90,0,Pass,12,0,1,1,1,0,1,1,0,1,1,1,0,0,1,7
FFF,2014B,626777,0,North Western Region,Lower Than A Level,0-10%,0-35,0,90,0,Withdrawn,15,1,1,1,1,1,0,1,0,1,0,1,0,0,1,10
FFF,2014B,626778,0,Scotland,Lower Than A Level,70-80%,35-55,0,90,0,Pass,4,1,1,1,1,1,0,1,0,1,1,0,1,1,1,8
FFF,2014B,626801,1,Yorkshire Region,A Level or Equivalent,20-Oct,0-35,0,60,0,Fail,6,1,0,0,0,1,0,1,0,1,0,1,0,1,0,9
FFF,2014B,626828,0,Scotland,Lower Than A Level,20-30%,35-55,0,60,0,Pass,14,0,0,0,1,0,0,0,1,1,0,1,1,1,1,5
FFF,2014B,626875,1,South West Region,Lower Than A Level,,0-35,0,60,0,Withdrawn,13,1,0,1,1,0,0,1,1,1,1,1,0,0,1,5
FFF,2014B,626878,0,South West Region,A Level or Equivalent,50-60%,0-35,0,60,0,Pass,16,1,0,0,1,1,1,1,0,0,0,0,1,0,0,10
FFF,2014B,626881,0,Yorkshire Region,HE Qualification,80-90%,0-35,0,60,0,Pass,11,0,1,1,1,0,1,0,1,1,1,0,0,1,1,6
FFF,2014B,626890,0,East Anglian Region,Lower Than A Level,80-90%,0-35,0,120,0,Pass,1,0,0,0,1,0,0,1,1,1,1,1,0,0,1,2
FFF,2014B,626987,0,North Western Region,Lower Than A Level,80-90%,35-55,0,60,0,Pass,12,1,1,0,1,1,0,1,1,1,0,1,0,0,1,7
FFF,2014B,627022,0,South East Region,A Level or Equivalent,80-90%,0-35,0,60,0,Pass,3,0,0,1,1,0,1,1,1,1,1,0,0,0,0,8
FFF,2014B,627026,0,Scotland,HE Qualification,20-30%,0-35,0,60,0,Withdrawn,16,1,0,0,1,1,1,0,0,0,0,1,1,0,1,10
FFF,2014B,627061,0,Scotland,HE Qualification,70-80%,0-35,0,60,0,Pass,13,1,1,1,0,0,0,0,1,1,1,0,1,1,0,5
FFF,2014B,627067,0,East Midlands Region,A Level or Equivalent,80-90%,0-35,0,60,0,Distinction,7,0,1,1,1,1,0,1,1,1,1,0,0,0,1,3
FFF,2014B,627126,0,Scotland,Lower Than A Level,90-100%,0-35,0,60,0,Fail,7,0,0,1,1,0,1,0,1,1,1,0,0,1,1,3
FFF,2014B,627145,0,South Region,Lower Than A Level,80-90%,35-55,0,60,0,Pass,8,0,1,0,1,1,0,1,1,1,0,1,0,1,1,3
FFF,2014B,627176,1,Yorkshire Region,Lower Than A Level,50-60%,0-35,0,90,0,Fail,6,0,0,1,1,0,1,0,1,1,1,0,1,1,1,9
FFF,2014B,627238,0,Scotland,Lower Than A Level,40-50%,0-35,0,60,0,Withdrawn,6,1,1,1,1,1,0,0,1,0,0,0,1,1,1,9
FFF,2014B,627247,0,South West Region,A Level or Equivalent,70-80%,0-35,0,60,0,Distinction,3,0,0,1,1,1,0,0,0,1,1,0,0,0,1,8
FFF,2014B,627280,0,Scotland,A Level or Equivalent,50-60%,0-35,0,90,0,Withdrawn,14,1,1,0,1,0,0,0,0,1,0,0,0,0,0,5
FFF,2014B,627307,0,South West Region,HE Qualification,80-90%,0-35,0,90,0,Pass,14,1,1,1,1,1,0,0,0,1,1,0,1,0,0,5
FFF,2014B,627333,0,South East Region,Lower Than A Level,20-Oct,35-55,0,120,0,Withdrawn,16,1,1,1,1,0,1,0,1,1,1,0,1,0,0,10
FFF,2014B,627366,0,Wales,Lower Than A Level,20-30%,0-35,0,120,1,Withdrawn,4,1,1,1,0,0,0,1,0,1,0,0,0,1,0,8
FFF,2014B,627379,0,London Region,Lower Than A Level,30-40%,0-35,0,60,0,Withdrawn,14,1,0,0,0,1,1,0,1,0,1,1,1,1,0,5
FFF,2014B,627383,0,West Midlands Region,Lower Than A Level,60-70%,0-35,0,60,0,Withdrawn,5,1,1,0,0,0,1,0,0,1,0,1,1,0,1,9
FFF,2014B,627395,0,North Western Region,HE Qualification,20-30%,0-35,0,120,0,Withdrawn,7,0,1,1,1,0,1,0,0,0,0,0,0,1,0,3
FFF,2014B,627417,1,Ireland,Post Graduate Qualification,,0-35,0,60,0,Distinction,2,1,0,0,1,0,0,0,1,0,1,0,1,1,1,2
FFF,2014B,627442,0,South Region,Lower Than A Level,30-40%,0-35,0,60,0,Pass,8,0,1,1,1,0,1,0,0,1,0,1,0,1,0,3
FFF,2014B,627468,0,East Anglian Region,A Level or Equivalent,20-30%,0-35,0,60,0,Pass,15,1,1,0,1,0,0,0,0,1,0,0,0,1,1,10
FFF,2014B,627521,1,East Midlands Region,A Level or Equivalent,80-90%,0-35,0,60,0,Distinction,13,0,0,0,0,1,1,0,0,0,0,1,1,1,0,5
FFF,2014B,627522,0,Yorkshire Region,Lower Than A Level,30-40%,0-35,0,60,0,Withdrawn,3,1,1,1,1,0,1,1,0,0,1,1,1,0,0,8
FFF,2014B,627524,0,South West Region,A Level or Equivalent,60-70%,0-35,0,120,0,Withdrawn,16,1,0,0,1,1,1,0,1,0,0,0,1,1,0,10
FFF,2014B,627569,0,West Midlands Region,A Level or Equivalent,90-100%,0-35,0,90,0,Fail,1,1,0,0,1,0,0,1,1,1,0,0,1,0,0,2
FFF,2014B,627595,0,Scotland,HE Qualification,20-30%,0-35,0,60,0,Pass,2,1,0,0,1,0,0,0,1,1,1,1,1,0,1,2
FFF,2014B,627620,0,South East Region,Lower Than A Level,90-100%,0-35,0,60,0,Distinction,11,1,1,1,1,0,1,1,0,0,1,1,1,1,0,6
FFF,2014B,627622,1,South Region,Lower Than A Level,90-100%,0-35,0,60,0,Pass,7,1,1,0,1,0,0,0,0,0,0,0,0,0,1,3
FFF,2014B,627651,0,Yorkshire Region,Lower Than A Level,20-Oct,0-35,0,120,1,Withdrawn,4,1,1,1,1,0,0,0,1,1,1,0,1,1,1,8
FFF,2014B,627679,0,East Anglian Region,Lower Than A Level,90-100%,35-55,0,60,0,Distinction,16,0,1,0,1,1,1,0,0,0,0,0,1,0,1,10
FFF,2014B,627692,0,North Region,Lower Than A Level,,0-35,0,60,0,Distinction,3,1,0,0,0,0,0,0,1,1,1,1,1,1,1,8
FFF,2014B,627717,1,North Western Region,A Level or Equivalent,20-30%,0-35,0,90,0,Distinction,12,0,0,0,1,0,0,1,0,1,0,0,0,0,0,7
FFF,2014B,627727,0,East Anglian Region,Lower Than A Level,0-10%,0-35,0,60,0,Withdrawn,6,1,0,0,0,0,0,0,0,0,0,0,1,0,0,9
FFF,2014B,627751,0,East Midlands Region,A Level or Equivalent,60-70%,0-35,0,60,0,Withdrawn,4,1,0,1,0,1,1,1,0,1,1,0,0,1,0,8
FFF,2014B,627808,1,East Anglian Region,Lower Than A Level,20-30%,0-35,0,120,1,Withdrawn,11,0,1,1,1,1,0,0,0,0,0,1,1,1,0,6
FFF,2014B,627840,0,North Western Region,A Level or Equivalent,70-80%,35-55,0,60,0,Withdrawn,6,0,0,0,1,0,0,0,0,1,0,0,0,1,0,9
FFF,2014B,627847,0,Ireland,Post Graduate Qualification,,0-35,0,60,0,Withdrawn,5,0,1,0,1,1,1,0,1,1,0,1,0,0,1,9
FFF,2014B,627860,0,Yorkshire Region,HE Qualification,70-80%,0-35,0,90,0,Pass,2,0,0,1,1,0,0,0,1,1,1,0,1,1,1,2
FFF,2014B,627886,0,North Western Region,Lower Than A Level,60-70%,0-35,0,60,0,Pass,13,1,1,0,1,1,0,1,0,1,1,0,0,0,1,5
FFF,2014B,628004,1,South West Region,A Level or Equivalent,30-40%,0-35,0,60,0,Pass,3,0,1,1,1,1,0,0,0,1,0,0,1,1,0,8
FFF,2014B,628010,0,South Region,A Level or Equivalent,60-70%,0-35,0,90,0,Withdrawn,11,1,0,0,0,0,0,0,1,1,1,1,1,1,0,6
FFF,2014B,628034,1,North Region,HE Qualification,,55<=,0,60,0,Pass,1,1,0,1,0,1,0,1,1,0,0,0,1,0,1,2
FFF,2014B,628038,0,East Midlands Region,Lower Than A Level,40-50%,35-55,0,90,0,Fail,6,0,0,0,0,1,0,0,1,0,0,1,0,0,0,9
FFF,2014B,628058,0,West Midlands Region,Lower Than A Level,20-30%,0-35,0,60,0,Pass,15,1,0,1,0,1,0,1,0,1,0,0,0,0,0,10
FFF,2014B,628098,0,London Region,A Level or Equivalent,50-60%,0-35,0,60,0,Pass,5,1,0,0,0,1,0,0,1,1,1,0,0,1,0,9
FFF,2014B,628110,0,Yorkshire Region,A Level or Equivalent,20-Oct,0-35,0,60,0,Fail,5,0,0,0,1,1,0,1,1,0,1,1,0,0,0,9
FFF,2014B,628114,0,Scotland,A Level or Equivalent,70-80%,0-35,0,60,0,Pass,8,0,0,0,0,1,1,1,1,0,0,0,1,1,1,3
FFF,2014B,628117,0,London Region,A Level or Equivalent,20-30%,0-35,0,60,0,Pass,3,0,1,0,0,1,1,0,1,1,1,1,1,0,0,8
FFF,2014B,628140,0,Ireland,A Level or Equivalent,80-90%,0-35,0,90,0,Pass,13,0,1,0,0,1,1,0,1,0,1,0,0,1,0,5
FFF,2014B,628141,0,South West Region,Lower Than A Level,0-10%,0-35,0,120,0,Fail,9,1,1,0,0,0,1,1,0,0,1,0,0,1,0,4
FFF,2014B,628143,1,East Midlands Region,A Level or Equivalent,20-30%,0-35,0,120,0,Fail,3,0,0,0,1,0,1,0,0,1,0,1,0,1,0,8
FFF,2014B,628152,0,London Region,Lower Than A Level,60-70%,35-55,0,60,0,Pass,16,1,0,0,1,0,1,1,0,0,1,1,1,0,0,10
FFF,2014B,628174,0,West Midlands Region,Lower Than A Level,70-80%,0-35,0,60,0,Pass,13,1,1,1,0,0,1,1,1,1,1,0,0,1,0,5
FFF,2014B,628296,0,London Region,A Level or Equivalent,20-30%,0-35,0,120,0,Withdrawn,2,0,0,0,0,0,1,1,0,0,1,0,0,0,0,2
FFF,2014B,628307,0,South Region,Lower Than A Level,50-60%,35-55,0,60,0,Fail,14,0,0,0,0,1,1,0,0,1,1,1,0,1,0,5
FFF,2014B,628323,0,South West Region,Lower Than A Level,40-50%,0-35,0,120,0,Withdrawn,3,1,1,1,0,1,1,0,0,1,0,1,1,1,0,8
FFF,2014B,628361,0,Scotland,HE Qualification,60-70%,35-55,0,60,0,Distinction,6,0,1,1,1,0,1,1,0,0,1,1,1,1,0,9
FFF,2014B,628370,0,London Region,A Level or Equivalent,40-50%,0-35,0,60,0,Fail,16,0,0,1,1,1,1,0,1,0,1,1,0,1,1,10
FFF,2014B,628443,0,North Region,Lower Than A Level,,0-35,0,60,0,Pass,2,1,0,1,0,1,0,0,1,0,0,1,0,0,0,2
FFF,2014B,628476,0,West Midlands Region,Lower Than A Level,20-Oct,0-35,0,60,0,Withdrawn,9,1,1,1,0,0,1,0,1,0,0,0,1,0,0,4
FFF,2014B,628561,0,South Region,A Level or Equivalent,30-40%,0-35,0,90,0,Pass,10,1,1,1,1,0,1,1,1,1,1,1,1,1,0,1
FFF,2014B,628666,0,London Region,Lower Than A Level,80-90%,0-35,0,120,0,Withdrawn,16,0,0,0,1,0,1,0,1,1,0,1,0,1,1,10
FFF,2014B,628720,0,East Anglian Region,A Level or Equivalent,80-90%,0-35,0,60,0,Pass,9,1,0,0,0,1,0,1,0,1,0,0,1,1,0,4
FFF,2014B,628725,0,North Region,Lower Than A Level,50-60%,0-35,0,90,0,Fail,15,1,1,0,1,0,0,0,1,0,1,0,0,1,0,10
FFF,2014B,628736,1,West Midlands Region,Lower Than A Level,20-Oct,0-35,0,120,0,Withdrawn,14,0,0,0,1,1,1,0,1,1,0,0,1,0,0,5
FFF,2014B,628803,0,London Region,A Level or Equivalent,20-30%,35-55,0,90,0,Fail,13,1,1,0,1,0,0,1,1,1,1,0,1,1,1,5
FFF,2014B,628837,0,East Midlands Region,A Level or Equivalent,40-50%,0-35,0,60,0,Fail,14,0,0,0,0,0,0,0,0,0,1,0,1,0,0,5
FFF,2014B,628841,0,South Region,Lower Than A Level,40-50%,0-35,0,120,1,Pass,15,1,1,0,0,1,1,1,0,1,0,1,0,0,0,10
FFF,2014B,628846,0,South West Region,A Level or Equivalent,70-80%,0-35,0,90,0,Withdrawn,6,1,0,0,1,1,0,1,1,1,0,0,1,0,1,9
FFF,2014B,628925,1,East Anglian Region,A Level or Equivalent,50-60%,0-35,0,60,0,Fail,6,0,1,0,1,1,0,1,0,0,1,0,0,0,0,9
FFF,2014B,628972,0,South West Region,Lower Than A Level,20-Oct,0-35,0,120,0,Pass,5,0,1,0,0,0,0,0,1,1,0,0,0,0,1,9
FFF,2014B,628978,0,South Region,A Level or Equivalent,70-80%,0-35,0,120,0,Fail,15,1,0,0,1,0,0,0,1,0,0,1,1,0,1,10
FFF,2014B,628995,0,London Region,Lower Than A Level,30-40%,0-35,0,60,1,Pass,4,1,0,1,1,1,0,0,0,1,1,0,1,1,0,8
FFF,2014B,629022,0,North Region,Lower Than A Level,,0-35,0,60,0,Pass,12,0,0,1,0,1,0,0,1,1,1,1,1,1,1,7
FFF,2014B,629096,0,West Midlands Region,Lower Than A Level,40-50%,0-35,0,60,0,Pass,4,1,1,1,0,1,0,0,1,1,1,1,0,1,0,8
FFF,2014B,629119,0,South Region,Lower Than A Level,30-40%,35-55,0,60,0,Fail,1,1,1,0,0,0,1,0,0,0,0,0,1,0,0,2
FFF,2014B,629120,0,Scotland,A Level or Equivalent,20-30%,0-35,0,60,0,Fail,14,0,1,1,0,1,0,0,1,0,1,1,1,0,1,5
FFF,2014B,629163,1,West Midlands Region,A Level or Equivalent,20-Oct,0-35,0,60,0,Withdrawn,8,0,1,0,0,0,0,0,1,0,1,1,1,0,1,3
FFF,2014B,629182,0,East Anglian Region,A Level or Equivalent,60-70%,35-55,0,60,0,Withdrawn,12,1,0,0,0,0,0,1,0,1,0,0,0,0,1,7
FFF,2014B,629228,0,East Anglian Region,A Level or Equivalent,90-100%,0-35,0,60,0,Withdrawn,11,1,0,1,0,0,0,0,0,0,1,1,1,0,0,6
FFF,2014B,629231,0,North Western Region,No Formal quals,0-10%,35-55,0,90,0,Withdrawn,6,0,0,1,0,1,0,1,1,1,0,0,0,1,1,9
FFF,2014B,629244,0,Ireland,A Level or Equivalent,,0-35,0,60,0,Pass,6,0,1,0,0,0,1,0,1,0,0,0,1,0,0,9
FFF,2014B,629267,0,North Region,Lower Than A Level,80-90%,0-35,0,60,0,Fail,1,0,0,0,1,0,1,0,0,0,0,0,1,0,0,2
FFF,2014B,629291,0,Wales,A Level or Equivalent,80-90%,0-35,0,60,0,Pass,7,1,1,0,1,0,0,1,1,0,0,1,1,1,0,3
FFF,2014B,629303,0,London Region,A Level or Equivalent,90-100%,0-35,0,120,0,Pass,8,0,1,1,0,0,0,0,1,0,0,0,1,0,0,3
FFF,2014B,629386,0,North Western Region,A Level or Equivalent,0-10%,0-35,0,60,0,Fail,7,1,1,0,1,1,0,0,1,1,0,0,1,0,0,3
FFF,2014B,629404,0,South West Region,Lower Than A Level,20-30%,0-35,0,90,0,Withdrawn,1,0,1,0,0,1,1,1,1,1,0,0,0,0,0,2
FFF,2014B,629414,0,East Anglian Region,A Level or Equivalent,0-10%,0-35,0,90,0,Pass,9,0,1,0,0,1,1,0,1,0,1,0,0,1,0,4
FFF,2014B,629459,0,Scotland,Lower Than A Level,60-70%,35-55,0,60,0,Withdrawn,3,0,1,1,1,1,1,0,1,1,0,1,0,0,0,8
FFF,2014B,629522,0,South Region,Lower Than A Level,90-100%,35-55,0,60,0,Withdrawn,5,1,1,1,0,0,1,0,1,1,1,1,1,1,0,9
FFF,2014B,629540,0,Wales,HE Qualification,0-10%,35-55,0,60,0,Pass,15,1,1,1,1,1,1,0,0,1,1,1,1,0,0,10
FFF,2014B,629541,0,East Midlands Region,Lower Than A Level,50-60%,0-35,0,60,0,Pass,7,1,0,0,0,1,0,0,1,1,1,1,0,0,1,3
FFF,2014B,629543,0,London Region,HE Qualification,20-30%,35-55,0,120,0,Withdrawn,12,0,1,0,0,1,1,1,0,0,0,1,0,1,1,7
FFF,2014B,629603,0,East Midlands Region,Lower Than A Level,0-10%,0-35,0,60,0,Pass,1,0,0,1,0,1,0,0,0,1,0,1,1,1,1,2
FFF,2014B,629613,1,London Region,Lower Than A Level,40-50%,0-35,0,90,0,Fail,1,0,1,0,0,1,1,1,0,0,0,0,1,1,1,2
FFF,2014B,629655,1,Scotland,Lower Than A Level,70-80%,0-35,0,60,0,Fail,14,1,0,1,1,0,0,0,0,0,0,1,0,0,0,5
FFF,2014B,629692,0,North Western Region,A Level or Equivalent,20-Oct,0-35,0,120,0,Pass,10,1,1,0,0,1,1,0,1,1,0,0,0,1,0,1
FFF,2014B,629693,0,London Region,A Level or Equivalent,30-40%,0-35,0,120,0,Pass,5,1,0,0,0,0,0,0,0,0,0,1,0,1,0,9
FFF,2014B,629735,0,South Region,HE Qualification,20-30%,0-35,0,60,0,Withdrawn,4,0,1,1,0,0,1,0,0,1,0,0,1,0,1,8
FFF,2014B,629739,0,London Region,A Level or Equivalent,30-40%,0-35,0,60,0,Pass,11,1,1,1,0,0,0,1,1,1,0,0,0,0,1,6
FFF,2014B,629762,0,South West Region,Lower Than A Level,30-40%,0-35,0,60,0,Withdrawn,3,1,0,0,1,1,0,0,1,0,1,0,1,1,1,8
FFF,2014B,629767,0,North Region,HE Qualification,,35-55,0,60,0,Fail,7,0,1,1,0,0,1,1,1,0,1,1,0,1,0,3
FFF,2014B,629867,0,West Midlands Region,A Level or Equivalent,20-Oct,35-55,0,60,0,Fail,1,1,1,1,1,1,0,1,0,0,0,1,0,0,1,2
FFF,2014B,629873,0,Yorkshire Region,A Level or Equivalent,40-50%,0-35,0,60,0,Distinction,13,1,0,0,0,0,1,0,0,1,0,1,0,0,0,5
FFF,2014B,629879,0,Wales,Lower Than A Level,50-60%,0-35,0,60,1,Fail,13,0,0,0,0,1,0,0,0,0,0,1,0,0,1,5
FFF,2014B,629881,0,North Western Region,A Level or Equivalent,60-70%,0-35,0,60,0,Pass,14,0,1,0,1,1,1,0,0,0,1,0,1,0,0,5
FFF,2014B,629918,0,London Region,A Level or Equivalent,50-60%,0-35,0,60,0,Fail,7,0,0,0,1,0,0,1,1,0,1,0,0,0,1,3
FFF,2014B,629928,1,South Region,Lower Than A Level,20-30%,0-35,0,90,0,Withdrawn,6,0,1,1,0,1,1,0,1,1,0,1,0,0,1,9
FFF,2014B,629938,0,East Anglian Region,Lower Than A Level,20-Oct,0-35,0,60,0,Pass,12,1,1,1,1,0,0,0,0,0,0,0,0,0,1,7
FFF,2014B,629993,0,South Region,Lower Than A Level,70-80%,0-35,0,60,0,Fail,10,1,0,0,0,0,1,1,0,0,1,1,1,1,0,1
FFF,2014B,630013,0,West Midlands Region,A Level or Equivalent,40-50%,0-35,0,60,0,Pass,1,1,1,0,1,0,1,1,0,1,0,0,1,0,0,2
FFF,2014B,630015,0,Ireland,A Level or Equivalent,,35-55,0,60,0,Distinction,2,1,1,1,1,1,0,1,1,1,1,0,0,1,0,2
FFF,2014B,630032,0,East Midlands Region,Lower Than A Level,30-40%,35-55,0,60,0,Withdrawn,15,0,1,1,0,1,1,0,0,0,0,1,1,1,0,10
FFF,2014B,630038,0,North Western Region,A Level or Equivalent,20-30%,0-35,0,60,0,Fail,8,1,1,1,1,1,1,1,1,0,0,1,1,1,1,3
FFF,2014B,630045,0,North Western Region,Lower Than A Level,70-80%,0-35,0,60,0,Pass,12,0,0,0,1,0,0,1,0,0,1,0,1,0,0,7
FFF,2014B,630083,0,South West Region,A Level or Equivalent,20-Oct,0-35,0,90,0,Pass,14,0,0,0,1,0,0,1,0,0,0,0,0,1,0,5
FFF,2014B,630129,1,Ireland,Lower Than A Level,80-90%,0-35,0,60,0,Withdrawn,10,1,0,0,1,1,0,1,1,1,1,0,0,0,0,1
FFF,2014B,630168,0,South East Region,A Level or Equivalent,20-30%,0-35,0,120,1,Withdrawn,5,1,0,1,1,0,0,1,1,1,0,0,0,0,1,9
FFF,2014B,630177,0,Yorkshire Region,HE Qualification,20-30%,0-35,0,60,0,Distinction,2,0,1,1,1,0,0,1,0,0,0,0,1,1,0,2
FFF,2014B,630264,0,East Anglian Region,Lower Than A Level,20-30%,0-35,0,60,0,Pass,12,0,0,1,1,0,1,1,0,1,1,0,1,0,1,7
FFF,2014B,630269,0,London Region,HE Qualification,0-10%,0-35,0,60,0,Withdrawn,7,1,1,0,0,0,0,0,0,1,1,0,1,0,1,3
FFF,2014B,630326,0,West Midlands Region,A Level or Equivalent,0-10%,0-35,0,60,1,Pass,12,1,0,1,0,0,0,1,1,1,0,0,1,0,1,7
FFF,2014B,630426,0,Scotland,Lower Than A Level,50-60%,0-35,0,60,0,Fail,15,1,1,0,0,1,0,0,0,0,1,1,0,0,0,10
FFF,2014B,630435,0,London Region,No Formal quals,0-10%,0-35,0,120,0,Fail,9,1,1,0,1,1,0,0,0,0,0,0,1,1,1,4
FFF,2014B,630452,0,South Region,A Level or Equivalent,20-30%,0-35,0,60,0,Pass,15,0,1,1,1,1,1,1,1,0,1,1,1,0,0,10
FFF,2014B,630479,0,London Region,Lower Than A Level,20-Oct,0-35,0,60,0,Pass,13,0,0,1,1,0,0,1,1,0,1,1,1,0,1,5
FFF,2014B,630488,0,Ireland,A Level or Equivalent,20-Oct,0-35,0,60,0,Pass,11,0,1,0,1,1,0,0,0,0,0,1,0,1,1,6
FFF,2014B,630491,0,South Region,Lower Than A Level,20-Oct,0-35,0,60,0,Withdrawn,2,0,1,1,1,1,0,0,1,0,0,1,1,1,0,2
FFF,2014B,630574,0,North Western Region,Lower Than A Level,0-10%,0-35,0,60,0,Withdrawn,9,1,0,0,1,1,0,1,1,1,0,1,0,1,0,4
FFF,2014B,630634,0,Scotland,HE Qualification,20-30%,35-55,0,90,1,Pass,6,0,1,1,0,1,1,0,0,0,1,1,1,0,1,9
FFF,2014B,630653,0,East Anglian Region,A Level or Equivalent,40-50%,0-35,0,60,0,Pass,14,1,0,0,0,1,1,0,0,0,0,0,1,1,1,5
FFF,2014B,630654,0,East Anglian Region,Lower Than A Level,40-50%,0-35,0,90,0,Fail,9,1,1,0,1,0,1,0,1,0,0,1,0,0,0,4
FFF,2014B,630655,0,Scotland,A Level or Equivalent,30-40%,0-35,0,60,0,Pass,5,0,0,0,1,0,1,1,0,1,0,1,1,1,0,9
FFF,2014B,630671,0,Ireland,A Level or Equivalent,,0-35,0,60,0,Pass,4,0,0,0,0,0,0,0,0,0,0,0,0,1,0,8
FFF,2014B,630734,0,North Region,Lower Than A Level,,35-55,0,60,0,Pass,11,1,0,0,0,1,1,0,1,0,0,1,1,1,0,6
FFF,2014B,630748,0,South Region,A Level or Equivalent,40-50%,0-35,0,60,0,Withdrawn,14,0,0,0,1,1,0,1,0,1,0,0,0,1,1,5
FFF,2014B,630759,0,London Region,No Formal quals,20-30%,0-35,0,120,0,Fail,3,1,1,0,0,0,0,1,1,0,1,1,1,0,1,8
FFF,2014B,630782,0,South East Region,A Level or Equivalent,40-50%,0-35,0,60,0,Withdrawn,16,0,0,1,1,0,0,0,0,1,1,1,1,1,1,10
FFF,2014B,630804,0,Yorkshire Region,Lower Than A Level,20-30%,0-35,0,120,0,Withdrawn,10,0,1,1,0,0,1,0,1,1,0,1,1,1,0,1
FFF,2014B,630812,0,West Midlands Region,Lower Than A Level,40-50%,0-35,0,60,0,Withdrawn,5,1,0,0,0,0,0,0,1,1,0,0,0,1,1,9
FFF,2014B,630830,0,North Region,Lower Than A Level,,0-35,0,60,0,Pass,3,1,1,0,1,0,0,1,1,0,1,0,1,0,1,8
FFF,2014B,630854,0,London Region,Lower Than A Level,60-70%,0-35,0,90,0,Pass,5,0,1,0,0,0,0,1,1,1,1,1,1,1,0,9
FFF,2014B,630859,0,East Midlands Region,Lower Than A Level,60-70%,0-35,0,60,1,Pass,11,0,0,0,0,0,0,0,1,1,1,0,1,0,1,6
FFF,2014B,630867,0,East Anglian Region,Lower Than A Level,50-60%,0-35,0,120,0,Fail,8,1,0,1,0,0,0,0,1,1,0,0,1,0,0,3
FFF,2014B,630868,0,South West Region,A Level or Equivalent,20-30%,0-35,0,60,0,Withdrawn,7,0,1,1,1,1,1,1,0,0,1,0,1,1,1,3
FFF,2014B,630870,0,North Region,Lower Than A Level,,0-35,0,120,0,Withdrawn,9,0,0,1,0,0,0,1,1,1,1,0,1,0,1,4
FFF,2014B,630891,0,Scotland,A Level or Equivalent,80-90%,0-35,0,60,0,Fail,4,1,1,0,1,1,0,1,1,0,1,0,0,0,1,8
FFF,2014B,630912,0,Scotland,A Level or Equivalent,30-40%,0-35,0,120,0,Pass,13,1,0,1,1,0,1,0,1,1,1,1,1,1,0,5
FFF,2014B,630924,0,North Western Region,Lower Than A Level,30-40%,0-35,0,60,0,Pass,3,1,0,0,1,0,1,0,0,1,0,0,0,1,0,8
FFF,2014B,630937,0,South West Region,A Level or Equivalent,60-70%,0-35,0,60,0,Distinction,4,0,1,0,1,0,0,0,1,0,0,0,1,1,1,8
FFF,2014B,630950,0,South Region,Lower Than A Level,80-90%,0-35,0,60,0,Withdrawn,9,0,1,0,0,1,0,1,0,0,1,0,1,1,1,4
FFF,2014B,630966,0,North Western Region,A Level or Equivalent,20-30%,0-35,0,60,0,Pass,2,0,0,1,0,1,1,1,0,1,0,0,1,0,0,2
FFF,2014B,631023,0,East Anglian Region,A Level or Equivalent,70-80%,0-35,0,90,0,Pass,13,0,1,1,0,0,0,1,1,1,1,1,0,0,0,5
FFF,2014B,631075,0,Scotland,A Level or Equivalent,80-90%,0-35,0,90,0,Withdrawn,3,1,1,0,1,1,0,0,0,1,0,0,0,1,1,8
FFF,2014B,631083,0,North Western Region,A Level or Equivalent,0-10%,0-35,0,60,0,Fail,7,0,1,0,0,1,1,0,0,0,1,0,1,1,0,3
FFF,2014B,631099,0,East Midlands Region,A Level or Equivalent,90-100%,35-55,0,60,0,Fail,3,0,1,1,0,0,0,1,1,1,0,0,1,0,1,8
FFF,2014B,631104,0,East Anglian Region,A Level or Equivalent,50-60%,35-55,0,60,0,Pass,2,0,0,0,1,1,0,1,0,0,0,1,1,0,0,2
FFF,2014B,631111,0,London Region,Lower Than A Level,20-Oct,0-35,0,90,0,Fail,9,0,1,0,1,1,0,0,1,0,1,1,1,1,1,4
FFF,2014B,631135,1,South West Region,A Level or Equivalent,60-70%,0-35,0,60,0,Fail,3,1,0,0,1,0,0,1,1,0,0,0,0,1,0,8
FFF,2014B,631195,1,North Region,A Level or Equivalent,20-30%,0-35,0,60,1,Withdrawn,1,1,0,1,1,0,1,1,1,1,0,0,1,0,0,2
FFF,2014B,631235,0,South West Region,HE Qualification,30-40%,0-35,0,60,0,Pass,11,0,1,0,0,0,1,1,1,1,0,0,0,0,1,6
FFF,2014B,631247,0,South Region,A Level or Equivalent,90-100%,0-35,0,60,0,Pass,4,0,1,0,0,1,0,0,0,0,0,1,1,0,1,8
FFF,2014B,631300,0,East Anglian Region,A Level or Equivalent,20-Oct,0-35,0,90,0,Fail,13,0,1,0,1,0,1,1,0,0,1,1,1,1,1,5
FFF,2014B,631311,0,North Region,HE Qualification,,0-35,0,60,0,Pass,12,0,0,1,1,1,1,0,1,1,1,1,1,1,1,7
FFF,2014B,631327,0,North Region,Lower Than A Level,,0-35,0,60,0,Pass,12,0,1,1,1,1,0,1,0,0,1,0,1,1,1,7
FFF,2014B,631365,0,North Western Region,A Level or Equivalent,20-30%,0-35,0,90,0,Withdrawn,14,1,1,1,0,1,0,1,0,0,1,0,0,1,1,5
FFF,2014B,631467,1,South Region,A Level or Equivalent,,0-35,0,60,0,Pass,16,0,0,1,0,1,0,1,1,0,0,1,0,0,0,10
FFF,2014B,631473,0,London Region,Lower Than A Level,20-Oct,0-35,0,120,0,Distinction,5,0,0,0,0,1,1,0,1,0,0,0,1,0,1,9
FFF,2014B,631524,0,South West Region,A Level or Equivalent,20-30%,0-35,0,60,1,Withdrawn,16,1,0,1,1,1,1,0,1,1,1,1,0,1,1,10
FFF,2014B,631654,0,South Region,Lower Than A Level,90-100%,0-35,0,90,0,Fail,2,0,0,1,1,1,1,0,1,1,0,1,1,0,1,2
FFF,2014B,631673,0,East Midlands Region,Lower Than A Level,90-100%,0-35,0,90,0,Pass,2,1,0,1,0,1,1,1,1,1,0,0,0,1,1,2
FFF,2014B,631680,1,North Region,Lower Than A Level,70-80%,35-55,0,120,0,Pass,4,0,1,0,0,1,1,0,1,1,0,0,1,1,1,8
FFF,2014B,631701,0,East Anglian Region,No Formal quals,60-70%,0-35,0,90,0,Fail,5,0,1,0,1,0,1,0,1,0,0,1,1,0,0,9
FFF,2014B,631719,1,London Region,A Level or Equivalent,70-80%,0-35,0,90,0,Pass,5,1,0,1,1,0,0,1,1,0,0,1,0,0,1,9
FFF,2014B,631765,0,East Anglian Region,Lower Than A Level,80-90%,0-35,0,60,0,Pass,3,0,0,1,1,1,1,1,1,1,1,1,1,0,1,8
FFF,2014B,631853,0,South West Region,A Level or Equivalent,30-40%,0-35,0,90,0,Pass,16,0,1,0,0,1,0,1,1,1,1,1,0,1,0,10
FFF,2014B,631860,0,Wales,A Level or Equivalent,70-80%,0-35,0,60,0,Distinction,10,1,0,1,0,1,0,0,0,1,0,0,1,1,1,1
FFF,2014B,631880,0,East Midlands Region,Lower Than A Level,0-10%,0-35,0,60,0,Pass,8,0,1,0,0,0,0,0,1,1,1,0,0,1,0,3
FFF,2014B,631884,1,South Region,A Level or Equivalent,50-60%,35-55,0,60,0,Pass,2,0,0,1,0,1,1,1,1,0,0,0,1,0,0,2
FFF,2014B,631913,0,Ireland,A Level or Equivalent,20-30%,0-35,0,60,0,Fail,12,1,0,0,1,1,0,1,0,0,1,0,0,1,0,7
FFF,2014B,631925,0,North Region,Lower Than A Level,,0-35,0,90,0,Withdrawn,3,1,1,0,1,1,0,1,1,0,1,0,0,0,1,8
FFF,2014B,632019,0,Scotland,A Level or Equivalent,70-80%,35-55,0,90,0,Fail,1,1,1,0,1,1,1,0,0,0,1,1,1,1,1,2
FFF,2014B,632044,0,North Region,Lower Than A Level,,35-55,0,60,0,Pass,16,0,0,1,1,1,1,1,1,1,0,0,1,0,0,10
FFF,2014B,632078,0,Scotland,Post Graduate Qualification,90-100%,0-35,0,60,0,Fail,9,1,1,0,0,1,0,1,0,1,0,1,0,1,0,4
FFF,2014B,632114,0,London Region,A Level or Equivalent,50-60%,0-35,0,90,0,Fail,5,1,1,0,1,0,1,0,0,0,0,1,0,1,0,9
FFF,2014B,632124,0,East Midlands Region,A Level or Equivalent,70-80%,0-35,0,60,0,Withdrawn,14,1,0,0,0,1,0,0,1,1,1,0,1,0,0,5
FFF,2014B,632143,1,London Region,A Level or Equivalent,0-10%,0-35,0,60,0,Fail,1,1,0,1,1,1,0,1,1,0,1,0,1,1,1,2
FFF,2014B,632235,0,London Region,A Level or Equivalent,20-30%,35-55,0,90,0,Withdrawn,5,1,1,1,1,0,0,1,0,1,0,1,0,0,0,9
FFF,2014B,632258,1,London Region,A Level or Equivalent,30-40%,35-55,0,60,0,Pass,13,1,1,0,0,0,0,1,1,0,0,1,1,0,0,5
FFF,2014B,632306,0,East Midlands Region,HE Qualification,80-90%,0-35,0,60,0,Distinction,1,1,1,1,1,1,0,1,1,1,1,0,0,0,1,2
FFF,2014B,632316,0,South Region,A Level or Equivalent,80-90%,0-35,0,60,0,Pass,13,0,1,1,0,0,1,1,1,0,0,0,1,0,1,5
FFF,2014B,632339,0,North Western Region,A Level or Equivalent,0-10%,0-35,0,60,0,Pass,6,1,1,1,0,0,1,1,0,0,1,1,1,1,1,9
FFF,2014B,632363,0,South West Region,A Level or Equivalent,30-40%,35-55,0,60,0,Fail,8,1,1,0,0,0,0,1,1,0,0,1,1,1,0,3
FFF,2014B,632379,0,South Region,A Level or Equivalent,50-60%,0-35,0,120,1,Pass,6,0,0,0,0,1,1,1,0,0,1,0,0,0,0,9
FFF,2014B,632380,0,East Midlands Region,A Level or Equivalent,80-90%,0-35,0,60,0,Pass,2,0,1,0,1,0,1,0,0,0,0,0,0,1,1,2
FFF,2014B,632402,1,Scotland,HE Qualification,50-60%,0-35,0,60,0,Pass,14,0,0,1,0,0,0,1,0,1,0,1,1,1,0,5
FFF,2014B,632513,0,North Western Region,A Level or Equivalent,50-60%,35-55,0,60,0,Distinction,5,1,0,0,1,1,1,1,0,0,1,0,1,0,0,9
FFF,2014B,632544,0,North Region,No Formal quals,,0-35,0,60,0,Pass,14,0,0,0,1,0,1,0,1,1,1,0,1,1,1,5
FFF,2014B,632588,1,North Region,A Level or Equivalent,70-80%,0-35,0,60,0,Distinction,12,0,0,0,1,0,1,1,1,0,1,0,0,1,1,7
FFF,2014B,632620,0,East Anglian Region,HE Qualification,80-90%,0-35,0,60,0,Pass,12,0,0,0,1,1,0,0,0,1,1,1,1,1,0,7
FFF,2014B,632621,0,London Region,Lower Than A Level,20-Oct,0-35,0,60,0,Withdrawn,4,0,1,1,0,0,0,0,1,1,1,0,0,1,1,8
FFF,2014B,632623,0,North Region,No Formal quals,,0-35,0,60,0,Pass,10,1,0,1,0,1,0,1,0,1,0,1,0,0,1,1
FFF,2014B,632634,0,East Midlands Region,A Level or Equivalent,40-50%,0-35,0,60,1,Withdrawn,15,0,1,0,0,0,0,1,1,0,1,1,1,0,0,10
FFF,2014B,632691,0,South Region,A Level or Equivalent,40-50%,0-35,0,120,0,Pass,3,1,0,1,0,0,1,1,0,1,1,1,1,1,1,8
FFF,2014B,632698,0,West Midlands Region,Lower Than A Level,70-80%,0-35,0,60,0,Pass,3,1,0,0,0,0,0,1,1,1,1,1,1,1,0,8
FFF,2014B,632705,0,South Region,Lower Than A Level,30-40%,0-35,0,60,0,Pass,13,0,0,1,0,1,1,1,0,1,1,0,0,1,0,5
FFF,2014B,632759,0,South West Region,Lower Than A Level,80-90%,0-35,0,60,0,Withdrawn,11,1,1,1,0,0,0,0,1,1,0,0,1,0,1,6
FFF,2014B,632773,0,West Midlands Region,HE Qualification,50-60%,0-35,0,90,0,Withdrawn,6,1,1,1,0,1,1,0,0,1,1,0,1,1,1,9
FFF,2014B,632801,0,London Region,A Level or Equivalent,60-70%,0-35,0,90,0,Fail,15,0,0,0,0,0,0,0,0,0,0,0,0,1,1,10
FFF,2014B,632840,1,North Western Region,A Level or Equivalent,70-80%,0-35,0,60,0,Fail,3,0,1,0,0,0,0,1,0,0,1,1,1,0,0,8
FFF,2014B,632841,1,East Anglian Region,Lower Than A Level,30-40%,0-35,0,60,0,Withdrawn,2,0,1,1,1,1,1,1,1,0,0,1,0,1,1,2
FFF,2014B,632848,0,East Midlands Region,HE Qualification,20-Oct,35-55,0,60,0,Pass,13,0,0,1,0,0,1,1,0,0,1,0,0,1,1,5
FFF,2014B,632895,0,East Anglian Region,A Level or Equivalent,90-100%,0-35,0,60,0,Pass,7,1,1,1,1,0,1,0,0,0,0,0,0,1,1,3
FFF,2014B,632923,0,London Region,A Level or Equivalent,30-40%,0-35,0,60,0,Withdrawn,12,0,0,1,1,1,1,1,1,0,1,1,1,1,1,7
FFF,2014B,632927,0,North Region,A Level or Equivalent,20-Oct,0-35,0,60,0,Fail,16,0,0,0,0,0,0,1,1,0,1,1,0,1,0,10
FFF,2014B,632929,0,South East Region,A Level or Equivalent,30-40%,0-35,0,60,1,Pass,1,1,1,1,1,1,0,0,0,0,1,0,0,1,1,2
FFF,2014B,632947,0,South East Region,Lower Than A Level,20-Oct,0-35,0,120,0,Pass,8,0,1,1,0,0,0,1,1,1,0,0,1,1,1,3
FFF,2014B,632958,0,North Region,HE Qualification,,35-55,0,90,0,Withdrawn,16,1,1,1,0,0,1,1,0,0,0,1,0,0,1,10
FFF,2014B,632991,0,Yorkshire Region,HE Qualification,20-Oct,0-35,0,60,0,Pass,13,0,0,1,1,0,0,1,0,0,0,1,0,1,0,5
FFF,2014B,633047,0,North Western Region,A Level or Equivalent,30-40%,0-35,0,60,0,Pass,13,0,0,0,0,0,1,1,1,0,1,1,0,1,1,5
FFF,2014B,633077,0,East Anglian Region,Lower Than A Level,30-40%,0-35,0,60,1,Distinction,7,0,1,0,1,0,1,1,0,0,1,1,0,0,0,3
FFF,2014B,633100,1,Ireland,Lower Than A Level,,0-35,0,120,0,Withdrawn,8,0,0,0,1,0,1,0,0,1,0,0,0,0,1,3
FFF,2014B,633102,0,East Anglian Region,Lower Than A Level,70-80%,0-35,0,60,0,Withdrawn,3,1,0,1,0,1,0,0,1,1,1,0,1,1,0,8
FFF,2014B,633157,0,West Midlands Region,A Level or Equivalent,80-90%,0-35,0,120,0,Fail,10,0,0,1,0,0,1,0,0,1,0,0,1,1,0,1
FFF,2014B,633179,0,North Western Region,HE Qualification,40-50%,35-55,0,60,0,Distinction,12,0,0,0,0,1,0,1,0,0,0,1,0,0,0,7
FFF,2014B,633205,0,East Midlands Region,A Level or Equivalent,90-100%,0-35,0,60,0,Fail,15,1,0,0,1,1,1,1,0,0,0,0,1,1,0,10
FFF,2014B,633207,0,North Region,Lower Than A Level,20-30%,0-35,0,60,0,Fail,16,1,1,0,1,1,0,1,1,0,0,1,1,1,0,10
FFF,2014B,633219,0,South West Region,Lower Than A Level,80-90%,0-35,0,60,0,Pass,13,0,1,0,0,1,1,0,0,0,1,1,1,1,0,5
FFF,2014B,633221,0,South East Region,Lower Than A Level,90-100%,0-35,0,60,1,Fail,14,1,1,0,1,1,0,0,0,0,1,0,0,1,1,5
FFF,2014B,633233,0,West Midlands Region,No Formal quals,30-40%,0-35,0,60,0,Withdrawn,13,0,0,0,0,0,0,0,1,1,1,0,0,0,0,5
FFF,2014B,633238,1,South East Region,Lower Than A Level,70-80%,0-35,0,60,0,Pass,7,1,1,1,0,0,0,0,0,0,1,0,1,0,1,3
FFF,2014B,633243,0,East Anglian Region,Lower Than A Level,20-30%,0-35,0,120,0,Withdrawn,11,1,0,0,0,1,0,1,1,0,0,0,1,1,0,6
FFF,2014B,633292,0,East Anglian Region,Lower Than A Level,20-30%,0-35,0,60,0,Fail,12,0,1,0,1,0,1,1,1,0,0,0,1,0,1,7
FFF,2014B,633297,0,Scotland,Lower Than A Level,80-90%,35-55,0,60,0,Fail,12,0,1,0,1,0,0,0,0,0,1,1,1,0,1,7
FFF,2014B,633303,0,East Midlands Region,Post Graduate Qualification,60-70%,35-55,0,60,0,Distinction,7,1,0,1,1,1,1,1,0,0,0,0,0,1,1,3
FFF,2014B,633305,0,South East Region,Lower Than A Level,40-50%,0-35,0,60,0,Fail,13,0,1,0,1,1,0,1,0,1,0,0,0,0,1,5
FFF,2014B,633319,0,Yorkshire Region,A Level or Equivalent,80-90%,0-35,0,60,0,Pass,10,0,1,0,0,1,1,1,1,0,0,0,1,1,0,1
FFF,2014B,633328,1,London Region,Post Graduate Qualification,20-30%,35-55,0,60,0,Pass,2,0,1,0,0,0,0,1,1,1,1,0,0,0,1,2
FFF,2014B,633388,0,London Region,HE Qualification,20-30%,35-55,0,60,0,Distinction,8,0,0,0,0,0,0,0,0,1,0,1,0,1,1,3
FFF,2014B,633397,0,West Midlands Region,A Level or Equivalent,20-30%,0-35,0,120,0,Fail,16,1,0,1,1,1,1,0,0,1,1,1,1,1,0,10
FFF,2014B,633401,1,South Region,A Level or Equivalent,90-100%,0-35,0,60,0,Withdrawn,11,1,0,1,1,1,1,1,0,0,0,1,1,1,1,6
FFF,2014B,633403,0,South East Region,A Level or Equivalent,20-Oct,0-35,0,60,0,Fail,6,0,1,0,1,0,1,1,0,0,0,0,0,0,1,9
FFF,2014B,633411,0,West Midlands Region,A Level or Equivalent,20-30%,0-35,0,60,0,Fail,12,1,1,0,0,0,1,0,1,1,1,0,1,1,1,7
FFF,2014B,633504,0,South West Region,A Level or Equivalent,50-60%,0-35,0,60,0,Distinction,14,0,0,0,0,0,1,0,0,1,0,0,0,0,1,5
FFF,2014B,633505,0,West Midlands Region,Lower Than A Level,90-100%,0-35,0,60,0,Fail,14,0,1,1,1,1,0,0,1,1,0,0,0,0,0,5
FFF,2014B,633558,0,North Region,Post Graduate Qualification,,0-35,0,60,0,Withdrawn,1,1,0,1,1,0,0,1,1,1,0,1,0,1,1,2
FFF,2014B,633625,0,North Region,Lower Than A Level,,0-35,0,60,0,Withdrawn,2,1,0,0,0,0,1,1,0,1,0,0,0,0,1,2
FFF,2014B,633676,0,Scotland,A Level or Equivalent,20-Oct,0-35,0,60,1,Withdrawn,16,1,1,0,0,0,0,1,1,0,1,0,0,1,1,10
FFF,2014B,633691,0,East Anglian Region,HE Qualification,70-80%,0-35,0,60,0,Pass,10,1,1,1,0,1,1,0,1,1,1,1,1,0,1,1
FFF,2014B,633717,0,North Region,A Level or Equivalent,,35-55,0,60,0,Pass,10,1,1,1,0,1,1,0,1,0,0,1,1,1,0,1
FFF,2014B,633732,0,London Region,Lower Than A Level,60-70%,35-55,0,60,0,Withdrawn,9,0,1,1,0,1,0,1,0,0,0,1,0,1,1,4
FFF,2014B,633739,0,London Region,Lower Than A Level,20-Oct,0-35,0,60,0,Withdrawn,3,1,0,0,0,0,0,1,1,0,1,0,0,0,1,8
FFF,2014B,633745,1,East Midlands Region,A Level or Equivalent,30-40%,0-35,0,60,0,Pass,16,1,0,0,1,1,1,1,1,1,1,1,0,1,1,10
FFF,2014B,633756,0,South West Region,Lower Than A Level,50-60%,0-35,0,60,0,Pass,13,1,0,0,1,0,1,1,0,0,0,1,0,1,0,5
FFF,2014B,633773,0,Scotland,Lower Than A Level,20-30%,0-35,0,60,0,Pass,5,1,1,0,1,1,1,0,0,1,0,0,1,1,0,9
FFF,2014B,633840,0,Scotland,Lower Than A Level,70-80%,0-35,0,60,0,Fail,11,0,0,0,0,1,1,1,0,1,1,1,0,0,0,6
FFF,2014B,633881,0,East Anglian Region,A Level or Equivalent,20-Oct,0-35,0,60,1,Withdrawn,3,0,0,0,0,0,0,1,1,1,0,1,0,1,0,8
FFF,2014B,633884,0,Wales,Lower Than A Level,30-40%,0-35,0,60,0,Withdrawn,5,1,1,1,1,1,0,1,1,0,0,1,1,0,0,9
FFF,2014B,633924,0,London Region,HE Qualification,20-Oct,35-55,0,60,0,Fail,14,0,1,1,0,1,0,0,1,1,1,0,1,0,0,5
FFF,2014B,633983,0,London Region,A Level or Equivalent,30-40%,0-35,0,120,0,Pass,10,0,0,1,0,1,1,1,1,1,1,0,1,1,0,1
FFF,2014B,634007,0,North Western Region,A Level or Equivalent,30-40%,0-35,0,60,0,Withdrawn,7,1,0,1,0,1,1,1,1,0,1,1,1,0,1,3
FFF,2014B,634057,0,South West Region,No Formal quals,30-40%,0-35,0,90,0,Fail,5,0,1,0,1,0,1,1,1,0,1,0,0,0,1,9
FFF,2014B,634070,1,South East Region,A Level or Equivalent,90-100%,0-35,0,90,0,Pass,8,0,0,0,0,1,1,0,1,0,0,0,0,1,1,3
FFF,2014B,634099,0,London Region,A Level or Equivalent,0-10%,35-55,0,60,0,Fail,6,1,0,1,1,1,0,1,1,1,0,0,1,0,0,9
FFF,2014B,634111,0,South East Region,HE Qualification,60-70%,0-35,0,60,0,Pass,1,0,1,0,0,0,0,1,1,0,0,1,1,1,1,2
FFF,2014B,634114,0,Scotland,Lower Than A Level,0-10%,0-35,0,60,1,Withdrawn,8,0,1,1,1,0,1,1,1,0,0,0,0,1,0,3
FFF,2014B,634139,0,West Midlands Region,A Level or Equivalent,90-100%,0-35,0,120,0,Pass,12,1,1,1,1,0,1,1,1,0,0,1,0,0,0,7
FFF,2014B,634155,0,East Midlands Region,Lower Than A Level,20-Oct,0-35,0,60,0,Distinction,11,0,0,1,1,0,1,1,1,0,1,1,0,0,1,6
FFF,2014B,634165,0,London Region,Lower Than A Level,30-40%,0-35,0,90,0,Pass,12,1,0,0,1,0,1,0,1,0,0,0,0,1,1,7
FFF,2014B,634176,0,South East Region,Lower Than A Level,20-30%,0-35,0,90,0,Withdrawn,16,0,1,1,0,0,0,1,0,1,1,0,1,1,0,10
FFF,2014B,634187,0,South Region,A Level or Equivalent,30-40%,0-35,0,60,0,Withdrawn,7,1,1,0,0,1,0,1,0,1,0,1,1,0,0,3
FFF,2014B,634200,0,Scotland,HE Qualification,60-70%,0-35,0,60,0,Fail,3,1,1,0,0,0,0,1,0,0,1,0,0,1,0,8
FFF,2014B,634209,0,South East Region,Lower Than A Level,20-30%,0-35,0,90,0,Pass,3,1,0,0,0,1,1,0,1,1,0,1,1,1,1,8
FFF,2014B,634245,0,North Region,Lower Than A Level,,35-55,0,60,0,Fail,2,1,1,1,1,0,0,0,1,0,1,0,1,0,0,2
FFF,2014B,634252,0,East Midlands Region,A Level or Equivalent,20-30%,0-35,0,60,0,Fail,10,1,1,1,1,0,0,0,1,1,1,0,1,1,1,1
FFF,2014B,634254,0,North Western Region,HE Qualification,70-80%,35-55,0,60,0,Withdrawn,11,1,0,1,1,1,0,0,0,0,1,0,0,0,0,6
FFF,2014B,634260,0,Wales,Lower Than A Level,40-50%,35-55,0,60,0,Pass,7,0,0,0,0,0,1,1,1,0,0,0,0,0,1,3
FFF,2014B,634279,0,East Midlands Region,A Level or Equivalent,30-40%,0-35,0,120,0,Fail,4,1,1,0,0,1,1,0,1,1,0,0,0,1,0,8
FFF,2014B,634292,0,East Anglian Region,A Level or Equivalent,70-80%,35-55,0,60,0,Fail,1,0,1,0,0,1,1,1,0,1,0,1,1,1,1,2
FFF,2014B,634339,0,North Western Region,A Level or Equivalent,80-90%,0-35,0,90,0,Withdrawn,15,0,0,0,0,1,1,0,1,0,1,0,0,1,0,10
FFF,2014B,634343,0,North Region,Lower Than A Level,,0-35,0,60,0,Pass,7,1,0,0,0,0,1,0,0,0,1,1,1,1,1,3
FFF,2014B,634349,0,Scotland,A Level or Equivalent,0-10%,0-35,0,120,0,Fail,12,0,1,1,0,1,1,0,1,1,1,0,1,0,0,7
FFF,2014B,634426,0,South Region,A Level or Equivalent,80-90%,0-35,0,60,0,Pass,13,1,1,0,1,1,1,1,0,0,1,1,1,1,1,5
FFF,2014B,634427,0,South Region,A Level or Equivalent,70-80%,0-35,0,60,0,Pass,13,0,0,1,0,1,0,0,0,0,1,1,0,0,0,5
FFF,2014B,634429,1,South Region,A Level or Equivalent,50-60%,0-35,0,60,0,Distinction,10,1,0,1,1,1,0,0,0,1,0,0,1,1,1,1
FFF,2014B,634430,1,East Midlands Region,A Level or Equivalent,20-30%,0-35,0,60,0,Pass,10,0,1,1,0,1,0,0,1,1,1,0,1,0,0,1
FFF,2014B,634431,0,Yorkshire Region,A Level or Equivalent,20-30%,0-35,0,60,0,Pass,16,1,1,1,0,0,1,1,1,0,1,1,1,0,1,10
FFF,2014B,634435,0,South Region,A Level or Equivalent,70-80%,0-35,0,60,0,Pass,10,0,0,1,0,1,0,0,0,0,1,0,0,0,1,1
FFF,2014B,634479,0,South West Region,HE Qualification,80-90%,35-55,0,60,0,Fail,8,0,0,1,1,1,0,1,0,0,0,1,1,0,1,3
FFF,2014B,634480,1,South East Region,Lower Than A Level,80-90%,35-55,0,60,0,Withdrawn,7,0,1,0,1,0,1,1,1,0,0,1,1,1,1,3
FFF,2014B,634500,0,London Region,A Level or Equivalent,30-40%,35-55,0,120,0,Pass,15,0,0,1,1,1,0,1,0,1,0,0,1,0,1,10
FFF,2014B,634536,0,East Midlands Region,HE Qualification,90-100%,0-35,0,60,0,Pass,3,0,1,1,0,1,0,0,0,0,1,0,0,0,0,8
FFF,2014B,634539,0,Yorkshire Region,A Level or Equivalent,30-40%,0-35,0,60,0,Fail,9,1,0,1,1,1,0,0,1,1,0,1,0,0,0,4
FFF,2014B,634616,0,London Region,Post Graduate Qualification,30-40%,35-55,0,60,0,Pass,7,1,0,0,1,0,1,0,1,1,1,0,1,0,1,3
FFF,2014B,634635,1,London Region,HE Qualification,20-Oct,35-55,0,60,0,Fail,8,1,0,0,1,0,0,1,1,1,0,0,0,1,0,3
FFF,2014B,634636,0,London Region,A Level or Equivalent,30-40%,0-35,0,60,0,Pass,15,0,0,1,0,0,0,0,0,0,1,1,0,0,0,10
FFF,2014B,634638,0,South East Region,Lower Than A Level,50-60%,0-35,0,60,0,Fail,5,1,0,0,1,0,0,1,0,0,0,0,1,0,1,9
FFF,2014B,634682,0,North Western Region,Lower Than A Level,0-10%,0-35,0,60,0,Fail,6,0,0,0,1,0,1,0,0,0,1,0,0,1,0,9
FFF,2014B,634701,0,North Region,Lower Than A Level,,35-55,0,60,1,Withdrawn,8,0,1,0,1,0,1,0,0,0,0,1,1,1,0,3
FFF,2014B,634774,1,Scotland,Lower Than A Level,80-90%,35-55,0,60,0,Withdrawn,11,0,1,0,1,1,0,1,1,1,1,1,0,1,0,6
FFF,2014B,634784,0,Scotland,A Level or Equivalent,30-40%,35-55,0,60,0,Fail,8,0,0,0,0,1,0,1,1,1,0,1,0,0,0,3
FFF,2014B,634796,0,North Western Region,Lower Than A Level,90-100%,0-35,0,60,0,Withdrawn,14,0,0,0,0,1,0,0,0,1,1,1,1,1,1,5
FFF,2014B,634820,0,North Region,Lower Than A Level,,35-55,0,60,0,Withdrawn,10,0,1,1,1,1,0,1,1,1,0,1,0,1,1,1
FFF,2014B,634859,1,London Region,A Level or Equivalent,20-Oct,0-35,0,60,0,Fail,2,1,1,0,0,1,1,0,0,1,0,0,1,0,1,2
FFF,2014B,634918,0,London Region,Lower Than A Level,30-40%,0-35,0,120,0,Fail,12,1,1,0,0,1,1,0,1,0,1,0,1,0,1,7
FFF,2014B,634919,0,West Midlands Region,Lower Than A Level,70-80%,0-35,0,60,0,Pass,3,1,0,0,0,1,1,1,1,0,1,0,1,1,0,8
FFF,2014B,634924,0,Scotland,HE Qualification,,0-35,0,60,0,Distinction,7,1,1,1,1,1,1,1,1,1,1,1,1,0,1,3
FFF,2014B,634946,0,London Region,A Level or Equivalent,30-40%,0-35,0,60,0,Withdrawn,11,1,0,1,1,1,1,0,1,1,0,0,1,0,0,6
FFF,2014B,634979,0,North Western Region,A Level or Equivalent,70-80%,0-35,0,60,0,Withdrawn,16,0,0,1,1,0,0,0,1,1,0,1,1,0,1,10
FFF,2014B,634999,0,North Region,Lower Than A Level,,35-55,0,60,0,Distinction,5,1,1,1,1,1,0,0,1,0,0,0,1,0,1,9
FFF,2014B,635034,0,South Region,HE Qualification,90-100%,0-35,0,90,0,Pass,6,0,0,1,1,0,0,0,1,0,1,0,0,0,0,9
FFF,2014B,635046,0,South Region,A Level or Equivalent,90-100%,0-35,0,60,0,Fail,4,1,1,1,0,0,0,0,0,1,0,0,0,0,1,8
FFF,2014B,635079,0,Scotland,A Level or Equivalent,40-50%,35-55,0,60,0,Withdrawn,3,1,0,0,0,0,0,0,1,1,1,0,0,0,0,8
FFF,2014B,635124,0,South East Region,A Level or Equivalent,50-60%,0-35,0,60,0,Fail,16,0,0,0,0,0,1,1,1,0,1,1,0,0,0,10
FFF,2014B,1006742,0,Scotland,HE Qualification,80-90%,55<=,1,120,0,Fail,12,0,0,1,0,0,0,0,1,0,0,0,0,1,1,7
FFF,2014B,1017773,0,West Midlands Region,Lower Than A Level,70-80%,35-55,0,60,0,Fail,16,0,1,1,1,1,0,0,0,1,1,1,1,1,1,10
FFF,2014B,1045091,0,North Western Region,A Level or Equivalent,20-30%,55<=,0,60,0,Fail,5,0,1,0,0,1,1,1,0,1,0,0,1,1,1,9
FFF,2014B,1072259,0,North Western Region,HE Qualification,60-70%,35-55,0,90,0,Pass,14,1,0,1,0,1,0,0,1,1,0,0,0,0,0,5
FFF,2014B,1290731,0,North Western Region,Lower Than A Level,20-Oct,35-55,0,90,0,Withdrawn,15,0,0,1,0,1,0,1,1,0,0,0,0,0,1,10
FFF,2014B,1340760,0,South Region,Lower Than A Level,70-80%,35-55,0,60,0,Pass,5,0,1,0,0,0,0,1,0,1,1,1,0,1,0,9
FFF,2014B,1398489,0,North Region,Lower Than A Level,,35-55,0,60,0,Pass,9,0,1,0,1,0,0,1,1,1,0,1,1,1,1,4
FFF,2014B,1425806,0,South West Region,HE Qualification,40-50%,35-55,0,90,0,Pass,4,0,1,1,1,0,0,0,1,1,0,1,0,1,0,8
FFF,2014B,1450604,0,North Region,A Level or Equivalent,70-80%,35-55,0,90,0,Withdrawn,16,0,1,0,0,0,0,1,1,0,1,0,1,0,1,10
FFF,2014B,1465407,0,East Midlands Region,A Level or Equivalent,50-60%,35-55,0,60,0,Pass,15,1,0,0,0,0,0,0,1,1,0,1,0,0,1,10
FFF,2014B,1498823,0,South West Region,Lower Than A Level,40-50%,35-55,2,150,0,Fail,13,1,0,0,1,0,1,1,0,1,1,1,0,0,1,5
FFF,2014B,1514245,0,East Midlands Region,Lower Than A Level,0-10%,35-55,0,90,0,Withdrawn,4,1,1,1,0,1,1,0,1,1,1,1,1,0,0,8
FFF,2014B,1526059,0,South Region,HE Qualification,90-100%,35-55,0,60,0,Pass,15,0,1,0,1,0,0,1,0,1,0,1,0,0,1,10
FFF,2014B,1528232,1,South West Region,A Level or Equivalent,0-10%,35-55,2,120,0,Withdrawn,8,1,1,1,1,0,0,0,1,1,1,0,1,0,0,3
FFF,2014B,1548052,1,Ireland,A Level or Equivalent,30-40%,35-55,0,60,0,Fail,13,1,1,0,0,1,1,1,0,1,0,0,1,0,0,5
FFF,2014B,1578222,0,East Midlands Region,HE Qualification,40-50%,35-55,0,60,0,Pass,6,0,0,1,0,0,1,0,1,1,0,1,1,0,1,9
FFF,2014B,1588621,0,North Western Region,A Level or Equivalent,0-10%,35-55,0,120,0,Withdrawn,5,0,1,1,1,1,0,0,0,1,0,1,1,0,0,9
FFF,2014B,1615392,0,East Midlands Region,Lower Than A Level,80-90%,35-55,0,60,0,Pass,10,0,0,1,1,1,1,0,1,1,1,1,1,0,0,1
FFF,2014B,1627052,0,Scotland,HE Qualification,80-90%,35-55,0,60,0,Pass,1,0,0,0,0,1,1,0,1,0,0,0,0,0,1,2
FFF,2014B,1641117,1,South East Region,Lower Than A Level,90-100%,35-55,0,120,0,Pass,16,0,0,0,1,1,1,1,0,1,1,1,0,0,1,10
FFF,2014B,1683192,0,South East Region,A Level or Equivalent,20-30%,35-55,0,60,1,Withdrawn,8,1,0,1,0,0,1,0,1,1,0,1,1,0,1,3
FFF,2014B,1683803,1,London Region,HE Qualification,20-30%,35-55,0,120,0,Pass,11,1,0,0,1,1,0,1,0,1,1,0,1,1,0,6
FFF,2014B,1738364,0,South Region,HE Qualification,90-100%,35-55,0,60,0,Pass,9,0,1,0,1,1,1,1,1,1,1,0,1,0,1,4
FFF,2014B,1744817,1,South West Region,A Level or Equivalent,30-40%,35-55,0,60,0,Distinction,7,1,0,1,0,0,1,1,0,0,0,1,0,1,1,3
FFF,2014B,1757662,0,Ireland,HE Qualification,,35-55,0,60,0,Pass,11,1,1,1,1,0,1,0,0,0,0,0,0,0,1,6
FFF,2014B,1768223,0,North Western Region,Lower Than A Level,80-90%,55<=,0,60,0,Pass,5,1,1,0,0,0,1,1,0,1,1,0,1,0,0,9
FFF,2014B,1773925,1,Wales,HE Qualification,0-10%,35-55,0,210,0,Withdrawn,3,0,0,0,1,0,0,0,1,0,0,1,1,1,1,8
FFF,2014B,1799963,0,Ireland,HE Qualification,30-40%,35-55,0,90,0,Withdrawn,2,1,0,1,0,0,1,0,0,0,0,1,0,1,0,2
FFF,2014B,1821249,0,South Region,Lower Than A Level,60-70%,35-55,1,60,0,Fail,2,1,0,0,1,1,1,0,0,1,0,0,0,1,1,2
FFF,2014B,1875728,0,Ireland,A Level or Equivalent,80-90%,35-55,0,60,0,Pass,10,0,1,0,1,0,1,0,1,0,0,1,0,1,0,1
FFF,2014B,1884024,0,South Region,Lower Than A Level,90-100%,35-55,0,60,0,Fail,15,0,0,0,0,1,1,1,1,0,0,0,1,0,1,10
FFF,2014B,1892879,0,London Region,Lower Than A Level,30-40%,35-55,0,120,0,Fail,11,0,0,0,0,1,1,0,0,0,0,0,1,1,1,6
FFF,2014B,1919240,0,East Anglian Region,Lower Than A Level,60-70%,0-35,0,120,0,Distinction,12,1,1,1,1,1,0,0,1,0,0,0,1,1,0,7
FFF,2014B,1928947,0,Wales,A Level or Equivalent,70-80%,35-55,0,150,0,Fail,13,1,0,1,1,1,0,1,0,0,0,1,1,1,0,5
FFF,2014B,1933534,0,West Midlands Region,HE Qualification,30-40%,35-55,1,120,0,Fail,7,0,1,1,0,0,0,0,1,1,0,0,0,0,0,3
FFF,2014B,1936935,0,Yorkshire Region,Lower Than A Level,20-Oct,35-55,1,60,0,Withdrawn,16,1,0,1,1,1,1,1,0,0,0,1,1,0,0,10
FFF,2014B,1939193,1,Ireland,HE Qualification,,0-35,0,60,0,Fail,2,0,1,0,0,1,0,1,1,0,1,1,0,1,0,2
FFF,2014B,1961652,1,South West Region,Lower Than A Level,70-80%,0-35,0,210,0,Withdrawn,11,0,1,1,1,1,0,0,0,1,1,0,0,1,0,6
FFF,2014B,1962128,1,Scotland,A Level or Equivalent,30-40%,35-55,1,120,0,Withdrawn,5,1,0,1,1,0,1,1,0,1,1,1,1,1,0,9
FFF,2014B,1984169,0,Scotland,HE Qualification,50-60%,35-55,0,60,0,Withdrawn,10,0,0,0,0,0,0,0,1,1,0,1,1,1,0,1
FFF,2014B,1999952,0,Scotland,HE Qualification,80-90%,35-55,0,60,0,Pass,13,1,1,0,0,1,1,0,1,1,0,1,1,0,0,5
FFF,2014B,2010245,0,North Western Region,A Level or Equivalent,60-70%,35-55,0,60,0,Fail,1,1,1,1,0,0,1,1,1,1,1,0,0,1,1,2
FFF,2014B,2022750,0,Scotland,Lower Than A Level,30-40%,35-55,0,60,0,Withdrawn,6,1,1,1,1,1,1,0,0,1,1,1,1,0,1,9
FFF,2014B,2025233,0,London Region,A Level or Equivalent,40-50%,35-55,0,120,0,Pass,8,1,1,1,1,0,1,1,0,0,1,1,1,1,1,3
FFF,2014B,2055321,0,Ireland,HE Qualification,,35-55,0,60,0,Fail,14,0,0,0,0,1,1,0,0,0,0,0,1,0,0,5
FFF,2014B,2058815,0,West Midlands Region,Lower Than A Level,80-90%,0-35,0,90,0,Withdrawn,3,0,1,1,0,0,1,0,1,1,0,0,0,0,0,8
FFF,2014B,2074627,0,Scotland,Lower Than A Level,40-50%,0-35,0,90,0,Pass,16,1,0,1,1,0,0,0,0,0,1,1,1,1,0,10
FFF,2014B,2095576,0,South East Region,A Level or Equivalent,80-90%,0-35,0,90,0,Pass,1,0,1,0,0,1,1,1,1,1,0,0,0,1,0,2
FFF,2014B,2097046,0,Wales,Lower Than A Level,60-70%,35-55,0,60,0,Fail,6,1,0,1,0,0,1,0,0,1,1,0,1,0,1,9
FFF,2014B,2114529,0,East Anglian Region,Lower Than A Level,20-30%,0-35,0,60,0,Withdrawn,9,1,0,1,0,1,1,1,1,1,1,0,0,0,0,4
FFF,2014B,2131008,0,London Region,A Level or Equivalent,50-60%,35-55,0,60,0,Pass,7,0,1,1,1,0,0,1,1,0,0,0,0,1,1,3
FFF,2014B,2156172,0,South Region,A Level or Equivalent,40-50%,35-55,0,60,0,Withdrawn,1,0,0,0,1,0,1,1,1,1,0,1,0,0,1,2
FFF,2014B,2161710,0,Wales,A Level or Equivalent,70-80%,35-55,2,60,0,Withdrawn,11,1,0,0,0,1,1,0,1,1,1,1,1,0,0,6
FFF,2014B,2164266,0,East Anglian Region,Lower Than A Level,30-40%,0-35,3,180,1,Fail,5,0,1,1,0,1,0,0,0,1,1,0,1,1,1,9
FFF,2014B,2176759,0,Yorkshire Region,HE Qualification,30-40%,35-55,0,60,0,Pass,2,1,0,0,0,1,1,1,0,0,1,1,0,0,0,2
FFF,2014B,2186992,0,West Midlands Region,Lower Than A Level,40-50%,0-35,1,120,1,Distinction,7,0,1,1,1,1,1,0,0,0,1,0,0,0,1,3
FFF,2014B,2209846,0,East Midlands Region,Lower Than A Level,40-50%,35-55,0,60,0,Withdrawn,4,0,0,0,1,0,0,0,0,1,0,1,0,1,1,8
FFF,2014B,2222615,0,Wales,A Level or Equivalent,70-80%,35-55,0,90,0,Pass,16,0,1,0,1,1,1,0,0,0,0,1,0,1,1,10
FFF,2014B,2238019,0,North Region,Lower Than A Level,20-Oct,0-35,0,60,0,Fail,4,1,0,0,0,0,1,0,0,0,1,1,1,0,1,8
FFF,2014B,2239539,0,North Western Region,HE Qualification,0-10%,35-55,0,60,0,Withdrawn,12,1,0,1,1,1,0,1,1,0,1,1,1,1,0,7
FFF,2014B,2242595,0,London Region,Lower Than A Level,60-70%,0-35,3,60,0,Fail,15,1,0,0,0,0,0,0,1,1,1,0,1,1,0,10
FFF,2014B,2242732,0,South West Region,HE Qualification,90-100%,35-55,0,90,0,Pass,13,1,0,1,1,1,1,1,1,1,0,0,1,1,0,5
FFF,2014B,2244285,0,East Anglian Region,A Level or Equivalent,40-50%,0-35,0,60,0,Pass,3,1,1,0,0,0,0,0,0,0,0,0,1,1,1,8
FFF,2014B,2256318,0,Yorkshire Region,A Level or Equivalent,20-30%,0-35,1,120,1,Pass,9,0,0,1,1,1,1,1,0,1,0,0,0,1,1,4
FFF,2014B,2257112,0,South Region,Lower Than A Level,30-40%,35-55,0,60,0,Distinction,16,1,1,0,0,1,1,1,1,0,0,1,0,1,0,10
FFF,2014B,2264054,0,London Region,Lower Than A Level,70-80%,35-55,0,60,0,Pass,7,0,1,0,1,0,0,0,0,0,1,0,1,1,0,3
FFF,2014B,2265419,0,South West Region,A Level or Equivalent,30-40%,35-55,0,60,0,Withdrawn,13,1,1,0,0,0,1,1,1,0,1,1,0,0,1,5
FFF,2014B,2270880,0,West Midlands Region,Lower Than A Level,0-10%,35-55,0,90,1,Pass,15,0,0,1,1,0,0,1,1,0,0,1,0,1,1,10
FFF,2014B,2298316,1,South East Region,Lower Than A Level,20-30%,0-35,0,120,0,Withdrawn,7,1,1,1,0,0,1,1,0,0,1,0,0,1,0,3
FFF,2014B,2299808,0,Wales,A Level or Equivalent,90-100%,35-55,0,60,0,Distinction,4,0,0,1,0,0,1,1,1,1,1,0,0,0,1,8
FFF,2014B,2303413,1,East Anglian Region,A Level or Equivalent,40-50%,35-55,0,120,0,Pass,4,1,1,0,1,1,0,1,1,1,0,1,1,0,1,8
FFF,2014B,2306016,0,Wales,HE Qualification,20-30%,0-35,0,90,0,Distinction,12,1,1,1,1,1,0,1,0,1,0,0,1,1,1,7
FFF,2014B,2322813,1,Scotland,A Level or Equivalent,50-60%,0-35,0,60,0,Withdrawn,5,0,0,1,1,1,1,1,1,1,1,1,1,1,0,9
FFF,2014B,2327494,0,London Region,Lower Than A Level,20-Oct,35-55,1,90,0,Pass,7,0,1,1,0,0,1,0,1,1,0,1,0,1,0,3
FFF,2014B,2336654,0,Scotland,HE Qualification,50-60%,35-55,0,60,0,Fail,2,1,1,0,1,0,0,0,0,0,0,1,1,1,1,2
FFF,2014B,2337362,0,Scotland,HE Qualification,20-30%,0-35,0,90,0,Pass,5,0,0,1,0,1,0,0,1,0,1,0,1,0,1,9
FFF,2014B,2345438,0,Ireland,Lower Than A Level,30-40%,35-55,0,90,0,Pass,7,0,0,1,1,1,0,1,0,0,0,1,1,0,0,3
FFF,2014B,2355214,1,Scotland,Post Graduate Qualification,60-70%,35-55,2,90,0,Fail,9,0,1,0,1,0,1,0,1,0,1,1,0,1,1,4
FFF,2014B,2360071,0,London Region,HE Qualification,80-90%,0-35,0,90,0,Withdrawn,7,1,0,1,1,1,0,1,0,0,1,0,1,0,1,3
FFF,2014B,2381745,0,London Region,Lower Than A Level,0-10%,35-55,3,180,0,Withdrawn,13,1,1,0,0,0,0,0,1,1,1,1,1,0,0,5
FFF,2014B,2383307,0,South Region,A Level or Equivalent,50-60%,0-35,0,60,0,Pass,7,0,1,0,1,0,1,0,1,0,1,0,1,0,1,3
FFF,2014B,2410519,0,West Midlands Region,A Level or Equivalent,70-80%,0-35,1,90,0,Distinction,8,0,1,0,1,1,1,0,0,0,1,1,0,1,1,3
FFF,2014B,2413895,0,Scotland,Lower Than A Level,60-70%,35-55,1,90,1,Fail,4,1,0,0,1,0,1,0,0,1,1,1,1,0,1,8
FFF,2014B,2419081,0,North Western Region,Lower Than A Level,60-70%,35-55,0,60,0,Withdrawn,7,1,0,1,1,1,0,0,0,1,0,1,1,0,1,3
FFF,2014B,2426332,0,East Anglian Region,HE Qualification,50-60%,0-35,0,60,0,Pass,3,1,0,0,0,0,1,0,0,1,0,0,0,1,0,8
FFF,2014B,2436584,0,South East Region,A Level or Equivalent,50-60%,35-55,2,150,0,Withdrawn,1,1,1,0,1,1,0,1,0,1,0,1,0,0,1,2
FFF,2014B,2437930,0,Scotland,A Level or Equivalent,80-90%,0-35,1,120,0,Pass,4,1,0,1,0,1,1,0,0,0,1,0,1,1,0,8
FFF,2014B,2448082,1,East Anglian Region,Lower Than A Level,50-60%,0-35,0,60,0,Fail,9,1,1,0,1,1,0,1,1,0,0,0,1,0,1,4
FFF,2014B,2462281,1,London Region,A Level or Equivalent,20-30%,35-55,0,60,1,Withdrawn,4,0,0,0,0,0,0,0,1,1,0,1,1,1,0,8
FFF,2014B,2463282,0,South West Region,Lower Than A Level,70-80%,35-55,1,240,1,Withdrawn,1,1,0,1,0,1,1,0,0,0,1,0,0,0,1,2
FFF,2014B,2465589,0,East Midlands Region,Lower Than A Level,20-30%,0-35,1,180,0,Withdrawn,2,0,1,0,0,0,1,1,0,0,0,0,0,0,1,2
FFF,2014B,2480886,1,East Anglian Region,A Level or Equivalent,80-90%,0-35,0,60,1,Withdrawn,1,0,1,1,1,1,1,1,0,1,0,1,1,0,1,2
FFF,2014B,2481482,0,London Region,HE Qualification,40-50%,35-55,0,60,0,Pass,3,1,0,0,0,0,0,0,1,0,1,0,0,0,1,8
FFF,2014B,2492219,0,London Region,HE Qualification,20-30%,35-55,0,60,0,Pass,6,0,0,1,0,0,1,0,1,1,0,0,0,1,0,9
FFF,2014B,2492787,0,North Western Region,Lower Than A Level,30-40%,0-35,3,60,0,Distinction,10,0,0,0,1,0,0,0,0,1,1,1,0,0,1,1
FFF,2014B,2494338,0,North Western Region,Lower Than A Level,30-40%,35-55,0,60,1,Withdrawn,12,0,0,1,1,1,1,1,1,0,1,1,0,1,1,7
FFF,2014B,2503799,0,London Region,A Level or Equivalent,20-Oct,35-55,0,90,0,Fail,8,0,0,0,1,1,1,1,1,0,0,0,1,0,0,3
FFF,2014B,2516163,0,West Midlands Region,HE Qualification,70-80%,35-55,0,60,0,Distinction,7,1,1,1,0,0,1,1,0,1,0,0,1,1,1,3
FFF,2014B,2517983,0,Scotland,A Level or Equivalent,80-90%,35-55,1,150,0,Withdrawn,3,1,0,1,0,1,0,1,0,1,1,1,0,1,0,8
FFF,2014B,2523915,0,Yorkshire Region,HE Qualification,40-50%,0-35,1,120,0,Pass,16,1,1,1,1,0,0,1,1,1,1,1,1,1,1,10
FFF,2014B,2524794,1,London Region,HE Qualification,0-10%,35-55,0,60,0,Withdrawn,3,0,0,0,0,1,0,1,1,0,0,0,0,0,1,8
FFF,2014B,2525633,1,East Anglian Region,A Level or Equivalent,60-70%,0-35,0,60,1,Withdrawn,14,0,0,0,0,1,1,1,1,1,1,0,1,1,1,5
FFF,2014B,2532785,1,Yorkshire Region,A Level or Equivalent,40-50%,0-35,0,60,0,Distinction,2,0,0,0,0,1,0,1,1,0,0,1,0,1,1,2
FFF,2014B,2540424,0,East Midlands Region,A Level or Equivalent,30-40%,0-35,1,120,0,Withdrawn,11,0,0,0,0,1,0,1,1,1,1,1,1,1,0,6
FFF,2014B,2543637,0,Yorkshire Region,Lower Than A Level,0-10%,0-35,0,60,0,Fail,3,0,0,1,0,0,1,0,0,1,0,0,1,1,0,8
FFF,2014B,2545629,1,East Midlands Region,A Level or Equivalent,0-10%,0-35,0,60,1,Pass,15,1,0,1,1,1,1,0,0,1,1,0,1,0,0,10
FFF,2014B,2554552,1,Wales,A Level or Equivalent,30-40%,0-35,0,60,0,Pass,9,0,1,0,0,1,1,0,1,0,0,1,1,0,0,4
FFF,2014B,2558365,0,North Western Region,A Level or Equivalent,20-30%,0-35,0,90,0,Withdrawn,1,0,1,1,0,1,0,1,1,1,0,1,1,0,0,2
FFF,2014B,2561313,1,North Western Region,HE Qualification,0-10%,0-35,0,90,0,Pass,5,0,0,0,0,1,1,0,0,1,1,1,1,0,0,9
FFF,2014B,2561862,0,Ireland,HE Qualification,80-90%,0-35,0,60,0,Distinction,12,0,1,1,0,1,0,0,0,0,0,0,1,0,0,7
FFF,2014B,2564619,0,South Region,HE Qualification,90-100%,0-35,0,120,0,Pass,4,1,0,1,0,0,0,0,0,0,0,1,1,1,1,8
FFF,2014B,2569942,1,West Midlands Region,A Level or Equivalent,40-50%,0-35,0,60,1,Pass,13,1,1,0,0,1,1,0,0,0,1,0,0,0,0,5
FFF,2014B,2570929,0,East Anglian Region,Lower Than A Level,90-100%,35-55,0,60,0,Pass,4,1,0,1,0,1,1,1,0,1,1,1,0,0,0,8
FFF,2014B,2575119,0,Ireland,A Level or Equivalent,50-60%,35-55,2,60,0,Fail,12,0,1,1,1,1,0,1,1,1,0,1,0,1,1,7
FFF,2014B,2581536,0,North Western Region,A Level or Equivalent,60-70%,0-35,0,60,0,Pass,4,0,0,1,1,1,0,0,1,0,0,0,1,0,1,8
FFF,2014B,2581654,0,North Western Region,A Level or Equivalent,50-60%,35-55,0,120,0,Pass,8,0,0,1,1,0,1,1,0,0,0,1,0,0,0,3
FFF,2014B,2583997,0,West Midlands Region,Lower Than A Level,20-30%,0-35,0,90,0,Fail,8,1,0,1,0,1,1,1,0,1,1,1,1,1,0,3
FFF,2014B,2585330,1,Scotland,HE Qualification,30-40%,35-55,0,60,0,Pass,7,1,1,1,1,1,0,0,0,0,1,1,1,0,0,3
FFF,2014B,2589352,0,Wales,Lower Than A Level,30-40%,35-55,0,60,0,Pass,14,0,1,0,1,1,0,1,0,0,1,1,1,0,0,5
FFF,2014B,2590531,0,London Region,Lower Than A Level,40-50%,0-35,0,120,0,Withdrawn,10,1,0,1,1,0,1,0,1,0,1,1,0,0,0,1
FFF,2014B,2593175,0,North Region,Lower Than A Level,60-70%,0-35,0,90,0,Withdrawn,3,1,1,1,0,0,0,0,0,1,0,0,1,1,0,8
FFF,2014B,2595058,0,West Midlands Region,A Level or Equivalent,20-Oct,0-35,0,60,1,Fail,1,1,0,1,0,0,1,0,0,1,1,1,1,1,0,2
FFF,2014B,2602542,0,Scotland,Post Graduate Qualification,90-100%,35-55,1,120,0,Withdrawn,6,1,1,1,1,0,1,0,1,1,0,0,1,0,1,9
FFF,2014B,2604975,0,Scotland,HE Qualification,20-30%,35-55,0,60,1,Pass,14,0,0,1,1,1,1,1,1,0,0,1,0,1,0,5
FFF,2014B,2606636,0,North Western Region,A Level or Equivalent,20-Oct,0-35,0,60,0,Distinction,14,1,1,0,1,1,0,0,0,1,0,1,1,1,0,5
FFF,2014B,2606890,0,Yorkshire Region,A Level or Equivalent,70-80%,0-35,0,60,0,Pass,10,0,1,0,0,0,1,0,0,0,1,1,1,0,0,1
FFF,2014B,2609955,0,Wales,HE Qualification,20-Oct,0-35,0,90,0,Fail,9,1,1,0,1,1,0,0,1,0,1,1,0,0,1,4
FFF,2014B,2616978,0,South West Region,A Level or Equivalent,80-90%,0-35,0,60,0,Distinction,3,1,0,0,0,0,1,1,0,1,1,0,1,1,1,8
FFF,2014B,2619719,0,South Region,Lower Than A Level,40-50%,35-55,0,60,0,Withdrawn,5,0,0,1,1,1,1,0,1,0,1,1,0,0,1,9
FFF,2014B,2620930,0,London Region,A Level or Equivalent,40-50%,0-35,0,60,0,Distinction,10,0,1,0,1,0,1,1,1,1,0,1,1,1,0,1
FFF,2014B,2625021,0,South Region,Lower Than A Level,60-70%,35-55,0,60,0,Fail,16,0,0,1,0,1,1,0,0,1,1,1,0,0,1,10
FFF,2014B,2630284,1,East Midlands Region,A Level or Equivalent,0-10%,35-55,5,150,0,Withdrawn,1,1,1,1,0,0,0,0,1,0,0,1,0,1,0,2
FFF,2014B,2634654,0,London Region,A Level or Equivalent,30-40%,35-55,0,60,0,Fail,8,1,0,0,0,1,1,0,1,0,1,0,0,1,0,3
FFF,2014B,2636921,0,South West Region,Lower Than A Level,30-40%,35-55,0,60,0,Withdrawn,7,1,0,0,0,1,0,1,1,1,0,1,1,1,0,3
FFF,2014B,2652268,1,West Midlands Region,A Level or Equivalent,0-10%,35-55,0,60,0,Fail,4,0,0,1,0,1,0,0,1,1,0,1,1,1,0,8
FFF,2014B,2653007,0,Scotland,Lower Than A Level,20-30%,0-35,0,90,0,Fail,8,1,0,0,1,1,1,1,0,1,1,0,0,1,0,3
FFF,2014B,2659650,1,North Western Region,A Level or Equivalent,20-Oct,35-55,0,120,0,Pass,3,1,0,1,1,0,1,0,0,0,0,1,1,0,0,8
FFF,2014B,2661827,0,East Anglian Region,Lower Than A Level,70-80%,0-35,0,60,0,Pass,10,1,1,0,0,0,0,1,0,1,0,1,0,1,1,1
FFF,2014B,2666213,0,North Western Region,HE Qualification,0-10%,0-35,0,90,0,Pass,15,0,1,1,0,0,1,1,0,0,0,1,0,0,0,10
FFF,2014B,2666831,0,North Western Region,HE Qualification,20-Oct,35-55,0,120,0,Pass,4,1,1,1,1,0,0,0,1,0,1,1,0,1,1,8
FFF,2014B,2667478,0,North Western Region,Lower Than A Level,80-90%,35-55,0,60,0,Withdrawn,2,0,1,1,1,0,1,0,0,1,1,0,1,0,0,2
FFF,2014B,2674773,0,East Anglian Region,HE Qualification,60-70%,35-55,0,90,0,Pass,15,0,1,0,0,0,0,0,1,1,0,0,0,0,1,10
FFF,2014B,2675061,0,West Midlands Region,Lower Than A Level,30-40%,0-35,1,90,0,Fail,8,1,1,0,0,1,0,1,1,0,1,0,0,1,0,3
FFF,2014B,2681270,0,South Region,A Level or Equivalent,30-40%,35-55,0,120,0,Pass,12,0,0,0,1,0,0,1,1,1,1,1,0,1,0,7
FFF,2014B,2684417,0,East Anglian Region,Lower Than A Level,80-90%,0-35,2,120,1,Withdrawn,16,0,1,0,0,0,0,1,1,0,1,1,0,0,0,10
FFF,2014B,2689210,0,Yorkshire Region,Lower Than A Level,0-10%,0-35,0,60,1,Pass,5,1,1,1,0,0,1,0,1,1,1,1,1,1,1,9
FFF,2014B,2697630,0,East Midlands Region,HE Qualification,60-70%,0-35,1,120,0,Pass,16,0,1,1,1,1,0,0,1,1,1,0,0,0,1,10
FFF,2014B,2697885,0,South East Region,Lower Than A Level,30-40%,0-35,1,180,0,Pass,12,1,1,1,0,0,1,0,1,1,1,1,0,1,1,7
FFF,2014J,31296,0,East Midlands Region,Lower Than A Level,30-40%,0-35,1,60,0,Fail,9,0,1,0,1,0,1,0,0,0,0,0,1,0,1,4
FFF,2014J,35747,0,North Western Region,A Level or Equivalent,0-10%,35-55,0,120,0,Withdrawn,2,1,1,1,1,0,1,0,0,1,0,1,1,1,1,2
FFF,2014J,35796,0,Wales,A Level or Equivalent,20-30%,0-35,0,60,0,Fail,11,0,0,0,0,1,0,1,1,1,1,0,0,0,0,6
FFF,2014J,40857,1,North Western Region,A Level or Equivalent,30-40%,0-35,0,120,1,Withdrawn,6,1,0,1,1,1,1,1,1,0,0,1,1,1,0,9
FFF,2014J,40878,0,North Western Region,Lower Than A Level,0-10%,0-35,0,120,0,Distinction,9,0,1,0,1,0,0,0,0,1,1,0,1,1,0,4
FFF,2014J,42552,1,East Anglian Region,A Level or Equivalent,80-90%,0-35,0,90,0,Pass,5,1,0,0,1,0,0,1,0,0,0,0,0,1,0,9
FFF,2014J,43958,0,Wales,A Level or Equivalent,90-100%,35-55,1,60,0,Fail,2,0,0,1,1,1,1,1,1,0,0,0,0,1,0,2
FFF,2014J,45423,0,South West Region,Lower Than A Level,70-80%,35-55,0,60,0,Fail,1,1,0,1,0,0,0,0,0,0,0,1,1,1,1,2
FFF,2014J,47861,0,South East Region,A Level or Equivalent,50-60%,0-35,0,60,1,Pass,10,0,0,0,1,1,0,1,0,1,0,0,0,0,1,1
FFF,2014J,52275,0,London Region,No Formal quals,0-10%,0-35,0,90,0,Fail,5,0,0,1,1,1,0,1,0,1,1,0,1,0,0,9
FFF,2014J,54772,0,South Region,Lower Than A Level,90-100%,0-35,0,60,0,Withdrawn,11,1,0,0,0,0,0,1,0,1,1,0,1,1,0,6
FFF,2014J,56637,0,East Midlands Region,Lower Than A Level,50-60%,0-35,0,90,1,Distinction,2,0,1,1,1,0,1,1,0,1,1,1,1,1,1,2
FFF,2014J,56667,0,Yorkshire Region,Lower Than A Level,40-50%,35-55,2,120,0,Fail,7,1,0,0,0,0,1,1,1,1,1,0,0,1,0,3
FFF,2014J,58884,0,South Region,A Level or Equivalent,40-50%,35-55,0,90,1,Distinction,14,0,1,1,0,1,1,0,0,0,1,0,1,0,0,5
FFF,2014J,61297,1,East Midlands Region,No Formal quals,0-10%,0-35,0,180,0,Withdrawn,7,0,0,1,1,0,1,0,1,0,0,0,0,1,0,3
FFF,2014J,63112,0,South East Region,Lower Than A Level,80-90%,35-55,0,60,0,Withdrawn,12,0,1,0,1,0,1,0,1,0,1,1,1,1,0,7
FFF,2014J,64427,0,London Region,A Level or Equivalent,0-10%,0-35,0,60,0,Distinction,6,0,1,1,0,0,1,1,1,0,0,1,0,0,1,9
FFF,2014J,64777,0,North Western Region,Lower Than A Level,30-40%,0-35,1,90,1,Withdrawn,15,0,0,0,1,0,0,1,1,0,0,1,0,1,1,10
FFF,2014J,66892,0,London Region,A Level or Equivalent,20-30%,0-35,1,60,0,Withdrawn,5,0,0,1,0,0,0,0,0,1,1,1,0,1,1,9
FFF,2014J,69439,0,East Midlands Region,Lower Than A Level,80-90%,0-35,0,90,0,Withdrawn,13,1,0,0,1,0,1,1,0,1,0,1,0,1,0,5
FFF,2014J,71159,0,North Region,Lower Than A Level,,35-55,0,60,0,Pass,16,1,1,0,1,1,0,0,0,1,1,1,1,1,1,10
FFF,2014J,74165,0,West Midlands Region,A Level or Equivalent,30-40%,0-35,0,60,0,Pass,13,0,1,0,1,1,0,1,0,0,1,0,1,1,0,5
FFF,2014J,75107,0,North Region,Lower Than A Level,,35-55,0,60,0,Distinction,3,1,1,0,1,0,1,0,1,1,1,0,1,0,1,8
FFF,2014J,77692,0,Wales,HE Qualification,50-60%,35-55,0,60,0,Pass,4,1,1,1,1,0,0,0,1,1,1,1,1,1,1,8
FFF,2014J,77995,0,East Midlands Region,A Level or Equivalent,20-Oct,0-35,0,60,0,Pass,7,0,0,1,0,1,1,0,1,0,1,0,1,0,0,3
FFF,2014J,79610,0,West Midlands Region,A Level or Equivalent,60-70%,0-35,0,60,0,Pass,6,0,1,0,0,1,1,1,1,0,1,1,1,0,1,9
FFF,2014J,80438,0,East Midlands Region,A Level or Equivalent,90-100%,0-35,0,120,0,Pass,11,0,0,0,1,0,1,1,1,0,0,1,1,1,1,6
FFF,2014J,82201,1,London Region,Lower Than A Level,50-60%,0-35,1,60,0,Fail,10,1,0,1,1,1,0,1,0,0,0,1,0,0,0,1
FFF,2014J,84604,1,North Region,A Level or Equivalent,60-70%,35-55,0,90,0,Distinction,6,0,1,0,0,1,1,0,1,1,1,1,1,0,1,9
FFF,2014J,85241,0,South West Region,Lower Than A Level,50-60%,0-35,0,120,1,Withdrawn,9,0,0,1,1,1,1,1,1,0,1,1,0,0,0,4
FFF,2014J,87264,0,South East Region,Lower Than A Level,30-40%,0-35,0,60,0,Distinction,15,0,0,0,0,0,1,1,1,1,1,1,1,1,0,10
FFF,2014J,87322,0,Wales,Lower Than A Level,50-60%,0-35,0,120,1,Pass,15,1,1,1,0,0,0,1,1,0,0,0,0,1,0,10
FFF,2014J,90651,0,South Region,A Level or Equivalent,90-100%,35-55,0,120,0,Withdrawn,4,0,1,0,0,0,0,0,1,0,0,1,1,0,1,8
FFF,2014J,91801,0,Yorkshire Region,Lower Than A Level,50-60%,35-55,1,60,0,Withdrawn,10,0,0,0,1,1,0,0,1,1,1,1,1,0,0,1
FFF,2014J,94749,0,Wales,Lower Than A Level,90-100%,0-35,0,60,0,Fail,7,1,1,0,1,1,0,0,1,0,0,1,1,1,1,3
FFF,2014J,98256,0,West Midlands Region,Lower Than A Level,40-50%,0-35,0,120,0,Withdrawn,7,1,1,1,0,0,1,0,0,0,0,0,0,1,0,3
FFF,2014J,101217,0,London Region,A Level or Equivalent,40-50%,35-55,2,60,1,Fail,7,1,1,0,0,1,0,1,0,1,1,0,0,1,1,3
FFF,2014J,102854,0,South East Region,Lower Than A Level,40-50%,0-35,0,60,0,Distinction,13,0,1,0,1,1,0,0,0,1,1,1,1,1,1,5
FFF,2014J,103594,0,Wales,Lower Than A Level,50-60%,0-35,0,180,0,Withdrawn,11,0,1,1,1,0,0,1,1,1,1,0,1,0,0,6
FFF,2014J,105125,0,Yorkshire Region,Lower Than A Level,0-10%,0-35,0,60,0,Withdrawn,16,0,1,1,0,1,0,1,0,1,1,1,1,0,1,10
FFF,2014J,105939,0,North Region,A Level or Equivalent,70-80%,0-35,0,60,0,Pass,9,0,0,1,1,0,0,1,1,0,1,1,0,1,1,4
FFF,2014J,107455,0,Ireland,HE Qualification,50-60%,0-35,0,120,0,Fail,10,1,1,0,1,0,0,0,0,1,1,1,0,0,0,1
FFF,2014J,108949,0,North Western Region,Lower Than A Level,20-Oct,0-35,2,60,0,Fail,4,1,0,0,1,1,1,0,1,1,0,1,1,1,0,8
FFF,2014J,109577,0,North Western Region,A Level or Equivalent,70-80%,0-35,0,120,0,Pass,14,1,0,0,1,1,0,1,1,0,1,1,1,0,0,5
FFF,2014J,109907,1,London Region,Lower Than A Level,50-60%,35-55,0,120,0,Withdrawn,7,0,0,0,1,1,1,1,1,0,0,0,0,0,0,3
FFF,2014J,110820,0,East Anglian Region,A Level or Equivalent,40-50%,0-35,0,60,1,Withdrawn,14,1,0,0,1,0,1,1,1,0,1,1,0,0,1,5
FFF,2014J,113702,0,Ireland,A Level or Equivalent,60-70%,0-35,0,60,0,Withdrawn,10,1,1,1,1,0,1,0,1,1,0,0,0,0,1,1
FFF,2014J,116529,0,West Midlands Region,Lower Than A Level,30-40%,0-35,1,120,0,Fail,12,0,1,0,0,0,0,1,0,0,0,1,1,0,0,7
FFF,2014J,119310,0,North Western Region,Lower Than A Level,20-30%,0-35,0,150,0,Pass,15,0,0,1,1,1,1,0,1,1,1,1,1,0,1,10
FFF,2014J,119865,0,South West Region,A Level or Equivalent,30-40%,0-35,0,60,0,Distinction,1,0,0,1,1,0,0,0,1,1,1,0,0,1,0,2
FFF,2014J,125063,0,London Region,Lower Than A Level,60-70%,35-55,0,60,0,Fail,6,1,1,1,0,0,1,1,1,0,0,1,1,0,1,9
FFF,2014J,127179,0,South West Region,A Level or Equivalent,0-10%,0-35,0,60,0,Withdrawn,2,0,1,1,0,1,0,0,1,1,0,1,1,0,0,2
FFF,2014J,129907,0,East Anglian Region,HE Qualification,90-100%,35-55,0,60,0,Distinction,14,1,1,0,1,1,1,0,1,0,1,0,1,1,1,5
FFF,2014J,130409,0,South East Region,Lower Than A Level,20-30%,0-35,0,60,1,Pass,2,1,1,1,0,0,1,0,0,0,0,0,1,0,0,2
FFF,2014J,131597,0,Scotland,A Level or Equivalent,40-50%,0-35,0,430,0,Pass,4,1,0,0,1,0,1,0,0,0,1,1,0,1,0,8
FFF,2014J,132423,0,London Region,A Level or Equivalent,40-50%,0-35,0,240,0,Withdrawn,12,0,1,0,0,0,1,0,1,0,1,1,1,0,1,7
FFF,2014J,132475,1,Scotland,HE Qualification,20-30%,0-35,0,60,0,Pass,9,1,1,0,0,0,1,1,0,0,0,1,0,1,1,4
FFF,2014J,135280,0,North Region,Lower Than A Level,,0-35,0,120,0,Distinction,7,0,1,1,1,1,0,1,1,0,1,1,1,0,1,3
FFF,2014J,136944,0,Scotland,A Level or Equivalent,40-50%,0-35,1,90,0,Pass,7,0,1,1,0,0,0,0,1,1,1,1,1,1,1,3
FFF,2014J,139206,0,Wales,Lower Than A Level,30-40%,0-35,0,60,0,Distinction,4,1,1,0,1,0,0,0,0,1,1,0,1,1,0,8
FFF,2014J,142310,0,Scotland,A Level or Equivalent,40-50%,0-35,0,180,0,Pass,16,0,1,0,0,1,0,0,1,1,1,0,0,1,0,10
FFF,2014J,143755,1,East Midlands Region,Lower Than A Level,50-60%,35-55,0,60,0,Pass,3,1,0,0,0,0,1,1,0,1,0,1,1,1,0,8
FFF,2014J,144959,0,Ireland,A Level or Equivalent,90-100%,0-35,1,90,0,Withdrawn,11,1,0,0,1,0,1,0,1,1,0,1,1,0,0,6
FFF,2014J,149178,0,London Region,A Level or Equivalent,0-10%,0-35,0,60,0,Pass,16,0,0,0,1,1,0,0,1,1,0,1,1,0,0,10
FFF,2014J,149964,0,East Anglian Region,Lower Than A Level,70-80%,0-35,0,240,0,Withdrawn,8,1,1,1,1,0,1,0,1,0,0,0,1,1,1,3
FFF,2014J,150282,0,Ireland,A Level or Equivalent,80-90%,0-35,0,60,0,Pass,3,1,0,0,0,1,1,1,0,1,0,1,0,0,1,8
FFF,2014J,152524,0,West Midlands Region,A Level or Equivalent,70-80%,35-55,0,120,0,Distinction,6,1,0,0,0,0,0,1,1,0,0,0,1,1,0,9
FFF,2014J,152917,0,North Western Region,A Level or Equivalent,20-30%,35-55,0,150,1,Distinction,12,1,0,1,0,0,0,0,0,0,0,0,1,0,0,7
FFF,2014J,155938,0,South Region,A Level or Equivalent,,0-35,0,60,0,Pass,10,1,1,1,0,0,0,0,0,1,1,0,1,1,0,1
FFF,2014J,157225,0,South East Region,A Level or Equivalent,60-70%,35-55,0,150,0,Withdrawn,8,1,0,1,0,0,1,0,1,0,1,1,1,1,1,3
FFF,2014J,159906,0,East Midlands Region,Lower Than A Level,70-80%,35-55,0,60,0,Pass,9,0,0,0,1,0,0,0,1,0,1,0,1,0,0,4
FFF,2014J,159947,0,Wales,HE Qualification,20-Oct,35-55,0,120,0,Fail,8,0,0,0,0,1,1,1,1,0,0,0,0,0,0,3
FFF,2014J,161837,0,South Region,A Level or Equivalent,80-90%,0-35,0,120,1,Withdrawn,3,0,1,0,0,1,1,1,0,1,1,1,0,1,0,8
FFF,2014J,164148,1,North Region,A Level or Equivalent,20-Oct,0-35,0,60,0,Pass,8,0,0,1,1,1,0,0,1,0,0,0,1,1,1,3
FFF,2014J,166123,0,East Anglian Region,Lower Than A Level,90-100%,0-35,0,60,0,Pass,16,1,1,1,1,1,1,1,1,0,0,0,0,0,0,10
FFF,2014J,166607,0,Scotland,A Level or Equivalent,20-Oct,0-35,0,90,0,Withdrawn,4,0,0,1,0,0,0,0,1,1,1,0,0,0,0,8
FFF,2014J,169596,0,West Midlands Region,Lower Than A Level,80-90%,35-55,2,90,0,Fail,5,1,0,0,0,0,0,1,1,1,0,0,1,0,0,9
FFF,2014J,170874,0,North Region,A Level or Equivalent,20-30%,0-35,0,60,0,Pass,5,1,0,0,1,1,0,0,0,1,0,1,1,0,0,9
FFF,2014J,171692,1,Wales,A Level or Equivalent,0-10%,0-35,1,150,0,Withdrawn,3,1,0,1,1,0,1,1,1,1,1,1,1,0,1,8
FFF,2014J,172493,0,North Region,A Level or Equivalent,30-40%,0-35,0,90,0,Pass,3,0,0,1,1,1,0,0,1,0,1,0,0,1,0,8
FFF,2014J,173412,0,North Region,HE Qualification,20-30%,0-35,1,60,0,Withdrawn,7,0,1,0,0,1,1,1,0,1,1,0,1,1,1,3
FFF,2014J,177492,0,West Midlands Region,HE Qualification,20-Oct,0-35,0,60,0,Distinction,8,0,1,1,0,1,1,1,1,1,0,1,0,0,1,3
FFF,2014J,184627,1,London Region,HE Qualification,0-10%,35-55,4,240,0,Withdrawn,9,1,0,1,0,0,0,0,0,0,1,1,1,0,0,4
FFF,2014J,184720,0,Wales,Lower Than A Level,20-Oct,0-35,3,60,0,Fail,6,1,0,0,0,0,0,1,0,1,0,0,1,0,1,9
FFF,2014J,185994,0,East Anglian Region,A Level or Equivalent,20-30%,0-35,0,60,0,Pass,12,0,0,0,0,1,1,1,1,1,1,1,1,1,1,7
FFF,2014J,191504,0,Ireland,Lower Than A Level,20-Oct,0-35,0,90,0,Withdrawn,9,1,1,1,0,0,0,0,1,1,1,1,0,1,1,4
FFF,2014J,194163,0,Yorkshire Region,Lower Than A Level,20-Oct,0-35,0,90,0,Pass,2,0,0,0,0,1,1,0,1,0,1,1,1,0,1,2
FFF,2014J,195246,0,West Midlands Region,Lower Than A Level,20-Oct,0-35,0,60,0,Fail,6,0,1,0,1,0,0,1,0,1,0,0,0,1,0,9
FFF,2014J,195552,0,Yorkshire Region,A Level or Equivalent,20-30%,0-35,1,120,0,Pass,6,0,1,1,0,0,0,1,1,0,0,1,0,0,1,9
FFF,2014J,197188,0,North Western Region,Lower Than A Level,0-10%,0-35,0,120,1,Withdrawn,16,0,0,1,1,1,1,0,1,1,0,1,0,1,0,10
FFF,2014J,197536,1,Yorkshire Region,A Level or Equivalent,80-90%,0-35,0,90,0,Pass,3,0,1,0,1,0,0,0,1,0,1,1,0,1,1,8
FFF,2014J,199009,0,Scotland,Lower Than A Level,70-80%,0-35,0,90,0,Pass,16,0,1,1,0,1,1,1,0,1,0,1,0,0,0,10
FFF,2014J,204117,0,London Region,Lower Than A Level,70-80%,0-35,0,60,1,Withdrawn,1,0,0,0,1,1,1,0,0,1,1,1,0,1,0,2
FFF,2014J,226955,0,East Midlands Region,A Level or Equivalent,40-50%,0-35,0,60,0,Fail,12,0,1,1,0,0,0,1,1,0,1,0,1,0,1,7
FFF,2014J,228633,0,West Midlands Region,Lower Than A Level,50-60%,0-35,0,110,0,Pass,4,0,1,0,1,0,0,0,0,0,0,1,1,1,0,8
FFF,2014J,229498,0,Scotland,A Level or Equivalent,0-10%,0-35,4,60,0,Pass,11,1,0,1,1,1,1,1,1,1,1,0,0,0,1,6
FFF,2014J,230656,0,North Region,Lower Than A Level,0-10%,0-35,0,240,0,Withdrawn,15,0,0,1,0,0,0,1,1,1,0,0,0,0,1,10
FFF,2014J,230947,0,North Western Region,Lower Than A Level,40-50%,0-35,0,90,0,Fail,2,1,1,0,1,0,1,1,1,1,0,1,1,0,0,2
FFF,2014J,231980,0,South East Region,A Level or Equivalent,40-50%,0-35,0,120,0,Withdrawn,1,0,0,1,1,1,0,0,1,0,1,1,1,0,0,2
FFF,2014J,232173,0,North Western Region,Lower Than A Level,30-40%,0-35,0,60,0,Pass,9,0,1,1,1,0,1,1,0,0,0,1,1,0,0,4
FFF,2014J,234031,0,Wales,Lower Than A Level,70-80%,0-35,0,60,0,Withdrawn,14,0,0,1,0,0,1,1,0,1,0,0,1,1,1,5
FFF,2014J,234661,0,South Region,Lower Than A Level,80-90%,0-35,1,60,0,Pass,11,0,1,0,0,1,0,0,1,0,1,0,0,1,0,6
FFF,2014J,235747,0,South West Region,A Level or Equivalent,50-60%,0-35,0,60,0,Withdrawn,16,0,0,1,1,0,1,1,1,1,0,1,0,1,0,10
FFF,2014J,235768,0,South West Region,A Level or Equivalent,60-70%,35-55,0,60,0,Pass,3,0,0,0,0,0,1,0,1,0,1,0,0,0,1,8
FFF,2014J,235971,0,West Midlands Region,A Level or Equivalent,20-Oct,0-35,0,60,0,Pass,10,0,1,0,0,1,1,1,0,0,1,0,1,0,1,1
FFF,2014J,236090,1,East Anglian Region,Lower Than A Level,50-60%,0-35,0,180,0,Fail,11,1,0,1,0,0,0,0,1,0,1,1,0,0,1,6
FFF,2014J,237891,0,Scotland,A Level or Equivalent,50-60%,0-35,1,120,0,Pass,10,0,0,1,0,0,1,0,1,1,1,1,1,0,0,1
FFF,2014J,238301,0,North Western Region,Lower Than A Level,20-Oct,0-35,0,240,0,Withdrawn,5,0,0,0,1,1,1,1,1,0,1,1,1,1,1,9
FFF,2014J,242636,0,West Midlands Region,A Level or Equivalent,40-50%,0-35,0,120,0,Fail,6,1,1,1,1,0,1,0,1,0,1,0,0,0,1,9
FFF,2014J,249357,0,North Region,Post Graduate Qualification,,35-55,0,60,0,Pass,1,0,1,0,1,1,1,1,1,1,1,1,1,1,0,2
FFF,2014J,251166,0,South West Region,A Level or Equivalent,50-60%,0-35,0,60,0,Fail,16,1,0,1,1,0,0,1,1,1,1,1,0,1,1,10
FFF,2014J,251397,0,London Region,HE Qualification,20-30%,35-55,0,120,0,Withdrawn,9,1,1,0,1,1,0,0,0,0,1,0,1,0,1,4
FFF,2014J,251916,0,South Region,Lower Than A Level,30-40%,0-35,0,120,0,Withdrawn,16,1,0,1,1,1,1,1,0,0,1,0,0,0,0,10
FFF,2014J,253633,0,South West Region,Lower Than A Level,30-40%,0-35,0,60,0,Pass,4,1,1,0,1,0,1,1,0,0,0,1,0,0,1,8
FFF,2014J,253763,0,Wales,A Level or Equivalent,20-30%,35-55,0,90,0,Distinction,12,1,0,0,0,0,0,0,0,1,1,1,1,1,0,7
FFF,2014J,258245,1,North Western Region,Lower Than A Level,0-10%,0-35,0,60,1,Pass,11,0,0,0,1,1,0,1,0,1,0,0,0,1,1,6
FFF,2014J,258509,0,Scotland,HE Qualification,90-100%,0-35,0,90,0,Pass,9,0,0,0,0,1,0,1,0,0,0,1,1,1,1,4
FFF,2014J,258978,1,South Region,A Level or Equivalent,20-30%,0-35,1,60,0,Pass,11,1,1,1,0,1,1,0,1,0,0,0,0,0,1,6
FFF,2014J,260275,0,West Midlands Region,HE Qualification,30-40%,0-35,0,120,0,Withdrawn,12,1,0,0,0,0,1,0,1,1,0,0,0,0,0,7
FFF,2014J,261863,0,Scotland,Lower Than A Level,20-30%,0-35,0,120,0,Withdrawn,3,0,0,0,1,1,0,1,0,1,0,1,0,1,0,8
FFF,2014J,262025,1,Scotland,A Level or Equivalent,60-70%,35-55,0,60,0,Pass,8,1,1,1,0,0,0,0,1,1,1,1,1,0,1,3
FFF,2014J,262332,0,East Midlands Region,Lower Than A Level,40-50%,0-35,0,60,0,Withdrawn,15,0,1,1,1,1,0,1,1,0,0,0,0,0,1,10
FFF,2014J,262394,0,South Region,A Level or Equivalent,40-50%,0-35,0,60,0,Fail,9,1,1,0,0,1,0,0,1,0,0,1,1,1,0,4
FFF,2014J,263143,1,North Western Region,A Level or Equivalent,20-30%,0-35,0,60,0,Withdrawn,9,1,0,0,0,1,0,1,1,1,0,0,1,0,1,4
FFF,2014J,263862,0,West Midlands Region,A Level or Equivalent,90-100%,35-55,0,60,0,Distinction,16,0,1,1,0,0,0,0,0,0,0,1,0,1,1,10
FFF,2014J,264589,0,Scotland,A Level or Equivalent,50-60%,0-35,4,60,0,Fail,11,1,1,0,0,1,0,0,0,0,0,0,1,0,0,6
FFF,2014J,265497,0,North Western Region,HE Qualification,0-10%,0-35,0,60,0,Pass,14,0,1,1,0,1,1,1,1,0,0,0,0,1,0,5
FFF,2014J,268727,1,West Midlands Region,A Level or Equivalent,0-10%,0-35,0,120,0,Withdrawn,13,1,1,1,1,1,1,1,0,0,0,0,1,0,1,5
FFF,2014J,268823,0,Wales,No Formal quals,20-Oct,0-35,0,60,0,Fail,6,1,0,0,0,0,1,1,1,0,1,1,0,1,0,9
FFF,2014J,269584,0,Scotland,A Level or Equivalent,40-50%,35-55,0,90,0,Pass,5,1,1,1,0,0,0,0,0,0,1,1,1,1,0,9
FFF,2014J,270421,1,West Midlands Region,A Level or Equivalent,40-50%,0-35,2,90,0,Pass,5,0,1,1,1,0,1,1,0,1,1,0,0,1,0,9
FFF,2014J,271702,0,West Midlands Region,Lower Than A Level,20-30%,0-35,2,120,0,Withdrawn,1,1,0,0,1,0,0,1,0,0,1,0,1,1,1,2
FFF,2014J,272704,0,East Midlands Region,Lower Than A Level,70-80%,0-35,0,60,0,Withdrawn,16,1,0,1,0,1,1,1,0,0,1,0,1,0,0,10
FFF,2014J,275127,0,Wales,A Level or Equivalent,80-90%,0-35,0,120,0,Withdrawn,12,1,1,1,1,0,0,0,0,1,0,0,0,1,1,7
FFF,2014J,276265,0,Scotland,A Level or Equivalent,80-90%,0-35,2,60,1,Pass,3,0,1,0,0,1,1,0,1,0,1,1,1,1,0,8
FFF,2014J,276337,0,South Region,Lower Than A Level,90-100%,0-35,1,120,1,Withdrawn,15,0,1,1,0,1,1,1,0,0,0,0,0,1,1,10
FFF,2014J,277384,0,London Region,Lower Than A Level,30-40%,0-35,0,120,0,Withdrawn,7,1,0,0,0,0,0,1,1,1,0,1,0,1,0,3
FFF,2014J,278380,0,North Region,Lower Than A Level,60-70%,0-35,0,60,0,Pass,10,1,0,1,1,1,0,0,1,0,1,1,0,1,0,1
FFF,2014J,279440,1,Scotland,HE Qualification,0-10%,0-35,0,60,0,Pass,4,1,0,1,0,0,0,0,0,0,0,1,1,1,1,8
FFF,2014J,279653,1,South Region,HE Qualification,90-100%,35-55,0,120,0,Distinction,6,0,0,0,0,1,0,0,1,0,1,0,0,0,0,9
FFF,2014J,279883,0,East Midlands Region,A Level or Equivalent,0-10%,0-35,0,180,0,Withdrawn,2,0,0,0,0,0,1,1,0,1,1,1,1,0,1,2
FFF,2014J,281134,1,Scotland,A Level or Equivalent,20-30%,0-35,0,90,0,Pass,1,0,1,1,0,1,1,1,1,1,1,1,1,0,1,2
FFF,2014J,281970,1,South East Region,Lower Than A Level,20-Oct,0-35,0,120,0,Withdrawn,12,0,1,1,1,1,0,1,1,1,0,0,0,0,0,7
FFF,2014J,282849,0,North Western Region,A Level or Equivalent,0-10%,0-35,0,60,0,Pass,7,1,0,0,0,1,0,0,0,0,0,1,0,0,1,3
FFF,2014J,283402,0,London Region,HE Qualification,30-40%,0-35,0,60,0,Pass,14,1,1,0,1,0,1,1,0,1,0,1,0,1,0,5
FFF,2014J,286778,1,Wales,A Level or Equivalent,40-50%,0-35,0,60,0,Distinction,16,1,0,1,0,0,1,1,1,0,1,0,1,1,1,10
FFF,2014J,287079,0,London Region,HE Qualification,40-50%,35-55,2,60,0,Fail,15,0,1,0,1,1,0,1,0,1,1,0,0,0,1,10
FFF,2014J,287258,0,Scotland,A Level or Equivalent,60-70%,35-55,0,60,0,Pass,1,1,0,1,1,1,0,0,0,0,1,0,1,0,0,2
FFF,2014J,287715,0,East Midlands Region,Lower Than A Level,40-50%,0-35,0,60,0,Withdrawn,4,0,1,1,1,1,0,1,1,1,0,1,1,0,0,8
FFF,2014J,289179,0,East Midlands Region,A Level or Equivalent,20-30%,0-35,0,60,0,Withdrawn,14,0,0,1,1,1,1,1,1,1,0,0,1,0,1,5
FFF,2014J,289247,0,South Region,HE Qualification,80-90%,0-35,0,90,0,Distinction,10,0,1,0,0,0,0,1,1,1,0,1,1,0,1,1
FFF,2014J,289618,0,Wales,A Level or Equivalent,90-100%,35-55,1,60,0,Withdrawn,14,1,0,1,0,1,0,0,0,1,0,0,1,1,1,5
FFF,2014J,289676,0,Yorkshire Region,A Level or Equivalent,70-80%,35-55,1,60,0,Fail,7,0,0,1,0,1,1,1,0,0,1,1,1,1,1,3
FFF,2014J,294112,0,Scotland,A Level or Equivalent,40-50%,0-35,0,150,0,Fail,13,0,1,1,0,0,1,1,0,0,0,0,1,0,0,5
FFF,2014J,294219,1,North Western Region,A Level or Equivalent,30-40%,35-55,0,60,0,Distinction,14,1,0,0,0,0,0,0,0,0,1,1,0,0,1,5
FFF,2014J,294920,0,Scotland,Post Graduate Qualification,20-30%,35-55,0,60,0,Withdrawn,16,0,0,1,1,0,0,0,0,1,0,0,1,1,1,10
FFF,2014J,294929,0,North Western Region,A Level or Equivalent,50-60%,35-55,0,90,0,Pass,16,1,0,0,0,1,1,0,1,0,0,0,0,0,1,10
FFF,2014J,295893,0,East Midlands Region,A Level or Equivalent,20-Oct,0-35,0,60,1,Fail,9,0,1,1,0,1,1,0,0,1,1,1,0,1,1,4
FFF,2014J,297218,0,Yorkshire Region,A Level or Equivalent,60-70%,0-35,0,210,0,Pass,6,0,1,0,1,0,0,0,0,0,1,1,0,1,0,9
FFF,2014J,297341,1,East Midlands Region,A Level or Equivalent,20-Oct,0-35,0,120,1,Pass,11,1,0,0,1,0,0,0,0,0,1,0,0,0,1,6
FFF,2014J,300848,0,East Midlands Region,Lower Than A Level,20-Oct,0-35,0,240,0,Withdrawn,9,0,0,1,0,1,1,0,1,0,0,0,1,1,1,4
FFF,2014J,301074,0,South Region,Lower Than A Level,20-30%,0-35,1,120,0,Pass,6,1,1,1,1,0,1,1,1,1,0,0,1,0,0,9
FFF,2014J,301561,0,South West Region,Lower Than A Level,30-40%,0-35,1,60,0,Withdrawn,7,0,0,0,1,0,0,1,1,0,0,1,1,0,0,3
FFF,2014J,305064,0,South Region,Lower Than A Level,20-30%,0-35,0,180,0,Pass,4,1,1,1,1,0,1,1,1,0,1,1,0,1,0,8
FFF,2014J,305659,0,South East Region,A Level or Equivalent,80-90%,0-35,0,90,0,Distinction,13,1,1,1,1,0,1,1,0,0,0,1,1,1,1,5
FFF,2014J,310205,0,South West Region,Lower Than A Level,40-50%,0-35,1,60,0,Fail,7,1,1,1,0,1,0,0,0,0,1,0,0,1,1,3
FFF,2014J,312126,0,East Anglian Region,Lower Than A Level,60-70%,0-35,0,60,0,Withdrawn,13,1,0,1,1,1,0,0,1,0,0,1,1,1,0,5
FFF,2014J,312231,0,East Midlands Region,HE Qualification,30-40%,0-35,0,60,0,Pass,5,0,1,0,1,0,1,1,1,0,1,1,1,0,1,9
FFF,2014J,312960,0,East Anglian Region,HE Qualification,80-90%,0-35,0,120,0,Pass,12,0,1,1,0,1,0,1,0,0,1,1,0,1,0,7
FFF,2014J,315795,0,South Region,Lower Than A Level,70-80%,0-35,0,60,0,Pass,5,0,1,1,1,1,0,1,1,1,0,1,0,1,1,9
FFF,2014J,316061,0,North Western Region,Lower Than A Level,0-10%,0-35,2,60,1,Withdrawn,8,0,1,0,1,1,0,0,0,0,1,1,0,0,0,3
FFF,2014J,316082,0,East Anglian Region,A Level or Equivalent,20-30%,0-35,0,60,0,Distinction,4,1,1,1,1,1,0,1,0,1,0,1,1,0,1,8
FFF,2014J,318139,0,Yorkshire Region,A Level or Equivalent,50-60%,0-35,0,120,0,Withdrawn,12,1,1,1,1,0,1,1,1,1,1,0,0,0,1,7
FFF,2014J,318147,0,East Anglian Region,Lower Than A Level,50-60%,0-35,0,60,0,Pass,9,0,0,1,0,0,1,1,1,1,0,1,0,0,0,4
FFF,2014J,318289,0,Scotland,A Level or Equivalent,20-30%,0-35,2,60,1,Withdrawn,11,0,0,1,1,0,1,1,1,0,1,0,1,1,1,6
FFF,2014J,319073,1,Ireland,A Level or Equivalent,50-60%,0-35,0,120,0,Pass,12,1,0,1,1,0,1,1,1,0,1,0,0,1,0,7
FFF,2014J,319461,0,West Midlands Region,Lower Than A Level,20-Oct,35-55,0,90,0,Withdrawn,9,0,1,1,1,1,0,1,0,0,1,1,1,1,1,4
FFF,2014J,320133,1,South Region,A Level or Equivalent,20-Oct,0-35,0,90,0,Distinction,8,1,1,0,0,1,0,1,1,1,0,1,1,1,1,3
FFF,2014J,320612,0,East Midlands Region,HE Qualification,80-90%,35-55,0,60,0,Distinction,7,0,0,1,1,0,0,0,0,0,0,0,1,0,1,3
FFF,2014J,322499,0,Scotland,A Level or Equivalent,90-100%,0-35,0,120,0,Withdrawn,2,1,1,0,1,0,1,1,1,0,0,0,0,1,1,2
FFF,2014J,324331,0,North Western Region,Lower Than A Level,70-80%,35-55,1,60,0,Fail,8,1,1,1,0,0,0,1,1,1,0,1,0,0,0,3
FFF,2014J,325750,0,Scotland,HE Qualification,20-Oct,35-55,2,120,0,Pass,9,1,1,0,1,0,1,1,0,0,0,1,0,0,1,4
FFF,2014J,327664,1,South East Region,Lower Than A Level,60-70%,0-35,1,120,0,Withdrawn,7,0,1,1,0,0,1,1,0,0,1,0,0,0,0,3
FFF,2014J,328377,0,West Midlands Region,A Level or Equivalent,60-70%,35-55,1,120,0,Withdrawn,15,1,0,0,1,1,0,1,1,0,1,1,1,1,0,10
FFF,2014J,328797,0,Scotland,HE Qualification,70-80%,35-55,1,60,0,Fail,2,1,0,1,0,1,0,0,1,1,1,0,1,0,0,2
FFF,2014J,329095,0,Ireland,Lower Than A Level,30-40%,0-35,0,60,0,Withdrawn,9,1,0,0,1,1,1,0,0,0,1,1,1,1,1,4
FFF,2014J,329895,0,East Anglian Region,A Level or Equivalent,50-60%,35-55,3,60,0,Pass,2,0,1,1,0,1,1,0,0,1,1,0,0,0,1,2
FFF,2014J,331789,0,South East Region,Lower Than A Level,60-70%,0-35,0,60,0,Pass,4,0,1,1,0,0,0,0,0,0,1,0,0,1,1,8
FFF,2014J,332237,0,South Region,HE Qualification,90-100%,0-35,1,60,0,Fail,9,0,1,0,0,1,1,1,1,0,0,0,0,0,1,4
FFF,2014J,332676,0,East Anglian Region,Lower Than A Level,50-60%,0-35,1,60,1,Withdrawn,12,1,0,0,1,1,0,1,1,0,1,1,1,0,0,7
FFF,2014J,333993,0,North Western Region,A Level or Equivalent,20-30%,0-35,0,60,0,Pass,4,0,0,1,0,0,1,1,0,1,0,1,1,1,0,8
FFF,2014J,334224,0,North Western Region,Lower Than A Level,0-10%,0-35,2,60,1,Withdrawn,16,0,0,1,1,0,1,1,0,1,0,0,1,0,1,10
FFF,2014J,335095,0,South West Region,A Level or Equivalent,80-90%,0-35,1,120,0,Pass,6,1,0,0,0,1,1,1,0,0,1,1,1,1,0,9
FFF,2014J,337000,0,South West Region,Lower Than A Level,20-Oct,35-55,0,60,0,Pass,16,1,0,1,1,1,1,0,1,1,1,0,0,1,0,10
FFF,2014J,338689,0,West Midlands Region,HE Qualification,0-10%,0-35,0,150,0,Pass,6,0,0,0,0,0,0,1,1,1,0,1,1,0,0,9
FFF,2014J,338806,0,North Region,Lower Than A Level,70-80%,0-35,3,120,0,Pass,3,1,0,1,0,1,0,0,1,1,1,0,1,1,0,8
FFF,2014J,339519,0,South East Region,Lower Than A Level,40-50%,0-35,0,120,0,Pass,11,1,1,0,1,0,0,0,1,0,0,0,1,1,1,6
FFF,2014J,340831,0,West Midlands Region,A Level or Equivalent,30-40%,35-55,0,120,0,Withdrawn,2,0,1,0,0,1,1,1,0,1,0,0,1,0,0,2
FFF,2014J,341093,0,South West Region,A Level or Equivalent,20-Oct,0-35,2,120,0,Fail,5,1,0,1,0,0,1,0,0,1,1,1,1,0,1,9
FFF,2014J,341457,1,Scotland,HE Qualification,0-10%,0-35,0,60,0,Withdrawn,16,0,0,0,0,0,1,1,0,1,1,0,0,0,1,10
FFF,2014J,341629,0,Wales,HE Qualification,20-Oct,0-35,0,150,0,Fail,16,1,0,1,1,0,1,1,1,1,1,1,0,1,1,10
FFF,2014J,343709,0,North Western Region,Lower Than A Level,20-Oct,0-35,0,60,0,Pass,3,0,0,1,0,0,1,0,0,0,1,1,0,1,1,8
FFF,2014J,345271,0,North Region,A Level or Equivalent,30-40%,35-55,1,60,0,Distinction,8,0,0,1,0,0,1,1,1,0,1,1,0,1,0,3
FFF,2014J,347197,0,North Western Region,Lower Than A Level,80-90%,35-55,0,60,0,Distinction,3,1,1,0,0,0,0,0,1,0,1,1,1,1,1,8
FFF,2014J,348108,0,Scotland,A Level or Equivalent,50-60%,0-35,1,120,0,Pass,14,1,0,1,0,0,1,0,1,0,0,1,1,0,1,5
FFF,2014J,348324,0,South West Region,Lower Than A Level,30-40%,35-55,0,60,0,Pass,3,0,1,0,0,1,0,1,1,1,0,1,0,1,0,8
FFF,2014J,348906,0,Scotland,Lower Than A Level,0-10%,0-35,0,60,0,Withdrawn,9,0,1,0,0,0,1,1,1,0,0,1,0,0,0,4
FFF,2014J,349515,0,South Region,Lower Than A Level,30-40%,0-35,0,60,0,Pass,14,0,0,1,1,0,0,1,0,0,0,1,0,1,1,5
FFF,2014J,349777,0,East Anglian Region,A Level or Equivalent,80-90%,0-35,0,90,0,Withdrawn,14,0,1,1,0,1,1,0,1,1,0,0,0,1,0,5
FFF,2014J,351147,0,Scotland,HE Qualification,40-50%,0-35,0,60,0,Pass,4,1,1,1,0,1,0,0,1,0,0,1,1,0,1,8
FFF,2014J,351293,0,Wales,A Level or Equivalent,20-Oct,0-35,2,60,0,Withdrawn,12,1,1,1,1,0,0,0,1,0,0,0,0,1,1,7
FFF,2014J,354698,0,North Region,Lower Than A Level,,35-55,2,90,0,Pass,15,0,1,1,0,0,0,0,0,1,1,1,1,0,0,10
FFF,2014J,354713,0,North Region,A Level or Equivalent,30-40%,0-35,0,60,0,Fail,3,0,1,0,0,1,1,0,0,0,1,0,0,1,0,8
FFF,2014J,355293,0,East Midlands Region,Lower Than A Level,30-40%,0-35,2,60,0,Pass,12,1,1,1,1,0,0,1,1,0,1,0,0,0,1,7
FFF,2014J,357851,0,East Anglian Region,Lower Than A Level,50-60%,0-35,2,120,1,Fail,1,0,0,1,0,0,0,0,0,0,1,0,1,1,0,2
FFF,2014J,360278,0,East Midlands Region,Lower Than A Level,30-40%,35-55,0,60,0,Withdrawn,2,1,1,0,1,0,0,1,0,0,1,0,0,1,0,2
FFF,2014J,360752,0,South East Region,Lower Than A Level,80-90%,0-35,0,60,0,Withdrawn,9,1,0,0,0,1,1,0,1,0,1,1,1,1,0,4
FFF,2014J,364066,0,London Region,Lower Than A Level,30-40%,0-35,2,150,0,Distinction,5,0,0,1,1,1,0,0,0,1,1,0,1,0,1,9
FFF,2014J,366140,0,Yorkshire Region,Lower Than A Level,90-100%,0-35,0,60,0,Pass,5,1,1,1,1,0,0,0,1,1,0,0,1,0,1,9
FFF,2014J,367151,0,East Anglian Region,A Level or Equivalent,60-70%,0-35,0,60,0,Withdrawn,3,0,0,0,0,0,0,1,0,0,0,0,0,1,1,8
FFF,2014J,368389,0,North Western Region,Lower Than A Level,40-50%,0-35,0,60,0,Withdrawn,12,0,0,1,0,1,0,1,0,1,0,0,1,0,1,7
FFF,2014J,369242,0,South East Region,A Level or Equivalent,40-50%,0-35,0,150,0,Pass,11,0,1,1,0,1,1,0,1,1,1,0,0,1,0,6
FFF,2014J,369450,0,South East Region,Lower Than A Level,40-50%,35-55,0,60,0,Pass,16,0,0,0,0,0,0,1,1,0,0,1,0,1,1,10
FFF,2014J,369644,1,Yorkshire Region,Lower Than A Level,20-Oct,0-35,0,150,0,Withdrawn,13,1,0,1,0,0,0,0,1,0,1,0,1,0,0,5
FFF,2014J,370735,0,South Region,Lower Than A Level,90-100%,0-35,0,60,0,Pass,3,0,0,0,1,0,1,0,1,0,1,1,1,0,0,8
FFF,2014J,372345,0,South West Region,A Level or Equivalent,70-80%,0-35,0,60,0,Pass,11,1,0,1,0,0,1,0,0,1,1,1,0,1,1,6
FFF,2014J,372509,0,South Region,A Level or Equivalent,70-80%,0-35,0,60,0,Pass,6,1,0,1,1,1,1,1,1,0,1,1,0,0,0,9
FFF,2014J,372511,0,North Region,HE Qualification,,0-35,0,150,0,Pass,12,0,1,1,0,0,1,1,1,0,1,0,1,1,1,7
FFF,2014J,374353,1,Yorkshire Region,Lower Than A Level,0-10%,35-55,0,150,0,Withdrawn,15,0,0,0,0,1,1,0,1,1,0,0,1,0,1,10
FFF,2014J,375527,0,South Region,A Level or Equivalent,30-40%,0-35,0,120,0,Pass,3,0,1,1,0,1,0,1,0,1,0,0,1,1,0,8
FFF,2014J,375993,1,East Midlands Region,Lower Than A Level,30-40%,0-35,1,60,0,Withdrawn,11,0,0,0,0,0,0,0,1,1,0,0,0,0,0,6
FFF,2014J,378705,0,Yorkshire Region,Lower Than A Level,0-10%,35-55,0,60,0,Fail,1,0,0,0,1,1,1,1,1,1,1,0,0,0,1,2
FFF,2014J,378946,0,South East Region,Lower Than A Level,40-50%,35-55,0,60,0,Pass,13,0,1,1,1,0,1,1,0,1,0,1,0,1,1,5
FFF,2014J,379278,0,Scotland,HE Qualification,40-50%,0-35,0,60,0,Fail,16,1,0,1,1,1,0,0,1,1,0,0,1,1,1,10
FFF,2014J,379311,0,South East Region,Lower Than A Level,80-90%,0-35,1,120,0,Fail,4,0,0,0,0,1,0,1,1,1,0,1,1,1,0,8
FFF,2014J,379563,0,South West Region,A Level or Equivalent,60-70%,0-35,0,60,0,Withdrawn,14,0,1,0,1,1,1,0,1,1,1,1,1,1,0,5
FFF,2014J,380952,1,South East Region,Lower Than A Level,70-80%,0-35,0,60,0,Pass,12,0,1,1,1,0,1,1,1,0,1,1,1,0,1,7
FFF,2014J,381257,1,Scotland,A Level or Equivalent,40-50%,0-35,0,60,0,Pass,14,0,0,1,1,1,1,0,0,0,0,0,0,1,1,5
FFF,2014J,381414,0,South East Region,Lower Than A Level,60-70%,35-55,2,60,0,Pass,12,1,1,0,0,1,0,0,0,1,0,1,1,0,1,7
FFF,2014J,381428,0,West Midlands Region,Lower Than A Level,20-Oct,0-35,0,120,1,Withdrawn,8,1,0,0,0,0,1,0,0,1,0,0,0,0,0,3
FFF,2014J,381528,1,London Region,Lower Than A Level,0-10%,0-35,0,60,0,Withdrawn,3,1,0,1,0,1,1,1,0,0,0,1,1,1,0,8
FFF,2014J,381529,0,South West Region,A Level or Equivalent,20-Oct,0-35,0,60,0,Withdrawn,10,1,0,0,0,0,1,1,1,1,1,0,1,0,0,1
FFF,2014J,383445,0,North Western Region,A Level or Equivalent,0-10%,0-35,0,60,1,Fail,1,0,1,0,0,0,0,0,0,1,1,1,1,1,0,2
FFF,2014J,383602,1,South Region,Lower Than A Level,80-90%,0-35,0,120,0,Pass,1,1,1,1,1,1,1,1,1,0,0,1,1,0,0,2
FFF,2014J,383629,0,West Midlands Region,Lower Than A Level,70-80%,0-35,2,60,0,Pass,12,1,0,1,0,1,0,1,1,1,0,0,1,1,1,7
FFF,2014J,384107,0,Yorkshire Region,Lower Than A Level,70-80%,0-35,0,60,0,Fail,12,1,0,0,1,0,0,0,0,1,0,0,1,1,1,7
FFF,2014J,384331,0,South Region,A Level or Equivalent,70-80%,35-55,0,60,0,Withdrawn,11,1,1,1,0,1,0,0,1,1,1,1,0,1,0,6
FFF,2014J,386121,0,London Region,Lower Than A Level,0-10%,0-35,0,180,0,Withdrawn,15,1,0,1,1,1,0,1,0,0,1,0,1,0,1,10
FFF,2014J,386389,0,North Region,Lower Than A Level,20-Oct,35-55,1,120,0,Pass,10,0,0,0,0,0,1,0,1,0,1,1,1,1,0,1
FFF,2014J,386956,1,Wales,Lower Than A Level,20-Oct,35-55,1,60,1,Withdrawn,14,1,1,0,1,0,1,1,0,1,0,0,1,0,1,5
FFF,2014J,389853,0,North Western Region,A Level or Equivalent,70-80%,0-35,1,60,0,Withdrawn,11,1,0,1,0,1,0,1,1,0,0,1,0,1,1,6
FFF,2014J,390070,0,North Region,A Level or Equivalent,30-40%,35-55,0,60,0,Fail,9,0,0,0,0,0,0,0,1,1,0,1,1,1,0,4
FFF,2014J,393141,0,East Midlands Region,Lower Than A Level,40-50%,0-35,0,90,1,Fail,13,0,1,0,1,1,1,1,1,0,0,0,1,0,0,5
FFF,2014J,395758,0,North Region,HE Qualification,20-Oct,0-35,1,60,0,Withdrawn,10,1,1,1,0,0,0,1,0,1,1,0,1,0,0,1
FFF,2014J,396136,0,East Midlands Region,Lower Than A Level,0-10%,0-35,0,120,0,Withdrawn,1,0,1,0,1,0,0,0,1,0,0,1,1,1,0,2
FFF,2014J,396683,0,Scotland,HE Qualification,20-30%,0-35,0,120,0,Pass,16,0,0,1,0,0,0,0,0,1,0,0,0,1,0,10
FFF,2014J,396834,0,South East Region,A Level or Equivalent,50-60%,0-35,0,240,0,Pass,10,1,1,1,1,1,0,0,1,1,1,0,1,0,0,1
FFF,2014J,396907,0,London Region,Lower Than A Level,70-80%,0-35,1,60,0,Fail,2,0,0,0,1,1,1,1,1,1,1,1,1,0,0,2
FFF,2014J,397219,0,Scotland,HE Qualification,20-30%,0-35,0,60,0,Distinction,13,1,1,1,0,0,0,1,0,1,0,1,1,0,1,5
FFF,2014J,397292,1,North Western Region,Lower Than A Level,0-10%,0-35,1,60,0,Fail,8,1,0,1,0,0,0,0,1,0,1,1,1,0,0,3
FFF,2014J,397671,1,East Anglian Region,Lower Than A Level,70-80%,35-55,0,90,0,Distinction,11,0,1,0,1,1,1,0,1,0,0,1,1,0,0,6
FFF,2014J,398550,0,West Midlands Region,A Level or Equivalent,30-40%,0-35,2,90,0,Distinction,11,0,0,1,1,0,1,1,0,1,0,1,0,0,0,6
FFF,2014J,398630,0,East Anglian Region,Lower Than A Level,70-80%,35-55,0,60,0,Pass,4,0,1,1,0,1,1,1,0,0,0,1,0,1,1,8
FFF,2014J,399429,1,East Midlands Region,A Level or Equivalent,60-70%,0-35,1,60,0,Distinction,13,0,0,0,0,0,1,1,0,1,0,1,0,1,0,5
FFF,2014J,402695,0,East Midlands Region,Lower Than A Level,40-50%,35-55,2,90,0,Pass,5,1,1,1,0,0,0,0,1,0,0,1,0,1,0,9
FFF,2014J,405193,1,East Midlands Region,A Level or Equivalent,80-90%,35-55,1,60,0,Pass,15,1,1,0,1,1,0,1,1,1,1,1,1,1,1,10
FFF,2014J,407232,0,Ireland,A Level or Equivalent,30-40%,0-35,0,180,0,Pass,13,1,1,1,0,1,0,1,0,0,0,1,0,1,1,5
FFF,2014J,408499,1,East Anglian Region,A Level or Equivalent,90-100%,35-55,0,120,1,Withdrawn,10,1,1,1,0,0,1,1,0,0,0,0,1,0,0,1
FFF,2014J,408872,0,Wales,Lower Than A Level,20-Oct,0-35,0,60,1,Withdrawn,7,0,1,0,1,0,0,0,1,0,1,1,0,1,1,3
FFF,2014J,410407,0,South Region,HE Qualification,90-100%,35-55,0,60,0,Distinction,10,0,0,0,1,0,0,0,0,0,1,1,0,0,1,1
FFF,2014J,410883,0,South West Region,Lower Than A Level,70-80%,0-35,0,60,0,Pass,8,1,0,1,1,1,0,1,0,1,0,1,0,0,1,3
FFF,2014J,411304,1,West Midlands Region,A Level or Equivalent,0-10%,0-35,0,60,0,Pass,10,1,1,0,0,1,1,0,1,1,1,1,0,0,0,1
FFF,2014J,411688,0,London Region,A Level or Equivalent,80-90%,0-35,2,60,0,Fail,3,1,0,0,0,1,1,1,0,1,1,1,0,0,0,8
FFF,2014J,412353,0,West Midlands Region,A Level or Equivalent,60-70%,55<=,0,60,0,Pass,2,0,0,0,0,1,1,0,1,1,1,1,0,1,0,2
FFF,2014J,413180,0,London Region,A Level or Equivalent,60-70%,0-35,1,120,0,Pass,14,0,0,0,1,1,0,1,1,0,0,1,1,1,0,5
FFF,2014J,413709,0,Ireland,A Level or Equivalent,80-90%,0-35,2,120,0,Pass,7,0,0,0,1,1,1,0,0,1,1,1,0,0,0,3
FFF,2014J,413949,1,Scotland,Lower Than A Level,20-Oct,0-35,0,60,1,Pass,9,1,1,0,1,1,0,0,1,1,0,0,0,0,0,4
FFF,2014J,416199,0,West Midlands Region,Lower Than A Level,20-Oct,0-35,1,60,0,Pass,11,0,0,0,1,1,0,0,0,0,0,0,0,1,0,6
FFF,2014J,416407,0,North Region,Lower Than A Level,,35-55,1,60,0,Pass,9,1,1,0,0,1,1,1,1,1,0,0,0,0,0,4
FFF,2014J,416426,0,East Anglian Region,HE Qualification,20-Oct,0-35,1,90,0,Withdrawn,6,1,1,0,1,1,0,0,1,0,0,1,0,0,0,9
FFF,2014J,418201,0,West Midlands Region,A Level or Equivalent,0-10%,0-35,0,60,0,Fail,7,1,0,0,1,0,0,1,0,0,0,0,1,0,1,3
FFF,2014J,418486,0,London Region,Lower Than A Level,20-Oct,0-35,2,240,0,Withdrawn,1,0,0,1,0,0,1,0,1,0,1,0,1,0,1,2
FFF,2014J,419059,0,West Midlands Region,Lower Than A Level,0-10%,0-35,0,60,0,Distinction,4,0,1,1,0,1,0,0,0,1,1,1,0,0,1,8
FFF,2014J,419081,1,North Western Region,A Level or Equivalent,0-10%,0-35,0,90,0,Fail,13,1,1,0,0,0,1,0,0,1,0,0,0,1,1,5
FFF,2014J,420834,0,Scotland,HE Qualification,50-60%,0-35,0,60,0,Withdrawn,1,0,0,1,1,1,1,1,0,1,0,0,0,1,1,2
FFF,2014J,421070,1,Scotland,HE Qualification,50-60%,35-55,1,90,0,Withdrawn,16,0,0,0,1,1,0,0,1,1,0,1,0,1,1,10
FFF,2014J,423210,0,Scotland,A Level or Equivalent,20-Oct,0-35,0,60,0,Pass,11,0,1,1,1,1,0,0,0,0,1,0,1,1,1,6
FFF,2014J,423488,0,Wales,Lower Than A Level,50-60%,0-35,0,60,0,Fail,3,0,1,1,0,0,1,1,1,1,1,0,0,1,1,8
FFF,2014J,423781,0,South West Region,A Level or Equivalent,90-100%,0-35,0,90,0,Pass,2,1,1,0,0,1,0,0,0,1,1,1,0,1,1,2
FFF,2014J,425467,1,South West Region,A Level or Equivalent,70-80%,0-35,0,60,1,Withdrawn,6,0,0,1,0,0,1,0,0,0,0,0,1,1,0,9
FFF,2014J,426410,0,East Midlands Region,Lower Than A Level,70-80%,0-35,1,60,0,Fail,10,0,1,0,1,1,1,1,1,0,0,0,0,0,0,1
FFF,2014J,427256,0,South Region,Post Graduate Qualification,90-100%,35-55,0,120,0,Pass,7,1,0,0,1,1,1,1,1,1,0,1,1,0,0,3
FFF,2014J,427485,0,South West Region,Lower Than A Level,30-40%,0-35,2,60,0,Withdrawn,16,1,0,1,1,0,1,1,0,1,1,1,1,1,0,10
FFF,2014J,429832,0,Ireland,HE Qualification,,0-35,2,90,0,Fail,7,0,0,0,0,0,0,0,1,0,1,0,1,1,1,3
FFF,2014J,431139,0,North Region,Lower Than A Level,,0-35,0,120,0,Pass,13,1,0,0,0,0,1,0,1,0,1,0,0,1,0,5
FFF,2014J,434476,0,London Region,A Level or Equivalent,30-40%,35-55,2,120,1,Pass,8,0,1,1,0,1,1,1,0,1,0,1,0,0,0,3
FFF,2014J,435294,1,Wales,Lower Than A Level,60-70%,0-35,0,150,1,Withdrawn,9,1,1,0,1,0,1,0,1,1,0,1,1,0,1,4
FFF,2014J,438063,0,Wales,A Level or Equivalent,20-30%,35-55,2,60,1,Fail,7,1,1,0,0,1,1,0,1,1,0,1,0,0,0,3
FFF,2014J,438644,1,North Region,A Level or Equivalent,,35-55,3,60,0,Fail,12,1,1,1,1,0,0,0,0,1,0,1,0,0,0,7
FFF,2014J,439950,0,Ireland,Lower Than A Level,20-30%,0-35,2,90,0,Fail,3,1,0,1,1,0,0,1,1,0,1,0,1,0,0,8
FFF,2014J,439995,0,East Anglian Region,A Level or Equivalent,40-50%,0-35,3,60,0,Pass,2,0,1,0,0,0,1,1,0,0,0,0,0,0,1,2
FFF,2014J,440818,0,Scotland,Lower Than A Level,30-40%,35-55,0,60,0,Pass,4,1,1,0,0,1,1,0,1,0,1,0,0,0,1,8
FFF,2014J,441020,1,South Region,HE Qualification,70-80%,35-55,0,120,0,Withdrawn,12,0,1,1,1,1,0,1,1,0,0,1,1,1,0,7
FFF,2014J,441165,0,South Region,A Level or Equivalent,60-70%,0-35,1,120,1,Pass,4,0,1,0,0,0,1,0,0,1,0,1,1,1,1,8
FFF,2014J,441170,0,South West Region,Lower Than A Level,70-80%,0-35,1,120,0,Withdrawn,6,0,0,1,1,1,0,1,0,1,0,1,0,1,0,9
FFF,2014J,441421,0,South West Region,Lower Than A Level,40-50%,0-35,1,60,0,Fail,8,0,0,0,0,0,1,0,0,1,1,0,1,0,0,3
FFF,2014J,441540,0,South East Region,Lower Than A Level,80-90%,0-35,1,120,0,Withdrawn,5,1,0,0,0,1,0,1,1,1,0,0,0,1,1,9
FFF,2014J,442199,0,East Anglian Region,Lower Than A Level,20-Oct,0-35,0,60,0,Pass,16,1,0,1,0,0,1,0,1,0,1,1,0,0,0,10
FFF,2014J,442347,0,South West Region,Lower Than A Level,80-90%,0-35,1,120,1,Withdrawn,7,0,0,1,0,0,0,1,1,1,1,0,0,1,1,3
FFF,2014J,442563,0,North Region,A Level or Equivalent,0-10%,0-35,0,60,0,Pass,12,0,1,1,1,1,1,0,0,1,1,0,0,0,0,7
FFF,2014J,442725,0,Wales,A Level or Equivalent,70-80%,35-55,0,120,0,Fail,10,0,1,1,0,0,1,0,1,1,1,0,1,0,0,1
FFF,2014J,442802,0,South West Region,A Level or Equivalent,80-90%,35-55,0,60,0,Pass,9,0,1,0,0,1,0,1,1,1,0,1,0,1,0,4
FFF,2014J,443151,1,East Anglian Region,Lower Than A Level,30-40%,0-35,0,120,0,Pass,14,1,1,0,1,0,0,0,1,1,1,0,1,1,0,5
FFF,2014J,443514,0,Ireland,HE Qualification,70-80%,0-35,0,90,0,Pass,9,1,1,0,0,0,1,1,1,0,0,0,1,1,1,4
FFF,2014J,443696,1,London Region,A Level or Equivalent,80-90%,0-35,3,180,0,Fail,12,0,1,1,1,1,0,1,1,1,0,1,0,1,0,7
FFF,2014J,444011,0,East Anglian Region,A Level or Equivalent,30-40%,0-35,0,180,1,Pass,14,1,1,0,0,0,0,1,1,0,1,0,0,0,1,5
FFF,2014J,444619,0,South Region,A Level or Equivalent,50-60%,35-55,1,120,0,Pass,6,1,1,1,1,0,0,1,1,1,1,0,0,0,0,9
FFF,2014J,444907,0,East Midlands Region,A Level or Equivalent,90-100%,0-35,0,120,0,Pass,16,0,0,1,1,1,0,1,0,0,1,0,0,1,0,10
FFF,2014J,445459,0,London Region,A Level or Equivalent,60-70%,0-35,0,90,1,Withdrawn,10,1,1,0,0,0,0,1,1,1,0,1,0,0,0,1
FFF,2014J,445686,0,Ireland,A Level or Equivalent,80-90%,0-35,0,90,0,Pass,7,0,0,0,1,0,0,1,1,1,0,1,0,1,1,3
FFF,2014J,446778,0,South Region,A Level or Equivalent,40-50%,35-55,0,180,0,Withdrawn,8,0,0,0,0,0,0,0,1,1,0,1,0,0,1,3
FFF,2014J,464522,0,East Anglian Region,Lower Than A Level,50-60%,0-35,1,120,1,Withdrawn,11,0,1,1,0,1,1,0,0,0,0,0,1,1,0,6
FFF,2014J,465009,0,North Region,A Level or Equivalent,,35-55,2,120,0,Withdrawn,5,1,1,0,0,0,1,1,1,0,0,1,1,1,1,9
FFF,2014J,465078,0,Yorkshire Region,Lower Than A Level,0-10%,0-35,1,60,1,Withdrawn,3,0,1,1,0,1,0,1,0,1,0,1,0,1,1,8
FFF,2014J,465121,0,Wales,A Level or Equivalent,50-60%,0-35,1,180,0,Fail,7,0,1,1,0,0,0,0,1,1,0,0,0,1,0,3
FFF,2014J,465245,0,South East Region,Lower Than A Level,50-60%,35-55,0,120,0,Withdrawn,2,1,1,0,1,1,1,0,0,1,0,0,0,1,0,2
FFF,2014J,465294,0,South Region,A Level or Equivalent,40-50%,35-55,0,60,0,Pass,16,1,0,1,0,1,1,1,0,1,0,0,0,0,0,10
FFF,2014J,466120,0,East Anglian Region,Lower Than A Level,20-Oct,0-35,1,60,0,Fail,8,0,1,0,1,1,0,0,1,0,0,0,1,0,0,3
FFF,2014J,466717,0,West Midlands Region,Lower Than A Level,40-50%,0-35,0,60,0,Withdrawn,9,1,0,0,0,1,1,1,0,0,0,1,1,0,1,4
FFF,2014J,466807,0,Ireland,Lower Than A Level,90-100%,0-35,1,60,0,Withdrawn,2,0,1,0,0,1,0,1,1,0,0,1,0,0,1,2
FFF,2014J,466987,0,North Region,Lower Than A Level,,0-35,0,60,0,Pass,14,0,1,1,1,0,0,0,0,1,1,0,1,1,1,5
FFF,2014J,467312,0,London Region,Lower Than A Level,20-Oct,0-35,1,60,0,Withdrawn,13,0,0,0,0,0,0,0,0,0,0,1,0,1,0,5
FFF,2014J,467363,0,Ireland,A Level or Equivalent,30-40%,0-35,0,60,0,Fail,6,1,1,1,1,1,1,1,1,0,0,0,0,0,1,9
FFF,2014J,468623,1,South Region,A Level or Equivalent,90-100%,0-35,0,120,0,Withdrawn,4,0,0,0,1,1,1,0,0,0,0,1,0,0,0,8
FFF,2014J,469499,0,North Region,A Level or Equivalent,0-10%,0-35,0,60,0,Pass,14,1,0,1,0,1,1,0,0,1,1,1,1,1,0,5
FFF,2014J,470121,0,North Western Region,A Level or Equivalent,20-Oct,0-35,0,60,0,Withdrawn,6,0,1,1,1,0,1,1,1,0,1,0,1,0,0,9
FFF,2014J,471284,0,Yorkshire Region,Lower Than A Level,40-50%,0-35,1,60,0,Fail,4,1,0,0,1,0,1,1,1,1,1,1,0,1,1,8
FFF,2014J,471374,0,Wales,A Level or Equivalent,70-80%,0-35,0,150,0,Withdrawn,6,1,1,1,0,0,1,1,1,0,0,1,0,1,1,9
FFF,2014J,472401,0,North Region,A Level or Equivalent,20-30%,0-35,0,180,0,Withdrawn,10,1,1,1,0,1,0,0,1,0,1,0,1,0,1,1
FFF,2014J,474667,0,London Region,Lower Than A Level,60-70%,0-35,1,60,0,Pass,4,0,0,1,1,1,0,1,1,1,1,1,0,0,1,8
FFF,2014J,475015,0,Wales,A Level or Equivalent,60-70%,0-35,1,60,0,Pass,5,1,0,1,0,1,1,0,1,1,1,1,0,1,0,9
FFF,2014J,475566,0,London Region,HE Qualification,20-Oct,35-55,0,120,0,Withdrawn,11,1,1,1,1,1,0,1,1,0,0,1,1,0,1,6
FFF,2014J,475699,0,South Region,A Level or Equivalent,70-80%,0-35,1,90,0,Withdrawn,7,0,1,0,1,0,0,0,0,0,1,1,1,1,0,3
FFF,2014J,476401,0,Ireland,A Level or Equivalent,0-10%,0-35,2,90,0,Pass,1,1,0,0,1,1,1,0,0,1,1,1,0,0,0,2
FFF,2014J,476629,1,Wales,Lower Than A Level,80-90%,0-35,0,60,0,Pass,16,1,1,0,1,0,1,0,1,1,0,0,0,1,1,10
FFF,2014J,477833,0,London Region,Lower Than A Level,50-60%,35-55,1,60,1,Fail,2,1,0,0,0,1,1,0,0,0,1,0,1,1,0,2
FFF,2014J,479939,1,North Region,No Formal quals,,0-35,0,60,0,Pass,9,0,1,0,0,1,1,1,0,1,1,1,0,0,1,4
FFF,2014J,480303,0,Wales,Lower Than A Level,50-60%,35-55,0,60,0,Fail,1,1,0,0,0,1,1,0,1,0,1,0,0,0,0,2
FFF,2014J,481240,0,Yorkshire Region,A Level or Equivalent,30-40%,0-35,0,150,0,Withdrawn,10,0,1,1,0,0,0,0,1,1,1,0,0,1,0,1
FFF,2014J,481717,0,North Western Region,A Level or Equivalent,80-90%,0-35,0,60,0,Pass,2,0,0,0,1,0,1,0,1,1,1,0,1,1,0,2
FFF,2014J,482644,0,London Region,HE Qualification,20-Oct,0-35,0,60,0,Pass,8,1,0,1,0,0,0,0,1,0,1,1,0,0,1,3
FFF,2014J,483037,0,London Region,No Formal quals,20-Oct,35-55,0,60,0,Pass,8,1,0,0,1,1,0,0,0,0,0,1,0,1,1,3
FFF,2014J,483656,1,East Midlands Region,Lower Than A Level,0-10%,0-35,0,60,0,Withdrawn,14,0,1,1,1,1,1,0,1,0,1,0,1,1,1,5
FFF,2014J,484010,0,East Anglian Region,A Level or Equivalent,70-80%,35-55,0,60,0,Fail,15,0,0,0,0,1,1,0,0,0,0,0,0,1,1,10
FFF,2014J,484494,0,South West Region,Lower Than A Level,60-70%,0-35,0,120,0,Withdrawn,9,0,1,1,0,1,0,1,1,0,1,0,0,0,0,4
FFF,2014J,484594,1,South West Region,A Level or Equivalent,50-60%,35-55,0,60,0,Pass,5,0,0,0,0,0,0,1,0,0,1,0,0,1,0,9
FFF,2014J,485228,1,Scotland,Lower Than A Level,0-10%,35-55,0,60,1,Fail,6,0,0,1,1,0,1,1,0,1,0,0,0,0,1,9
FFF,2014J,486087,0,Yorkshire Region,A Level or Equivalent,0-10%,0-35,0,120,0,Distinction,4,1,0,1,0,1,1,0,0,0,0,1,1,0,0,8
FFF,2014J,486964,0,Scotland,Lower Than A Level,50-60%,0-35,0,120,0,Pass,3,1,1,0,1,0,1,0,1,0,1,1,0,0,1,8
FFF,2014J,488136,0,South Region,Lower Than A Level,80-90%,0-35,2,60,0,Withdrawn,5,1,1,1,1,0,0,1,0,1,0,0,0,1,1,9
FFF,2014J,488525,0,North Region,A Level or Equivalent,,0-35,1,120,0,Pass,10,1,0,1,1,1,1,1,1,1,0,1,1,1,1,1
FFF,2014J,489048,1,London Region,A Level or Equivalent,20-Oct,0-35,0,60,0,Withdrawn,10,0,0,1,0,0,0,1,1,0,0,1,0,1,0,1
FFF,2014J,489104,1,London Region,No Formal quals,20-30%,0-35,0,60,0,Withdrawn,8,0,0,1,1,0,1,1,1,1,0,0,0,1,1,3
FFF,2014J,489493,1,North Western Region,A Level or Equivalent,0-10%,0-35,0,60,0,Withdrawn,6,0,0,1,1,0,0,1,1,0,1,0,0,0,1,9
FFF,2014J,489553,0,West Midlands Region,HE Qualification,50-60%,0-35,1,60,0,Fail,16,0,0,0,0,0,1,1,1,1,0,1,0,1,0,10
FFF,2014J,490297,0,Scotland,Lower Than A Level,20-Oct,0-35,0,150,1,Fail,1,0,1,1,1,1,1,0,1,0,1,0,1,0,1,2
FFF,2014J,491077,0,West Midlands Region,Lower Than A Level,0-10%,35-55,2,120,0,Withdrawn,13,0,0,0,0,0,1,1,1,0,0,0,1,1,0,5
FFF,2014J,491126,0,West Midlands Region,A Level or Equivalent,40-50%,0-35,0,60,1,Pass,1,1,1,0,1,1,1,0,0,0,1,0,0,1,0,2
FFF,2014J,491756,0,West Midlands Region,Lower Than A Level,60-70%,0-35,2,90,1,Withdrawn,14,1,0,1,1,1,0,0,0,0,1,1,1,1,0,5
FFF,2014J,491863,0,North Western Region,Lower Than A Level,60-70%,0-35,0,90,0,Pass,2,0,0,0,0,1,0,1,0,0,0,1,0,1,1,2
FFF,2014J,491959,0,West Midlands Region,HE Qualification,20-30%,0-35,0,60,0,Withdrawn,2,0,0,0,1,0,1,0,1,1,0,1,0,0,0,2
FFF,2014J,492024,0,Scotland,Lower Than A Level,80-90%,0-35,0,90,0,Pass,3,1,0,1,0,1,1,1,0,0,1,0,1,0,0,8
FFF,2014J,492557,0,North Western Region,Lower Than A Level,20-Oct,0-35,2,120,0,Withdrawn,14,1,1,1,0,0,0,0,0,1,0,0,0,0,1,5
FFF,2014J,493793,0,South Region,A Level or Equivalent,40-50%,0-35,0,120,1,Pass,4,0,1,1,0,0,1,1,1,1,1,0,0,1,1,8
FFF,2014J,494046,0,Yorkshire Region,Lower Than A Level,50-60%,35-55,2,60,0,Pass,9,0,1,1,1,1,1,1,1,0,0,0,1,1,1,4
FFF,2014J,494184,0,Ireland,Lower Than A Level,0-10%,0-35,3,90,0,Pass,8,0,0,0,1,0,0,0,0,0,1,0,0,0,1,3
FFF,2014J,496493,1,Scotland,A Level or Equivalent,20-30%,0-35,0,60,1,Withdrawn,8,1,1,0,0,0,0,1,0,0,1,1,0,0,1,3
FFF,2014J,496815,0,Wales,Lower Than A Level,20-Oct,0-35,2,150,0,Withdrawn,10,1,0,1,1,0,0,1,0,1,0,1,0,1,0,1
FFF,2014J,497415,0,Ireland,A Level or Equivalent,80-90%,0-35,0,60,0,Pass,4,1,1,1,1,1,1,1,0,1,1,0,1,1,1,8
FFF,2014J,498442,0,Ireland,A Level or Equivalent,50-60%,0-35,0,120,0,Distinction,7,0,0,1,1,1,1,0,1,1,0,1,0,0,0,3
FFF,2014J,499244,0,South Region,Lower Than A Level,70-80%,0-35,3,60,0,Withdrawn,13,0,0,1,0,1,1,1,0,1,0,0,1,1,1,5
FFF,2014J,499404,1,North Western Region,A Level or Equivalent,30-40%,0-35,2,60,0,Pass,13,1,0,0,1,0,1,1,1,1,1,0,1,1,1,5
FFF,2014J,500068,0,West Midlands Region,Lower Than A Level,20-Oct,0-35,0,60,0,Pass,4,0,1,1,0,0,1,1,0,0,1,0,0,0,0,8
FFF,2014J,500618,0,East Anglian Region,A Level or Equivalent,80-90%,0-35,0,120,1,Pass,3,1,1,0,0,0,1,1,0,1,1,0,1,0,1,8
FFF,2014J,501444,0,South Region,Lower Than A Level,20-Oct,0-35,0,60,0,Distinction,9,0,1,1,1,0,1,1,0,0,1,0,0,0,1,4
FFF,2014J,501897,0,West Midlands Region,A Level or Equivalent,20-30%,0-35,0,150,0,Withdrawn,14,1,1,1,0,1,1,0,0,0,1,0,0,1,1,5
FFF,2014J,502011,1,East Midlands Region,Lower Than A Level,20-30%,0-35,0,60,0,Pass,2,0,0,1,1,1,0,1,0,1,1,1,1,1,1,2
FFF,2014J,503684,0,East Anglian Region,Lower Than A Level,40-50%,35-55,1,180,0,Withdrawn,10,1,1,1,0,1,1,0,1,1,1,1,0,0,0,1
FFF,2014J,504270,0,North Region,A Level or Equivalent,,0-35,1,60,0,Fail,6,0,0,1,1,1,1,1,1,0,0,1,1,1,1,9
FFF,2014J,504700,0,South West Region,A Level or Equivalent,20-30%,0-35,2,60,0,Withdrawn,9,1,1,1,0,1,0,0,0,0,1,0,0,0,0,4
FFF,2014J,505773,0,Scotland,HE Qualification,60-70%,35-55,0,60,0,Distinction,5,1,1,0,0,0,1,1,1,1,0,1,1,1,1,9
FFF,2014J,506705,0,South West Region,A Level or Equivalent,80-90%,0-35,0,120,0,Pass,10,1,1,0,1,1,0,1,0,1,1,1,0,1,0,1
FFF,2014J,507031,0,Scotland,A Level or Equivalent,90-100%,35-55,0,120,0,Withdrawn,7,0,1,1,0,0,1,1,0,1,1,1,0,0,1,3
FFF,2014J,507311,0,South East Region,Lower Than A Level,20-Oct,0-35,0,120,0,Fail,5,0,1,1,1,0,0,1,0,0,1,0,0,0,1,9
FFF,2014J,507743,0,South East Region,A Level or Equivalent,50-60%,0-35,0,120,0,Pass,12,0,1,1,0,1,1,1,1,0,0,0,1,1,1,7
FFF,2014J,507935,0,South East Region,A Level or Equivalent,20-Oct,0-35,0,60,1,Distinction,8,0,1,1,0,0,0,0,0,0,0,1,0,1,0,3
FFF,2014J,508626,0,London Region,Lower Than A Level,30-40%,35-55,0,60,0,Pass,16,1,0,0,0,1,1,0,1,0,1,0,1,1,0,10
FFF,2014J,509177,0,Yorkshire Region,Lower Than A Level,20-30%,0-35,2,90,0,Withdrawn,11,1,1,0,1,0,1,0,1,1,1,0,0,0,1,6
FFF,2014J,509536,0,East Midlands Region,Lower Than A Level,90-100%,35-55,0,60,0,Pass,11,1,0,1,1,1,1,0,1,0,1,0,0,1,0,6
FFF,2014J,510762,0,South West Region,Lower Than A Level,90-100%,0-35,0,60,0,Fail,8,0,1,0,1,0,1,1,1,1,0,0,0,0,1,3
FFF,2014J,511246,0,South East Region,Lower Than A Level,60-70%,0-35,0,60,0,Fail,5,1,1,1,1,1,0,1,0,0,1,1,0,1,1,9
FFF,2014J,511309,0,Wales,A Level or Equivalent,40-50%,0-35,1,60,0,Pass,13,1,0,0,1,1,1,1,0,0,1,1,0,1,0,5
FFF,2014J,511350,0,Yorkshire Region,Lower Than A Level,20-30%,0-35,1,90,1,Fail,5,0,1,1,0,0,0,0,1,1,1,1,0,0,1,9
FFF,2014J,511859,0,South West Region,Lower Than A Level,0-10%,0-35,0,120,0,Withdrawn,3,0,0,0,0,0,0,1,0,1,1,1,1,1,1,8
FFF,2014J,511981,0,South East Region,Lower Than A Level,20-Oct,0-35,0,90,0,Pass,8,1,1,1,0,0,0,0,1,1,0,1,0,0,0,3
FFF,2014J,512335,0,South West Region,A Level or Equivalent,70-80%,35-55,4,60,0,Withdrawn,15,1,0,1,1,1,1,1,0,0,0,1,0,1,1,10
FFF,2014J,513272,1,North Western Region,Lower Than A Level,20-30%,0-35,1,60,0,Fail,4,0,0,0,0,0,1,1,1,0,0,1,1,1,1,8
FFF,2014J,513422,1,South East Region,A Level or Equivalent,30-40%,0-35,0,120,0,Pass,7,0,1,0,1,1,0,1,0,1,0,0,1,0,0,3
FFF,2014J,513428,1,Wales,A Level or Equivalent,0-10%,0-35,2,90,0,Pass,15,1,1,0,0,1,1,0,1,0,1,0,1,1,0,10
FFF,2014J,514078,0,North Western Region,Lower Than A Level,50-60%,0-35,0,60,0,Pass,4,0,0,1,1,1,1,0,1,0,1,1,0,1,0,8
FFF,2014J,514556,1,East Midlands Region,A Level or Equivalent,20-30%,35-55,0,180,0,Fail,14,0,1,1,0,0,0,1,0,1,1,1,1,1,1,5
FFF,2014J,516602,0,North Region,HE Qualification,80-90%,0-35,0,60,0,Distinction,1,1,1,0,0,1,0,0,0,0,0,1,0,1,1,2
FFF,2014J,517551,0,North Region,A Level or Equivalent,70-80%,0-35,2,60,0,Pass,16,1,0,0,0,0,0,1,0,1,1,0,0,1,0,10
FFF,2014J,518599,0,East Anglian Region,Lower Than A Level,20-Oct,0-35,0,120,0,Withdrawn,6,0,1,1,1,1,0,1,0,0,1,1,0,0,1,9
FFF,2014J,519115,0,North Western Region,Lower Than A Level,70-80%,0-35,0,90,0,Fail,15,1,1,1,0,0,0,1,1,1,0,1,1,1,1,10
FFF,2014J,520265,0,Yorkshire Region,Lower Than A Level,0-10%,0-35,0,60,0,Fail,6,1,0,0,1,1,0,1,0,0,1,1,1,0,0,9
FFF,2014J,521032,0,East Anglian Region,Lower Than A Level,30-40%,0-35,1,150,0,Withdrawn,13,1,0,1,0,0,0,0,1,1,1,0,0,1,0,5
FFF,2014J,521115,0,North Western Region,HE Qualification,20-Oct,0-35,0,120,0,Pass,5,0,0,0,0,1,1,0,1,0,1,1,1,0,1,9
FFF,2014J,521153,0,Wales,Lower Than A Level,0-10%,0-35,0,60,0,Fail,10,0,1,0,0,0,0,1,0,1,1,1,0,0,0,1
FFF,2014J,521255,0,London Region,Lower Than A Level,70-80%,0-35,2,60,0,Fail,16,1,0,1,0,1,0,1,0,1,0,1,0,1,1,10
FFF,2014J,521703,0,East Anglian Region,Lower Than A Level,60-70%,0-35,2,120,0,Withdrawn,7,0,0,1,1,1,1,1,1,0,0,1,0,1,0,3
FFF,2014J,522082,1,North Western Region,A Level or Equivalent,0-10%,35-55,1,60,0,Pass,1,0,1,0,1,0,1,0,1,1,0,1,1,0,1,2
FFF,2014J,523017,0,London Region,No Formal quals,20-30%,0-35,0,60,0,Pass,5,0,1,0,0,1,0,1,1,1,1,0,1,0,0,9
FFF,2014J,523249,0,West Midlands Region,Lower Than A Level,60-70%,0-35,0,120,0,Pass,15,0,1,1,1,1,1,0,0,0,1,0,1,1,1,10
FFF,2014J,523589,0,London Region,A Level or Equivalent,20-30%,0-35,0,120,1,Withdrawn,2,0,0,0,1,1,0,1,0,0,0,1,1,1,1,2
FFF,2014J,524827,0,North Western Region,Lower Than A Level,20-Oct,35-55,0,60,0,Withdrawn,6,1,1,0,0,1,1,0,0,1,1,1,0,1,1,9
FFF,2014J,525523,0,Scotland,HE Qualification,80-90%,0-35,0,60,0,Withdrawn,5,1,1,0,1,0,0,0,0,0,1,0,0,0,0,9
FFF,2014J,526721,0,West Midlands Region,A Level or Equivalent,20-30%,0-35,0,120,0,Distinction,14,1,1,0,1,1,1,0,0,0,1,1,0,0,0,5
FFF,2014J,526819,0,London Region,A Level or Equivalent,20-Oct,0-35,3,90,0,Fail,10,1,0,1,1,1,0,0,1,0,1,0,1,1,0,1
FFF,2014J,527619,0,Ireland,A Level or Equivalent,80-90%,0-35,1,90,1,Withdrawn,8,0,1,0,0,0,0,0,1,0,0,1,0,0,0,3
FFF,2014J,529693,0,Scotland,Lower Than A Level,30-40%,35-55,1,60,0,Pass,5,0,0,1,1,1,1,0,1,1,1,0,0,0,0,9
FFF,2014J,529991,0,South Region,Lower Than A Level,80-90%,35-55,4,60,0,Pass,6,1,0,1,1,0,0,1,0,0,0,0,1,1,1,9
FFF,2014J,530148,0,Scotland,A Level or Equivalent,50-60%,0-35,1,60,0,Withdrawn,4,1,0,0,1,1,1,1,1,1,0,1,0,1,1,8
FFF,2014J,530196,1,East Midlands Region,Lower Than A Level,20-Oct,0-35,1,90,0,Withdrawn,14,1,1,1,1,1,1,1,1,0,1,0,0,1,1,5
FFF,2014J,531018,1,Scotland,HE Qualification,20-30%,0-35,0,90,0,Distinction,12,0,0,0,0,0,0,1,0,0,0,1,1,1,1,7
FFF,2014J,531871,0,Wales,HE Qualification,40-50%,0-35,0,60,0,Pass,2,1,0,0,1,1,0,0,0,1,0,0,0,1,1,2
FFF,2014J,532254,0,North Western Region,A Level or Equivalent,30-40%,0-35,4,120,0,Pass,4,0,0,0,1,0,0,0,1,1,0,0,1,0,0,8
FFF,2014J,532744,0,East Anglian Region,Lower Than A Level,20-30%,35-55,0,120,0,Withdrawn,11,1,1,1,0,1,1,1,0,0,0,1,1,0,1,6
FFF,2014J,533418,0,West Midlands Region,A Level or Equivalent,,35-55,0,60,0,Distinction,6,0,1,0,0,0,1,1,1,0,1,0,0,1,0,9
FFF,2014J,534018,0,East Anglian Region,Lower Than A Level,30-40%,0-35,0,120,1,Withdrawn,5,1,0,1,1,0,0,0,1,0,0,0,1,1,0,9
FFF,2014J,534112,1,Wales,A Level or Equivalent,70-80%,35-55,0,60,0,Withdrawn,14,0,0,0,0,1,0,1,0,0,1,1,0,0,0,5
FFF,2014J,534457,1,Scotland,HE Qualification,50-60%,0-35,0,60,1,Pass,10,1,1,0,0,1,0,0,0,1,1,1,1,1,1,1
FFF,2014J,535542,0,Scotland,Lower Than A Level,80-90%,0-35,0,150,0,Withdrawn,14,0,0,1,1,0,0,1,1,0,1,1,1,1,0,5
FFF,2014J,535671,1,Scotland,HE Qualification,50-60%,0-35,1,90,0,Pass,15,0,0,1,0,1,0,0,0,0,0,0,0,0,1,10
FFF,2014J,535997,1,North Western Region,Lower Than A Level,70-80%,0-35,0,120,0,Withdrawn,5,1,1,0,0,1,1,1,0,0,1,1,0,1,0,9
FFF,2014J,536351,0,South East Region,Lower Than A Level,50-60%,0-35,0,120,0,Pass,9,0,0,1,0,1,0,1,0,0,0,1,1,0,1,4
FFF,2014J,536475,0,Wales,HE Qualification,70-80%,35-55,0,60,0,Fail,11,1,1,1,0,1,0,1,1,0,1,1,0,1,1,6
FFF,2014J,536963,1,South Region,A Level or Equivalent,60-70%,35-55,0,180,0,Pass,7,1,1,0,0,0,0,0,0,0,1,1,0,0,1,3
FFF,2014J,537321,0,South Region,Lower Than A Level,90-100%,35-55,0,60,0,Withdrawn,7,1,0,1,1,1,0,1,1,0,0,1,1,1,0,3
FFF,2014J,537322,0,Scotland,A Level or Equivalent,70-80%,35-55,1,120,0,Pass,12,0,1,1,1,1,0,1,1,0,0,0,0,0,0,7
FFF,2014J,537606,1,London Region,A Level or Equivalent,60-70%,0-35,0,60,0,Fail,1,1,1,0,1,1,1,1,0,0,0,0,1,0,0,2
FFF,2014J,537811,1,East Midlands Region,A Level or Equivalent,50-60%,0-35,0,120,1,Distinction,15,0,0,1,1,1,1,0,1,0,1,0,0,1,1,10
FFF,2014J,539308,0,South Region,A Level or Equivalent,20-30%,0-35,1,90,0,Fail,5,0,1,1,1,0,1,0,1,0,0,1,1,1,0,9
FFF,2014J,539913,0,London Region,Lower Than A Level,20-30%,0-35,0,210,0,Withdrawn,16,1,0,1,1,1,1,0,1,0,0,0,1,0,0,10
FFF,2014J,539945,1,South Region,A Level or Equivalent,90-100%,0-35,1,60,0,Pass,16,1,0,0,1,1,0,0,1,0,0,0,0,0,1,10
FFF,2014J,540155,0,London Region,Lower Than A Level,50-60%,35-55,1,180,0,Withdrawn,4,1,1,0,0,0,0,1,0,1,1,1,0,1,1,8
FFF,2014J,540723,0,West Midlands Region,Lower Than A Level,70-80%,35-55,1,60,0,Pass,12,1,0,0,1,1,1,1,0,1,1,1,0,1,0,7
FFF,2014J,541184,0,North Region,A Level or Equivalent,20-Oct,0-35,0,120,0,Withdrawn,4,1,1,1,1,1,0,1,1,0,0,0,1,1,1,8
FFF,2014J,541532,1,North Region,HE Qualification,,0-35,0,330,0,Withdrawn,12,1,0,1,1,1,1,1,1,1,0,1,1,1,1,7
FFF,2014J,541921,0,South East Region,HE Qualification,40-50%,35-55,1,120,0,Pass,11,0,0,1,1,1,1,1,0,1,0,1,0,0,0,6
FFF,2014J,542202,0,West Midlands Region,A Level or Equivalent,0-10%,0-35,0,60,0,Pass,6,0,0,0,0,0,1,0,1,0,1,0,0,1,1,9
FFF,2014J,542550,0,North Region,A Level or Equivalent,0-10%,35-55,2,120,0,Withdrawn,4,0,1,0,1,1,0,1,1,1,0,0,1,1,1,8
FFF,2014J,543010,0,East Anglian Region,HE Qualification,30-40%,35-55,2,120,0,Fail,7,1,0,1,1,1,1,0,0,1,0,1,1,1,0,3
FFF,2014J,543432,0,South Region,A Level or Equivalent,20-Oct,0-35,0,120,0,Withdrawn,2,0,1,1,1,0,0,1,0,0,1,0,1,0,0,2
FFF,2014J,544141,0,Ireland,A Level or Equivalent,50-60%,0-35,0,60,0,Fail,5,1,1,1,1,0,0,1,0,0,1,0,1,1,1,9
FFF,2014J,544745,0,South Region,A Level or Equivalent,30-40%,0-35,1,90,0,Fail,6,1,1,0,1,0,0,1,0,1,0,0,1,1,1,9
FFF,2014J,545164,0,South East Region,Lower Than A Level,20-Oct,0-35,1,60,0,Pass,14,1,0,1,0,0,0,0,0,1,1,0,1,0,1,5
FFF,2014J,545962,1,East Anglian Region,HE Qualification,20-30%,35-55,0,90,0,Pass,2,1,1,0,1,1,1,0,1,0,1,0,0,0,1,2
FFF,2014J,546547,1,Scotland,Lower Than A Level,20-30%,0-35,1,60,0,Pass,3,1,0,1,1,0,1,1,1,1,0,1,1,0,0,8
FFF,2014J,546645,0,Wales,Lower Than A Level,20-Oct,0-35,1,60,0,Pass,10,0,1,1,0,1,0,0,1,0,0,1,0,1,0,1
FFF,2014J,547347,0,London Region,A Level or Equivalent,20-30%,0-35,0,60,0,Pass,16,1,0,0,0,1,1,0,0,1,1,1,1,0,1,10
FFF,2014J,549219,0,East Midlands Region,A Level or Equivalent,30-40%,0-35,1,60,0,Pass,7,1,0,1,1,1,1,1,1,1,1,0,0,1,1,3
FFF,2014J,549321,0,North Western Region,HE Qualification,60-70%,0-35,0,90,0,Distinction,4,0,1,1,0,1,1,1,1,0,1,1,1,1,0,8
FFF,2014J,549523,1,Ireland,A Level or Equivalent,0-10%,0-35,2,120,1,Fail,13,1,0,0,0,1,0,0,1,0,0,1,1,1,1,5
FFF,2014J,549847,0,South East Region,Lower Than A Level,40-50%,0-35,0,90,0,Pass,6,1,1,0,0,0,1,0,1,0,1,0,1,1,0,9
FFF,2014J,550420,0,North Region,A Level or Equivalent,20-30%,0-35,0,60,0,Distinction,14,1,1,1,0,0,1,1,1,1,0,0,0,0,0,5
FFF,2014J,550703,0,South Region,A Level or Equivalent,40-50%,0-35,0,60,0,Distinction,15,1,0,1,1,1,0,0,0,1,0,1,0,1,0,10
FFF,2014J,552173,0,Scotland,Lower Than A Level,50-60%,0-35,0,60,0,Pass,5,0,1,1,1,0,0,0,1,0,0,0,1,0,1,9
FFF,2014J,552832,0,North Region,A Level or Equivalent,20-Oct,0-35,0,120,0,Fail,2,1,0,1,1,0,0,0,1,0,1,1,0,0,0,2
FFF,2014J,553031,0,South Region,A Level or Equivalent,80-90%,35-55,0,60,0,Pass,16,1,0,0,0,1,0,0,1,1,0,1,1,0,0,10
FFF,2014J,553284,1,East Midlands Region,Lower Than A Level,90-100%,0-35,0,60,0,Pass,6,1,1,1,1,0,0,0,1,1,1,1,0,1,0,9
FFF,2014J,553813,0,West Midlands Region,Lower Than A Level,40-50%,0-35,1,60,0,Pass,11,1,1,1,0,0,1,0,1,1,0,1,1,1,1,6
FFF,2014J,554063,0,Wales,A Level or Equivalent,80-90%,0-35,0,180,1,Distinction,10,0,1,0,1,1,0,1,0,0,1,0,1,0,0,1
FFF,2014J,554525,0,South West Region,A Level or Equivalent,90-100%,35-55,0,60,0,Pass,3,0,0,1,1,0,0,1,1,0,1,1,0,1,0,8
FFF,2014J,555049,0,South Region,Lower Than A Level,60-70%,0-35,0,120,0,Distinction,7,0,0,0,0,0,1,1,1,1,0,0,0,1,0,3
FFF,2014J,555277,0,West Midlands Region,Lower Than A Level,20-30%,35-55,0,60,1,Withdrawn,15,0,1,1,1,0,0,1,0,1,1,1,0,0,1,10
FFF,2014J,555827,0,Yorkshire Region,Lower Than A Level,20-Oct,0-35,0,60,0,Fail,14,1,0,1,0,1,0,1,1,1,1,0,1,0,1,5
FFF,2014J,556126,0,London Region,A Level or Equivalent,80-90%,35-55,2,60,1,Pass,9,0,1,1,1,1,1,1,0,1,1,0,0,1,1,4
FFF,2014J,557085,1,Yorkshire Region,Lower Than A Level,20-30%,35-55,0,120,0,Distinction,8,0,1,0,0,0,0,0,1,0,1,1,1,0,1,3
FFF,2014J,557290,0,South East Region,Lower Than A Level,0-10%,35-55,1,90,0,Pass,9,1,1,1,0,1,0,1,1,0,1,1,1,0,0,4
FFF,2014J,557792,0,South Region,Lower Than A Level,50-60%,0-35,1,60,0,Withdrawn,9,1,1,0,1,1,0,1,1,0,1,1,1,0,0,4
FFF,2014J,557830,0,North Western Region,A Level or Equivalent,40-50%,0-35,0,60,0,Fail,15,0,0,0,0,1,0,0,0,1,1,1,0,1,1,10
FFF,2014J,558044,0,North Region,Lower Than A Level,,0-35,0,90,0,Distinction,8,1,0,1,0,1,0,0,0,0,1,0,0,1,1,3
FFF,2014J,558342,0,Yorkshire Region,Lower Than A Level,40-50%,0-35,0,120,0,Fail,12,0,1,1,1,1,0,0,0,1,0,1,0,1,0,7
FFF,2014J,558764,0,East Midlands Region,Lower Than A Level,20-Oct,0-35,0,60,0,Pass,2,1,1,1,0,0,1,0,0,0,1,1,1,1,1,2
FFF,2014J,559882,0,South Region,Lower Than A Level,60-70%,0-35,0,120,0,Withdrawn,16,0,1,1,0,0,0,0,1,0,0,1,0,1,0,10
FFF,2014J,560047,0,East Anglian Region,A Level or Equivalent,90-100%,0-35,0,60,0,Pass,8,1,1,1,1,1,1,0,0,0,0,1,1,0,1,3
FFF,2014J,560459,0,London Region,A Level or Equivalent,30-40%,0-35,1,60,1,Withdrawn,15,0,1,1,0,1,1,1,1,0,0,0,0,0,1,10
FFF,2014J,560645,0,Scotland,HE Qualification,,0-35,0,60,0,Pass,8,1,1,1,0,1,0,1,1,1,1,1,0,1,0,3
FFF,2014J,560659,0,East Midlands Region,Lower Than A Level,30-40%,0-35,1,120,0,Withdrawn,3,1,0,0,0,0,1,0,1,1,0,0,0,0,1,8
FFF,2014J,560765,0,East Midlands Region,Lower Than A Level,20-30%,35-55,1,120,1,Withdrawn,9,1,1,0,1,1,0,1,1,0,1,0,0,1,1,4
FFF,2014J,560823,0,South West Region,A Level or Equivalent,80-90%,0-35,1,120,0,Withdrawn,7,1,1,1,0,1,1,0,0,0,1,0,0,1,1,3
FFF,2014J,561231,1,North Western Region,Lower Than A Level,0-10%,0-35,0,60,0,Pass,10,1,1,0,0,0,1,0,0,0,1,0,0,1,1,1
FFF,2014J,561311,0,West Midlands Region,Lower Than A Level,0-10%,0-35,0,120,1,Withdrawn,16,0,1,1,0,0,1,0,0,1,0,1,1,0,0,10
FFF,2014J,561519,0,North Western Region,Lower Than A Level,20-Oct,0-35,0,60,0,Withdrawn,6,1,1,1,0,0,0,1,0,0,1,1,1,1,0,9
FFF,2014J,562064,1,North Western Region,A Level or Equivalent,50-60%,0-35,1,120,0,Pass,11,1,1,0,1,1,1,0,0,1,1,1,0,1,0,6
FFF,2014J,562754,0,East Anglian Region,A Level or Equivalent,60-70%,0-35,0,150,0,Pass,4,0,0,1,1,1,0,0,0,1,0,1,0,0,1,8
FFF,2014J,562762,0,London Region,Lower Than A Level,20-30%,0-35,2,120,1,Withdrawn,3,1,1,0,1,0,0,0,1,0,0,1,1,1,1,8
FFF,2014J,562990,0,East Anglian Region,A Level or Equivalent,30-40%,0-35,0,150,0,Pass,3,1,0,0,0,1,1,0,1,0,1,1,1,0,0,8
FFF,2014J,563108,1,East Anglian Region,Lower Than A Level,60-70%,35-55,0,60,0,Pass,9,0,1,0,1,1,0,1,1,1,0,1,1,1,0,4
FFF,2014J,563414,0,East Midlands Region,Lower Than A Level,90-100%,0-35,0,60,0,Pass,2,0,1,1,0,1,1,0,1,0,0,0,1,1,0,2
FFF,2014J,564243,0,North Western Region,Lower Than A Level,50-60%,0-35,0,90,0,Pass,2,1,1,1,0,0,1,0,1,0,0,1,1,0,0,2
FFF,2014J,564617,1,East Anglian Region,Lower Than A Level,20-30%,35-55,0,60,0,Fail,16,0,0,1,0,0,0,1,0,0,1,1,0,1,1,10
FFF,2014J,564770,0,South West Region,Lower Than A Level,70-80%,0-35,2,90,0,Fail,1,0,1,1,1,1,1,0,0,0,1,0,1,0,1,2
FFF,2014J,564821,0,North Region,Lower Than A Level,0-10%,0-35,1,60,0,Withdrawn,16,0,1,0,1,0,1,0,0,1,0,1,0,1,0,10
FFF,2014J,564933,0,East Anglian Region,A Level or Equivalent,30-40%,35-55,0,60,0,Distinction,5,1,1,0,0,1,1,0,0,0,0,1,1,0,1,9
FFF,2014J,565017,0,South Region,Lower Than A Level,80-90%,35-55,0,60,0,Pass,4,0,0,0,0,1,1,0,0,0,0,0,1,0,0,8
FFF,2014J,565474,0,East Midlands Region,Lower Than A Level,70-80%,0-35,0,60,0,Withdrawn,3,0,1,0,0,0,1,0,1,1,0,0,0,0,1,8
FFF,2014J,566823,0,London Region,A Level or Equivalent,20-Oct,0-35,1,60,0,Fail,13,1,0,1,0,1,1,0,0,0,1,1,0,1,0,5
FFF,2014J,567213,0,South Region,A Level or Equivalent,90-100%,35-55,1,60,0,Withdrawn,13,0,1,0,1,0,1,1,0,0,0,1,0,0,1,5
FFF,2014J,568443,1,North Western Region,Lower Than A Level,30-40%,35-55,0,120,1,Withdrawn,15,0,1,1,1,1,1,1,1,0,0,0,0,0,0,10
FFF,2014J,568447,0,South Region,Lower Than A Level,90-100%,0-35,0,60,0,Withdrawn,2,0,1,0,0,0,0,0,1,0,1,0,0,1,0,2
FFF,2014J,568987,1,South Region,A Level or Equivalent,20-Oct,0-35,1,90,0,Fail,6,1,1,1,0,0,0,0,1,0,1,0,1,1,0,9
FFF,2014J,568998,0,South Region,A Level or Equivalent,50-60%,0-35,1,60,1,Withdrawn,7,1,0,0,0,1,1,1,1,1,1,0,0,0,0,3
FFF,2014J,569034,1,North Western Region,Lower Than A Level,80-90%,35-55,0,60,0,Pass,2,1,1,1,1,1,1,0,0,0,0,1,0,1,1,2
FFF,2014J,569080,0,London Region,A Level or Equivalent,20-Oct,35-55,0,90,0,Pass,5,0,0,0,1,1,1,0,0,0,1,1,0,1,0,9
FFF,2014J,569108,0,South East Region,A Level or Equivalent,70-80%,0-35,0,90,1,Distinction,13,0,1,0,1,1,0,1,1,1,1,1,1,0,1,5
FFF,2014J,569556,1,North Region,A Level or Equivalent,0-10%,0-35,2,180,0,Withdrawn,16,1,0,0,1,0,1,0,0,1,1,1,1,0,0,10
FFF,2014J,569745,0,East Anglian Region,Lower Than A Level,40-50%,0-35,0,60,0,Withdrawn,9,0,1,1,1,1,1,0,1,1,0,1,1,1,1,4
FFF,2014J,569876,0,North Region,HE Qualification,,0-35,0,90,0,Pass,9,1,1,1,1,0,1,1,0,1,1,0,1,0,1,4
FFF,2014J,570004,0,East Anglian Region,Lower Than A Level,80-90%,0-35,1,60,1,Fail,7,1,1,0,1,1,0,0,1,0,1,0,1,1,1,3
FFF,2014J,570213,0,South Region,A Level or Equivalent,70-80%,35-55,1,60,0,Fail,10,1,0,1,1,0,1,0,0,0,1,1,1,0,0,1
FFF,2014J,570280,0,Ireland,A Level or Equivalent,90-100%,0-35,1,120,0,Fail,4,1,1,0,1,1,0,1,0,1,0,0,0,1,0,8
FFF,2014J,570689,0,East Midlands Region,A Level or Equivalent,90-100%,0-35,1,60,0,Fail,7,0,1,0,0,1,0,0,1,0,1,0,1,1,1,3
FFF,2014J,571074,1,South East Region,A Level or Equivalent,90-100%,35-55,0,120,0,Distinction,3,0,1,0,1,0,1,1,1,0,0,1,1,1,1,8
FFF,2014J,571932,0,South East Region,Lower Than A Level,90-100%,0-35,0,120,1,Withdrawn,12,1,1,1,0,1,0,1,1,1,1,1,1,1,1,7
FFF,2014J,571950,0,North Western Region,No Formal quals,0-10%,35-55,0,270,0,Withdrawn,6,1,1,0,1,0,1,1,1,1,1,0,0,0,1,9
FFF,2014J,572071,0,East Midlands Region,Lower Than A Level,70-80%,0-35,1,60,0,Fail,12,1,0,0,0,0,1,1,0,0,1,1,0,0,1,7
FFF,2014J,572074,1,South West Region,A Level or Equivalent,20-30%,0-35,0,60,0,Pass,8,1,0,0,0,1,0,1,0,1,0,0,1,0,0,3
FFF,2014J,572213,1,East Anglian Region,HE Qualification,90-100%,0-35,1,60,0,Distinction,9,1,0,0,1,1,1,1,0,0,0,0,0,0,0,4
FFF,2014J,572265,0,London Region,A Level or Equivalent,30-40%,0-35,1,90,0,Fail,11,0,0,1,1,0,0,0,1,0,0,0,0,0,1,6
FFF,2014J,572804,0,Wales,A Level or Equivalent,60-70%,0-35,1,60,0,Withdrawn,12,0,1,0,0,0,0,1,1,0,0,1,0,1,0,7
FFF,2014J,573007,0,Ireland,Lower Than A Level,70-80%,0-35,1,90,0,Withdrawn,5,1,1,0,0,0,0,1,1,0,1,1,0,1,0,9
FFF,2014J,573291,0,South Region,A Level or Equivalent,50-60%,35-55,1,60,0,Withdrawn,4,1,1,1,1,1,0,1,1,1,0,0,1,1,0,8
FFF,2014J,573481,0,South West Region,A Level or Equivalent,20-Oct,0-35,1,120,0,Withdrawn,13,0,0,1,1,0,1,0,0,0,1,1,0,0,1,5
FFF,2014J,573583,0,Scotland,Lower Than A Level,30-40%,0-35,0,60,0,Pass,1,0,1,0,1,0,1,0,0,0,0,1,1,1,0,2
FFF,2014J,573697,1,South Region,HE Qualification,70-80%,0-35,1,60,0,Withdrawn,9,1,1,0,1,0,0,0,0,0,0,1,0,0,0,4
FFF,2014J,574068,0,West Midlands Region,A Level or Equivalent,80-90%,0-35,0,90,0,Withdrawn,2,1,1,0,1,1,1,1,1,0,0,1,0,0,0,2
FFF,2014J,574527,0,London Region,Lower Than A Level,20-30%,0-35,0,60,1,Fail,1,1,0,0,1,0,1,1,0,0,0,1,0,1,0,2
FFF,2014J,574638,0,East Midlands Region,Lower Than A Level,70-80%,35-55,0,120,0,Withdrawn,5,1,0,1,1,0,0,1,1,0,1,0,0,1,1,9
FFF,2014J,574695,0,Scotland,Lower Than A Level,90-100%,35-55,1,120,0,Withdrawn,13,0,0,0,0,1,0,1,1,0,1,0,0,0,0,5
FFF,2014J,575069,0,East Anglian Region,Lower Than A Level,50-60%,0-35,0,180,0,Pass,8,1,1,1,0,1,0,1,0,1,1,0,1,0,0,3
FFF,2014J,575112,0,Yorkshire Region,A Level or Equivalent,60-70%,0-35,0,60,0,Pass,16,0,0,0,1,0,0,1,0,0,1,0,0,0,1,10
FFF,2014J,575302,0,North Region,Lower Than A Level,20-30%,35-55,0,90,0,Pass,1,1,1,0,1,0,0,1,1,1,0,1,0,1,1,2
FFF,2014J,575685,0,London Region,A Level or Equivalent,20-Oct,0-35,1,60,0,Fail,2,0,1,0,0,1,1,1,0,0,0,0,0,1,1,2
FFF,2014J,575710,0,North Western Region,HE Qualification,0-10%,0-35,0,120,0,Withdrawn,10,0,1,0,0,0,0,1,0,0,1,0,0,0,0,1
FFF,2014J,575983,0,South West Region,Lower Than A Level,0-10%,0-35,0,120,0,Withdrawn,5,1,1,0,0,0,0,0,1,0,1,1,1,1,1,9
FFF,2014J,576140,1,North Region,Lower Than A Level,0-10%,0-35,0,60,0,Withdrawn,11,1,1,1,0,0,1,1,1,0,0,0,0,1,1,6
FFF,2014J,576423,0,London Region,A Level or Equivalent,20-Oct,0-35,1,120,0,Withdrawn,10,1,1,1,1,0,0,0,1,0,0,0,0,1,0,1
FFF,2014J,577032,0,South East Region,Lower Than A Level,50-60%,0-35,0,60,1,Fail,8,1,0,0,1,1,1,1,1,0,1,0,1,0,0,3
FFF,2014J,577429,0,Scotland,HE Qualification,80-90%,35-55,0,180,0,Fail,11,0,1,1,0,1,0,0,1,0,0,0,0,0,0,6
FFF,2014J,577533,0,East Midlands Region,A Level or Equivalent,30-40%,0-35,1,90,0,Pass,7,1,1,1,1,0,1,0,0,1,1,0,0,0,1,3
FFF,2014J,577950,0,South East Region,Lower Than A Level,20-Oct,0-35,0,90,0,Withdrawn,8,0,1,0,0,0,1,1,1,0,1,1,0,0,1,3
FFF,2014J,578152,0,Wales,Lower Than A Level,90-100%,0-35,1,60,0,Pass,3,1,0,0,0,0,0,1,0,1,0,1,1,1,1,8
FFF,2014J,578495,0,South East Region,HE Qualification,60-70%,0-35,0,60,0,Withdrawn,3,0,0,0,1,0,1,1,0,1,1,1,0,0,0,8
FFF,2014J,578573,0,Wales,Lower Than A Level,0-10%,0-35,0,60,0,Withdrawn,11,0,0,1,0,1,1,1,1,0,1,0,1,0,1,6
FFF,2014J,578847,0,Ireland,A Level or Equivalent,90-100%,0-35,0,60,1,Distinction,14,0,1,1,0,0,0,0,0,1,0,1,0,1,1,5
FFF,2014J,579221,1,Scotland,Lower Than A Level,30-40%,0-35,0,60,1,Withdrawn,1,1,0,1,0,1,1,1,0,1,1,1,0,1,0,2
FFF,2014J,579660,0,London Region,Lower Than A Level,70-80%,0-35,0,60,0,Pass,12,1,0,0,0,1,0,0,0,1,0,0,0,1,0,7
FFF,2014J,579686,0,Wales,A Level or Equivalent,40-50%,0-35,0,90,0,Pass,4,1,1,0,0,0,1,0,1,0,0,0,0,0,0,8
FFF,2014J,580459,0,North Region,A Level or Equivalent,50-60%,0-35,0,60,0,Pass,14,1,0,0,1,0,0,0,1,0,1,0,0,1,1,5
FFF,2014J,580834,0,East Anglian Region,Lower Than A Level,50-60%,35-55,0,60,0,Distinction,16,0,0,0,0,1,0,1,0,0,0,0,0,0,1,10
FFF,2014J,580845,0,Scotland,HE Qualification,30-40%,0-35,0,120,0,Pass,16,0,1,0,1,0,1,1,1,1,1,0,1,0,1,10
FFF,2014J,580926,0,North Western Region,Lower Than A Level,30-40%,0-35,2,120,1,Fail,9,0,0,0,0,1,0,1,0,1,0,0,1,0,0,4
FFF,2014J,581219,0,North Western Region,Lower Than A Level,80-90%,0-35,1,60,0,Fail,2,0,0,0,0,1,0,0,1,0,0,1,1,0,1,2
FFF,2014J,581253,0,West Midlands Region,Lower Than A Level,50-60%,35-55,1,120,0,Pass,14,0,1,0,1,1,0,0,1,0,0,0,0,0,0,5
FFF,2014J,581659,1,South Region,Lower Than A Level,20-Oct,0-35,0,60,0,Distinction,7,0,1,1,0,1,0,1,1,1,0,0,1,0,0,3
FFF,2014J,581779,1,Scotland,A Level or Equivalent,40-50%,0-35,0,60,0,Pass,8,1,1,1,1,1,1,1,0,1,1,1,1,0,1,3
FFF,2014J,582034,0,Yorkshire Region,Lower Than A Level,60-70%,0-35,0,60,0,Withdrawn,5,0,1,1,0,0,1,0,1,1,1,1,0,0,1,9
FFF,2014J,582117,0,South West Region,Lower Than A Level,30-40%,0-35,0,60,0,Pass,13,1,1,0,0,1,1,1,1,1,0,0,1,1,0,5
FFF,2014J,582141,0,West Midlands Region,A Level or Equivalent,60-70%,0-35,0,90,0,Fail,3,0,1,0,0,1,0,1,0,0,0,1,1,1,1,8
FFF,2014J,582266,0,South West Region,Lower Than A Level,30-40%,0-35,0,150,0,Fail,13,1,1,0,0,1,0,1,1,1,0,1,0,1,1,5
FFF,2014J,582332,0,Scotland,Post Graduate Qualification,60-70%,35-55,0,60,0,Distinction,2,0,0,1,1,1,1,1,1,1,1,1,1,1,0,2
FFF,2014J,582530,0,North Western Region,HE Qualification,0-10%,35-55,1,150,0,Fail,7,1,0,1,0,1,0,1,0,1,0,0,0,0,1,3
FFF,2014J,582653,0,South Region,A Level or Equivalent,30-40%,0-35,0,60,0,Pass,1,1,1,0,1,1,1,1,0,1,1,1,0,1,0,2
FFF,2014J,582670,0,South Region,Lower Than A Level,90-100%,35-55,0,60,1,Fail,4,0,0,1,1,1,0,0,1,1,1,1,1,1,0,8
FFF,2014J,582749,0,South Region,Lower Than A Level,80-90%,0-35,0,90,0,Withdrawn,5,1,1,1,1,0,0,0,0,1,1,1,0,0,0,9
FFF,2014J,583056,0,Ireland,A Level or Equivalent,60-70%,0-35,1,60,0,Fail,3,1,1,1,0,0,0,1,1,1,0,0,0,0,0,8
FFF,2014J,583318,0,South Region,A Level or Equivalent,40-50%,0-35,0,90,1,Pass,1,0,1,0,0,0,1,1,0,0,1,0,0,1,0,2
FFF,2014J,583487,0,Scotland,Lower Than A Level,90-100%,35-55,0,60,0,Pass,13,1,1,1,1,1,0,0,0,0,0,1,0,1,0,5
FFF,2014J,584210,0,South West Region,Lower Than A Level,70-80%,0-35,1,60,0,Withdrawn,13,1,1,1,0,0,1,0,0,0,0,1,0,1,1,5
FFF,2014J,584362,0,West Midlands Region,A Level or Equivalent,50-60%,0-35,1,120,0,Withdrawn,14,0,0,0,0,0,0,0,1,1,0,0,1,0,1,5
FFF,2014J,584515,1,Yorkshire Region,A Level or Equivalent,0-10%,0-35,0,60,0,Pass,8,1,1,0,0,0,0,1,1,0,1,0,1,0,0,3
FFF,2014J,584594,0,South East Region,A Level or Equivalent,40-50%,0-35,1,60,0,Withdrawn,8,0,1,0,0,0,1,0,0,0,1,0,1,1,1,3
FFF,2014J,584673,0,London Region,A Level or Equivalent,20-Oct,0-35,1,90,0,Fail,3,1,1,1,1,0,1,0,1,1,1,0,1,0,0,8
FFF,2014J,585021,0,North Western Region,A Level or Equivalent,60-70%,0-35,0,180,0,Withdrawn,2,1,1,1,1,0,0,1,1,1,1,1,0,1,0,2
FFF,2014J,585224,0,Wales,Lower Than A Level,50-60%,0-35,1,60,0,Pass,4,1,0,0,1,0,1,0,0,1,1,1,0,1,0,8
FFF,2014J,585261,0,North Western Region,HE Qualification,20-30%,35-55,0,60,0,Pass,12,0,0,1,0,1,1,0,1,0,1,0,0,0,1,7
FFF,2014J,585284,0,Yorkshire Region,Lower Than A Level,0-10%,0-35,0,120,0,Pass,1,1,1,0,0,1,1,1,0,1,0,1,0,1,0,2
FFF,2014J,585301,0,North Region,A Level or Equivalent,30-40%,0-35,1,120,0,Withdrawn,4,0,0,0,1,0,0,1,1,1,0,0,1,1,1,8
FFF,2014J,585503,0,North Region,HE Qualification,,35-55,0,120,0,Distinction,5,1,1,1,0,0,1,1,1,1,1,1,0,0,0,9
FFF,2014J,585572,0,East Midlands Region,Lower Than A Level,0-10%,0-35,0,120,0,Fail,16,1,1,0,1,1,0,1,1,1,1,1,1,1,0,10
FFF,2014J,585724,0,Yorkshire Region,Lower Than A Level,0-10%,35-55,1,90,0,Fail,12,0,0,0,1,1,0,0,1,1,1,0,1,1,1,7
FFF,2014J,585825,0,Wales,Lower Than A Level,80-90%,0-35,1,60,0,Withdrawn,4,0,0,1,1,0,1,0,0,0,1,0,0,1,1,8
FFF,2014J,585958,0,South West Region,Lower Than A Level,90-100%,0-35,0,90,1,Pass,16,1,1,0,0,0,0,0,1,0,0,0,0,1,1,10
FFF,2014J,586282,1,East Midlands Region,Lower Than A Level,20-30%,0-35,0,240,0,Withdrawn,7,0,1,0,0,1,1,0,0,1,1,1,1,1,1,3
FFF,2014J,586811,0,South Region,A Level or Equivalent,90-100%,0-35,1,60,0,Fail,11,1,0,0,0,1,0,1,0,0,1,0,0,1,1,6
FFF,2014J,586906,0,Scotland,HE Qualification,30-40%,0-35,2,60,1,Pass,11,0,0,0,1,1,0,1,0,1,0,1,1,0,0,6
FFF,2014J,587509,0,East Midlands Region,A Level or Equivalent,80-90%,0-35,0,150,0,Fail,9,1,1,0,1,0,1,1,1,1,0,1,1,0,0,4
FFF,2014J,587571,0,London Region,A Level or Equivalent,0-10%,35-55,0,60,0,Distinction,15,0,1,1,1,1,1,1,0,1,0,1,0,1,0,10
FFF,2014J,587654,0,South Region,A Level or Equivalent,80-90%,35-55,0,60,0,Withdrawn,14,0,0,1,0,0,0,0,0,0,0,0,1,1,1,5
FFF,2014J,587706,0,Scotland,HE Qualification,20-Oct,0-35,0,60,0,Fail,7,1,1,0,1,1,0,0,1,0,1,0,1,0,1,3
FFF,2014J,588128,0,East Anglian Region,A Level or Equivalent,20-Oct,0-35,1,90,0,Pass,4,0,1,1,1,0,1,1,1,1,1,0,1,0,1,8
FFF,2014J,588628,0,South West Region,A Level or Equivalent,60-70%,55<=,0,60,0,Pass,12,0,1,0,1,0,1,0,1,0,0,0,0,0,0,7
FFF,2014J,589080,0,North Region,HE Qualification,,0-35,0,60,0,Distinction,10,1,1,0,1,1,1,1,1,0,0,0,0,0,1,1
FFF,2014J,589162,0,London Region,A Level or Equivalent,0-10%,0-35,0,60,0,Pass,1,0,1,1,0,0,1,0,1,0,0,1,0,1,1,2
FFF,2014J,589332,1,Scotland,A Level or Equivalent,40-50%,35-55,0,90,0,Pass,12,0,0,1,0,0,1,1,1,1,1,1,1,0,0,7
FFF,2014J,589389,0,South West Region,Lower Than A Level,40-50%,0-35,0,90,0,Pass,12,0,0,1,0,0,1,0,0,0,0,0,0,0,1,7
FFF,2014J,589441,0,South Region,Lower Than A Level,70-80%,0-35,1,90,0,Withdrawn,14,0,1,0,0,1,1,0,1,1,0,1,1,1,1,5
FFF,2014J,589798,0,East Anglian Region,Lower Than A Level,30-40%,0-35,1,210,0,Withdrawn,12,0,1,0,1,0,1,1,0,0,1,1,1,0,1,7
FFF,2014J,589828,0,East Anglian Region,Lower Than A Level,60-70%,0-35,1,60,1,Pass,4,1,1,0,0,0,0,1,0,0,0,0,1,1,0,8
FFF,2014J,590120,1,Scotland,HE Qualification,40-50%,0-35,0,60,0,Pass,1,1,0,1,1,0,1,1,0,0,0,0,1,0,0,2
FFF,2014J,590381,0,East Anglian Region,Lower Than A Level,20-30%,0-35,0,120,0,Withdrawn,6,0,1,1,0,0,1,0,0,1,0,0,0,1,1,9
FFF,2014J,590462,0,North Western Region,A Level or Equivalent,0-10%,0-35,1,120,0,Withdrawn,7,0,0,0,1,0,0,1,0,0,0,1,0,1,0,3
FFF,2014J,590543,0,South Region,Lower Than A Level,40-50%,0-35,1,60,0,Fail,9,1,1,0,0,1,1,0,1,0,0,0,1,1,1,4
FFF,2014J,590818,0,West Midlands Region,A Level or Equivalent,80-90%,0-35,0,60,0,Fail,15,0,0,0,1,1,0,1,0,0,1,1,1,1,1,10
FFF,2014J,591525,0,South East Region,A Level or Equivalent,70-80%,35-55,0,120,0,Pass,15,0,1,1,0,0,0,1,1,0,1,1,0,0,1,10
FFF,2014J,591581,0,South East Region,Lower Than A Level,20-Oct,0-35,1,150,0,Pass,2,1,1,1,1,1,1,0,1,0,0,0,0,1,0,2
FFF,2014J,591655,0,North Region,Lower Than A Level,70-80%,0-35,1,90,0,Fail,5,0,0,0,0,1,1,1,1,1,1,0,0,1,0,9
FFF,2014J,591746,0,Wales,HE Qualification,90-100%,0-35,0,120,0,Withdrawn,14,1,0,1,1,1,0,1,1,0,0,0,1,0,1,5
FFF,2014J,591946,0,Wales,A Level or Equivalent,20-Oct,0-35,1,90,0,Pass,7,1,0,0,0,1,0,1,0,1,1,1,0,0,1,3
FFF,2014J,592218,1,South West Region,A Level or Equivalent,90-100%,35-55,0,60,0,Pass,14,1,1,1,0,0,0,0,0,1,1,1,1,1,1,5
FFF,2014J,592233,0,Yorkshire Region,Lower Than A Level,60-70%,0-35,0,60,0,Withdrawn,5,0,1,0,1,1,1,0,1,0,1,1,0,1,0,9
FFF,2014J,592295,0,South Region,Lower Than A Level,90-100%,0-35,0,60,1,Pass,3,0,0,0,1,0,0,1,1,0,0,0,1,1,1,8
FFF,2014J,592558,0,North Western Region,Lower Than A Level,20-30%,0-35,0,60,0,Pass,10,0,1,0,1,1,0,1,0,0,0,1,1,0,1,1
FFF,2014J,592657,1,London Region,Lower Than A Level,20-Oct,35-55,0,120,1,Withdrawn,11,0,0,0,0,0,1,1,0,0,0,0,0,0,1,6
FFF,2014J,592939,0,Scotland,HE Qualification,0-10%,0-35,2,90,0,Pass,9,0,0,0,0,0,0,0,1,1,1,1,0,0,0,4
FFF,2014J,593136,1,West Midlands Region,A Level or Equivalent,50-60%,0-35,0,60,0,Pass,12,0,1,1,1,0,0,0,0,0,0,1,1,1,1,7
FFF,2014J,593563,0,South Region,Lower Than A Level,90-100%,35-55,1,90,0,Pass,16,1,1,0,1,0,0,0,0,0,0,1,1,1,0,10
FFF,2014J,593722,0,London Region,Lower Than A Level,20-30%,0-35,0,60,0,Fail,3,1,0,0,1,1,0,1,0,0,0,0,0,1,0,8
FFF,2014J,593796,1,East Anglian Region,Lower Than A Level,40-50%,0-35,0,60,1,Distinction,3,1,0,1,0,1,1,0,1,0,1,0,0,0,1,8
FFF,2014J,594065,0,South East Region,A Level or Equivalent,40-50%,0-35,0,60,0,Distinction,8,1,0,0,1,0,1,1,1,0,0,1,1,1,0,3
FFF,2014J,594122,0,North Region,A Level or Equivalent,20-30%,0-35,1,120,0,Pass,7,0,1,0,0,0,0,0,1,1,0,0,1,1,1,3
FFF,2014J,594229,0,South West Region,Lower Than A Level,20-Oct,35-55,0,60,0,Pass,3,1,1,1,0,1,1,1,0,1,1,1,1,0,0,8
FFF,2014J,594258,0,North Western Region,Lower Than A Level,0-10%,0-35,1,90,1,Fail,4,0,1,1,0,1,0,1,1,1,1,1,1,0,1,8
FFF,2014J,594406,0,North Western Region,HE Qualification,0-10%,0-35,1,180,0,Fail,15,1,0,1,0,1,1,1,1,1,1,1,1,1,1,10
FFF,2014J,594615,0,Wales,Lower Than A Level,80-90%,35-55,1,60,0,Fail,3,0,0,0,1,0,0,0,0,1,1,1,1,0,1,8
FFF,2014J,594636,0,South Region,Lower Than A Level,60-70%,0-35,1,120,1,Pass,15,1,1,1,1,0,1,1,1,0,1,1,0,0,0,10
FFF,2014J,595246,0,North Western Region,Lower Than A Level,20-30%,0-35,1,60,0,Withdrawn,3,0,1,0,1,0,0,1,0,1,1,1,1,0,0,8
FFF,2014J,595262,0,West Midlands Region,Lower Than A Level,0-10%,0-35,0,90,0,Withdrawn,9,0,0,0,1,0,0,0,0,0,0,1,1,1,0,4
FFF,2014J,595673,0,South Region,A Level or Equivalent,50-60%,35-55,0,120,0,Withdrawn,12,1,1,1,1,0,1,0,0,0,0,1,0,0,0,7
FFF,2014J,595676,0,London Region,Lower Than A Level,20-Oct,35-55,1,60,0,Fail,4,1,0,0,0,1,1,0,1,1,1,1,1,0,0,8
FFF,2014J,595721,0,London Region,Lower Than A Level,50-60%,0-35,0,120,0,Pass,2,1,0,0,0,1,1,0,0,1,0,1,0,0,0,2
FFF,2014J,595943,0,South Region,A Level or Equivalent,90-100%,0-35,0,60,0,Pass,7,0,0,0,0,1,1,1,0,1,1,1,1,0,0,3
FFF,2014J,596052,0,South East Region,Lower Than A Level,20-30%,0-35,0,120,1,Withdrawn,4,1,0,1,0,1,0,1,1,1,1,0,1,0,0,8
FFF,2014J,596203,1,North Region,Lower Than A Level,0-10%,35-55,0,90,0,Withdrawn,5,1,1,0,0,0,1,0,1,0,0,0,1,0,0,9
FFF,2014J,596243,0,East Anglian Region,Lower Than A Level,20-Oct,0-35,1,60,1,Pass,8,1,0,1,0,1,1,0,1,0,1,1,0,0,1,3
FFF,2014J,596245,0,South East Region,A Level or Equivalent,0-10%,0-35,0,120,0,Withdrawn,11,1,0,1,1,1,1,0,1,1,1,0,1,0,0,6
FFF,2014J,596253,0,East Anglian Region,Lower Than A Level,70-80%,0-35,0,60,0,Pass,11,0,0,0,1,1,1,0,0,0,0,0,1,1,0,6
FFF,2014J,596464,0,Scotland,Lower Than A Level,0-10%,0-35,0,90,0,Withdrawn,10,1,1,0,1,0,0,0,0,1,0,0,0,1,0,1
FFF,2014J,596693,0,West Midlands Region,Lower Than A Level,0-10%,0-35,1,120,0,Withdrawn,12,1,1,0,0,1,0,1,0,0,0,0,0,0,0,7
FFF,2014J,596758,0,East Midlands Region,Lower Than A Level,30-40%,0-35,0,60,0,Pass,14,1,1,0,0,0,1,0,1,0,1,0,0,1,1,5
FFF,2014J,596805,0,Scotland,HE Qualification,,0-35,2,60,0,Withdrawn,3,1,1,1,1,0,1,1,0,1,0,0,0,0,1,8
FFF,2014J,597391,0,South East Region,A Level or Equivalent,90-100%,0-35,0,120,0,Withdrawn,11,0,1,1,1,0,1,0,1,1,0,1,1,0,1,6
FFF,2014J,597740,0,South West Region,Lower Than A Level,80-90%,0-35,0,60,0,Pass,15,0,0,1,0,0,1,0,1,0,1,0,1,1,1,10
FFF,2014J,597937,0,South Region,Lower Than A Level,50-60%,0-35,0,60,0,Fail,13,1,1,0,1,0,0,0,1,0,0,1,1,1,1,5
FFF,2014J,598308,0,Ireland,Post Graduate Qualification,,0-35,1,90,0,Pass,5,1,0,1,1,1,0,1,1,0,1,0,0,0,1,9
FFF,2014J,598442,0,North Western Region,A Level or Equivalent,30-40%,0-35,0,120,0,Withdrawn,14,1,1,1,1,0,0,0,0,1,0,1,1,0,0,5
FFF,2014J,598540,0,North Western Region,Lower Than A Level,80-90%,35-55,0,90,0,Pass,9,0,1,1,0,0,0,0,1,1,0,0,0,0,1,4
FFF,2014J,598559,0,Yorkshire Region,A Level or Equivalent,30-40%,0-35,0,60,1,Pass,8,1,1,0,1,0,0,0,1,1,0,1,1,0,0,3
FFF,2014J,598582,0,Scotland,A Level or Equivalent,0-10%,0-35,0,60,0,Withdrawn,16,0,0,0,1,0,1,0,0,0,1,1,0,0,1,10
FFF,2014J,598757,0,South Region,A Level or Equivalent,90-100%,35-55,1,90,0,Fail,16,0,0,1,1,1,1,0,0,1,1,1,0,0,1,10
FFF,2014J,598939,0,London Region,Lower Than A Level,40-50%,35-55,0,120,0,Withdrawn,4,0,0,0,1,0,1,1,1,0,0,0,0,1,0,8
FFF,2014J,599007,0,South East Region,A Level or Equivalent,80-90%,0-35,0,90,0,Withdrawn,3,0,1,0,0,0,0,0,0,1,0,0,0,1,0,8
FFF,2014J,599297,0,Yorkshire Region,A Level or Equivalent,20-Oct,0-35,1,120,0,Fail,16,0,0,1,1,1,1,1,0,1,1,0,0,1,0,10
FFF,2014J,599865,0,South East Region,A Level or Equivalent,30-40%,35-55,0,60,0,Fail,12,1,1,1,1,0,0,0,0,1,1,1,1,0,0,7
FFF,2014J,600071,0,North Region,Post Graduate Qualification,,35-55,0,60,0,Pass,4,0,1,1,0,1,1,0,1,0,1,0,0,1,0,8
FFF,2014J,600405,0,Wales,Lower Than A Level,90-100%,0-35,1,120,0,Fail,11,0,0,0,0,0,0,1,1,1,0,1,1,1,1,6
FFF,2014J,600615,0,South West Region,Lower Than A Level,0-10%,0-35,1,60,0,Withdrawn,7,1,1,0,1,0,0,0,1,1,0,0,1,1,1,3
FFF,2014J,600773,0,London Region,Lower Than A Level,30-40%,0-35,0,60,0,Withdrawn,1,0,1,0,1,0,0,0,0,1,1,1,0,0,0,2
FFF,2014J,600893,1,Yorkshire Region,Lower Than A Level,0-10%,0-35,1,180,0,Fail,1,0,0,1,1,0,1,0,1,0,1,1,0,0,1,2
FFF,2014J,601008,0,Wales,Lower Than A Level,50-60%,0-35,1,180,0,Pass,16,0,1,0,1,0,0,0,0,0,1,1,0,1,0,10
FFF,2014J,601180,0,Scotland,HE Qualification,70-80%,35-55,1,60,0,Fail,14,1,1,1,1,0,0,1,1,0,1,0,0,0,1,5
FFF,2014J,601235,0,East Anglian Region,Lower Than A Level,80-90%,0-35,0,120,0,Pass,11,1,0,0,1,1,0,0,0,1,1,0,0,1,0,6
FFF,2014J,601271,0,South West Region,Lower Than A Level,40-50%,0-35,1,60,1,Fail,9,1,0,1,1,1,1,1,1,0,0,1,1,1,1,4
FFF,2014J,601680,0,London Region,A Level or Equivalent,0-10%,0-35,0,60,0,Withdrawn,3,1,1,0,1,1,0,0,1,1,0,1,0,0,1,8
FFF,2014J,601820,0,North Region,HE Qualification,,0-35,0,120,0,Pass,8,0,0,1,1,0,1,1,1,1,1,1,1,1,1,3
FFF,2014J,602502,0,Scotland,A Level or Equivalent,70-80%,0-35,1,120,1,Fail,9,1,0,0,0,0,1,1,1,0,1,0,0,1,0,4
FFF,2014J,602594,0,South Region,Lower Than A Level,60-70%,0-35,0,60,0,Pass,4,0,1,0,1,1,1,1,1,1,1,0,1,0,1,8
FFF,2014J,603423,0,North Region,A Level or Equivalent,0-10%,35-55,1,60,0,Fail,8,0,1,1,0,0,1,0,1,0,0,1,1,0,0,3
FFF,2014J,603648,0,Scotland,HE Qualification,90-100%,0-35,0,60,0,Pass,14,0,0,1,1,0,1,1,1,1,0,1,1,1,0,5
FFF,2014J,603931,0,North Region,Lower Than A Level,20-Oct,0-35,1,60,0,Withdrawn,9,0,0,1,1,0,0,0,1,0,0,1,0,0,1,4
FFF,2014J,604142,0,West Midlands Region,Lower Than A Level,0-10%,0-35,1,120,0,Withdrawn,5,0,0,1,0,1,1,1,0,0,0,1,0,1,1,9
FFF,2014J,604567,0,Scotland,HE Qualification,60-70%,35-55,0,60,0,Pass,5,1,0,0,0,1,1,0,1,1,1,1,0,1,0,9
FFF,2014J,604614,0,London Region,A Level or Equivalent,30-40%,0-35,1,120,0,Pass,3,0,1,0,0,0,0,1,0,1,0,1,0,1,1,8
FFF,2014J,604652,1,East Midlands Region,Lower Than A Level,40-50%,35-55,0,300,0,Withdrawn,13,0,1,1,0,0,0,1,0,0,0,1,1,0,1,5
FFF,2014J,604907,0,North Western Region,Lower Than A Level,20-30%,0-35,0,60,0,Fail,10,1,1,1,0,0,1,1,0,0,1,1,0,0,1,1
FFF,2014J,605091,0,South East Region,No Formal quals,20-30%,0-35,1,60,0,Fail,14,1,0,0,1,1,1,1,1,1,0,1,1,1,0,5
FFF,2014J,605180,0,North Region,A Level or Equivalent,20-Oct,0-35,0,60,0,Pass,1,1,0,0,1,1,0,1,0,1,0,0,0,1,0,2
FFF,2014J,605228,1,London Region,Lower Than A Level,70-80%,0-35,2,120,0,Fail,3,0,1,1,1,0,1,1,0,1,0,1,0,1,0,8
FFF,2014J,605394,0,North Western Region,A Level or Equivalent,80-90%,0-35,1,90,0,Fail,16,1,0,0,0,1,0,1,0,0,0,1,0,0,0,10
FFF,2014J,605682,0,North Region,A Level or Equivalent,70-80%,0-35,0,60,0,Pass,1,0,0,1,1,1,1,1,0,0,1,0,1,1,0,2
FFF,2014J,606257,1,North Region,HE Qualification,,0-35,0,120,0,Pass,14,0,1,1,1,0,0,1,0,1,1,0,0,1,1,5
FFF,2014J,606293,1,Scotland,HE Qualification,70-80%,35-55,0,120,0,Withdrawn,2,1,1,0,0,0,1,1,0,1,1,1,0,0,1,2
FFF,2014J,606428,0,North Region,A Level or Equivalent,20-Oct,0-35,1,60,0,Withdrawn,1,1,1,1,0,0,1,0,0,1,1,0,1,1,1,2
FFF,2014J,606805,0,London Region,A Level or Equivalent,40-50%,0-35,1,90,0,Withdrawn,10,0,1,0,1,0,1,0,1,0,1,0,0,0,1,1
FFF,2014J,606904,1,South Region,A Level or Equivalent,80-90%,0-35,1,90,0,Fail,8,1,1,1,1,1,0,1,0,0,0,1,1,1,1,3
FFF,2014J,607243,0,London Region,Lower Than A Level,20-30%,0-35,0,60,1,Pass,10,1,0,0,1,0,0,0,0,1,1,0,1,1,0,1
FFF,2014J,607303,1,West Midlands Region,Lower Than A Level,60-70%,35-55,0,60,0,Pass,14,1,1,1,1,1,0,1,0,0,1,1,1,1,1,5
FFF,2014J,607501,0,London Region,A Level or Equivalent,50-60%,0-35,0,60,0,Pass,16,0,0,0,0,0,0,0,1,0,0,0,0,0,0,10
FFF,2014J,607533,1,South West Region,Lower Than A Level,20-Oct,0-35,1,90,0,Withdrawn,13,0,1,1,0,1,0,1,1,1,1,0,0,0,1,5
FFF,2014J,607679,0,Wales,A Level or Equivalent,20-Oct,0-35,0,90,0,Pass,3,0,1,1,1,1,1,0,0,1,1,1,1,0,1,8
FFF,2014J,607700,0,Ireland,A Level or Equivalent,,35-55,0,90,0,Pass,5,1,1,1,0,1,0,1,0,1,0,1,0,1,0,9
FFF,2014J,607733,1,London Region,A Level or Equivalent,60-70%,0-35,0,90,0,Withdrawn,9,0,1,0,0,0,1,0,1,0,0,1,1,1,1,4
FFF,2014J,607866,0,South Region,Lower Than A Level,40-50%,0-35,1,60,1,Pass,4,1,1,0,0,1,0,0,1,1,1,1,1,0,1,8
FFF,2014J,608248,0,Yorkshire Region,A Level or Equivalent,80-90%,0-35,1,90,0,Fail,1,0,0,1,0,1,0,1,1,0,1,1,0,1,1,2
FFF,2014J,609142,1,East Anglian Region,A Level or Equivalent,70-80%,35-55,0,60,0,Distinction,10,0,0,0,1,0,0,1,0,1,0,0,1,0,1,1
FFF,2014J,609240,0,West Midlands Region,HE Qualification,30-40%,35-55,0,60,0,Pass,5,0,1,1,0,1,0,1,1,1,1,0,0,1,0,9
FFF,2014J,611465,0,Yorkshire Region,Lower Than A Level,70-80%,0-35,1,120,0,Withdrawn,3,1,0,0,0,0,1,1,1,1,0,0,1,0,1,8
FFF,2014J,611603,0,West Midlands Region,A Level or Equivalent,0-10%,0-35,0,60,0,Pass,8,0,1,0,1,1,0,1,0,0,1,0,1,0,0,3
FFF,2014J,612763,0,London Region,Lower Than A Level,30-40%,35-55,0,60,0,Withdrawn,14,1,0,0,1,0,0,1,0,0,0,1,1,0,1,5
FFF,2014J,612842,1,East Midlands Region,A Level or Equivalent,70-80%,35-55,0,60,0,Pass,5,0,1,1,1,1,1,0,1,1,0,1,0,0,0,9
FFF,2014J,613165,1,Yorkshire Region,A Level or Equivalent,20-30%,0-35,0,120,0,Pass,5,1,1,1,0,1,0,1,0,0,0,0,0,0,1,9
FFF,2014J,613330,1,London Region,Lower Than A Level,20-Oct,35-55,0,60,0,Pass,7,0,1,1,1,0,0,1,0,0,0,1,1,1,0,3
FFF,2014J,613634,0,South Region,Lower Than A Level,60-70%,0-35,0,60,1,Pass,8,0,0,1,0,1,1,0,0,0,0,1,1,1,1,3
FFF,2014J,613899,0,North Region,Lower Than A Level,,35-55,0,120,0,Distinction,11,1,1,0,1,0,1,0,1,1,0,0,0,0,0,6
FFF,2014J,613966,0,Scotland,A Level or Equivalent,20-30%,0-35,0,60,0,Fail,6,0,0,0,1,0,1,1,1,1,0,1,1,0,1,9
FFF,2014J,614059,0,South Region,HE Qualification,90-100%,35-55,1,60,1,Pass,10,0,1,1,1,1,1,0,1,0,0,1,0,0,1,1
FFF,2014J,614984,0,South West Region,Lower Than A Level,0-10%,35-55,1,60,0,Pass,16,1,0,0,0,1,1,1,0,0,0,1,0,1,0,10
FFF,2014J,615266,1,South Region,A Level or Equivalent,30-40%,0-35,0,120,0,Distinction,2,0,1,0,1,1,1,0,0,1,1,1,1,1,0,2
FFF,2014J,615299,1,Wales,A Level or Equivalent,40-50%,0-35,0,60,0,Distinction,13,0,1,1,1,0,1,1,1,0,1,0,1,1,1,5
FFF,2014J,615301,1,Wales,A Level or Equivalent,0-10%,0-35,0,60,0,Pass,4,0,0,0,1,1,0,1,0,0,1,1,1,0,1,8
FFF,2014J,615302,0,Wales,A Level or Equivalent,20-Oct,0-35,0,60,0,Pass,5,0,1,1,1,0,1,1,0,0,1,1,1,0,0,9
FFF,2014J,615306,0,Wales,Lower Than A Level,30-40%,35-55,0,60,0,Pass,14,0,0,0,0,0,0,1,1,1,0,1,0,1,0,5
FFF,2014J,615328,1,Wales,A Level or Equivalent,20-Oct,0-35,0,60,0,Withdrawn,14,1,0,0,0,1,1,0,1,0,1,1,0,0,1,5
FFF,2014J,615340,1,Wales,A Level or Equivalent,20-Oct,0-35,0,60,0,Pass,13,0,1,1,0,1,0,0,1,0,1,0,1,0,0,5
FFF,2014J,615342,1,Wales,A Level or Equivalent,30-40%,0-35,0,60,0,Pass,8,0,1,1,0,0,1,0,1,1,1,0,0,0,1,3
FFF,2014J,615356,1,Wales,A Level or Equivalent,90-100%,0-35,0,60,0,Pass,14,0,1,1,1,1,1,0,1,1,1,0,1,1,1,5
FFF,2014J,616517,0,London Region,A Level or Equivalent,90-100%,0-35,1,120,0,Distinction,5,0,1,0,1,0,1,0,1,1,1,0,1,1,0,9
FFF,2014J,616912,0,North Western Region,Lower Than A Level,20-30%,0-35,0,60,0,Distinction,3,1,0,1,0,0,1,1,1,0,0,1,1,1,0,8
FFF,2014J,617010,1,North Western Region,A Level or Equivalent,0-10%,0-35,1,60,0,Pass,2,1,1,1,1,1,0,0,0,0,0,1,1,1,0,2
FFF,2014J,617119,1,Wales,A Level or Equivalent,80-90%,35-55,0,60,0,Pass,4,1,0,0,0,1,0,1,0,0,0,0,0,0,1,8
FFF,2014J,617130,0,Ireland,A Level or Equivalent,90-100%,0-35,1,120,0,Withdrawn,11,0,0,0,0,0,0,1,1,1,0,1,1,0,1,6
FFF,2014J,617150,0,South East Region,Lower Than A Level,20-30%,0-35,0,90,0,Withdrawn,6,0,0,0,0,0,0,1,0,0,0,0,1,0,1,9
FFF,2014J,617332,0,Wales,A Level or Equivalent,40-50%,0-35,1,120,0,Fail,3,0,1,1,0,1,0,1,1,0,0,1,0,1,1,8
FFF,2014J,617436,0,East Anglian Region,Lower Than A Level,30-40%,0-35,0,90,0,Withdrawn,15,0,0,0,0,0,1,1,0,1,0,1,0,0,0,10
FFF,2014J,617580,1,South Region,Lower Than A Level,40-50%,0-35,0,60,1,Pass,5,1,1,1,0,1,0,1,0,1,1,1,1,1,0,9
FFF,2014J,617783,0,East Midlands Region,HE Qualification,20-Oct,0-35,0,60,0,Fail,8,0,1,1,0,1,1,0,1,1,1,1,1,1,1,3
FFF,2014J,617922,0,Scotland,A Level or Equivalent,0-10%,35-55,0,60,0,Pass,9,1,0,0,1,1,0,1,1,1,1,0,1,0,0,4
FFF,2014J,618252,0,Yorkshire Region,A Level or Equivalent,0-10%,35-55,0,90,0,Withdrawn,10,0,1,0,1,1,0,0,1,1,1,1,0,1,0,1
FFF,2014J,618663,1,West Midlands Region,A Level or Equivalent,20-30%,0-35,0,60,0,Pass,15,1,1,0,1,0,1,0,1,1,1,0,0,1,1,10
FFF,2014J,619204,1,South Region,Lower Than A Level,60-70%,0-35,1,90,0,Pass,12,1,1,1,1,1,0,1,0,0,0,0,1,0,0,7
FFF,2014J,619292,0,North Region,A Level or Equivalent,,35-55,0,60,0,Distinction,8,1,0,0,0,1,0,1,1,1,1,0,0,1,1,3
FFF,2014J,619321,0,West Midlands Region,Lower Than A Level,60-70%,0-35,0,60,0,Pass,14,1,1,1,0,0,0,0,0,0,0,0,1,1,1,5
FFF,2014J,619502,0,Scotland,HE Qualification,20-Oct,0-35,1,60,0,Pass,13,1,0,0,1,0,1,1,0,0,1,1,0,1,1,5
FFF,2014J,619863,1,South East Region,HE Qualification,90-100%,0-35,0,120,0,Withdrawn,7,0,1,0,0,1,0,0,1,0,1,1,0,1,1,3
FFF,2014J,619887,0,East Midlands Region,Lower Than A Level,50-60%,0-35,1,120,0,Withdrawn,9,0,0,0,1,0,1,0,0,1,1,1,0,0,0,4
FFF,2014J,620094,1,London Region,HE Qualification,90-100%,35-55,0,90,0,Distinction,5,1,1,1,0,1,1,1,0,1,0,0,1,0,0,9
FFF,2014J,620112,0,South East Region,Lower Than A Level,60-70%,0-35,1,60,0,Withdrawn,3,0,0,1,0,0,1,1,0,1,0,1,1,0,1,8
FFF,2014J,620269,0,East Midlands Region,A Level or Equivalent,70-80%,0-35,0,60,1,Pass,13,1,1,1,1,1,1,0,0,0,0,1,0,0,1,5
FFF,2014J,620349,0,South East Region,A Level or Equivalent,50-60%,0-35,0,60,0,Withdrawn,16,1,0,0,1,0,1,1,1,0,1,1,1,0,1,10
FFF,2014J,620431,0,South Region,A Level or Equivalent,30-40%,0-35,1,60,0,Pass,11,1,0,1,0,0,0,1,1,0,0,1,0,0,1,6
FFF,2014J,620740,0,South East Region,A Level or Equivalent,90-100%,35-55,0,60,0,Pass,11,1,0,1,0,0,0,0,0,0,0,0,1,0,1,6
FFF,2014J,620750,1,South East Region,Lower Than A Level,30-40%,0-35,1,60,0,Withdrawn,11,1,1,1,1,1,1,1,0,1,1,1,1,0,1,6
FFF,2014J,620810,0,London Region,A Level or Equivalent,40-50%,35-55,0,60,0,Pass,10,0,1,1,0,1,0,1,1,0,0,0,1,0,1,1
FFF,2014J,620824,0,London Region,A Level or Equivalent,0-10%,0-35,1,90,0,Fail,13,1,1,0,1,1,1,1,0,0,0,1,0,0,1,5
FFF,2014J,621307,0,London Region,No Formal quals,20-30%,0-35,1,120,0,Withdrawn,4,1,1,1,1,0,0,0,1,0,0,0,1,0,0,8
FFF,2014J,622029,0,West Midlands Region,Lower Than A Level,50-60%,35-55,0,120,0,Withdrawn,14,0,1,0,1,1,0,1,1,1,0,1,1,1,1,5
FFF,2014J,622275,0,South East Region,Lower Than A Level,20-Oct,0-35,0,60,0,Withdrawn,4,0,0,1,1,0,1,0,1,1,0,0,1,0,0,8
FFF,2014J,622362,0,North Western Region,Lower Than A Level,0-10%,0-35,0,60,0,Withdrawn,1,1,0,1,0,0,0,1,0,1,0,0,0,0,1,2
FFF,2014J,622481,0,North Western Region,Lower Than A Level,70-80%,0-35,0,60,0,Distinction,5,1,0,0,1,1,0,0,0,0,0,1,1,0,0,9
FFF,2014J,622760,0,Yorkshire Region,A Level or Equivalent,80-90%,0-35,0,60,0,Distinction,1,0,0,1,1,1,0,0,0,0,1,1,0,0,1,2
FFF,2014J,622899,0,London Region,Post Graduate Qualification,30-40%,35-55,1,90,0,Withdrawn,3,0,1,0,1,0,1,1,1,1,1,1,1,0,0,8
FFF,2014J,622910,0,Ireland,Lower Than A Level,30-40%,35-55,0,60,0,Withdrawn,10,1,1,0,1,1,1,1,1,1,0,0,0,1,0,1
FFF,2014J,622934,0,Wales,Lower Than A Level,70-80%,35-55,0,60,0,Pass,9,0,0,1,0,1,1,1,1,1,0,1,0,1,1,4
FFF,2014J,622967,0,Scotland,Lower Than A Level,0-10%,35-55,0,90,0,Fail,4,1,0,1,0,1,0,0,1,0,0,1,1,1,0,8
FFF,2014J,623166,0,North Western Region,A Level or Equivalent,30-40%,35-55,0,120,1,Withdrawn,6,1,0,1,1,1,1,0,1,1,0,0,1,0,0,9
FFF,2014J,623230,0,Scotland,A Level or Equivalent,50-60%,0-35,0,60,0,Withdrawn,11,1,1,0,1,0,0,1,0,1,0,1,0,1,0,6
FFF,2014J,623471,0,Ireland,Lower Than A Level,40-50%,0-35,0,60,0,Pass,2,0,1,0,1,0,1,0,1,1,1,1,0,1,0,2
FFF,2014J,623589,1,Yorkshire Region,A Level or Equivalent,20-30%,0-35,0,60,0,Distinction,12,0,0,0,1,1,0,1,0,1,1,0,1,1,1,7
FFF,2014J,623763,0,South East Region,Lower Than A Level,40-50%,0-35,0,60,0,Withdrawn,1,0,1,0,1,1,0,1,0,1,1,0,1,1,1,2
FFF,2014J,623765,1,North Western Region,A Level or Equivalent,50-60%,0-35,0,60,0,Pass,12,1,1,0,0,1,0,0,0,0,1,1,1,0,1,7
FFF,2014J,623917,0,South Region,Lower Than A Level,30-40%,35-55,1,90,0,Withdrawn,16,1,0,0,0,0,1,0,0,0,1,1,0,0,1,10
FFF,2014J,623945,0,West Midlands Region,HE Qualification,20-Oct,0-35,1,60,0,Withdrawn,14,0,0,0,0,1,1,0,0,1,1,0,1,1,1,5
FFF,2014J,623955,0,South Region,A Level or Equivalent,70-80%,0-35,0,120,0,Fail,9,0,0,0,0,0,0,0,1,0,0,0,0,0,1,4
FFF,2014J,624282,0,London Region,HE Qualification,20-30%,35-55,0,60,0,Distinction,2,1,1,0,0,0,0,1,0,1,0,1,0,0,1,2
FFF,2014J,624740,0,West Midlands Region,Lower Than A Level,50-60%,0-35,0,90,0,Withdrawn,1,0,1,1,1,0,0,1,1,0,1,0,1,0,1,2
FFF,2014J,624864,0,Ireland,A Level or Equivalent,30-40%,0-35,0,120,0,Distinction,16,1,0,1,0,1,0,1,0,1,0,0,1,0,0,10
FFF,2014J,624970,1,Scotland,HE Qualification,70-80%,0-35,1,60,0,Pass,13,0,0,1,1,0,1,1,1,0,1,1,1,0,0,5
FFF,2014J,625245,0,South East Region,A Level or Equivalent,0-10%,35-55,0,60,0,Pass,8,1,0,0,1,1,0,1,1,0,1,1,1,0,1,3
FFF,2014J,625330,0,Scotland,A Level or Equivalent,50-60%,35-55,0,60,0,Withdrawn,5,0,0,0,1,0,0,1,1,1,0,1,0,1,1,9
FFF,2014J,625515,0,South East Region,Lower Than A Level,60-70%,0-35,0,60,0,Pass,12,1,1,1,1,0,0,0,0,0,0,1,0,0,1,7
FFF,2014J,625609,0,North Western Region,Lower Than A Level,30-40%,0-35,1,60,0,Fail,1,0,0,1,1,1,1,1,0,1,0,1,1,1,1,2
FFF,2014J,625743,0,South Region,A Level or Equivalent,50-60%,0-35,0,90,0,Pass,14,0,0,1,0,1,0,0,0,1,1,0,1,1,0,5
FFF,2014J,625802,0,South West Region,Lower Than A Level,0-10%,0-35,0,120,0,Fail,3,1,0,1,1,1,0,0,1,1,0,0,0,1,0,8
FFF,2014J,625838,0,East Anglian Region,A Level or Equivalent,40-50%,0-35,0,60,0,Pass,5,0,0,1,1,1,0,0,0,0,1,1,0,0,1,9
FFF,2014J,626033,0,Ireland,A Level or Equivalent,,0-35,0,150,0,Distinction,10,1,1,0,1,1,1,0,1,0,1,1,1,0,1,1
FFF,2014J,626349,0,Scotland,A Level or Equivalent,30-40%,0-35,1,60,0,Fail,11,0,1,1,1,0,1,1,1,0,1,0,1,1,1,6
FFF,2014J,626416,1,South Region,A Level or Equivalent,40-50%,0-35,0,60,1,Distinction,2,0,1,1,0,1,0,0,0,1,0,0,0,0,1,2
FFF,2014J,626454,1,London Region,A Level or Equivalent,60-70%,0-35,0,60,0,Pass,1,1,0,1,1,0,1,1,1,1,0,1,1,1,0,2
FFF,2014J,626477,1,East Midlands Region,Lower Than A Level,40-50%,0-35,0,180,0,Pass,6,1,1,1,0,1,1,1,0,0,1,0,0,1,0,9
FFF,2014J,626514,0,East Anglian Region,HE Qualification,90-100%,35-55,0,60,0,Pass,4,0,0,0,0,0,0,1,0,1,1,0,1,1,1,8
FFF,2014J,626539,0,South Region,Lower Than A Level,20-30%,0-35,1,60,0,Withdrawn,16,0,1,0,0,0,0,0,1,0,1,0,0,0,0,10
FFF,2014J,626552,1,East Midlands Region,A Level or Equivalent,40-50%,0-35,0,300,0,Pass,1,1,0,0,1,0,1,1,0,0,1,0,1,0,1,2
FFF,2014J,626579,1,West Midlands Region,A Level or Equivalent,20-Oct,0-35,0,120,0,Fail,9,0,0,0,1,0,0,1,1,0,0,1,0,1,1,4
FFF,2014J,627238,0,Scotland,Lower Than A Level,40-50%,0-35,1,90,0,Withdrawn,16,0,1,1,0,0,1,1,1,0,1,1,1,0,1,10
FFF,2014J,627365,1,South East Region,Lower Than A Level,70-80%,35-55,0,60,0,Distinction,3,1,1,1,0,0,1,0,0,0,0,0,0,1,0,8
FFF,2014J,627379,0,London Region,Lower Than A Level,30-40%,0-35,1,90,0,Withdrawn,9,1,1,0,1,1,1,0,0,0,1,1,0,0,1,4
FFF,2014J,627443,0,London Region,Lower Than A Level,0-10%,0-35,0,120,0,Withdrawn,1,0,0,0,0,1,0,1,0,0,0,1,1,0,0,2
FFF,2014J,627829,0,London Region,Lower Than A Level,30-40%,35-55,1,150,0,Pass,6,0,0,1,1,1,1,0,0,1,0,0,1,0,0,9
FFF,2014J,627840,0,North Western Region,A Level or Equivalent,70-80%,35-55,1,60,0,Withdrawn,3,1,1,0,0,1,1,0,1,0,0,1,1,0,1,8
FFF,2014J,628054,0,East Midlands Region,Lower Than A Level,40-50%,35-55,0,150,0,Withdrawn,3,1,1,1,0,1,0,1,0,1,0,0,1,0,0,8
FFF,2014J,628149,0,Ireland,Lower Than A Level,0-10%,0-35,0,90,0,Pass,4,1,1,1,0,0,0,0,0,1,1,0,1,0,1,8
FFF,2014J,628157,1,North Western Region,A Level or Equivalent,20-Oct,0-35,0,90,0,Pass,14,1,0,0,0,1,1,1,1,0,1,0,1,0,1,5
FFF,2014J,628308,0,South West Region,Lower Than A Level,20-30%,0-35,0,60,1,Withdrawn,5,0,1,0,0,1,0,0,0,0,1,1,1,1,1,9
FFF,2014J,628363,0,South East Region,Lower Than A Level,60-70%,0-35,0,60,0,Fail,5,0,0,1,1,0,1,1,1,0,0,0,0,1,1,9
FFF,2014J,628383,0,London Region,HE Qualification,20-30%,0-35,0,90,0,Pass,4,0,1,0,0,0,0,1,0,0,0,0,0,1,0,8
FFF,2014J,628521,0,West Midlands Region,Lower Than A Level,30-40%,0-35,0,120,0,Pass,16,1,0,0,0,1,1,0,1,1,0,0,0,1,1,10
FFF,2014J,628888,0,East Midlands Region,Lower Than A Level,20-30%,35-55,0,60,0,Pass,10,0,0,1,0,1,0,1,0,0,1,0,0,0,1,1
FFF,2014J,628964,0,London Region,A Level or Equivalent,30-40%,35-55,0,60,0,Distinction,14,1,1,1,1,0,0,0,1,1,0,1,0,1,0,5
FFF,2014J,629029,0,West Midlands Region,Lower Than A Level,0-10%,35-55,0,60,0,Fail,5,1,0,1,0,1,0,1,1,0,1,1,1,0,0,9
FFF,2014J,629182,0,East Anglian Region,A Level or Equivalent,60-70%,35-55,1,60,0,Fail,6,1,0,0,0,1,1,1,0,0,1,1,1,1,1,9
FFF,2014J,629394,0,Scotland,A Level or Equivalent,20-30%,0-35,1,60,0,Withdrawn,11,1,0,1,0,0,1,1,0,0,0,1,0,0,1,6
FFF,2014J,629491,0,London Region,Lower Than A Level,0-10%,35-55,0,90,0,Pass,14,1,1,0,1,0,1,1,0,0,0,0,1,0,1,5
FFF,2014J,629522,0,South Region,Lower Than A Level,90-100%,35-55,1,60,0,Withdrawn,4,0,0,1,1,0,1,1,0,0,1,0,0,1,0,8
FFF,2014J,629594,0,East Midlands Region,Lower Than A Level,20-30%,0-35,0,60,0,Fail,1,1,1,1,0,1,1,0,1,0,0,1,1,0,1,2
FFF,2014J,629686,0,Wales,Lower Than A Level,50-60%,0-35,0,120,0,Withdrawn,9,0,0,1,0,1,1,1,1,0,1,0,1,0,0,4
FFF,2014J,629818,0,Wales,A Level or Equivalent,0-10%,35-55,1,90,0,Distinction,4,0,0,1,1,1,0,0,0,1,0,0,0,0,0,8
FFF,2014J,629907,1,North Western Region,Lower Than A Level,20-Oct,35-55,0,120,0,Withdrawn,15,1,1,1,1,1,1,0,1,0,1,0,1,1,0,10
FFF,2014J,629922,1,London Region,HE Qualification,20-30%,0-35,0,60,0,Pass,16,1,1,0,0,0,0,1,1,0,1,0,0,0,0,10
FFF,2014J,629944,0,North Western Region,A Level or Equivalent,30-40%,0-35,0,60,0,Distinction,1,0,0,0,1,0,1,0,1,1,0,0,1,1,0,2
FFF,2014J,630024,0,West Midlands Region,A Level or Equivalent,30-40%,0-35,0,120,0,Withdrawn,2,0,1,0,0,0,0,1,0,1,0,1,1,0,0,2
FFF,2014J,630109,0,London Region,A Level or Equivalent,20-Oct,0-35,1,60,0,Pass,11,0,1,0,0,1,0,0,0,0,1,1,1,1,0,6
FFF,2014J,630158,0,North Western Region,Lower Than A Level,30-40%,0-35,0,60,0,Pass,12,0,0,0,1,1,0,1,1,1,1,1,0,1,1,7
FFF,2014J,630168,0,South East Region,A Level or Equivalent,20-30%,0-35,1,60,1,Withdrawn,5,0,0,0,1,1,0,1,1,1,0,1,1,0,0,9
FFF,2014J,630186,0,East Midlands Region,A Level or Equivalent,90-100%,0-35,0,120,0,Withdrawn,13,1,0,1,1,1,1,1,1,1,1,0,1,1,1,5
FFF,2014J,630289,1,Scotland,HE Qualification,50-60%,35-55,0,150,1,Withdrawn,6,0,1,1,1,1,0,0,1,0,0,0,0,1,1,9
FFF,2014J,630358,0,North Western Region,Lower Than A Level,0-10%,35-55,0,60,0,Withdrawn,9,0,1,1,0,1,0,1,0,1,1,0,1,1,0,4
FFF,2014J,630510,0,South East Region,A Level or Equivalent,20-30%,0-35,0,240,0,Withdrawn,16,0,1,0,1,0,0,0,1,0,0,0,0,0,1,10
FFF,2014J,630745,0,London Region,Lower Than A Level,40-50%,0-35,0,120,0,Withdrawn,11,0,0,0,0,0,0,0,0,1,1,0,1,0,0,6
FFF,2014J,630835,1,South Region,A Level or Equivalent,90-100%,0-35,0,60,0,Distinction,5,1,0,1,1,1,1,0,1,1,1,0,1,0,0,9
FFF,2014J,630905,0,Wales,HE Qualification,50-60%,0-35,0,120,0,Distinction,10,0,0,0,0,1,0,0,0,1,0,0,0,0,1,1
FFF,2014J,630910,0,South West Region,A Level or Equivalent,20-30%,35-55,0,60,0,Pass,15,1,0,0,1,0,0,0,1,1,0,0,1,0,0,10
FFF,2014J,630992,1,East Midlands Region,A Level or Equivalent,80-90%,0-35,1,60,0,Fail,11,0,1,1,0,0,1,1,0,0,1,1,0,1,0,6
FFF,2014J,631075,0,Scotland,A Level or Equivalent,80-90%,0-35,1,90,0,Fail,15,1,0,1,0,0,1,0,1,1,0,0,1,1,1,10
FFF,2014J,631193,0,East Midlands Region,Lower Than A Level,30-40%,0-35,0,120,1,Withdrawn,7,0,1,1,1,1,0,0,1,0,1,0,1,0,0,3
FFF,2014J,631438,0,North Western Region,Lower Than A Level,20-30%,0-35,0,60,0,Fail,2,0,0,1,1,0,1,0,1,0,1,0,1,1,1,2
FFF,2014J,631524,0,South West Region,A Level or Equivalent,20-30%,0-35,1,60,1,Fail,1,1,0,1,0,1,1,1,1,0,1,1,0,0,0,2
FFF,2014J,631658,0,East Anglian Region,Lower Than A Level,90-100%,35-55,0,60,0,Distinction,2,1,0,0,1,1,0,0,0,0,0,1,1,0,0,2
FFF,2014J,631681,1,North Region,Lower Than A Level,20-Oct,0-35,0,90,0,Pass,10,0,0,1,0,0,0,0,0,1,0,1,0,0,1,1
FFF,2014J,631715,0,South Region,HE Qualification,50-60%,35-55,0,90,0,Distinction,14,0,0,0,0,1,1,0,1,0,0,1,1,1,1,5
FFF,2014J,631740,1,Wales,Lower Than A Level,0-10%,0-35,0,60,1,Pass,9,1,0,1,0,1,1,1,0,0,1,0,1,0,1,4
FFF,2014J,631750,0,South East Region,Lower Than A Level,30-40%,0-35,0,120,0,Withdrawn,1,0,0,0,0,0,0,0,1,1,1,1,0,0,0,2
FFF,2014J,631772,0,Scotland,Lower Than A Level,90-100%,35-55,0,120,0,Withdrawn,12,0,1,0,1,1,1,1,1,0,0,1,1,1,1,7
FFF,2014J,631837,0,Scotland,HE Qualification,60-70%,35-55,0,90,0,Distinction,3,1,0,0,1,0,0,0,1,0,0,1,0,0,0,8
FFF,2014J,631924,1,North Western Region,A Level or Equivalent,90-100%,0-35,0,120,0,Distinction,9,1,0,0,1,0,0,1,0,0,0,0,0,0,0,4
FFF,2014J,632074,0,Scotland,A Level or Equivalent,60-70%,0-35,0,60,0,Distinction,13,1,1,1,0,0,0,0,1,0,1,1,0,0,0,5
FFF,2014J,632179,1,East Midlands Region,Lower Than A Level,30-40%,0-35,1,90,0,Withdrawn,9,0,1,0,0,1,1,1,0,0,1,1,1,0,0,4
FFF,2014J,632276,1,South Region,A Level or Equivalent,60-70%,0-35,0,120,0,Withdrawn,2,1,0,1,1,1,0,1,1,1,1,1,0,0,1,2
FFF,2014J,632290,0,North Region,A Level or Equivalent,0-10%,0-35,1,60,0,Pass,14,0,0,1,0,0,1,1,1,0,1,1,0,0,1,5
FFF,2014J,632458,0,North Region,Lower Than A Level,0-10%,35-55,0,60,0,Distinction,9,0,1,1,1,1,0,1,1,0,1,0,0,1,1,4
FFF,2014J,632556,0,South Region,A Level or Equivalent,70-80%,0-35,0,60,0,Fail,6,0,1,1,1,0,1,0,1,0,0,1,1,1,1,9
FFF,2014J,632597,0,Wales,A Level or Equivalent,50-60%,0-35,0,60,0,Pass,7,1,0,1,0,0,1,1,0,1,1,1,1,1,0,3
FFF,2014J,632634,0,East Midlands Region,A Level or Equivalent,40-50%,0-35,1,60,1,Withdrawn,14,0,0,1,1,1,0,1,1,0,0,1,0,1,0,5
FFF,2014J,632773,0,West Midlands Region,HE Qualification,50-60%,0-35,1,60,0,Withdrawn,4,0,0,0,0,0,0,0,1,0,0,0,1,1,1,8
FFF,2014J,632826,0,East Anglian Region,A Level or Equivalent,20-Oct,0-35,0,120,0,Pass,1,0,1,0,1,1,0,0,0,0,0,1,1,1,1,2
FFF,2014J,632836,1,London Region,Lower Than A Level,20-30%,0-35,0,60,0,Pass,6,1,0,0,0,1,1,0,1,0,1,0,1,1,1,9
FFF,2014J,633079,1,Scotland,Post Graduate Qualification,80-90%,0-35,0,60,0,Pass,3,1,0,1,1,1,0,1,0,1,1,0,1,1,1,8
FFF,2014J,633516,0,Ireland,A Level or Equivalent,50-60%,0-35,0,60,0,Pass,3,1,1,0,0,0,0,1,1,0,1,0,0,1,1,8
FFF,2014J,633555,0,Yorkshire Region,A Level or Equivalent,90-100%,0-35,0,60,0,Distinction,9,1,0,1,1,0,1,1,0,0,0,1,0,1,1,4
FFF,2014J,633568,0,North Western Region,Lower Than A Level,40-50%,35-55,0,60,0,Pass,2,1,1,0,0,1,0,1,0,0,1,1,1,0,0,2
FFF,2014J,633628,0,Ireland,A Level or Equivalent,20-30%,0-35,1,60,0,Fail,4,1,0,1,0,0,0,0,1,1,0,1,0,1,1,8
FFF,2014J,633867,0,Scotland,Lower Than A Level,60-70%,0-35,0,90,0,Pass,9,0,0,1,1,0,1,1,0,0,1,0,1,1,1,4
FFF,2014J,633931,0,East Midlands Region,A Level or Equivalent,30-40%,35-55,0,90,0,Distinction,3,1,1,1,1,0,0,0,1,1,0,1,0,1,0,8
FFF,2014J,634088,0,North Region,A Level or Equivalent,,0-35,1,90,0,Distinction,4,1,1,1,1,0,1,0,1,1,0,0,0,0,1,8
FFF,2014J,634114,0,Scotland,Lower Than A Level,0-10%,0-35,1,60,1,Fail,10,0,1,1,1,1,0,0,0,0,0,0,0,0,0,1
FFF,2014J,634512,0,North Western Region,Lower Than A Level,0-10%,0-35,0,60,0,Pass,6,1,1,0,1,0,0,1,1,0,0,1,0,1,0,9
FFF,2014J,634526,0,North Region,A Level or Equivalent,,0-35,1,90,0,Pass,6,0,1,0,0,0,1,0,0,0,0,0,1,0,0,9
FFF,2014J,634601,1,West Midlands Region,A Level or Equivalent,50-60%,0-35,0,90,0,Fail,6,1,0,1,1,1,0,1,1,0,0,1,1,0,0,9
FFF,2014J,634749,0,South East Region,Lower Than A Level,80-90%,35-55,0,90,0,Pass,5,1,1,1,1,1,0,1,1,1,1,1,1,0,0,9
FFF,2014J,634888,0,North Western Region,Lower Than A Level,0-10%,0-35,0,60,1,Fail,4,1,0,0,0,0,1,0,1,1,1,1,0,1,1,8
FFF,2014J,634943,0,South Region,HE Qualification,70-80%,35-55,0,120,0,Withdrawn,5,1,0,1,1,1,1,1,1,0,1,1,0,1,1,9
FFF,2014J,635079,0,Scotland,A Level or Equivalent,40-50%,35-55,1,60,0,Fail,8,0,0,1,1,1,0,1,0,1,1,1,1,0,0,3
FFF,2014J,635165,0,South East Region,A Level or Equivalent,30-40%,0-35,0,120,1,Withdrawn,3,1,1,0,0,1,0,0,1,1,0,1,0,1,1,8
FFF,2014J,635184,0,Ireland,Lower Than A Level,20-30%,0-35,0,60,0,Fail,2,0,1,1,1,1,1,0,1,1,0,1,1,0,0,2
FFF,2014J,635191,0,West Midlands Region,Lower Than A Level,20-Oct,35-55,0,120,0,Withdrawn,3,0,1,0,1,0,1,0,1,1,0,0,1,0,1,8
FFF,2014J,635271,1,London Region,A Level or Equivalent,20-30%,0-35,0,60,0,Withdrawn,11,1,0,0,0,0,0,0,1,1,1,0,0,0,1,6
FFF,2014J,635410,0,South Region,A Level or Equivalent,40-50%,0-35,0,150,1,Fail,13,1,1,0,1,1,1,0,1,1,1,1,0,1,0,5
FFF,2014J,635746,0,Yorkshire Region,A Level or Equivalent,0-10%,0-35,0,90,1,Withdrawn,5,0,0,1,0,0,1,0,0,1,0,0,0,0,0,9
FFF,2014J,635751,0,London Region,Lower Than A Level,30-40%,0-35,0,60,0,Fail,7,1,0,0,0,1,1,1,0,1,0,0,1,0,0,3
FFF,2014J,635795,0,Scotland,A Level or Equivalent,30-40%,0-35,0,60,0,Pass,1,1,1,1,1,1,1,1,1,1,1,0,0,0,0,2
FFF,2014J,635903,0,Yorkshire Region,Lower Than A Level,40-50%,0-35,0,60,0,Fail,13,1,1,1,0,1,1,1,1,1,1,0,1,1,0,5
FFF,2014J,635985,0,North Western Region,A Level or Equivalent,80-90%,0-35,0,120,0,Fail,15,0,0,1,0,0,0,0,1,0,1,1,0,1,0,10
FFF,2014J,636314,0,Scotland,HE Qualification,20-30%,0-35,0,60,0,Pass,2,0,0,1,1,1,0,1,1,1,1,0,1,1,0,2
FFF,2014J,636375,0,South West Region,Lower Than A Level,60-70%,0-35,0,60,0,Withdrawn,10,1,0,1,1,0,1,1,0,1,0,1,1,1,0,1
FFF,2014J,636400,1,West Midlands Region,A Level or Equivalent,60-70%,0-35,0,60,0,Pass,7,1,1,1,1,1,0,0,0,0,0,0,1,1,0,3
FFF,2014J,636407,0,Scotland,HE Qualification,0-10%,35-55,0,120,0,Fail,15,0,1,1,1,0,0,1,1,1,0,0,0,0,1,10
FFF,2014J,636408,1,Wales,A Level or Equivalent,20-Oct,35-55,0,60,0,Pass,11,0,0,0,0,0,0,1,1,1,1,0,1,1,1,6
FFF,2014J,636469,0,Scotland,A Level or Equivalent,60-70%,0-35,0,60,0,Distinction,10,0,1,1,0,0,1,0,0,0,0,1,0,0,1,1
FFF,2014J,636492,1,London Region,A Level or Equivalent,0-10%,0-35,0,120,0,Withdrawn,6,0,1,1,1,1,1,1,1,0,1,1,1,0,0,9
FFF,2014J,636547,0,West Midlands Region,HE Qualification,60-70%,0-35,0,120,0,Fail,8,0,1,1,0,1,1,0,0,1,0,1,1,1,1,3
FFF,2014J,636565,0,East Midlands Region,Lower Than A Level,30-40%,0-35,0,90,0,Pass,8,1,0,1,1,0,1,0,0,1,1,0,1,1,0,3
FFF,2014J,636634,1,East Midlands Region,Lower Than A Level,20-30%,0-35,0,120,1,Withdrawn,12,1,0,1,1,0,0,0,0,0,0,1,0,1,0,7
FFF,2014J,636653,0,West Midlands Region,Lower Than A Level,30-40%,0-35,0,120,0,Fail,9,0,0,1,1,1,0,0,1,1,0,0,1,0,0,4
FFF,2014J,636656,0,East Anglian Region,A Level or Equivalent,20-30%,0-35,0,120,0,Pass,16,1,0,1,0,0,1,1,1,1,1,1,0,0,1,10
FFF,2014J,636704,1,South Region,A Level or Equivalent,20-Oct,0-35,0,120,0,Fail,13,0,1,1,0,1,1,1,0,1,1,1,1,1,0,5
FFF,2014J,636749,1,Yorkshire Region,Lower Than A Level,20-Oct,0-35,0,240,1,Withdrawn,5,0,0,1,0,1,0,1,1,0,1,1,1,1,1,9
FFF,2014J,636783,0,North Region,HE Qualification,40-50%,0-35,0,150,0,Distinction,3,1,1,0,0,0,1,1,0,1,1,1,0,0,1,8
FFF,2014J,636830,0,Scotland,HE Qualification,90-100%,0-35,0,60,0,Distinction,3,1,0,1,1,1,1,1,1,0,1,0,1,1,1,8
FFF,2014J,636832,0,Wales,A Level or Equivalent,30-40%,35-55,0,120,0,Pass,14,0,0,0,1,1,0,0,1,1,1,1,0,0,1,5
FFF,2014J,637004,1,North Region,Lower Than A Level,30-40%,0-35,0,60,0,Pass,13,1,1,1,0,1,1,0,0,0,1,0,1,0,0,5
FFF,2014J,637089,0,Wales,A Level or Equivalent,70-80%,0-35,0,180,0,Fail,7,1,0,0,0,0,0,1,0,0,1,0,1,0,1,3
FFF,2014J,637338,0,East Anglian Region,Lower Than A Level,20-Oct,0-35,0,120,0,Withdrawn,12,0,1,1,1,1,0,1,0,0,1,0,0,1,0,7
FFF,2014J,637358,0,Wales,Lower Than A Level,20-30%,0-35,0,120,0,Pass,13,0,0,1,1,0,1,1,0,0,1,0,0,1,1,5
FFF,2014J,637474,1,London Region,A Level or Equivalent,20-Oct,35-55,0,120,0,Withdrawn,10,0,1,1,1,1,1,1,1,0,0,1,1,0,0,1
FFF,2014J,637509,1,Ireland,Lower Than A Level,,0-35,0,150,0,Fail,4,1,1,0,0,0,1,1,0,1,1,0,1,1,1,8
FFF,2014J,637514,0,Yorkshire Region,A Level or Equivalent,30-40%,0-35,0,60,0,Withdrawn,1,0,0,1,0,0,0,0,0,0,1,0,1,1,1,2
FFF,2014J,637563,0,East Midlands Region,A Level or Equivalent,90-100%,0-35,0,120,0,Fail,14,0,1,0,1,1,0,1,1,1,0,1,0,0,1,5
FFF,2014J,637582,0,East Anglian Region,HE Qualification,20-30%,35-55,0,90,0,Fail,14,0,1,0,1,1,1,0,1,0,1,0,0,0,1,5
FFF,2014J,637708,0,East Anglian Region,HE Qualification,80-90%,0-35,0,120,0,Distinction,13,1,0,1,1,0,0,0,1,0,0,1,0,0,0,5
FFF,2014J,637788,0,East Midlands Region,Lower Than A Level,20-30%,0-35,0,60,1,Fail,1,1,1,1,0,1,1,0,0,1,0,0,1,0,0,2
FFF,2014J,637800,0,Yorkshire Region,Lower Than A Level,0-10%,0-35,0,120,1,Withdrawn,16,1,1,0,0,0,0,0,1,0,1,1,1,0,0,10
FFF,2014J,637906,0,Wales,Lower Than A Level,50-60%,35-55,0,90,0,Pass,14,0,0,1,1,1,0,0,0,1,0,1,1,1,0,5
FFF,2014J,637939,0,South West Region,A Level or Equivalent,0-10%,0-35,0,150,0,Fail,14,1,0,0,0,0,0,0,1,1,1,1,0,1,0,5
FFF,2014J,637980,1,Scotland,HE Qualification,50-60%,0-35,0,60,0,Pass,2,1,0,0,1,1,0,1,0,0,0,1,1,0,0,2
FFF,2014J,638034,0,Scotland,A Level or Equivalent,70-80%,0-35,0,120,0,Pass,13,0,0,1,1,1,0,0,1,1,1,0,1,0,0,5
FFF,2014J,638388,0,East Anglian Region,A Level or Equivalent,60-70%,0-35,0,60,0,Pass,4,0,1,0,1,0,1,0,0,0,1,0,1,0,0,8
FFF,2014J,638411,0,West Midlands Region,A Level or Equivalent,40-50%,0-35,0,60,0,Pass,12,1,1,0,1,0,0,0,0,0,0,1,0,0,0,7
FFF,2014J,638414,0,South Region,Lower Than A Level,70-80%,0-35,0,120,0,Withdrawn,8,0,0,1,1,1,0,1,0,1,0,0,1,1,0,3
FFF,2014J,638425,0,South East Region,A Level or Equivalent,40-50%,35-55,0,60,0,Withdrawn,11,0,0,1,1,0,1,0,1,1,1,1,0,0,1,6
FFF,2014J,638498,0,West Midlands Region,Lower Than A Level,20-Oct,0-35,0,90,0,Pass,5,0,1,1,1,0,1,1,1,0,0,0,0,0,0,9
FFF,2014J,638515,0,West Midlands Region,Lower Than A Level,20-Oct,0-35,0,90,0,Pass,15,0,1,0,1,0,0,0,1,1,1,0,0,0,1,10
FFF,2014J,638625,0,West Midlands Region,A Level or Equivalent,30-40%,0-35,0,60,0,Pass,6,1,1,1,1,0,0,0,1,1,1,1,0,1,0,9
FFF,2014J,638655,0,South East Region,A Level or Equivalent,50-60%,0-35,0,90,0,Pass,11,0,0,0,0,1,1,1,0,0,1,0,1,1,0,6
FFF,2014J,638677,1,East Anglian Region,A Level or Equivalent,60-70%,0-35,0,120,0,Withdrawn,7,0,0,0,1,0,0,0,0,1,1,0,1,0,0,3
FFF,2014J,638831,0,Yorkshire Region,Lower Than A Level,70-80%,0-35,0,90,0,Fail,3,0,1,0,0,0,1,1,1,1,1,1,0,1,1,8
FFF,2014J,639028,1,London Region,Lower Than A Level,20-30%,0-35,0,90,0,Pass,7,1,0,1,1,1,0,0,1,1,1,1,1,1,0,3
FFF,2014J,639231,0,London Region,Lower Than A Level,50-60%,0-35,0,120,0,Pass,14,1,0,1,1,1,0,1,0,1,1,1,1,1,1,5
FFF,2014J,639234,0,Scotland,A Level or Equivalent,40-50%,0-35,0,120,1,Withdrawn,8,1,0,1,1,0,0,1,1,1,1,0,0,1,1,3
FFF,2014J,639238,0,North Western Region,Lower Than A Level,60-70%,0-35,0,120,0,Withdrawn,12,0,0,0,1,1,0,0,1,1,0,1,0,1,0,7
FFF,2014J,639522,0,South East Region,A Level or Equivalent,30-40%,0-35,0,90,0,Pass,9,1,1,1,0,0,1,1,1,1,0,0,1,1,1,4
FFF,2014J,639919,0,East Anglian Region,Lower Than A Level,20-Oct,0-35,0,60,0,Withdrawn,8,0,0,1,1,0,1,1,0,0,1,0,0,0,1,3
FFF,2014J,639993,0,East Anglian Region,A Level or Equivalent,60-70%,0-35,0,60,1,Withdrawn,2,0,1,0,0,0,0,0,1,0,0,0,0,1,0,2
FFF,2014J,640098,1,Scotland,A Level or Equivalent,40-50%,35-55,0,60,0,Pass,6,0,0,0,0,0,0,1,0,0,1,0,0,1,0,9
FFF,2014J,640140,0,London Region,Lower Than A Level,20-30%,0-35,0,240,0,Withdrawn,1,1,0,1,1,0,0,0,1,0,1,0,0,0,1,2
FFF,2014J,640278,0,Scotland,HE Qualification,30-40%,35-55,0,60,0,Pass,10,0,0,0,0,0,0,0,1,1,0,0,0,0,0,1
FFF,2014J,640329,1,London Region,A Level or Equivalent,70-80%,0-35,0,180,0,Pass,11,0,1,1,1,0,1,0,0,1,0,1,1,1,0,6
FFF,2014J,640393,0,Scotland,A Level or Equivalent,30-40%,0-35,0,120,0,Withdrawn,3,0,1,1,1,0,1,0,0,1,1,1,1,1,1,8
FFF,2014J,640429,0,North Western Region,A Level or Equivalent,30-40%,0-35,0,90,0,Distinction,16,1,1,0,1,1,1,1,0,0,0,0,1,1,0,10
FFF,2014J,640552,0,North Western Region,Lower Than A Level,40-50%,35-55,0,120,1,Withdrawn,13,0,1,0,1,0,1,1,1,0,1,1,0,1,1,5
FFF,2014J,640584,0,East Midlands Region,Lower Than A Level,90-100%,0-35,0,120,0,Withdrawn,15,1,0,0,0,0,1,0,0,1,1,0,1,1,1,10
FFF,2014J,640711,1,Wales,Lower Than A Level,20-Oct,35-55,0,90,1,Pass,16,1,1,1,0,1,0,0,1,0,1,1,1,1,1,10
FFF,2014J,640752,0,North Western Region,HE Qualification,50-60%,0-35,0,60,0,Pass,8,1,0,0,0,0,1,1,0,0,0,1,1,1,1,3
FFF,2014J,640774,0,London Region,Lower Than A Level,30-40%,0-35,0,120,0,Withdrawn,8,1,1,1,0,0,0,1,0,1,1,0,1,0,0,3
FFF,2014J,640848,1,West Midlands Region,Lower Than A Level,30-40%,0-35,0,90,0,Pass,3,0,1,0,1,1,1,1,1,1,1,0,0,1,1,8
FFF,2014J,640892,0,North Western Region,A Level or Equivalent,20-30%,35-55,0,60,1,Pass,11,0,0,1,1,0,1,0,0,1,0,0,1,0,1,6
FFF,2014J,640913,0,West Midlands Region,Lower Than A Level,80-90%,0-35,0,90,0,Pass,12,1,0,1,1,0,1,1,0,1,0,0,0,0,0,7
FFF,2014J,640927,0,South Region,HE Qualification,50-60%,0-35,0,60,0,Pass,14,1,0,0,0,1,0,0,0,0,1,0,0,1,1,5
FFF,2014J,641028,0,North Western Region,Lower Than A Level,30-40%,0-35,0,60,0,Fail,7,0,0,1,0,0,1,1,0,0,1,0,0,0,0,3
FFF,2014J,641085,0,North Western Region,A Level or Equivalent,60-70%,0-35,0,90,0,Fail,3,1,0,1,0,1,1,1,0,0,1,1,0,1,0,8
FFF,2014J,641137,0,East Anglian Region,Lower Than A Level,70-80%,35-55,0,60,0,Distinction,14,1,0,1,1,1,0,1,0,1,1,0,0,0,0,5
FFF,2014J,641169,0,East Anglian Region,Lower Than A Level,50-60%,35-55,0,90,0,Withdrawn,15,1,1,1,1,1,0,1,0,0,0,0,1,1,0,10
FFF,2014J,641265,0,Wales,A Level or Equivalent,20-30%,0-35,0,240,0,Withdrawn,9,1,0,0,1,1,1,1,0,1,1,0,1,1,1,4
FFF,2014J,641275,0,North Region,Lower Than A Level,60-70%,0-35,0,60,0,Withdrawn,5,0,0,1,0,0,0,0,0,0,0,1,1,0,0,9
FFF,2014J,641307,0,North Western Region,A Level or Equivalent,20-30%,55<=,0,120,0,Withdrawn,6,0,0,1,1,0,0,0,0,0,1,1,0,0,1,9
FFF,2014J,641309,0,West Midlands Region,A Level or Equivalent,20-30%,35-55,0,60,0,Pass,14,1,0,0,1,1,1,0,1,1,1,1,1,1,1,5
FFF,2014J,641311,0,South East Region,Lower Than A Level,50-60%,35-55,0,60,0,Distinction,5,1,0,0,1,0,1,0,0,0,1,1,1,0,1,9
FFF,2014J,641363,0,North Region,A Level or Equivalent,70-80%,0-35,0,120,0,Pass,10,1,0,1,1,1,0,0,1,1,0,0,0,0,1,1
FFF,2014J,641401,0,North Western Region,A Level or Equivalent,90-100%,0-35,0,60,0,Distinction,6,0,1,0,0,1,1,0,0,0,0,1,0,0,1,9
FFF,2014J,641404,0,West Midlands Region,Lower Than A Level,0-10%,0-35,0,120,0,Withdrawn,16,1,1,1,0,0,1,0,1,1,1,0,0,0,1,10
FFF,2014J,641433,0,South East Region,Lower Than A Level,60-70%,0-35,0,60,0,Fail,16,0,1,0,1,1,1,1,0,0,1,1,0,0,0,10
FFF,2014J,641461,0,East Anglian Region,Lower Than A Level,90-100%,0-35,0,60,0,Pass,8,1,0,1,1,0,1,0,0,1,0,1,0,0,0,3
FFF,2014J,641470,0,North Western Region,Lower Than A Level,0-10%,0-35,0,60,0,Fail,15,0,0,1,1,1,0,0,1,1,1,1,0,1,0,10
FFF,2014J,641547,0,South East Region,Lower Than A Level,40-50%,0-35,0,90,0,Pass,9,1,0,0,1,0,1,0,0,1,0,1,0,0,1,4
FFF,2014J,641565,0,West Midlands Region,Lower Than A Level,20-Oct,0-35,0,180,0,Withdrawn,4,0,1,0,1,0,1,1,1,1,1,1,0,1,0,8
FFF,2014J,641804,0,West Midlands Region,A Level or Equivalent,50-60%,0-35,0,120,0,Withdrawn,16,1,0,1,1,0,1,1,0,1,0,1,0,1,0,10
FFF,2014J,641864,0,South Region,Lower Than A Level,40-50%,0-35,0,60,0,Distinction,15,1,0,0,0,1,0,0,1,1,0,1,1,0,0,10
FFF,2014J,641866,1,West Midlands Region,Lower Than A Level,70-80%,0-35,0,60,0,Withdrawn,13,1,0,1,0,0,1,0,0,0,0,0,1,1,1,5
FFF,2014J,641914,0,Wales,A Level or Equivalent,30-40%,35-55,0,60,0,Pass,3,1,1,0,1,1,1,1,0,1,0,1,1,1,0,8
FFF,2014J,642013,1,South East Region,A Level or Equivalent,60-70%,35-55,0,240,0,Withdrawn,10,1,0,1,0,0,0,0,0,0,1,1,1,0,1,1
FFF,2014J,642029,0,South East Region,A Level or Equivalent,70-80%,0-35,0,60,0,Pass,4,0,0,1,0,1,0,1,0,1,1,0,0,1,0,8
FFF,2014J,642056,0,West Midlands Region,A Level or Equivalent,,0-35,0,60,0,Distinction,13,0,1,1,0,1,0,1,1,0,1,0,0,0,0,5
FFF,2014J,642128,0,London Region,A Level or Equivalent,20-Oct,0-35,0,120,0,Withdrawn,16,0,0,0,1,0,1,0,0,1,0,0,0,1,0,10
FFF,2014J,642375,0,North Western Region,Lower Than A Level,70-80%,0-35,0,60,0,Pass,16,1,1,1,0,1,0,0,0,1,1,1,0,0,0,10
FFF,2014J,642448,0,South Region,Lower Than A Level,30-40%,0-35,0,120,0,Pass,10,0,1,1,0,1,1,0,0,1,0,1,1,1,1,1
FFF,2014J,642449,1,South Region,Lower Than A Level,80-90%,0-35,0,90,0,Pass,12,1,0,1,1,0,0,1,1,0,0,1,1,0,0,7
FFF,2014J,642493,0,Wales,Lower Than A Level,60-70%,0-35,0,60,0,Pass,14,0,0,0,0,0,0,1,0,0,1,1,0,0,1,5
FFF,2014J,642496,0,East Midlands Region,A Level or Equivalent,50-60%,0-35,0,180,0,Withdrawn,2,0,1,1,0,1,0,1,1,0,0,1,1,1,0,2
FFF,2014J,642498,0,London Region,A Level or Equivalent,40-50%,0-35,0,60,0,Pass,3,1,0,0,1,1,1,0,0,1,0,0,1,1,0,8
FFF,2014J,642536,1,North Region,Lower Than A Level,,35-55,0,60,0,Fail,9,0,0,1,0,1,0,1,0,1,1,1,0,0,1,4
FFF,2014J,642551,0,London Region,A Level or Equivalent,40-50%,35-55,0,60,0,Pass,11,1,0,0,1,1,0,0,1,0,1,0,0,1,1,6
FFF,2014J,642560,0,East Midlands Region,HE Qualification,60-70%,0-35,0,60,0,Withdrawn,16,1,1,0,0,1,0,1,0,1,1,1,0,1,1,10
FFF,2014J,642626,1,North Western Region,Lower Than A Level,20-30%,0-35,0,120,1,Withdrawn,12,0,0,1,0,0,0,1,1,1,1,0,1,1,0,7
FFF,2014J,642730,0,East Anglian Region,Lower Than A Level,80-90%,0-35,0,60,0,Fail,15,0,1,0,1,0,1,1,0,1,0,1,0,1,0,10
FFF,2014J,642740,0,West Midlands Region,A Level or Equivalent,90-100%,0-35,0,60,0,Distinction,4,0,1,1,0,1,0,1,0,1,0,0,1,1,1,8
FFF,2014J,642750,0,London Region,HE Qualification,0-10%,35-55,0,90,0,Distinction,7,1,1,0,0,0,1,1,1,0,0,1,0,1,0,3
FFF,2014J,642790,0,London Region,Lower Than A Level,20-Oct,35-55,0,150,0,Withdrawn,1,0,1,1,1,0,0,1,1,0,0,1,0,0,0,2
FFF,2014J,642840,0,West Midlands Region,Lower Than A Level,40-50%,0-35,0,120,1,Fail,11,0,0,0,1,1,0,0,1,0,1,1,0,0,0,6
FFF,2014J,642843,0,South Region,Lower Than A Level,80-90%,35-55,0,120,1,Pass,8,0,0,1,0,0,0,1,0,0,0,1,1,0,0,3
FFF,2014J,642872,0,East Midlands Region,Lower Than A Level,20-30%,35-55,0,90,0,Pass,6,0,0,0,0,1,1,0,1,0,1,0,0,0,0,9
FFF,2014J,642909,0,North Western Region,A Level or Equivalent,60-70%,0-35,0,120,0,Pass,7,0,0,1,1,0,1,1,0,1,1,0,1,1,0,3
FFF,2014J,642939,0,South Region,Lower Than A Level,50-60%,35-55,0,60,0,Withdrawn,7,1,0,0,1,1,1,1,0,0,0,0,0,1,0,3
FFF,2014J,643024,0,North Region,A Level or Equivalent,70-80%,0-35,0,60,0,Withdrawn,14,0,1,0,0,0,0,1,1,0,0,1,0,1,0,5
FFF,2014J,643069,0,North Western Region,A Level or Equivalent,70-80%,0-35,0,90,0,Pass,10,0,0,0,1,0,0,1,0,1,0,1,0,1,0,1
FFF,2014J,643202,0,East Midlands Region,HE Qualification,50-60%,0-35,0,60,0,Distinction,16,0,1,0,1,0,1,0,0,1,0,1,1,0,0,10
FFF,2014J,643220,0,East Midlands Region,HE Qualification,40-50%,0-35,0,60,0,Distinction,7,1,0,0,0,1,0,0,0,1,1,1,1,0,1,3
FFF,2014J,643273,0,South Region,Lower Than A Level,80-90%,35-55,0,60,0,Pass,3,1,0,0,0,0,1,0,1,0,0,0,0,1,0,8
FFF,2014J,643326,1,West Midlands Region,A Level or Equivalent,20-Oct,0-35,0,60,0,Pass,15,1,0,1,0,0,0,0,0,1,0,1,1,1,1,10
FFF,2014J,643372,1,North Western Region,A Level or Equivalent,30-40%,0-35,0,60,0,Fail,8,1,0,1,0,1,1,1,1,1,0,0,1,1,1,3
FFF,2014J,643379,0,East Midlands Region,Lower Than A Level,80-90%,0-35,0,60,0,Withdrawn,16,1,1,1,1,0,0,0,0,1,0,0,0,1,1,10
FFF,2014J,643455,0,South Region,Lower Than A Level,20-30%,0-35,0,120,1,Withdrawn,5,1,1,1,0,0,1,1,1,0,0,0,0,1,0,9
FFF,2014J,643466,0,North Region,HE Qualification,,0-35,0,60,0,Pass,2,1,0,0,1,1,0,0,0,0,0,0,1,0,0,2
FFF,2014J,643477,0,Scotland,A Level or Equivalent,40-50%,35-55,0,60,0,Pass,11,0,1,1,1,1,0,1,0,1,1,1,1,0,0,6
FFF,2014J,643496,1,South East Region,A Level or Equivalent,50-60%,0-35,0,60,1,Pass,3,1,0,0,1,0,1,0,1,0,1,1,1,0,0,8
FFF,2014J,643502,0,South Region,A Level or Equivalent,90-100%,0-35,0,120,0,Pass,9,1,1,1,0,0,1,1,1,1,1,0,1,1,1,4
FFF,2014J,643591,0,South West Region,A Level or Equivalent,30-40%,0-35,0,60,0,Distinction,13,0,1,1,0,0,1,0,1,0,1,1,1,1,0,5
FFF,2014J,643653,1,South Region,A Level or Equivalent,50-60%,0-35,0,60,1,Pass,5,0,1,1,1,0,1,0,0,1,1,0,1,0,1,9
FFF,2014J,643690,0,South West Region,Lower Than A Level,40-50%,0-35,0,180,0,Withdrawn,16,0,0,1,0,0,0,1,0,0,0,0,1,1,1,10
FFF,2014J,643696,0,South West Region,Lower Than A Level,40-50%,0-35,0,120,0,Fail,10,0,0,1,1,0,0,0,1,0,0,0,0,0,0,1
FFF,2014J,643751,0,South East Region,HE Qualification,50-60%,35-55,0,60,0,Distinction,16,1,0,1,0,0,1,1,0,0,0,1,1,0,1,10
FFF,2014J,643754,1,South East Region,HE Qualification,30-40%,0-35,0,60,0,Distinction,16,1,0,0,1,1,1,1,0,0,1,1,1,0,1,10
FFF,2014J,643757,0,West Midlands Region,HE Qualification,0-10%,0-35,0,120,0,Fail,3,1,1,0,0,1,1,0,0,0,0,1,1,0,0,8
FFF,2014J,644025,1,East Midlands Region,A Level or Equivalent,90-100%,0-35,0,120,0,Pass,11,0,0,0,1,1,0,1,1,1,1,0,1,0,1,6
FFF,2014J,644210,0,South West Region,Lower Than A Level,80-90%,0-35,0,180,1,Pass,6,0,0,1,1,0,0,0,1,1,1,0,1,0,1,9
FFF,2014J,644303,1,East Midlands Region,Lower Than A Level,20-Oct,0-35,0,60,0,Withdrawn,16,0,1,0,0,1,1,0,1,1,1,0,0,0,1,10
FFF,2014J,644343,0,South West Region,Lower Than A Level,90-100%,0-35,0,120,0,Pass,8,1,0,0,1,1,1,0,0,0,1,0,1,0,0,3
FFF,2014J,644361,1,North Western Region,Lower Than A Level,40-50%,35-55,0,120,0,Pass,14,0,1,0,0,1,1,0,0,0,0,0,0,0,0,5
FFF,2014J,644369,0,Wales,Lower Than A Level,70-80%,0-35,0,150,0,Pass,11,0,1,0,1,1,1,1,1,1,1,1,0,0,0,6
FFF,2014J,644430,1,East Anglian Region,Lower Than A Level,40-50%,0-35,0,120,0,Fail,6,1,0,0,1,1,0,0,1,0,1,1,1,0,0,9
FFF,2014J,644450,0,East Midlands Region,Lower Than A Level,40-50%,0-35,0,60,0,Distinction,13,0,0,0,1,1,1,0,0,1,1,1,1,0,1,5
FFF,2014J,644508,1,South Region,Lower Than A Level,40-50%,0-35,0,60,0,Pass,2,0,0,0,0,1,0,0,0,0,1,0,0,1,1,2
FFF,2014J,644761,0,East Midlands Region,A Level or Equivalent,70-80%,0-35,0,60,0,Pass,12,0,1,1,0,0,0,1,1,1,1,0,1,0,0,7
FFF,2014J,644784,0,East Midlands Region,A Level or Equivalent,0-10%,0-35,0,60,0,Pass,11,0,1,0,0,0,0,0,1,1,1,0,0,0,1,6
FFF,2014J,644791,0,East Midlands Region,Lower Than A Level,20-30%,35-55,0,60,0,Pass,6,1,0,1,0,1,1,0,0,1,0,1,0,1,0,9
FFF,2014J,644818,0,Scotland,Lower Than A Level,20-30%,35-55,0,60,0,Pass,10,1,1,0,1,1,0,1,1,1,1,0,1,1,1,1
FFF,2014J,644834,0,Wales,HE Qualification,0-10%,0-35,0,60,0,Withdrawn,11,1,0,0,1,0,1,1,1,1,0,0,1,1,0,6
FFF,2014J,644847,0,North Western Region,Lower Than A Level,0-10%,0-35,0,150,0,Pass,7,1,1,1,0,0,1,1,1,1,0,1,1,0,0,3
FFF,2014J,644871,0,North Region,A Level or Equivalent,20-Oct,0-35,0,60,0,Withdrawn,6,0,0,1,1,1,1,0,0,1,0,1,1,1,0,9
FFF,2014J,644885,1,South West Region,A Level or Equivalent,80-90%,0-35,0,60,0,Withdrawn,13,1,0,1,1,1,1,0,0,0,0,1,0,0,0,5
FFF,2014J,644934,0,East Midlands Region,A Level or Equivalent,40-50%,0-35,0,60,0,Withdrawn,5,0,0,1,0,0,1,0,1,1,0,0,1,0,0,9
FFF,2014J,644936,1,South East Region,A Level or Equivalent,60-70%,0-35,0,120,0,Pass,8,1,0,0,1,1,0,0,1,0,1,1,1,0,0,3
FFF,2014J,644967,1,Yorkshire Region,Lower Than A Level,0-10%,0-35,0,60,0,Fail,7,1,1,0,0,1,1,1,0,1,0,0,1,0,0,3
FFF,2014J,644974,0,London Region,A Level or Equivalent,80-90%,35-55,0,120,0,Distinction,7,1,1,0,0,0,0,0,1,0,1,1,1,0,1,3
FFF,2014J,645003,0,North Region,Lower Than A Level,20-Oct,0-35,0,60,0,Fail,13,0,0,1,1,1,0,0,0,1,0,0,0,1,0,5
FFF,2014J,645020,0,Ireland,A Level or Equivalent,60-70%,0-35,0,60,0,Pass,11,1,1,0,1,0,0,1,1,0,1,0,1,1,0,6
FFF,2014J,645078,0,South East Region,A Level or Equivalent,20-30%,0-35,0,60,0,Distinction,16,1,1,1,1,0,0,1,0,0,1,0,1,0,0,10
FFF,2014J,645145,0,South East Region,Lower Than A Level,60-70%,0-35,0,120,0,Fail,7,0,0,1,1,1,1,0,1,1,1,1,1,1,1,3
FFF,2014J,645194,0,West Midlands Region,Lower Than A Level,20-30%,0-35,0,180,1,Withdrawn,16,1,1,0,0,0,1,1,1,0,0,1,1,0,0,10
FFF,2014J,645366,0,North Western Region,Lower Than A Level,20-Oct,35-55,0,60,0,Withdrawn,13,1,0,0,1,0,1,0,0,1,1,0,1,0,1,5
FFF,2014J,645401,0,East Anglian Region,Lower Than A Level,20-30%,0-35,0,90,0,Withdrawn,10,0,0,1,0,0,1,1,1,0,1,1,1,0,1,1
FFF,2014J,645405,0,South West Region,Lower Than A Level,70-80%,35-55,0,120,0,Pass,4,0,0,0,0,1,1,0,0,1,1,0,1,1,1,8
FFF,2014J,645407,0,East Midlands Region,Lower Than A Level,40-50%,0-35,0,60,0,Withdrawn,4,0,0,0,1,0,0,1,1,0,1,0,1,0,0,8
FFF,2014J,645433,0,Scotland,A Level or Equivalent,30-40%,35-55,0,60,0,Withdrawn,13,1,0,0,1,0,1,1,1,1,0,0,0,1,1,5
FFF,2014J,645496,0,South West Region,Lower Than A Level,0-10%,35-55,0,90,1,Fail,10,1,0,1,0,1,0,0,1,0,1,0,1,0,1,1
FFF,2014J,645518,0,Scotland,Lower Than A Level,80-90%,35-55,0,60,0,Fail,10,0,1,0,1,0,1,1,1,1,0,1,1,0,0,1
FFF,2014J,645529,1,South West Region,Lower Than A Level,20-Oct,0-35,0,120,0,Withdrawn,16,1,0,1,0,1,1,1,1,1,0,0,1,1,0,10
FFF,2014J,645586,0,Scotland,HE Qualification,20-Oct,0-35,0,90,0,Pass,9,0,1,0,0,1,0,0,1,1,1,1,0,0,1,4
FFF,2014J,645618,1,North Western Region,HE Qualification,20-30%,35-55,0,210,0,Withdrawn,13,1,0,1,1,0,0,1,0,1,1,0,1,1,1,5
FFF,2014J,645638,0,South West Region,A Level or Equivalent,70-80%,0-35,0,120,0,Withdrawn,9,1,0,1,0,0,1,1,1,0,0,1,1,0,0,4
FFF,2014J,645705,0,Wales,A Level or Equivalent,70-80%,0-35,0,120,0,Pass,11,0,0,0,1,0,1,1,1,1,0,0,0,1,0,6
FFF,2014J,645732,0,East Midlands Region,A Level or Equivalent,60-70%,0-35,0,60,0,Pass,7,1,0,1,0,0,1,1,0,1,0,0,0,0,1,3
FFF,2014J,645784,1,Scotland,Lower Than A Level,20-Oct,0-35,0,90,0,Pass,9,0,0,0,0,1,1,1,0,1,1,0,1,0,1,4
FFF,2014J,645787,1,London Region,No Formal quals,50-60%,35-55,0,210,0,Withdrawn,14,1,0,1,1,1,0,1,0,1,0,0,1,1,1,5
FFF,2014J,645790,0,West Midlands Region,A Level or Equivalent,80-90%,0-35,0,120,0,Fail,4,1,1,0,1,0,0,1,0,1,0,1,1,0,0,8
FFF,2014J,645800,0,Wales,A Level or Equivalent,40-50%,0-35,0,120,0,Withdrawn,6,1,0,1,0,0,0,1,0,1,0,1,1,1,1,9
FFF,2014J,645840,0,Ireland,Lower Than A Level,90-100%,35-55,0,120,0,Fail,8,1,1,1,0,1,0,0,0,1,1,0,0,1,1,3
FFF,2014J,645880,0,Scotland,A Level or Equivalent,0-10%,0-35,0,60,0,Fail,1,0,1,1,0,1,1,0,0,1,1,1,0,1,1,2
FFF,2014J,645948,0,West Midlands Region,Lower Than A Level,20-30%,0-35,0,90,0,Pass,3,0,0,0,0,1,1,0,1,0,0,1,1,0,1,8
FFF,2014J,645960,1,Wales,A Level or Equivalent,70-80%,0-35,0,120,0,Pass,6,1,0,0,0,1,1,0,1,0,1,0,0,1,1,9
FFF,2014J,645997,0,London Region,HE Qualification,20-Oct,0-35,0,90,0,Pass,13,1,0,0,0,1,0,0,0,1,1,0,1,1,1,5
FFF,2014J,646015,0,South Region,A Level or Equivalent,40-50%,0-35,0,60,0,Distinction,1,0,0,1,1,0,0,1,1,1,1,1,1,0,0,2
FFF,2014J,646017,0,South West Region,A Level or Equivalent,0-10%,0-35,0,90,0,Pass,12,0,1,0,1,1,0,1,1,0,0,1,0,1,0,7
FFF,2014J,646053,0,East Anglian Region,A Level or Equivalent,40-50%,0-35,0,120,1,Pass,12,1,0,1,1,0,1,1,1,0,0,0,1,1,1,7
FFF,2014J,646074,0,London Region,Lower Than A Level,70-80%,35-55,0,90,0,Pass,13,0,1,0,1,1,1,1,0,1,1,1,0,0,1,5
FFF,2014J,646083,0,Wales,A Level or Equivalent,0-10%,0-35,0,60,0,Withdrawn,1,1,0,1,0,0,0,0,0,0,0,1,0,1,0,2
FFF,2014J,646085,1,Yorkshire Region,A Level or Equivalent,60-70%,35-55,0,60,0,Distinction,8,0,0,0,1,1,1,0,1,0,1,1,1,0,0,3
FFF,2014J,646091,0,North Region,A Level or Equivalent,0-10%,0-35,0,120,0,Withdrawn,10,0,0,1,0,0,0,1,0,1,0,0,1,0,1,1
FFF,2014J,646120,0,East Anglian Region,Lower Than A Level,50-60%,0-35,0,90,0,Withdrawn,14,1,1,0,1,0,1,0,1,0,0,0,1,1,0,5
FFF,2014J,646138,0,North Western Region,Lower Than A Level,80-90%,0-35,0,90,0,Pass,9,0,0,1,0,0,1,1,1,0,1,1,0,1,0,4
FFF,2014J,646313,1,Scotland,A Level or Equivalent,0-10%,0-35,0,60,0,Pass,3,1,1,0,0,0,0,0,0,1,0,1,1,0,0,8
FFF,2014J,646357,0,Wales,Lower Than A Level,30-40%,35-55,0,60,0,Distinction,16,0,0,1,0,1,0,0,1,1,1,1,1,0,1,10
FFF,2014J,646402,0,Scotland,Post Graduate Qualification,50-60%,0-35,0,120,0,Pass,16,0,0,0,0,1,0,1,1,1,1,0,0,1,1,10
FFF,2014J,646460,0,South East Region,Lower Than A Level,20-30%,0-35,0,60,0,Pass,14,0,1,0,0,0,1,1,0,0,0,1,0,1,0,5
FFF,2014J,646498,0,South West Region,A Level or Equivalent,20-30%,0-35,0,120,1,Withdrawn,16,1,1,0,0,0,1,0,1,0,0,0,1,1,1,10
FFF,2014J,646539,1,Scotland,HE Qualification,0-10%,0-35,0,90,0,Pass,16,0,1,0,0,1,1,0,1,0,0,1,0,1,0,10
FFF,2014J,646540,0,West Midlands Region,A Level or Equivalent,70-80%,0-35,0,60,0,Distinction,12,1,1,1,1,0,0,0,0,0,1,1,1,0,0,7
FFF,2014J,646551,0,London Region,A Level or Equivalent,40-50%,35-55,0,60,0,Pass,15,1,1,1,0,1,0,1,0,1,1,1,1,1,0,10
FFF,2014J,646613,0,East Midlands Region,A Level or Equivalent,80-90%,0-35,0,60,0,Withdrawn,16,1,0,0,1,1,0,1,0,0,0,0,0,1,0,10
FFF,2014J,646638,0,East Anglian Region,A Level or Equivalent,50-60%,0-35,0,120,0,Pass,1,0,1,1,0,0,0,0,1,1,0,1,1,0,1,2
FFF,2014J,646670,0,South East Region,A Level or Equivalent,40-50%,0-35,0,120,0,Pass,10,1,0,1,0,1,1,0,0,0,0,1,1,1,0,1
FFF,2014J,646734,0,Scotland,A Level or Equivalent,50-60%,0-35,0,90,0,Withdrawn,8,0,1,1,1,0,1,0,1,0,1,1,0,0,1,3
FFF,2014J,646742,0,North Western Region,A Level or Equivalent,60-70%,0-35,0,210,0,Withdrawn,8,1,1,0,0,1,1,0,0,0,0,1,0,0,0,3
FFF,2014J,646750,0,North Region,A Level or Equivalent,,0-35,0,120,0,Pass,4,0,1,0,0,0,0,0,0,1,1,0,0,1,1,8
FFF,2014J,646778,0,London Region,A Level or Equivalent,30-40%,35-55,0,60,0,Distinction,10,0,0,0,0,0,0,0,0,1,1,1,0,0,1,1
FFF,2014J,646807,0,East Midlands Region,Lower Than A Level,50-60%,0-35,0,180,0,Withdrawn,1,1,1,1,0,1,0,1,0,0,1,0,1,1,0,2
FFF,2014J,646972,1,London Region,HE Qualification,20-30%,0-35,0,60,0,Withdrawn,5,0,1,1,1,0,0,1,1,0,0,1,0,0,1,9
FFF,2014J,646990,0,East Midlands Region,A Level or Equivalent,30-40%,35-55,0,120,0,Pass,6,0,1,1,0,1,1,0,0,1,1,1,1,1,1,9
FFF,2014J,647005,0,West Midlands Region,Lower Than A Level,40-50%,0-35,0,60,0,Withdrawn,14,1,1,0,1,1,1,1,1,1,0,0,0,1,1,5
FFF,2014J,647033,0,Yorkshire Region,Lower Than A Level,20-Oct,0-35,0,120,1,Withdrawn,1,1,0,1,0,0,0,0,0,0,0,0,1,1,1,2
FFF,2014J,647040,0,London Region,A Level or Equivalent,30-40%,35-55,0,120,0,Pass,11,0,0,1,1,0,1,0,1,0,0,1,1,1,0,6
FFF,2014J,647045,1,Wales,Lower Than A Level,0-10%,35-55,0,90,0,Fail,11,0,1,0,1,1,1,1,1,1,0,0,0,0,1,6
FFF,2014J,647072,0,London Region,A Level or Equivalent,20-30%,0-35,0,60,0,Withdrawn,16,0,1,1,0,1,1,1,1,0,1,0,0,1,1,10
FFF,2014J,647111,0,London Region,Lower Than A Level,30-40%,0-35,0,60,0,Withdrawn,14,0,1,1,0,0,0,1,1,1,0,0,1,1,1,5
FFF,2014J,647154,0,London Region,A Level or Equivalent,20-Oct,0-35,0,60,0,Pass,10,1,0,0,1,0,0,0,0,1,1,0,1,0,1,1
FFF,2014J,647169,0,Yorkshire Region,A Level or Equivalent,70-80%,0-35,0,120,0,Distinction,16,1,1,1,1,1,0,1,1,1,1,0,0,1,1,10
FFF,2014J,647171,0,London Region,Lower Than A Level,20-Oct,0-35,0,120,1,Fail,3,0,0,1,1,1,0,0,1,1,0,1,1,1,1,8
FFF,2014J,647194,0,North Western Region,HE Qualification,70-80%,0-35,0,60,0,Fail,7,0,1,1,1,0,0,0,0,1,1,1,1,1,1,3
FFF,2014J,647210,0,Yorkshire Region,Lower Than A Level,20-30%,0-35,0,60,0,Withdrawn,4,1,1,0,1,1,0,0,1,1,1,1,1,1,1,8
FFF,2014J,647245,0,London Region,No Formal quals,20-30%,0-35,0,150,0,Withdrawn,12,1,0,0,1,0,1,0,0,0,1,0,0,1,1,7
FFF,2014J,647284,0,West Midlands Region,A Level or Equivalent,20-Oct,0-35,0,120,0,Withdrawn,4,1,0,0,1,0,0,0,1,0,1,1,1,0,1,8
FFF,2014J,647320,1,Ireland,Lower Than A Level,30-40%,0-35,0,120,0,Pass,9,1,0,0,1,1,0,1,0,0,0,0,0,1,1,4
FFF,2014J,647321,0,East Anglian Region,A Level or Equivalent,60-70%,0-35,0,60,1,Withdrawn,11,0,0,1,1,1,0,1,0,1,1,0,0,1,0,6
FFF,2014J,647324,0,East Midlands Region,A Level or Equivalent,0-10%,0-35,0,120,1,Distinction,4,1,0,0,1,0,1,0,1,1,0,1,1,1,1,8
FFF,2014J,647339,0,East Midlands Region,A Level or Equivalent,60-70%,0-35,0,90,0,Fail,14,1,0,1,0,1,0,0,0,0,1,1,0,1,0,5
FFF,2014J,647348,1,South East Region,A Level or Equivalent,50-60%,0-35,0,60,0,Withdrawn,11,0,1,0,0,1,0,0,0,0,0,0,1,1,0,6
FFF,2014J,647391,1,Scotland,HE Qualification,0-10%,0-35,0,150,0,Pass,6,1,1,1,1,0,1,1,0,1,0,1,1,1,0,9
FFF,2014J,647398,0,South Region,A Level or Equivalent,70-80%,0-35,0,90,0,Pass,12,1,1,0,0,1,0,0,0,1,0,1,0,0,0,7
FFF,2014J,647399,1,East Midlands Region,A Level or Equivalent,50-60%,0-35,0,120,1,Pass,1,0,0,1,1,1,0,0,1,1,0,1,0,0,0,2
FFF,2014J,647417,0,West Midlands Region,A Level or Equivalent,20-Oct,0-35,0,120,1,Withdrawn,12,1,1,0,0,0,0,0,0,1,0,1,0,0,0,7
FFF,2014J,647425,1,Wales,Lower Than A Level,80-90%,35-55,0,120,0,Pass,14,0,0,1,1,1,1,0,1,0,0,1,0,0,1,5
FFF,2014J,647485,0,Ireland,A Level or Equivalent,90-100%,0-35,0,60,1,Pass,16,0,1,1,1,0,0,1,0,0,0,1,1,0,1,10
FFF,2014J,647496,0,South West Region,A Level or Equivalent,20-30%,0-35,0,60,0,Pass,9,0,1,1,1,0,0,0,1,1,1,0,1,1,1,4
FFF,2014J,647525,0,South West Region,Lower Than A Level,90-100%,0-35,0,60,0,Withdrawn,10,1,0,0,1,1,1,0,0,1,1,1,1,1,1,1
FFF,2014J,647594,1,East Anglian Region,Lower Than A Level,80-90%,0-35,0,90,0,Withdrawn,6,1,0,1,0,0,0,1,1,0,1,0,0,0,1,9
FFF,2014J,647598,0,Ireland,A Level or Equivalent,80-90%,0-35,0,60,0,Fail,3,1,0,0,0,0,1,1,0,1,0,1,0,1,1,8
FFF,2014J,647765,0,South East Region,Lower Than A Level,30-40%,0-35,0,60,0,Pass,4,1,0,1,1,0,1,1,1,0,0,1,1,0,1,8
FFF,2014J,647784,1,North Region,HE Qualification,20-Oct,0-35,0,60,0,Withdrawn,3,1,1,1,0,1,0,1,0,1,0,0,1,1,1,8
FFF,2014J,647799,0,East Midlands Region,Lower Than A Level,20-Oct,35-55,0,120,0,Withdrawn,12,1,0,0,1,1,0,0,0,1,1,1,0,0,1,7
FFF,2014J,647841,0,West Midlands Region,Lower Than A Level,50-60%,0-35,0,60,0,Pass,4,1,0,0,1,1,0,1,1,0,1,1,0,0,1,8
FFF,2014J,647898,0,Wales,A Level or Equivalent,90-100%,0-35,0,60,0,Distinction,5,0,1,0,1,0,0,1,0,1,1,1,1,1,1,9
FFF,2014J,647910,1,Yorkshire Region,A Level or Equivalent,20-Oct,0-35,0,120,0,Fail,6,1,0,1,0,0,0,0,0,1,1,0,1,0,0,9
FFF,2014J,647915,0,Scotland,A Level or Equivalent,60-70%,0-35,0,180,0,Withdrawn,12,0,0,1,0,0,1,0,0,0,1,1,0,0,0,7
FFF,2014J,647945,0,East Anglian Region,Lower Than A Level,40-50%,0-35,0,120,0,Pass,11,1,1,1,0,0,1,0,0,0,1,0,1,1,1,6
FFF,2014J,647987,0,East Midlands Region,Lower Than A Level,30-40%,0-35,0,120,1,Fail,14,0,1,0,1,0,1,1,0,0,0,0,0,1,1,5
FFF,2014J,648027,0,North Western Region,A Level or Equivalent,70-80%,0-35,0,90,0,Pass,7,0,0,1,0,1,1,0,1,0,0,1,0,1,0,3
FFF,2014J,648037,0,South Region,A Level or Equivalent,40-50%,0-35,0,60,0,Distinction,8,0,1,1,1,0,0,0,1,0,0,1,1,0,0,3
FFF,2014J,648038,0,North Western Region,Lower Than A Level,0-10%,0-35,0,120,0,Pass,7,0,0,0,0,1,0,1,0,1,1,1,0,0,1,3
FFF,2014J,648040,0,Scotland,Lower Than A Level,20-Oct,0-35,0,60,0,Pass,16,0,0,1,1,0,1,1,1,0,0,1,1,0,0,10
FFF,2014J,648086,0,East Anglian Region,Lower Than A Level,60-70%,0-35,0,90,0,Pass,3,0,0,0,1,0,0,0,1,1,0,0,0,1,1,8
FFF,2014J,648105,0,Wales,Lower Than A Level,30-40%,0-35,0,60,0,Pass,1,1,1,0,0,1,0,0,1,0,0,1,1,0,0,2
FFF,2014J,648114,0,Scotland,Lower Than A Level,80-90%,0-35,0,90,0,Pass,2,0,1,1,1,1,0,0,0,0,1,1,1,1,1,2
FFF,2014J,648116,1,North Region,Lower Than A Level,20-Oct,0-35,0,120,0,Pass,6,0,0,0,0,0,0,1,0,0,0,1,0,0,1,9
FFF,2014J,648118,0,Scotland,A Level or Equivalent,20-30%,0-35,0,120,0,Withdrawn,11,1,1,0,0,1,1,1,0,0,0,1,0,1,0,6
FFF,2014J,648137,0,East Anglian Region,Lower Than A Level,20-30%,0-35,0,60,0,Withdrawn,10,0,1,1,0,0,1,1,1,1,0,1,1,0,0,1
FFF,2014J,648140,0,South Region,A Level or Equivalent,80-90%,0-35,0,120,0,Pass,2,1,1,1,1,0,1,1,0,1,1,0,1,0,1,2
FFF,2014J,648190,0,North Region,Lower Than A Level,20-Oct,0-35,0,120,0,Fail,8,0,1,1,1,0,1,0,1,1,1,1,0,1,1,3
FFF,2014J,648244,1,Wales,HE Qualification,40-50%,0-35,0,120,0,Fail,4,0,1,0,0,1,1,0,0,0,1,0,1,1,1,8
FFF,2014J,648254,0,East Midlands Region,Lower Than A Level,0-10%,0-35,0,60,0,Pass,11,1,0,0,0,1,0,0,0,1,0,1,1,0,1,6
FFF,2014J,648287,0,Wales,A Level or Equivalent,80-90%,0-35,0,150,0,Pass,6,1,0,0,1,0,0,1,1,1,1,1,1,0,1,9
FFF,2014J,648348,0,North Western Region,HE Qualification,20-Oct,0-35,0,90,0,Withdrawn,4,1,0,0,0,1,0,0,0,1,0,0,0,0,1,8
FFF,2014J,648353,0,North Western Region,Lower Than A Level,40-50%,0-35,0,120,0,Fail,9,0,1,1,0,1,1,0,0,1,0,1,1,1,0,4
FFF,2014J,648365,0,South West Region,HE Qualification,20-30%,0-35,0,60,0,Pass,10,1,0,0,1,0,1,0,0,0,0,1,1,0,0,1
FFF,2014J,648366,0,London Region,A Level or Equivalent,50-60%,0-35,0,60,0,Distinction,6,0,1,0,0,1,1,0,0,1,0,0,0,1,0,9
FFF,2014J,648373,0,East Midlands Region,A Level or Equivalent,30-40%,0-35,0,90,0,Withdrawn,3,0,0,0,0,1,1,1,1,1,1,0,0,1,1,8
FFF,2014J,648455,0,East Anglian Region,A Level or Equivalent,90-100%,0-35,0,120,0,Fail,9,0,0,0,0,1,0,1,1,0,0,0,0,0,0,4
FFF,2014J,648457,0,South East Region,A Level or Equivalent,60-70%,0-35,0,120,0,Distinction,2,0,0,1,0,1,1,0,0,1,1,0,1,1,1,2
FFF,2014J,648470,1,South East Region,A Level or Equivalent,30-40%,0-35,0,90,0,Distinction,15,1,1,0,1,1,1,0,1,0,0,1,1,0,0,10
FFF,2014J,648477,0,Yorkshire Region,Lower Than A Level,0-10%,0-35,0,120,0,Withdrawn,10,0,1,0,0,0,0,1,1,0,1,1,1,0,1,1
FFF,2014J,648508,0,London Region,A Level or Equivalent,20-30%,0-35,0,120,1,Fail,2,1,1,0,0,1,1,0,0,1,0,1,0,0,0,2
FFF,2014J,648515,0,Scotland,A Level or Equivalent,50-60%,0-35,0,120,0,Fail,3,1,1,1,1,0,0,0,0,0,0,1,0,0,1,8
FFF,2014J,648521,1,London Region,A Level or Equivalent,30-40%,0-35,0,90,0,Withdrawn,2,0,1,0,0,1,0,1,1,1,0,1,1,1,1,2
FFF,2014J,648531,0,London Region,Lower Than A Level,80-90%,0-35,0,150,1,Distinction,2,1,1,1,1,0,1,1,1,1,1,1,0,1,1,2
FFF,2014J,648536,0,East Midlands Region,A Level or Equivalent,80-90%,0-35,0,120,0,Distinction,13,0,0,1,1,1,0,1,0,1,1,1,1,0,0,5
FFF,2014J,648546,0,London Region,Lower Than A Level,0-10%,0-35,0,120,0,Withdrawn,2,1,0,0,0,1,0,1,1,0,0,0,1,1,1,2
FFF,2014J,648564,0,South Region,A Level or Equivalent,40-50%,0-35,0,120,0,Pass,1,1,1,0,1,0,0,1,1,1,1,0,1,1,0,2
FFF,2014J,648571,0,Scotland,A Level or Equivalent,90-100%,0-35,0,90,0,Distinction,5,1,1,1,0,0,0,1,0,1,1,1,0,1,0,9
FFF,2014J,648576,0,East Midlands Region,Lower Than A Level,30-40%,0-35,0,60,0,Withdrawn,13,1,0,0,0,1,1,0,0,1,0,0,1,1,1,5
FFF,2014J,648590,0,London Region,A Level or Equivalent,90-100%,0-35,0,120,0,Pass,8,1,1,1,0,0,0,1,1,1,0,0,1,1,0,3
FFF,2014J,648605,0,East Midlands Region,A Level or Equivalent,70-80%,0-35,0,120,0,Withdrawn,15,0,0,1,0,0,0,1,0,1,0,1,1,0,0,10
FFF,2014J,648611,0,Yorkshire Region,Lower Than A Level,30-40%,0-35,0,60,0,Withdrawn,16,0,1,0,1,1,0,1,0,1,1,1,0,0,0,10
FFF,2014J,648613,0,East Anglian Region,A Level or Equivalent,50-60%,0-35,0,60,0,Pass,7,1,1,0,0,0,0,0,0,0,0,0,0,1,0,3
FFF,2014J,648650,1,North Western Region,A Level or Equivalent,0-10%,0-35,0,180,0,Withdrawn,3,0,0,0,1,1,0,0,1,0,1,0,0,0,0,8
FFF,2014J,648661,0,South West Region,Lower Than A Level,0-10%,35-55,0,60,1,Fail,8,0,0,1,0,1,0,1,1,1,1,1,0,1,0,3
FFF,2014J,648667,0,South West Region,A Level or Equivalent,20-30%,0-35,0,60,0,Withdrawn,6,0,1,1,1,1,0,0,1,1,0,1,0,1,1,9
FFF,2014J,648685,0,West Midlands Region,A Level or Equivalent,20-Oct,0-35,0,60,0,Distinction,1,1,0,0,1,0,0,1,1,0,1,0,0,1,1,2
FFF,2014J,648698,0,South Region,A Level or Equivalent,80-90%,0-35,0,60,0,Withdrawn,5,1,1,0,0,1,1,0,0,1,1,1,1,1,0,9
FFF,2014J,648725,0,South West Region,A Level or Equivalent,60-70%,0-35,0,120,0,Withdrawn,5,0,1,0,0,1,0,0,1,0,0,0,0,0,0,9
FFF,2014J,648804,0,South East Region,Lower Than A Level,50-60%,0-35,0,60,0,Fail,3,0,0,0,1,1,0,0,1,0,0,1,0,0,0,8
FFF,2014J,648815,0,Scotland,Lower Than A Level,0-10%,0-35,0,120,0,Pass,8,1,1,0,1,0,0,1,1,1,1,0,0,0,1,3
FFF,2014J,648819,0,East Midlands Region,A Level or Equivalent,0-10%,0-35,0,120,0,Withdrawn,4,0,0,0,0,1,0,0,0,0,1,0,0,1,1,8
FFF,2014J,648840,0,South West Region,Lower Than A Level,90-100%,0-35,0,60,0,Withdrawn,3,1,1,0,0,0,0,0,1,1,0,0,0,1,0,8
FFF,2014J,648863,0,East Anglian Region,Lower Than A Level,80-90%,0-35,0,60,0,Withdrawn,14,0,1,0,1,0,1,0,0,0,0,1,0,0,0,5
FFF,2014J,648867,0,North Western Region,Lower Than A Level,20-Oct,0-35,0,60,0,Fail,4,0,1,0,0,1,1,1,0,0,1,1,0,0,0,8
FFF,2014J,648872,1,Wales,Lower Than A Level,20-Oct,0-35,0,120,0,Withdrawn,7,1,0,0,1,0,0,0,0,1,0,0,0,1,0,3
FFF,2014J,648903,0,London Region,Lower Than A Level,70-80%,0-35,0,120,0,Pass,13,0,0,0,0,1,0,1,1,0,1,1,0,1,1,5
FFF,2014J,648927,0,North Region,A Level or Equivalent,0-10%,0-35,0,150,1,Withdrawn,8,0,0,0,0,1,0,0,1,1,0,0,0,1,1,3
FFF,2014J,648930,0,North Region,Lower Than A Level,20-Oct,35-55,0,60,0,Fail,3,1,1,0,0,0,0,1,1,1,0,1,0,1,1,8
FFF,2014J,648972,0,East Anglian Region,Lower Than A Level,40-50%,0-35,0,60,0,Pass,9,1,1,1,0,1,0,1,0,1,0,0,0,0,1,4
FFF,2014J,648995,1,West Midlands Region,A Level or Equivalent,20-Oct,0-35,0,120,0,Withdrawn,13,1,0,1,1,0,0,1,1,0,1,1,1,1,0,5
FFF,2014J,649004,0,London Region,Lower Than A Level,30-40%,35-55,0,90,0,Pass,14,1,1,1,0,0,1,0,1,1,1,1,0,1,1,5
FFF,2014J,649009,0,Yorkshire Region,A Level or Equivalent,60-70%,0-35,0,120,0,Fail,6,1,0,1,1,0,1,0,0,1,1,1,0,0,1,9
FFF,2014J,649020,0,London Region,HE Qualification,60-70%,35-55,0,60,0,Withdrawn,12,0,1,0,0,0,1,1,1,0,0,1,0,0,0,7
FFF,2014J,649028,1,South West Region,A Level or Equivalent,70-80%,0-35,0,240,1,Withdrawn,12,1,1,0,0,1,0,1,0,0,1,0,1,0,0,7
FFF,2014J,649036,0,East Anglian Region,A Level or Equivalent,90-100%,0-35,0,120,0,Withdrawn,13,0,1,0,1,1,1,1,0,0,0,0,0,1,0,5
FFF,2014J,649079,0,London Region,Lower Than A Level,80-90%,35-55,0,60,0,Withdrawn,9,1,0,1,1,0,1,0,0,1,1,0,0,1,1,4
FFF,2014J,649084,0,South Region,Lower Than A Level,50-60%,0-35,0,120,0,Pass,13,0,0,1,0,1,1,0,0,0,1,1,1,0,0,5
FFF,2014J,649093,1,London Region,HE Qualification,20-30%,0-35,0,60,0,Distinction,12,1,0,1,0,0,1,1,0,1,1,0,0,0,1,7
FFF,2014J,649118,0,North Western Region,Lower Than A Level,0-10%,0-35,0,60,0,Pass,10,1,0,0,0,0,1,0,1,0,1,0,0,0,0,1
FFF,2014J,649141,0,Ireland,A Level or Equivalent,70-80%,35-55,0,90,0,Withdrawn,1,0,1,1,0,1,0,1,1,1,1,1,0,1,0,2
FFF,2014J,649147,0,East Midlands Region,Lower Than A Level,30-40%,0-35,0,180,0,Withdrawn,2,1,0,1,1,1,0,0,0,1,0,1,0,1,1,2
FFF,2014J,649159,0,Ireland,Lower Than A Level,30-40%,0-35,0,60,0,Pass,10,0,0,0,0,1,1,0,0,1,1,1,0,0,1,1
FFF,2014J,649161,0,North Western Region,No Formal quals,30-40%,0-35,0,120,0,Withdrawn,15,0,1,0,1,0,1,1,1,1,0,1,1,1,0,10
FFF,2014J,649165,0,South Region,A Level or Equivalent,,0-35,0,60,0,Pass,5,0,0,0,1,0,0,1,1,0,1,0,0,1,1,9
FFF,2014J,649207,0,East Midlands Region,A Level or Equivalent,20-Oct,0-35,0,60,0,Pass,12,0,0,0,0,0,1,0,1,0,1,1,1,1,1,7
FFF,2014J,649212,0,North Region,Lower Than A Level,20-Oct,0-35,0,90,0,Pass,10,0,0,1,1,0,0,0,1,1,0,0,0,0,0,1
FFF,2014J,649230,1,Scotland,Lower Than A Level,0-10%,0-35,0,180,0,Withdrawn,2,0,0,0,0,0,1,1,0,0,0,0,0,1,0,2
FFF,2014J,649258,0,Wales,A Level or Equivalent,70-80%,0-35,0,120,0,Fail,13,1,1,0,0,1,1,1,0,0,1,1,0,0,0,5
FFF,2014J,649284,0,South East Region,Lower Than A Level,30-40%,0-35,0,120,0,Pass,7,1,0,1,1,0,1,1,1,0,1,0,0,0,1,3
FFF,2014J,649325,1,West Midlands Region,A Level or Equivalent,0-10%,0-35,0,60,0,Withdrawn,8,1,0,0,0,0,1,0,1,1,0,1,0,0,1,3
FFF,2014J,649336,0,South West Region,A Level or Equivalent,40-50%,0-35,0,60,0,Withdrawn,8,1,0,0,1,0,0,0,0,1,0,0,1,0,1,3
FFF,2014J,649379,1,South East Region,A Level or Equivalent,60-70%,0-35,0,120,0,Pass,9,1,1,0,1,0,0,1,1,1,0,1,1,0,0,4
FFF,2014J,649385,0,South East Region,A Level or Equivalent,60-70%,0-35,0,90,1,Withdrawn,4,0,0,1,1,1,1,0,1,0,0,0,0,0,0,8
FFF,2014J,649389,0,East Midlands Region,Lower Than A Level,50-60%,0-35,0,60,0,Withdrawn,9,0,1,1,0,0,0,1,1,0,1,1,1,1,1,4
FFF,2014J,649400,0,North Western Region,HE Qualification,90-100%,0-35,0,120,0,Pass,16,1,0,1,1,0,0,1,0,0,0,1,1,0,0,10
FFF,2014J,649434,0,London Region,Lower Than A Level,0-10%,0-35,0,120,0,Pass,8,0,1,1,1,1,1,1,0,0,1,0,0,0,1,3
FFF,2014J,649435,0,North Region,Lower Than A Level,,35-55,0,90,0,Pass,13,1,0,1,1,0,1,0,1,0,0,1,1,0,1,5
FFF,2014J,649457,1,North Western Region,A Level or Equivalent,80-90%,0-35,0,90,0,Pass,15,1,0,0,0,1,1,1,1,1,0,0,0,0,1,10
FFF,2014J,649469,0,Yorkshire Region,A Level or Equivalent,30-40%,35-55,0,60,0,Fail,14,0,1,1,1,0,0,1,0,1,0,0,0,0,1,5
FFF,2014J,649523,0,North Western Region,Lower Than A Level,0-10%,0-35,0,120,0,Withdrawn,12,1,1,1,1,0,1,1,1,1,0,1,0,0,0,7
FFF,2014J,649547,0,Scotland,Lower Than A Level,30-40%,0-35,0,60,0,Withdrawn,7,1,1,0,1,0,1,0,0,1,1,1,0,0,0,3
FFF,2014J,649555,0,South Region,Lower Than A Level,50-60%,0-35,0,120,0,Withdrawn,3,0,1,1,0,0,0,1,1,1,1,0,1,0,0,8
FFF,2014J,649566,0,North Region,Lower Than A Level,,0-35,0,120,0,Fail,13,0,0,0,0,1,1,1,0,1,0,1,1,0,0,5
FFF,2014J,649580,0,London Region,A Level or Equivalent,40-50%,0-35,0,60,0,Withdrawn,10,1,0,0,0,0,0,1,0,1,1,0,0,0,1,1
FFF,2014J,649619,0,East Anglian Region,Lower Than A Level,90-100%,0-35,0,120,0,Distinction,6,1,0,0,0,1,0,1,1,1,1,0,1,0,0,9
FFF,2014J,649735,0,South West Region,A Level or Equivalent,30-40%,0-35,0,90,0,Pass,10,0,1,1,1,0,1,1,1,0,0,0,1,1,1,1
FFF,2014J,649764,1,London Region,Lower Than A Level,0-10%,0-35,0,60,0,Withdrawn,10,0,0,0,1,0,1,1,1,1,0,0,0,0,0,1
FFF,2014J,649806,0,Yorkshire Region,A Level or Equivalent,70-80%,0-35,0,60,0,Fail,7,1,0,1,1,0,0,1,1,0,0,1,1,0,1,3
FFF,2014J,649849,0,South East Region,A Level or Equivalent,30-40%,0-35,0,90,0,Withdrawn,15,0,1,0,0,0,1,1,1,1,1,1,0,0,1,10
FFF,2014J,649891,0,London Region,Lower Than A Level,60-70%,35-55,0,60,0,Withdrawn,8,0,1,0,0,1,0,1,0,0,0,1,1,0,0,3
FFF,2014J,649926,0,Scotland,HE Qualification,20-Oct,0-35,0,60,0,Withdrawn,14,0,0,1,1,0,1,0,0,0,1,1,0,0,0,5
FFF,2014J,649952,0,North Region,Lower Than A Level,,0-35,0,60,0,Pass,15,1,1,1,1,0,0,0,0,1,0,1,1,1,1,10
FFF,2014J,649954,1,London Region,A Level or Equivalent,20-Oct,0-35,0,60,0,Withdrawn,13,1,1,1,0,1,1,1,0,1,1,1,1,0,1,5
FFF,2014J,649979,0,Yorkshire Region,A Level or Equivalent,70-80%,0-35,0,120,0,Pass,10,0,1,1,1,0,1,1,0,1,1,1,1,0,0,1
FFF,2014J,650031,1,North Western Region,Lower Than A Level,30-40%,0-35,0,120,0,Fail,7,1,1,1,0,1,0,1,1,1,0,0,0,0,1,3
FFF,2014J,650048,0,South Region,Lower Than A Level,80-90%,0-35,0,120,0,Fail,13,1,0,1,1,1,1,1,1,1,1,1,0,1,0,5
FFF,2014J,650052,1,West Midlands Region,HE Qualification,60-70%,0-35,0,120,0,Withdrawn,11,1,1,0,0,1,1,0,1,1,1,1,1,0,1,6
FFF,2014J,650054,1,London Region,A Level or Equivalent,20-30%,0-35,0,120,0,Withdrawn,4,1,1,0,0,1,1,1,0,1,1,0,1,0,1,8
FFF,2014J,650085,0,East Midlands Region,A Level or Equivalent,80-90%,0-35,0,90,0,Withdrawn,2,0,0,1,1,0,0,1,0,0,0,1,1,1,1,2
FFF,2014J,650108,1,East Midlands Region,A Level or Equivalent,50-60%,0-35,0,120,0,Pass,4,0,0,1,1,0,0,1,0,0,1,0,0,1,0,8
FFF,2014J,650123,1,South East Region,A Level or Equivalent,80-90%,0-35,0,60,0,Withdrawn,1,0,0,1,0,0,0,0,0,0,0,0,0,0,0,2
FFF,2014J,650148,0,West Midlands Region,A Level or Equivalent,40-50%,0-35,0,150,0,Withdrawn,1,0,0,0,1,1,1,0,0,0,1,0,1,0,0,2
FFF,2014J,650160,0,Wales,Lower Than A Level,20-30%,0-35,0,120,0,Distinction,5,0,1,1,1,1,1,0,0,1,1,1,0,1,1,9
FFF,2014J,650170,0,East Midlands Region,Lower Than A Level,60-70%,0-35,0,60,0,Fail,13,1,0,1,0,0,1,1,1,0,1,1,0,1,1,5
FFF,2014J,650180,0,London Region,Lower Than A Level,20-Oct,0-35,0,60,0,Withdrawn,5,1,1,1,0,1,0,1,0,0,0,1,0,1,0,9
FFF,2014J,650251,0,East Midlands Region,A Level or Equivalent,20-Oct,0-35,0,60,0,Distinction,8,1,1,1,0,0,1,0,0,1,1,0,1,1,0,3
FFF,2014J,650285,1,South East Region,HE Qualification,50-60%,35-55,0,60,0,Withdrawn,1,0,0,0,0,0,1,0,1,0,0,1,0,0,0,2
FFF,2014J,650287,1,Ireland,Lower Than A Level,0-10%,35-55,0,120,0,Withdrawn,15,1,1,0,1,0,1,1,0,0,0,0,0,1,1,10
FFF,2014J,650321,0,East Anglian Region,Lower Than A Level,30-40%,0-35,0,60,0,Withdrawn,8,0,0,1,0,1,0,1,0,0,0,1,1,1,1,3
FFF,2014J,650353,0,East Anglian Region,Lower Than A Level,80-90%,0-35,0,120,0,Withdrawn,9,1,0,0,1,1,1,0,0,0,1,1,0,0,0,4
FFF,2014J,650363,0,South East Region,A Level or Equivalent,30-40%,0-35,0,90,0,Pass,15,1,1,0,0,1,1,1,1,1,1,1,0,0,1,10
FFF,2014J,650370,1,Scotland,HE Qualification,20-Oct,0-35,0,90,0,Pass,2,0,1,1,0,1,1,1,1,1,1,1,1,0,1,2
FFF,2014J,650398,0,South East Region,A Level or Equivalent,20-Oct,0-35,0,180,0,Withdrawn,8,1,0,1,0,0,0,1,1,0,1,0,1,0,1,3
FFF,2014J,650400,0,East Midlands Region,A Level or Equivalent,90-100%,0-35,0,120,0,Withdrawn,12,1,1,1,0,1,0,0,0,1,1,0,0,0,1,7
FFF,2014J,650424,0,West Midlands Region,Lower Than A Level,0-10%,0-35,0,120,0,Pass,2,0,0,0,0,0,1,0,1,0,0,1,0,1,0,2
FFF,2014J,650461,0,Yorkshire Region,Lower Than A Level,40-50%,0-35,0,60,0,Pass,3,1,1,0,1,1,1,1,0,1,0,1,0,1,0,8
FFF,2014J,650464,0,London Region,Lower Than A Level,80-90%,0-35,0,60,0,Withdrawn,7,0,1,1,0,1,1,0,1,1,0,0,1,1,0,3
FFF,2014J,650469,0,Yorkshire Region,A Level or Equivalent,70-80%,0-35,0,120,0,Pass,14,1,1,0,0,0,0,1,1,0,1,0,1,1,0,5
FFF,2014J,650473,0,West Midlands Region,A Level or Equivalent,0-10%,0-35,0,60,0,Pass,12,0,1,1,1,0,0,0,1,1,0,1,0,1,0,7
FFF,2014J,650543,0,South West Region,A Level or Equivalent,40-50%,0-35,0,60,0,Fail,13,1,0,0,1,1,0,1,0,1,1,1,1,1,0,5
FFF,2014J,650544,0,South Region,Lower Than A Level,60-70%,35-55,0,90,0,Withdrawn,4,1,1,1,1,0,0,1,1,1,1,0,1,1,0,8
FFF,2014J,650570,0,Yorkshire Region,HE Qualification,70-80%,0-35,0,120,0,Pass,2,0,1,0,0,1,1,1,1,0,0,0,1,0,1,2
FFF,2014J,650637,0,Yorkshire Region,Lower Than A Level,80-90%,0-35,0,120,0,Withdrawn,15,1,1,1,0,1,0,1,1,0,0,0,0,1,1,10
FFF,2014J,650682,0,Wales,Lower Than A Level,30-40%,0-35,0,120,0,Withdrawn,6,1,1,0,0,0,1,0,1,1,1,0,0,1,1,9
FFF,2014J,650716,0,London Region,A Level or Equivalent,70-80%,35-55,0,120,0,Fail,15,1,1,1,1,1,1,0,0,0,0,0,0,0,1,10
FFF,2014J,650717,0,East Anglian Region,Lower Than A Level,30-40%,0-35,0,150,0,Withdrawn,8,0,1,0,0,1,1,0,1,0,0,0,1,0,1,3
FFF,2014J,650758,0,Yorkshire Region,Lower Than A Level,20-30%,35-55,0,120,0,Fail,10,0,0,1,1,0,1,1,0,0,1,1,0,0,1,1
FFF,2014J,650791,0,Scotland,A Level or Equivalent,40-50%,0-35,0,120,0,Withdrawn,3,0,0,0,0,1,0,0,0,1,0,0,0,0,0,8
FFF,2014J,650861,1,Scotland,Post Graduate Qualification,80-90%,0-35,0,60,0,Fail,15,1,1,1,1,1,1,0,0,1,1,1,1,0,0,10
FFF,2014J,650866,0,Wales,A Level or Equivalent,30-40%,35-55,0,60,0,Pass,3,1,0,1,1,0,1,1,1,0,0,1,0,0,1,8
FFF,2014J,650923,0,South West Region,A Level or Equivalent,30-40%,0-35,0,60,0,Pass,7,1,0,1,0,1,1,1,1,1,1,1,0,1,0,3
FFF,2014J,650952,0,South Region,Lower Than A Level,70-80%,35-55,0,60,0,Withdrawn,1,0,0,0,1,0,0,0,1,0,1,0,1,1,1,2
FFF,2014J,650960,0,East Anglian Region,A Level or Equivalent,70-80%,0-35,0,60,0,Pass,10,1,0,0,1,1,1,1,0,1,1,0,0,1,0,1
FFF,2014J,651040,0,South East Region,A Level or Equivalent,60-70%,0-35,0,120,0,Pass,9,0,1,1,1,1,0,0,0,1,1,1,1,1,1,4
FFF,2014J,651121,0,West Midlands Region,Lower Than A Level,70-80%,0-35,0,90,0,Pass,3,1,0,1,1,1,0,1,0,1,1,0,1,0,0,8
FFF,2014J,651126,0,South East Region,Lower Than A Level,30-40%,0-35,0,120,0,Pass,16,0,0,0,1,0,1,1,0,0,1,0,1,0,1,10
FFF,2014J,651182,0,West Midlands Region,Lower Than A Level,50-60%,0-35,0,60,0,Pass,14,1,1,0,1,0,1,1,0,0,0,1,1,0,0,5
FFF,2014J,651200,0,North Western Region,A Level or Equivalent,40-50%,0-35,0,60,0,Fail,12,0,1,1,1,0,0,0,1,0,0,0,0,1,0,7
FFF,2014J,651238,0,North Western Region,Lower Than A Level,40-50%,0-35,0,60,0,Pass,10,0,1,0,0,1,1,0,0,0,0,1,0,1,0,1
FFF,2014J,651253,0,Scotland,HE Qualification,30-40%,0-35,0,60,0,Withdrawn,16,1,0,0,0,0,1,1,1,1,0,1,0,1,0,10
FFF,2014J,651255,1,Wales,A Level or Equivalent,20-30%,35-55,0,60,0,Fail,6,1,1,1,1,1,0,0,0,0,0,1,1,0,0,9
FFF,2014J,651330,0,East Midlands Region,A Level or Equivalent,80-90%,0-35,0,150,1,Fail,14,1,1,0,0,0,0,1,0,1,1,1,0,1,1,5
FFF,2014J,651334,0,North Western Region,A Level or Equivalent,20-Oct,0-35,0,60,0,Fail,3,1,0,0,0,0,0,0,1,0,0,0,1,1,0,8
FFF,2014J,651351,1,East Midlands Region,Lower Than A Level,20-30%,0-35,0,120,0,Withdrawn,10,1,0,1,0,1,1,1,0,0,0,0,1,1,0,1
FFF,2014J,651354,0,Yorkshire Region,Lower Than A Level,0-10%,0-35,0,90,0,Pass,3,1,0,0,1,1,1,0,0,1,1,1,1,1,0,8
FFF,2014J,651381,0,South Region,Lower Than A Level,40-50%,0-35,0,60,0,Pass,15,0,0,1,1,0,1,0,1,1,0,0,1,1,1,10
FFF,2014J,651398,0,South Region,Lower Than A Level,,0-35,0,120,0,Withdrawn,11,0,1,1,0,1,0,1,1,1,0,0,1,1,1,6
FFF,2014J,651419,0,Wales,Lower Than A Level,90-100%,0-35,0,60,0,Pass,6,1,1,0,0,1,0,0,1,0,0,1,1,1,1,9
FFF,2014J,651473,1,North Western Region,A Level or Equivalent,20-Oct,0-35,0,60,0,Withdrawn,11,0,0,0,0,1,1,1,1,0,1,0,1,1,1,6
FFF,2014J,651478,0,East Anglian Region,A Level or Equivalent,80-90%,0-35,0,90,0,Distinction,14,1,1,1,0,1,0,1,1,0,1,1,1,1,1,5
FFF,2014J,651498,0,East Anglian Region,Lower Than A Level,80-90%,0-35,0,60,0,Pass,11,0,1,1,1,1,1,1,0,0,1,1,0,1,1,6
FFF,2014J,651555,0,West Midlands Region,A Level or Equivalent,60-70%,0-35,0,60,0,Distinction,12,0,0,1,0,1,0,1,0,1,1,0,0,1,1,7
FFF,2014J,651598,1,North Region,Lower Than A Level,,0-35,0,60,0,Distinction,4,1,0,0,0,1,0,1,1,0,1,0,0,0,1,8
FFF,2014J,651608,1,East Anglian Region,A Level or Equivalent,60-70%,35-55,0,120,0,Withdrawn,12,0,0,1,1,1,0,0,1,1,1,0,1,1,1,7
FFF,2014J,651611,0,Yorkshire Region,Lower Than A Level,0-10%,0-35,0,120,1,Withdrawn,2,1,0,0,0,1,0,1,0,1,0,0,1,1,1,2
FFF,2014J,651639,0,East Anglian Region,A Level or Equivalent,90-100%,35-55,0,120,0,Withdrawn,1,1,0,1,0,1,1,1,1,0,0,0,1,1,1,2
FFF,2014J,651693,0,Ireland,A Level or Equivalent,30-40%,0-35,0,60,0,Fail,1,0,0,0,1,1,1,0,1,0,1,1,1,0,0,2
FFF,2014J,651697,0,East Anglian Region,Lower Than A Level,80-90%,0-35,0,120,0,Withdrawn,2,1,0,0,1,1,1,0,0,1,1,1,0,0,1,2
FFF,2014J,651879,0,South West Region,A Level or Equivalent,90-100%,0-35,0,60,0,Withdrawn,16,1,0,0,1,1,0,0,1,1,0,1,0,1,0,10
FFF,2014J,651881,0,East Midlands Region,A Level or Equivalent,20-Oct,0-35,0,60,1,Pass,9,0,0,1,1,1,1,0,0,0,1,0,0,0,0,4
FFF,2014J,651886,0,Scotland,HE Qualification,50-60%,0-35,0,90,0,Withdrawn,14,1,1,1,1,1,1,0,0,1,1,0,1,1,1,5
FFF,2014J,651927,0,East Anglian Region,A Level or Equivalent,70-80%,0-35,0,120,0,Distinction,15,0,0,0,1,0,0,1,0,1,0,1,0,1,0,10
FFF,2014J,651972,1,Ireland,Lower Than A Level,60-70%,35-55,0,60,0,Fail,10,1,0,0,1,0,1,0,1,0,0,0,1,0,1,1
FFF,2014J,651990,0,South West Region,A Level or Equivalent,30-40%,0-35,0,60,0,Pass,5,0,0,1,0,1,1,0,0,0,1,1,1,1,0,9
FFF,2014J,652008,0,South Region,HE Qualification,60-70%,0-35,0,60,0,Pass,9,0,1,1,1,0,1,1,1,1,1,0,1,1,1,4
FFF,2014J,652025,0,West Midlands Region,A Level or Equivalent,30-40%,0-35,0,120,0,Withdrawn,16,0,0,0,0,1,1,0,0,1,1,0,1,0,1,10
FFF,2014J,652064,0,South West Region,Lower Than A Level,20-30%,35-55,0,60,0,Distinction,3,0,1,1,1,0,0,1,0,1,1,1,1,0,0,8
FFF,2014J,652087,0,West Midlands Region,A Level or Equivalent,70-80%,0-35,0,60,0,Pass,14,0,1,0,1,1,1,1,0,0,0,1,1,0,0,5
FFF,2014J,652311,0,North Western Region,A Level or Equivalent,20-Oct,0-35,0,60,0,Withdrawn,3,0,0,0,1,0,0,1,1,1,0,1,1,0,1,8
FFF,2014J,652333,1,East Anglian Region,Lower Than A Level,20-30%,35-55,0,150,0,Pass,2,1,1,1,1,1,0,1,1,1,1,1,1,1,0,2
FFF,2014J,652335,0,South Region,Lower Than A Level,90-100%,35-55,0,60,0,Pass,12,1,0,0,0,1,0,0,0,0,0,0,0,1,0,7
FFF,2014J,652336,0,Wales,A Level or Equivalent,80-90%,0-35,0,120,0,Withdrawn,1,0,0,0,1,0,1,0,1,0,1,1,0,1,0,2
FFF,2014J,652438,1,Ireland,Lower Than A Level,,0-35,0,60,0,Pass,11,1,1,1,0,0,0,1,1,0,1,0,0,0,0,6
FFF,2014J,652569,0,London Region,Lower Than A Level,0-10%,0-35,0,60,0,Withdrawn,10,1,1,0,0,1,0,0,0,1,0,0,0,0,1,1
FFF,2014J,652576,0,Wales,HE Qualification,20-30%,0-35,0,120,0,Pass,3,1,1,0,1,1,1,1,0,0,0,1,1,0,0,8
FFF,2014J,652593,0,South Region,Lower Than A Level,80-90%,35-55,0,120,0,Withdrawn,12,0,0,1,1,0,0,1,0,0,1,0,0,1,1,7
FFF,2014J,652625,1,Wales,Lower Than A Level,60-70%,0-35,0,60,1,Distinction,12,1,0,1,0,0,0,1,1,0,0,0,1,0,0,7
FFF,2014J,652647,0,West Midlands Region,Lower Than A Level,50-60%,0-35,0,90,0,Fail,7,1,1,0,0,0,1,0,1,1,1,1,0,0,0,3
FFF,2014J,652659,0,East Midlands Region,Lower Than A Level,60-70%,0-35,0,60,0,Pass,13,0,1,1,1,1,1,1,1,0,1,1,1,1,1,5
FFF,2014J,652664,0,Yorkshire Region,A Level or Equivalent,60-70%,0-35,0,60,0,Fail,14,0,1,0,0,0,0,1,1,0,0,1,1,0,0,5
FFF,2014J,652672,1,South Region,A Level or Equivalent,70-80%,0-35,0,60,0,Pass,12,0,1,0,1,0,1,1,1,0,0,1,0,0,0,7
FFF,2014J,652684,0,North Region,A Level or Equivalent,80-90%,0-35,0,60,0,Distinction,7,0,0,0,1,1,1,0,0,0,0,0,1,0,1,3
FFF,2014J,652706,0,North Region,A Level or Equivalent,50-60%,0-35,0,120,0,Withdrawn,12,1,0,1,1,1,1,0,1,0,1,0,1,0,0,7
FFF,2014J,652711,0,Wales,Lower Than A Level,50-60%,35-55,0,60,0,Pass,2,0,0,0,0,0,1,1,1,0,1,1,0,0,1,2
FFF,2014J,652752,0,North Western Region,Lower Than A Level,20-Oct,0-35,0,120,0,Fail,14,1,0,1,0,0,0,0,1,0,0,0,0,0,0,5
FFF,2014J,652753,0,South Region,A Level or Equivalent,40-50%,0-35,0,120,0,Pass,2,1,0,0,1,0,1,1,0,1,1,1,1,1,0,2
FFF,2014J,652769,0,Ireland,A Level or Equivalent,60-70%,0-35,0,60,0,Fail,2,1,0,0,0,1,1,0,0,1,1,1,0,1,0,2
FFF,2014J,652788,0,South Region,Lower Than A Level,30-40%,0-35,0,60,0,Distinction,15,1,0,0,0,0,0,1,1,1,1,0,0,0,0,10
FFF,2014J,652801,1,Wales,Lower Than A Level,20-30%,35-55,0,60,1,Withdrawn,15,1,0,0,0,0,0,0,0,1,0,0,0,0,1,10
FFF,2014J,652824,0,South West Region,Lower Than A Level,0-10%,0-35,0,60,0,Fail,13,0,1,0,0,0,1,1,0,1,1,1,1,1,1,5
FFF,2014J,652832,0,South East Region,Lower Than A Level,60-70%,35-55,0,60,0,Withdrawn,14,1,0,0,0,1,1,1,0,0,1,0,0,0,1,5
FFF,2014J,652887,1,Scotland,A Level or Equivalent,40-50%,0-35,0,120,0,Pass,14,0,1,0,1,0,1,1,0,0,0,1,0,1,0,5
FFF,2014J,652890,0,West Midlands Region,Lower Than A Level,20-Oct,0-35,0,120,0,Fail,8,0,0,0,1,0,1,0,0,1,1,1,1,0,1,3
FFF,2014J,652898,0,North Western Region,Lower Than A Level,20-Oct,0-35,0,90,0,Pass,2,1,1,1,1,1,0,0,1,1,1,1,0,1,0,2
FFF,2014J,652994,0,North Western Region,Lower Than A Level,20-Oct,0-35,0,120,0,Pass,5,0,1,0,1,1,1,0,0,1,0,1,0,1,0,9
FFF,2014J,652998,0,South Region,Lower Than A Level,90-100%,0-35,0,60,0,Fail,1,0,1,1,0,0,1,0,1,1,1,0,0,1,0,2
FFF,2014J,653045,0,Ireland,Lower Than A Level,90-100%,35-55,0,60,0,Pass,1,1,0,0,0,1,1,1,1,0,1,0,0,1,1,2
FFF,2014J,653051,1,South Region,Lower Than A Level,70-80%,0-35,0,180,1,Withdrawn,13,1,0,0,1,1,0,0,1,1,1,1,0,0,1,5
FFF,2014J,653115,1,Yorkshire Region,HE Qualification,0-10%,35-55,0,120,0,Pass,10,0,1,0,1,0,0,0,0,0,0,0,0,0,0,1
FFF,2014J,653144,0,Scotland,HE Qualification,50-60%,0-35,0,90,0,Withdrawn,7,1,1,0,1,1,1,0,0,1,0,0,0,0,1,3
FFF,2014J,653174,0,East Anglian Region,Lower Than A Level,0-10%,0-35,0,60,0,Withdrawn,15,1,0,1,1,0,0,0,1,1,1,0,1,1,1,10
FFF,2014J,653183,0,East Midlands Region,Lower Than A Level,30-40%,0-35,0,90,0,Withdrawn,13,0,1,1,0,0,0,0,1,1,1,1,1,0,1,5
FFF,2014J,653206,0,London Region,Lower Than A Level,20-30%,0-35,0,240,0,Withdrawn,13,0,1,1,1,1,0,0,0,0,0,0,1,1,0,5
FFF,2014J,653255,0,London Region,A Level or Equivalent,20-Oct,0-35,0,120,0,Withdrawn,1,0,1,0,0,1,1,1,1,0,0,1,0,0,0,2
FFF,2014J,653297,0,North Region,Lower Than A Level,,0-35,0,60,0,Pass,1,1,1,1,1,1,0,1,0,0,0,0,0,1,1,2
FFF,2014J,653301,1,Ireland,A Level or Equivalent,70-80%,0-35,0,90,0,Pass,6,1,1,1,1,0,0,0,1,0,1,0,0,0,1,9
FFF,2014J,653336,0,Yorkshire Region,Lower Than A Level,0-10%,0-35,0,60,0,Withdrawn,16,1,1,1,1,0,0,1,1,1,0,0,0,1,1,10
FFF,2014J,653356,1,Yorkshire Region,Lower Than A Level,50-60%,0-35,0,60,0,Withdrawn,4,1,1,0,1,0,0,1,0,1,0,1,1,0,0,8
FFF,2014J,653372,0,North Western Region,A Level or Equivalent,20-Oct,0-35,0,60,0,Withdrawn,5,0,1,1,0,1,1,0,0,1,1,0,1,0,1,9
FFF,2014J,653381,0,East Anglian Region,A Level or Equivalent,50-60%,0-35,0,120,0,Pass,6,1,0,1,1,1,1,1,1,1,1,1,0,1,0,9
FFF,2014J,653417,0,London Region,A Level or Equivalent,70-80%,0-35,0,120,0,Pass,4,1,0,1,0,1,1,1,0,0,1,0,0,1,1,8
FFF,2014J,653536,0,East Midlands Region,Lower Than A Level,20-Oct,0-35,0,60,0,Pass,15,1,1,1,0,0,1,1,0,0,1,1,1,1,1,10
FFF,2014J,653558,0,South East Region,Lower Than A Level,20-Oct,0-35,0,60,0,Pass,13,0,0,1,1,1,0,1,0,0,0,1,0,1,0,5
FFF,2014J,653567,0,North Region,A Level or Equivalent,90-100%,0-35,0,60,0,Pass,1,1,1,1,0,0,1,0,1,0,1,1,1,1,1,2
FFF,2014J,653595,0,South East Region,HE Qualification,20-Oct,0-35,0,60,0,Pass,12,1,1,1,0,0,0,0,1,1,0,0,0,0,1,7
FFF,2014J,653616,0,West Midlands Region,Lower Than A Level,30-40%,0-35,0,60,0,Withdrawn,13,0,0,1,1,0,1,1,1,0,1,0,1,0,0,5
FFF,2014J,653653,0,South Region,Lower Than A Level,20-Oct,0-35,0,90,1,Pass,8,0,0,1,1,1,1,1,0,0,1,1,1,0,0,3
FFF,2014J,653659,0,North Region,A Level or Equivalent,20-30%,0-35,0,60,0,Fail,8,1,1,1,1,1,1,1,0,1,1,1,0,0,0,3
FFF,2014J,653747,1,Wales,A Level or Equivalent,40-50%,0-35,0,90,0,Withdrawn,11,0,1,0,0,0,1,0,1,0,1,0,0,1,0,6
FFF,2014J,653773,0,London Region,A Level or Equivalent,20-30%,0-35,0,60,1,Pass,5,1,1,1,1,0,0,1,1,1,1,0,0,1,0,9
FFF,2014J,653797,0,South East Region,Lower Than A Level,30-40%,0-35,0,60,1,Withdrawn,11,0,0,0,1,0,0,1,1,1,1,1,1,1,0,6
FFF,2014J,653841,0,Yorkshire Region,Lower Than A Level,60-70%,0-35,0,90,0,Pass,14,1,1,0,0,1,1,0,1,1,1,1,0,1,1,5
FFF,2014J,653846,0,North Western Region,A Level or Equivalent,40-50%,35-55,0,120,0,Withdrawn,1,0,0,1,1,1,0,1,0,0,0,1,1,1,1,2
FFF,2014J,653848,0,North Region,Lower Than A Level,20-Oct,0-35,0,120,1,Withdrawn,3,1,0,1,0,0,0,0,1,0,1,1,0,0,0,8
FFF,2014J,653854,0,North Western Region,HE Qualification,0-10%,0-35,0,120,0,Withdrawn,15,0,0,1,0,1,0,1,1,0,0,0,1,0,0,10
FFF,2014J,653857,0,Scotland,HE Qualification,30-40%,35-55,0,90,0,Fail,1,0,0,1,1,0,0,0,1,1,1,0,1,1,1,2
FFF,2014J,653988,0,London Region,No Formal quals,20-Oct,0-35,0,120,0,Fail,3,0,1,0,1,1,1,0,0,1,1,0,1,1,1,8
FFF,2014J,654045,1,Wales,HE Qualification,50-60%,35-55,0,60,0,Pass,2,1,0,1,1,0,1,1,1,0,1,1,1,1,0,2
FFF,2014J,654048,0,Yorkshire Region,Lower Than A Level,30-40%,0-35,0,240,0,Withdrawn,11,0,0,1,1,1,0,1,1,0,1,1,0,0,0,6
FFF,2014J,654094,0,Scotland,Lower Than A Level,60-70%,0-35,0,60,1,Withdrawn,8,1,0,0,0,0,0,0,0,1,0,1,1,1,1,3
FFF,2014J,654112,0,South Region,Lower Than A Level,90-100%,35-55,0,60,0,Withdrawn,6,0,0,0,1,0,1,1,1,0,1,0,1,1,0,9
FFF,2014J,654114,0,Yorkshire Region,Lower Than A Level,0-10%,0-35,0,120,0,Pass,13,0,0,0,1,1,1,1,0,1,1,1,1,1,1,5
FFF,2014J,654169,0,North Region,Lower Than A Level,,0-35,0,60,0,Pass,3,1,1,0,1,0,0,0,0,0,1,0,0,0,0,8
FFF,2014J,654217,0,North Region,Lower Than A Level,70-80%,35-55,0,60,0,Pass,5,0,0,0,1,1,1,0,1,0,1,0,1,1,0,9
FFF,2014J,654228,1,Scotland,Post Graduate Qualification,90-100%,35-55,0,60,0,Withdrawn,10,0,0,0,0,0,0,1,0,1,1,0,0,0,0,1
FFF,2014J,654236,0,North Region,A Level or Equivalent,,0-35,0,90,0,Pass,9,0,0,0,0,0,1,0,1,1,1,1,0,1,1,4
FFF,2014J,654260,0,Ireland,A Level or Equivalent,,0-35,0,120,0,Distinction,4,1,1,0,0,1,0,0,1,0,0,0,1,1,0,8
FFF,2014J,654289,0,South Region,Lower Than A Level,40-50%,0-35,0,120,0,Withdrawn,13,0,1,0,1,0,0,0,1,1,1,0,0,0,1,5
FFF,2014J,654322,0,London Region,A Level or Equivalent,60-70%,0-35,0,120,1,Withdrawn,6,1,1,1,0,1,0,0,0,1,0,0,1,0,1,9
FFF,2014J,654338,1,West Midlands Region,Lower Than A Level,0-10%,0-35,0,90,0,Withdrawn,14,1,0,1,0,0,0,0,1,1,0,1,1,1,0,5
FFF,2014J,654339,0,South Region,Lower Than A Level,50-60%,35-55,0,60,0,Pass,13,0,0,0,1,1,1,0,1,0,0,0,0,1,0,5
FFF,2014J,654351,0,Scotland,HE Qualification,80-90%,0-35,0,90,0,Fail,7,1,1,0,1,1,1,1,1,1,1,1,1,1,0,3
FFF,2014J,654407,0,North Region,Lower Than A Level,0-10%,0-35,0,150,0,Withdrawn,12,0,1,1,0,1,1,1,1,0,1,0,0,1,0,7
FFF,2014J,654432,0,London Region,HE Qualification,20-30%,35-55,0,60,0,Withdrawn,1,0,0,0,1,0,0,0,1,0,1,0,0,1,1,2
FFF,2014J,654441,0,Yorkshire Region,A Level or Equivalent,60-70%,0-35,0,60,0,Fail,15,0,1,1,0,0,0,0,0,1,1,1,0,1,1,10
FFF,2014J,654563,0,East Midlands Region,Lower Than A Level,20-30%,0-35,0,60,0,Withdrawn,4,1,0,1,0,1,0,0,1,1,1,0,1,0,0,8
FFF,2014J,654565,0,East Anglian Region,A Level or Equivalent,90-100%,0-35,0,120,0,Pass,7,1,1,0,0,0,1,0,1,0,0,0,1,0,0,3
FFF,2014J,654578,0,North Region,A Level or Equivalent,80-90%,0-35,0,60,0,Pass,3,0,1,0,1,1,0,1,1,1,1,0,1,0,1,8
FFF,2014J,654597,0,East Anglian Region,Lower Than A Level,80-90%,0-35,0,120,0,Pass,2,0,0,1,0,1,1,1,0,0,0,1,0,1,0,2
FFF,2014J,654619,0,London Region,Lower Than A Level,20-Oct,35-55,0,120,0,Withdrawn,7,1,1,0,1,1,1,1,1,0,1,0,1,0,1,3
FFF,2014J,654620,1,South West Region,A Level or Equivalent,60-70%,0-35,0,120,0,Withdrawn,8,1,1,0,0,0,1,1,0,1,1,1,1,1,1,3
FFF,2014J,654671,1,South Region,A Level or Equivalent,20-30%,0-35,0,150,1,Withdrawn,9,0,1,1,1,0,1,0,1,1,1,1,0,1,1,4
FFF,2014J,654677,0,North Western Region,Lower Than A Level,20-Oct,0-35,0,60,0,Withdrawn,3,0,1,0,1,1,0,1,0,1,0,1,1,1,0,8
FFF,2014J,654684,1,North Region,Lower Than A Level,,0-35,0,90,0,Withdrawn,1,0,0,1,1,1,1,0,0,1,1,1,1,1,0,2
FFF,2014J,654692,0,Ireland,A Level or Equivalent,80-90%,0-35,0,60,0,Fail,6,0,0,0,1,1,0,1,1,0,0,0,0,0,0,9
FFF,2014J,654698,0,North Western Region,Lower Than A Level,20-30%,0-35,0,60,0,Withdrawn,11,0,1,1,1,0,0,1,1,1,1,0,1,1,1,6
FFF,2014J,654732,1,London Region,Lower Than A Level,20-Oct,0-35,0,120,0,Withdrawn,8,1,0,0,1,1,0,0,1,1,1,1,1,0,0,3
FFF,2014J,654738,0,East Midlands Region,Lower Than A Level,90-100%,0-35,0,120,0,Withdrawn,6,0,0,0,1,1,1,1,1,0,1,0,0,1,0,9
FFF,2014J,654816,1,London Region,Lower Than A Level,20-Oct,35-55,0,180,0,Withdrawn,6,1,0,0,1,1,1,0,1,0,0,1,1,1,0,9
FFF,2014J,654819,0,Wales,Lower Than A Level,0-10%,0-35,0,90,1,Distinction,11,0,0,1,0,0,1,0,0,1,0,0,1,0,1,6
FFF,2014J,654824,0,North Region,Lower Than A Level,,35-55,0,60,0,Pass,11,1,1,1,1,1,1,0,1,1,1,1,1,1,1,6
FFF,2014J,654834,0,West Midlands Region,A Level or Equivalent,30-40%,0-35,0,120,0,Distinction,5,1,1,1,1,1,1,1,0,0,1,1,0,0,0,9
FFF,2014J,654852,1,East Midlands Region,Lower Than A Level,30-40%,0-35,0,60,0,Withdrawn,3,0,1,0,0,0,1,0,0,1,0,1,0,0,0,8
FFF,2014J,654867,1,Scotland,HE Qualification,70-80%,0-35,0,60,0,Distinction,15,1,1,1,1,1,0,1,0,1,0,0,1,0,0,10
FFF,2014J,654943,0,South East Region,A Level or Equivalent,30-40%,0-35,0,120,0,Withdrawn,15,0,0,1,0,0,0,1,0,1,0,0,1,0,0,10
FFF,2014J,654947,0,West Midlands Region,Lower Than A Level,0-10%,0-35,0,60,0,Fail,2,1,0,0,1,1,1,1,0,0,1,0,0,0,0,2
FFF,2014J,654960,0,East Anglian Region,A Level or Equivalent,80-90%,0-35,0,120,0,Withdrawn,8,0,0,0,1,0,1,1,0,1,1,0,0,1,1,3
FFF,2014J,655028,0,North Western Region,Lower Than A Level,40-50%,0-35,0,120,0,Fail,10,0,1,0,1,1,0,1,1,0,1,1,1,1,1,1
FFF,2014J,655088,1,East Anglian Region,Lower Than A Level,60-70%,0-35,0,120,1,Withdrawn,11,0,0,0,0,1,1,0,0,1,1,1,1,1,1,6
FFF,2014J,655113,0,East Midlands Region,Lower Than A Level,20-Oct,0-35,0,120,0,Withdrawn,7,0,1,1,0,0,1,1,1,1,1,0,1,0,0,3
FFF,2014J,655115,0,North Region,Lower Than A Level,,0-35,0,60,1,Pass,16,0,0,0,1,1,0,1,1,1,0,0,1,0,0,10
FFF,2014J,655124,0,South Region,Lower Than A Level,20-Oct,0-35,0,60,0,Fail,4,0,0,1,0,1,0,1,1,1,1,1,0,0,0,8
FFF,2014J,655127,1,Ireland,A Level or Equivalent,30-40%,0-35,0,90,0,Distinction,16,1,1,0,1,1,1,1,1,0,0,0,1,1,0,10
FFF,2014J,655353,0,London Region,HE Qualification,70-80%,35-55,0,150,0,Pass,7,1,1,1,0,1,0,0,1,1,0,0,1,0,1,3
FFF,2014J,655386,0,North Western Region,Lower Than A Level,0-10%,0-35,0,60,0,Distinction,10,1,1,0,0,0,1,0,1,0,0,1,0,1,1,1
FFF,2014J,655402,1,London Region,Lower Than A Level,30-40%,0-35,0,150,0,Withdrawn,9,1,1,1,0,1,1,0,0,0,0,0,0,1,1,4
FFF,2014J,655412,0,Yorkshire Region,Lower Than A Level,70-80%,0-35,0,60,0,Pass,7,0,1,1,0,1,0,1,1,1,0,1,1,0,1,3
FFF,2014J,655416,0,South East Region,A Level or Equivalent,70-80%,0-35,0,60,0,Withdrawn,3,1,1,0,0,0,0,0,1,1,0,1,1,0,1,8
FFF,2014J,655417,0,South West Region,Lower Than A Level,50-60%,35-55,0,60,0,Withdrawn,13,1,1,0,1,1,0,0,1,0,1,0,1,1,0,5
FFF,2014J,655445,0,Yorkshire Region,A Level or Equivalent,40-50%,0-35,0,120,0,Pass,8,1,1,0,1,1,0,0,1,0,0,0,0,1,0,3
FFF,2014J,655492,0,South East Region,A Level or Equivalent,50-60%,0-35,0,120,0,Withdrawn,3,1,0,0,0,1,1,0,1,0,0,1,1,1,0,8
FFF,2014J,655569,0,West Midlands Region,Lower Than A Level,60-70%,0-35,0,120,0,Pass,7,0,0,0,0,1,1,0,0,0,0,0,0,0,1,3
FFF,2014J,655627,0,Yorkshire Region,Lower Than A Level,30-40%,0-35,0,120,0,Withdrawn,7,0,0,1,0,0,0,1,1,0,0,1,0,0,0,3
FFF,2014J,655629,1,South West Region,A Level or Equivalent,20-30%,0-35,0,120,0,Withdrawn,2,0,0,0,0,0,0,0,0,1,0,0,0,1,0,2
FFF,2014J,655720,0,Scotland,HE Qualification,40-50%,35-55,0,120,0,Withdrawn,8,1,1,0,0,1,0,0,0,0,0,1,0,1,0,3
FFF,2014J,655747,1,East Midlands Region,Lower Than A Level,40-50%,35-55,0,80,0,Withdrawn,16,1,1,0,1,1,1,0,0,0,1,0,1,1,0,10
FFF,2014J,655796,0,North Region,A Level or Equivalent,30-40%,0-35,0,120,0,Pass,7,0,0,0,1,1,1,0,1,0,1,1,0,0,0,3
FFF,2014J,655852,0,East Anglian Region,A Level or Equivalent,50-60%,0-35,0,60,0,Withdrawn,4,0,1,0,0,0,0,0,0,1,0,1,0,0,0,8
FFF,2014J,655927,0,Ireland,A Level or Equivalent,40-50%,0-35,0,120,0,Pass,5,0,1,0,0,0,1,1,0,1,1,0,1,1,1,9
FFF,2014J,655981,0,East Midlands Region,HE Qualification,80-90%,35-55,0,60,0,Pass,4,1,0,1,1,0,0,0,0,1,0,0,1,0,0,8
FFF,2014J,656029,0,South Region,Lower Than A Level,70-80%,35-55,0,150,0,Withdrawn,5,1,1,0,1,1,0,0,0,1,1,1,0,1,0,9
FFF,2014J,656065,1,South East Region,HE Qualification,80-90%,0-35,0,60,0,Pass,13,0,1,0,1,0,0,0,0,1,1,0,1,0,1,5
FFF,2014J,656086,0,North Region,A Level or Equivalent,20-Oct,0-35,0,90,0,Withdrawn,10,1,1,1,1,0,0,1,0,0,0,1,1,1,0,1
FFF,2014J,656092,0,North Region,A Level or Equivalent,,0-35,0,120,0,Pass,10,0,1,1,1,0,1,1,1,0,1,0,0,0,1,1
FFF,2014J,656102,0,North Western Region,A Level or Equivalent,70-80%,0-35,0,60,0,Withdrawn,4,0,0,0,1,0,1,1,0,0,1,1,1,1,1,8
FFF,2014J,656107,0,Scotland,A Level or Equivalent,30-40%,0-35,0,60,0,Fail,3,0,0,1,0,1,0,1,0,1,0,0,1,0,0,8
FFF,2014J,656131,0,Wales,Lower Than A Level,0-10%,35-55,0,60,0,Pass,16,0,1,1,0,0,0,1,1,0,1,0,0,0,0,10
FFF,2014J,656145,0,South Region,A Level or Equivalent,40-50%,0-35,0,120,1,Withdrawn,8,1,0,0,1,1,1,0,0,1,0,0,1,0,1,3
FFF,2014J,656150,0,West Midlands Region,Lower Than A Level,,0-35,0,120,0,Withdrawn,13,1,1,0,0,1,0,1,0,1,1,0,1,0,1,5
FFF,2014J,656158,1,North Western Region,A Level or Equivalent,40-50%,0-35,0,120,0,Pass,3,1,1,0,0,1,1,1,0,1,1,1,1,0,0,8
FFF,2014J,656159,0,London Region,Lower Than A Level,20-Oct,0-35,0,60,0,Distinction,1,0,1,1,1,0,0,1,0,1,1,0,1,1,0,2
FFF,2014J,656165,0,Yorkshire Region,A Level or Equivalent,20-Oct,0-35,0,60,0,Pass,7,0,1,0,0,1,0,1,1,1,0,0,0,0,1,3
FFF,2014J,656234,0,Ireland,Lower Than A Level,,0-35,0,60,0,Pass,2,1,1,1,0,1,0,0,0,1,0,0,1,0,1,2
FFF,2014J,656323,0,South West Region,Lower Than A Level,90-100%,0-35,0,120,1,Pass,9,0,0,0,1,1,0,0,0,0,1,0,0,0,0,4
FFF,2014J,656353,0,London Region,A Level or Equivalent,30-40%,35-55,0,120,0,Pass,5,1,1,0,0,1,1,1,0,0,0,1,0,0,0,9
FFF,2014J,656360,0,London Region,Lower Than A Level,20-30%,0-35,0,180,0,Withdrawn,13,1,0,1,1,0,1,0,1,1,0,1,1,0,1,5
FFF,2014J,656414,0,East Midlands Region,A Level or Equivalent,50-60%,0-35,0,60,0,Pass,6,1,1,0,0,1,1,0,1,0,0,1,1,0,1,9
FFF,2014J,656436,0,South West Region,A Level or Equivalent,50-60%,35-55,0,90,0,Pass,5,1,1,0,0,1,0,0,0,0,1,1,0,0,1,9
FFF,2014J,656441,0,East Anglian Region,HE Qualification,60-70%,0-35,0,180,0,Withdrawn,8,1,0,0,1,0,1,1,0,1,0,0,1,1,1,3
FFF,2014J,656510,0,East Anglian Region,Lower Than A Level,40-50%,0-35,0,90,0,Fail,13,0,0,0,1,0,1,0,0,0,0,0,0,1,1,5
FFF,2014J,656512,0,London Region,A Level or Equivalent,50-60%,0-35,0,60,0,Withdrawn,13,1,0,0,1,0,0,0,0,1,1,0,1,0,1,5
FFF,2014J,656519,0,East Midlands Region,A Level or Equivalent,40-50%,0-35,0,120,1,Withdrawn,14,0,1,1,0,0,1,0,1,1,1,1,1,0,0,5
FFF,2014J,656529,0,Ireland,A Level or Equivalent,50-60%,35-55,0,60,0,Pass,9,0,0,0,1,1,1,0,1,1,1,1,1,1,1,4
FFF,2014J,656565,1,London Region,No Formal quals,20-30%,0-35,0,60,0,Withdrawn,8,1,0,1,0,0,1,1,1,1,1,0,0,1,0,3
FFF,2014J,656579,1,South West Region,A Level or Equivalent,50-60%,0-35,0,60,0,Distinction,6,1,1,1,0,0,0,1,1,1,0,0,0,1,0,9
FFF,2014J,656599,0,West Midlands Region,Lower Than A Level,20-30%,0-35,0,120,0,Withdrawn,16,0,0,1,0,1,1,0,1,0,0,1,1,0,1,10
FFF,2014J,656607,1,London Region,Lower Than A Level,0-10%,0-35,0,60,0,Pass,7,1,1,1,1,0,0,0,1,0,1,1,0,1,1,3
FFF,2014J,656622,0,West Midlands Region,Lower Than A Level,60-70%,0-35,0,60,0,Withdrawn,7,0,0,0,1,0,1,1,0,0,1,0,0,0,1,3
FFF,2014J,656651,0,South West Region,A Level or Equivalent,20-30%,0-35,0,120,0,Pass,2,0,0,0,0,0,1,1,1,1,0,0,1,1,0,2
FFF,2014J,656677,0,South Region,Lower Than A Level,70-80%,35-55,0,60,0,Withdrawn,7,1,1,0,0,0,0,1,1,1,1,0,0,0,1,3
FFF,2014J,656693,0,South East Region,A Level or Equivalent,0-10%,0-35,0,60,0,Withdrawn,11,0,0,1,1,1,0,1,0,1,0,0,0,0,1,6
FFF,2014J,656734,1,South West Region,Lower Than A Level,70-80%,0-35,0,120,0,Distinction,6,0,1,0,1,1,0,1,0,0,1,0,1,1,1,9
FFF,2014J,656791,0,London Region,A Level or Equivalent,20-Oct,35-55,0,90,0,Pass,1,0,1,1,0,1,0,0,0,0,0,0,1,1,0,2
FFF,2014J,656800,0,West Midlands Region,Lower Than A Level,20-30%,0-35,0,240,0,Withdrawn,10,0,0,0,0,0,1,0,0,1,0,0,1,0,1,1
FFF,2014J,656882,0,Yorkshire Region,A Level or Equivalent,80-90%,35-55,0,60,0,Distinction,5,0,1,0,1,1,1,1,1,0,0,0,1,0,0,9
FFF,2014J,656988,0,Wales,Lower Than A Level,50-60%,0-35,0,60,0,Fail,7,1,0,0,1,1,0,1,0,0,0,0,0,0,0,3
FFF,2014J,656996,0,East Anglian Region,Lower Than A Level,50-60%,0-35,0,60,0,Pass,12,0,0,1,0,0,1,0,0,1,1,1,0,0,0,7
FFF,2014J,657048,0,Scotland,HE Qualification,0-10%,0-35,0,120,0,Pass,10,1,1,0,0,0,0,1,1,1,0,1,1,0,0,1
FFF,2014J,657118,1,East Anglian Region,A Level or Equivalent,60-70%,35-55,0,240,0,Withdrawn,4,0,0,0,1,0,0,1,1,1,1,1,1,0,1,8
FFF,2014J,657181,0,London Region,Lower Than A Level,20-Oct,0-35,0,120,0,Withdrawn,6,1,0,0,0,0,0,0,0,0,0,0,1,0,0,9
FFF,2014J,657184,0,East Anglian Region,Lower Than A Level,50-60%,0-35,0,120,0,Withdrawn,15,1,1,0,1,1,1,0,1,0,1,1,0,1,1,10
FFF,2014J,657211,0,South Region,A Level or Equivalent,40-50%,0-35,0,120,0,Withdrawn,8,1,0,1,1,1,0,1,0,0,1,1,1,1,1,3
FFF,2014J,657220,0,Yorkshire Region,Lower Than A Level,60-70%,0-35,0,60,0,Pass,7,1,0,0,1,1,0,0,0,0,1,0,1,0,1,3
FFF,2014J,657330,0,North Region,A Level or Equivalent,20-Oct,0-35,0,60,0,Distinction,6,1,1,0,0,0,1,1,0,1,0,1,0,1,1,9
FFF,2014J,657344,0,East Anglian Region,Lower Than A Level,30-40%,35-55,0,60,0,Distinction,15,0,0,1,1,1,1,1,1,0,1,1,0,0,0,10
FFF,2014J,674222,0,Ireland,HE Qualification,,35-55,0,60,0,Pass,4,1,0,1,1,0,1,1,0,1,0,0,0,1,0,8
FFF,2014J,674226,0,London Region,A Level or Equivalent,30-40%,0-35,0,60,0,Pass,4,0,1,0,0,1,0,0,0,1,0,0,0,1,0,8
FFF,2014J,674236,0,Wales,A Level or Equivalent,0-10%,0-35,0,120,0,Distinction,11,0,0,1,0,1,0,1,1,1,1,1,0,0,1,6
FFF,2014J,674260,0,South West Region,A Level or Equivalent,40-50%,0-35,0,120,0,Fail,4,0,1,0,0,0,1,1,1,0,1,0,1,0,0,8
FFF,2014J,674261,0,Yorkshire Region,A Level or Equivalent,20-Oct,0-35,0,60,0,Withdrawn,5,0,1,0,1,0,0,1,0,1,1,0,1,1,1,9
FFF,2014J,674262,1,Wales,HE Qualification,40-50%,0-35,0,90,0,Distinction,11,1,0,0,0,0,1,0,0,0,0,1,0,1,0,6
FFF,2014J,674320,0,South East Region,Lower Than A Level,20-Oct,0-35,0,120,0,Pass,4,1,0,0,1,1,0,0,1,1,0,0,0,1,1,8
FFF,2014J,674387,0,North Western Region,Lower Than A Level,30-40%,35-55,0,60,0,Pass,4,0,0,1,0,1,1,1,0,0,0,1,1,1,0,8
FFF,2014J,674406,0,East Midlands Region,A Level or Equivalent,30-40%,0-35,0,120,0,Pass,7,0,0,0,1,0,1,1,0,0,0,0,0,1,0,3
FFF,2014J,674451,0,Scotland,HE Qualification,60-70%,0-35,0,60,0,Pass,12,0,0,0,0,0,1,0,1,0,1,0,0,1,1,7
FFF,2014J,674478,1,London Region,A Level or Equivalent,20-Oct,0-35,0,120,0,Fail,8,0,1,0,1,1,0,0,1,1,0,1,1,0,0,3
FFF,2014J,674484,0,Scotland,A Level or Equivalent,30-40%,0-35,0,60,0,Pass,1,1,0,1,0,1,0,0,0,0,0,1,1,1,0,2
FFF,2014J,674497,0,Wales,A Level or Equivalent,60-70%,0-35,0,120,0,Pass,10,1,0,0,1,0,0,0,1,0,0,0,0,1,1,1
FFF,2014J,674509,0,Scotland,HE Qualification,30-40%,35-55,0,60,0,Pass,13,1,0,0,0,0,1,0,0,0,1,1,0,0,0,5
FFF,2014J,674584,0,North Region,A Level or Equivalent,,0-35,0,60,0,Distinction,3,0,1,0,0,0,1,1,0,0,1,1,0,0,1,8
FFF,2014J,674594,0,Yorkshire Region,Lower Than A Level,20-30%,0-35,0,60,0,Fail,5,0,1,1,1,0,0,1,0,0,0,1,1,1,0,9
FFF,2014J,674617,0,London Region,HE Qualification,30-40%,0-35,0,60,0,Withdrawn,6,1,0,1,0,1,1,0,0,0,1,0,0,1,1,9
FFF,2014J,674644,0,London Region,A Level or Equivalent,30-40%,0-35,0,60,0,Pass,5,0,1,1,1,0,0,1,1,0,1,0,0,0,0,9
FFF,2014J,674657,0,South Region,HE Qualification,20-30%,35-55,0,150,0,Pass,6,1,1,0,1,1,0,1,0,1,1,1,0,1,0,9
FFF,2014J,674671,0,East Anglian Region,Lower Than A Level,20-30%,0-35,0,60,0,Pass,9,1,1,0,1,0,0,1,1,0,0,1,1,1,0,4
FFF,2014J,674691,1,South Region,HE Qualification,40-50%,0-35,0,60,0,Distinction,13,1,1,1,1,1,1,0,1,1,0,0,1,0,0,5
FFF,2014J,674694,0,East Midlands Region,A Level or Equivalent,40-50%,0-35,0,120,0,Pass,10,1,1,1,1,1,0,1,1,1,1,0,0,0,0,1
FFF,2014J,674699,1,South Region,No Formal quals,90-100%,0-35,0,120,0,Distinction,15,1,1,1,1,0,1,1,1,0,0,1,1,0,0,10
FFF,2014J,674751,0,North Western Region,A Level or Equivalent,90-100%,0-35,0,60,0,Distinction,11,1,0,0,1,1,1,0,0,0,0,1,1,1,0,6
FFF,2014J,674764,0,East Anglian Region,Lower Than A Level,70-80%,0-35,0,60,0,Withdrawn,2,1,0,0,0,1,1,1,0,0,1,0,0,0,1,2
FFF,2014J,674814,0,East Midlands Region,Lower Than A Level,80-90%,0-35,0,240,0,Withdrawn,8,1,1,1,0,0,0,0,0,1,1,1,0,0,0,3
FFF,2014J,674831,0,East Midlands Region,Lower Than A Level,40-50%,0-35,0,60,1,Pass,12,1,0,1,1,0,1,1,0,1,0,1,0,1,1,7
FFF,2014J,674870,1,West Midlands Region,A Level or Equivalent,20-Oct,0-35,0,120,0,Pass,1,1,0,1,0,1,1,1,0,0,1,1,1,1,0,2
FFF,2014J,674911,0,Ireland,Lower Than A Level,,0-35,0,60,0,Withdrawn,5,0,1,0,1,1,0,1,0,1,0,0,0,1,1,9
FFF,2014J,674921,0,London Region,Lower Than A Level,60-70%,0-35,0,60,0,Distinction,12,1,1,0,0,0,1,1,1,0,1,1,1,1,1,7
FFF,2014J,674935,0,Wales,A Level or Equivalent,90-100%,0-35,0,90,0,Withdrawn,4,0,1,0,0,0,0,0,0,1,1,0,1,1,0,8
FFF,2014J,674970,0,North Region,Lower Than A Level,,0-35,0,120,0,Withdrawn,4,1,0,0,0,1,0,0,0,0,1,1,1,0,1,8
FFF,2014J,675002,0,Wales,A Level or Equivalent,20-30%,0-35,0,120,0,Withdrawn,16,1,1,0,0,0,0,0,0,1,0,1,0,1,0,10
FFF,2014J,675021,0,Scotland,HE Qualification,80-90%,35-55,0,60,0,Distinction,12,1,1,0,0,1,0,1,0,1,1,0,0,0,0,7
FFF,2014J,675046,0,South East Region,A Level or Equivalent,30-40%,35-55,0,120,0,Withdrawn,13,0,1,0,1,1,1,0,0,1,1,1,0,0,0,5
FFF,2014J,675054,0,London Region,HE Qualification,30-40%,0-35,0,120,0,Pass,5,0,0,0,0,1,0,1,1,0,0,1,1,1,1,9
FFF,2014J,675127,1,Yorkshire Region,Lower Than A Level,0-10%,0-35,0,120,0,Withdrawn,12,0,1,1,1,0,0,0,0,1,1,0,0,1,0,7
FFF,2014J,675193,0,South West Region,Lower Than A Level,40-50%,0-35,0,60,0,Pass,15,0,1,0,0,1,1,0,1,1,1,0,0,1,1,10
FFF,2014J,675225,0,North Western Region,Lower Than A Level,0-10%,0-35,0,120,1,Pass,12,0,0,0,1,1,1,1,1,0,0,0,0,0,1,7
FFF,2014J,675233,0,North Western Region,HE Qualification,0-10%,0-35,0,90,0,Pass,8,1,0,0,0,0,1,1,1,1,1,0,1,0,1,3
FFF,2014J,675261,1,South West Region,A Level or Equivalent,30-40%,0-35,0,120,0,Pass,9,0,0,1,0,1,1,1,0,1,1,1,0,0,1,4
FFF,2014J,675273,1,London Region,HE Qualification,20-Oct,0-35,0,120,0,Fail,14,0,1,1,1,0,0,1,0,0,0,1,0,1,1,5
FFF,2014J,675279,0,Scotland,HE Qualification,50-60%,35-55,0,60,1,Pass,11,0,1,1,1,1,0,0,1,1,1,0,0,0,0,6
FFF,2014J,675315,0,West Midlands Region,HE Qualification,90-100%,0-35,0,150,0,Pass,13,1,1,0,0,1,0,1,1,1,1,0,1,1,1,5
FFF,2014J,675328,0,North Western Region,HE Qualification,20-Oct,35-55,0,120,0,Pass,1,0,1,0,0,0,1,0,0,0,0,1,1,0,1,2
FFF,2014J,675337,0,East Anglian Region,Lower Than A Level,40-50%,0-35,0,90,0,Withdrawn,9,0,0,1,1,0,1,1,0,0,1,1,0,1,1,4
FFF,2014J,675474,0,Wales,Lower Than A Level,60-70%,0-35,0,90,0,Pass,12,1,0,1,0,0,1,0,1,0,0,0,0,0,1,7
FFF,2014J,675486,1,North Western Region,Lower Than A Level,20-Oct,0-35,0,180,1,Withdrawn,13,1,0,1,0,0,1,1,0,0,1,0,0,0,1,5
FFF,2014J,675514,0,East Midlands Region,Lower Than A Level,50-60%,0-35,0,60,0,Fail,14,1,1,1,1,1,0,1,0,0,0,0,0,0,1,5
FFF,2014J,675566,0,South West Region,Lower Than A Level,30-40%,0-35,0,60,0,Distinction,15,0,1,0,0,0,1,1,0,1,1,1,1,0,0,10
FFF,2014J,675577,0,East Anglian Region,A Level or Equivalent,60-70%,0-35,0,60,1,Fail,3,0,1,1,0,0,0,0,0,1,1,0,0,0,1,8
FFF,2014J,675613,0,North Western Region,A Level or Equivalent,20-30%,0-35,0,90,0,Withdrawn,8,1,0,0,0,0,1,0,1,1,0,1,0,0,0,3
FFF,2014J,675636,0,North Region,Lower Than A Level,0-10%,0-35,0,60,0,Pass,15,0,1,1,1,1,1,0,1,1,1,0,0,0,1,10
FFF,2014J,675669,1,South Region,A Level or Equivalent,70-80%,0-35,0,60,0,Withdrawn,14,0,0,0,0,1,1,1,1,1,1,1,1,0,0,5
FFF,2014J,675710,0,South East Region,A Level or Equivalent,60-70%,35-55,0,60,0,Distinction,13,0,0,1,1,1,1,1,1,0,0,0,1,0,0,5
FFF,2014J,675818,0,East Midlands Region,A Level or Equivalent,20-Oct,0-35,0,60,0,Withdrawn,11,1,0,0,0,1,1,0,1,0,1,0,1,1,0,6
FFF,2014J,675824,0,North Western Region,A Level or Equivalent,0-10%,0-35,0,90,1,Withdrawn,8,0,0,0,1,1,1,1,1,1,1,0,0,0,0,3
FFF,2014J,675829,0,Scotland,Lower Than A Level,20-Oct,0-35,0,120,0,Withdrawn,6,1,0,0,0,0,0,0,1,0,0,0,0,0,1,9
FFF,2014J,675843,0,East Anglian Region,Lower Than A Level,30-40%,0-35,0,60,1,Withdrawn,3,1,0,1,1,1,1,1,1,0,1,0,1,0,1,8
FFF,2014J,675947,0,West Midlands Region,Lower Than A Level,20-Oct,35-55,0,60,0,Withdrawn,10,1,0,1,1,1,0,0,1,1,1,1,1,0,0,1
FFF,2014J,675989,0,London Region,A Level or Equivalent,50-60%,35-55,0,60,0,Distinction,15,1,0,0,1,0,1,0,0,0,1,0,0,0,1,10
FFF,2014J,676007,0,South West Region,A Level or Equivalent,70-80%,0-35,0,60,0,Pass,6,0,0,0,1,0,1,1,0,1,0,0,0,0,0,9
FFF,2014J,676040,0,North Western Region,Lower Than A Level,20-30%,0-35,0,60,0,Withdrawn,10,0,1,0,1,1,1,1,1,1,0,1,0,0,1,1
FFF,2014J,676064,0,West Midlands Region,A Level or Equivalent,40-50%,0-35,0,60,0,Distinction,16,0,1,0,1,0,0,1,1,0,1,0,0,1,0,10
FFF,2014J,676103,0,South West Region,A Level or Equivalent,60-70%,0-35,0,120,0,Pass,4,1,1,0,1,1,1,1,1,1,1,0,0,0,1,8
FFF,2014J,676128,0,London Region,A Level or Equivalent,30-40%,0-35,0,60,0,Withdrawn,8,1,1,0,0,1,0,0,0,0,1,0,1,0,1,3
FFF,2014J,676139,0,East Anglian Region,A Level or Equivalent,50-60%,35-55,0,60,0,Fail,16,0,1,0,1,1,1,0,0,1,0,1,1,0,0,10
FFF,2014J,676190,0,Wales,A Level or Equivalent,90-100%,0-35,0,60,0,Distinction,6,0,0,0,1,0,0,1,0,1,1,1,0,1,1,9
FFF,2014J,676194,0,London Region,A Level or Equivalent,50-60%,0-35,0,60,0,Withdrawn,8,0,0,0,1,0,1,1,0,1,1,1,0,1,1,3
FFF,2014J,676265,0,South West Region,Lower Than A Level,80-90%,0-35,0,60,0,Pass,3,1,1,1,0,0,1,1,0,1,1,1,0,1,0,8
FFF,2014J,676272,0,Wales,Lower Than A Level,0-10%,0-35,0,60,0,Fail,15,0,1,1,1,0,1,1,0,0,1,0,1,0,1,10
FFF,2014J,676303,0,London Region,Lower Than A Level,50-60%,0-35,0,120,0,Pass,3,1,1,0,1,0,0,1,1,0,1,1,1,0,1,8
FFF,2014J,676320,0,East Anglian Region,Lower Than A Level,60-70%,0-35,0,120,0,Withdrawn,15,0,0,0,1,0,0,0,1,0,1,1,0,0,1,10
FFF,2014J,676324,0,East Midlands Region,Lower Than A Level,70-80%,35-55,0,60,0,Withdrawn,7,0,1,1,1,0,1,1,1,0,1,1,1,1,1,3
FFF,2014J,676378,0,Ireland,HE Qualification,,35-55,0,60,0,Distinction,6,1,1,1,0,0,1,1,1,0,0,1,0,1,1,9
FFF,2014J,676444,0,West Midlands Region,Lower Than A Level,20-30%,0-35,0,60,0,Distinction,10,0,0,1,0,0,0,1,1,0,0,1,0,0,1,1
FFF,2014J,676458,0,South West Region,Lower Than A Level,20-Oct,0-35,0,60,0,Fail,12,1,1,1,0,0,0,1,1,1,1,1,1,0,1,7
FFF,2014J,676459,0,Scotland,Lower Than A Level,30-40%,0-35,0,60,0,Pass,6,1,0,0,0,0,0,0,0,0,0,0,1,1,1,9
FFF,2014J,676478,0,South West Region,A Level or Equivalent,70-80%,35-55,0,60,0,Distinction,8,0,1,1,1,1,1,1,0,0,0,1,0,1,0,3
FFF,2014J,676492,0,Yorkshire Region,HE Qualification,60-70%,0-35,0,150,0,Pass,6,0,0,0,1,1,1,0,1,0,1,0,1,1,0,9
FFF,2014J,676600,1,Yorkshire Region,Lower Than A Level,20-Oct,0-35,0,60,0,Withdrawn,12,0,1,1,0,0,0,1,0,1,0,0,1,0,0,7
FFF,2014J,676610,0,North Region,A Level or Equivalent,,0-35,0,120,0,Distinction,7,1,1,0,1,1,0,0,0,1,0,1,1,1,1,3
FFF,2014J,676626,0,Wales,A Level or Equivalent,50-60%,0-35,0,60,0,Distinction,11,0,0,0,1,0,0,0,1,1,1,1,0,1,1,6
FFF,2014J,676627,1,East Anglian Region,Lower Than A Level,40-50%,0-35,0,120,0,Withdrawn,12,0,1,1,0,1,1,1,0,0,1,1,0,1,1,7
FFF,2014J,676866,0,South Region,A Level or Equivalent,50-60%,0-35,0,90,0,Pass,1,1,0,1,1,0,1,1,0,0,1,1,0,0,1,2
FFF,2014J,676882,0,North Region,Lower Than A Level,20-Oct,0-35,0,60,0,Pass,9,0,0,0,0,1,1,1,0,1,1,0,1,0,1,4
FFF,2014J,676930,0,East Anglian Region,Lower Than A Level,70-80%,0-35,0,120,0,Withdrawn,13,0,1,1,0,0,1,1,0,0,1,0,1,1,1,5
FFF,2014J,677027,0,East Anglian Region,HE Qualification,20-Oct,0-35,0,90,0,Withdrawn,1,1,1,0,1,1,1,1,1,0,0,0,1,1,1,2
FFF,2014J,677081,0,South West Region,Lower Than A Level,0-10%,0-35,0,240,0,Withdrawn,5,0,1,1,1,0,0,0,1,0,1,0,1,0,0,9
FFF,2014J,677085,0,North Region,HE Qualification,,0-35,0,150,0,Pass,5,0,1,1,0,1,0,1,1,0,1,0,1,1,0,9
FFF,2014J,677111,1,West Midlands Region,Lower Than A Level,20-30%,0-35,0,120,0,Pass,11,0,1,0,1,0,0,0,1,1,0,1,1,0,1,6
FFF,2014J,677138,0,East Anglian Region,A Level or Equivalent,50-60%,0-35,0,120,0,Distinction,14,0,0,1,1,1,1,0,0,0,0,1,0,0,1,5
FFF,2014J,677155,1,North Western Region,Lower Than A Level,0-10%,35-55,0,60,0,Pass,13,1,1,0,0,0,0,1,1,1,1,0,0,0,0,5
FFF,2014J,677167,1,North Western Region,A Level or Equivalent,20-30%,0-35,0,60,0,Pass,9,1,1,0,0,0,1,0,1,1,1,0,0,0,1,4
FFF,2014J,677206,1,West Midlands Region,A Level or Equivalent,40-50%,0-35,0,60,0,Pass,3,1,1,0,1,1,1,1,0,0,0,0,1,1,0,8
FFF,2014J,677221,1,Scotland,HE Qualification,30-40%,0-35,0,60,0,Distinction,11,1,0,1,0,1,0,1,0,0,1,1,1,0,1,6
FFF,2014J,677235,0,Wales,Lower Than A Level,30-40%,0-35,0,60,0,Fail,1,0,1,0,1,1,1,1,0,1,1,1,1,0,0,2
FFF,2014J,677327,1,South West Region,Lower Than A Level,80-90%,0-35,0,60,0,Withdrawn,4,0,0,0,1,1,1,1,0,0,1,0,0,0,1,8
FFF,2014J,677369,0,London Region,HE Qualification,20-Oct,35-55,0,120,0,Withdrawn,12,1,1,1,0,0,0,1,0,1,1,1,0,0,1,7
FFF,2014J,677382,0,East Midlands Region,A Level or Equivalent,20-Oct,0-35,0,120,0,Fail,4,1,1,1,0,1,0,1,1,0,1,1,0,0,0,8
FFF,2014J,677400,1,Wales,HE Qualification,70-80%,35-55,0,60,0,Distinction,1,1,1,1,1,0,0,1,0,0,0,1,1,1,1,2
FFF,2014J,677436,0,East Midlands Region,Lower Than A Level,20-30%,35-55,0,60,0,Pass,16,1,1,0,0,0,0,1,0,1,0,1,0,1,1,10
FFF,2014J,677456,0,Scotland,Lower Than A Level,0-10%,35-55,0,60,0,Pass,1,1,1,1,0,0,1,1,1,0,1,1,0,1,0,2
FFF,2014J,677486,0,London Region,HE Qualification,60-70%,0-35,0,60,0,Withdrawn,2,0,0,0,1,0,1,0,0,0,0,0,0,1,0,2
FFF,2014J,677546,1,London Region,A Level or Equivalent,40-50%,0-35,0,120,0,Pass,5,0,0,0,1,1,1,1,0,1,1,0,0,0,0,9
FFF,2014J,677582,0,Wales,A Level or Equivalent,0-10%,0-35,0,120,0,Withdrawn,5,1,0,1,0,1,0,0,1,0,1,1,0,0,0,9
FFF,2014J,677608,0,North Western Region,Lower Than A Level,0-10%,0-35,0,120,0,Withdrawn,8,1,0,0,1,1,0,1,1,0,1,1,0,0,1,3
FFF,2014J,677643,0,East Midlands Region,Lower Than A Level,50-60%,0-35,0,60,0,Withdrawn,5,0,0,1,1,1,0,1,0,1,0,0,0,1,1,9
FFF,2014J,677655,0,North Western Region,Lower Than A Level,40-50%,35-55,0,60,0,Pass,9,0,1,1,1,1,1,0,0,0,0,0,1,0,1,4
FFF,2014J,677687,0,South East Region,Lower Than A Level,70-80%,0-35,0,60,1,Fail,14,0,1,0,0,0,0,1,1,0,1,0,1,0,0,5
FFF,2014J,677701,0,South Region,Lower Than A Level,50-60%,35-55,0,180,0,Withdrawn,7,0,0,1,1,1,1,0,0,0,0,1,1,0,0,3
FFF,2014J,677748,0,West Midlands Region,A Level or Equivalent,0-10%,35-55,0,120,0,Fail,7,1,0,1,1,1,0,1,1,1,1,0,0,0,1,3
FFF,2014J,677767,1,Wales,A Level or Equivalent,80-90%,0-35,0,120,0,Fail,14,1,0,1,1,0,0,0,1,0,1,1,1,1,0,5
FFF,2014J,677782,1,London Region,Lower Than A Level,40-50%,0-35,0,60,0,Withdrawn,5,1,0,0,0,1,0,0,0,0,0,0,1,1,0,9
FFF,2014J,677828,0,East Midlands Region,A Level or Equivalent,60-70%,0-35,0,120,0,Withdrawn,15,1,1,1,1,1,0,1,1,0,1,0,1,1,0,10
FFF,2014J,677833,0,South West Region,Lower Than A Level,20-Oct,35-55,0,60,0,Pass,9,0,1,0,1,0,0,1,0,1,0,0,0,0,1,4
FFF,2014J,677867,0,London Region,HE Qualification,50-60%,35-55,0,60,0,Withdrawn,3,0,0,1,1,0,1,0,0,0,1,0,0,1,0,8
FFF,2014J,677869,0,Wales,A Level or Equivalent,70-80%,0-35,0,120,1,Fail,6,1,1,1,1,1,1,0,1,1,0,0,1,1,1,9
FFF,2014J,678005,0,West Midlands Region,A Level or Equivalent,30-40%,0-35,0,60,0,Withdrawn,3,1,0,1,0,1,0,1,0,1,1,0,1,0,0,8
FFF,2014J,678044,0,Wales,Lower Than A Level,20-Oct,0-35,0,120,0,Withdrawn,12,1,1,0,1,0,1,1,1,0,0,0,1,0,0,7
FFF,2014J,678088,0,South Region,Lower Than A Level,80-90%,35-55,0,180,0,Pass,1,0,1,1,0,1,0,0,1,1,0,0,0,1,0,2
FFF,2014J,678090,0,East Anglian Region,Lower Than A Level,90-100%,0-35,0,90,0,Withdrawn,14,0,1,1,1,1,0,0,1,1,0,1,1,0,1,5
FFF,2014J,678127,1,Yorkshire Region,Lower Than A Level,0-10%,35-55,0,60,0,Withdrawn,13,1,0,1,0,0,1,0,0,0,0,0,0,0,0,5
FFF,2014J,678203,0,Yorkshire Region,Lower Than A Level,50-60%,0-35,0,120,0,Pass,5,0,1,1,0,0,0,1,0,0,0,0,0,0,0,9
FFF,2014J,678235,1,West Midlands Region,A Level or Equivalent,60-70%,35-55,0,120,0,Pass,9,0,0,1,0,0,0,0,0,1,0,0,1,0,0,4
FFF,2014J,678270,0,West Midlands Region,Lower Than A Level,90-100%,0-35,0,60,0,Fail,7,1,0,1,1,0,1,0,0,1,1,1,1,1,1,3
FFF,2014J,678287,0,Scotland,Lower Than A Level,30-40%,0-35,0,90,0,Withdrawn,4,0,0,1,1,0,1,1,0,0,0,0,1,1,1,8
FFF,2014J,678346,0,Scotland,A Level or Equivalent,20-Oct,0-35,0,120,0,Withdrawn,16,1,1,0,1,1,1,0,0,1,1,0,1,1,0,10
FFF,2014J,678381,0,South West Region,A Level or Equivalent,50-60%,0-35,0,120,0,Pass,10,0,1,1,0,0,0,1,1,1,0,0,1,1,0,1
FFF,2014J,678397,0,East Midlands Region,HE Qualification,60-70%,0-35,0,60,0,Withdrawn,4,1,0,0,1,1,1,1,0,1,1,0,1,1,0,8
FFF,2014J,678407,0,Scotland,A Level or Equivalent,20-Oct,0-35,0,240,0,Withdrawn,9,1,0,0,1,0,0,1,1,1,1,0,0,0,0,4
FFF,2014J,678452,0,South Region,A Level or Equivalent,40-50%,0-35,0,120,0,Pass,13,0,1,1,1,0,0,0,1,1,1,0,0,0,1,5
FFF,2014J,678474,0,Scotland,A Level or Equivalent,20-Oct,0-35,0,120,0,Fail,15,0,1,0,1,1,0,0,1,0,1,1,1,0,1,10
FFF,2014J,678528,0,North Region,Lower Than A Level,,0-35,0,60,0,Fail,13,1,0,0,0,0,1,0,0,1,0,0,0,0,0,5
FFF,2014J,678619,1,Scotland,HE Qualification,80-90%,0-35,0,60,0,Withdrawn,12,0,1,0,0,1,1,1,0,0,0,0,1,1,0,7
FFF,2014J,678628,0,London Region,A Level or Equivalent,20-Oct,0-35,0,120,0,Pass,7,1,0,0,0,0,0,0,1,0,1,1,0,1,1,3
FFF,2014J,678639,0,South West Region,Lower Than A Level,30-40%,0-35,0,120,0,Withdrawn,5,1,0,1,0,0,1,0,1,0,0,1,1,1,0,9
FFF,2014J,678659,1,South East Region,HE Qualification,70-80%,35-55,0,60,0,Pass,6,0,0,0,0,0,0,0,1,0,1,0,1,0,0,9
FFF,2014J,678769,0,London Region,A Level or Equivalent,40-50%,0-35,0,180,0,Withdrawn,4,1,1,1,0,1,0,0,0,1,0,0,0,0,0,8
FFF,2014J,678819,0,Wales,A Level or Equivalent,40-50%,35-55,0,120,0,Distinction,1,0,0,0,1,0,1,0,1,0,0,0,0,0,0,2
FFF,2014J,678831,1,Scotland,HE Qualification,90-100%,0-35,0,300,0,Withdrawn,2,0,0,0,0,0,0,0,1,0,1,1,0,0,1,2
FFF,2014J,678859,0,North Western Region,A Level or Equivalent,50-60%,0-35,0,90,0,Distinction,3,1,1,1,0,0,0,1,1,0,0,1,1,1,1,8
FFF,2014J,678877,1,Scotland,HE Qualification,60-70%,0-35,0,120,0,Withdrawn,2,0,0,0,1,1,1,0,0,0,0,1,1,0,0,2
FFF,2014J,678946,0,London Region,HE Qualification,20-30%,0-35,0,60,0,Pass,8,1,1,1,1,1,1,0,1,1,0,0,1,1,0,3
FFF,2014J,678954,0,East Anglian Region,HE Qualification,60-70%,0-35,0,90,0,Distinction,4,0,0,1,1,0,0,1,1,1,0,0,0,0,0,8
FFF,2014J,679019,0,Wales,Lower Than A Level,70-80%,0-35,0,120,0,Fail,1,1,0,0,0,0,0,0,1,1,1,0,0,0,0,2
FFF,2014J,679036,1,London Region,HE Qualification,90-100%,35-55,0,60,0,Distinction,5,1,1,1,0,0,1,0,0,1,0,0,1,0,0,9
FFF,2014J,679111,0,Scotland,HE Qualification,40-50%,35-55,0,60,0,Fail,2,1,0,0,0,0,0,1,0,0,1,0,1,0,1,2
FFF,2014J,679119,0,North Region,Lower Than A Level,,0-35,0,120,0,Withdrawn,7,1,1,0,1,1,0,1,1,1,1,0,1,0,0,3
FFF,2014J,679189,0,South East Region,A Level or Equivalent,30-40%,0-35,0,60,0,Pass,1,0,0,0,0,0,1,1,1,0,1,0,0,1,0,2
FFF,2014J,679227,0,Wales,HE Qualification,80-90%,35-55,0,60,0,Pass,1,0,1,0,0,0,0,0,1,1,1,1,1,1,1,2
FFF,2014J,679237,0,London Region,A Level or Equivalent,80-90%,0-35,0,120,0,Fail,13,1,1,1,1,0,0,0,1,0,0,1,1,1,0,5
FFF,2014J,679251,0,Wales,Lower Than A Level,50-60%,0-35,0,120,1,Fail,15,0,1,0,1,1,0,0,0,1,1,1,1,1,1,10
FFF,2014J,679262,0,South Region,A Level or Equivalent,70-80%,0-35,0,60,0,Pass,14,0,0,1,0,0,1,0,0,1,0,0,0,0,0,5
FFF,2014J,679269,0,East Midlands Region,Lower Than A Level,30-40%,0-35,0,60,1,Withdrawn,13,1,1,1,0,1,0,0,0,1,0,0,0,0,0,5
FFF,2014J,679278,0,Yorkshire Region,A Level or Equivalent,40-50%,0-35,0,60,1,Pass,1,1,1,1,1,0,1,0,0,0,0,0,0,0,1,2
FFF,2014J,679337,0,East Midlands Region,Lower Than A Level,70-80%,0-35,0,60,0,Withdrawn,15,1,1,0,1,0,0,1,1,0,1,0,0,1,0,10
FFF,2014J,679342,0,North Western Region,A Level or Equivalent,40-50%,0-35,0,60,0,Fail,8,0,1,0,0,1,0,0,1,1,1,0,0,0,1,3
FFF,2014J,679384,0,North Western Region,HE Qualification,0-10%,35-55,0,60,0,Pass,4,1,0,0,0,0,1,1,0,1,0,0,1,1,1,8
FFF,2014J,679386,0,South West Region,Lower Than A Level,70-80%,0-35,0,120,0,Pass,2,0,0,1,0,1,0,0,0,0,0,0,1,0,0,2
FFF,2014J,679402,0,East Anglian Region,Lower Than A Level,70-80%,35-55,0,120,0,Distinction,1,1,1,0,1,0,0,1,0,1,1,1,0,1,1,2
FFF,2014J,679445,0,South East Region,HE Qualification,90-100%,0-35,0,60,0,Pass,14,1,1,0,0,0,0,0,0,1,0,0,0,0,0,5
FFF,2014J,679448,1,East Anglian Region,Lower Than A Level,50-60%,35-55,0,90,0,Pass,15,0,1,1,0,0,1,1,0,0,0,0,0,1,0,10
FFF,2014J,679498,0,South East Region,A Level or Equivalent,20-Oct,0-35,0,120,0,Pass,12,0,1,1,1,0,1,0,1,0,1,0,0,0,0,7
FFF,2014J,679502,0,South Region,A Level or Equivalent,90-100%,0-35,0,180,0,Withdrawn,5,0,1,0,1,1,0,1,0,1,1,1,1,1,0,9
FFF,2014J,679509,0,South East Region,HE Qualification,90-100%,0-35,0,60,0,Pass,3,1,0,0,0,0,0,0,1,0,0,1,1,1,1,8
FFF,2014J,679594,0,London Region,A Level or Equivalent,20-Oct,0-35,0,60,0,Distinction,10,0,1,0,1,1,0,1,1,1,1,1,1,0,1,1
FFF,2014J,679676,1,Wales,Lower Than A Level,80-90%,35-55,0,60,0,Withdrawn,1,1,1,1,0,1,0,1,1,1,0,1,0,0,0,2
FFF,2014J,679688,0,Ireland,Lower Than A Level,50-60%,35-55,0,60,0,Withdrawn,6,1,0,0,0,1,0,1,1,0,1,0,1,1,1,9
FFF,2014J,679749,0,Scotland,HE Qualification,50-60%,0-35,0,120,0,Withdrawn,10,1,1,0,0,1,1,1,0,0,0,0,0,1,1,1
FFF,2014J,679788,0,South Region,HE Qualification,30-40%,0-35,0,120,0,Pass,5,0,1,0,0,0,0,0,1,0,1,1,1,1,0,9
FFF,2014J,679790,1,London Region,HE Qualification,70-80%,0-35,0,120,0,Pass,8,0,0,0,1,1,1,1,0,0,1,1,1,0,1,3
FFF,2014J,679938,0,Wales,Lower Than A Level,0-10%,35-55,0,120,0,Withdrawn,14,0,0,1,1,1,1,1,1,1,1,0,1,1,0,5
FFF,2014J,679939,0,East Anglian Region,A Level or Equivalent,90-100%,0-35,0,120,0,Pass,6,1,1,0,0,1,0,0,0,1,0,1,0,0,0,9
FFF,2014J,679949,1,South Region,A Level or Equivalent,60-70%,35-55,0,60,0,Fail,3,0,1,1,0,1,1,0,0,1,1,1,0,0,0,8
FFF,2014J,680014,0,South West Region,A Level or Equivalent,50-60%,0-35,0,60,0,Distinction,14,1,1,0,1,1,0,0,0,1,0,1,1,1,1,5
FFF,2014J,680018,0,Scotland,A Level or Equivalent,30-40%,0-35,0,120,0,Withdrawn,2,0,1,1,0,0,1,1,0,1,0,1,1,0,0,2
FFF,2014J,680027,0,London Region,A Level or Equivalent,30-40%,35-55,0,120,1,Distinction,11,0,0,0,0,0,0,1,1,0,1,1,0,0,1,6
FFF,2014J,680072,1,North Region,Lower Than A Level,,0-35,0,120,0,Withdrawn,4,0,1,1,1,0,0,0,0,1,0,1,1,1,0,8
FFF,2014J,680080,0,North Region,A Level or Equivalent,20-Oct,0-35,0,90,0,Pass,10,0,0,1,1,1,0,0,1,1,1,0,1,1,0,1
FFF,2014J,680145,0,North Western Region,Lower Than A Level,30-40%,0-35,0,90,1,Pass,7,0,1,0,1,1,0,0,0,0,1,1,1,1,1,3
FFF,2014J,680212,0,East Midlands Region,A Level or Equivalent,30-40%,0-35,0,90,0,Fail,12,0,1,0,1,1,1,1,1,0,0,1,1,0,1,7
FFF,2014J,680222,1,South East Region,Lower Than A Level,20-Oct,0-35,0,180,0,Withdrawn,7,1,0,1,0,0,1,1,1,1,1,0,0,1,1,3
FFF,2014J,680231,0,South West Region,Lower Than A Level,30-40%,0-35,0,90,0,Withdrawn,7,0,1,1,1,0,1,1,1,0,0,0,1,0,0,3
FFF,2014J,680255,0,Yorkshire Region,A Level or Equivalent,50-60%,0-35,0,90,0,Fail,15,1,1,1,0,0,1,0,1,0,1,0,0,0,1,10
FFF,2014J,680266,1,Yorkshire Region,HE Qualification,20-Oct,35-55,0,60,0,Distinction,4,1,1,0,1,1,1,1,0,0,1,1,0,1,1,8
FFF,2014J,680270,0,Ireland,Lower Than A Level,60-70%,0-35,0,60,0,Fail,2,1,0,0,0,1,1,0,0,0,0,1,0,0,1,2
FFF,2014J,680273,0,London Region,Lower Than A Level,40-50%,35-55,0,60,0,Withdrawn,6,1,1,0,0,1,1,1,1,1,0,1,0,0,1,9
FFF,2014J,680312,0,South West Region,A Level or Equivalent,20-Oct,0-35,0,120,0,Withdrawn,6,0,1,0,1,0,1,1,1,0,1,0,0,0,1,9
FFF,2014J,680322,0,Wales,A Level or Equivalent,80-90%,0-35,0,150,1,Pass,12,0,1,0,1,0,1,0,0,0,0,1,0,0,1,7
FFF,2014J,680343,0,South Region,A Level or Equivalent,70-80%,35-55,0,60,0,Distinction,15,1,1,0,0,0,0,0,1,1,1,0,0,1,1,10
FFF,2014J,680348,0,Scotland,HE Qualification,80-90%,0-35,0,120,0,Pass,5,1,1,1,0,0,0,1,1,0,1,0,1,1,0,9
FFF,2014J,680349,0,Yorkshire Region,A Level or Equivalent,70-80%,0-35,0,60,0,Withdrawn,16,0,1,1,1,0,1,1,1,0,0,1,1,1,1,10
FFF,2014J,680374,0,East Midlands Region,Lower Than A Level,0-10%,0-35,0,60,0,Withdrawn,13,1,0,1,1,1,1,0,0,0,1,0,0,1,1,5
FFF,2014J,680410,0,North Western Region,A Level or Equivalent,0-10%,0-35,0,150,0,Withdrawn,12,1,0,1,1,1,1,0,0,0,0,0,1,0,0,7
FFF,2014J,680443,0,Yorkshire Region,Lower Than A Level,30-40%,0-35,0,180,0,Distinction,10,0,1,0,0,0,1,1,0,1,1,0,1,0,0,1
FFF,2014J,680464,0,Ireland,A Level or Equivalent,80-90%,0-35,0,120,0,Distinction,10,1,1,0,0,0,1,1,1,0,1,0,1,0,1,1
FFF,2014J,680506,1,East Anglian Region,HE Qualification,80-90%,0-35,0,60,0,Distinction,1,0,0,1,1,0,0,1,0,1,1,1,1,1,1,2
FFF,2014J,680517,0,North Western Region,Lower Than A Level,40-50%,0-35,0,120,0,Withdrawn,1,0,0,1,1,1,1,0,1,0,1,1,1,1,1,2
FFF,2014J,680572,0,South East Region,Lower Than A Level,20-30%,0-35,0,150,0,Pass,13,1,0,1,0,0,1,1,0,1,0,0,0,0,0,5
FFF,2014J,680708,1,Scotland,Lower Than A Level,30-40%,0-35,0,120,0,Pass,4,0,0,0,1,1,0,1,1,0,1,0,1,1,1,8
FFF,2014J,680713,0,Scotland,A Level or Equivalent,30-40%,35-55,0,60,0,Pass,2,0,1,0,1,0,0,0,0,1,1,0,1,0,0,2
FFF,2014J,680714,0,East Anglian Region,A Level or Equivalent,80-90%,0-35,0,90,0,Withdrawn,14,1,0,0,0,0,1,0,1,0,0,1,0,1,1,5
FFF,2014J,680715,0,East Midlands Region,A Level or Equivalent,70-80%,0-35,0,120,0,Withdrawn,11,0,0,1,1,0,1,1,1,0,1,0,1,1,0,6
FFF,2014J,680747,0,West Midlands Region,Lower Than A Level,70-80%,35-55,0,60,0,Pass,7,1,0,0,0,0,0,0,0,1,0,0,0,1,0,3
FFF,2014J,680766,0,London Region,Lower Than A Level,20-30%,0-35,0,120,0,Withdrawn,5,0,0,1,0,1,0,0,1,1,1,1,1,0,1,9
FFF,2014J,680775,0,Wales,Lower Than A Level,90-100%,0-35,0,120,0,Pass,11,0,1,0,1,1,1,1,0,1,0,1,1,1,1,6
FFF,2014J,680810,1,North Western Region,A Level or Equivalent,20-30%,0-35,0,120,0,Distinction,9,0,1,1,0,1,1,1,1,1,0,1,0,0,1,4
FFF,2014J,680855,0,Wales,Lower Than A Level,20-30%,35-55,0,60,0,Fail,1,1,1,0,0,1,0,1,0,0,1,0,0,1,1,2
FFF,2014J,680872,0,East Midlands Region,A Level or Equivalent,20-Oct,0-35,0,60,0,Pass,6,0,0,1,0,1,1,1,0,0,1,1,0,0,0,9
FFF,2014J,680912,1,Yorkshire Region,Lower Than A Level,30-40%,0-35,0,120,0,Pass,7,0,0,0,1,1,1,1,0,0,0,0,0,0,1,3
FFF,2014J,680938,1,London Region,A Level or Equivalent,80-90%,0-35,0,180,0,Withdrawn,4,1,0,1,0,1,0,1,0,1,1,0,1,1,0,8
FFF,2014J,680955,0,South West Region,A Level or Equivalent,30-40%,0-35,0,60,0,Pass,11,1,0,0,0,0,0,0,1,0,1,1,1,0,1,6
FFF,2014J,680974,0,East Anglian Region,HE Qualification,80-90%,0-35,0,60,0,Distinction,10,1,0,1,1,1,0,0,1,0,1,0,0,0,1,1
FFF,2014J,681004,0,London Region,No Formal quals,20-30%,35-55,0,60,0,Distinction,8,0,1,1,0,1,1,0,1,0,1,1,0,1,0,3
FFF,2014J,681052,0,Yorkshire Region,Lower Than A Level,50-60%,0-35,0,90,0,Withdrawn,12,1,1,1,1,0,1,1,0,1,0,0,1,0,1,7
FFF,2014J,681063,0,South Region,Lower Than A Level,80-90%,0-35,0,60,0,Withdrawn,3,0,0,0,1,0,1,1,0,0,1,1,1,1,1,8
FFF,2014J,681073,0,Yorkshire Region,Lower Than A Level,40-50%,0-35,0,90,0,Withdrawn,9,0,1,0,0,1,0,1,1,1,0,1,0,0,1,4
FFF,2014J,681120,0,East Midlands Region,Lower Than A Level,20-Oct,0-35,0,120,1,Withdrawn,1,0,1,0,1,0,1,0,1,0,1,1,0,0,0,2
FFF,2014J,681152,1,South Region,Lower Than A Level,20-30%,0-35,0,120,0,Withdrawn,5,0,0,1,1,1,1,1,1,1,0,1,0,1,1,9
FFF,2014J,681235,1,West Midlands Region,Lower Than A Level,20-Oct,0-35,0,120,0,Pass,7,0,0,1,1,0,1,1,0,0,1,0,1,1,1,3
FFF,2014J,681277,0,London Region,Lower Than A Level,20-30%,0-35,0,120,0,Withdrawn,13,0,1,1,0,0,1,1,1,0,0,0,0,1,0,5
FFF,2014J,681298,0,Wales,A Level or Equivalent,20-30%,0-35,0,90,0,Fail,2,0,1,0,0,1,0,0,0,1,1,0,0,1,0,2
FFF,2014J,681328,0,North Western Region,A Level or Equivalent,70-80%,0-35,0,60,0,Distinction,15,1,1,0,0,0,1,0,1,1,0,0,1,1,1,10
FFF,2014J,681335,0,North Western Region,Lower Than A Level,0-10%,35-55,0,120,0,Withdrawn,15,1,1,1,1,1,1,0,0,1,0,0,0,0,1,10
FFF,2014J,681341,0,East Midlands Region,A Level or Equivalent,40-50%,0-35,0,60,0,Fail,2,0,1,1,0,1,0,1,1,1,1,0,1,0,0,2
FFF,2014J,681352,1,South West Region,A Level or Equivalent,0-10%,0-35,0,120,1,Pass,9,0,0,0,1,0,0,0,0,0,1,0,0,1,1,4
FFF,2014J,681354,0,South Region,A Level or Equivalent,70-80%,0-35,0,60,0,Pass,13,0,0,0,0,0,1,0,1,0,0,1,0,0,1,5
FFF,2014J,681393,0,South Region,Lower Than A Level,70-80%,0-35,0,60,0,Withdrawn,13,1,0,1,1,1,1,0,1,1,1,1,0,1,0,5
FFF,2014J,681397,0,West Midlands Region,Lower Than A Level,50-60%,0-35,0,120,0,Withdrawn,8,0,1,0,0,1,1,0,1,1,1,1,1,1,0,3
FFF,2014J,681452,0,East Anglian Region,A Level or Equivalent,50-60%,0-35,0,90,0,Pass,12,0,1,1,0,0,1,1,0,1,1,0,1,1,0,7
FFF,2014J,681490,0,Yorkshire Region,A Level or Equivalent,70-80%,0-35,0,120,0,Distinction,9,1,1,0,1,1,1,1,1,1,1,1,1,0,1,4
FFF,2014J,681608,0,North Region,A Level or Equivalent,,0-35,0,60,0,Pass,9,0,0,0,1,1,0,0,1,1,1,0,0,1,0,4
FFF,2014J,681633,1,Scotland,A Level or Equivalent,90-100%,0-35,0,60,0,Pass,15,0,0,0,1,0,1,0,1,0,1,0,0,0,1,10
FFF,2014J,681652,0,East Midlands Region,A Level or Equivalent,20-Oct,0-35,0,90,0,Pass,5,1,0,1,1,1,0,1,0,1,1,1,1,0,1,9
FFF,2014J,681655,0,South Region,A Level or Equivalent,70-80%,0-35,0,90,0,Pass,7,1,0,0,1,0,0,0,0,0,1,0,0,1,1,3
FFF,2014J,681658,0,East Midlands Region,A Level or Equivalent,70-80%,0-35,0,60,0,Pass,15,0,1,0,1,0,0,1,1,0,0,1,0,0,0,10
FFF,2014J,681691,0,North Western Region,A Level or Equivalent,60-70%,0-35,0,60,0,Withdrawn,7,1,1,0,1,1,1,1,0,0,1,1,0,1,0,3
FFF,2014J,681735,0,Scotland,Lower Than A Level,60-70%,0-35,0,120,0,Withdrawn,2,0,1,0,1,1,0,1,1,0,0,0,0,1,0,2
FFF,2014J,681755,0,North Region,HE Qualification,,0-35,0,120,0,Pass,15,0,0,0,0,1,0,1,0,0,1,0,1,1,1,10
FFF,2014J,681763,0,North Western Region,Lower Than A Level,20-Oct,0-35,0,60,0,Pass,2,0,0,1,0,0,1,0,1,0,1,0,0,1,1,2
FFF,2014J,681938,0,South West Region,A Level or Equivalent,90-100%,0-35,0,120,0,Distinction,16,1,0,0,1,0,0,0,1,1,1,1,1,0,1,10
FFF,2014J,681973,0,South East Region,A Level or Equivalent,90-100%,0-35,0,60,0,Pass,2,1,1,1,1,0,1,0,1,1,0,0,0,0,0,2
FFF,2014J,682015,0,North Western Region,Lower Than A Level,30-40%,0-35,0,60,1,Withdrawn,9,1,1,1,1,1,1,0,0,1,1,0,0,0,0,4
FFF,2014J,682019,0,South Region,Lower Than A Level,80-90%,0-35,0,60,0,Withdrawn,5,1,1,1,1,0,0,1,1,0,0,0,0,1,1,9
FFF,2014J,682025,1,South East Region,Lower Than A Level,20-30%,0-35,0,240,1,Withdrawn,3,0,1,0,0,1,0,1,1,1,1,1,1,1,0,8
FFF,2014J,682050,1,Scotland,Lower Than A Level,40-50%,0-35,0,120,0,Fail,4,0,1,1,0,0,0,1,0,1,0,1,1,0,1,8
FFF,2014J,682070,0,Ireland,HE Qualification,30-40%,35-55,0,90,0,Pass,1,1,1,0,1,0,0,0,0,0,0,0,1,0,0,2
FFF,2014J,682098,0,East Anglian Region,A Level or Equivalent,70-80%,0-35,0,60,0,Withdrawn,6,0,0,1,1,0,0,0,0,0,1,1,1,0,1,9
FFF,2014J,682142,0,North Western Region,Lower Than A Level,0-10%,0-35,0,60,0,Withdrawn,5,1,1,0,1,1,1,1,0,0,1,1,1,0,1,9
FFF,2014J,682276,0,South Region,A Level or Equivalent,90-100%,0-35,0,60,0,Withdrawn,3,0,1,0,1,1,0,1,1,1,0,1,0,0,1,8
FFF,2014J,682298,1,East Midlands Region,A Level or Equivalent,60-70%,0-35,0,120,1,Pass,8,1,0,0,1,0,1,0,0,1,1,1,0,0,1,3
FFF,2014J,682358,0,South Region,A Level or Equivalent,40-50%,35-55,0,180,1,Withdrawn,1,1,0,1,1,1,0,0,0,1,1,0,0,0,0,2
FFF,2014J,682359,1,North Region,A Level or Equivalent,20-Oct,35-55,0,120,0,Withdrawn,4,1,0,0,1,1,1,0,1,0,1,1,0,1,1,8
FFF,2014J,682390,0,Scotland,HE Qualification,20-30%,0-35,0,60,1,Pass,7,0,1,1,0,1,1,1,1,1,1,1,1,0,0,3
FFF,2014J,682391,0,Scotland,HE Qualification,80-90%,0-35,0,60,0,Fail,12,1,1,1,1,1,1,0,0,0,0,0,0,1,0,7
FFF,2014J,682436,0,North Region,Lower Than A Level,70-80%,0-35,0,90,0,Pass,4,1,0,0,1,1,1,1,1,0,0,0,0,1,1,8
FFF,2014J,682437,0,South Region,Lower Than A Level,40-50%,0-35,0,60,0,Pass,13,0,1,1,1,0,0,1,0,0,1,1,0,1,0,5
FFF,2014J,682482,0,Yorkshire Region,Lower Than A Level,0-10%,0-35,0,120,0,Withdrawn,5,0,1,0,0,0,0,0,1,0,0,0,0,1,1,9
FFF,2014J,682504,0,Wales,A Level or Equivalent,90-100%,0-35,0,90,0,Withdrawn,7,0,1,1,0,0,0,0,0,0,0,0,0,0,1,3
FFF,2014J,682505,0,North Region,Lower Than A Level,,0-35,0,60,0,Withdrawn,6,1,1,1,0,0,0,0,1,0,0,1,1,0,1,9
FFF,2014J,682511,0,South West Region,A Level or Equivalent,80-90%,0-35,0,120,0,Pass,4,0,0,1,0,0,0,0,1,1,0,0,1,0,0,8
FFF,2014J,682524,0,West Midlands Region,A Level or Equivalent,0-10%,0-35,0,60,1,Withdrawn,16,1,0,0,1,0,1,0,1,1,1,1,1,0,0,10
FFF,2014J,682539,0,East Anglian Region,A Level or Equivalent,50-60%,0-35,0,120,0,Distinction,9,1,0,0,0,1,1,0,1,1,1,1,0,0,1,4
FFF,2014J,682546,0,South East Region,Lower Than A Level,40-50%,0-35,0,120,0,Withdrawn,12,0,0,1,1,0,0,1,0,0,0,1,0,0,1,7
FFF,2014J,682565,0,East Midlands Region,Lower Than A Level,80-90%,0-35,0,240,0,Withdrawn,15,0,0,0,1,1,1,1,0,0,0,0,1,0,0,10
FFF,2014J,682569,0,South Region,A Level or Equivalent,20-30%,35-55,0,120,0,Pass,7,1,0,0,0,1,0,1,1,1,1,1,1,1,0,3
FFF,2014J,682578,0,Ireland,Lower Than A Level,50-60%,0-35,0,120,0,Fail,3,0,1,1,0,0,0,1,1,0,1,0,0,0,1,8
FFF,2014J,682588,0,South East Region,Lower Than A Level,90-100%,35-55,0,60,0,Fail,1,1,1,1,0,1,1,1,0,0,0,0,1,0,0,2
FFF,2014J,682596,1,London Region,A Level or Equivalent,0-10%,35-55,0,60,0,Withdrawn,2,1,0,1,1,1,1,0,0,0,0,1,1,1,0,2
FFF,2014J,682613,0,Wales,HE Qualification,40-50%,0-35,0,60,0,Pass,5,0,0,0,1,0,0,1,1,1,0,1,0,0,0,9
FFF,2014J,682617,0,North Western Region,Lower Than A Level,60-70%,0-35,0,60,0,Withdrawn,10,0,1,1,1,1,1,1,1,0,0,1,1,1,0,1
FFF,2014J,682632,1,London Region,A Level or Equivalent,0-10%,0-35,0,60,0,Pass,15,1,0,1,0,1,1,0,0,1,1,1,0,0,0,10
FFF,2014J,682671,1,North Western Region,Lower Than A Level,20-Oct,0-35,0,120,1,Withdrawn,10,0,1,1,0,0,0,0,0,1,0,1,1,0,1,1
FFF,2014J,682695,1,East Anglian Region,Lower Than A Level,80-90%,0-35,0,150,1,Pass,6,0,0,0,1,1,1,0,0,1,1,1,1,1,0,9
FFF,2014J,682719,0,East Anglian Region,Lower Than A Level,20-30%,0-35,0,60,0,Withdrawn,8,1,0,1,0,0,1,0,1,1,0,0,0,0,1,3
FFF,2014J,682753,0,South Region,A Level or Equivalent,90-100%,0-35,0,60,0,Pass,1,0,1,1,0,0,0,1,1,1,1,1,0,0,1,2
FFF,2014J,682839,0,London Region,Lower Than A Level,80-90%,35-55,0,120,0,Pass,10,1,1,0,0,1,1,0,0,1,0,0,0,1,0,1
FFF,2014J,682863,1,East Anglian Region,Lower Than A Level,20-Oct,35-55,0,60,0,Withdrawn,14,1,0,0,1,0,1,0,0,0,0,0,0,0,1,5
FFF,2014J,682894,0,South Region,Lower Than A Level,30-40%,0-35,0,60,0,Withdrawn,7,1,0,1,0,1,0,0,1,1,0,0,1,0,1,3
FFF,2014J,682946,0,East Anglian Region,Lower Than A Level,40-50%,35-55,0,120,0,Withdrawn,1,0,1,0,1,0,1,1,0,0,1,1,1,0,0,2
FFF,2014J,682963,0,South Region,HE Qualification,60-70%,35-55,0,120,0,Pass,7,0,1,1,1,0,0,0,0,1,1,0,1,0,0,3
FFF,2014J,682981,0,London Region,A Level or Equivalent,20-Oct,0-35,0,120,1,Distinction,9,1,1,0,0,1,1,1,1,1,1,0,0,1,0,4
FFF,2014J,682982,0,East Midlands Region,A Level or Equivalent,40-50%,0-35,0,120,0,Withdrawn,15,1,1,0,0,0,1,1,0,0,1,1,1,0,0,10
FFF,2014J,682983,0,South West Region,A Level or Equivalent,50-60%,0-35,0,60,0,Pass,5,1,1,0,0,0,1,0,1,1,1,1,1,1,1,9
FFF,2014J,682985,0,Scotland,HE Qualification,90-100%,0-35,0,60,0,Fail,3,0,1,1,0,0,1,1,0,0,1,1,1,0,0,8
FFF,2014J,682990,0,South East Region,A Level or Equivalent,40-50%,0-35,0,60,0,Distinction,13,0,0,0,0,0,1,1,1,0,1,1,1,1,1,5
FFF,2014J,683033,1,South Region,Lower Than A Level,70-80%,0-35,0,120,0,Pass,15,1,0,0,0,1,0,1,0,0,0,1,0,0,0,10
FFF,2014J,683094,0,Ireland,Lower Than A Level,20-30%,0-35,0,60,0,Fail,9,0,0,1,0,0,0,1,1,1,1,1,1,0,0,4
FFF,2014J,683144,0,North Western Region,HE Qualification,0-10%,35-55,0,60,0,Withdrawn,15,1,1,0,1,1,1,1,1,1,1,0,0,1,0,10
FFF,2014J,683177,1,South Region,A Level or Equivalent,80-90%,0-35,0,120,0,Withdrawn,16,0,1,0,0,1,0,1,0,0,1,0,1,1,1,10
FFF,2014J,683178,0,North Western Region,A Level or Equivalent,0-10%,35-55,0,60,0,Pass,7,1,1,0,1,0,0,1,1,1,1,1,0,1,0,3
FFF,2014J,683243,0,West Midlands Region,A Level or Equivalent,40-50%,0-35,0,90,0,Fail,3,0,0,0,1,1,0,0,1,1,0,1,1,1,0,8
FFF,2014J,683273,0,Yorkshire Region,A Level or Equivalent,0-10%,0-35,0,120,1,Fail,2,1,0,1,0,1,0,1,1,0,0,1,0,0,0,2
FFF,2014J,683305,1,Wales,HE Qualification,80-90%,0-35,0,120,0,Pass,16,0,0,0,0,1,1,1,1,1,1,1,0,0,0,10
FFF,2014J,683323,0,Wales,Lower Than A Level,20-30%,0-35,0,120,1,Fail,9,1,0,0,1,1,1,1,0,1,0,1,1,0,0,4
FFF,2014J,683346,0,North Region,Lower Than A Level,,35-55,0,60,0,Distinction,11,1,1,1,0,0,0,0,0,1,1,1,1,0,1,6
FFF,2014J,683347,0,North Western Region,A Level or Equivalent,60-70%,0-35,0,120,0,Withdrawn,13,1,1,1,1,0,0,1,1,0,1,0,0,1,1,5
FFF,2014J,683352,0,Yorkshire Region,Lower Than A Level,20-Oct,35-55,0,60,0,Pass,16,0,0,1,1,0,0,1,0,1,0,1,1,1,0,10
FFF,2014J,683353,0,Wales,Lower Than A Level,0-10%,0-35,0,90,0,Pass,1,1,1,0,1,0,0,1,1,0,0,1,0,0,1,2
FFF,2014J,683360,0,South East Region,A Level or Equivalent,20-30%,0-35,0,120,0,Withdrawn,9,1,1,0,0,0,0,1,1,0,0,0,1,1,0,4
FFF,2014J,683375,0,North Western Region,Lower Than A Level,70-80%,0-35,0,120,0,Pass,9,0,0,0,1,1,1,1,1,0,1,1,0,0,1,4
FFF,2014J,683403,0,Wales,A Level or Equivalent,20-30%,0-35,0,60,0,Distinction,10,0,1,1,1,0,1,1,1,1,1,0,1,0,1,1
FFF,2014J,683427,0,North Western Region,Lower Than A Level,0-10%,0-35,0,60,0,Withdrawn,6,0,0,1,1,1,0,1,0,0,1,0,0,1,0,9
FFF,2014J,683446,0,South Region,Lower Than A Level,70-80%,0-35,0,60,0,Fail,4,0,0,1,0,0,1,0,1,1,0,0,1,1,0,8
FFF,2014J,683467,0,East Anglian Region,Lower Than A Level,20-30%,0-35,0,120,1,Pass,16,1,1,0,0,0,0,1,0,1,0,1,0,0,0,10
FFF,2014J,683508,0,West Midlands Region,A Level or Equivalent,20-Oct,0-35,0,60,0,Fail,15,1,0,1,1,0,1,0,1,0,1,1,1,1,0,10
FFF,2014J,683530,0,North Region,Lower Than A Level,,35-55,0,60,0,Distinction,14,0,1,1,1,1,1,1,0,1,0,1,0,1,1,5
FFF,2014J,683547,0,West Midlands Region,Lower Than A Level,0-10%,35-55,0,120,0,Withdrawn,13,0,0,1,0,1,1,0,1,0,1,0,1,0,1,5
FFF,2014J,683550,0,East Anglian Region,Lower Than A Level,60-70%,0-35,0,60,0,Pass,8,0,1,0,0,0,0,1,0,1,0,0,1,0,0,3
FFF,2014J,683555,0,East Anglian Region,Lower Than A Level,60-70%,0-35,0,60,0,Withdrawn,14,0,1,1,0,0,0,0,0,1,0,0,0,0,0,5
FFF,2014J,683576,0,Scotland,A Level or Equivalent,80-90%,35-55,0,60,0,Withdrawn,9,1,0,1,0,1,1,0,0,1,0,0,1,0,1,4
FFF,2014J,683604,0,South Region,HE Qualification,70-80%,35-55,0,90,0,Pass,10,0,0,1,0,1,1,0,1,1,0,0,0,0,0,1
FFF,2014J,683624,0,Wales,Lower Than A Level,30-40%,0-35,0,120,0,Distinction,10,0,0,0,0,1,1,1,0,1,1,1,0,0,1,1
FFF,2014J,683628,0,London Region,A Level or Equivalent,30-40%,0-35,0,60,0,Withdrawn,6,1,0,0,1,1,1,1,1,0,0,0,1,0,1,9
FFF,2014J,683642,0,London Region,A Level or Equivalent,20-30%,35-55,0,120,0,Withdrawn,4,0,1,1,1,1,0,0,1,0,1,1,0,0,1,8
FFF,2014J,683699,1,South East Region,A Level or Equivalent,30-40%,0-35,0,60,1,Withdrawn,9,1,1,1,1,0,0,0,0,1,1,0,1,1,0,4
FFF,2014J,683745,0,Scotland,A Level or Equivalent,80-90%,0-35,0,60,0,Fail,3,1,1,1,0,0,1,0,0,0,1,0,1,1,0,8
FFF,2014J,683764,0,Scotland,A Level or Equivalent,70-80%,0-35,0,60,0,Fail,9,0,1,0,0,1,1,0,1,0,0,0,0,1,0,4
FFF,2014J,683772,0,Yorkshire Region,A Level or Equivalent,20-Oct,0-35,0,60,0,Withdrawn,6,1,1,0,1,0,0,0,0,0,0,1,0,0,1,9
FFF,2014J,683820,0,Scotland,Lower Than A Level,30-40%,0-35,0,90,0,Pass,11,1,0,1,0,0,0,1,0,1,0,1,1,0,0,6
FFF,2014J,683832,0,West Midlands Region,A Level or Equivalent,0-10%,0-35,0,90,0,Withdrawn,5,1,0,0,1,1,0,0,1,0,0,0,0,0,0,9
FFF,2014J,683902,0,East Midlands Region,A Level or Equivalent,0-10%,0-35,0,60,0,Pass,15,0,1,0,0,1,0,1,1,0,0,0,1,0,1,10
FFF,2014J,683912,1,South Region,A Level or Equivalent,0-10%,0-35,0,120,0,Withdrawn,10,1,0,0,1,1,0,1,0,0,1,1,1,1,1,1
FFF,2014J,683934,0,East Midlands Region,Lower Than A Level,80-90%,0-35,0,60,0,Pass,14,0,0,1,1,1,0,1,0,1,0,0,0,0,1,5
FFF,2014J,684013,0,Wales,Lower Than A Level,80-90%,35-55,0,60,0,Distinction,2,1,0,0,0,1,1,0,1,0,0,0,0,1,0,2
FFF,2014J,684014,1,North Region,A Level or Equivalent,20-Oct,35-55,0,120,0,Withdrawn,14,0,1,0,0,1,1,1,0,0,1,1,0,0,1,5
FFF,2014J,684040,0,North Region,A Level or Equivalent,90-100%,0-35,0,120,0,Withdrawn,6,1,1,1,1,0,0,0,0,0,0,0,1,0,1,9
FFF,2014J,684075,1,Wales,A Level or Equivalent,60-70%,0-35,0,60,0,Fail,3,1,0,1,1,1,0,0,1,1,0,0,0,1,0,8
FFF,2014J,684183,0,North Region,A Level or Equivalent,,35-55,0,60,0,Pass,6,0,0,1,1,1,0,1,0,0,1,0,1,0,0,9
FFF,2014J,684311,0,South Region,A Level or Equivalent,20-30%,0-35,0,90,0,Pass,7,1,1,1,0,1,0,0,1,1,1,0,1,1,0,3
FFF,2014J,684313,0,East Anglian Region,Lower Than A Level,40-50%,0-35,0,120,0,Withdrawn,11,1,1,0,0,1,0,0,0,1,1,0,1,0,0,6
FFF,2014J,684383,0,East Anglian Region,A Level or Equivalent,90-100%,0-35,0,60,0,Pass,8,0,1,1,1,1,0,1,0,1,1,0,1,0,1,3
FFF,2014J,684386,0,North Western Region,Lower Than A Level,40-50%,0-35,0,90,0,Pass,11,0,0,0,1,1,1,1,0,1,0,1,0,1,0,6
FFF,2014J,684526,0,East Anglian Region,Lower Than A Level,20-30%,0-35,0,120,0,Withdrawn,2,0,0,1,1,1,1,1,1,0,0,1,1,0,0,2
FFF,2014J,684572,0,South West Region,Lower Than A Level,30-40%,0-35,0,120,0,Withdrawn,2,0,0,1,1,0,0,1,0,1,1,1,0,0,1,2
FFF,2014J,684579,0,East Anglian Region,A Level or Equivalent,80-90%,0-35,0,150,0,Withdrawn,9,0,0,0,0,0,0,0,1,1,1,0,0,1,1,4
FFF,2014J,684592,0,South West Region,A Level or Equivalent,50-60%,0-35,0,120,0,Pass,8,1,0,1,1,1,1,1,0,1,0,0,1,1,0,3
FFF,2014J,684594,0,East Anglian Region,Lower Than A Level,50-60%,35-55,0,90,0,Withdrawn,14,0,1,0,0,0,1,1,1,1,1,1,0,1,1,5
FFF,2014J,684671,0,South East Region,A Level or Equivalent,90-100%,0-35,0,60,0,Pass,14,0,1,0,1,0,0,1,1,0,1,1,0,1,1,5
FFF,2014J,684675,0,South West Region,Lower Than A Level,30-40%,0-35,0,120,0,Pass,10,0,1,0,0,0,1,0,0,1,1,1,0,1,0,1
FFF,2014J,684676,0,North Western Region,Lower Than A Level,20-30%,0-35,0,60,0,Fail,12,1,1,0,0,1,0,1,0,1,1,1,1,0,1,7
FFF,2014J,684726,1,London Region,Lower Than A Level,20-30%,0-35,0,60,0,Withdrawn,1,0,1,1,1,0,0,1,0,0,0,0,0,1,1,2
FFF,2014J,684882,0,Wales,A Level or Equivalent,80-90%,0-35,0,120,0,Pass,8,0,0,1,0,1,1,0,0,1,0,0,1,1,1,3
FFF,2014J,684981,0,North Western Region,Lower Than A Level,0-10%,0-35,0,60,0,Withdrawn,1,0,0,1,1,1,1,0,1,1,1,1,0,1,1,2
FFF,2014J,684983,0,Yorkshire Region,A Level or Equivalent,20-Oct,35-55,0,150,0,Withdrawn,5,1,0,0,0,0,1,1,1,1,0,1,1,0,1,9
FFF,2014J,685004,0,South East Region,Lower Than A Level,20-Oct,0-35,0,90,0,Fail,14,0,0,0,0,0,1,0,1,1,1,0,1,0,0,5
FFF,2014J,685042,0,South Region,HE Qualification,20-Oct,0-35,0,150,0,Withdrawn,8,1,1,0,1,1,0,1,1,0,0,0,0,0,0,3
FFF,2014J,685100,0,East Anglian Region,Lower Than A Level,90-100%,0-35,0,60,0,Withdrawn,11,1,0,1,1,0,1,1,0,1,1,0,1,1,0,6
FFF,2014J,685105,0,South West Region,Lower Than A Level,40-50%,0-35,0,180,0,Fail,2,1,1,1,0,1,0,1,0,0,0,0,0,1,0,2
FFF,2014J,685128,0,North Western Region,A Level or Equivalent,0-10%,0-35,0,120,0,Pass,6,1,0,1,1,0,0,1,0,0,1,0,1,0,0,9
FFF,2014J,685140,0,East Anglian Region,HE Qualification,80-90%,0-35,0,120,0,Pass,7,1,1,0,1,1,0,1,0,0,0,0,0,1,1,3
FFF,2014J,685155,0,North Western Region,Lower Than A Level,0-10%,0-35,0,60,0,Pass,5,1,0,1,0,1,0,0,0,1,1,0,1,1,0,9
FFF,2014J,685192,0,London Region,Lower Than A Level,20-30%,0-35,0,180,0,Withdrawn,16,1,0,0,1,1,0,0,0,0,0,1,1,1,0,10
FFF,2014J,685212,0,West Midlands Region,HE Qualification,30-40%,35-55,0,120,0,Distinction,7,0,1,1,1,1,0,1,0,1,0,1,1,1,1,3
FFF,2014J,685276,1,London Region,Lower Than A Level,60-70%,0-35,0,90,0,Distinction,7,0,0,1,0,1,0,0,0,0,1,0,0,1,0,3
FFF,2014J,685283,0,Scotland,Lower Than A Level,70-80%,0-35,0,60,0,Fail,12,1,1,0,0,1,0,0,0,0,0,0,1,1,0,7
FFF,2014J,685330,0,Ireland,Lower Than A Level,,35-55,0,60,0,Withdrawn,3,1,0,1,0,1,0,0,1,0,0,0,0,0,1,8
FFF,2014J,685333,0,South Region,Lower Than A Level,20-Oct,0-35,0,120,0,Withdrawn,14,1,0,1,1,0,1,0,1,0,0,1,1,1,0,5
FFF,2014J,685339,0,East Midlands Region,A Level or Equivalent,60-70%,0-35,0,90,0,Pass,3,0,1,1,1,1,0,1,0,1,1,1,1,1,0,8
FFF,2014J,685367,0,Ireland,Lower Than A Level,60-70%,0-35,0,60,1,Fail,1,0,1,1,1,1,1,1,0,0,1,1,0,1,1,2
FFF,2014J,685373,0,Yorkshire Region,No Formal quals,0-10%,0-35,0,60,0,Distinction,2,0,0,0,1,0,0,0,1,1,0,1,0,0,1,2
FFF,2014J,685378,0,West Midlands Region,A Level or Equivalent,70-80%,0-35,0,120,0,Pass,4,0,0,1,1,1,1,1,0,0,1,1,1,0,0,8
FFF,2014J,685410,0,North Region,Lower Than A Level,0-10%,0-35,0,120,0,Pass,8,0,0,0,1,0,1,0,1,1,0,1,1,0,1,3
FFF,2014J,685439,1,South West Region,A Level or Equivalent,40-50%,0-35,0,60,0,Withdrawn,6,1,1,0,1,0,1,1,1,1,0,0,1,0,1,9
FFF,2014J,685512,0,South East Region,A Level or Equivalent,60-70%,0-35,0,120,0,Withdrawn,2,1,0,0,1,1,0,0,1,0,1,1,0,1,0,2
FFF,2014J,685565,0,East Midlands Region,Lower Than A Level,20-Oct,0-35,0,120,1,Withdrawn,11,0,1,1,1,1,0,1,0,0,0,1,1,1,1,6
FFF,2014J,685619,0,Scotland,HE Qualification,0-10%,0-35,0,105,1,Pass,12,1,0,0,0,0,1,1,1,1,1,1,0,1,0,7
FFF,2014J,685657,0,West Midlands Region,A Level or Equivalent,0-10%,0-35,0,60,0,Withdrawn,14,0,0,0,1,0,1,1,0,1,1,0,0,1,0,5
FFF,2014J,685663,1,South East Region,A Level or Equivalent,0-10%,0-35,0,90,0,Withdrawn,14,0,1,0,1,1,0,1,0,0,0,1,1,1,0,5
FFF,2014J,685683,0,East Midlands Region,Lower Than A Level,0-10%,0-35,0,60,0,Withdrawn,12,0,0,0,0,1,1,1,0,0,1,0,1,1,1,7
FFF,2014J,685705,0,Yorkshire Region,A Level or Equivalent,20-30%,0-35,0,120,0,Pass,5,0,0,1,0,1,1,1,0,1,1,1,1,0,0,9
FFF,2014J,685708,1,London Region,A Level or Equivalent,0-10%,0-35,0,120,0,Pass,13,0,0,1,1,1,0,1,1,1,0,1,1,0,1,5
FFF,2014J,685772,0,South Region,Lower Than A Level,90-100%,0-35,0,60,0,Pass,5,1,0,0,0,0,1,0,0,0,1,1,1,1,1,9
FFF,2014J,685802,0,South West Region,Lower Than A Level,20-Oct,0-35,0,120,0,Withdrawn,4,1,1,0,1,0,1,1,1,1,1,1,1,1,0,8
FFF,2014J,685807,0,East Anglian Region,Lower Than A Level,60-70%,0-35,0,120,0,Withdrawn,13,1,1,0,1,1,0,0,1,1,1,1,0,1,1,5
FFF,2014J,685831,0,Ireland,A Level or Equivalent,70-80%,0-35,0,90,0,Pass,12,0,0,0,1,1,0,1,0,0,0,0,0,1,1,7
FFF,2014J,685860,0,East Anglian Region,A Level or Equivalent,70-80%,0-35,0,210,0,Withdrawn,15,1,1,1,0,1,0,1,0,1,0,1,1,0,1,10
FFF,2014J,685920,0,London Region,A Level or Equivalent,80-90%,35-55,0,120,1,Withdrawn,8,1,0,0,0,1,1,0,0,0,0,1,0,0,1,3
FFF,2014J,685928,0,North Western Region,A Level or Equivalent,50-60%,0-35,0,120,0,Fail,7,0,1,0,1,0,1,0,1,1,1,0,0,0,0,3
FFF,2014J,685952,0,London Region,A Level or Equivalent,70-80%,0-35,0,120,0,Fail,8,0,0,0,1,1,0,1,1,0,1,0,0,0,1,3
FFF,2014J,685998,0,South East Region,Lower Than A Level,90-100%,0-35,0,60,0,Withdrawn,3,1,1,0,0,1,0,1,0,1,1,1,0,0,1,8
FFF,2014J,686065,0,Scotland,A Level or Equivalent,50-60%,0-35,0,60,0,Distinction,11,1,0,0,0,1,0,0,0,0,1,1,0,1,1,6
FFF,2014J,686100,0,East Midlands Region,Lower Than A Level,30-40%,0-35,0,90,0,Withdrawn,1,0,0,0,1,0,0,1,1,1,1,1,1,1,0,2
FFF,2014J,686164,0,Scotland,Lower Than A Level,0-10%,0-35,0,60,0,Fail,2,0,1,1,0,1,0,1,1,1,1,1,1,1,0,2
FFF,2014J,686314,0,South West Region,A Level or Equivalent,30-40%,0-35,0,120,0,Pass,15,0,1,1,0,1,1,1,0,1,1,1,1,1,1,10
FFF,2014J,686317,1,West Midlands Region,A Level or Equivalent,0-10%,0-35,0,120,0,Pass,1,1,0,1,0,1,1,0,1,0,0,0,1,0,0,2
FFF,2014J,686344,0,East Midlands Region,Lower Than A Level,80-90%,0-35,0,60,0,Pass,8,1,1,0,0,0,0,0,1,1,0,0,1,1,1,3
FFF,2014J,686348,0,East Anglian Region,A Level or Equivalent,40-50%,0-35,0,120,1,Pass,13,1,1,1,1,0,0,0,1,0,1,0,0,1,0,5
FFF,2014J,686358,0,East Midlands Region,Lower Than A Level,60-70%,0-35,0,120,0,Withdrawn,6,0,0,0,1,0,1,1,0,0,1,1,0,1,1,9
FFF,2014J,686390,0,South East Region,HE Qualification,90-100%,0-35,0,120,0,Withdrawn,11,1,1,1,1,0,0,1,1,0,0,1,1,0,1,6
FFF,2014J,686448,0,East Midlands Region,A Level or Equivalent,60-70%,0-35,0,60,0,Withdrawn,2,1,1,0,0,1,1,0,0,0,0,1,1,1,0,2
FFF,2014J,686458,0,West Midlands Region,Lower Than A Level,20-30%,0-35,0,60,1,Withdrawn,2,1,0,1,0,1,1,0,1,1,1,1,0,0,1,2
FFF,2014J,686498,0,North Region,HE Qualification,20-Oct,0-35,0,60,0,Pass,7,0,0,1,0,1,1,0,0,1,1,1,1,0,1,3
FFF,2014J,686522,0,West Midlands Region,HE Qualification,0-10%,35-55,0,90,0,Pass,7,0,0,1,0,0,0,1,1,1,0,0,0,1,0,3
FFF,2014J,686558,0,East Midlands Region,A Level or Equivalent,50-60%,0-35,0,120,0,Pass,8,1,0,0,0,1,1,0,1,1,1,0,0,0,1,3
FFF,2014J,686700,0,North Western Region,A Level or Equivalent,20-Oct,0-35,0,120,0,Pass,13,1,0,1,1,0,1,1,0,1,1,0,0,0,1,5
FFF,2014J,686705,1,South East Region,A Level or Equivalent,30-40%,0-35,0,120,0,Pass,16,0,0,0,0,0,0,0,1,0,0,0,1,1,0,10
FFF,2014J,686760,0,Yorkshire Region,HE Qualification,90-100%,0-35,0,120,0,Withdrawn,8,0,0,1,1,0,0,1,1,0,0,0,0,1,0,3
FFF,2014J,686786,0,East Anglian Region,Lower Than A Level,30-40%,0-35,0,60,1,Fail,10,0,1,1,1,0,0,1,0,1,0,1,0,1,1,1
FFF,2014J,686799,0,West Midlands Region,Lower Than A Level,0-10%,0-35,0,90,0,Withdrawn,13,0,0,0,0,1,0,0,0,1,0,1,1,1,1,5
FFF,2014J,686852,1,South East Region,Lower Than A Level,0-10%,0-35,0,180,0,Withdrawn,11,0,1,1,1,1,1,0,1,1,0,0,0,1,0,6
FFF,2014J,686869,0,South Region,Lower Than A Level,50-60%,0-35,0,150,0,Withdrawn,13,0,1,0,1,0,0,1,1,0,0,1,1,1,1,5
FFF,2014J,686946,0,London Region,A Level or Equivalent,50-60%,0-35,0,120,0,Fail,8,1,0,0,0,0,0,1,1,1,0,1,0,1,0,3
FFF,2014J,687007,0,South Region,Lower Than A Level,20-30%,35-55,0,60,0,Fail,3,1,0,0,1,1,1,0,1,0,0,0,0,1,1,8
FFF,2014J,687033,0,Wales,A Level or Equivalent,80-90%,0-35,0,120,0,Fail,14,1,0,1,0,1,0,1,0,1,1,1,1,1,0,5
FFF,2014J,687073,0,South West Region,A Level or Equivalent,20-30%,35-55,0,120,0,Withdrawn,5,0,1,0,0,1,1,0,0,1,0,1,1,1,1,9
FFF,2014J,687112,0,North Western Region,Lower Than A Level,20-30%,0-35,0,120,0,Pass,16,0,0,0,0,0,1,1,1,0,1,0,0,0,1,10
FFF,2014J,687115,0,South West Region,A Level or Equivalent,40-50%,0-35,0,120,0,Pass,9,0,1,0,1,0,1,0,0,1,1,1,0,0,0,4
FFF,2014J,687288,0,South Region,A Level or Equivalent,70-80%,0-35,0,90,0,Withdrawn,6,1,1,0,0,1,1,1,1,0,1,0,1,0,1,9
FFF,2014J,687304,0,East Anglian Region,A Level or Equivalent,40-50%,0-35,0,120,0,Fail,13,1,1,0,1,1,0,0,1,1,0,0,1,0,0,5
FFF,2014J,687319,0,West Midlands Region,Lower Than A Level,20-Oct,35-55,0,240,0,Withdrawn,10,0,0,1,0,0,0,0,0,0,0,0,1,0,0,1
FFF,2014J,687331,0,Wales,Lower Than A Level,20-Oct,0-35,0,60,1,Fail,14,0,1,0,1,1,0,0,1,0,0,0,1,1,1,5
FFF,2014J,687341,0,South West Region,A Level or Equivalent,40-50%,0-35,0,60,0,Withdrawn,16,1,1,1,0,0,0,0,0,1,0,1,0,0,0,10
FFF,2014J,687345,0,South Region,A Level or Equivalent,60-70%,0-35,0,90,0,Fail,15,1,0,1,1,1,0,0,1,0,0,1,0,1,1,10
FFF,2014J,687351,0,Scotland,HE Qualification,30-40%,0-35,0,60,0,Pass,5,0,1,0,1,0,1,0,1,1,0,1,1,1,1,9
FFF,2014J,687410,0,North Region,Lower Than A Level,20-30%,0-35,0,120,0,Pass,9,1,1,0,1,0,0,0,0,1,1,1,1,0,1,4
FFF,2014J,687434,0,Yorkshire Region,Lower Than A Level,80-90%,35-55,0,90,0,Distinction,3,0,1,0,0,1,0,1,1,0,1,1,1,0,0,8
FFF,2014J,687448,0,Yorkshire Region,Lower Than A Level,0-10%,0-35,0,120,0,Withdrawn,16,0,1,1,0,0,0,1,0,0,0,0,1,1,1,10
FFF,2014J,687468,1,South West Region,HE Qualification,40-50%,0-35,0,60,0,Distinction,10,1,1,1,0,0,1,0,0,0,0,1,0,0,0,1
FFF,2014J,687485,1,West Midlands Region,A Level or Equivalent,80-90%,0-35,0,180,0,Pass,10,0,1,0,1,0,0,1,1,0,0,0,0,1,0,1
FFF,2014J,687503,1,South West Region,Lower Than A Level,30-40%,35-55,0,120,0,Pass,3,0,0,1,0,1,0,0,1,0,0,1,0,0,0,8
FFF,2014J,687510,0,South Region,Lower Than A Level,40-50%,0-35,0,240,0,Withdrawn,2,1,0,1,0,1,1,1,0,1,1,1,1,1,1,2
FFF,2014J,687511,0,London Region,Lower Than A Level,0-10%,35-55,0,120,0,Withdrawn,1,1,1,1,0,0,0,1,1,1,0,1,1,0,1,2
FFF,2014J,687525,0,Ireland,A Level or Equivalent,50-60%,0-35,0,60,0,Fail,1,1,0,1,0,0,1,1,0,0,0,1,0,1,0,2
FFF,2014J,687686,0,South Region,A Level or Equivalent,60-70%,0-35,0,120,0,Fail,3,0,0,0,0,1,0,1,1,1,1,0,0,1,1,8
FFF,2014J,687747,0,London Region,A Level or Equivalent,50-60%,0-35,0,60,0,Withdrawn,6,1,0,0,0,0,0,1,0,0,0,0,1,0,0,9
FFF,2014J,687752,0,South Region,A Level or Equivalent,50-60%,0-35,0,120,0,Withdrawn,3,0,1,1,1,1,1,1,0,1,0,1,0,0,0,8
FFF,2014J,687795,0,South East Region,Lower Than A Level,80-90%,35-55,0,120,0,Withdrawn,8,0,0,0,1,0,0,0,0,0,0,1,1,0,0,3
FFF,2014J,687828,0,Ireland,Lower Than A Level,50-60%,35-55,0,60,0,Fail,8,0,0,1,0,1,0,0,0,0,0,1,1,0,1,3
FFF,2014J,687846,0,East Midlands Region,A Level or Equivalent,20-Oct,0-35,0,60,0,Pass,6,0,0,0,0,0,0,0,1,0,0,0,1,1,0,9
FFF,2014J,687910,0,East Anglian Region,Lower Than A Level,90-100%,0-35,0,60,0,Pass,8,0,0,1,0,1,1,0,0,0,0,1,1,1,0,3
FFF,2014J,687930,1,East Anglian Region,Lower Than A Level,90-100%,35-55,0,60,0,Pass,13,1,0,1,0,1,0,1,0,0,0,0,1,0,1,5
FFF,2014J,687931,0,South Region,A Level or Equivalent,90-100%,0-35,0,120,0,Pass,1,0,0,0,1,0,0,1,0,0,1,1,1,1,1,2
FFF,2014J,687988,0,Ireland,Lower Than A Level,90-100%,0-35,0,60,0,Pass,11,0,0,0,0,0,0,1,0,1,0,1,1,1,0,6
FFF,2014J,688005,0,South Region,Lower Than A Level,60-70%,0-35,0,60,0,Withdrawn,14,1,0,0,0,1,1,0,0,0,0,0,1,1,1,5
FFF,2014J,688008,1,London Region,HE Qualification,0-10%,0-35,0,120,0,Pass,4,1,0,0,1,0,1,0,0,1,0,0,0,0,1,8
FFF,2014J,688071,0,Scotland,A Level or Equivalent,40-50%,0-35,0,120,0,Fail,8,1,1,0,1,0,0,0,1,0,1,1,0,1,1,3
FFF,2014J,688097,0,South East Region,A Level or Equivalent,30-40%,0-35,0,120,0,Withdrawn,7,1,1,0,0,1,1,0,0,1,1,1,1,0,1,3
FFF,2014J,688127,0,East Midlands Region,A Level or Equivalent,60-70%,0-35,0,60,0,Distinction,7,0,1,0,1,0,1,0,0,1,1,1,0,0,1,3
FFF,2014J,688136,0,East Anglian Region,Lower Than A Level,20-Oct,35-55,0,150,0,Fail,15,1,1,1,1,1,1,1,1,0,1,0,0,0,1,10
FFF,2014J,688159,0,South West Region,A Level or Equivalent,90-100%,0-35,0,120,0,Withdrawn,4,1,1,0,0,0,1,1,0,1,1,1,0,1,1,8
FFF,2014J,688187,0,Yorkshire Region,A Level or Equivalent,60-70%,35-55,0,60,0,Withdrawn,6,1,1,1,0,1,0,1,1,1,1,1,0,1,1,9
FFF,2014J,688192,1,Wales,A Level or Equivalent,30-40%,0-35,0,90,0,Fail,11,0,1,0,1,1,0,0,0,0,0,1,0,1,0,6
FFF,2014J,688203,0,London Region,Lower Than A Level,20-30%,0-35,0,60,0,Withdrawn,6,1,0,0,1,0,0,1,0,1,1,0,1,1,0,9
FFF,2014J,688225,0,Scotland,Lower Than A Level,40-50%,0-35,0,60,0,Fail,7,1,0,0,0,0,1,0,0,0,0,1,0,0,0,3
FFF,2014J,688250,0,Wales,A Level or Equivalent,30-40%,0-35,0,60,0,Fail,6,1,1,0,0,0,1,0,0,1,1,0,1,0,0,9
FFF,2014J,688251,0,Scotland,HE Qualification,80-90%,35-55,0,120,0,Withdrawn,9,1,1,1,0,1,1,1,0,1,0,0,1,0,1,4
FFF,2014J,688265,0,East Anglian Region,Lower Than A Level,30-40%,0-35,0,60,0,Fail,8,0,1,0,1,1,1,0,1,0,1,0,1,1,1,3
FFF,2014J,688297,0,South West Region,A Level or Equivalent,90-100%,0-35,0,120,0,Withdrawn,12,1,0,0,0,1,1,0,1,0,1,0,1,1,1,7
FFF,2014J,688326,0,Wales,HE Qualification,20-30%,0-35,0,90,0,Withdrawn,5,1,0,1,1,0,1,1,0,1,1,0,0,0,0,9
FFF,2014J,688337,0,South West Region,A Level or Equivalent,70-80%,0-35,0,120,0,Pass,8,1,0,0,1,0,0,1,1,0,1,0,0,0,0,3
FFF,2014J,688442,1,West Midlands Region,HE Qualification,20-30%,35-55,0,60,0,Withdrawn,13,1,1,1,1,0,0,1,0,0,1,1,0,1,0,5
FFF,2014J,688453,0,Wales,Lower Than A Level,20-30%,0-35,0,120,0,Fail,10,1,1,0,0,1,1,0,1,1,0,1,1,0,1,1
FFF,2014J,688470,0,East Midlands Region,Lower Than A Level,50-60%,0-35,0,60,0,Fail,10,0,1,1,1,1,1,0,0,0,1,0,0,1,0,1
FFF,2014J,688475,0,South West Region,A Level or Equivalent,30-40%,0-35,0,60,0,Withdrawn,9,0,1,1,1,1,0,0,0,1,0,0,0,0,1,4
FFF,2014J,688509,0,Yorkshire Region,A Level or Equivalent,20-30%,0-35,0,120,0,Withdrawn,14,0,1,0,1,1,1,1,1,1,1,0,0,0,0,5
FFF,2014J,688532,0,Yorkshire Region,Lower Than A Level,20-30%,0-35,0,60,1,Withdrawn,8,0,1,1,0,0,0,1,0,0,0,0,1,0,0,3
FFF,2014J,688543,1,North Western Region,HE Qualification,20-Oct,0-35,0,120,0,Pass,8,0,0,1,1,0,0,1,0,1,1,1,0,1,0,3
FFF,2014J,688664,0,South East Region,A Level or Equivalent,60-70%,0-35,0,60,1,Withdrawn,16,0,0,1,0,1,0,1,1,0,1,1,0,0,1,10
FFF,2014J,688667,0,North Western Region,HE Qualification,20-30%,0-35,0,120,0,Pass,16,1,1,0,0,1,1,1,0,1,0,1,0,1,1,10
FFF,2014J,688685,0,Scotland,A Level or Equivalent,40-50%,0-35,0,120,0,Pass,3,0,1,1,1,1,1,0,1,1,0,0,0,1,0,8
FFF,2014J,688727,0,East Midlands Region,Lower Than A Level,20-30%,35-55,0,120,0,Distinction,5,0,0,0,0,1,0,0,0,0,1,1,1,0,1,9
FFF,2014J,688752,1,East Midlands Region,Lower Than A Level,20-Oct,0-35,0,120,0,Withdrawn,11,0,1,1,1,0,0,1,0,1,1,0,0,1,0,6
FFF,2014J,688881,1,Wales,Lower Than A Level,40-50%,35-55,0,240,0,Withdrawn,8,1,0,0,0,1,0,0,0,0,1,1,1,0,1,3
FFF,2014J,688891,0,East Midlands Region,A Level or Equivalent,90-100%,0-35,0,180,0,Fail,8,1,1,0,0,1,1,1,1,1,1,1,0,0,0,3
FFF,2014J,688895,0,Ireland,Lower Than A Level,,0-35,0,60,0,Distinction,6,1,0,0,1,0,1,0,0,1,0,1,0,0,0,9
FFF,2014J,688904,0,West Midlands Region,Lower Than A Level,,0-35,0,60,0,Withdrawn,12,0,1,1,0,1,0,1,1,1,0,1,1,1,1,7
FFF,2014J,688937,0,Yorkshire Region,Lower Than A Level,0-10%,0-35,0,120,1,Withdrawn,2,0,1,1,0,1,1,1,0,1,1,0,1,1,0,2
FFF,2014J,688964,0,West Midlands Region,Lower Than A Level,70-80%,0-35,0,120,0,Withdrawn,7,1,1,0,0,0,1,1,0,1,1,0,0,0,0,3
FFF,2014J,688976,0,North Western Region,A Level or Equivalent,60-70%,0-35,0,120,0,Fail,8,1,0,0,1,0,1,0,0,1,1,0,1,1,0,3
FFF,2014J,689005,0,South West Region,A Level or Equivalent,40-50%,0-35,0,60,0,Pass,9,0,1,1,1,1,0,0,1,1,1,0,1,1,0,4
FFF,2014J,689042,0,West Midlands Region,Lower Than A Level,40-50%,35-55,0,90,0,Withdrawn,8,0,1,0,1,0,0,0,0,1,0,0,1,0,1,3
FFF,2014J,689051,0,North Western Region,Lower Than A Level,30-40%,35-55,0,120,0,Withdrawn,1,1,0,0,0,1,1,0,0,0,0,0,1,0,0,2
FFF,2014J,689052,0,North Western Region,HE Qualification,0-10%,0-35,0,60,0,Fail,10,1,0,0,1,1,0,1,0,0,0,0,1,0,1,1
FFF,2014J,689056,0,North Region,A Level or Equivalent,,35-55,0,60,0,Pass,12,1,0,0,0,1,1,1,1,1,1,0,0,1,1,7
FFF,2014J,689225,0,Scotland,A Level or Equivalent,70-80%,0-35,0,60,0,Withdrawn,3,1,0,0,1,1,0,1,1,0,1,1,1,0,0,8
FFF,2014J,689260,0,North Western Region,A Level or Equivalent,20-Oct,35-55,0,120,1,Pass,8,1,1,0,0,1,0,0,1,0,1,0,0,1,0,3
FFF,2014J,689280,0,North Western Region,A Level or Equivalent,70-80%,35-55,0,60,0,Distinction,11,1,0,0,1,0,1,1,1,1,1,1,1,0,0,6
FFF,2014J,689290,1,South Region,Lower Than A Level,20-Oct,35-55,0,120,0,Withdrawn,11,1,1,1,1,0,0,1,1,1,1,0,0,1,1,6
FFF,2014J,689347,0,South Region,A Level or Equivalent,20-30%,0-35,0,60,0,Pass,6,0,1,0,1,0,0,0,1,0,0,0,0,1,0,9
FFF,2014J,689352,0,London Region,A Level or Equivalent,30-40%,0-35,0,120,0,Withdrawn,16,1,1,1,0,1,1,0,0,0,0,0,1,0,0,10
FFF,2014J,689444,1,Scotland,A Level or Equivalent,40-50%,35-55,0,60,0,Fail,11,0,0,1,1,0,0,1,0,0,0,0,0,0,0,6
FFF,2014J,689498,0,North Region,Lower Than A Level,0-10%,0-35,0,240,0,Withdrawn,15,1,1,0,0,1,1,0,1,0,1,1,0,1,0,10
FFF,2014J,689533,1,North Region,A Level or Equivalent,30-40%,0-35,0,120,0,Withdrawn,13,0,0,0,0,0,1,0,1,1,1,0,0,0,0,5
FFF,2014J,689582,0,West Midlands Region,Lower Than A Level,50-60%,35-55,0,60,0,Withdrawn,14,1,0,1,0,0,0,1,0,0,0,1,0,0,0,5
FFF,2014J,689585,0,North Western Region,A Level or Equivalent,30-40%,35-55,0,120,1,Withdrawn,11,1,1,0,1,0,1,1,0,0,0,1,0,1,0,6
FFF,2014J,689626,0,London Region,Lower Than A Level,20-Oct,0-35,0,120,0,Fail,11,0,0,0,0,1,1,0,0,0,0,0,0,0,1,6
FFF,2014J,689640,0,London Region,A Level or Equivalent,20-30%,0-35,0,120,0,Withdrawn,4,0,0,1,1,0,1,1,0,0,1,0,1,0,1,8
FFF,2014J,689747,1,North Western Region,Lower Than A Level,20-Oct,0-35,0,120,1,Withdrawn,11,1,1,1,1,0,0,0,0,0,0,1,1,0,0,6
FFF,2014J,689751,0,North Western Region,A Level or Equivalent,20-Oct,0-35,0,60,0,Withdrawn,16,1,0,1,1,0,0,0,0,0,1,0,1,0,0,10
FFF,2014J,689761,1,Yorkshire Region,Lower Than A Level,70-80%,0-35,0,60,0,Withdrawn,5,1,1,1,0,0,0,0,1,1,0,0,0,0,0,9
FFF,2014J,689796,1,Yorkshire Region,Lower Than A Level,20-30%,0-35,0,60,0,Pass,13,0,1,0,0,0,1,1,1,0,1,1,0,1,0,5
FFF,2014J,689827,1,Ireland,A Level or Equivalent,,0-35,0,60,0,Withdrawn,5,0,0,0,1,1,0,1,1,0,1,0,1,1,1,9
FFF,2014J,689832,0,West Midlands Region,Lower Than A Level,40-50%,0-35,0,60,1,Pass,5,1,1,1,1,1,0,1,1,1,1,1,0,0,1,9
FFF,2014J,689855,0,South West Region,A Level or Equivalent,20-30%,0-35,0,150,0,Distinction,2,0,0,0,1,1,0,1,1,0,1,1,0,1,0,2
FFF,2014J,689924,0,East Midlands Region,Lower Than A Level,30-40%,0-35,0,120,0,Pass,16,1,0,0,1,1,0,0,1,1,1,0,1,1,1,10
FFF,2014J,689977,0,East Anglian Region,Lower Than A Level,50-60%,0-35,0,120,0,Withdrawn,5,0,0,1,1,1,0,0,0,0,0,0,0,0,1,9
FFF,2014J,690075,0,London Region,Lower Than A Level,20-30%,0-35,0,120,0,Pass,10,0,1,0,1,0,1,0,0,0,1,0,0,1,1,1
FFF,2014J,690137,0,East Anglian Region,Lower Than A Level,40-50%,0-35,0,60,0,Withdrawn,4,1,0,1,1,1,1,0,1,0,0,0,0,1,1,8
FFF,2014J,690174,1,East Anglian Region,A Level or Equivalent,40-50%,0-35,0,120,0,Withdrawn,13,1,1,1,0,1,0,0,0,0,0,1,1,0,1,5
FFF,2014J,690198,1,West Midlands Region,A Level or Equivalent,30-40%,0-35,0,60,0,Distinction,16,0,0,1,1,0,1,1,0,0,0,0,0,0,1,10
FFF,2014J,690296,0,South East Region,Lower Than A Level,60-70%,0-35,0,60,0,Withdrawn,5,0,0,0,0,1,0,0,1,0,0,0,0,0,1,9
FFF,2014J,690382,0,Scotland,HE Qualification,20-Oct,0-35,0,120,0,Pass,10,1,1,0,1,1,0,1,1,0,1,1,1,1,0,1
FFF,2014J,690559,0,London Region,Lower Than A Level,0-10%,0-35,0,120,0,Withdrawn,1,1,0,1,1,0,1,0,1,1,0,1,0,1,0,2
FFF,2014J,690585,0,North Western Region,Lower Than A Level,80-90%,0-35,0,60,0,Fail,13,1,0,1,1,1,1,0,0,0,0,1,1,0,0,5
FFF,2014J,690628,0,Scotland,HE Qualification,70-80%,0-35,0,120,0,Pass,3,1,1,1,0,0,0,0,1,0,0,0,0,1,1,8
FFF,2014J,690631,0,Scotland,A Level or Equivalent,40-50%,35-55,0,240,0,Withdrawn,12,1,0,1,0,1,0,1,0,0,1,0,0,0,1,7
FFF,2014J,690635,0,East Midlands Region,HE Qualification,60-70%,0-35,0,60,0,Distinction,3,0,1,0,0,0,1,0,0,1,1,1,0,0,1,8
FFF,2014J,690656,0,London Region,Lower Than A Level,20-Oct,0-35,0,150,1,Withdrawn,4,1,1,0,1,1,0,0,1,1,1,1,1,1,0,8
FFF,2014J,690687,0,West Midlands Region,A Level or Equivalent,0-10%,35-55,0,180,0,Withdrawn,12,1,0,1,1,0,0,1,0,0,1,1,0,0,0,7
FFF,2014J,690746,1,Scotland,HE Qualification,80-90%,35-55,0,90,0,Distinction,10,0,0,0,0,1,0,1,0,0,1,0,1,0,0,1
FFF,2014J,690832,0,Scotland,A Level or Equivalent,20-30%,35-55,0,120,0,Fail,2,1,1,1,1,0,1,0,0,0,0,1,1,0,1,2
FFF,2014J,690872,0,East Midlands Region,Lower Than A Level,80-90%,0-35,0,120,0,Pass,5,1,1,1,0,1,1,0,0,0,1,0,1,1,1,9
FFF,2014J,690962,0,South East Region,A Level or Equivalent,60-70%,0-35,0,180,0,Withdrawn,16,0,0,0,1,1,0,1,1,1,0,0,0,0,1,10
FFF,2014J,691056,0,North Western Region,Lower Than A Level,50-60%,0-35,0,180,0,Withdrawn,1,0,0,0,1,1,1,1,0,1,1,0,1,1,1,2
FFF,2014J,691177,0,South Region,A Level or Equivalent,70-80%,0-35,0,120,0,Fail,4,1,1,0,0,1,0,1,1,0,0,0,1,0,0,8
FFF,2014J,691253,0,West Midlands Region,Lower Than A Level,60-70%,0-35,0,120,0,Withdrawn,4,1,1,1,1,0,1,0,1,0,1,0,1,1,0,8
FFF,2014J,691269,0,West Midlands Region,Lower Than A Level,90-100%,0-35,0,60,0,Pass,6,1,1,1,0,0,0,0,0,0,1,1,0,1,0,9
FFF,2014J,691280,0,East Anglian Region,HE Qualification,90-100%,0-35,0,150,0,Pass,4,1,0,1,1,1,0,1,1,1,1,1,0,1,0,8
FFF,2014J,691288,1,Scotland,Lower Than A Level,20-30%,35-55,0,120,0,Fail,4,1,1,1,1,1,0,1,0,0,0,0,0,1,1,8
FFF,2014J,691326,1,Scotland,Lower Than A Level,30-40%,0-35,0,90,0,Fail,6,0,0,1,1,1,1,1,0,1,1,1,1,1,1,9
FFF,2014J,691375,0,Scotland,Lower Than A Level,0-10%,0-35,0,60,0,Fail,13,0,1,0,1,1,0,0,1,0,0,0,1,1,0,5
FFF,2014J,691465,0,London Region,HE Qualification,30-40%,35-55,0,120,0,Fail,3,0,0,0,1,0,1,0,0,0,1,0,1,1,0,8
FFF,2014J,691563,0,East Midlands Region,Lower Than A Level,50-60%,35-55,0,120,0,Withdrawn,6,0,0,1,1,1,1,0,1,0,0,0,0,0,0,9
FFF,2014J,691699,0,South Region,Lower Than A Level,80-90%,0-35,0,120,0,Pass,1,1,0,0,0,1,0,1,1,1,1,0,0,1,0,2
FFF,2014J,691722,0,Scotland,HE Qualification,50-60%,0-35,0,120,0,Distinction,1,0,0,0,1,1,0,0,1,0,0,0,0,1,0,2
FFF,2014J,691805,0,North Western Region,Lower Than A Level,50-60%,0-35,0,180,0,Withdrawn,13,1,0,1,1,1,0,1,0,0,1,1,0,0,1,5
FFF,2014J,691873,0,East Midlands Region,A Level or Equivalent,40-50%,0-35,0,120,0,Pass,12,0,1,0,1,0,0,1,0,0,0,1,0,0,0,7
FFF,2014J,691932,0,North Western Region,A Level or Equivalent,0-10%,35-55,0,120,0,Pass,8,1,0,0,1,0,0,1,0,1,1,1,0,0,0,3
FFF,2014J,692010,1,South East Region,A Level or Equivalent,90-100%,35-55,0,120,0,Pass,4,0,1,1,0,0,0,0,0,1,0,1,1,1,1,8
FFF,2014J,692097,1,East Midlands Region,HE Qualification,20-Oct,0-35,0,120,0,Pass,6,0,0,0,0,1,1,1,0,0,0,0,0,1,1,9
FFF,2014J,692189,0,North Western Region,Lower Than A Level,90-100%,0-35,0,60,0,Withdrawn,5,0,1,0,0,1,1,0,1,0,0,1,1,0,0,9
FFF,2014J,692219,0,South Region,A Level or Equivalent,20-30%,0-35,0,90,0,Withdrawn,4,1,0,0,0,1,0,1,0,1,1,1,1,1,0,8
FFF,2014J,692220,0,North Western Region,Lower Than A Level,50-60%,0-35,0,60,0,Pass,14,1,1,0,0,1,1,1,0,1,0,1,0,1,0,5
FFF,2014J,692273,0,East Midlands Region,A Level or Equivalent,80-90%,0-35,0,120,0,Withdrawn,15,0,1,1,0,0,1,0,0,1,0,1,0,1,1,10
FFF,2014J,692297,0,South Region,Lower Than A Level,50-60%,35-55,0,60,1,Fail,10,1,1,1,0,1,1,0,1,1,0,0,0,1,0,1
FFF,2014J,692301,0,Scotland,A Level or Equivalent,60-70%,0-35,0,90,0,Pass,1,0,0,1,0,1,1,1,1,0,1,0,1,0,0,2
FFF,2014J,692334,0,Ireland,A Level or Equivalent,0-10%,0-35,0,60,0,Pass,13,0,1,1,0,0,1,1,1,1,1,0,1,1,1,5
FFF,2014J,692454,0,West Midlands Region,A Level or Equivalent,60-70%,0-35,0,90,0,Pass,10,1,0,0,1,1,0,0,0,0,1,0,0,1,0,1
FFF,2014J,692612,0,London Region,A Level or Equivalent,20-Oct,35-55,0,90,0,Pass,11,0,0,1,1,0,0,0,1,1,1,0,1,1,1,6
FFF,2014J,692632,0,South Region,A Level or Equivalent,20-Oct,0-35,0,60,0,Fail,13,1,0,1,0,1,1,0,1,0,1,0,0,1,0,5
FFF,2014J,692740,0,West Midlands Region,Lower Than A Level,20-30%,0-35,0,60,0,Withdrawn,14,1,1,0,1,0,1,1,1,1,0,0,1,1,1,5
FFF,2014J,692893,0,East Anglian Region,Lower Than A Level,50-60%,0-35,0,60,0,Pass,16,0,1,1,0,0,0,1,1,1,1,1,1,0,1,10
FFF,2014J,692898,0,South West Region,A Level or Equivalent,20-Oct,0-35,0,60,0,Withdrawn,12,0,0,1,1,1,0,0,1,0,1,1,1,1,1,7
FFF,2014J,692946,0,South East Region,Lower Than A Level,70-80%,0-35,0,60,0,Fail,14,0,0,1,1,0,1,1,0,1,0,0,0,0,1,5
FFF,2014J,692962,0,West Midlands Region,HE Qualification,90-100%,0-35,0,60,0,Pass,8,1,1,1,0,1,0,0,1,0,1,0,1,1,1,3
FFF,2014J,692968,0,East Anglian Region,A Level or Equivalent,90-100%,0-35,0,60,0,Pass,13,1,0,0,1,0,1,0,0,0,0,1,0,0,0,5
FFF,2014J,692976,0,North Region,A Level or Equivalent,0-10%,0-35,0,120,0,Withdrawn,10,0,1,0,0,1,0,0,1,1,1,1,0,0,0,1
FFF,2014J,693114,0,East Anglian Region,A Level or Equivalent,40-50%,0-35,0,120,0,Withdrawn,10,1,1,0,0,0,0,0,0,1,1,1,1,1,0,1
FFF,2014J,693160,0,Yorkshire Region,Lower Than A Level,80-90%,0-35,0,60,0,Pass,3,1,1,1,1,0,1,1,1,1,1,0,0,0,1,8
FFF,2014J,693162,0,Wales,A Level or Equivalent,40-50%,35-55,0,60,0,Distinction,6,1,1,0,0,1,0,1,0,1,1,1,1,1,0,9
FFF,2014J,693197,0,North Western Region,A Level or Equivalent,20-Oct,0-35,0,120,1,Pass,12,0,1,1,0,0,1,0,1,0,0,1,0,1,0,7
FFF,2014J,693223,0,South Region,Lower Than A Level,80-90%,0-35,0,60,0,Withdrawn,14,1,1,1,1,0,1,0,1,0,1,1,1,0,0,5
FFF,2014J,693236,0,North Region,HE Qualification,,0-35,0,120,0,Pass,9,0,1,1,0,1,1,1,1,1,0,1,0,1,0,4
FFF,2014J,693246,0,London Region,Lower Than A Level,20-30%,35-55,0,120,0,Withdrawn,4,0,0,1,0,1,0,1,1,0,1,1,1,0,0,8
FFF,2014J,693345,1,Ireland,HE Qualification,,0-35,0,150,0,Pass,5,0,0,0,0,0,0,1,0,1,0,0,0,0,0,9
FFF,2014J,693373,0,Ireland,A Level or Equivalent,90-100%,0-35,0,60,0,Distinction,8,0,1,0,1,1,1,0,1,1,1,0,1,1,0,3
FFF,2014J,693448,0,North Region,Lower Than A Level,0-10%,35-55,0,120,0,Withdrawn,15,0,1,1,0,1,1,1,1,0,0,0,1,1,1,10
FFF,2014J,693497,0,South Region,HE Qualification,80-90%,0-35,0,60,0,Pass,14,1,0,1,0,1,0,1,0,0,1,0,0,1,0,5
FFF,2014J,693519,0,North Region,HE Qualification,,0-35,0,90,0,Pass,8,0,1,0,1,1,1,1,0,1,0,0,0,0,0,3
FFF,2014J,693573,0,Yorkshire Region,Lower Than A Level,30-40%,0-35,0,60,0,Withdrawn,15,0,1,1,1,1,0,1,1,0,1,1,1,1,0,10
FFF,2014J,693628,0,East Anglian Region,A Level or Equivalent,50-60%,35-55,0,120,0,Pass,15,1,0,0,0,0,1,0,1,1,0,1,1,0,0,10
FFF,2014J,693629,0,London Region,A Level or Equivalent,80-90%,0-35,0,90,0,Fail,15,0,0,0,0,0,1,1,0,1,0,1,1,0,1,10
FFF,2014J,693764,0,North Region,Lower Than A Level,20-30%,35-55,0,120,0,Pass,2,1,0,1,1,0,0,0,1,1,1,1,0,1,0,2
FFF,2014J,693806,1,London Region,Lower Than A Level,30-40%,0-35,0,180,0,Distinction,2,1,1,1,0,1,0,0,1,0,1,1,0,0,0,2
FFF,2014J,693812,0,Yorkshire Region,No Formal quals,0-10%,0-35,0,240,0,Withdrawn,2,0,0,1,1,1,1,1,1,0,1,1,1,0,0,2
FFF,2014J,693873,0,South West Region,HE Qualification,20-30%,0-35,0,180,0,Fail,14,1,1,0,0,0,1,1,0,1,1,0,1,0,0,5
FFF,2014J,693903,0,South East Region,A Level or Equivalent,70-80%,0-35,0,60,0,Distinction,15,1,0,0,1,1,1,0,1,1,0,0,1,1,0,10
FFF,2014J,693906,0,Scotland,A Level or Equivalent,70-80%,35-55,0,60,0,Withdrawn,3,1,1,1,0,0,1,0,1,0,1,0,0,0,0,8
FFF,2014J,693907,1,North Western Region,Lower Than A Level,0-10%,35-55,0,180,0,Pass,15,0,0,1,1,0,1,1,1,1,0,1,1,1,0,10
FFF,2014J,694059,1,Scotland,HE Qualification,40-50%,35-55,0,60,0,Withdrawn,7,0,1,1,0,0,0,0,0,1,1,0,1,1,1,3
FFF,2014J,694128,0,North Region,Lower Than A Level,,0-35,0,90,0,Pass,16,1,0,0,1,1,1,1,0,1,0,1,1,1,1,10
FFF,2014J,694144,0,North Region,A Level or Equivalent,,35-55,0,60,0,Distinction,7,0,1,1,0,1,1,0,0,1,1,1,0,0,1,3
FFF,2014J,694221,0,Scotland,Lower Than A Level,40-50%,0-35,0,60,0,Fail,4,0,1,1,0,1,0,1,1,0,0,0,0,1,0,8
FFF,2014J,694272,0,East Midlands Region,Lower Than A Level,40-50%,0-35,0,60,0,Withdrawn,7,0,1,0,0,0,0,1,0,1,0,1,1,0,0,3
FFF,2014J,694284,1,West Midlands Region,Lower Than A Level,80-90%,0-35,0,120,1,Withdrawn,4,0,1,1,1,1,0,0,1,1,0,1,0,1,1,8
FFF,2014J,694376,0,South West Region,A Level or Equivalent,80-90%,0-35,0,90,0,Fail,12,1,0,0,0,1,1,1,0,0,1,1,0,0,1,7
FFF,2014J,694415,1,West Midlands Region,A Level or Equivalent,0-10%,0-35,0,120,0,Withdrawn,5,1,1,1,1,0,0,0,1,0,0,1,0,0,1,9
FFF,2014J,694428,0,South East Region,A Level or Equivalent,50-60%,0-35,0,60,0,Pass,7,1,1,1,0,0,0,0,1,1,0,1,0,0,0,3
FFF,2014J,694456,0,South Region,HE Qualification,70-80%,0-35,0,60,0,Pass,11,0,0,0,0,1,0,0,1,1,1,0,0,0,0,6
FFF,2014J,694464,0,West Midlands Region,Lower Than A Level,0-10%,0-35,0,120,1,Withdrawn,11,1,1,0,0,1,1,1,1,0,1,0,1,0,1,6
FFF,2014J,694536,0,South East Region,A Level or Equivalent,60-70%,0-35,0,120,0,Withdrawn,12,0,1,0,1,1,1,1,1,1,0,0,1,1,0,7
FFF,2014J,694622,0,South East Region,A Level or Equivalent,20-Oct,0-35,0,60,1,Pass,5,1,0,1,1,1,0,0,0,1,1,0,1,1,0,9
FFF,2014J,694669,0,London Region,A Level or Equivalent,20-30%,0-35,0,180,1,Withdrawn,6,0,1,1,1,0,0,1,0,1,0,1,1,0,1,9
FFF,2014J,694715,0,East Midlands Region,A Level or Equivalent,20-30%,0-35,0,180,0,Withdrawn,15,0,0,1,0,1,1,1,1,1,0,1,0,0,0,10
FFF,2014J,694716,0,Ireland,HE Qualification,90-100%,0-35,0,90,0,Pass,15,1,1,1,1,0,1,1,1,1,1,0,0,1,1,10
FFF,2014J,694827,0,North Region,HE Qualification,,0-35,0,60,0,Pass,3,1,0,1,1,1,1,0,0,0,1,0,1,1,1,8
FFF,2014J,694836,1,East Midlands Region,A Level or Equivalent,0-10%,0-35,0,60,0,Pass,1,1,0,0,1,0,1,0,1,0,0,1,0,0,1,2
FFF,2014J,694848,0,East Midlands Region,A Level or Equivalent,90-100%,35-55,0,120,0,Distinction,6,1,1,1,1,1,1,1,1,0,1,0,0,1,1,9
FFF,2014J,695090,0,West Midlands Region,Lower Than A Level,20-30%,0-35,0,120,0,Pass,2,1,1,1,0,0,0,0,0,0,1,0,0,1,0,2
FFF,2014J,695169,0,West Midlands Region,A Level or Equivalent,80-90%,0-35,0,120,0,Pass,15,0,1,1,1,0,0,0,0,1,0,1,1,0,0,10
FFF,2014J,695220,0,North Region,Lower Than A Level,,35-55,0,180,1,Withdrawn,11,0,0,1,0,1,0,1,1,0,1,0,1,0,0,6
FFF,2014J,695250,0,North Region,A Level or Equivalent,20-Oct,35-55,0,120,0,Withdrawn,4,0,0,1,1,0,1,0,0,1,1,1,0,0,0,8
FFF,2014J,695251,0,Ireland,HE Qualification,,0-35,0,60,0,Withdrawn,6,0,1,0,0,0,0,0,0,1,0,1,0,1,0,9
FFF,2014J,695369,1,North Western Region,Lower Than A Level,0-10%,0-35,0,120,0,Withdrawn,8,1,0,1,0,1,1,1,1,0,0,1,0,1,1,3
FFF,2014J,695380,0,North Western Region,Lower Than A Level,20-30%,35-55,0,120,0,Withdrawn,15,0,0,0,1,1,1,1,1,0,1,0,0,1,1,10
FFF,2014J,695416,0,South East Region,Lower Than A Level,60-70%,0-35,0,240,0,Withdrawn,9,1,1,1,1,0,1,0,1,0,1,1,0,1,0,4
FFF,2014J,695449,0,North Region,HE Qualification,,35-55,0,120,0,Withdrawn,11,1,1,0,1,0,1,0,1,0,0,1,0,1,0,6
FFF,2014J,695471,0,South Region,Lower Than A Level,80-90%,0-35,0,60,0,Pass,10,0,0,1,0,1,0,0,1,1,0,0,1,1,0,1
FFF,2014J,695485,0,South Region,Lower Than A Level,90-100%,35-55,0,60,1,Pass,12,1,0,1,0,1,1,1,0,1,1,0,1,0,0,7
FFF,2014J,695550,0,London Region,A Level or Equivalent,70-80%,0-35,0,90,0,Fail,15,0,0,1,0,1,1,1,1,0,1,0,1,0,0,10
FFF,2014J,695574,1,Yorkshire Region,Lower Than A Level,0-10%,0-35,0,120,1,Withdrawn,16,1,0,0,0,1,1,1,0,0,1,1,1,0,0,10
FFF,2014J,695637,0,North Region,A Level or Equivalent,,35-55,0,120,0,Distinction,5,0,1,1,0,0,1,1,1,0,0,1,1,0,1,9
FFF,2014J,695676,0,London Region,Lower Than A Level,50-60%,0-35,0,120,0,Withdrawn,5,0,1,1,0,0,1,1,1,1,1,1,0,0,1,9
FFF,2014J,695700,0,South West Region,A Level or Equivalent,70-80%,0-35,0,150,0,Fail,6,1,0,0,0,1,0,0,1,1,0,1,1,0,0,9
FFF,2014J,695729,0,London Region,Lower Than A Level,0-10%,35-55,0,60,0,Pass,7,1,0,1,1,0,0,1,0,0,1,1,0,1,1,3
FFF,2014J,695748,0,London Region,A Level or Equivalent,0-10%,0-35,0,120,0,Withdrawn,3,1,0,0,1,1,0,1,1,1,0,1,1,1,1,8
FFF,2014J,695764,0,London Region,No Formal quals,0-10%,0-35,0,210,0,Withdrawn,1,1,0,0,1,1,1,0,0,1,1,1,0,0,1,2
FFF,2014J,695803,0,South Region,HE Qualification,90-100%,35-55,0,60,0,Pass,3,1,0,0,0,1,0,0,1,0,1,1,1,1,0,8
FFF,2014J,695825,0,North Region,Lower Than A Level,60-70%,0-35,0,60,0,Withdrawn,6,1,1,0,1,0,0,0,0,1,1,1,0,1,0,9
FFF,2014J,695869,0,South Region,A Level or Equivalent,90-100%,35-55,0,60,0,Pass,5,1,0,1,1,1,1,1,1,1,1,0,0,0,1,9
FFF,2014J,695879,1,East Anglian Region,A Level or Equivalent,30-40%,0-35,0,120,0,Withdrawn,14,0,1,1,0,1,0,1,0,1,0,1,0,1,0,5
FFF,2014J,695926,0,South West Region,Lower Than A Level,30-40%,0-35,0,120,0,Fail,7,0,1,0,0,0,1,0,1,0,1,1,1,1,0,3
FFF,2014J,695964,0,East Anglian Region,Lower Than A Level,40-50%,0-35,0,120,0,Withdrawn,8,1,1,0,0,0,1,1,1,0,0,0,1,0,1,3
FFF,2014J,696039,0,North Western Region,A Level or Equivalent,60-70%,0-35,0,60,0,Fail,10,0,0,0,0,0,0,1,0,1,0,0,1,1,1,1
FFF,2014J,696043,1,South East Region,Lower Than A Level,60-70%,0-35,0,120,1,Distinction,15,0,1,0,1,0,0,1,0,0,1,0,0,1,0,10
FFF,2014J,696071,1,South West Region,Lower Than A Level,30-40%,0-35,0,90,1,Withdrawn,16,0,1,0,1,0,0,0,0,1,1,1,0,1,1,10
FFF,2014J,696082,0,South Region,A Level or Equivalent,,0-35,0,60,0,Pass,15,1,1,0,0,0,0,0,0,1,0,1,0,1,0,10
FFF,2014J,696091,0,East Midlands Region,Lower Than A Level,20-30%,35-55,0,60,0,Withdrawn,2,0,0,0,0,1,1,0,1,0,1,1,0,0,0,2
FFF,2014J,696188,0,North Region,Lower Than A Level,,0-35,0,120,0,Pass,15,1,0,0,0,1,1,1,1,1,0,0,1,1,0,10
FFF,2014J,696253,0,South West Region,Lower Than A Level,50-60%,0-35,0,120,1,Withdrawn,3,0,0,0,1,1,0,1,1,1,1,0,0,1,1,8
FFF,2014J,696275,0,Ireland,Lower Than A Level,,35-55,0,60,0,Distinction,4,1,1,0,1,0,0,1,1,1,1,1,0,0,1,8
FFF,2014J,696276,0,Ireland,HE Qualification,,0-35,0,60,0,Withdrawn,13,1,1,0,0,1,1,1,1,1,1,0,0,0,0,5
FFF,2014J,696318,0,South Region,A Level or Equivalent,70-80%,0-35,0,90,0,Distinction,3,0,1,1,1,0,1,1,0,1,1,1,0,1,0,8
FFF,2014J,696329,0,Ireland,A Level or Equivalent,90-100%,0-35,0,120,0,Distinction,3,1,1,1,1,0,0,0,1,0,1,1,0,1,0,8
FFF,2014J,696347,1,South East Region,Lower Than A Level,50-60%,0-35,0,60,0,Pass,2,0,1,1,0,0,0,1,0,0,0,0,0,0,0,2
FFF,2014J,696364,0,Ireland,A Level or Equivalent,20-30%,0-35,0,60,0,Pass,14,1,0,1,1,1,0,0,0,0,1,0,0,1,0,5
FFF,2014J,696410,0,London Region,Lower Than A Level,50-60%,35-55,0,120,0,Withdrawn,4,1,0,0,0,1,0,0,1,0,1,0,0,0,1,8
FFF,2014J,696456,0,Scotland,A Level or Equivalent,20-Oct,0-35,0,60,0,Fail,7,0,0,0,0,0,0,1,1,1,1,1,0,0,0,3
FFF,2014J,696583,0,South East Region,A Level or Equivalent,60-70%,0-35,0,60,1,Fail,9,0,0,1,0,1,1,1,0,0,1,1,1,1,1,4
FFF,2014J,696615,0,South Region,A Level or Equivalent,70-80%,0-35,0,60,0,Fail,15,1,0,1,0,1,1,1,1,0,1,1,1,1,0,10
FFF,2014J,696653,0,London Region,A Level or Equivalent,90-100%,0-35,0,90,0,Fail,14,0,0,1,0,1,1,1,0,1,0,1,1,1,0,5
FFF,2014J,696659,1,North Western Region,A Level or Equivalent,40-50%,0-35,0,120,0,Pass,11,1,1,1,0,0,0,0,0,1,0,1,0,1,1,6
FFF,2014J,696662,1,South West Region,A Level or Equivalent,60-70%,0-35,0,120,0,Distinction,12,0,0,0,0,0,0,0,1,1,1,0,0,0,1,7
FFF,2014J,696664,1,South Region,HE Qualification,70-80%,35-55,0,120,0,Withdrawn,7,0,1,1,1,0,1,1,0,0,0,0,0,0,0,3
FFF,2014J,696666,0,North Western Region,A Level or Equivalent,0-10%,0-35,0,120,0,Fail,4,0,1,1,0,0,0,1,0,1,1,0,1,1,1,8
FFF,2014J,696671,1,London Region,A Level or Equivalent,0-10%,0-35,0,120,0,Pass,14,0,1,0,0,1,1,0,0,1,0,0,0,0,0,5
FFF,2014J,696672,0,South East Region,A Level or Equivalent,90-100%,0-35,0,120,0,Pass,4,1,0,0,1,0,0,1,0,0,1,0,1,1,1,8
FFF,2014J,696674,0,London Region,A Level or Equivalent,90-100%,0-35,0,120,0,Pass,13,0,0,1,1,0,0,1,1,0,0,0,1,1,0,5
FFF,2014J,696678,1,North Western Region,A Level or Equivalent,80-90%,0-35,0,120,0,Pass,1,0,1,1,0,0,0,0,1,0,0,1,0,0,0,2
FFF,2014J,696729,0,North Western Region,A Level or Equivalent,30-40%,0-35,0,60,0,Pass,14,1,1,1,1,0,0,1,0,1,1,1,1,1,0,5
FFF,2014J,696943,1,North Western Region,A Level or Equivalent,0-10%,0-35,0,120,1,Withdrawn,4,1,1,1,0,1,0,1,1,0,0,0,1,1,1,8
FFF,2014J,696981,1,North Region,Lower Than A Level,40-50%,0-35,0,60,0,Withdrawn,5,1,0,1,0,0,1,0,0,1,0,1,0,0,1,9
FFF,2014J,696985,0,South West Region,Lower Than A Level,20-30%,35-55,0,120,0,Withdrawn,7,1,1,1,1,0,1,0,0,1,0,0,0,0,1,3
FFF,2014J,697027,0,South West Region,Lower Than A Level,30-40%,0-35,0,120,0,Fail,4,0,1,0,0,1,1,1,0,0,0,0,1,1,0,8
FFF,2014J,697042,0,North Western Region,Lower Than A Level,20-30%,0-35,0,180,0,Withdrawn,5,1,0,1,1,0,0,0,1,0,0,1,1,1,1,9
FFF,2014J,697114,0,West Midlands Region,A Level or Equivalent,20-Oct,0-35,0,60,0,Pass,3,0,0,1,1,0,0,1,1,0,1,0,0,0,0,8
FFF,2014J,697160,0,South Region,Lower Than A Level,40-50%,0-35,0,90,0,Fail,3,1,0,0,0,0,1,0,0,0,0,1,0,1,0,8
FFF,2014J,697192,0,Yorkshire Region,Lower Than A Level,0-10%,0-35,0,150,0,Withdrawn,11,0,0,1,0,1,1,0,1,1,0,1,0,0,0,6
FFF,2014J,697204,0,Yorkshire Region,Lower Than A Level,90-100%,0-35,0,60,1,Withdrawn,6,1,1,1,0,0,1,0,1,0,1,0,0,1,1,9
FFF,2014J,697215,0,Yorkshire Region,Lower Than A Level,20-Oct,0-35,0,60,0,Withdrawn,3,0,1,1,1,0,0,1,0,0,1,0,0,1,1,8
FFF,2014J,697255,0,Scotland,Lower Than A Level,70-80%,35-55,0,60,0,Pass,15,1,0,0,0,1,0,0,1,1,0,0,1,1,1,10
FFF,2014J,697257,0,North Western Region,A Level or Equivalent,20-Oct,35-55,0,120,0,Withdrawn,7,1,0,1,0,0,1,0,1,1,1,0,0,1,1,3
FFF,2014J,697299,0,East Anglian Region,A Level or Equivalent,70-80%,0-35,0,60,0,Withdrawn,10,0,0,1,0,0,0,0,1,0,1,1,0,0,0,1
FFF,2014J,697438,0,North Western Region,Lower Than A Level,20-Oct,0-35,0,60,1,Withdrawn,16,1,1,0,0,1,1,1,0,1,1,1,1,0,0,10
FFF,2014J,697478,0,West Midlands Region,Lower Than A Level,20-30%,0-35,0,60,1,Pass,16,0,0,1,0,0,1,0,1,1,1,1,1,0,0,10
FFF,2014J,697529,0,North Region,A Level or Equivalent,0-10%,0-35,0,60,0,Withdrawn,12,0,0,1,1,0,1,0,1,1,0,1,1,1,1,7
FFF,2014J,697554,0,London Region,A Level or Equivalent,30-40%,0-35,0,240,0,Withdrawn,12,0,0,0,0,1,1,0,0,1,0,1,1,1,1,7
FFF,2014J,697581,0,South West Region,Lower Than A Level,30-40%,0-35,0,60,0,Withdrawn,3,1,0,0,1,0,0,0,1,0,0,0,0,1,0,8
FFF,2014J,697665,0,North Western Region,Lower Than A Level,90-100%,0-35,0,90,0,Withdrawn,1,0,0,1,0,0,0,0,0,0,0,1,1,1,0,2
FFF,2014J,697878,0,South Region,Lower Than A Level,50-60%,0-35,0,60,0,Pass,6,0,0,1,0,1,0,0,1,1,0,1,0,1,1,9
FFF,2014J,697998,0,East Anglian Region,Lower Than A Level,90-100%,35-55,0,120,0,Pass,15,1,1,1,0,1,0,1,0,1,1,0,1,0,1,10
FFF,2014J,698015,0,Yorkshire Region,A Level or Equivalent,0-10%,0-35,0,60,0,Pass,11,0,0,1,0,1,1,1,0,0,1,0,0,0,1,6
FFF,2014J,698020,1,London Region,Lower Than A Level,20-30%,0-35,0,60,0,Withdrawn,1,1,1,0,0,1,1,1,1,1,1,1,0,1,0,2
FFF,2014J,698112,0,South West Region,A Level or Equivalent,70-80%,0-35,0,120,0,Withdrawn,9,1,1,1,1,0,1,1,0,0,1,1,1,1,1,4
FFF,2014J,698157,0,North Western Region,A Level or Equivalent,0-10%,0-35,0,150,1,Fail,13,0,0,0,0,0,0,0,0,1,1,0,0,0,1,5
FFF,2014J,698193,0,North Western Region,Lower Than A Level,20-30%,0-35,0,90,0,Fail,14,0,0,0,0,0,1,1,1,0,1,0,1,1,0,5
FFF,2014J,698233,0,South West Region,Lower Than A Level,50-60%,0-35,0,150,0,Withdrawn,2,0,1,0,1,0,0,1,1,1,1,1,0,1,0,2
FFF,2014J,698237,1,North Western Region,HE Qualification,50-60%,0-35,0,60,0,Withdrawn,3,1,0,0,1,0,0,0,1,0,0,1,1,0,0,8
FFF,2014J,698278,1,East Midlands Region,A Level or Equivalent,30-40%,0-35,0,150,0,Withdrawn,3,1,1,0,0,1,1,0,0,1,0,1,0,0,0,8
FFF,2014J,698384,0,Scotland,Lower Than A Level,70-80%,0-35,0,60,0,Pass,1,0,1,1,0,1,0,0,0,0,1,0,1,0,0,2
FFF,2014J,698407,0,West Midlands Region,A Level or Equivalent,60-70%,0-35,0,60,0,Fail,15,0,1,0,1,1,0,0,0,1,0,1,1,1,0,10
FFF,2014J,698485,0,South Region,A Level or Equivalent,40-50%,0-35,0,90,1,Pass,4,1,1,1,0,1,1,0,1,0,0,0,0,0,1,8
FFF,2014J,698656,1,North Western Region,A Level or Equivalent,70-80%,0-35,0,120,0,Pass,9,1,0,0,1,0,0,0,1,0,0,1,0,1,1,4
FFF,2014J,698762,1,London Region,A Level or Equivalent,70-80%,35-55,0,120,0,Withdrawn,11,0,0,0,0,0,0,1,1,0,0,0,1,0,1,6
FFF,2014J,699126,0,South Region,Lower Than A Level,40-50%,0-35,0,90,0,Pass,15,1,1,0,0,0,0,1,1,0,0,1,0,1,0,10
FFF,2014J,699127,0,London Region,Lower Than A Level,80-90%,0-35,0,90,0,Fail,2,1,1,0,0,1,0,1,0,0,0,1,1,0,1,2
FFF,2014J,699128,0,East Anglian Region,A Level or Equivalent,50-60%,0-35,0,90,0,Pass,3,1,0,1,1,1,1,0,1,0,1,0,1,0,0,8
FFF,2014J,836614,0,South Region,HE Qualification,90-100%,55<=,0,60,0,Fail,6,1,1,0,0,1,0,0,1,0,0,0,0,0,1,9
FFF,2014J,884652,0,Scotland,A Level or Equivalent,70-80%,35-55,2,120,1,Withdrawn,14,1,1,0,0,1,1,1,0,0,0,1,0,1,1,5
FFF,2014J,895524,0,South Region,HE Qualification,90-100%,55<=,0,90,0,Distinction,16,1,0,0,0,0,0,1,0,0,1,1,0,0,0,10
FFF,2014J,900936,0,Yorkshire Region,A Level or Equivalent,40-50%,55<=,0,120,0,Withdrawn,6,0,1,1,0,1,0,1,0,1,0,1,0,1,0,9
FFF,2014J,1021350,0,London Region,Lower Than A Level,20-Oct,55<=,0,90,0,Fail,6,1,0,0,1,0,1,0,1,1,0,0,0,1,1,9
FFF,2014J,1042726,0,Scotland,A Level or Equivalent,30-40%,35-55,0,60,0,Fail,3,0,1,1,1,1,1,1,0,1,1,0,1,1,1,8
FFF,2014J,1318759,0,Scotland,HE Qualification,50-60%,35-55,0,60,0,Pass,10,1,1,0,0,1,1,1,1,1,0,1,1,1,0,1
FFF,2014J,1348205,0,East Anglian Region,HE Qualification,90-100%,35-55,0,60,0,Distinction,13,1,0,0,0,0,0,1,1,1,0,1,1,1,0,5
FFF,2014J,1391717,0,Ireland,HE Qualification,0-10%,35-55,0,60,0,Pass,9,1,1,1,0,0,0,0,1,0,1,0,1,1,0,4
FFF,2014J,1409532,0,West Midlands Region,A Level or Equivalent,50-60%,35-55,0,120,0,Fail,12,0,1,0,1,0,1,0,1,0,0,1,1,1,0,7
FFF,2014J,1413902,0,Ireland,Lower Than A Level,0-10%,35-55,0,120,0,Fail,6,0,1,1,0,0,1,0,1,0,0,0,1,0,1,9
FFF,2014J,1424608,0,South Region,A Level or Equivalent,90-100%,35-55,0,60,0,Withdrawn,4,0,0,1,1,0,1,0,0,0,1,1,1,1,1,8
FFF,2014J,1448966,0,South West Region,HE Qualification,50-60%,35-55,0,60,0,Pass,8,1,1,0,0,1,0,0,1,1,1,1,0,0,1,3
FFF,2014J,1449171,0,Scotland,HE Qualification,,35-55,0,60,0,Withdrawn,5,0,0,1,1,1,0,1,1,0,1,0,0,0,1,9
FFF,2014J,1450604,0,North Region,A Level or Equivalent,70-80%,35-55,1,90,0,Pass,4,0,1,0,0,1,0,0,0,0,1,1,1,1,1,8
FFF,2014J,1459010,0,North Region,Lower Than A Level,20-Oct,35-55,1,180,0,Withdrawn,5,0,0,0,0,1,1,1,1,0,0,1,1,1,0,9
FFF,2014J,1473878,0,Scotland,HE Qualification,30-40%,35-55,0,120,1,Pass,12,0,0,1,0,0,0,1,0,0,0,0,0,0,0,7
FFF,2014J,1477284,0,East Midlands Region,Lower Than A Level,40-50%,35-55,0,120,0,Withdrawn,1,0,1,1,0,0,1,0,1,1,1,0,0,1,0,2
FFF,2014J,1501577,0,South West Region,A Level or Equivalent,70-80%,35-55,0,120,0,Distinction,13,0,1,0,0,1,1,1,0,1,0,0,1,1,0,5
FFF,2014J,1514245,0,East Midlands Region,Lower Than A Level,0-10%,35-55,1,90,0,Withdrawn,4,0,0,0,1,1,0,0,1,1,1,0,1,0,1,8
FFF,2014J,1532711,0,London Region,A Level or Equivalent,20-Oct,35-55,0,90,1,Withdrawn,1,1,1,0,0,0,1,1,0,0,0,0,1,0,0,2
FFF,2014J,1537796,0,South Region,A Level or Equivalent,90-100%,35-55,0,60,0,Withdrawn,8,0,0,0,0,0,0,1,1,1,0,0,1,0,1,3
FFF,2014J,1585671,1,London Region,Lower Than A Level,20-Oct,35-55,0,60,0,Pass,6,1,0,1,0,1,1,1,1,1,0,1,0,1,1,9
FFF,2014J,1588621,0,North Western Region,A Level or Equivalent,0-10%,35-55,1,90,0,Withdrawn,4,1,0,0,0,0,0,0,1,0,1,0,0,1,1,8
FFF,2014J,1603549,0,London Region,HE Qualification,70-80%,35-55,0,60,0,Pass,4,0,1,1,0,0,0,1,0,1,1,0,1,0,0,8
FFF,2014J,1629444,1,East Anglian Region,A Level or Equivalent,70-80%,35-55,0,180,1,Withdrawn,16,1,0,0,1,1,1,0,0,0,1,0,1,0,0,10
FFF,2014J,1631797,0,East Midlands Region,Lower Than A Level,70-80%,35-55,0,60,0,Pass,12,1,1,0,0,1,0,0,1,1,1,1,1,0,1,7
FFF,2014J,1639699,0,South West Region,Lower Than A Level,40-50%,35-55,0,60,0,Pass,3,0,0,1,1,0,1,0,0,0,0,1,1,0,0,8
FFF,2014J,1640680,0,South Region,A Level or Equivalent,80-90%,0-35,0,60,0,Pass,15,1,0,1,1,0,1,0,0,0,1,0,0,1,1,10
FFF,2014J,1658963,0,East Anglian Region,A Level or Equivalent,70-80%,35-55,0,150,0,Pass,6,0,1,0,0,0,0,0,0,1,0,1,1,1,0,9
FFF,2014J,1677677,1,London Region,Lower Than A Level,40-50%,35-55,0,60,0,Pass,10,0,1,1,0,1,0,1,1,1,0,0,0,0,1,1
FFF,2014J,1683192,0,South East Region,A Level or Equivalent,20-30%,35-55,1,60,1,Withdrawn,11,0,0,0,1,1,0,1,0,1,0,1,1,1,0,6
FFF,2014J,1722493,1,Scotland,HE Qualification,40-50%,35-55,0,60,0,Fail,15,0,1,0,0,1,0,0,0,1,0,1,1,0,0,10
FFF,2014J,1733664,1,London Region,HE Qualification,20-Oct,35-55,0,60,0,Fail,4,1,0,1,1,1,1,0,1,0,1,1,0,1,0,8
FFF,2014J,1745145,0,East Anglian Region,Lower Than A Level,30-40%,35-55,0,60,1,Withdrawn,13,1,0,0,0,0,1,0,1,0,0,0,0,1,1,5
FFF,2014J,1752994,0,North Region,A Level or Equivalent,,35-55,0,60,1,Pass,11,1,1,1,1,1,1,1,0,0,1,1,0,0,1,6
FFF,2014J,1755594,0,South East Region,Post Graduate Qualification,40-50%,35-55,0,190,0,Distinction,3,1,1,1,1,0,1,0,0,1,1,0,0,1,1,8
FFF,2014J,1765045,1,South Region,A Level or Equivalent,20-Oct,35-55,0,120,0,Withdrawn,8,0,1,1,1,1,0,0,1,0,1,0,1,0,1,3
FFF,2014J,1766102,0,South East Region,A Level or Equivalent,40-50%,35-55,0,120,0,Fail,15,0,1,0,0,0,1,1,0,1,1,1,1,1,0,10
FFF,2014J,1771775,0,Scotland,HE Qualification,30-40%,35-55,0,60,0,Pass,5,0,0,1,0,1,0,0,0,0,1,1,0,0,0,9
FFF,2014J,1796402,1,Scotland,A Level or Equivalent,20-30%,35-55,0,60,0,Pass,12,1,1,0,1,1,0,0,1,1,0,0,1,1,1,7
FFF,2014J,1810759,0,North Region,HE Qualification,30-40%,0-35,0,60,0,Pass,15,0,0,1,1,0,1,1,0,0,1,1,0,1,0,10
FFF,2014J,1816458,0,East Anglian Region,A Level or Equivalent,40-50%,35-55,0,90,0,Pass,5,0,1,0,0,1,1,0,0,1,0,0,1,0,1,9
FFF,2014J,1817710,0,Scotland,Post Graduate Qualification,70-80%,35-55,0,90,0,Distinction,1,1,0,1,1,0,0,0,1,0,1,0,0,1,1,2
FFF,2014J,1818385,1,Yorkshire Region,Lower Than A Level,30-40%,35-55,1,120,1,Pass,2,1,1,1,0,0,0,1,1,1,0,1,0,0,0,2
FFF,2014J,1836241,0,Scotland,A Level or Equivalent,60-70%,35-55,0,60,0,Pass,5,1,1,1,1,1,0,1,0,0,1,0,0,0,0,9
FFF,2014J,1837138,1,East Midlands Region,A Level or Equivalent,90-100%,35-55,0,120,0,Distinction,16,1,0,1,1,0,0,0,1,1,1,1,0,0,0,10
FFF,2014J,1856869,0,North Western Region,Lower Than A Level,20-Oct,0-35,0,60,0,Fail,1,0,0,0,1,1,1,0,0,1,0,0,0,1,0,2
FFF,2014J,1866233,0,East Midlands Region,A Level or Equivalent,20-Oct,35-55,1,60,1,Fail,6,0,1,1,1,0,0,1,1,0,1,0,0,1,0,9
FFF,2014J,1871598,0,Scotland,Lower Than A Level,20-30%,35-55,0,60,0,Distinction,9,1,0,0,1,1,0,0,1,0,1,0,1,1,1,4
FFF,2014J,1871684,0,Wales,Lower Than A Level,60-70%,35-55,2,90,0,Pass,8,0,0,1,1,1,0,1,0,0,1,0,0,0,1,3
FFF,2014J,1873360,0,Wales,Lower Than A Level,20-30%,35-55,0,60,0,Withdrawn,5,1,1,0,1,1,0,1,0,1,1,1,1,0,1,9
FFF,2014J,1877902,0,North Western Region,A Level or Equivalent,70-80%,35-55,0,60,0,Pass,2,0,0,0,1,1,1,1,0,0,0,0,1,0,1,2
FFF,2014J,1879321,0,Ireland,HE Qualification,70-80%,35-55,0,90,0,Distinction,8,0,1,0,0,1,1,1,0,1,0,0,0,1,0,3
FFF,2014J,1881231,0,East Midlands Region,HE Qualification,60-70%,35-55,0,90,0,Pass,12,0,1,0,0,1,0,0,1,0,0,1,0,0,1,7
FFF,2014J,1887108,1,South Region,HE Qualification,90-100%,35-55,0,60,0,Pass,1,0,1,0,0,0,1,0,1,0,0,1,0,0,1,2
FFF,2014J,1889752,0,East Anglian Region,HE Qualification,90-100%,55<=,0,90,0,Pass,2,1,1,0,0,1,0,0,0,1,0,1,0,0,0,2
FFF,2014J,1895399,0,West Midlands Region,HE Qualification,40-50%,0-35,0,180,0,Withdrawn,4,0,1,1,0,1,1,0,0,0,0,1,0,1,0,8
FFF,2014J,1929219,0,South Region,HE Qualification,90-100%,35-55,1,60,0,Withdrawn,13,1,1,1,1,1,1,1,0,0,0,1,1,1,0,5
FFF,2014J,1944167,0,North Region,Lower Than A Level,20-Oct,35-55,0,60,0,Fail,6,1,1,1,1,0,1,1,0,1,0,1,1,1,0,9
FFF,2014J,1948159,1,North Region,A Level or Equivalent,,35-55,1,60,0,Distinction,2,0,1,0,1,1,1,1,0,0,0,1,1,0,0,2
FFF,2014J,1961652,1,South West Region,Lower Than A Level,70-80%,0-35,1,90,0,Fail,6,0,1,0,1,1,0,1,0,0,1,1,0,1,1,9
FFF,2014J,1962049,0,South Region,A Level or Equivalent,90-100%,35-55,0,90,0,Pass,8,1,1,1,1,1,0,1,0,1,0,0,0,1,0,3
FFF,2014J,1962062,0,Scotland,HE Qualification,30-40%,35-55,1,120,0,Fail,12,1,0,0,0,1,0,0,1,1,1,1,1,1,1,7
FFF,2014J,1972092,0,South East Region,Lower Than A Level,80-90%,35-55,0,60,0,Pass,10,1,1,1,1,0,0,0,1,1,1,1,0,1,0,1
FFF,2014J,1972368,0,West Midlands Region,Lower Than A Level,0-10%,35-55,0,60,0,Withdrawn,10,1,0,1,0,1,1,1,1,1,1,0,1,1,0,1
FFF,2014J,1995177,0,West Midlands Region,HE Qualification,70-80%,0-35,0,120,0,Distinction,14,0,1,0,0,0,1,1,1,0,0,1,1,1,0,5
FFF,2014J,1998834,0,South Region,A Level or Equivalent,50-60%,0-35,0,80,0,Pass,1,0,0,0,1,0,0,0,0,0,1,0,1,0,1,2
FFF,2014J,2017487,0,Scotland,Lower Than A Level,20-30%,35-55,0,60,1,Distinction,5,1,1,1,0,1,0,0,1,0,1,1,1,1,0,9
FFF,2014J,2020628,0,Scotland,A Level or Equivalent,20-Oct,35-55,0,60,1,Pass,5,0,0,1,1,0,0,1,1,0,0,0,0,1,1,9
FFF,2014J,2026075,0,Scotland,HE Qualification,90-100%,55<=,0,90,0,Withdrawn,12,0,1,1,0,1,0,1,1,1,0,0,1,1,1,7
FFF,2014J,2028523,1,South West Region,A Level or Equivalent,50-60%,35-55,0,90,0,Withdrawn,6,1,0,0,0,1,1,1,0,0,0,0,1,1,0,9
FFF,2014J,2029571,0,Yorkshire Region,A Level or Equivalent,30-40%,35-55,0,60,0,Withdrawn,7,1,1,0,0,1,0,0,0,0,0,0,1,1,0,3
FFF,2014J,2035700,1,South West Region,Lower Than A Level,30-40%,35-55,0,60,0,Pass,5,1,1,1,0,1,0,0,0,1,0,1,1,1,1,9
FFF,2014J,2036893,0,Scotland,Lower Than A Level,20-30%,35-55,0,60,1,Withdrawn,12,0,1,0,1,0,0,1,1,0,0,0,1,0,1,7
FFF,2014J,2047575,0,Scotland,Lower Than A Level,40-50%,35-55,0,60,0,Distinction,4,0,0,1,0,1,1,1,0,0,1,0,1,1,0,8
FFF,2014J,2065972,0,East Midlands Region,Lower Than A Level,40-50%,35-55,0,60,0,Pass,16,0,1,1,1,0,0,0,0,0,1,0,0,0,1,10
FFF,2014J,2067799,1,East Midlands Region,Lower Than A Level,70-80%,35-55,0,60,1,Fail,1,1,0,0,1,0,1,1,0,1,0,0,0,1,0,2
FFF,2014J,2071670,0,South East Region,Lower Than A Level,0-10%,35-55,0,120,0,Withdrawn,7,1,1,1,0,0,1,0,1,0,1,0,1,1,1,3
FFF,2014J,2081123,0,West Midlands Region,A Level or Equivalent,,0-35,0,60,0,Pass,11,1,1,0,0,1,0,0,0,0,0,0,0,0,1,6
FFF,2014J,2088982,0,South Region,A Level or Equivalent,80-90%,35-55,2,60,0,Withdrawn,16,1,0,1,1,1,0,0,1,0,0,1,0,0,1,10
FFF,2014J,2096251,0,South Region,Lower Than A Level,40-50%,35-55,0,60,0,Pass,5,1,0,0,1,1,0,1,0,1,0,0,1,1,1,9
FFF,2014J,2103552,0,London Region,HE Qualification,80-90%,35-55,0,60,0,Withdrawn,13,1,1,1,0,0,1,1,1,0,0,0,0,0,1,5
FFF,2014J,2104819,1,Wales,Lower Than A Level,70-80%,35-55,0,60,0,Withdrawn,4,1,0,1,0,0,1,0,0,1,1,1,0,0,1,8
FFF,2014J,2106955,1,South East Region,A Level or Equivalent,80-90%,35-55,0,60,0,Distinction,1,1,1,0,1,0,1,0,1,1,0,0,0,0,1,2
FFF,2014J,2107747,0,North Region,HE Qualification,,55<=,0,60,0,Withdrawn,3,0,0,1,1,0,1,0,1,1,1,1,1,1,1,8
FFF,2014J,2113446,1,East Anglian Region,HE Qualification,60-70%,35-55,0,60,0,Withdrawn,7,1,1,0,0,0,0,1,0,0,1,0,1,0,1,3
FFF,2014J,2128283,0,South East Region,HE Qualification,50-60%,35-55,1,60,0,Pass,4,0,0,1,1,1,1,1,1,1,0,0,1,0,0,8
FFF,2014J,2137697,1,Yorkshire Region,No Formal quals,20-30%,0-35,0,120,0,Withdrawn,8,1,0,0,1,0,0,0,0,1,0,1,0,0,0,3
FFF,2014J,2138970,0,Scotland,HE Qualification,50-60%,35-55,0,60,0,Pass,9,0,1,1,0,1,1,1,1,1,1,1,1,1,0,4
FFF,2014J,2140300,1,North Western Region,A Level or Equivalent,90-100%,35-55,0,240,0,Pass,11,1,1,0,0,0,0,0,0,1,0,0,1,0,0,6
FFF,2014J,2143312,0,Scotland,A Level or Equivalent,80-90%,35-55,0,120,0,Distinction,8,1,0,0,0,1,0,1,1,1,1,1,0,0,1,3
FFF,2014J,2143440,0,South West Region,Lower Than A Level,40-50%,0-35,0,60,0,Pass,3,1,0,0,0,1,1,1,0,0,1,1,1,0,0,8
FFF,2014J,2146013,0,West Midlands Region,Lower Than A Level,20-30%,0-35,0,210,1,Withdrawn,7,1,0,1,1,0,0,1,1,1,1,0,1,0,1,3
FFF,2014J,2154361,0,Scotland,Lower Than A Level,70-80%,0-35,0,60,0,Pass,9,0,1,0,0,1,1,1,0,1,1,1,0,0,0,4
FFF,2014J,2160316,1,London Region,HE Qualification,50-60%,35-55,0,60,0,Distinction,1,0,0,1,0,0,0,1,1,0,1,0,1,1,1,2
FFF,2014J,2161710,0,Wales,A Level or Equivalent,70-80%,35-55,3,60,0,Fail,4,1,0,1,1,0,1,1,1,1,0,1,1,1,1,8
FFF,2014J,2178837,0,Scotland,A Level or Equivalent,60-70%,35-55,0,60,0,Pass,3,0,1,1,1,0,1,0,0,1,1,0,0,1,1,8
FFF,2014J,2180090,0,Scotland,HE Qualification,20-Oct,35-55,0,180,0,Distinction,13,0,0,0,0,0,1,1,1,0,1,1,1,0,0,5
FFF,2014J,2182293,0,North Western Region,A Level or Equivalent,30-40%,35-55,0,120,1,Fail,1,0,1,1,1,1,0,0,1,1,1,1,0,1,1,2
FFF,2014J,2185729,1,Ireland,Lower Than A Level,20-Oct,35-55,0,60,0,Pass,3,0,0,1,1,0,1,0,0,0,0,0,0,0,1,8
FFF,2014J,2195853,1,North Region,A Level or Equivalent,0-10%,0-35,3,90,0,Fail,8,1,0,0,0,1,0,0,1,1,0,1,0,1,0,3
FFF,2014J,2197766,1,North Region,Lower Than A Level,60-70%,0-35,0,210,0,Distinction,8,0,1,0,0,1,0,1,1,1,1,1,1,0,0,3
FFF,2014J,2198970,0,North Western Region,HE Qualification,50-60%,35-55,0,150,0,Withdrawn,4,0,1,0,1,1,1,1,1,0,1,0,1,1,0,8
FFF,2014J,2223401,0,South Region,A Level or Equivalent,50-60%,35-55,0,120,0,Withdrawn,14,1,1,1,0,0,1,0,0,1,1,0,1,1,0,5
FFF,2014J,2254637,0,South West Region,Lower Than A Level,60-70%,35-55,0,60,0,Pass,12,0,1,1,0,0,0,0,1,1,0,1,1,1,0,7
FFF,2014J,2256134,1,Scotland,HE Qualification,20-30%,0-35,0,60,1,Withdrawn,14,1,1,0,1,1,1,1,1,0,1,1,1,0,1,5
FFF,2014J,2268069,0,Ireland,HE Qualification,80-90%,35-55,0,60,0,Withdrawn,3,0,0,0,1,1,0,1,0,0,0,1,0,0,0,8
FFF,2014J,2272023,1,London Region,Lower Than A Level,20-Oct,35-55,0,60,0,Withdrawn,4,1,0,1,1,1,0,1,1,0,1,0,1,0,1,8
FFF,2014J,2274542,0,London Region,Lower Than A Level,20-30%,35-55,0,120,0,Pass,10,1,1,1,0,1,0,1,0,0,1,1,1,0,1,1
FFF,2014J,2278101,1,London Region,HE Qualification,30-40%,35-55,0,60,0,Pass,6,0,0,0,1,0,0,1,0,1,0,1,1,1,0,9
FFF,2014J,2282620,0,West Midlands Region,A Level or Equivalent,0-10%,0-35,0,60,0,Fail,9,1,1,1,0,1,1,1,0,0,1,1,0,0,0,4
FFF,2014J,2283708,0,North Region,A Level or Equivalent,20-30%,0-35,0,90,0,Withdrawn,4,0,1,1,1,0,0,1,1,0,0,0,1,1,1,8
FFF,2014J,2293511,0,Yorkshire Region,HE Qualification,20-30%,0-35,0,60,0,Distinction,8,1,1,0,0,1,0,0,0,0,0,1,1,0,1,3
FFF,2014J,2298106,0,West Midlands Region,A Level or Equivalent,50-60%,35-55,0,60,0,Distinction,8,0,0,1,1,0,0,0,0,0,0,1,0,1,1,3
FFF,2014J,2298895,0,East Anglian Region,A Level or Equivalent,60-70%,35-55,2,60,0,Distinction,10,0,0,0,0,1,0,0,1,0,1,1,1,1,1,1
FFF,2014J,2301830,0,North Western Region,Lower Than A Level,20-Oct,35-55,0,60,0,Pass,10,1,0,0,1,0,0,1,1,0,1,1,0,0,0,1
FFF,2014J,2306410,0,South East Region,Lower Than A Level,0-10%,35-55,0,90,0,Pass,7,0,0,1,0,1,0,0,0,1,0,0,1,0,1,3
FFF,2014J,2316717,0,South Region,A Level or Equivalent,20-30%,35-55,0,60,0,Withdrawn,12,0,0,0,0,1,0,0,1,0,0,0,0,1,0,7
FFF,2014J,2332934,0,Ireland,Lower Than A Level,70-80%,0-35,2,180,0,Fail,10,1,1,1,1,0,1,0,0,0,0,0,0,1,0,1
FFF,2014J,2339267,1,South Region,A Level or Equivalent,80-90%,0-35,0,60,0,Pass,9,1,0,1,1,0,0,1,1,1,0,0,0,1,1,4
FFF,2014J,2341420,0,South East Region,A Level or Equivalent,90-100%,0-35,0,60,0,Pass,7,0,0,0,1,1,1,0,0,1,1,1,1,1,0,3
FFF,2014J,2342045,0,North Western Region,A Level or Equivalent,20-30%,35-55,0,60,1,Withdrawn,6,0,0,0,0,0,1,0,0,1,1,1,0,0,1,9
FFF,2014J,2343785,0,East Anglian Region,Lower Than A Level,70-80%,0-35,0,120,0,Pass,15,1,0,1,0,0,0,1,0,0,1,0,1,1,1,10
FFF,2014J,2351969,0,North Western Region,Lower Than A Level,30-40%,0-35,0,150,0,Pass,9,0,1,1,1,0,0,0,0,0,1,0,1,0,1,4
FFF,2014J,2360559,0,South West Region,A Level or Equivalent,80-90%,0-35,0,90,0,Pass,9,0,1,1,1,0,1,0,1,1,1,1,0,1,0,4
FFF,2014J,2366656,1,North Western Region,HE Qualification,0-10%,0-35,0,60,0,Distinction,16,0,0,0,0,0,1,0,1,0,1,1,0,0,1,10
FFF,2014J,2371481,1,South Region,A Level or Equivalent,20-Oct,0-35,0,150,0,Withdrawn,15,0,0,0,0,1,1,0,1,0,1,0,0,1,1,10
FFF,2014J,2378208,0,East Anglian Region,HE Qualification,80-90%,0-35,0,90,0,Pass,5,0,0,0,1,0,0,1,0,0,1,0,1,0,1,9
FFF,2014J,2386732,1,Wales,Lower Than A Level,70-80%,35-55,0,120,0,Distinction,4,0,1,1,0,0,0,0,1,1,0,1,0,0,1,8
FFF,2014J,2395016,1,South Region,A Level or Equivalent,90-100%,0-35,0,60,0,Withdrawn,4,0,1,0,1,1,1,1,1,1,0,0,0,1,0,8
FFF,2014J,2398260,0,London Region,Lower Than A Level,20-Oct,35-55,0,180,0,Withdrawn,16,0,1,1,1,0,0,1,1,0,0,1,0,1,0,10
FFF,2014J,2399758,0,South Region,Lower Than A Level,90-100%,35-55,0,60,0,Pass,16,0,0,1,0,1,0,1,0,0,0,0,0,0,0,10
FFF,2014J,2403701,0,South East Region,HE Qualification,70-80%,55<=,0,60,0,Pass,15,1,1,1,1,1,1,0,0,1,1,1,0,0,1,10
FFF,2014J,2411981,0,Wales,A Level or Equivalent,20-30%,35-55,0,180,0,Withdrawn,6,1,1,1,0,1,1,0,1,0,0,0,0,1,1,9
FFF,2014J,2417433,0,Wales,A Level or Equivalent,0-10%,35-55,3,60,0,Fail,7,0,1,1,1,1,0,1,0,1,0,0,1,0,0,3
FFF,2014J,2417975,1,North Western Region,Lower Than A Level,30-40%,0-35,0,90,0,Pass,16,1,1,1,0,0,0,1,0,0,0,1,0,1,1,10
FFF,2014J,2424257,0,Yorkshire Region,Lower Than A Level,20-Oct,35-55,0,60,0,Fail,9,1,1,1,0,0,1,1,0,0,0,1,0,1,0,4
FFF,2014J,2427845,0,South East Region,HE Qualification,20-Oct,35-55,0,60,0,Pass,11,1,0,0,0,1,0,1,0,1,0,1,1,0,0,6
FFF,2014J,2438784,0,South West Region,Lower Than A Level,90-100%,35-55,0,120,0,Pass,8,1,1,0,1,0,0,1,1,1,0,0,1,1,1,3
FFF,2014J,2449490,0,Scotland,HE Qualification,30-40%,0-35,0,120,1,Withdrawn,10,1,0,0,1,1,0,1,0,0,0,1,1,1,1,1
FFF,2014J,2457440,0,West Midlands Region,A Level or Equivalent,,35-55,0,60,0,Pass,2,1,0,0,1,1,1,1,0,0,1,0,1,1,1,2
FFF,2014J,2459292,0,South West Region,Lower Than A Level,20-Oct,0-35,0,120,0,Pass,3,1,0,0,0,0,1,1,1,0,0,1,1,1,1,8
FFF,2014J,2462281,1,London Region,A Level or Equivalent,20-30%,35-55,1,60,1,Withdrawn,9,0,0,0,0,0,0,1,1,1,0,0,1,0,1,4
FFF,2014J,2463282,0,South West Region,Lower Than A Level,70-80%,35-55,2,90,1,Withdrawn,3,1,0,0,0,1,1,0,0,0,0,1,0,0,1,8
FFF,2014J,2468232,0,South Region,HE Qualification,90-100%,35-55,2,210,1,Withdrawn,13,0,0,1,0,1,1,1,0,0,0,0,1,0,0,5
FFF,2014J,2470326,0,East Midlands Region,A Level or Equivalent,20-Oct,35-55,0,120,1,Fail,8,0,1,0,0,1,1,0,0,1,1,1,0,1,1,3
FFF,2014J,2480886,1,East Anglian Region,A Level or Equivalent,80-90%,0-35,1,60,1,Fail,11,1,1,1,1,1,1,0,0,1,0,0,1,1,1,6
FFF,2014J,2482710,1,Wales,A Level or Equivalent,70-80%,35-55,0,60,0,Pass,2,1,1,1,0,0,0,1,1,0,0,1,1,1,1,2
FFF,2014J,2486215,0,East Anglian Region,A Level or Equivalent,70-80%,0-35,0,180,0,Withdrawn,12,0,1,0,1,0,0,1,1,1,0,1,0,0,0,7
FFF,2014J,2486930,0,East Midlands Region,HE Qualification,20-Oct,35-55,0,90,0,Pass,10,0,0,0,0,1,1,0,0,1,1,0,1,1,0,1
FFF,2014J,2497090,0,North Region,A Level or Equivalent,60-70%,0-35,0,120,0,Withdrawn,15,0,0,1,1,0,0,1,1,1,0,0,0,0,0,10
FFF,2014J,2499307,0,East Anglian Region,A Level or Equivalent,60-70%,0-35,1,60,0,Pass,16,1,0,1,1,0,0,1,1,0,1,1,0,0,1,10
FFF,2014J,2504129,1,South West Region,Lower Than A Level,0-10%,0-35,0,120,0,Fail,9,1,1,1,0,0,0,0,0,0,0,1,0,0,0,4
FFF,2014J,2505058,0,South Region,A Level or Equivalent,20-Oct,0-35,0,60,0,Fail,13,0,1,0,1,0,0,1,1,1,1,1,0,1,1,5
FFF,2014J,2509531,0,North Western Region,A Level or Equivalent,0-10%,0-35,0,120,0,Withdrawn,2,0,1,1,0,1,1,1,0,1,0,0,1,1,1,2
FFF,2014J,2519138,0,South Region,A Level or Equivalent,70-80%,35-55,0,90,0,Pass,7,0,1,0,1,0,0,0,1,1,0,1,0,1,0,3
FFF,2014J,2521574,0,East Midlands Region,Lower Than A Level,30-40%,0-35,0,150,0,Withdrawn,1,0,1,1,1,0,1,1,0,1,0,1,1,0,0,2
FFF,2014J,2529052,1,East Midlands Region,Lower Than A Level,30-40%,0-35,0,90,0,Fail,8,1,0,0,0,0,1,0,0,1,1,0,1,0,1,3
FFF,2014J,2529419,0,West Midlands Region,Lower Than A Level,0-10%,0-35,0,60,0,Pass,3,1,1,0,0,0,0,1,1,1,0,1,1,1,0,8
FFF,2014J,2530976,0,East Midlands Region,HE Qualification,20-30%,35-55,0,90,0,Pass,2,1,0,1,0,1,0,1,1,0,0,0,0,1,1,2
FFF,2014J,2535160,1,Scotland,A Level or Equivalent,50-60%,35-55,0,60,0,Fail,13,1,0,1,1,0,1,1,1,1,0,0,0,1,1,5
FFF,2014J,2537777,0,West Midlands Region,Lower Than A Level,20-Oct,0-35,1,120,1,Fail,15,1,0,0,0,1,0,1,1,1,0,1,0,1,0,10
FFF,2014J,2540871,0,North Western Region,Lower Than A Level,0-10%,0-35,0,60,0,Fail,5,1,0,0,0,0,0,1,0,1,1,1,0,1,0,9
FFF,2014J,2542209,0,Yorkshire Region,Lower Than A Level,30-40%,35-55,0,150,0,Fail,2,1,0,1,1,0,0,0,0,0,1,1,1,1,0,2
FFF,2014J,2544643,1,South Region,A Level or Equivalent,50-60%,0-35,0,120,0,Distinction,12,1,1,0,0,1,1,0,1,0,1,0,1,1,0,7
FFF,2014J,2544766,0,South West Region,HE Qualification,90-100%,35-55,0,60,0,Pass,3,1,1,0,0,1,0,1,0,0,0,0,1,1,1,8
FFF,2014J,2546315,1,North Region,A Level or Equivalent,,35-55,0,150,0,Distinction,8,1,0,0,0,1,0,1,1,0,0,1,1,0,0,3
FFF,2014J,2550534,0,South East Region,A Level or Equivalent,60-70%,0-35,0,60,0,Withdrawn,14,0,0,1,0,0,0,0,1,0,0,1,0,1,0,5
FFF,2014J,2557008,0,London Region,A Level or Equivalent,20-30%,0-35,0,60,1,Distinction,1,0,0,0,1,0,0,0,0,1,0,1,0,1,1,2
FFF,2014J,2558365,0,North Western Region,A Level or Equivalent,20-30%,0-35,1,90,0,Fail,2,1,1,0,0,1,0,1,1,0,1,0,0,0,1,2
FFF,2014J,2559144,1,London Region,A Level or Equivalent,20-Oct,0-35,0,120,0,Pass,2,0,0,1,1,0,0,0,0,1,1,0,0,0,0,2
FFF,2014J,2563095,0,South Region,HE Qualification,40-50%,0-35,1,90,0,Pass,11,0,0,0,0,0,0,0,0,1,1,0,0,1,0,6
FFF,2014J,2579891,0,North Western Region,A Level or Equivalent,20-30%,0-35,0,150,0,Pass,5,0,1,1,0,1,1,0,0,1,1,1,1,0,0,9
FFF,2014J,2584244,0,Scotland,HE Qualification,20-30%,35-55,0,90,0,Pass,9,0,1,0,1,1,1,1,1,0,0,0,0,1,1,4
FFF,2014J,2586748,0,South West Region,Lower Than A Level,50-60%,0-35,1,60,1,Withdrawn,9,1,0,1,1,1,1,0,1,1,0,1,0,1,0,4
FFF,2014J,2597117,0,East Anglian Region,A Level or Equivalent,20-30%,0-35,0,60,0,Distinction,12,1,1,1,0,0,0,1,1,1,0,0,1,0,1,7
FFF,2014J,2599162,0,London Region,A Level or Equivalent,20-Oct,0-35,1,60,0,Withdrawn,2,1,1,0,0,1,1,1,1,1,1,0,0,0,0,2
FFF,2014J,2599883,1,Scotland,A Level or Equivalent,30-40%,0-35,0,240,0,Pass,13,1,0,0,1,0,1,0,0,0,0,1,0,0,1,5
FFF,2014J,2602253,0,Scotland,A Level or Equivalent,0-10%,0-35,0,60,0,Withdrawn,5,0,0,1,0,0,0,1,0,1,0,1,0,1,0,9
FFF,2014J,2602542,0,Scotland,Post Graduate Qualification,90-100%,35-55,2,60,0,Distinction,1,1,0,0,0,1,1,1,0,0,0,1,1,1,0,2
FFF,2014J,2603027,0,South East Region,A Level or Equivalent,70-80%,35-55,0,90,0,Pass,6,0,0,1,0,0,1,0,1,0,1,0,0,0,1,9
FFF,2014J,2612102,0,South East Region,Lower Than A Level,90-100%,35-55,0,60,0,Distinction,16,1,0,1,0,0,0,1,0,0,1,0,1,0,1,10
FFF,2014J,2612728,0,West Midlands Region,Lower Than A Level,30-40%,35-55,0,60,0,Withdrawn,4,1,1,0,0,1,1,1,1,0,1,1,1,1,1,8
FFF,2014J,2613827,0,South East Region,Lower Than A Level,90-100%,35-55,1,120,0,Withdrawn,11,1,0,0,1,1,0,0,0,0,0,0,1,1,0,6
FFF,2014J,2622634,0,Ireland,A Level or Equivalent,20-Oct,35-55,1,60,0,Withdrawn,4,0,0,1,0,0,0,1,1,1,0,1,1,1,0,8
FFF,2014J,2624028,0,East Anglian Region,Lower Than A Level,30-40%,35-55,0,60,0,Pass,8,0,1,1,1,1,0,0,1,1,0,1,0,1,1,3
FFF,2014J,2626417,0,Yorkshire Region,Lower Than A Level,20-Oct,0-35,3,120,0,Withdrawn,10,1,1,1,0,0,1,0,0,1,1,1,0,0,1,1
FFF,2014J,2630284,1,East Midlands Region,A Level or Equivalent,0-10%,35-55,6,90,0,Withdrawn,13,0,1,1,0,1,0,0,0,1,1,0,0,1,1,5
FFF,2014J,2641156,0,North Western Region,A Level or Equivalent,30-40%,0-35,0,120,0,Pass,16,1,1,1,1,1,1,1,1,0,0,0,1,1,1,10
FFF,2014J,2642532,0,London Region,HE Qualification,60-70%,0-35,3,120,0,Pass,14,1,1,1,0,1,0,1,0,0,1,1,1,0,1,5
FFF,2014J,2643472,0,East Midlands Region,HE Qualification,30-40%,35-55,0,60,0,Pass,6,1,1,0,1,1,1,1,0,0,1,0,1,0,0,9
FFF,2014J,2643829,0,North Region,Lower Than A Level,,0-35,0,60,0,Fail,11,0,1,1,0,0,1,1,0,0,1,0,0,1,0,6
FFF,2014J,2649121,0,Yorkshire Region,Lower Than A Level,90-100%,0-35,0,180,0,Withdrawn,9,1,1,0,0,0,0,0,0,0,0,0,0,1,1,4
FFF,2014J,2649948,0,East Midlands Region,A Level or Equivalent,60-70%,0-35,0,60,0,Fail,3,0,0,1,0,0,1,0,0,1,1,1,0,0,0,8
FFF,2014J,2652532,1,East Midlands Region,Lower Than A Level,90-100%,0-35,1,60,0,Withdrawn,11,1,1,0,0,0,1,0,1,1,0,0,0,1,0,6
FFF,2014J,2657913,0,London Region,Lower Than A Level,40-50%,35-55,2,60,0,Pass,1,1,1,0,1,0,1,0,0,0,1,0,1,0,1,2
FFF,2014J,2658856,0,Scotland,HE Qualification,80-90%,35-55,0,120,0,Pass,14,0,1,1,0,0,1,1,0,0,0,0,1,1,1,5
FFF,2014J,2661012,0,South Region,Lower Than A Level,30-40%,35-55,0,120,0,Withdrawn,1,1,0,0,1,0,0,1,0,1,0,1,1,1,0,2
FFF,2014J,2667478,0,North Western Region,Lower Than A Level,80-90%,35-55,1,60,0,Fail,10,0,0,1,0,0,1,0,0,1,0,0,1,0,1,1
FFF,2014J,2678580,0,North Western Region,A Level or Equivalent,60-70%,0-35,0,60,0,Withdrawn,7,1,0,1,0,0,0,1,0,0,0,1,1,0,0,3
FFF,2014J,2681198,0,East Anglian Region,Lower Than A Level,70-80%,35-55,0,90,0,Pass,8,0,1,0,1,0,0,1,1,1,1,1,1,0,1,3
FFF,2014J,2682682,1,East Midlands Region,A Level or Equivalent,60-70%,0-35,0,120,1,Distinction,1,1,0,1,0,1,1,1,0,0,1,1,0,0,1,2
FFF,2014J,2682745,1,London Region,HE Qualification,30-40%,35-55,0,120,0,Withdrawn,5,1,0,1,0,1,0,0,1,0,0,1,0,0,1,9
FFF,2014J,2683857,0,South West Region,Lower Than A Level,70-80%,35-55,1,90,0,Pass,3,0,1,1,0,1,0,0,0,0,1,1,1,1,0,8
FFF,2014J,2684048,1,East Midlands Region,Lower Than A Level,20-30%,0-35,0,120,0,Withdrawn,6,1,1,0,1,1,0,0,1,0,0,1,1,1,0,9
FFF,2014J,2686035,1,South East Region,Lower Than A Level,90-100%,0-35,0,135,0,Withdrawn,2,0,0,0,0,1,0,0,1,0,1,0,1,0,0,2
FFF,2014J,2687012,0,North Western Region,Lower Than A Level,20-30%,35-55,1,150,0,Withdrawn,2,0,0,1,0,1,0,0,0,1,0,0,0,0,1,2
FFF,2014J,2693932,0,West Midlands Region,A Level or Equivalent,90-100%,0-35,1,120,0,Pass,14,0,1,1,0,1,0,1,1,1,1,1,0,1,0,5
FFF,2014J,2694139,0,East Anglian Region,Lower Than A Level,70-80%,35-55,0,60,0,Withdrawn,5,0,0,0,0,1,0,0,0,1,1,0,1,1,0,9
FFF,2014J,2697921,0,East Anglian Region,Lower Than A Level,80-90%,0-35,1,60,0,Pass,10,1,0,1,1,1,0,0,1,0,0,1,1,1,0,1
FFF,2014J,2702660,1,London Region,Lower Than A Level,50-60%,0-35,0,240,0,Withdrawn,7,1,0,1,0,1,0,0,1,1,1,0,0,0,1,3
GGG,2013J,24391,0,East Midlands Region,A Level or Equivalent,80-90%,0-35,0,30,0,Distinction,10,1,1,1,1,0,0,1,1,0,1,0,1,1,0,1
GGG,2013J,26023,0,North Western Region,Lower Than A Level,20-Oct,35-55,0,30,0,Pass,6,1,1,0,0,0,0,0,1,1,0,0,1,1,0,9
GGG,2013J,32239,1,London Region,A Level or Equivalent,30-40%,0-35,0,30,0,Pass,7,0,0,0,1,0,0,1,0,0,0,1,1,1,1,3
GGG,2013J,35001,1,East Midlands Region,Lower Than A Level,70-80%,35-55,0,30,0,Fail,8,0,0,1,0,0,1,1,0,0,1,1,1,0,0,3
GGG,2013J,60405,1,Yorkshire Region,A Level or Equivalent,20-Oct,35-55,0,30,0,Distinction,2,1,0,0,1,0,0,0,0,0,1,1,0,0,1,2
GGG,2013J,62975,0,South Region,Lower Than A Level,,35-55,0,30,0,Fail,6,0,0,0,1,1,1,1,0,0,1,1,1,1,1,9
GGG,2013J,67182,1,South Region,A Level or Equivalent,80-90%,35-55,0,30,0,Pass,8,1,1,0,0,0,1,0,1,0,0,0,0,0,0,3
GGG,2013J,75442,1,London Region,Lower Than A Level,20-Oct,0-35,0,30,0,Fail,6,0,1,0,0,1,0,0,0,1,1,0,0,1,0,9
GGG,2013J,80448,1,East Midlands Region,A Level or Equivalent,40-50%,35-55,0,30,0,Withdrawn,13,1,1,0,0,1,1,0,0,1,1,0,0,1,0,5
GGG,2013J,82341,1,South East Region,Lower Than A Level,90-100%,0-35,0,30,1,Distinction,3,0,1,0,0,0,0,1,0,1,1,1,1,0,0,8
GGG,2013J,87929,1,London Region,A Level or Equivalent,50-60%,0-35,0,30,0,Pass,4,1,0,0,1,1,0,1,0,0,1,0,1,0,1,8
GGG,2013J,96117,1,London Region,A Level or Equivalent,30-40%,35-55,0,30,0,Pass,7,0,0,0,1,1,1,0,1,0,0,1,0,0,0,3
GGG,2013J,121056,1,West Midlands Region,Lower Than A Level,30-40%,0-35,0,30,0,Withdrawn,9,1,0,0,1,0,0,0,1,1,0,0,0,0,0,4
GGG,2013J,122459,1,East Anglian Region,Lower Than A Level,40-50%,0-35,0,90,0,Pass,7,0,0,0,0,1,0,1,1,1,1,0,0,1,1,3
GGG,2013J,122636,1,South East Region,Lower Than A Level,20-Oct,0-35,0,30,0,Fail,10,0,1,0,0,0,1,1,1,0,0,0,0,1,1,1
GGG,2013J,122846,1,Yorkshire Region,Lower Than A Level,0-10%,0-35,0,30,0,Pass,9,1,0,1,1,1,0,0,1,1,0,0,0,1,0,4
GGG,2013J,122928,1,East Anglian Region,Lower Than A Level,60-70%,35-55,0,30,0,Fail,9,1,1,1,0,0,1,1,1,0,0,0,1,1,1,4
GGG,2013J,129212,1,South Region,Lower Than A Level,80-90%,0-35,0,30,0,Distinction,10,1,0,0,0,0,0,1,1,0,0,1,0,0,0,1
GGG,2013J,135331,1,North Region,A Level or Equivalent,20-30%,0-35,0,30,1,Fail,9,1,1,1,0,1,1,0,0,1,0,0,0,1,0,4
GGG,2013J,138710,0,East Midlands Region,A Level or Equivalent,60-70%,0-35,0,30,0,Pass,12,0,1,0,1,1,0,1,0,1,0,1,0,0,1,7
GGG,2013J,142990,0,South West Region,Lower Than A Level,20-30%,0-35,0,30,1,Fail,1,1,0,1,1,0,1,0,0,0,0,1,0,0,1,2
GGG,2013J,155256,0,South East Region,A Level or Equivalent,30-40%,0-35,0,30,0,Distinction,2,1,0,0,1,1,0,1,1,0,1,0,1,1,1,2
GGG,2013J,156127,1,North Western Region,Lower Than A Level,0-10%,0-35,0,30,0,Fail,16,0,1,1,0,0,1,0,1,1,1,1,1,1,0,10
GGG,2013J,159484,1,West Midlands Region,A Level or Equivalent,60-70%,0-35,0,30,0,Fail,10,0,0,1,0,1,1,1,1,0,1,1,1,1,1,1
GGG,2013J,164922,1,East Anglian Region,Lower Than A Level,40-50%,0-35,0,30,0,Pass,9,1,0,0,0,0,1,0,1,0,0,0,0,0,1,4
GGG,2013J,166183,1,East Anglian Region,Lower Than A Level,30-40%,0-35,0,30,1,Fail,10,1,1,1,0,0,0,0,0,0,0,1,1,0,0,1
GGG,2013J,189664,1,West Midlands Region,Lower Than A Level,0-10%,35-55,0,30,1,Pass,2,1,0,0,1,1,1,1,0,0,0,0,1,1,1,2
GGG,2013J,204745,1,North Western Region,A Level or Equivalent,30-40%,35-55,0,60,0,Fail,8,0,0,1,1,1,0,1,0,0,0,0,0,1,0,3
GGG,2013J,233153,1,South East Region,Lower Than A Level,50-60%,0-35,0,150,0,Pass,13,1,1,0,1,1,1,0,0,1,0,1,0,1,1,5
GGG,2013J,236848,1,South Region,A Level or Equivalent,50-60%,0-35,0,30,0,Fail,4,0,0,0,1,1,0,1,0,1,1,0,1,1,0,8
GGG,2013J,239095,1,Yorkshire Region,HE Qualification,0-10%,35-55,0,30,0,Pass,15,0,0,1,1,0,1,1,1,0,1,1,1,0,1,10
GGG,2013J,249965,1,North Western Region,Lower Than A Level,20-30%,0-35,0,30,1,Distinction,3,1,1,1,1,1,0,1,1,0,1,1,1,0,0,8
GGG,2013J,253208,1,North Region,A Level or Equivalent,60-70%,0-35,0,30,0,Distinction,6,1,0,1,0,0,0,0,1,1,1,1,0,1,0,9
GGG,2013J,253567,0,West Midlands Region,Lower Than A Level,20-30%,35-55,0,30,0,Fail,9,1,1,1,0,1,1,1,1,1,1,1,0,0,0,4
GGG,2013J,261718,1,South East Region,Lower Than A Level,50-60%,0-35,0,30,0,Pass,12,0,0,0,0,1,0,1,0,0,0,0,1,0,1,7
GGG,2013J,266626,1,East Anglian Region,Lower Than A Level,20-30%,35-55,0,30,0,Pass,3,1,1,0,0,1,0,1,1,1,0,1,0,1,0,8
GGG,2013J,268391,1,West Midlands Region,No Formal quals,0-10%,0-35,0,30,0,Fail,8,0,1,1,1,0,1,0,1,0,1,1,0,0,1,3
GGG,2013J,276830,1,East Midlands Region,Lower Than A Level,20-30%,0-35,0,30,0,Distinction,3,0,0,1,1,0,1,1,0,0,1,1,1,0,0,8
GGG,2013J,279747,1,South Region,Lower Than A Level,20-30%,35-55,0,30,0,Distinction,1,1,1,0,0,0,1,0,1,0,1,1,0,1,0,2
GGG,2013J,281619,1,South East Region,A Level or Equivalent,30-40%,35-55,0,30,1,Pass,7,0,0,0,0,1,0,1,1,1,0,1,0,1,0,3
GGG,2013J,285705,1,South Region,A Level or Equivalent,40-50%,0-35,0,30,0,Pass,12,1,1,0,1,0,1,0,1,0,0,0,0,0,0,7
GGG,2013J,286160,1,North Region,A Level or Equivalent,60-70%,0-35,0,30,0,Distinction,4,0,1,1,0,1,1,0,0,0,1,1,0,1,0,8
GGG,2013J,286762,1,North Region,Lower Than A Level,20-30%,35-55,0,30,0,Pass,6,0,1,0,0,1,1,0,1,0,0,0,0,0,0,9
GGG,2013J,290658,1,North Western Region,Lower Than A Level,70-80%,0-35,0,90,0,Fail,5,1,0,1,1,0,1,0,0,1,1,1,1,0,0,9
GGG,2013J,292136,1,North Western Region,Lower Than A Level,50-60%,0-35,0,30,0,Distinction,3,1,0,0,0,0,0,1,0,1,1,0,1,1,1,8
GGG,2013J,296993,1,Yorkshire Region,HE Qualification,30-40%,0-35,0,30,0,Pass,11,0,0,0,1,0,1,1,1,1,0,0,0,0,0,6
GGG,2013J,297990,0,North Western Region,Lower Than A Level,20-30%,35-55,0,30,0,Distinction,11,0,1,1,1,1,1,0,0,1,0,0,1,1,1,6
GGG,2013J,298186,1,East Midlands Region,Lower Than A Level,20-Oct,35-55,0,45,0,Pass,13,1,0,0,0,0,0,1,1,1,1,1,0,1,1,5
GGG,2013J,300508,1,East Midlands Region,Lower Than A Level,30-40%,35-55,0,30,0,Pass,7,0,1,1,0,0,0,1,1,1,1,1,1,0,1,3
GGG,2013J,303165,1,Yorkshire Region,Lower Than A Level,20-Oct,35-55,0,30,0,Pass,10,1,1,0,0,0,0,0,0,0,1,0,0,0,0,1
GGG,2013J,306610,1,South East Region,Lower Than A Level,70-80%,35-55,0,30,0,Fail,4,0,0,1,0,1,0,1,0,1,1,1,1,0,0,8
GGG,2013J,308634,0,London Region,No Formal quals,20-30%,35-55,0,30,0,Fail,10,0,1,0,1,1,1,1,0,0,1,0,0,1,0,1
GGG,2013J,311158,1,South Region,Lower Than A Level,40-50%,0-35,0,30,1,Pass,15,1,0,0,1,0,0,1,0,0,0,1,1,1,0,10
GGG,2013J,313070,0,London Region,A Level or Equivalent,80-90%,35-55,0,30,0,Withdrawn,1,1,1,1,0,0,1,1,0,1,1,1,1,1,1,2
GGG,2013J,319331,1,Yorkshire Region,Lower Than A Level,0-10%,0-35,0,30,0,Distinction,9,1,0,0,0,1,0,0,1,0,0,1,1,1,0,4
GGG,2013J,324095,1,London Region,A Level or Equivalent,0-10%,0-35,0,30,0,Pass,15,1,0,1,0,1,1,1,1,0,0,0,0,0,0,10
GGG,2013J,325909,1,South Region,Lower Than A Level,20-30%,0-35,0,30,0,Fail,15,1,0,0,1,0,0,1,1,1,0,0,0,0,1,10
GGG,2013J,330177,0,East Midlands Region,Lower Than A Level,40-50%,0-35,0,60,1,Pass,1,0,0,1,0,0,0,1,0,1,1,1,1,0,0,2
GGG,2013J,332715,1,South Region,Lower Than A Level,80-90%,0-35,0,30,0,Distinction,11,0,0,0,1,1,1,1,1,0,1,0,1,0,1,6
GGG,2013J,338446,1,Yorkshire Region,Lower Than A Level,50-60%,0-35,0,30,0,Fail,3,0,0,1,1,1,0,1,1,1,0,0,1,1,0,8
GGG,2013J,339727,1,South Region,Lower Than A Level,80-90%,35-55,0,60,0,Distinction,3,0,0,0,0,0,0,1,1,0,1,0,1,1,0,8
GGG,2013J,339853,1,South West Region,Lower Than A Level,40-50%,0-35,0,30,1,Pass,8,0,1,0,1,0,1,1,0,0,1,1,1,1,1,3
GGG,2013J,340486,1,East Midlands Region,A Level or Equivalent,50-60%,35-55,0,60,0,Distinction,8,1,0,1,1,0,1,1,1,0,0,1,1,0,0,3
GGG,2013J,348579,1,North Western Region,A Level or Equivalent,40-50%,0-35,0,30,1,Pass,4,0,1,0,0,1,1,0,1,1,0,1,1,1,0,8
GGG,2013J,349360,1,London Region,A Level or Equivalent,50-60%,35-55,0,30,0,Pass,15,1,1,0,1,1,0,0,0,0,0,0,1,0,1,10
GGG,2013J,352382,1,Yorkshire Region,A Level or Equivalent,70-80%,35-55,0,30,0,Pass,6,0,1,1,1,0,1,1,1,1,0,0,1,1,1,9
GGG,2013J,360683,1,South Region,A Level or Equivalent,50-60%,0-35,0,30,0,Pass,10,0,1,1,1,1,1,0,1,0,1,1,0,1,0,1
GGG,2013J,365192,1,South West Region,A Level or Equivalent,0-10%,35-55,0,90,0,Pass,16,1,1,0,1,1,0,1,0,0,1,0,0,0,0,10
GGG,2013J,368245,1,North Western Region,A Level or Equivalent,0-10%,0-35,0,30,0,Fail,2,1,0,0,1,1,0,0,1,1,1,0,1,1,1,2
GGG,2013J,368969,1,South West Region,Lower Than A Level,80-90%,35-55,0,30,0,Pass,4,0,1,0,1,0,0,1,1,0,0,1,0,1,0,8
GGG,2013J,369378,1,East Anglian Region,Lower Than A Level,20-30%,0-35,0,30,0,Withdrawn,5,0,1,0,0,1,0,1,0,1,1,1,0,1,1,9
GGG,2013J,372691,1,East Midlands Region,Lower Than A Level,70-80%,0-35,0,30,0,Pass,6,0,0,0,0,1,0,0,0,0,1,1,0,1,0,9
GGG,2013J,375600,1,Yorkshire Region,Lower Than A Level,0-10%,0-35,0,30,0,Pass,1,1,1,0,0,0,0,1,0,1,1,0,1,0,1,2
GGG,2013J,375882,1,London Region,Lower Than A Level,0-10%,35-55,0,60,0,Fail,1,0,1,1,1,1,0,1,1,1,1,0,0,1,0,2
GGG,2013J,379113,1,London Region,A Level or Equivalent,0-10%,35-55,0,30,0,Fail,13,0,1,1,1,1,1,0,1,1,0,0,1,0,1,5
GGG,2013J,379844,0,South East Region,Lower Than A Level,30-40%,35-55,0,30,0,Pass,12,0,0,1,0,0,0,0,1,0,0,1,1,0,0,7
GGG,2013J,383420,0,North Region,A Level or Equivalent,0-10%,0-35,0,60,1,Withdrawn,8,1,1,1,0,0,1,1,0,0,1,0,0,0,1,3
GGG,2013J,387550,1,London Region,Lower Than A Level,20-Oct,35-55,0,30,0,Fail,14,1,0,1,0,1,1,1,1,0,0,1,0,0,0,5
GGG,2013J,392215,1,South Region,Lower Than A Level,80-90%,0-35,0,30,0,Pass,14,0,0,0,1,0,0,0,1,0,1,1,0,0,0,5
GGG,2013J,393451,1,East Anglian Region,Lower Than A Level,50-60%,35-55,0,30,0,Fail,3,1,1,1,1,0,1,0,0,1,0,1,0,1,1,8
GGG,2013J,395954,1,East Anglian Region,Lower Than A Level,70-80%,35-55,0,30,0,Fail,8,1,0,1,1,0,1,1,0,0,0,0,1,0,1,3
GGG,2013J,396145,1,North Western Region,Lower Than A Level,20-Oct,0-35,0,30,0,Pass,6,0,0,1,0,1,0,0,0,1,0,0,0,1,1,9
GGG,2013J,401139,1,East Anglian Region,Lower Than A Level,0-10%,0-35,0,30,0,Pass,2,1,1,1,0,1,0,1,1,0,1,0,1,1,0,2
GGG,2013J,404325,1,London Region,A Level or Equivalent,20-Oct,0-35,0,30,0,Fail,10,1,1,0,0,0,1,0,1,0,0,0,0,1,0,1
GGG,2013J,410573,1,East Midlands Region,Lower Than A Level,20-Oct,0-35,0,30,0,Fail,3,0,0,0,1,0,0,0,1,1,0,1,0,1,0,8
GGG,2013J,411105,1,South Region,A Level or Equivalent,20-Oct,0-35,0,30,0,Pass,15,0,1,1,0,1,1,0,0,0,0,1,1,1,0,10
GGG,2013J,416355,1,London Region,A Level or Equivalent,30-40%,35-55,0,30,0,Pass,8,1,1,0,0,1,0,1,0,0,0,1,0,1,0,3
GGG,2013J,417220,1,London Region,A Level or Equivalent,20-30%,0-35,0,30,1,Fail,13,0,0,1,1,0,1,0,1,0,0,1,0,0,0,5
GGG,2013J,418032,1,South Region,A Level or Equivalent,60-70%,35-55,0,30,0,Distinction,15,0,0,1,0,1,1,1,1,1,1,1,1,1,0,10
GGG,2013J,421999,1,South Region,Lower Than A Level,20-Oct,0-35,0,90,0,Fail,4,1,1,1,1,1,0,0,0,0,0,0,1,1,0,8
GGG,2013J,426736,1,East Anglian Region,Lower Than A Level,0-10%,0-35,0,30,0,Fail,6,1,0,0,0,0,0,1,1,0,0,0,1,0,1,9
GGG,2013J,427321,1,North Western Region,HE Qualification,50-60%,35-55,0,30,0,Fail,2,1,1,0,1,1,0,1,0,0,1,0,0,0,0,2
GGG,2013J,428301,0,North Western Region,A Level or Equivalent,0-10%,0-35,0,30,0,Distinction,13,0,0,0,0,0,0,0,1,1,1,1,1,0,1,5
GGG,2013J,433165,1,South Region,A Level or Equivalent,90-100%,0-35,0,30,0,Pass,10,1,1,1,1,1,1,1,1,1,0,1,0,0,0,1
GGG,2013J,434478,1,East Anglian Region,Lower Than A Level,70-80%,0-35,0,30,0,Withdrawn,12,0,1,0,1,1,1,0,1,1,0,0,1,0,0,7
GGG,2013J,439677,1,North Western Region,Lower Than A Level,20-Oct,0-35,0,30,0,Distinction,15,1,0,0,1,0,0,1,0,0,0,0,1,0,1,10
GGG,2013J,444943,1,East Anglian Region,A Level or Equivalent,30-40%,0-35,0,30,0,Distinction,7,0,0,0,1,1,1,0,1,0,0,1,1,1,0,3
GGG,2013J,445086,1,North Western Region,A Level or Equivalent,70-80%,0-35,0,30,0,Pass,11,1,0,0,0,1,1,0,1,1,0,0,1,0,1,6
GGG,2013J,465724,1,East Midlands Region,A Level or Equivalent,70-80%,35-55,0,30,0,Fail,10,0,0,0,0,0,0,0,0,1,0,1,1,0,1,1
GGG,2013J,466900,1,East Anglian Region,Lower Than A Level,60-70%,0-35,0,30,0,Distinction,3,1,1,0,0,0,0,0,0,0,1,1,0,0,1,8
GGG,2013J,470340,1,West Midlands Region,A Level or Equivalent,50-60%,0-35,0,30,0,Pass,6,1,1,1,1,0,0,1,0,1,0,0,0,1,0,9
GGG,2013J,472911,1,South Region,A Level or Equivalent,50-60%,35-55,0,30,1,Pass,12,1,0,1,1,1,0,1,1,1,1,1,1,0,1,7
GGG,2013J,473271,1,South East Region,A Level or Equivalent,60-70%,0-35,0,45,0,Pass,3,1,1,0,1,1,1,1,1,0,0,0,1,1,0,8
GGG,2013J,473924,1,London Region,A Level or Equivalent,60-70%,35-55,0,30,0,Distinction,3,0,0,1,1,0,1,0,1,1,1,1,0,1,0,8
GGG,2013J,474067,1,South East Region,Lower Than A Level,40-50%,35-55,0,30,1,Pass,15,1,0,0,0,0,1,1,0,1,1,0,0,1,0,10
GGG,2013J,474272,0,North Western Region,Lower Than A Level,0-10%,35-55,0,45,1,Fail,8,0,1,1,1,1,0,0,0,0,0,0,1,1,1,3
GGG,2013J,476921,0,North Western Region,Lower Than A Level,0-10%,0-35,0,60,1,Fail,8,1,0,0,1,0,0,1,1,1,1,0,0,0,1,3
GGG,2013J,477165,1,Yorkshire Region,Lower Than A Level,20-Oct,0-35,0,30,0,Fail,16,1,1,1,1,0,0,1,0,0,1,0,1,1,1,10
GGG,2013J,477468,1,South Region,Lower Than A Level,70-80%,0-35,0,30,0,Pass,10,1,0,1,1,1,0,1,1,0,1,0,1,0,0,1
GGG,2013J,477650,1,Yorkshire Region,Lower Than A Level,20-30%,0-35,0,30,0,Pass,15,1,1,1,1,0,1,0,1,1,0,0,0,1,1,10
GGG,2013J,478556,1,South Region,Lower Than A Level,50-60%,0-35,0,30,1,Distinction,11,0,1,1,1,1,1,0,1,1,1,0,0,1,0,6
GGG,2013J,478784,1,South Region,A Level or Equivalent,70-80%,0-35,0,30,1,Distinction,5,0,1,1,0,1,0,1,0,0,1,0,0,1,1,9
GGG,2013J,479442,1,East Anglian Region,A Level or Equivalent,90-100%,0-35,0,30,0,Pass,14,1,1,1,0,0,0,1,1,0,0,0,0,1,1,5
GGG,2013J,479595,1,East Anglian Region,Lower Than A Level,50-60%,35-55,0,30,0,Withdrawn,15,0,1,0,0,0,0,1,1,0,1,0,0,0,1,10
GGG,2013J,480959,1,London Region,Lower Than A Level,0-10%,0-35,0,30,0,Pass,3,0,1,1,1,1,0,1,1,1,1,1,0,1,0,8
GGG,2013J,481404,0,North Western Region,Lower Than A Level,0-10%,35-55,0,30,1,Pass,12,0,0,0,1,1,1,0,0,1,0,0,1,0,0,7
GGG,2013J,481772,1,London Region,Lower Than A Level,20-Oct,0-35,0,90,0,Fail,10,1,0,1,0,0,1,1,0,1,0,0,0,1,0,1
GGG,2013J,483123,0,South West Region,Lower Than A Level,70-80%,0-35,0,30,0,Fail,11,0,1,0,1,0,1,0,1,0,1,1,0,0,0,6
GGG,2013J,483158,1,West Midlands Region,A Level or Equivalent,70-80%,35-55,0,30,0,Fail,14,1,0,0,0,1,0,1,0,1,0,1,1,1,1,5
GGG,2013J,483959,1,South Region,A Level or Equivalent,70-80%,0-35,0,90,0,Pass,16,1,1,0,0,1,1,0,1,1,1,1,0,1,0,10
GGG,2013J,488853,0,Yorkshire Region,Lower Than A Level,20-Oct,35-55,0,30,0,Fail,7,0,0,1,0,1,1,0,1,0,0,0,0,0,0,3
GGG,2013J,489222,1,East Anglian Region,Lower Than A Level,30-40%,0-35,0,30,0,Pass,3,0,1,1,0,1,0,0,0,1,1,1,1,1,1,8
GGG,2013J,489624,1,East Midlands Region,A Level or Equivalent,80-90%,35-55,0,30,0,Distinction,14,0,1,1,0,0,0,0,0,0,0,0,1,1,1,5
GGG,2013J,493763,1,South Region,A Level or Equivalent,50-60%,0-35,0,30,0,Pass,14,0,1,1,1,0,1,0,1,1,1,1,0,0,1,5
GGG,2013J,494212,1,West Midlands Region,Lower Than A Level,80-90%,35-55,0,30,0,Pass,6,1,0,1,0,0,1,0,1,0,0,0,0,1,0,9
GGG,2013J,494291,1,South Region,A Level or Equivalent,80-90%,35-55,0,30,1,Fail,8,0,0,0,0,0,0,1,1,0,0,1,0,1,0,3
GGG,2013J,495276,0,South East Region,Lower Than A Level,80-90%,0-35,0,30,0,Pass,6,1,0,0,1,0,0,1,0,0,1,0,1,1,1,9
GGG,2013J,496224,1,London Region,No Formal quals,20-30%,0-35,0,90,0,Fail,1,1,1,1,0,1,1,0,0,0,0,1,0,0,0,2
GGG,2013J,497074,1,East Midlands Region,Lower Than A Level,20-Oct,35-55,0,30,0,Pass,14,0,1,1,0,1,0,1,1,1,1,0,1,0,0,5
GGG,2013J,497190,1,London Region,A Level or Equivalent,50-60%,0-35,0,30,0,Pass,6,1,0,1,1,0,1,1,0,1,0,1,0,0,1,9
GGG,2013J,497278,1,East Midlands Region,A Level or Equivalent,50-60%,0-35,0,30,1,Pass,1,0,0,0,1,1,1,0,0,0,1,1,1,0,0,2
GGG,2013J,498702,1,East Midlands Region,A Level or Equivalent,0-10%,0-35,0,30,0,Fail,14,1,0,0,1,1,0,0,1,0,1,0,1,1,0,5
GGG,2013J,499006,1,London Region,Lower Than A Level,70-80%,0-35,0,30,0,Pass,11,1,1,0,0,1,1,1,1,1,0,0,0,0,0,6
GGG,2013J,499446,1,London Region,A Level or Equivalent,20-Oct,0-35,0,30,1,Pass,4,0,1,1,1,1,0,0,0,1,1,1,0,1,1,8
GGG,2013J,500112,1,West Midlands Region,A Level or Equivalent,60-70%,35-55,0,30,0,Pass,3,1,1,0,0,0,0,1,1,0,1,0,1,1,0,8
GGG,2013J,500720,1,South Region,HE Qualification,80-90%,0-35,0,60,0,Pass,9,1,1,0,1,1,1,0,1,0,0,0,1,1,1,4
GGG,2013J,503663,1,East Midlands Region,Lower Than A Level,60-70%,35-55,0,30,1,Distinction,2,0,1,0,1,1,1,0,1,1,0,1,1,1,0,2
GGG,2013J,505503,1,South East Region,Lower Than A Level,0-10%,0-35,0,30,0,Fail,16,0,0,0,0,1,1,1,0,0,0,1,0,1,1,10
GGG,2013J,505754,1,Yorkshire Region,Lower Than A Level,80-90%,35-55,0,30,0,Fail,15,0,0,0,0,1,1,1,0,1,1,1,0,1,0,10
GGG,2013J,506679,1,London Region,Lower Than A Level,30-40%,0-35,0,30,0,Pass,15,1,1,0,1,0,0,0,1,1,1,1,0,0,0,10
GGG,2013J,509034,1,London Region,A Level or Equivalent,40-50%,35-55,0,30,0,Pass,1,0,1,1,0,1,1,0,0,1,0,1,0,0,0,2
GGG,2013J,509277,1,East Anglian Region,A Level or Equivalent,40-50%,0-35,0,30,0,Pass,3,1,0,0,1,1,1,1,1,0,0,1,1,1,1,8
GGG,2013J,510533,0,London Region,A Level or Equivalent,70-80%,0-35,0,30,0,Pass,1,1,1,0,1,1,1,0,1,0,0,1,1,1,0,2
GGG,2013J,510737,1,London Region,A Level or Equivalent,50-60%,0-35,0,30,0,Fail,10,0,0,1,0,0,1,0,1,0,0,1,0,0,1,1
GGG,2013J,511571,1,North Western Region,A Level or Equivalent,20-Oct,0-35,0,30,0,Pass,3,1,1,0,1,0,0,0,0,1,0,1,1,0,0,8
GGG,2013J,512258,1,East Anglian Region,A Level or Equivalent,80-90%,35-55,0,30,0,Pass,7,1,1,0,0,0,1,0,1,0,0,0,0,1,0,3
GGG,2013J,514699,0,East Anglian Region,Lower Than A Level,30-40%,0-35,0,30,0,Fail,14,0,1,0,0,0,0,0,1,1,1,1,0,0,1,5
GGG,2013J,515496,0,South West Region,Lower Than A Level,80-90%,0-35,0,30,0,Pass,14,0,0,1,0,0,1,1,1,1,0,0,0,0,1,5
GGG,2013J,516434,1,East Anglian Region,A Level or Equivalent,90-100%,35-55,0,30,0,Pass,16,1,0,0,0,0,1,1,1,0,0,0,1,0,1,10
GGG,2013J,519091,1,West Midlands Region,Lower Than A Level,60-70%,0-35,0,30,0,Distinction,3,1,1,0,0,1,0,1,1,0,1,0,0,0,1,8
GGG,2013J,519185,0,South Region,Lower Than A Level,60-70%,0-35,0,30,0,Fail,14,0,0,1,0,1,1,0,0,1,1,1,0,1,0,5
GGG,2013J,521164,1,South West Region,Lower Than A Level,50-60%,0-35,0,30,1,Distinction,3,0,1,1,1,1,0,1,1,0,1,0,0,1,0,8
GGG,2013J,522561,1,East Anglian Region,A Level or Equivalent,30-40%,35-55,0,30,0,Distinction,7,0,1,1,1,1,1,1,1,1,1,1,0,1,0,3
GGG,2013J,522731,1,Yorkshire Region,Lower Than A Level,70-80%,0-35,0,30,0,Pass,15,0,0,0,1,0,1,1,0,1,1,0,0,1,1,10
GGG,2013J,523419,1,East Midlands Region,A Level or Equivalent,50-60%,35-55,0,30,0,Fail,16,1,0,0,0,0,0,0,1,1,1,0,1,1,0,10
GGG,2013J,523803,1,Yorkshire Region,Lower Than A Level,40-50%,0-35,0,90,1,Pass,3,0,1,1,1,1,0,1,0,0,1,0,1,0,0,8
GGG,2013J,527742,1,North Western Region,Lower Than A Level,80-90%,0-35,0,60,0,Distinction,9,0,0,1,0,0,0,0,0,0,0,1,0,1,0,4
GGG,2013J,528515,1,South West Region,Lower Than A Level,80-90%,35-55,0,30,0,Withdrawn,7,1,0,0,1,0,0,1,0,1,0,1,1,1,0,3
GGG,2013J,530826,0,London Region,Lower Than A Level,20-Oct,0-35,0,90,0,Fail,4,1,1,1,1,0,1,0,0,0,1,1,1,1,0,8
GGG,2013J,531224,1,South East Region,Lower Than A Level,60-70%,0-35,0,30,0,Pass,16,0,0,0,0,0,0,1,1,1,1,0,1,1,1,10
GGG,2013J,534251,1,South Region,A Level or Equivalent,40-50%,0-35,0,30,0,Fail,16,1,0,0,1,1,1,1,1,1,1,1,1,0,1,10
GGG,2013J,534647,0,London Region,Lower Than A Level,60-70%,35-55,0,30,0,Fail,10,1,0,0,1,1,0,1,1,0,1,0,0,0,0,1
GGG,2013J,536647,1,East Anglian Region,A Level or Equivalent,60-70%,0-35,0,30,0,Distinction,10,1,0,1,0,1,0,1,0,0,0,0,1,0,0,1
GGG,2013J,537181,1,South Region,A Level or Equivalent,20-30%,0-35,0,30,0,Pass,10,0,1,0,1,1,1,1,1,1,0,1,0,0,1,1
GGG,2013J,537662,0,West Midlands Region,A Level or Equivalent,40-50%,0-35,0,30,0,Pass,3,0,0,1,1,1,1,0,1,1,0,1,1,0,0,8
GGG,2013J,537670,1,North Western Region,Lower Than A Level,0-10%,0-35,0,150,1,Fail,16,0,0,1,1,1,0,0,1,1,0,0,0,1,1,10
GGG,2013J,539436,1,South West Region,A Level or Equivalent,60-70%,0-35,0,30,0,Distinction,2,1,0,0,1,1,1,0,1,1,1,1,1,1,0,2
GGG,2013J,541252,1,South West Region,Lower Than A Level,60-70%,0-35,0,150,0,Pass,5,1,0,1,1,0,1,0,0,0,0,0,1,1,0,9
GGG,2013J,543557,0,Yorkshire Region,Lower Than A Level,40-50%,0-35,0,30,0,Withdrawn,7,1,0,0,0,0,1,1,0,1,1,0,0,1,1,3
GGG,2013J,544615,1,South East Region,A Level or Equivalent,50-60%,0-35,0,30,0,Pass,1,0,0,0,1,0,0,0,0,0,1,1,0,1,0,2
GGG,2013J,544898,1,South East Region,Lower Than A Level,20-30%,0-35,0,30,0,Fail,7,0,1,1,0,1,0,0,1,0,1,0,1,1,0,3
GGG,2013J,545313,1,South East Region,Lower Than A Level,40-50%,35-55,0,30,1,Fail,14,1,1,0,1,1,0,1,0,1,1,1,0,0,0,5
GGG,2013J,545785,1,London Region,A Level or Equivalent,20-Oct,0-35,0,30,0,Pass,8,1,0,1,1,0,1,1,1,0,1,0,0,1,1,3
GGG,2013J,546097,1,South Region,Lower Than A Level,90-100%,35-55,0,30,0,Pass,3,1,0,1,1,1,1,1,0,0,1,1,1,0,0,8
GGG,2013J,546192,0,South East Region,Lower Than A Level,80-90%,0-35,0,30,0,Pass,9,1,0,0,0,0,1,0,1,1,1,0,0,1,0,4
GGG,2013J,546457,1,Yorkshire Region,A Level or Equivalent,80-90%,0-35,0,30,0,Pass,13,1,0,1,1,0,1,0,0,1,1,0,1,0,1,5
GGG,2013J,546754,1,South East Region,A Level or Equivalent,40-50%,0-35,0,30,0,Fail,4,1,0,1,1,0,1,1,0,1,1,1,1,1,1,8
GGG,2013J,547440,0,North Western Region,Lower Than A Level,70-80%,35-55,0,30,0,Withdrawn,12,0,0,0,1,1,0,0,0,0,0,1,1,0,1,7
GGG,2013J,548190,1,East Anglian Region,Lower Than A Level,90-100%,35-55,0,30,0,Fail,2,0,1,0,0,1,1,0,0,1,0,1,1,1,1,2
GGG,2013J,548388,1,West Midlands Region,A Level or Equivalent,80-90%,0-35,0,30,0,Pass,1,1,0,0,0,1,1,0,0,1,0,0,1,0,0,2
GGG,2013J,549887,1,London Region,A Level or Equivalent,40-50%,0-35,0,30,0,Distinction,9,1,1,0,0,0,0,1,0,0,1,0,1,1,1,4
GGG,2013J,549909,0,East Anglian Region,HE Qualification,70-80%,0-35,0,90,0,Distinction,1,0,0,0,1,0,1,1,1,1,1,0,0,0,0,2
GGG,2013J,549973,0,South East Region,Lower Than A Level,20-30%,0-35,0,30,0,Fail,15,1,0,1,0,1,1,0,0,0,1,0,0,0,1,10
GGG,2013J,551389,1,South Region,Lower Than A Level,70-80%,0-35,0,30,0,Pass,2,0,1,0,1,0,0,1,1,1,1,0,0,0,1,2
GGG,2013J,551545,0,South West Region,Lower Than A Level,30-40%,0-35,0,30,0,Fail,13,0,1,0,1,1,1,0,1,0,1,0,1,0,0,5
GGG,2013J,552750,1,London Region,A Level or Equivalent,30-40%,0-35,0,60,0,Pass,9,1,1,0,1,1,0,0,1,1,0,1,0,0,1,4
GGG,2013J,553643,1,South Region,Lower Than A Level,80-90%,0-35,0,30,0,Distinction,16,1,0,0,1,0,0,1,0,1,1,1,0,0,1,10
GGG,2013J,554967,1,North Western Region,A Level or Equivalent,20-Oct,0-35,0,45,0,Pass,1,0,1,1,0,0,1,1,1,0,0,1,1,0,1,2
GGG,2013J,556509,1,South East Region,Lower Than A Level,60-70%,0-35,0,90,0,Fail,4,1,1,0,1,1,1,1,1,1,1,0,0,0,0,8
GGG,2013J,556520,1,North Western Region,Lower Than A Level,40-50%,0-35,0,30,1,Distinction,4,0,0,0,0,0,1,0,1,0,0,1,1,1,1,8
GGG,2013J,556523,1,Scotland,A Level or Equivalent,90-100%,0-35,0,30,0,Pass,15,1,0,1,0,0,1,1,1,1,0,0,0,1,1,10
GGG,2013J,557031,1,South Region,Lower Than A Level,50-60%,0-35,0,30,0,Fail,5,0,0,0,1,1,0,1,1,1,1,1,0,1,1,9
GGG,2013J,557085,1,Yorkshire Region,Lower Than A Level,20-30%,35-55,0,30,0,Pass,6,1,0,0,1,1,0,0,1,0,0,0,0,1,0,9
GGG,2013J,559919,1,East Anglian Region,Lower Than A Level,30-40%,0-35,0,30,0,Distinction,2,0,1,1,0,1,0,1,1,1,0,0,0,1,1,2
GGG,2013J,560328,1,South West Region,Lower Than A Level,30-40%,0-35,0,30,1,Pass,1,0,0,0,1,1,1,1,1,0,1,0,1,0,0,2
GGG,2013J,560374,1,South West Region,Lower Than A Level,30-40%,0-35,0,45,0,Pass,9,0,1,1,0,0,1,0,0,1,1,0,0,0,1,4
GGG,2013J,560653,0,London Region,Lower Than A Level,20-30%,35-55,0,45,0,Pass,1,0,1,0,1,1,1,1,1,0,1,1,0,0,0,2
GGG,2013J,561148,1,East Anglian Region,Lower Than A Level,60-70%,35-55,0,30,0,Pass,16,0,1,0,1,1,0,0,1,0,1,0,0,1,0,10
GGG,2013J,561163,1,North Western Region,A Level or Equivalent,0-10%,35-55,0,45,0,Pass,16,0,0,0,0,1,1,0,0,1,0,1,0,0,1,10
GGG,2013J,561884,1,South East Region,A Level or Equivalent,70-80%,0-35,0,75,0,Pass,14,0,1,1,1,0,1,0,1,1,1,1,0,1,1,5
GGG,2013J,562696,1,South West Region,A Level or Equivalent,80-90%,35-55,0,60,1,Distinction,4,0,0,1,0,1,1,0,0,0,0,1,1,0,1,8
GGG,2013J,562913,1,South Region,Lower Than A Level,90-100%,35-55,0,30,0,Pass,11,1,0,0,1,1,0,1,0,1,1,1,1,0,0,6
GGG,2013J,563612,1,East Midlands Region,Lower Than A Level,40-50%,0-35,0,30,0,Fail,13,1,1,0,1,0,0,1,0,0,0,0,0,0,0,5
GGG,2013J,564190,1,East Anglian Region,Lower Than A Level,50-60%,35-55,0,60,1,Withdrawn,3,0,1,0,0,0,0,0,1,0,0,1,0,1,1,8
GGG,2013J,564609,1,South West Region,A Level or Equivalent,30-40%,0-35,0,30,1,Pass,16,1,0,1,1,1,1,1,1,0,1,0,1,1,0,10
GGG,2013J,565002,1,East Anglian Region,Lower Than A Level,30-40%,35-55,0,30,0,Pass,2,1,0,0,0,0,1,0,1,1,0,0,1,0,1,2
GGG,2013J,565222,1,North Western Region,Lower Than A Level,20-30%,35-55,0,30,0,Distinction,15,0,0,1,0,0,1,1,0,1,0,1,1,1,0,10
GGG,2013J,565525,1,London Region,A Level or Equivalent,30-40%,0-35,0,30,0,Fail,16,1,1,1,1,0,0,0,0,0,0,0,1,0,0,10
GGG,2013J,565640,1,South Region,Lower Than A Level,60-70%,0-35,0,30,0,Pass,4,1,0,1,1,1,0,1,1,1,1,1,1,1,0,8
GGG,2013J,565892,1,South West Region,Lower Than A Level,70-80%,0-35,0,30,0,Pass,9,0,0,1,1,0,0,0,1,1,0,0,0,0,1,4
GGG,2013J,565993,1,East Anglian Region,Lower Than A Level,50-60%,0-35,0,30,0,Pass,13,1,0,0,1,1,1,1,1,0,0,1,0,0,0,5
GGG,2013J,566153,1,Yorkshire Region,Lower Than A Level,70-80%,0-35,0,30,0,Withdrawn,12,0,0,1,1,1,1,1,1,0,1,0,1,0,0,7
GGG,2013J,566183,1,London Region,A Level or Equivalent,80-90%,0-35,0,45,0,Pass,14,1,1,0,0,0,0,0,0,0,0,0,0,1,0,5
GGG,2013J,566603,1,South Region,A Level or Equivalent,50-60%,35-55,0,45,0,Withdrawn,2,0,1,1,1,0,1,0,0,1,1,0,1,1,0,2
GGG,2013J,566923,1,South West Region,HE Qualification,0-10%,0-35,0,30,0,Fail,2,1,1,0,0,0,0,0,0,0,0,0,1,0,0,2
GGG,2013J,566963,1,London Region,A Level or Equivalent,20-30%,0-35,0,30,1,Pass,9,1,1,0,0,0,1,0,1,1,0,1,1,1,0,4
GGG,2013J,567009,0,East Anglian Region,Lower Than A Level,70-80%,35-55,0,45,1,Pass,10,1,0,0,0,1,1,1,1,1,1,1,1,0,1,1
GGG,2013J,567211,1,East Midlands Region,A Level or Equivalent,60-70%,35-55,0,30,0,Distinction,13,0,0,0,0,0,1,0,1,0,1,0,1,0,0,5
GGG,2013J,567325,1,South Region,Lower Than A Level,40-50%,0-35,0,30,0,Pass,14,1,0,0,0,1,0,0,1,1,0,1,0,0,0,5
GGG,2013J,567831,1,London Region,No Formal quals,60-70%,0-35,0,30,0,Fail,15,1,1,1,1,1,1,0,1,1,1,0,0,0,1,10
GGG,2013J,567987,1,Yorkshire Region,Lower Than A Level,0-10%,0-35,0,90,0,Fail,10,0,0,1,1,0,1,1,0,0,0,1,0,1,0,1
GGG,2013J,568118,1,North Western Region,Lower Than A Level,30-40%,35-55,0,30,1,Fail,6,1,0,0,1,1,1,1,0,1,0,0,1,1,0,9
GGG,2013J,568288,1,South West Region,A Level or Equivalent,70-80%,0-35,0,45,1,Distinction,16,1,1,0,1,1,1,0,0,1,0,0,1,0,1,10
GGG,2013J,568539,1,South Region,A Level or Equivalent,40-50%,0-35,0,30,1,Pass,13,1,1,1,1,1,0,1,1,1,1,1,0,1,1,5
GGG,2013J,568973,1,East Anglian Region,Lower Than A Level,70-80%,35-55,0,30,1,Fail,7,1,0,1,1,0,0,1,1,1,1,1,1,1,1,3
GGG,2013J,569253,1,East Midlands Region,HE Qualification,60-70%,35-55,0,30,0,Distinction,9,1,1,0,0,0,1,1,0,0,1,1,1,1,1,4
GGG,2013J,569381,0,East Anglian Region,Lower Than A Level,60-70%,0-35,0,60,0,Withdrawn,1,0,1,0,1,1,0,1,0,0,1,0,0,0,0,2
GGG,2013J,569490,1,Yorkshire Region,Lower Than A Level,50-60%,0-35,0,30,0,Pass,2,0,0,0,0,0,1,0,1,0,1,1,0,0,0,2
GGG,2013J,569511,1,East Midlands Region,Lower Than A Level,20-Oct,35-55,0,45,0,Pass,9,1,0,0,0,0,0,0,0,1,1,0,1,1,0,4
GGG,2013J,569595,1,West Midlands Region,Lower Than A Level,0-10%,35-55,0,30,1,Fail,8,0,1,0,1,1,0,1,0,0,1,1,0,0,1,3
GGG,2013J,569679,0,South West Region,A Level or Equivalent,40-50%,0-35,0,30,0,Pass,10,0,0,0,1,0,0,1,1,1,1,0,0,1,0,1
GGG,2013J,569974,1,East Anglian Region,A Level or Equivalent,90-100%,0-35,0,30,1,Pass,11,1,0,0,1,0,1,1,1,0,0,1,1,1,0,6
GGG,2013J,569984,1,London Region,Lower Than A Level,20-Oct,0-35,0,30,0,Fail,9,1,0,1,1,1,1,0,0,0,1,1,0,1,1,4
GGG,2013J,570141,1,East Anglian Region,A Level or Equivalent,70-80%,0-35,0,30,0,Pass,5,1,0,1,1,1,0,1,0,0,1,1,0,1,1,9
GGG,2013J,570529,0,South West Region,Lower Than A Level,20-Oct,35-55,0,30,0,Pass,11,0,1,0,1,1,0,0,1,1,1,1,1,0,1,6
GGG,2013J,570801,1,East Anglian Region,A Level or Equivalent,50-60%,0-35,0,45,0,Pass,4,1,1,0,1,0,1,0,1,1,0,0,0,1,1,8
GGG,2013J,571334,1,West Midlands Region,Lower Than A Level,90-100%,35-55,0,30,0,Pass,7,1,0,0,0,1,1,0,1,1,1,0,0,1,1,3
GGG,2013J,571359,1,North Western Region,Lower Than A Level,60-70%,35-55,0,30,0,Fail,14,0,1,1,0,0,1,1,1,1,1,1,0,0,0,5
GGG,2013J,571380,1,East Anglian Region,Lower Than A Level,20-30%,0-35,0,30,0,Pass,10,0,0,0,1,0,1,1,1,1,1,1,1,1,0,1
GGG,2013J,571458,0,East Midlands Region,Lower Than A Level,50-60%,35-55,0,45,0,Distinction,10,0,0,1,1,0,0,0,0,0,0,0,1,0,1,1
GGG,2013J,571577,1,South West Region,Lower Than A Level,90-100%,35-55,0,30,0,Pass,9,0,0,0,1,0,0,0,1,0,1,0,0,1,0,4
GGG,2013J,571696,1,South Region,A Level or Equivalent,70-80%,0-35,0,30,0,Pass,6,1,0,1,1,0,1,1,0,1,0,1,0,0,1,9
GGG,2013J,571768,1,East Midlands Region,A Level or Equivalent,20-30%,0-35,0,30,0,Fail,6,0,1,1,0,0,0,1,0,1,1,1,0,0,0,9
GGG,2013J,571787,1,North Western Region,A Level or Equivalent,50-60%,35-55,0,90,0,Fail,12,1,0,1,1,1,0,0,1,1,1,1,1,1,0,7
GGG,2013J,571883,1,West Midlands Region,Lower Than A Level,40-50%,0-35,0,30,0,Distinction,7,0,1,0,0,1,1,1,1,0,0,0,0,1,0,3
GGG,2013J,571896,1,North Western Region,Lower Than A Level,0-10%,0-35,0,30,0,Fail,14,1,1,1,1,0,1,0,0,1,0,1,0,1,1,5
GGG,2013J,571952,1,East Midlands Region,Lower Than A Level,60-70%,0-35,0,30,0,Fail,15,0,1,0,0,0,0,1,1,1,0,1,1,1,0,10
GGG,2013J,572335,1,East Anglian Region,Lower Than A Level,90-100%,0-35,0,30,0,Fail,1,1,1,0,0,0,1,0,1,0,0,1,0,1,0,2
GGG,2013J,572388,1,South Region,Lower Than A Level,80-90%,35-55,0,30,0,Pass,2,1,1,1,1,0,1,0,0,1,0,0,1,0,0,2
GGG,2013J,572663,1,South East Region,Lower Than A Level,40-50%,0-35,0,30,0,Pass,5,0,0,1,0,0,1,1,0,1,0,0,0,1,1,9
GGG,2013J,572714,1,East Midlands Region,Lower Than A Level,60-70%,0-35,0,30,0,Pass,14,0,1,0,1,1,1,0,1,1,0,0,0,0,1,5
GGG,2013J,573134,1,London Region,Lower Than A Level,20-30%,0-35,0,30,0,Pass,7,0,0,0,0,0,1,1,0,0,1,0,0,0,1,3
GGG,2013J,573294,1,Yorkshire Region,Lower Than A Level,20-Oct,0-35,0,30,0,Fail,1,1,1,1,1,1,1,0,1,0,0,0,0,1,1,2
GGG,2013J,573331,1,West Midlands Region,A Level or Equivalent,70-80%,35-55,0,30,0,Pass,7,1,0,0,1,1,0,1,0,1,1,1,0,0,1,3
GGG,2013J,573460,1,East Anglian Region,HE Qualification,60-70%,0-35,0,30,0,Fail,13,1,0,1,1,0,1,1,1,1,1,1,1,0,0,5
GGG,2013J,573464,1,South West Region,Lower Than A Level,20-Oct,0-35,0,30,0,Pass,15,1,0,0,0,0,0,0,1,1,1,0,1,0,0,10
GGG,2013J,573510,0,South West Region,Lower Than A Level,80-90%,0-35,0,30,0,Fail,4,0,1,1,0,1,0,1,0,1,1,0,0,0,1,8
GGG,2013J,573554,1,South East Region,Lower Than A Level,20-30%,0-35,0,30,0,Pass,12,0,0,0,0,1,1,0,1,0,0,1,1,1,0,7
GGG,2013J,573666,1,London Region,A Level or Equivalent,40-50%,0-35,0,30,0,Pass,12,1,1,0,1,1,1,0,1,0,1,0,0,0,1,7
GGG,2013J,574238,1,West Midlands Region,Lower Than A Level,20-Oct,0-35,0,30,0,Pass,9,0,1,0,0,0,1,0,1,1,1,0,0,0,0,4
GGG,2013J,574351,1,South East Region,Lower Than A Level,90-100%,35-55,0,30,0,Fail,2,1,0,0,0,1,1,1,1,0,0,1,0,1,0,2
GGG,2013J,574504,1,London Region,Lower Than A Level,20-Oct,0-35,0,30,0,Fail,9,1,0,1,1,1,0,0,0,0,0,1,1,1,0,4
GGG,2013J,574512,1,West Midlands Region,A Level or Equivalent,30-40%,35-55,0,30,0,Distinction,8,0,0,1,1,0,0,0,0,1,0,1,0,1,0,3
GGG,2013J,574606,1,Yorkshire Region,Lower Than A Level,0-10%,0-35,0,30,0,Withdrawn,14,0,0,0,1,0,1,0,1,0,1,1,0,0,1,5
GGG,2013J,574642,1,West Midlands Region,A Level or Equivalent,0-10%,35-55,0,30,0,Withdrawn,10,0,1,1,1,1,1,1,0,1,0,0,1,1,0,1
GGG,2013J,574857,1,West Midlands Region,Lower Than A Level,20-Oct,0-35,0,60,0,Pass,3,0,0,0,1,1,1,0,1,0,1,1,1,0,1,8
GGG,2013J,574948,1,South West Region,Lower Than A Level,60-70%,0-35,0,30,0,Pass,14,1,0,1,0,1,1,0,0,1,1,1,0,1,1,5
GGG,2013J,574957,1,South East Region,Lower Than A Level,0-10%,0-35,0,30,0,Fail,5,1,1,0,1,0,0,1,1,0,0,1,1,1,0,9
GGG,2013J,574960,0,South West Region,A Level or Equivalent,70-80%,0-35,0,30,0,Distinction,7,0,1,1,0,0,0,1,0,0,1,1,0,1,1,3
GGG,2013J,574988,1,South East Region,A Level or Equivalent,30-40%,0-35,0,30,1,Pass,6,1,1,1,0,0,0,1,0,0,1,1,0,0,0,9
GGG,2013J,575000,1,West Midlands Region,Lower Than A Level,40-50%,35-55,0,30,1,Fail,13,0,0,0,0,0,0,0,1,1,1,1,1,0,0,5
GGG,2013J,575061,1,West Midlands Region,Lower Than A Level,20-Oct,0-35,0,150,0,Pass,6,0,1,0,1,0,1,1,1,1,0,1,0,1,0,9
GGG,2013J,575080,1,East Midlands Region,Lower Than A Level,50-60%,0-35,0,30,0,Withdrawn,1,1,1,0,1,0,1,0,1,1,1,1,0,0,0,2
GGG,2013J,575136,1,West Midlands Region,Lower Than A Level,20-30%,0-35,0,30,0,Fail,14,0,0,1,1,0,1,0,1,1,1,0,0,0,1,5
GGG,2013J,575214,1,North Western Region,Lower Than A Level,50-60%,0-35,0,30,0,Pass,11,1,0,0,0,0,0,1,1,0,0,0,0,0,1,6
GGG,2013J,575355,1,London Region,Lower Than A Level,20-Oct,35-55,0,30,0,Pass,16,1,0,0,1,1,1,1,1,0,0,0,1,1,0,10
GGG,2013J,575454,1,South Region,Lower Than A Level,30-40%,0-35,0,30,1,Fail,8,0,0,1,0,1,0,0,0,0,1,1,0,1,1,3
GGG,2013J,575488,1,London Region,Lower Than A Level,20-Oct,0-35,0,30,0,Distinction,13,1,0,0,0,0,1,1,0,1,1,0,0,0,0,5
GGG,2013J,575554,1,South East Region,A Level or Equivalent,20-Oct,35-55,0,30,0,Pass,8,1,1,1,1,0,1,0,1,1,0,1,0,1,0,3
GGG,2013J,575559,1,Yorkshire Region,A Level or Equivalent,50-60%,0-35,0,30,0,Distinction,3,1,1,0,1,0,1,1,1,0,1,1,0,1,1,8
GGG,2013J,575691,1,East Midlands Region,Lower Than A Level,50-60%,0-35,0,30,0,Fail,15,0,1,0,0,0,1,0,0,0,0,1,1,1,0,10
GGG,2013J,575720,1,South West Region,Lower Than A Level,30-40%,0-35,0,30,0,Distinction,5,1,0,0,0,0,0,0,1,0,1,1,1,1,0,9
GGG,2013J,575984,1,South Region,A Level or Equivalent,90-100%,35-55,0,30,0,Pass,15,1,0,0,1,1,0,1,1,0,1,1,0,1,0,10
GGG,2013J,576141,1,London Region,A Level or Equivalent,0-10%,0-35,0,30,0,Fail,14,1,0,0,0,0,1,1,0,0,0,0,0,1,1,5
GGG,2013J,576143,1,South Region,Lower Than A Level,40-50%,35-55,0,30,0,Pass,16,0,1,1,1,1,1,1,1,1,1,1,1,0,0,10
GGG,2013J,576371,0,East Midlands Region,Lower Than A Level,60-70%,0-35,0,60,1,Fail,10,0,1,1,1,0,0,0,0,0,0,1,1,1,0,1
GGG,2013J,576425,0,North Western Region,Lower Than A Level,0-10%,35-55,0,30,0,Pass,8,0,1,1,0,0,0,1,1,0,1,1,1,1,1,3
GGG,2013J,576445,1,East Midlands Region,Lower Than A Level,20-Oct,35-55,0,30,1,Pass,10,1,1,1,1,0,0,0,1,1,0,0,0,0,0,1
GGG,2013J,576447,1,South West Region,Lower Than A Level,80-90%,0-35,0,30,0,Fail,5,1,0,0,0,0,0,0,0,1,1,0,1,1,1,9
GGG,2013J,576455,1,London Region,A Level or Equivalent,0-10%,35-55,0,30,0,Fail,13,0,0,1,0,0,0,0,0,1,1,0,1,0,1,5
GGG,2013J,576488,1,London Region,Lower Than A Level,20-Oct,35-55,0,30,0,Pass,11,1,0,0,0,0,1,1,0,0,1,1,0,0,1,6
GGG,2013J,576593,1,London Region,A Level or Equivalent,20-Oct,35-55,0,30,0,Fail,12,1,0,1,0,1,0,0,1,1,0,1,1,1,0,7
GGG,2013J,576654,1,North Western Region,A Level or Equivalent,0-10%,35-55,0,30,0,Pass,3,0,1,0,0,1,1,1,1,1,1,1,0,0,0,8
GGG,2013J,576761,1,Yorkshire Region,A Level or Equivalent,30-40%,0-35,0,30,0,Pass,14,0,0,0,1,0,1,0,1,1,1,1,1,1,0,5
GGG,2013J,576948,1,South Region,Lower Than A Level,30-40%,0-35,0,30,0,Pass,3,1,0,1,0,0,0,1,1,0,1,0,1,1,1,8
GGG,2013J,577439,1,London Region,Lower Than A Level,40-50%,35-55,0,30,0,Fail,1,1,1,0,0,1,1,0,0,0,1,0,0,1,0,2
GGG,2013J,577456,1,West Midlands Region,Lower Than A Level,20-30%,0-35,0,30,0,Fail,3,1,0,1,1,0,1,1,0,0,1,0,0,0,0,8
GGG,2013J,577471,1,London Region,A Level or Equivalent,90-100%,35-55,0,30,0,Withdrawn,9,0,1,0,1,0,0,0,1,1,1,0,1,0,0,4
GGG,2013J,577780,1,North Western Region,Lower Than A Level,40-50%,0-35,0,30,0,Pass,14,1,1,0,1,0,0,1,1,1,1,0,1,0,1,5
GGG,2013J,577820,1,East Anglian Region,Lower Than A Level,80-90%,35-55,0,30,0,Pass,9,0,1,0,0,0,0,1,1,1,0,0,1,0,0,4
GGG,2013J,577827,1,South West Region,Lower Than A Level,0-10%,35-55,0,90,1,Fail,10,1,1,1,1,0,1,0,0,1,0,0,1,0,1,1
GGG,2013J,577888,1,West Midlands Region,A Level or Equivalent,90-100%,0-35,0,30,0,Distinction,13,1,1,0,1,0,0,1,0,0,0,0,0,0,1,5
GGG,2013J,578140,1,London Region,Lower Than A Level,50-60%,35-55,0,30,0,Pass,8,1,1,1,0,0,0,0,0,0,1,0,0,0,1,3
GGG,2013J,578207,0,South West Region,A Level or Equivalent,90-100%,0-35,0,30,0,Distinction,8,1,1,1,0,0,1,0,0,1,0,1,0,0,1,3
GGG,2013J,578375,1,South East Region,Lower Than A Level,80-90%,35-55,0,30,0,Pass,10,1,0,1,1,1,0,0,1,1,0,1,0,1,0,1
GGG,2013J,578378,1,Yorkshire Region,Lower Than A Level,20-Oct,0-35,0,30,0,Withdrawn,7,1,1,1,0,1,1,1,0,0,0,0,1,1,1,3
GGG,2013J,578555,0,London Region,Lower Than A Level,20-30%,0-35,0,30,0,Fail,2,1,1,1,1,1,1,0,0,0,0,1,1,1,1,2
GGG,2013J,578666,1,West Midlands Region,A Level or Equivalent,20-30%,35-55,0,30,0,Fail,8,1,1,0,0,1,0,0,1,1,0,0,1,1,1,3
GGG,2013J,578781,1,North Western Region,Lower Than A Level,0-10%,35-55,0,30,1,Fail,6,0,0,0,0,1,1,1,1,0,0,1,0,0,1,9
GGG,2013J,578940,1,East Midlands Region,A Level or Equivalent,40-50%,0-35,0,30,1,Pass,15,0,0,1,1,1,1,1,1,0,0,0,0,1,1,10
GGG,2013J,578941,1,East Anglian Region,Lower Than A Level,20-30%,35-55,0,30,0,Fail,6,1,0,0,0,1,0,0,1,0,1,0,0,1,0,9
GGG,2013J,578977,1,London Region,Lower Than A Level,30-40%,0-35,0,30,0,Fail,7,1,0,0,0,1,1,0,0,0,0,0,0,1,0,3
GGG,2013J,579015,1,North Western Region,A Level or Equivalent,90-100%,0-35,0,30,1,Pass,13,1,0,0,0,1,1,1,0,1,1,1,0,1,0,5
GGG,2013J,579020,1,Yorkshire Region,A Level or Equivalent,70-80%,0-35,0,30,0,Pass,5,0,1,1,1,0,0,0,0,0,0,0,0,0,0,9
GGG,2013J,579086,1,Yorkshire Region,A Level or Equivalent,60-70%,0-35,0,90,0,Pass,2,0,0,1,0,0,1,1,1,1,1,0,0,0,0,2
GGG,2013J,579164,1,South Region,Lower Than A Level,60-70%,35-55,0,30,0,Pass,4,0,1,1,0,1,1,1,0,0,0,1,0,0,1,8
GGG,2013J,579201,1,Yorkshire Region,A Level or Equivalent,20-Oct,35-55,0,30,0,Pass,5,1,0,0,0,1,1,0,0,0,0,0,1,1,1,9
GGG,2013J,579203,1,London Region,A Level or Equivalent,30-40%,35-55,0,30,0,Pass,4,0,0,1,0,0,0,1,0,0,0,0,0,0,1,8
GGG,2013J,579309,1,West Midlands Region,No Formal quals,20-Oct,0-35,0,30,0,Fail,3,0,0,0,1,1,0,1,0,0,1,0,0,0,0,8
GGG,2013J,579381,1,North Western Region,Lower Than A Level,20-30%,35-55,0,30,0,Distinction,9,0,0,0,1,0,1,0,1,1,0,1,1,1,0,4
GGG,2013J,579528,1,East Midlands Region,Lower Than A Level,80-90%,35-55,0,30,0,Pass,5,1,1,0,1,1,0,1,1,0,1,1,0,0,1,9
GGG,2013J,579572,1,East Anglian Region,Lower Than A Level,70-80%,35-55,0,30,0,Pass,11,1,0,1,1,0,1,1,0,1,0,0,1,1,0,6
GGG,2013J,579661,1,West Midlands Region,Lower Than A Level,0-10%,0-35,0,30,0,Pass,15,1,1,0,0,0,1,0,0,1,1,1,0,0,0,10
GGG,2013J,580095,1,East Anglian Region,Lower Than A Level,60-70%,35-55,0,30,0,Fail,9,0,0,0,1,1,0,1,0,0,0,0,1,1,1,4
GGG,2013J,580469,1,South East Region,Lower Than A Level,20-Oct,0-35,0,30,0,Fail,8,0,0,0,0,0,1,0,1,1,0,0,1,0,1,3
GGG,2013J,580669,1,East Anglian Region,Lower Than A Level,50-60%,0-35,0,30,0,Fail,2,1,1,1,0,0,1,0,1,0,1,1,1,0,0,2
GGG,2013J,580860,1,South West Region,A Level or Equivalent,80-90%,0-35,0,30,0,Distinction,2,0,1,1,0,1,0,0,0,0,0,1,1,0,0,2
GGG,2013J,580870,0,South Region,Lower Than A Level,80-90%,0-35,0,30,0,Pass,1,1,1,0,0,0,1,1,0,1,1,1,1,1,1,2
GGG,2013J,580925,1,North Western Region,Lower Than A Level,50-60%,35-55,0,30,0,Fail,1,1,1,1,1,1,1,1,0,1,0,1,1,0,0,2
GGG,2013J,581003,0,North Western Region,HE Qualification,0-10%,0-35,0,30,0,Fail,14,0,0,0,1,1,0,1,1,1,1,0,0,1,1,5
GGG,2013J,581062,1,South East Region,A Level or Equivalent,30-40%,0-35,0,30,0,Distinction,5,0,0,0,0,1,1,0,0,0,1,1,1,1,0,9
GGG,2013J,581063,1,East Anglian Region,A Level or Equivalent,20-30%,0-35,0,30,0,Distinction,15,1,1,1,1,1,0,1,0,1,1,0,0,0,1,10
GGG,2013J,581118,1,East Anglian Region,A Level or Equivalent,30-40%,0-35,0,30,0,Distinction,3,0,1,0,1,0,0,0,1,0,0,0,0,0,0,8
GGG,2013J,581178,1,North Western Region,Lower Than A Level,0-10%,0-35,0,30,0,Pass,13,0,0,1,1,0,0,1,1,0,1,0,1,0,0,5
GGG,2013J,581200,1,South West Region,A Level or Equivalent,60-70%,35-55,0,30,0,Pass,4,1,1,1,1,0,1,0,1,1,0,1,1,0,0,8
GGG,2013J,581239,1,East Anglian Region,A Level or Equivalent,30-40%,35-55,0,60,0,Pass,6,1,0,1,1,1,1,0,0,0,1,1,0,1,0,9
GGG,2013J,581414,1,South West Region,Lower Than A Level,70-80%,0-35,0,30,1,Pass,8,1,1,0,1,1,1,1,0,0,1,0,1,1,0,3
GGG,2013J,581485,1,North Western Region,A Level or Equivalent,20-Oct,35-55,0,30,0,Pass,9,1,1,1,1,0,0,1,1,0,0,0,0,1,1,4
GGG,2013J,581510,1,North Region,Lower Than A Level,40-50%,0-35,0,30,0,Fail,2,1,1,1,0,0,1,1,1,0,0,1,1,1,1,2
GGG,2013J,581606,1,South Region,A Level or Equivalent,20-Oct,0-35,0,60,0,Withdrawn,16,0,1,0,1,1,0,0,1,0,1,0,1,0,0,10
GGG,2013J,581652,1,East Anglian Region,A Level or Equivalent,60-70%,35-55,0,30,1,Distinction,16,1,0,0,0,1,0,0,1,0,1,1,1,1,0,10
GGG,2013J,581806,1,South Region,Lower Than A Level,20-Oct,0-35,0,30,0,Pass,9,0,0,1,0,1,1,1,0,0,1,1,1,0,1,4
GGG,2013J,581889,1,East Anglian Region,A Level or Equivalent,60-70%,35-55,0,30,0,Fail,10,1,0,1,1,0,1,1,0,0,1,1,1,1,1,1
GGG,2013J,581956,1,East Anglian Region,Lower Than A Level,80-90%,35-55,0,30,0,Distinction,15,1,0,0,1,0,1,0,0,0,0,0,0,0,1,10
GGG,2013J,581965,1,East Anglian Region,Lower Than A Level,90-100%,35-55,0,30,0,Distinction,3,1,0,1,1,0,1,1,1,1,0,0,1,0,0,8
GGG,2013J,582005,0,North Western Region,Lower Than A Level,30-40%,35-55,0,150,1,Withdrawn,10,1,1,0,0,0,0,0,1,0,1,0,0,1,0,1
GGG,2013J,582039,1,South East Region,Lower Than A Level,40-50%,35-55,0,30,0,Fail,11,1,0,1,1,1,0,0,1,1,1,1,1,0,1,6
GGG,2013J,582226,1,North Region,A Level or Equivalent,60-70%,0-35,0,30,0,Pass,14,1,0,1,1,0,0,0,0,0,0,1,0,1,0,5
GGG,2013J,582250,1,Yorkshire Region,A Level or Equivalent,60-70%,35-55,0,30,0,Distinction,7,1,0,0,0,1,0,0,0,1,0,0,1,0,1,3
GGG,2013J,582309,0,South Region,Lower Than A Level,90-100%,0-35,0,40,0,Withdrawn,16,0,0,0,1,0,0,0,0,0,0,0,0,0,1,10
GGG,2013J,582420,1,East Midlands Region,A Level or Equivalent,20-30%,0-35,0,30,0,Pass,12,0,1,0,0,1,1,0,0,1,0,1,1,1,0,7
GGG,2013J,582460,1,East Anglian Region,A Level or Equivalent,20-30%,0-35,0,30,1,Pass,4,1,0,0,0,1,0,0,0,1,0,0,1,1,1,8
GGG,2013J,582486,1,East Anglian Region,A Level or Equivalent,0-10%,0-35,0,30,0,Fail,3,0,1,0,0,1,0,1,0,1,1,0,0,0,0,8
GGG,2013J,582536,1,North Western Region,Lower Than A Level,40-50%,35-55,0,30,0,Distinction,10,0,1,1,0,1,1,1,0,1,1,1,0,0,0,1
GGG,2013J,582568,1,East Midlands Region,A Level or Equivalent,80-90%,0-35,0,30,0,Fail,12,0,1,1,0,1,1,0,0,0,0,0,0,1,1,7
GGG,2013J,582649,1,South Region,Lower Than A Level,50-60%,55<=,0,30,0,Fail,15,1,1,0,1,1,0,0,1,1,1,1,0,1,1,10
GGG,2013J,582697,1,London Region,HE Qualification,20-30%,0-35,0,30,0,Pass,11,0,1,0,0,0,0,1,1,0,0,0,1,0,1,6
GGG,2013J,582709,1,East Anglian Region,Lower Than A Level,60-70%,35-55,0,30,0,Distinction,6,1,0,0,1,0,1,1,0,0,1,1,1,0,1,9
GGG,2013J,582710,1,Yorkshire Region,Lower Than A Level,30-40%,0-35,0,30,0,Fail,16,1,0,1,1,0,1,1,0,1,0,1,0,1,0,10
GGG,2013J,583031,1,South Region,Lower Than A Level,30-40%,35-55,0,30,1,Pass,11,1,0,0,1,0,1,1,1,0,1,1,1,0,1,6
GGG,2013J,583146,1,East Anglian Region,Lower Than A Level,20-30%,0-35,0,30,0,Pass,9,0,0,0,0,0,0,1,0,1,0,1,0,1,0,4
GGG,2013J,583423,1,South Region,Lower Than A Level,20-30%,0-35,0,30,0,Pass,5,0,0,0,0,0,1,1,1,0,0,0,1,0,0,9
GGG,2013J,583502,1,East Midlands Region,Lower Than A Level,80-90%,35-55,0,30,0,Fail,4,0,0,1,0,0,1,0,1,1,1,0,1,1,0,8
GGG,2013J,583532,1,North Western Region,Lower Than A Level,20-Oct,0-35,0,30,0,Pass,13,0,0,0,0,1,0,0,1,0,1,0,0,1,1,5
GGG,2013J,583607,1,North Region,A Level or Equivalent,20-Oct,0-35,0,30,0,Pass,13,0,0,1,0,1,0,1,1,1,0,0,0,1,0,5
GGG,2013J,583623,1,South West Region,A Level or Equivalent,60-70%,0-35,0,30,0,Distinction,4,0,1,1,1,1,1,0,1,1,0,1,0,0,0,8
GGG,2013J,583625,1,East Midlands Region,Lower Than A Level,0-10%,35-55,0,30,0,Pass,3,1,1,1,1,0,0,0,1,1,0,0,1,0,1,8
GGG,2013J,583664,1,South Region,Lower Than A Level,40-50%,0-35,0,30,0,Distinction,12,0,0,0,1,1,0,0,0,0,1,0,1,1,0,7
GGG,2013J,583721,1,East Anglian Region,Lower Than A Level,0-10%,35-55,0,30,0,Pass,2,1,0,0,0,0,0,1,0,1,1,1,1,0,1,2
GGG,2013J,583730,1,East Midlands Region,A Level or Equivalent,90-100%,35-55,0,60,0,Fail,6,1,1,1,0,0,1,1,1,0,1,0,1,1,1,9
GGG,2013J,583827,1,South West Region,Lower Than A Level,30-40%,0-35,0,30,0,Fail,6,1,0,0,0,0,1,0,1,1,1,0,0,1,1,9
GGG,2013J,583973,1,London Region,A Level or Equivalent,0-10%,0-35,0,30,0,Pass,3,1,0,0,0,0,1,0,0,1,0,0,0,1,0,8
GGG,2013J,584143,0,East Anglian Region,Lower Than A Level,30-40%,0-35,0,60,0,Distinction,15,0,1,1,1,0,1,1,1,1,1,1,0,0,1,10
GGG,2013J,584195,0,North Region,Lower Than A Level,,0-35,0,30,0,Pass,9,0,0,1,1,1,1,1,0,1,1,1,0,0,1,4
GGG,2013J,584299,1,East Anglian Region,Lower Than A Level,90-100%,35-55,0,30,0,Pass,8,0,0,0,0,0,1,1,0,1,1,1,1,1,0,3
GGG,2013J,584442,1,West Midlands Region,No Formal quals,20-Oct,0-35,0,30,0,Fail,6,0,0,0,1,0,0,1,1,1,1,1,1,0,1,9
GGG,2013J,584448,1,East Anglian Region,No Formal quals,20-30%,0-35,0,30,0,Pass,13,1,0,0,1,0,0,0,0,0,1,1,1,0,1,5
GGG,2013J,584500,1,South West Region,A Level or Equivalent,80-90%,35-55,0,30,0,Pass,15,0,1,1,1,0,0,1,1,1,1,1,0,0,0,10
GGG,2013J,584509,1,East Midlands Region,A Level or Equivalent,20-30%,0-35,0,30,0,Distinction,2,0,0,0,1,0,1,0,0,1,0,1,1,0,0,2
GGG,2013J,584512,1,South Region,A Level or Equivalent,80-90%,35-55,0,30,0,Fail,9,1,0,1,0,0,1,1,0,0,1,1,0,1,0,4
GGG,2013J,584710,1,South East Region,A Level or Equivalent,80-90%,0-35,0,30,0,Pass,1,1,0,1,1,1,1,1,1,0,0,1,1,1,1,2
GGG,2013J,584712,0,North Western Region,A Level or Equivalent,70-80%,0-35,0,30,1,Fail,9,1,1,0,1,1,0,1,1,1,1,0,1,1,0,4
GGG,2013J,584733,1,South West Region,Lower Than A Level,30-40%,0-35,0,30,0,Pass,16,1,1,1,0,0,1,0,1,0,1,1,1,1,0,10
GGG,2013J,584827,1,London Region,Lower Than A Level,0-10%,35-55,0,30,0,Pass,7,0,1,0,0,1,0,1,0,1,0,1,1,0,0,3
GGG,2013J,584836,1,London Region,HE Qualification,30-40%,0-35,0,30,0,Withdrawn,15,0,0,1,1,0,0,1,0,1,0,0,0,1,0,10
GGG,2013J,584844,1,South Region,A Level or Equivalent,50-60%,35-55,0,30,0,Fail,1,1,1,0,0,1,1,1,1,1,0,1,1,1,0,2
GGG,2013J,584850,1,East Anglian Region,Lower Than A Level,20-Oct,0-35,0,30,0,Fail,2,1,0,1,1,1,1,1,1,0,1,0,0,1,0,2
GGG,2013J,584908,1,Yorkshire Region,A Level or Equivalent,0-10%,0-35,0,150,0,Pass,11,1,0,0,0,0,0,0,1,0,0,1,1,1,0,6
GGG,2013J,584942,1,South East Region,A Level or Equivalent,20-Oct,0-35,0,30,0,Pass,3,0,0,1,1,0,0,0,0,0,0,1,1,0,1,8
GGG,2013J,584969,1,South Region,Lower Than A Level,90-100%,35-55,0,30,0,Distinction,12,1,0,0,0,1,1,0,0,0,0,1,1,0,1,7
GGG,2013J,585025,0,South Region,A Level or Equivalent,20-Oct,0-35,0,30,0,Fail,9,1,0,0,0,1,0,1,0,1,1,1,0,0,0,4
GGG,2013J,585041,1,North Western Region,Lower Than A Level,30-40%,35-55,0,30,1,Pass,6,0,1,1,1,0,0,0,0,0,0,1,1,1,1,9
GGG,2013J,585058,1,South East Region,A Level or Equivalent,30-40%,35-55,0,30,0,Pass,2,1,0,1,0,0,1,1,0,1,0,0,0,1,0,2
GGG,2013J,585114,1,East Anglian Region,A Level or Equivalent,50-60%,0-35,0,30,1,Pass,16,0,1,0,0,0,0,1,1,1,1,0,0,0,1,10
GGG,2013J,585141,1,Yorkshire Region,A Level or Equivalent,50-60%,35-55,0,30,0,Pass,12,1,1,0,1,0,0,1,1,1,1,1,0,0,1,7
GGG,2013J,585145,1,East Midlands Region,A Level or Equivalent,70-80%,35-55,0,30,0,Pass,10,1,0,0,1,0,1,1,1,1,1,0,1,1,0,1
GGG,2013J,585147,1,London Region,A Level or Equivalent,90-100%,35-55,0,30,0,Pass,7,1,1,0,1,1,1,0,0,1,1,1,1,0,1,3
GGG,2013J,585156,1,London Region,No Formal quals,20-Oct,0-35,0,30,0,Fail,6,1,1,0,1,1,1,1,0,0,1,0,1,1,0,9
GGG,2013J,585199,1,London Region,Lower Than A Level,0-10%,0-35,0,30,0,Pass,16,0,0,0,1,1,0,1,1,0,0,1,0,0,1,10
GGG,2013J,585201,1,South East Region,Lower Than A Level,30-40%,0-35,0,30,0,Pass,7,0,1,0,0,0,1,1,0,1,0,1,0,0,0,3
GGG,2013J,585236,1,South West Region,Lower Than A Level,20-Oct,0-35,0,30,0,Pass,10,0,0,0,0,0,0,0,1,0,0,0,0,1,0,1
GGG,2013J,585297,0,South Region,Lower Than A Level,40-50%,0-35,0,30,0,Fail,14,1,1,0,0,0,0,0,0,1,0,1,0,0,1,5
GGG,2013J,585445,1,East Anglian Region,A Level or Equivalent,20-30%,0-35,0,30,0,Fail,6,1,0,0,0,1,1,1,0,1,1,1,1,0,0,9
GGG,2013J,585457,1,East Anglian Region,A Level or Equivalent,80-90%,0-35,0,30,0,Fail,7,0,0,1,1,0,1,0,0,0,0,1,0,1,0,3
GGG,2013J,585518,1,West Midlands Region,A Level or Equivalent,20-Oct,0-35,0,30,0,Pass,1,1,0,1,0,0,0,0,0,1,1,1,0,0,1,2
GGG,2013J,585577,0,East Midlands Region,Lower Than A Level,20-Oct,0-35,0,30,0,Pass,6,1,1,0,1,0,1,1,0,0,1,0,0,0,1,9
GGG,2013J,585608,1,West Midlands Region,Lower Than A Level,60-70%,0-35,0,30,0,Pass,11,1,0,1,0,1,0,1,0,1,1,1,1,0,1,6
GGG,2013J,585613,1,London Region,Lower Than A Level,20-30%,0-35,0,30,0,Pass,4,0,1,1,1,1,0,1,0,0,1,1,1,1,0,8
GGG,2013J,585668,0,East Anglian Region,Lower Than A Level,60-70%,0-35,0,30,0,Pass,2,1,0,1,0,1,1,1,0,1,0,0,1,0,1,2
GGG,2013J,585702,1,Yorkshire Region,Lower Than A Level,70-80%,0-35,0,30,0,Pass,7,1,0,1,0,1,1,1,0,1,0,0,1,0,0,3
GGG,2013J,585768,1,London Region,Lower Than A Level,20-30%,0-35,0,30,1,Pass,12,1,0,1,0,1,1,1,0,1,0,1,0,0,1,7
GGG,2013J,585801,1,North Western Region,Lower Than A Level,20-30%,35-55,0,30,0,Fail,4,0,0,1,0,1,0,1,1,0,0,0,1,0,0,8
GGG,2013J,585841,0,East Midlands Region,Lower Than A Level,90-100%,35-55,0,30,0,Fail,2,0,0,0,1,0,1,1,1,1,0,1,1,1,1,2
GGG,2013J,585847,1,South West Region,HE Qualification,30-40%,0-35,0,30,0,Distinction,9,1,0,1,0,1,1,1,0,1,0,0,1,1,1,4
GGG,2013J,586083,1,East Midlands Region,Lower Than A Level,20-Oct,0-35,0,30,0,Fail,14,1,0,0,1,1,1,1,1,0,0,0,1,1,1,5
GGG,2013J,586120,1,North Region,Lower Than A Level,0-10%,35-55,0,90,0,Fail,5,0,1,0,1,0,0,1,1,1,1,1,0,1,0,9
GGG,2013J,586158,1,West Midlands Region,Lower Than A Level,20-Oct,0-35,0,30,0,Fail,6,0,0,0,0,0,1,0,0,1,1,1,0,1,1,9
GGG,2013J,586196,0,North Western Region,Lower Than A Level,50-60%,0-35,0,30,0,Pass,15,0,1,1,0,1,0,1,1,0,0,0,0,0,1,10
GGG,2013J,586287,0,East Midlands Region,A Level or Equivalent,40-50%,0-35,0,30,0,Pass,9,0,0,1,1,1,0,1,0,0,0,1,0,1,0,4
GGG,2013J,586324,1,South East Region,Lower Than A Level,90-100%,0-35,0,30,0,Distinction,4,0,1,0,1,0,0,1,0,1,1,0,1,1,1,8
GGG,2013J,586337,1,South Region,Lower Than A Level,90-100%,0-35,0,30,0,Pass,14,1,0,1,1,1,0,1,0,1,0,1,1,1,0,5
GGG,2013J,586367,1,South Region,Lower Than A Level,30-40%,0-35,0,30,0,Fail,13,1,1,1,0,0,0,0,0,1,0,1,1,1,1,5
GGG,2013J,586370,1,East Anglian Region,Lower Than A Level,50-60%,0-35,0,30,0,Fail,4,1,0,0,1,1,1,1,1,0,1,1,0,0,0,8
GGG,2013J,586423,0,South Region,Lower Than A Level,30-40%,0-35,0,30,0,Pass,15,0,1,1,0,0,0,0,0,0,0,1,0,0,0,10
GGG,2013J,586493,1,East Midlands Region,A Level or Equivalent,30-40%,0-35,0,30,0,Pass,6,0,1,0,1,0,1,0,1,1,0,1,1,1,1,9
GGG,2013J,586502,1,West Midlands Region,Lower Than A Level,0-10%,0-35,0,30,0,Pass,5,0,1,0,1,1,1,1,1,0,1,1,0,1,0,9
GGG,2013J,586524,0,East Midlands Region,Lower Than A Level,20-30%,0-35,0,30,0,Withdrawn,13,1,0,1,1,1,0,0,1,0,1,1,0,1,1,5
GGG,2013J,586563,0,East Anglian Region,A Level or Equivalent,20-Oct,35-55,0,30,0,Fail,1,1,1,1,1,0,1,0,1,0,0,1,1,1,0,2
GGG,2013J,586598,1,East Anglian Region,A Level or Equivalent,20-30%,0-35,0,30,0,Pass,6,1,1,0,1,0,1,0,0,1,1,0,1,1,0,9
GGG,2013J,586639,0,South West Region,Lower Than A Level,60-70%,0-35,0,30,0,Pass,15,1,0,0,1,0,1,0,1,0,0,1,1,1,1,10
GGG,2013J,586660,1,South Region,Lower Than A Level,70-80%,35-55,0,30,0,Pass,11,0,1,0,1,0,0,1,1,1,0,0,0,0,0,6
GGG,2013J,586689,1,South East Region,Lower Than A Level,40-50%,35-55,0,30,0,Pass,8,0,0,1,1,0,0,0,1,0,0,0,1,1,0,3
GGG,2013J,586787,0,West Midlands Region,Lower Than A Level,80-90%,0-35,0,30,0,Pass,1,0,0,0,1,0,1,0,1,0,0,0,1,0,0,2
GGG,2013J,586814,1,West Midlands Region,Lower Than A Level,20-Oct,0-35,0,30,1,Withdrawn,9,1,1,0,0,1,1,0,1,0,1,1,0,1,0,4
GGG,2013J,586818,1,East Anglian Region,Lower Than A Level,20-30%,0-35,0,30,1,Pass,7,0,0,1,0,1,1,1,0,1,1,1,1,1,1,3
GGG,2013J,586914,1,London Region,Lower Than A Level,20-Oct,0-35,0,30,0,Pass,9,0,1,1,0,0,0,0,1,1,1,0,0,1,1,4
GGG,2013J,586981,0,Yorkshire Region,Lower Than A Level,0-10%,35-55,0,30,1,Fail,2,0,0,0,1,1,0,0,0,1,1,0,0,1,0,2
GGG,2013J,587004,1,East Anglian Region,Lower Than A Level,50-60%,0-35,0,30,0,Pass,6,1,0,1,1,0,1,0,0,0,1,0,1,0,0,9
GGG,2013J,587150,0,North Western Region,Lower Than A Level,20-Oct,35-55,0,90,1,Withdrawn,8,0,1,1,1,0,0,0,1,0,1,1,0,0,1,3
GGG,2013J,587161,1,South West Region,Lower Than A Level,20-30%,0-35,0,30,0,Pass,2,0,1,0,1,1,0,1,1,0,1,0,0,1,0,2
GGG,2013J,587183,1,Yorkshire Region,Lower Than A Level,80-90%,0-35,0,30,0,Pass,13,1,1,0,0,0,0,1,0,1,0,1,0,1,1,5
GGG,2013J,587275,0,South West Region,Lower Than A Level,20-Oct,0-35,0,30,0,Fail,5,1,1,1,1,1,0,1,1,0,1,0,1,1,0,9
GGG,2013J,587283,1,South Region,Lower Than A Level,20-30%,0-35,0,30,0,Fail,13,1,1,1,0,0,1,0,0,1,0,1,0,1,1,5
GGG,2013J,587330,0,Yorkshire Region,Lower Than A Level,20-Oct,0-35,0,30,0,Distinction,4,1,1,1,1,0,1,1,0,1,1,0,1,0,1,8
GGG,2013J,587362,0,East Anglian Region,A Level or Equivalent,40-50%,0-35,0,60,0,Distinction,11,1,1,0,0,1,1,0,1,1,0,0,1,0,0,6
GGG,2013J,587374,1,East Anglian Region,A Level or Equivalent,80-90%,0-35,0,30,0,Withdrawn,6,1,0,0,0,1,0,1,0,1,0,1,0,1,1,9
GGG,2013J,587478,1,South West Region,Lower Than A Level,30-40%,0-35,0,30,0,Fail,5,1,1,1,0,1,1,1,1,0,1,1,1,1,1,9
GGG,2013J,587506,1,East Anglian Region,Lower Than A Level,20-Oct,0-35,0,30,0,Pass,11,1,0,0,1,0,0,1,0,0,0,0,0,0,0,6
GGG,2013J,587509,0,East Midlands Region,A Level or Equivalent,80-90%,0-35,0,30,0,Fail,6,0,0,0,1,0,1,0,0,1,1,0,1,0,1,9
GGG,2013J,587523,1,London Region,Lower Than A Level,20-30%,35-55,0,30,0,Pass,3,1,1,1,0,0,0,1,0,1,0,0,0,1,0,8
GGG,2013J,587529,1,Yorkshire Region,HE Qualification,50-60%,35-55,0,30,0,Pass,15,0,0,0,1,1,0,1,1,1,1,1,0,0,0,10
GGG,2013J,587555,1,East Anglian Region,A Level or Equivalent,80-90%,0-35,0,30,0,Pass,11,1,0,0,0,1,1,0,0,1,1,0,1,0,1,6
GGG,2013J,587852,1,London Region,A Level or Equivalent,70-80%,0-35,0,30,0,Distinction,3,0,0,0,0,1,0,1,0,0,0,1,0,0,1,8
GGG,2013J,587975,1,North Region,A Level or Equivalent,0-10%,35-55,0,30,0,Distinction,15,1,1,1,0,1,1,0,1,0,1,1,1,0,0,10
GGG,2013J,587997,0,South Region,Lower Than A Level,40-50%,0-35,0,30,0,Pass,3,1,1,1,1,1,0,1,1,1,1,0,0,0,1,8
GGG,2013J,588008,1,North Western Region,A Level or Equivalent,20-Oct,0-35,0,30,0,Pass,5,0,1,0,0,0,0,1,0,0,1,1,1,1,1,9
GGG,2013J,588014,1,Yorkshire Region,Lower Than A Level,30-40%,35-55,0,30,1,Distinction,8,0,0,1,1,1,1,1,1,0,0,0,1,1,0,3
GGG,2013J,588078,1,North Western Region,Lower Than A Level,20-30%,0-35,0,30,0,Pass,6,1,1,0,0,0,0,1,0,1,0,0,1,0,0,9
GGG,2013J,588105,1,West Midlands Region,A Level or Equivalent,70-80%,0-35,0,30,1,Pass,9,1,0,1,0,1,0,1,1,1,0,0,1,1,1,4
GGG,2013J,588106,1,North Region,A Level or Equivalent,20-Oct,35-55,0,30,0,Fail,12,0,1,1,1,1,1,1,1,0,1,1,1,0,1,7
GGG,2013J,588133,0,West Midlands Region,Lower Than A Level,20-30%,0-35,0,30,0,Fail,2,0,0,1,1,1,1,1,0,0,1,1,0,1,1,2
GGG,2013J,588138,1,South East Region,A Level or Equivalent,70-80%,35-55,0,30,0,Pass,10,1,1,0,1,1,0,0,1,1,1,1,1,0,1,1
GGG,2013J,588233,1,South Region,Lower Than A Level,40-50%,35-55,0,30,0,Distinction,7,0,0,0,0,0,0,1,1,0,0,1,0,0,1,3
GGG,2013J,588289,1,South East Region,Lower Than A Level,70-80%,0-35,0,30,0,Distinction,6,1,0,1,0,0,0,0,1,0,0,1,1,1,0,9
GGG,2013J,588314,1,East Anglian Region,HE Qualification,70-80%,0-35,0,30,0,Pass,12,1,0,1,0,0,0,1,1,0,0,1,0,0,0,7
GGG,2013J,588363,1,West Midlands Region,A Level or Equivalent,20-Oct,0-35,0,30,0,Pass,14,1,0,1,0,0,1,1,0,1,0,1,0,0,0,5
GGG,2013J,588367,1,London Region,A Level or Equivalent,40-50%,0-35,0,30,0,Pass,12,0,0,1,0,1,0,1,1,0,0,0,1,0,0,7
GGG,2013J,588382,1,North Region,Lower Than A Level,20-Oct,0-35,0,30,0,Pass,6,0,0,1,1,1,1,1,0,1,1,1,1,0,1,9
GGG,2013J,588391,1,East Midlands Region,Lower Than A Level,40-50%,35-55,0,30,0,Pass,7,0,1,0,0,0,0,0,1,1,0,1,1,0,0,3
GGG,2013J,588411,1,South West Region,Lower Than A Level,60-70%,0-35,0,30,0,Pass,4,0,1,1,1,1,0,1,0,1,0,0,1,1,0,8
GGG,2013J,588469,1,South Region,Lower Than A Level,50-60%,35-55,0,30,0,Fail,12,1,1,0,0,0,0,1,1,0,1,0,0,0,0,7
GGG,2013J,588505,1,Yorkshire Region,Lower Than A Level,0-10%,35-55,0,30,0,Pass,11,0,0,0,0,1,1,1,0,1,1,1,1,0,1,6
GGG,2013J,588522,1,South East Region,Lower Than A Level,60-70%,35-55,0,30,0,Pass,12,1,0,0,1,0,0,1,1,1,1,0,1,0,1,7
GGG,2013J,588528,1,South West Region,Lower Than A Level,30-40%,35-55,0,30,0,Withdrawn,16,1,1,1,0,1,1,1,0,1,0,1,1,0,0,10
GGG,2013J,588781,1,Yorkshire Region,Lower Than A Level,50-60%,0-35,0,30,0,Pass,11,1,0,0,0,0,1,0,0,0,0,0,1,1,1,6
GGG,2013J,588944,0,North Western Region,A Level or Equivalent,20-30%,0-35,0,30,0,Pass,4,1,1,1,1,0,1,0,0,1,1,1,1,1,1,8
GGG,2013J,588963,1,North Region,A Level or Equivalent,80-90%,0-35,0,30,0,Fail,2,0,1,0,1,0,0,0,0,0,1,1,1,0,0,2
GGG,2013J,589048,1,South West Region,Lower Than A Level,20-Oct,0-35,0,30,0,Fail,8,1,0,0,0,1,1,1,0,0,1,1,1,1,1,3
GGG,2013J,589126,1,South Region,A Level or Equivalent,70-80%,35-55,0,30,0,Distinction,12,0,0,1,0,1,1,0,1,1,0,0,0,1,1,7
GGG,2013J,589147,0,South East Region,A Level or Equivalent,60-70%,35-55,0,30,0,Pass,13,0,0,1,0,1,1,1,0,0,0,0,1,0,0,5
GGG,2013J,589198,0,South Region,Lower Than A Level,80-90%,0-35,0,30,0,Fail,8,1,0,0,0,0,0,0,0,0,1,0,1,1,1,3
GGG,2013J,589377,1,North Western Region,A Level or Equivalent,20-30%,0-35,0,30,0,Distinction,11,1,0,1,0,0,0,1,0,1,1,0,0,0,0,6
GGG,2013J,589395,0,North Region,Lower Than A Level,30-40%,0-35,0,30,1,Pass,16,0,1,1,1,1,1,1,1,0,0,1,0,0,1,10
GGG,2013J,589493,1,Yorkshire Region,A Level or Equivalent,0-10%,0-35,0,30,0,Pass,4,1,0,1,1,0,1,0,1,0,1,0,1,0,0,8
GGG,2013J,589507,1,South West Region,Lower Than A Level,80-90%,0-35,0,30,0,Pass,9,1,0,1,1,0,1,0,0,1,1,0,1,1,1,4
GGG,2013J,589558,1,London Region,Lower Than A Level,30-40%,0-35,0,30,0,Pass,13,1,0,0,0,0,1,1,0,0,1,0,1,0,0,5
GGG,2013J,589690,1,East Midlands Region,A Level or Equivalent,30-40%,0-35,0,30,0,Pass,9,1,1,0,0,1,0,1,0,1,0,0,1,1,0,4
GGG,2013J,589691,0,Yorkshire Region,A Level or Equivalent,30-40%,0-35,0,30,0,Fail,5,0,1,1,1,1,0,1,1,0,1,0,1,1,1,9
GGG,2013J,589702,1,Yorkshire Region,Lower Than A Level,0-10%,0-35,0,30,0,Pass,12,1,1,0,0,1,1,0,1,1,0,1,0,1,0,7
GGG,2013J,589734,1,West Midlands Region,A Level or Equivalent,0-10%,0-35,0,30,0,Fail,13,1,1,0,0,1,0,1,1,0,1,1,1,0,1,5
GGG,2013J,589744,0,West Midlands Region,Lower Than A Level,20-Oct,0-35,0,90,0,Pass,11,1,1,0,1,0,1,0,0,1,1,0,1,0,0,6
GGG,2013J,589748,1,South East Region,Lower Than A Level,50-60%,35-55,0,30,0,Pass,15,0,1,0,1,1,0,0,0,1,1,0,1,1,1,10
GGG,2013J,589845,1,East Anglian Region,Lower Than A Level,80-90%,0-35,0,90,0,Fail,2,1,0,1,1,0,1,1,1,1,1,0,0,1,1,2
GGG,2013J,589914,0,North Region,Lower Than A Level,,0-35,0,30,0,Pass,11,0,0,1,1,0,1,0,1,0,0,1,1,0,1,6
GGG,2013J,589919,1,West Midlands Region,Lower Than A Level,60-70%,0-35,0,30,0,Fail,3,1,1,1,1,0,1,0,0,1,1,1,1,1,1,8
GGG,2013J,589927,1,South Region,Lower Than A Level,20-Oct,0-35,0,30,0,Fail,5,1,1,0,0,0,0,0,1,1,1,1,1,0,1,9
GGG,2013J,589990,1,South East Region,Lower Than A Level,60-70%,35-55,0,30,1,Pass,9,0,1,1,1,0,0,1,0,1,1,0,1,0,1,4
GGG,2013J,590028,1,East Anglian Region,HE Qualification,60-70%,0-35,0,30,0,Withdrawn,6,0,1,1,0,0,1,0,1,0,1,1,0,0,1,9
GGG,2013J,590034,1,South Region,Lower Than A Level,70-80%,0-35,0,30,0,Pass,9,0,0,1,0,1,0,1,0,1,0,0,0,1,1,4
GGG,2013J,590046,1,East Midlands Region,Lower Than A Level,70-80%,0-35,0,30,0,Distinction,15,0,0,0,1,1,0,1,0,1,1,0,0,0,1,10
GGG,2013J,590147,1,East Midlands Region,Lower Than A Level,20-Oct,0-35,0,30,0,Fail,7,1,1,1,1,0,0,0,1,1,1,0,1,1,0,3
GGG,2013J,590213,1,West Midlands Region,Lower Than A Level,0-10%,35-55,0,30,0,Fail,16,1,1,1,1,0,1,1,1,1,0,0,0,1,1,10
GGG,2013J,590215,1,North Western Region,HE Qualification,50-60%,0-35,0,30,0,Pass,8,0,1,0,1,0,0,0,1,0,0,1,1,0,1,3
GGG,2013J,590248,1,Yorkshire Region,Lower Than A Level,30-40%,0-35,0,30,0,Withdrawn,4,0,0,0,0,1,1,1,1,1,1,0,0,0,0,8
GGG,2013J,590251,0,East Anglian Region,A Level or Equivalent,40-50%,0-35,0,30,0,Fail,16,1,0,1,1,1,0,0,1,1,0,0,1,1,0,10
GGG,2013J,590353,1,South Region,A Level or Equivalent,90-100%,0-35,0,30,0,Pass,14,0,0,1,0,0,1,0,1,1,1,1,0,1,1,5
GGG,2013J,590540,0,North Region,Lower Than A Level,0-10%,0-35,0,30,0,Distinction,5,0,0,1,1,1,1,0,0,1,0,1,1,1,1,9
GGG,2013J,590590,1,South West Region,Lower Than A Level,20-30%,0-35,0,30,0,Withdrawn,2,0,1,0,1,1,1,1,0,0,1,1,1,1,1,2
GGG,2013J,590593,1,North Western Region,Lower Than A Level,20-Oct,35-55,0,30,0,Pass,5,1,0,0,1,1,1,0,1,1,0,1,1,0,0,9
GGG,2013J,590662,1,East Midlands Region,A Level or Equivalent,80-90%,0-35,0,30,0,Fail,12,0,1,1,0,0,0,0,1,0,1,1,0,1,1,7
GGG,2013J,590711,1,East Anglian Region,Lower Than A Level,40-50%,35-55,0,30,0,Pass,3,1,1,0,1,0,1,0,0,1,1,1,1,1,0,8
GGG,2013J,590764,1,East Anglian Region,Lower Than A Level,90-100%,35-55,0,30,0,Distinction,15,1,0,0,0,1,1,0,0,1,0,0,1,1,1,10
GGG,2013J,590835,1,East Midlands Region,A Level or Equivalent,60-70%,0-35,0,30,0,Fail,16,0,0,1,1,0,1,0,0,1,0,1,0,0,1,10
GGG,2013J,590836,1,South West Region,A Level or Equivalent,60-70%,0-35,0,30,0,Pass,1,0,1,1,0,1,0,1,0,0,0,0,1,0,0,2
GGG,2013J,590864,1,London Region,A Level or Equivalent,20-Oct,35-55,0,30,0,Pass,16,0,0,0,1,0,0,0,1,1,0,1,1,0,1,10
GGG,2013J,591179,0,South Region,Lower Than A Level,60-70%,0-35,0,30,0,Distinction,14,1,0,1,1,1,0,1,1,1,1,0,1,0,0,5
GGG,2013J,591198,1,West Midlands Region,Lower Than A Level,70-80%,35-55,0,30,0,Distinction,8,1,0,1,0,0,1,1,1,0,1,1,0,0,1,3
GGG,2013J,591216,1,East Anglian Region,Lower Than A Level,90-100%,0-35,0,30,1,Withdrawn,9,1,1,1,1,0,0,1,0,1,1,1,0,1,0,4
GGG,2013J,591225,1,East Anglian Region,A Level or Equivalent,80-90%,0-35,0,30,0,Distinction,12,0,1,0,1,0,1,1,0,1,0,1,1,1,0,7
GGG,2013J,591243,1,South Region,Lower Than A Level,90-100%,35-55,0,30,0,Pass,16,1,1,1,0,0,0,0,0,0,0,0,0,0,0,10
GGG,2013J,591255,1,South Region,Lower Than A Level,70-80%,0-35,0,30,0,Fail,3,1,0,1,0,0,0,1,1,0,0,1,1,0,1,8
GGG,2013J,591294,0,London Region,Post Graduate Qualification,20-30%,35-55,0,30,0,Withdrawn,2,1,0,1,0,0,1,1,0,1,0,0,1,0,0,2
GGG,2013J,591321,0,West Midlands Region,Lower Than A Level,20-30%,35-55,0,30,0,Pass,3,0,0,1,0,0,0,1,1,1,1,1,1,0,0,8
GGG,2013J,591409,0,North Region,Lower Than A Level,20-Oct,0-35,0,30,0,Pass,15,1,1,1,0,0,1,0,0,0,0,0,0,1,1,10
GGG,2013J,591464,1,North Region,Lower Than A Level,20-Oct,35-55,0,30,0,Withdrawn,12,0,0,0,0,0,1,0,1,0,0,0,1,0,1,7
GGG,2013J,591549,1,West Midlands Region,Lower Than A Level,20-Oct,0-35,0,30,0,Pass,5,0,0,1,0,1,0,1,0,0,1,0,1,0,1,9
GGG,2013J,591588,0,North Western Region,Lower Than A Level,20-30%,35-55,0,30,0,Pass,16,0,0,1,1,1,0,1,1,0,0,1,0,1,0,10
GGG,2013J,591602,1,North Western Region,Lower Than A Level,40-50%,0-35,0,30,0,Pass,11,0,1,0,1,0,0,0,0,1,0,0,0,1,1,6
GGG,2013J,591671,1,North Region,Lower Than A Level,60-70%,35-55,0,30,0,Fail,13,1,0,1,0,0,0,0,0,1,0,1,0,0,0,5
GGG,2013J,591804,1,North Western Region,A Level or Equivalent,60-70%,35-55,0,30,0,Distinction,13,1,0,1,0,0,1,1,1,1,0,0,1,0,1,5
GGG,2013J,591814,1,West Midlands Region,Lower Than A Level,60-70%,0-35,0,30,0,Pass,10,1,1,1,1,1,1,1,0,0,0,1,0,0,1,1
GGG,2013J,591819,1,East Anglian Region,Lower Than A Level,50-60%,35-55,0,30,0,Fail,12,0,1,0,1,0,1,1,1,0,1,0,1,0,0,7
GGG,2013J,591822,1,Yorkshire Region,Lower Than A Level,60-70%,0-35,0,30,0,Withdrawn,2,1,1,0,0,1,1,1,0,1,1,1,1,0,1,2
GGG,2013J,591837,1,East Anglian Region,Lower Than A Level,70-80%,0-35,0,30,0,Pass,9,1,0,0,0,0,0,0,1,1,0,0,0,1,1,4
GGG,2013J,591849,0,London Region,Lower Than A Level,30-40%,35-55,0,30,1,Fail,16,1,0,1,1,0,1,1,1,0,0,0,0,1,1,10
GGG,2013J,591859,0,West Midlands Region,Lower Than A Level,60-70%,0-35,0,90,0,Fail,16,0,1,0,0,0,1,1,1,1,1,0,0,1,1,10
GGG,2013J,591873,1,North Western Region,Lower Than A Level,0-10%,35-55,0,30,0,Pass,15,0,0,1,1,1,0,1,0,0,1,1,0,0,0,10
GGG,2013J,592043,1,London Region,Lower Than A Level,20-Oct,0-35,0,30,0,Fail,7,1,1,0,1,0,1,0,1,1,1,0,1,1,0,3
GGG,2013J,592056,1,London Region,A Level or Equivalent,60-70%,0-35,0,30,0,Pass,2,1,1,1,1,1,0,0,0,0,0,1,0,1,1,2
GGG,2013J,592059,1,South East Region,Lower Than A Level,30-40%,0-35,0,30,0,Pass,2,0,0,0,0,1,1,0,0,1,0,0,0,0,0,2
GGG,2013J,592127,1,South West Region,A Level or Equivalent,20-30%,0-35,0,30,0,Pass,14,1,1,0,1,0,1,1,1,1,0,0,0,1,1,5
GGG,2013J,592245,1,East Midlands Region,Lower Than A Level,0-10%,0-35,0,30,0,Distinction,16,1,1,1,1,1,0,1,0,0,0,0,0,1,0,10
GGG,2013J,592248,1,West Midlands Region,Lower Than A Level,0-10%,35-55,0,30,0,Distinction,10,0,1,1,0,1,1,1,0,0,1,1,0,0,1,1
GGG,2013J,592272,1,South Region,Lower Than A Level,40-50%,0-35,0,30,0,Pass,10,0,0,1,1,1,0,0,1,1,1,1,1,0,0,1
GGG,2013J,592287,0,South East Region,Lower Than A Level,0-10%,0-35,0,30,0,Pass,1,1,0,0,0,1,0,0,1,0,0,1,1,1,0,2
GGG,2013J,592361,1,North Region,A Level or Equivalent,20-Oct,0-35,0,30,0,Distinction,11,0,0,0,1,1,0,0,1,0,0,0,0,0,1,6
GGG,2013J,592444,1,South West Region,A Level or Equivalent,40-50%,35-55,0,30,0,Withdrawn,13,1,0,0,0,1,1,1,1,1,0,0,1,1,0,5
GGG,2013J,592448,1,East Midlands Region,Lower Than A Level,50-60%,0-35,0,30,0,Fail,3,1,1,1,1,0,0,1,0,0,0,1,1,0,0,8
GGG,2013J,592451,1,London Region,A Level or Equivalent,0-10%,0-35,0,30,0,Pass,15,0,1,1,0,1,0,0,1,0,1,1,1,1,0,10
GGG,2013J,592660,1,East Midlands Region,Lower Than A Level,70-80%,35-55,0,30,0,Pass,3,0,0,1,0,0,1,0,1,1,1,1,0,0,1,8
GGG,2013J,592737,1,Yorkshire Region,A Level or Equivalent,60-70%,0-35,0,30,0,Pass,11,1,1,1,0,1,1,1,0,0,1,1,1,0,0,6
GGG,2013J,592880,1,South Region,Lower Than A Level,70-80%,0-35,0,30,0,Fail,6,1,0,1,0,0,1,0,0,0,0,0,1,1,1,9
GGG,2013J,592882,1,London Region,Lower Than A Level,0-10%,0-35,0,30,0,Pass,2,1,0,0,1,0,0,1,1,1,1,1,1,0,0,2
GGG,2013J,593010,1,London Region,A Level or Equivalent,50-60%,0-35,0,30,0,Fail,3,1,1,0,1,1,0,1,0,0,0,1,1,0,0,8
GGG,2013J,593013,1,East Anglian Region,Lower Than A Level,60-70%,0-35,0,30,0,Fail,7,1,0,0,1,1,1,1,0,1,0,1,0,0,1,3
GGG,2013J,593017,1,East Anglian Region,A Level or Equivalent,50-60%,0-35,0,30,0,Pass,2,1,0,0,0,0,0,1,1,1,1,1,0,0,1,2
GGG,2013J,593127,1,Yorkshire Region,Lower Than A Level,30-40%,35-55,0,30,0,Distinction,11,1,1,0,0,1,0,1,0,0,0,1,1,1,1,6
GGG,2013J,593246,1,East Midlands Region,A Level or Equivalent,50-60%,0-35,0,30,0,Pass,13,0,0,1,0,0,1,0,1,0,1,0,1,1,0,5
GGG,2013J,593337,1,East Midlands Region,Lower Than A Level,70-80%,0-35,0,90,0,Withdrawn,11,0,0,1,1,0,1,1,1,0,0,1,0,0,1,6
GGG,2013J,593431,1,North Western Region,Lower Than A Level,20-Oct,0-35,0,30,0,Fail,4,0,1,1,0,0,0,0,1,1,0,1,1,1,0,8
GGG,2013J,593438,0,London Region,Lower Than A Level,40-50%,0-35,0,30,0,Fail,4,0,0,0,0,1,0,1,1,0,1,0,0,0,0,8
GGG,2013J,593540,1,London Region,Lower Than A Level,40-50%,35-55,0,30,0,Pass,8,1,0,0,1,0,1,0,0,1,1,0,0,1,0,3
GGG,2013J,593546,0,East Anglian Region,A Level or Equivalent,0-10%,0-35,0,30,0,Pass,15,1,1,0,1,0,0,0,1,0,1,1,0,0,1,10
GGG,2013J,593569,1,North Western Region,Lower Than A Level,0-10%,0-35,0,30,0,Fail,14,1,1,0,0,1,0,1,0,0,0,1,1,1,1,5
GGG,2013J,593734,1,West Midlands Region,Lower Than A Level,20-30%,35-55,0,30,0,Pass,5,0,0,0,0,1,0,0,1,0,1,1,1,1,0,9
GGG,2013J,593793,1,West Midlands Region,Lower Than A Level,90-100%,0-35,0,30,0,Withdrawn,15,1,1,1,1,1,1,1,0,0,0,0,0,1,0,10
GGG,2013J,593819,1,South West Region,A Level or Equivalent,90-100%,0-35,0,30,0,Pass,1,1,1,1,0,0,1,0,1,0,0,1,0,0,1,2
GGG,2013J,593840,1,East Midlands Region,Lower Than A Level,80-90%,0-35,0,30,0,Fail,15,1,1,0,0,1,0,0,1,1,1,0,1,0,1,10
GGG,2013J,593842,1,South West Region,A Level or Equivalent,60-70%,0-35,0,30,0,Distinction,11,0,0,1,0,0,0,0,1,0,0,1,1,1,0,6
GGG,2013J,593858,1,London Region,Lower Than A Level,70-80%,35-55,0,30,0,Pass,10,0,1,1,1,0,1,1,1,0,1,1,1,0,1,1
GGG,2013J,593954,1,South West Region,Lower Than A Level,70-80%,0-35,0,30,1,Pass,12,0,0,1,0,0,1,1,0,1,0,1,0,1,1,7
GGG,2013J,594185,1,South West Region,Lower Than A Level,20-30%,35-55,0,30,0,Fail,3,0,1,0,0,0,0,1,0,0,1,1,1,1,1,8
GGG,2013J,594188,0,South West Region,A Level or Equivalent,40-50%,0-35,0,30,0,Pass,10,0,1,1,0,0,0,0,0,0,0,0,0,1,1,1
GGG,2013J,594196,0,East Anglian Region,Lower Than A Level,40-50%,0-35,0,30,0,Pass,8,0,1,1,0,1,0,0,1,0,0,1,0,1,1,3
GGG,2013J,594450,1,South Region,A Level or Equivalent,70-80%,0-35,0,30,0,Fail,3,0,1,0,1,1,0,1,0,1,0,0,1,0,0,8
GGG,2013J,594554,1,East Midlands Region,Lower Than A Level,70-80%,0-35,0,30,0,Distinction,16,1,0,0,0,0,0,1,1,0,0,0,0,1,1,10
GGG,2013J,594625,1,North Western Region,Lower Than A Level,30-40%,0-35,0,30,0,Pass,13,0,1,0,1,0,0,1,1,0,1,1,1,1,0,5
GGG,2013J,594727,1,Yorkshire Region,Lower Than A Level,0-10%,0-35,0,30,0,Withdrawn,10,0,0,1,0,1,0,1,0,1,0,1,0,1,1,1
GGG,2013J,594745,1,East Midlands Region,Lower Than A Level,80-90%,35-55,0,30,0,Distinction,10,1,0,1,0,0,1,0,0,1,0,1,1,0,1,1
GGG,2013J,594771,0,North Western Region,Lower Than A Level,0-10%,0-35,0,105,1,Distinction,12,0,0,1,1,0,1,0,0,1,0,1,1,1,1,7
GGG,2013J,594816,1,East Midlands Region,A Level or Equivalent,20-Oct,0-35,0,30,0,Fail,7,0,1,0,1,1,1,0,1,0,1,0,0,1,0,3
GGG,2013J,594834,1,East Midlands Region,Lower Than A Level,90-100%,35-55,0,30,0,Pass,6,0,1,0,1,0,0,0,0,1,0,1,1,1,1,9
GGG,2013J,594901,1,London Region,Lower Than A Level,20-Oct,0-35,0,30,1,Fail,14,0,0,1,0,1,0,0,1,1,1,0,0,0,1,5
GGG,2013J,594910,1,North Western Region,Lower Than A Level,20-30%,35-55,0,30,0,Fail,16,1,1,1,0,0,1,1,0,1,1,0,1,0,1,10
GGG,2013J,594943,1,North Western Region,Lower Than A Level,20-Oct,35-55,0,30,0,Pass,6,0,1,0,0,0,1,1,0,1,1,0,0,1,1,9
GGG,2013J,595185,1,East Anglian Region,Lower Than A Level,90-100%,35-55,0,30,0,Pass,8,1,1,1,1,1,0,1,1,0,0,1,1,0,0,3
GGG,2013J,595256,1,South West Region,A Level or Equivalent,60-70%,0-35,0,30,0,Pass,15,0,1,0,0,0,1,1,1,0,0,0,0,1,0,10
GGG,2013J,595305,1,London Region,No Formal quals,50-60%,0-35,0,30,0,Pass,4,1,1,1,0,1,1,0,0,1,0,0,1,1,1,8
GGG,2013J,595335,1,London Region,Lower Than A Level,0-10%,35-55,0,30,0,Distinction,9,0,0,1,0,1,1,1,0,0,0,1,0,0,0,4
GGG,2013J,595365,1,South East Region,Lower Than A Level,40-50%,0-35,0,30,0,Pass,10,0,0,0,1,0,0,1,0,1,0,0,0,1,1,1
GGG,2013J,595434,1,Yorkshire Region,Lower Than A Level,50-60%,0-35,0,30,0,Distinction,15,1,1,1,0,0,1,0,0,1,1,0,0,1,0,10
GGG,2013J,595440,1,North Western Region,A Level or Equivalent,40-50%,0-35,0,30,1,Distinction,13,1,0,0,0,1,0,1,0,0,1,1,0,0,1,5
GGG,2013J,595474,1,East Anglian Region,A Level or Equivalent,50-60%,35-55,0,30,0,Distinction,11,1,0,0,0,0,1,0,0,1,0,0,1,0,1,6
GGG,2013J,595496,1,West Midlands Region,Lower Than A Level,0-10%,0-35,0,60,1,Pass,4,1,0,1,1,0,0,0,0,0,1,1,1,1,1,8
GGG,2013J,595501,1,West Midlands Region,A Level or Equivalent,50-60%,0-35,0,30,0,Fail,2,0,0,0,1,1,1,0,0,1,1,0,0,1,0,2
GGG,2013J,595535,1,North Western Region,Lower Than A Level,90-100%,0-35,0,30,0,Fail,3,0,0,0,1,0,1,0,0,1,0,0,1,0,0,8
GGG,2013J,595686,1,Yorkshire Region,A Level or Equivalent,50-60%,35-55,0,30,0,Pass,7,0,1,0,1,0,0,1,0,0,1,0,1,1,0,3
GGG,2013J,595908,1,London Region,Lower Than A Level,40-50%,0-35,0,30,0,Distinction,12,1,1,1,0,0,1,1,1,1,1,0,1,0,0,7
GGG,2013J,595927,1,East Anglian Region,Lower Than A Level,50-60%,35-55,0,30,1,Distinction,4,1,0,0,0,1,0,1,0,0,0,1,1,1,0,8
GGG,2013J,595977,1,South Region,Lower Than A Level,50-60%,35-55,0,30,0,Pass,5,0,0,0,1,0,0,1,0,1,1,1,0,1,0,9
GGG,2013J,596071,0,East Anglian Region,Lower Than A Level,60-70%,0-35,0,30,0,Pass,8,1,1,1,0,0,1,1,1,0,1,1,1,0,1,3
GGG,2013J,596075,0,East Midlands Region,Lower Than A Level,70-80%,35-55,0,30,0,Pass,15,1,1,1,0,0,1,1,0,0,1,0,0,1,0,10
GGG,2013J,596089,0,South Region,Lower Than A Level,50-60%,0-35,0,30,0,Pass,1,1,0,0,1,1,1,0,0,0,0,0,1,1,0,2
GGG,2013J,596091,0,North Western Region,A Level or Equivalent,20-Oct,0-35,0,30,1,Pass,10,0,0,1,1,0,0,1,1,0,0,0,1,0,1,1
GGG,2013J,596143,1,North Western Region,Lower Than A Level,20-30%,0-35,0,30,0,Distinction,9,0,1,0,0,0,1,0,1,1,1,0,1,0,0,4
GGG,2013J,596208,1,Yorkshire Region,Lower Than A Level,50-60%,35-55,0,30,0,Pass,10,0,0,0,0,0,1,0,0,0,1,0,1,0,1,1
GGG,2013J,596214,1,London Region,Lower Than A Level,80-90%,0-35,0,30,0,Fail,8,0,1,1,1,0,0,0,0,1,0,1,1,1,0,3
GGG,2013J,596221,1,London Region,Lower Than A Level,50-60%,0-35,0,30,0,Pass,3,1,1,0,1,0,1,0,0,1,1,0,1,0,0,8
GGG,2013J,596255,1,South West Region,A Level or Equivalent,60-70%,0-35,0,30,0,Fail,1,0,1,1,1,0,0,1,0,0,0,0,1,0,1,2
GGG,2013J,596301,1,East Anglian Region,Lower Than A Level,50-60%,35-55,0,30,0,Distinction,6,0,1,1,1,0,1,0,1,0,0,0,1,1,1,9
GGG,2013J,596358,0,London Region,A Level or Equivalent,20-Oct,35-55,0,60,0,Pass,13,1,1,0,1,0,0,0,1,1,1,0,0,0,0,5
GGG,2013J,596376,1,North Western Region,A Level or Equivalent,50-60%,0-35,0,30,0,Pass,3,1,1,0,1,0,1,1,0,1,0,1,1,0,1,8
GGG,2013J,596527,1,South East Region,Lower Than A Level,20-30%,0-35,0,30,0,Pass,15,0,1,1,1,0,0,1,0,0,0,1,1,0,1,10
GGG,2013J,596618,1,South Region,Lower Than A Level,20-30%,0-35,0,30,0,Fail,15,1,0,1,1,0,1,0,0,1,0,1,1,0,0,10
GGG,2013J,596636,1,South Region,Lower Than A Level,40-50%,0-35,0,30,0,Pass,13,0,0,0,1,0,1,1,0,0,1,1,0,0,1,5
GGG,2013J,596694,0,South West Region,A Level or Equivalent,80-90%,35-55,0,30,0,Pass,15,1,0,1,1,1,1,0,0,1,1,0,0,0,1,10
GGG,2013J,596697,1,London Region,Lower Than A Level,30-40%,35-55,0,30,0,Pass,2,0,1,1,0,1,0,0,0,1,0,1,1,0,0,2
GGG,2013J,596801,1,South East Region,Lower Than A Level,20-Oct,0-35,0,30,0,Pass,3,0,0,0,1,1,1,1,1,0,1,0,1,0,1,8
GGG,2013J,596819,1,East Midlands Region,A Level or Equivalent,20-Oct,0-35,0,30,0,Fail,7,0,1,1,1,1,1,1,0,1,0,1,0,1,1,3
GGG,2013J,596824,1,London Region,Lower Than A Level,20-30%,0-35,0,30,1,Pass,16,1,1,1,0,0,1,0,0,1,1,1,0,0,1,10
GGG,2013J,596943,1,South East Region,A Level or Equivalent,60-70%,0-35,0,30,0,Pass,7,0,0,0,0,0,0,0,0,1,1,1,1,1,0,3
GGG,2013J,597023,1,London Region,Lower Than A Level,80-90%,0-35,0,30,0,Withdrawn,11,0,1,1,0,1,0,0,1,0,1,0,0,0,0,6
GGG,2013J,597045,1,West Midlands Region,A Level or Equivalent,40-50%,35-55,0,30,0,Pass,16,1,0,1,0,0,1,1,0,1,0,1,0,1,0,10
GGG,2013J,597058,1,South Region,Post Graduate Qualification,90-100%,35-55,0,30,0,Distinction,10,0,0,1,1,0,1,1,0,1,1,1,1,1,0,1
GGG,2013J,597060,1,East Anglian Region,Lower Than A Level,80-90%,0-35,0,30,0,Distinction,5,1,1,1,1,1,0,0,0,1,1,1,1,1,0,9
GGG,2013J,597097,1,South West Region,Lower Than A Level,30-40%,0-35,0,30,1,Pass,12,1,0,1,1,1,0,0,1,1,0,0,0,0,1,7
GGG,2013J,597114,1,Yorkshire Region,A Level or Equivalent,60-70%,0-35,0,30,0,Distinction,3,0,0,1,1,0,0,1,1,1,0,0,0,0,1,8
GGG,2013J,597152,1,East Anglian Region,Lower Than A Level,30-40%,0-35,0,30,0,Fail,5,0,0,0,0,1,0,0,1,1,1,0,0,0,1,9
GGG,2013J,597212,1,South West Region,Lower Than A Level,20-Oct,0-35,0,30,0,Withdrawn,2,0,0,1,1,1,1,1,1,1,0,0,0,0,0,2
GGG,2013J,597253,1,East Midlands Region,A Level or Equivalent,40-50%,0-35,0,30,0,Distinction,5,1,0,0,1,0,0,1,0,1,1,0,1,1,0,9
GGG,2013J,597289,1,East Anglian Region,Lower Than A Level,0-10%,35-55,0,30,0,Fail,9,0,1,0,1,1,0,1,0,0,1,1,1,1,0,4
GGG,2013J,597299,1,North Western Region,Lower Than A Level,30-40%,0-35,0,60,0,Pass,2,0,1,1,0,0,1,1,0,0,1,1,1,1,1,2
GGG,2013J,597333,1,London Region,A Level or Equivalent,60-70%,35-55,0,90,0,Pass,1,1,1,1,1,1,1,0,0,0,1,0,0,1,1,2
GGG,2013J,597360,1,East Midlands Region,A Level or Equivalent,70-80%,35-55,0,30,0,Distinction,2,1,1,0,1,1,1,1,1,1,1,1,0,0,0,2
GGG,2013J,597515,1,North Region,Lower Than A Level,20-30%,0-35,0,30,0,Pass,12,1,0,0,1,1,1,0,0,0,0,0,1,1,1,7
GGG,2013J,597597,0,South Region,A Level or Equivalent,90-100%,0-35,0,30,0,Distinction,14,0,1,1,1,0,1,1,1,0,0,0,1,1,0,5
GGG,2013J,597617,1,West Midlands Region,Lower Than A Level,0-10%,0-35,0,30,1,Pass,9,0,1,1,0,0,1,1,1,0,1,1,0,1,0,4
GGG,2013J,597669,1,West Midlands Region,Lower Than A Level,50-60%,0-35,0,30,0,Pass,5,1,1,0,0,0,1,1,1,0,0,1,1,0,0,9
GGG,2013J,597936,1,South Region,HE Qualification,40-50%,35-55,0,30,0,Fail,15,0,1,1,1,1,0,0,0,1,1,0,1,0,0,10
GGG,2013J,597941,1,South West Region,No Formal quals,30-40%,0-35,0,30,0,Pass,15,0,1,0,1,0,0,1,1,1,1,0,1,1,0,10
GGG,2013J,597971,1,East Anglian Region,A Level or Equivalent,90-100%,0-35,0,30,1,Pass,16,1,0,0,1,0,0,1,0,1,0,0,0,1,0,10
GGG,2013J,598107,1,South West Region,Lower Than A Level,30-40%,0-35,0,30,0,Pass,4,1,1,0,0,1,0,1,1,1,0,1,1,0,1,8
GGG,2013J,598139,1,East Anglian Region,A Level or Equivalent,30-40%,35-55,0,30,0,Pass,2,0,0,0,0,1,1,0,0,0,1,0,0,1,1,2
GGG,2013J,598176,1,West Midlands Region,A Level or Equivalent,40-50%,0-35,0,30,0,Pass,6,1,1,0,1,1,0,0,0,0,0,0,1,0,0,9
GGG,2013J,598178,0,North Western Region,Lower Than A Level,30-40%,35-55,0,30,0,Pass,12,0,1,0,1,0,1,0,0,1,1,1,1,0,0,7
GGG,2013J,598226,1,East Midlands Region,Lower Than A Level,50-60%,0-35,0,30,1,Fail,14,1,0,0,0,0,0,1,1,0,1,1,0,1,0,5
GGG,2013J,598327,1,East Midlands Region,Lower Than A Level,20-Oct,35-55,0,30,0,Pass,10,0,1,0,0,0,0,0,1,1,0,1,1,1,1,1
GGG,2013J,598406,1,South West Region,Lower Than A Level,0-10%,35-55,0,30,0,Fail,11,1,0,0,1,0,1,1,1,0,0,0,0,1,1,6
GGG,2013J,598420,0,East Anglian Region,Lower Than A Level,90-100%,0-35,0,30,0,Pass,5,0,1,1,0,0,1,1,1,1,1,1,0,0,0,9
GGG,2013J,598421,1,South West Region,HE Qualification,20-30%,0-35,0,30,0,Pass,4,0,1,1,1,0,1,0,0,0,0,1,1,1,1,8
GGG,2013J,598546,1,South East Region,Lower Than A Level,60-70%,35-55,0,30,0,Fail,11,0,1,1,1,1,1,1,0,1,0,1,0,1,1,6
GGG,2013J,598667,1,South East Region,A Level or Equivalent,80-90%,0-35,0,30,0,Pass,5,0,1,0,0,1,1,1,1,1,0,1,1,1,0,9
GGG,2013J,598717,0,West Midlands Region,Lower Than A Level,20-Oct,0-35,0,30,0,Fail,12,0,0,0,1,1,1,1,0,1,0,0,0,1,1,7
GGG,2013J,598731,1,North Western Region,No Formal quals,0-10%,0-35,0,30,0,Withdrawn,5,1,1,0,0,0,0,0,1,0,0,0,0,1,0,9
GGG,2013J,598762,1,London Region,A Level or Equivalent,50-60%,0-35,0,60,0,Fail,2,0,1,0,0,0,0,0,0,1,0,0,0,0,1,2
GGG,2013J,598788,1,East Anglian Region,Lower Than A Level,40-50%,0-35,0,30,1,Pass,15,0,1,1,1,1,0,1,1,0,1,0,0,0,0,10
GGG,2013J,598824,1,South Region,Lower Than A Level,50-60%,0-35,0,30,0,Fail,4,1,1,0,0,0,0,0,0,0,0,0,0,1,1,8
GGG,2013J,598840,0,East Anglian Region,A Level or Equivalent,40-50%,35-55,0,30,0,Pass,2,0,0,1,0,0,0,1,0,1,0,1,1,0,1,2
GGG,2013J,598921,0,South Region,A Level or Equivalent,90-100%,0-35,0,30,0,Pass,5,1,0,1,0,1,1,0,1,0,1,1,0,1,0,9
GGG,2013J,598923,0,South West Region,Lower Than A Level,90-100%,0-35,0,30,0,Fail,5,1,1,0,0,0,1,0,1,1,1,1,0,0,1,9
GGG,2013J,599000,0,South East Region,Lower Than A Level,20-30%,0-35,0,30,0,Fail,15,0,0,1,1,0,0,0,0,0,0,1,0,0,1,10
GGG,2013J,599009,1,East Anglian Region,Lower Than A Level,70-80%,0-35,0,30,0,Pass,13,1,1,0,0,0,1,1,0,1,0,1,0,0,1,5
GGG,2013J,599080,1,West Midlands Region,No Formal quals,20-Oct,0-35,0,30,0,Pass,5,1,1,0,0,1,0,1,0,0,1,0,1,0,0,9
GGG,2013J,599267,1,London Region,Lower Than A Level,80-90%,0-35,0,30,0,Fail,6,0,1,1,0,0,1,1,0,1,1,1,1,1,0,9
GGG,2013J,599278,1,Yorkshire Region,Lower Than A Level,30-40%,0-35,0,90,0,Pass,10,1,1,0,1,1,1,0,0,0,1,0,1,0,1,1
GGG,2013J,599306,1,London Region,A Level or Equivalent,20-Oct,35-55,0,30,0,Pass,15,1,1,0,1,0,1,0,0,0,0,1,0,0,1,10
GGG,2013J,599385,1,East Anglian Region,Lower Than A Level,20-Oct,0-35,0,30,0,Pass,12,1,0,0,0,0,1,0,1,0,0,0,0,0,1,7
GGG,2013J,599410,0,East Anglian Region,A Level or Equivalent,40-50%,35-55,0,30,1,Pass,5,0,1,1,0,1,0,0,0,1,0,0,1,1,1,9
GGG,2013J,599448,1,South Region,A Level or Equivalent,90-100%,35-55,0,30,0,Fail,3,1,0,1,0,0,0,0,0,0,0,1,0,1,0,8
GGG,2013J,599499,1,South Region,A Level or Equivalent,20-30%,0-35,0,30,1,Fail,16,0,0,0,0,1,0,1,0,0,1,1,0,0,1,10
GGG,2013J,599503,0,London Region,Lower Than A Level,60-70%,0-35,0,30,0,Fail,12,0,0,1,1,0,0,1,1,0,1,1,1,0,0,7
GGG,2013J,599529,0,South West Region,A Level or Equivalent,20-30%,0-35,0,30,0,Pass,3,1,1,1,1,1,0,0,1,1,1,0,0,0,0,8
GGG,2013J,599553,1,Yorkshire Region,A Level or Equivalent,20-30%,35-55,0,30,0,Fail,14,0,1,0,1,1,0,1,0,0,1,1,1,1,0,5
GGG,2013J,599804,1,East Anglian Region,Lower Than A Level,70-80%,35-55,0,30,0,Fail,6,1,1,0,1,1,1,1,1,1,1,0,0,0,1,9
GGG,2013J,599815,1,South Region,A Level or Equivalent,70-80%,0-35,0,30,0,Pass,6,0,1,1,0,1,0,0,0,1,1,1,0,1,1,9
GGG,2013J,599853,1,East Anglian Region,Lower Than A Level,50-60%,0-35,0,30,0,Fail,4,1,1,0,1,0,1,1,1,0,0,1,0,0,0,8
GGG,2013J,599963,1,East Midlands Region,Lower Than A Level,20-Oct,0-35,0,30,1,Pass,11,1,0,1,1,0,0,0,0,1,1,1,0,0,1,6
GGG,2013J,600032,0,London Region,Lower Than A Level,20-Oct,0-35,0,45,1,Fail,16,0,1,1,0,1,0,0,1,1,1,1,1,0,1,10
GGG,2013J,600081,1,West Midlands Region,Lower Than A Level,50-60%,0-35,0,30,0,Pass,12,1,0,0,1,0,1,1,0,1,0,0,1,1,0,7
GGG,2013J,600097,1,North Western Region,Lower Than A Level,0-10%,35-55,0,90,0,Pass,6,1,0,0,1,1,1,0,0,1,1,0,1,0,0,9
GGG,2013J,600202,0,South Region,Lower Than A Level,30-40%,35-55,0,30,0,Pass,9,1,0,0,1,0,1,1,0,0,1,0,0,1,1,4
GGG,2013J,600266,1,East Midlands Region,Lower Than A Level,20-Oct,0-35,0,30,0,Fail,6,1,1,1,1,1,0,0,1,1,1,0,0,1,1,9
GGG,2013J,600273,1,South West Region,Lower Than A Level,90-100%,35-55,0,30,0,Withdrawn,14,0,1,1,1,0,0,1,1,0,1,1,1,1,1,5
GGG,2013J,600277,1,Yorkshire Region,Lower Than A Level,20-Oct,0-35,0,30,0,Pass,6,0,0,0,1,1,0,0,0,1,0,1,1,1,0,9
GGG,2013J,600305,1,East Midlands Region,A Level or Equivalent,20-Oct,0-35,0,30,0,Pass,11,1,0,1,0,0,0,0,1,0,0,1,0,0,0,6
GGG,2013J,600315,1,East Midlands Region,No Formal quals,20-30%,0-35,0,30,0,Fail,5,1,1,1,1,0,1,0,1,0,1,0,0,0,1,9
GGG,2013J,600320,1,West Midlands Region,Lower Than A Level,40-50%,35-55,0,30,1,Withdrawn,11,0,1,1,1,0,1,1,1,0,0,0,1,1,0,6
GGG,2013J,600325,1,East Midlands Region,A Level or Equivalent,0-10%,0-35,0,30,0,Fail,6,1,0,1,0,1,1,0,0,1,0,0,0,0,0,9
GGG,2013J,600461,1,London Region,No Formal quals,20-30%,0-35,0,30,0,Fail,15,0,0,1,1,1,1,1,0,0,1,0,1,1,0,10
GGG,2013J,600471,0,West Midlands Region,Lower Than A Level,60-70%,35-55,0,30,0,Pass,2,0,0,1,1,0,1,1,0,0,1,0,0,0,0,2
GGG,2013J,600514,1,London Region,Lower Than A Level,30-40%,0-35,0,30,0,Distinction,12,1,0,1,1,0,1,1,0,1,0,0,1,0,1,7
GGG,2013J,600566,1,London Region,A Level or Equivalent,0-10%,35-55,0,60,0,Pass,6,0,0,0,1,1,1,0,0,0,0,1,1,1,1,9
GGG,2013J,600606,1,South Region,Lower Than A Level,90-100%,35-55,0,30,1,Pass,4,1,0,0,1,1,0,1,1,1,0,0,1,1,0,8
GGG,2013J,600645,0,West Midlands Region,A Level or Equivalent,0-10%,0-35,0,30,0,Pass,11,0,0,1,0,1,1,1,0,1,0,0,0,0,1,6
GGG,2013J,600733,1,South Region,Post Graduate Qualification,90-100%,35-55,0,30,0,Distinction,8,0,0,1,0,0,1,0,1,1,1,0,0,1,0,3
GGG,2013J,600895,0,London Region,Lower Than A Level,80-90%,35-55,0,30,0,Pass,14,0,0,1,0,1,0,1,0,0,0,1,1,1,1,5
GGG,2013J,600906,0,West Midlands Region,Lower Than A Level,90-100%,35-55,0,30,0,Withdrawn,5,0,0,0,1,1,0,1,1,1,1,0,1,1,0,9
GGG,2013J,600908,1,North Western Region,Lower Than A Level,0-10%,0-35,0,90,0,Pass,14,0,1,0,1,1,0,0,0,0,0,0,0,1,0,5
GGG,2013J,601122,1,South Region,A Level or Equivalent,80-90%,0-35,0,30,0,Withdrawn,13,1,0,0,0,0,0,0,0,0,0,1,0,0,1,5
GGG,2013J,601123,1,South West Region,A Level or Equivalent,80-90%,35-55,0,90,0,Pass,4,1,1,0,1,0,1,0,0,1,1,1,1,1,0,8
GGG,2013J,601125,1,South East Region,A Level or Equivalent,70-80%,0-35,0,30,0,Fail,3,1,1,0,0,1,0,1,1,0,0,1,1,1,1,8
GGG,2013J,601126,0,Yorkshire Region,HE Qualification,50-60%,0-35,0,30,0,Pass,2,0,0,0,0,1,0,0,0,1,0,1,1,0,1,2
GGG,2013J,601132,1,London Region,A Level or Equivalent,20-30%,35-55,0,30,0,Pass,11,1,0,1,0,0,0,1,0,1,0,0,1,1,1,6
GGG,2013J,601199,1,Yorkshire Region,Lower Than A Level,0-10%,0-35,0,30,0,Fail,4,1,1,0,1,0,1,0,0,0,0,0,1,1,0,8
GGG,2013J,601239,1,East Anglian Region,Lower Than A Level,40-50%,0-35,0,30,0,Fail,14,0,1,1,1,1,0,0,1,0,0,0,0,1,0,5
GGG,2013J,601275,0,East Anglian Region,Lower Than A Level,20-30%,0-35,0,30,1,Fail,8,0,0,0,1,0,0,1,1,0,1,0,0,0,1,3
GGG,2013J,601276,0,North Western Region,Lower Than A Level,0-10%,0-35,0,30,0,Fail,16,1,0,1,1,0,0,1,0,0,0,0,1,0,0,10
GGG,2013J,601280,1,Yorkshire Region,A Level or Equivalent,80-90%,0-35,0,30,0,Withdrawn,14,1,0,0,1,0,1,1,0,1,0,0,1,1,0,5
GGG,2013J,601319,1,South East Region,HE Qualification,90-100%,0-35,0,30,0,Pass,1,1,0,1,1,0,1,1,1,1,1,1,1,1,0,2
GGG,2013J,601360,1,North Western Region,A Level or Equivalent,50-60%,35-55,0,30,0,Pass,5,0,0,0,0,1,0,1,1,1,1,1,0,0,1,9
GGG,2013J,601414,0,West Midlands Region,Lower Than A Level,40-50%,35-55,0,30,0,Fail,12,1,1,0,1,0,1,0,0,0,1,0,1,0,0,7
GGG,2013J,601464,1,London Region,Lower Than A Level,20-30%,35-55,0,30,0,Pass,1,1,1,1,1,0,1,0,0,1,0,0,1,1,1,2
GGG,2013J,601465,0,London Region,Lower Than A Level,70-80%,0-35,0,30,0,Fail,11,0,0,1,1,1,0,0,0,0,1,1,1,0,1,6
GGG,2013J,601511,1,Yorkshire Region,Lower Than A Level,40-50%,0-35,0,30,0,Fail,4,0,1,1,1,1,1,0,0,0,0,0,0,1,1,8
GGG,2013J,601529,0,South Region,Lower Than A Level,20-30%,35-55,0,30,0,Fail,9,0,1,0,1,0,0,0,1,0,0,0,0,0,0,4
GGG,2013J,601534,1,South West Region,Lower Than A Level,20-30%,0-35,0,30,0,Pass,5,0,1,0,0,1,0,0,1,0,0,0,0,0,1,9
GGG,2013J,601546,1,North Western Region,Lower Than A Level,20-Oct,35-55,0,30,0,Fail,12,1,0,1,1,0,0,1,0,1,1,1,0,0,1,7
GGG,2013J,601576,1,East Anglian Region,Lower Than A Level,20-30%,0-35,0,30,0,Fail,15,1,0,1,1,1,0,1,0,1,1,0,1,1,1,10
GGG,2013J,601581,1,East Anglian Region,A Level or Equivalent,40-50%,35-55,0,30,0,Fail,5,0,0,0,1,1,1,0,1,0,0,0,1,0,0,9
GGG,2013J,601605,1,East Midlands Region,Lower Than A Level,90-100%,0-35,0,30,0,Pass,5,0,1,0,0,1,0,0,0,1,0,1,0,0,0,9
GGG,2013J,601645,1,West Midlands Region,No Formal quals,0-10%,0-35,0,30,0,Fail,16,1,1,0,1,0,0,0,0,0,0,1,1,0,1,10
GGG,2013J,601854,1,North Western Region,A Level or Equivalent,0-10%,35-55,0,30,0,Pass,2,1,0,1,1,0,1,1,0,1,0,1,1,0,1,2
GGG,2013J,601892,0,North Western Region,Lower Than A Level,70-80%,0-35,0,30,0,Fail,8,1,1,1,1,1,1,0,1,1,1,1,0,1,1,3
GGG,2013J,601914,0,North Western Region,Lower Than A Level,0-10%,0-35,0,30,0,Fail,16,0,0,0,1,0,1,1,0,1,1,1,1,1,0,10
GGG,2013J,601939,1,East Anglian Region,Lower Than A Level,30-40%,0-35,0,30,0,Fail,4,0,0,0,1,1,1,1,0,1,1,0,0,1,1,8
GGG,2013J,601963,0,West Midlands Region,Lower Than A Level,0-10%,35-55,0,30,0,Pass,6,1,1,1,0,1,1,0,1,1,0,1,0,1,1,9
GGG,2013J,601983,1,South West Region,A Level or Equivalent,90-100%,35-55,0,30,0,Pass,1,0,1,0,1,0,0,0,0,1,0,1,0,0,1,2
GGG,2013J,601997,1,North Western Region,HE Qualification,50-60%,35-55,0,30,0,Withdrawn,15,0,1,1,1,1,1,1,1,1,1,1,1,1,1,10
GGG,2013J,602004,1,South Region,Lower Than A Level,40-50%,0-35,0,90,1,Withdrawn,11,1,0,1,0,0,0,0,0,1,0,1,0,0,1,6
GGG,2013J,602023,1,South West Region,A Level or Equivalent,40-50%,35-55,0,30,0,Fail,15,1,1,1,1,0,1,0,0,1,0,0,0,1,0,10
GGG,2013J,602026,1,London Region,Lower Than A Level,0-10%,0-35,0,30,0,Fail,10,0,0,1,1,0,0,1,0,0,0,1,0,0,1,1
GGG,2013J,602072,1,South Region,A Level or Equivalent,70-80%,35-55,0,30,1,Pass,15,1,1,0,1,1,1,1,0,1,1,0,0,1,0,10
GGG,2013J,602168,1,East Midlands Region,A Level or Equivalent,60-70%,0-35,0,30,0,Fail,14,1,1,1,1,0,1,1,1,1,0,1,0,1,1,5
GGG,2013J,602175,1,Yorkshire Region,Lower Than A Level,50-60%,0-35,0,90,0,Fail,2,0,1,0,0,1,0,0,0,1,0,0,0,1,1,2
GGG,2013J,602401,0,North Region,Lower Than A Level,20-30%,0-35,0,30,0,Pass,3,0,0,0,1,0,0,0,0,1,1,0,1,0,0,8
GGG,2013J,602470,1,East Anglian Region,Lower Than A Level,70-80%,0-35,0,30,0,Pass,1,1,0,0,1,1,0,0,0,1,0,1,0,0,1,2
GGG,2013J,602531,1,West Midlands Region,Lower Than A Level,20-Oct,0-35,0,30,0,Fail,1,0,1,0,1,0,0,0,0,1,1,1,1,0,1,2
GGG,2013J,602573,0,South West Region,Lower Than A Level,50-60%,0-35,0,30,0,Distinction,11,0,1,0,1,1,0,0,0,1,0,1,0,0,0,6
GGG,2013J,602604,1,West Midlands Region,A Level or Equivalent,60-70%,0-35,0,30,0,Distinction,1,1,0,0,0,0,1,1,1,0,0,0,0,0,0,2
GGG,2013J,602607,1,East Midlands Region,A Level or Equivalent,20-Oct,0-35,0,30,1,Fail,9,0,0,0,0,1,1,0,0,0,0,1,1,0,0,4
GGG,2013J,602655,1,North Western Region,A Level or Equivalent,50-60%,35-55,0,60,0,Withdrawn,10,0,1,1,1,1,1,0,0,1,0,0,0,1,0,1
GGG,2013J,602711,1,South East Region,A Level or Equivalent,80-90%,35-55,0,30,0,Distinction,4,0,0,0,0,0,0,1,1,1,0,1,1,0,1,8
GGG,2013J,602768,1,London Region,Lower Than A Level,0-10%,0-35,0,30,0,Fail,16,0,0,1,0,1,1,1,0,0,0,1,1,1,0,10
GGG,2013J,602780,0,London Region,Lower Than A Level,20-30%,0-35,0,30,0,Pass,6,1,0,0,1,1,1,1,1,0,0,1,0,1,1,9
GGG,2013J,602820,1,London Region,A Level or Equivalent,20-30%,0-35,0,30,0,Pass,3,1,1,1,1,0,1,1,1,1,1,0,0,0,0,8
GGG,2013J,602997,1,East Anglian Region,No Formal quals,20-30%,0-35,0,60,0,Withdrawn,14,0,1,1,1,1,0,0,0,1,1,1,0,1,0,5
GGG,2013J,603044,1,London Region,Lower Than A Level,40-50%,35-55,0,30,0,Pass,2,1,1,0,0,0,1,1,1,0,0,1,0,0,1,2
GGG,2013J,603058,1,South East Region,Lower Than A Level,70-80%,0-35,0,30,0,Pass,1,1,0,1,0,0,0,1,1,1,0,1,1,1,0,2
GGG,2013J,603164,1,London Region,A Level or Equivalent,60-70%,35-55,0,30,0,Pass,7,0,0,0,0,0,1,1,0,1,0,1,1,1,1,3
GGG,2013J,603230,1,South Region,A Level or Equivalent,20-Oct,0-35,0,30,0,Pass,12,0,1,0,1,1,0,0,1,1,1,0,0,1,0,7
GGG,2013J,603328,1,London Region,Lower Than A Level,20-Oct,35-55,0,30,0,Pass,7,0,1,0,0,1,1,1,1,1,1,1,1,1,1,3
GGG,2013J,603365,0,North Region,Lower Than A Level,20-Oct,0-35,0,30,0,Fail,11,1,0,0,1,0,1,1,1,0,1,0,0,0,0,6
GGG,2013J,603573,1,East Midlands Region,Lower Than A Level,90-100%,35-55,0,30,0,Fail,14,1,0,0,1,0,1,0,1,0,0,1,1,1,1,5
GGG,2013J,603579,1,East Anglian Region,A Level or Equivalent,20-30%,0-35,0,30,0,Pass,16,0,0,1,1,1,0,1,0,1,1,0,0,1,1,10
GGG,2013J,603585,0,West Midlands Region,Lower Than A Level,30-40%,35-55,0,30,0,Fail,15,1,0,0,0,1,0,0,0,0,1,0,1,1,0,10
GGG,2013J,603685,1,East Anglian Region,Lower Than A Level,40-50%,35-55,0,30,0,Pass,10,1,1,0,1,1,1,1,1,0,1,0,0,1,0,1
GGG,2013J,603740,1,North Western Region,Lower Than A Level,20-30%,0-35,0,30,0,Fail,1,0,0,1,1,1,0,0,1,1,1,0,1,1,1,2
GGG,2013J,603763,1,West Midlands Region,Lower Than A Level,20-Oct,0-35,0,30,1,Pass,7,1,1,1,0,1,0,0,0,1,0,0,0,1,0,3
GGG,2013J,603827,1,London Region,Lower Than A Level,20-Oct,0-35,0,30,0,Fail,9,1,0,0,0,1,0,1,0,0,0,0,1,1,1,4
GGG,2013J,603913,0,London Region,Lower Than A Level,30-40%,35-55,0,30,0,Pass,15,1,0,0,0,0,0,0,0,1,1,0,1,1,0,10
GGG,2013J,603918,1,South West Region,A Level or Equivalent,90-100%,0-35,0,30,0,Pass,9,1,1,1,0,1,1,0,0,0,1,0,0,1,1,4
GGG,2013J,604064,0,South East Region,A Level or Equivalent,30-40%,0-35,0,30,0,Distinction,12,1,1,0,1,1,0,0,1,1,1,0,0,0,0,7
GGG,2013J,604096,1,Yorkshire Region,Lower Than A Level,20-Oct,35-55,0,30,0,Pass,1,1,0,0,0,0,1,1,1,1,1,0,0,1,0,2
GGG,2013J,604110,0,South Region,A Level or Equivalent,40-50%,35-55,0,30,0,Distinction,8,0,0,0,0,0,0,1,0,1,0,0,1,0,0,3
GGG,2013J,604153,1,East Anglian Region,Lower Than A Level,80-90%,0-35,0,30,0,Fail,13,1,0,0,1,1,0,1,0,1,0,1,0,0,1,5
GGG,2013J,604213,1,South Region,Lower Than A Level,40-50%,35-55,0,30,0,Pass,7,0,1,1,0,0,1,1,0,1,0,0,1,1,0,3
GGG,2013J,604336,1,East Midlands Region,A Level or Equivalent,20-Oct,0-35,0,30,0,Pass,15,0,0,1,1,0,1,1,1,0,1,0,1,0,1,10
GGG,2013J,604423,0,North Western Region,A Level or Equivalent,20-30%,35-55,0,30,0,Distinction,13,1,1,1,1,1,0,1,0,0,1,0,1,0,0,5
GGG,2013J,604471,1,West Midlands Region,Lower Than A Level,40-50%,0-35,0,30,0,Fail,7,1,0,1,1,0,1,0,1,1,0,0,1,0,1,3
GGG,2013J,604498,1,Yorkshire Region,No Formal quals,30-40%,0-35,0,30,0,Pass,13,1,1,1,1,0,1,0,0,0,0,1,0,0,0,5
GGG,2013J,604534,1,North Western Region,Lower Than A Level,0-10%,35-55,0,30,0,Fail,12,1,0,0,0,1,1,0,1,1,0,0,1,0,1,7
GGG,2013J,604536,1,South West Region,Lower Than A Level,40-50%,0-35,0,30,0,Fail,3,1,0,0,1,1,0,0,1,0,0,1,0,1,1,8
GGG,2013J,604539,1,East Midlands Region,A Level or Equivalent,40-50%,0-35,0,30,0,Distinction,3,0,0,1,0,1,0,1,0,1,0,0,1,1,0,8
GGG,2013J,604588,1,London Region,Lower Than A Level,30-40%,0-35,0,30,0,Withdrawn,5,0,1,1,0,1,1,0,1,1,1,1,1,0,1,9
GGG,2013J,604721,1,East Anglian Region,Lower Than A Level,20-30%,0-35,0,30,0,Pass,13,1,1,0,1,0,1,1,1,1,0,1,0,0,1,5
GGG,2013J,604930,0,East Anglian Region,A Level or Equivalent,40-50%,0-35,0,30,0,Distinction,14,0,1,1,1,1,1,0,1,0,0,1,1,1,0,5
GGG,2013J,604980,0,South Region,A Level or Equivalent,90-100%,0-35,0,30,0,Pass,12,0,0,1,1,0,1,0,1,1,1,0,0,1,1,7
GGG,2013J,605027,1,West Midlands Region,A Level or Equivalent,60-70%,35-55,0,30,0,Pass,16,1,1,0,0,0,0,0,1,0,0,1,1,1,1,10
GGG,2013J,605072,1,North Region,A Level or Equivalent,0-10%,35-55,0,30,0,Pass,15,0,0,1,0,0,1,1,1,0,1,0,0,0,1,10
GGG,2013J,605156,1,East Anglian Region,Lower Than A Level,20-Oct,0-35,0,30,0,Pass,1,1,1,1,0,0,0,1,0,1,0,1,0,0,1,2
GGG,2013J,605225,0,London Region,A Level or Equivalent,20-Oct,0-35,0,30,0,Pass,3,1,0,0,1,0,1,1,1,0,1,0,1,1,1,8
GGG,2013J,605301,1,South Region,Lower Than A Level,70-80%,0-35,0,60,0,Pass,8,1,0,0,0,0,1,1,1,0,1,1,1,0,0,3
GGG,2013J,605306,1,London Region,Lower Than A Level,60-70%,0-35,0,90,0,Withdrawn,2,0,0,0,1,0,1,0,1,0,1,0,0,0,1,2
GGG,2013J,605325,1,London Region,Lower Than A Level,20-30%,0-35,0,30,0,Fail,16,1,0,0,0,0,0,1,0,1,1,1,1,0,1,10
GGG,2013J,605521,1,London Region,A Level or Equivalent,50-60%,0-35,0,30,0,Distinction,6,1,0,1,0,1,0,1,0,1,0,1,0,1,0,9
GGG,2013J,605692,1,East Midlands Region,A Level or Equivalent,40-50%,35-55,0,30,0,Pass,9,1,1,1,1,0,1,1,0,0,0,1,0,1,1,4
GGG,2013J,605733,0,East Anglian Region,Lower Than A Level,60-70%,35-55,0,30,0,Pass,13,1,1,0,0,1,1,0,0,1,1,0,0,0,1,5
GGG,2013J,605861,1,East Anglian Region,No Formal quals,20-30%,0-35,0,30,1,Fail,8,0,0,1,0,1,0,1,1,1,1,1,0,1,0,3
GGG,2013J,605901,1,West Midlands Region,A Level or Equivalent,20-Oct,0-35,0,30,1,Distinction,14,0,1,1,0,0,0,0,1,0,1,1,1,0,0,5
GGG,2013J,605920,1,East Anglian Region,A Level or Equivalent,60-70%,35-55,0,30,0,Pass,2,0,1,1,0,1,1,0,1,1,0,1,1,0,0,2
GGG,2013J,605939,0,London Region,Lower Than A Level,20-Oct,35-55,0,30,0,Withdrawn,3,0,1,0,1,1,1,1,0,1,0,1,0,1,0,8
GGG,2013J,605977,0,South Region,Lower Than A Level,20-Oct,35-55,0,30,0,Distinction,6,1,1,0,1,1,0,0,0,1,1,0,1,1,0,9
GGG,2013J,606028,1,South West Region,A Level or Equivalent,30-40%,0-35,0,30,1,Pass,9,1,1,1,1,1,1,1,1,0,1,0,0,0,0,4
GGG,2013J,606052,1,North Western Region,Lower Than A Level,30-40%,35-55,0,30,1,Fail,8,0,1,1,0,1,0,0,0,0,1,1,1,0,1,3
GGG,2013J,606233,0,East Anglian Region,A Level or Equivalent,40-50%,0-35,0,30,0,Pass,9,1,1,0,0,1,1,1,0,1,1,1,0,0,1,4
GGG,2013J,606245,1,East Anglian Region,Lower Than A Level,40-50%,0-35,0,30,1,Distinction,13,1,0,1,0,1,0,1,1,1,1,0,1,1,1,5
GGG,2013J,606391,1,Yorkshire Region,Lower Than A Level,50-60%,35-55,0,30,0,Distinction,6,0,1,0,0,0,1,0,0,1,1,0,1,1,1,9
GGG,2013J,606409,1,South West Region,Lower Than A Level,50-60%,0-35,0,60,0,Pass,3,0,0,1,1,1,0,0,1,1,0,0,1,1,1,8
GGG,2013J,606418,1,Yorkshire Region,Lower Than A Level,20-30%,0-35,0,30,0,Withdrawn,16,0,0,1,0,0,1,1,1,0,1,0,0,1,1,10
GGG,2013J,606435,0,South West Region,Lower Than A Level,20-Oct,0-35,0,30,0,Pass,3,1,1,1,1,0,1,0,1,1,0,0,0,0,1,8
GGG,2013J,606463,1,South East Region,Lower Than A Level,40-50%,35-55,0,30,1,Distinction,15,0,0,0,1,0,0,1,0,1,0,1,0,0,0,10
GGG,2013J,606471,0,South Region,A Level or Equivalent,40-50%,35-55,0,30,0,Pass,2,1,0,0,0,1,0,0,0,1,1,0,1,0,1,2
GGG,2013J,606497,0,South Region,A Level or Equivalent,40-50%,35-55,0,30,1,Fail,10,1,0,0,0,0,0,1,1,0,1,0,0,0,0,1
GGG,2013J,606570,1,West Midlands Region,A Level or Equivalent,0-10%,35-55,0,30,0,Pass,16,1,0,1,0,0,1,0,0,0,1,1,0,0,0,10
GGG,2013J,606574,1,London Region,A Level or Equivalent,20-30%,0-35,0,30,0,Fail,13,0,1,1,1,1,1,1,0,0,0,1,0,1,0,5
GGG,2013J,606815,0,South East Region,Lower Than A Level,60-70%,0-35,0,30,0,Pass,8,1,1,1,0,0,1,0,0,1,0,0,1,1,0,3
GGG,2013J,606864,1,South East Region,HE Qualification,20-Oct,0-35,0,30,0,Distinction,8,0,0,0,0,0,0,0,1,0,0,0,0,0,1,3
GGG,2013J,606869,1,East Midlands Region,Lower Than A Level,70-80%,35-55,0,30,0,Pass,15,1,0,1,1,0,1,1,0,1,0,1,0,0,1,10
GGG,2013J,606895,1,Yorkshire Region,Lower Than A Level,50-60%,35-55,0,90,0,Fail,2,1,0,0,1,1,1,1,0,1,0,1,0,1,0,2
GGG,2013J,607018,1,Yorkshire Region,Lower Than A Level,50-60%,0-35,0,30,0,Fail,2,1,0,0,0,0,0,0,0,1,0,1,0,0,0,2
GGG,2013J,607163,1,South East Region,A Level or Equivalent,50-60%,0-35,0,30,0,Pass,8,0,1,0,1,1,0,1,0,0,0,0,1,0,1,3
GGG,2013J,607256,1,West Midlands Region,Lower Than A Level,0-10%,0-35,0,30,0,Pass,1,1,1,0,0,1,0,0,0,0,0,0,1,1,1,2
GGG,2013J,607293,1,North Western Region,Lower Than A Level,40-50%,35-55,0,30,0,Pass,12,0,0,0,1,0,1,1,0,1,0,1,0,0,0,7
GGG,2013J,607337,1,East Anglian Region,No Formal quals,40-50%,0-35,0,30,0,Fail,13,1,0,1,1,1,0,1,0,0,0,1,0,1,1,5
GGG,2013J,607443,1,London Region,Lower Than A Level,40-50%,0-35,0,30,0,Pass,4,1,0,0,1,1,0,0,0,0,1,1,1,0,0,8
GGG,2013J,607483,0,South East Region,Lower Than A Level,60-70%,0-35,0,30,0,Distinction,6,0,1,0,0,0,1,1,1,1,1,0,0,1,0,9
GGG,2013J,607507,0,East Anglian Region,Lower Than A Level,80-90%,0-35,0,30,0,Distinction,12,0,1,0,0,1,0,0,0,1,1,0,0,1,0,7
GGG,2013J,607510,0,East Midlands Region,A Level or Equivalent,50-60%,35-55,0,30,0,Fail,5,1,1,0,1,1,0,1,1,1,1,1,0,0,1,9
GGG,2013J,607514,1,East Anglian Region,Lower Than A Level,30-40%,35-55,0,30,0,Fail,6,0,1,1,0,1,1,0,0,0,1,0,0,0,1,9
GGG,2013J,607548,0,South East Region,Lower Than A Level,90-100%,0-35,0,30,0,Pass,2,1,0,0,1,1,0,1,0,0,1,1,0,1,0,2
GGG,2013J,607754,0,East Midlands Region,A Level or Equivalent,50-60%,35-55,0,30,0,Pass,3,1,0,0,1,0,1,1,0,0,0,1,0,1,1,8
GGG,2013J,607797,1,South Region,A Level or Equivalent,90-100%,35-55,0,30,0,Pass,3,0,1,1,0,1,0,1,1,1,0,0,0,0,0,8
GGG,2013J,607798,1,West Midlands Region,Lower Than A Level,60-70%,0-35,0,60,0,Fail,5,0,0,1,0,1,0,1,1,0,0,1,0,0,0,9
GGG,2013J,607827,0,North Western Region,HE Qualification,50-60%,35-55,0,30,0,Fail,7,1,1,0,1,0,0,1,1,1,1,1,0,0,0,3
GGG,2013J,607849,1,South West Region,Lower Than A Level,90-100%,0-35,0,30,0,Distinction,7,1,1,0,1,1,1,0,1,0,1,1,1,0,1,3
GGG,2013J,607912,1,South West Region,A Level or Equivalent,80-90%,35-55,0,30,1,Pass,10,1,0,1,1,1,0,1,1,1,1,0,1,1,0,1
GGG,2013J,607957,1,South Region,Lower Than A Level,80-90%,0-35,0,30,0,Withdrawn,14,0,0,0,0,1,1,0,0,0,0,0,0,1,0,5
GGG,2013J,608114,0,East Anglian Region,A Level or Equivalent,40-50%,0-35,0,30,0,Fail,15,0,1,1,0,1,1,0,1,0,1,0,1,0,1,10
GGG,2013J,608115,0,South East Region,A Level or Equivalent,80-90%,0-35,0,30,0,Distinction,15,1,1,0,0,1,1,1,0,1,1,1,1,1,0,10
GGG,2013J,608195,1,West Midlands Region,Lower Than A Level,50-60%,35-55,0,30,0,Pass,9,0,0,0,1,0,0,0,0,0,1,1,1,0,0,4
GGG,2013J,608306,1,Yorkshire Region,Lower Than A Level,20-30%,0-35,0,60,0,Fail,14,1,0,0,1,1,1,1,0,1,1,1,0,0,1,5
GGG,2013J,608318,0,North Western Region,Lower Than A Level,20-Oct,0-35,0,30,0,Fail,7,0,1,0,1,0,1,0,1,1,0,0,0,0,1,3
GGG,2013J,608672,1,London Region,A Level or Equivalent,20-Oct,35-55,0,30,0,Pass,14,1,0,1,0,0,0,0,0,1,0,0,1,0,0,5
GGG,2013J,608693,1,South Region,A Level or Equivalent,70-80%,35-55,0,30,1,Fail,6,0,0,0,1,0,1,1,0,0,1,1,1,0,1,9
GGG,2013J,608714,1,East Midlands Region,Lower Than A Level,20-30%,0-35,0,30,1,Fail,9,1,1,0,1,0,1,0,0,1,1,1,1,1,0,4
GGG,2013J,609330,1,East Anglian Region,A Level or Equivalent,70-80%,0-35,0,30,1,Pass,4,1,1,1,0,0,0,0,1,1,0,1,0,0,1,8
GGG,2013J,609399,1,East Anglian Region,HE Qualification,40-50%,35-55,0,30,0,Pass,15,1,0,1,0,1,0,1,1,0,1,0,0,1,1,10
GGG,2013J,609403,1,East Midlands Region,Lower Than A Level,80-90%,35-55,0,30,0,Pass,6,1,0,0,1,0,0,0,0,0,0,1,0,1,0,9
GGG,2013J,609535,1,West Midlands Region,A Level or Equivalent,0-10%,35-55,0,30,0,Fail,14,1,1,0,0,0,0,1,1,0,0,1,0,1,0,5
GGG,2013J,609538,1,North Western Region,Lower Than A Level,20-30%,0-35,0,30,1,Pass,14,1,1,1,0,0,1,0,0,1,1,0,0,1,0,5
GGG,2013J,609557,1,South Region,Lower Than A Level,90-100%,35-55,0,30,0,Pass,14,0,0,0,0,1,0,1,0,1,0,0,0,1,0,5
GGG,2013J,609567,1,London Region,A Level or Equivalent,20-30%,0-35,0,30,0,Withdrawn,5,0,1,1,0,0,1,0,1,0,1,1,1,0,0,9
GGG,2013J,609761,1,East Anglian Region,Lower Than A Level,40-50%,35-55,0,30,1,Pass,14,0,0,1,1,0,0,0,1,0,1,1,1,0,1,5
GGG,2013J,609837,1,South West Region,Lower Than A Level,60-70%,35-55,0,30,0,Fail,16,0,1,1,1,1,0,0,0,1,1,0,1,0,1,10
GGG,2013J,609900,0,South Region,Lower Than A Level,40-50%,0-35,0,30,0,Pass,12,0,1,0,1,0,0,0,1,1,0,1,1,0,1,7
GGG,2013J,609912,1,London Region,A Level or Equivalent,30-40%,35-55,0,30,0,Pass,15,0,1,0,1,0,0,0,1,1,0,1,1,1,1,10
GGG,2013J,609979,1,South East Region,Lower Than A Level,40-50%,0-35,0,30,0,Fail,4,0,0,1,1,0,0,0,1,1,1,1,1,1,1,8
GGG,2013J,610012,0,North Western Region,No Formal quals,30-40%,0-35,0,30,0,Pass,3,0,0,1,1,0,0,1,0,0,1,1,0,1,0,8
GGG,2013J,610016,1,West Midlands Region,Lower Than A Level,50-60%,0-35,0,30,0,Withdrawn,2,1,1,1,0,0,0,1,1,1,0,1,1,1,0,2
GGG,2013J,610057,1,London Region,A Level or Equivalent,80-90%,0-35,0,30,0,Pass,7,0,0,0,1,1,0,0,0,1,0,0,1,0,1,3
GGG,2013J,610347,0,South Region,HE Qualification,80-90%,35-55,0,30,0,Pass,2,0,0,0,0,0,1,0,0,1,0,1,0,0,0,2
GGG,2013J,610380,1,East Anglian Region,A Level or Equivalent,40-50%,0-35,0,30,0,Fail,7,1,1,1,0,1,1,0,0,1,0,0,0,0,1,3
GGG,2013J,610405,1,North Western Region,A Level or Equivalent,50-60%,0-35,0,30,0,Pass,12,1,0,1,0,0,0,0,0,0,1,1,0,1,0,7
GGG,2013J,610530,0,North Western Region,A Level or Equivalent,20-30%,0-35,0,30,0,Fail,12,0,1,0,1,1,1,0,1,1,1,0,1,1,0,7
GGG,2013J,610557,1,South East Region,Lower Than A Level,60-70%,0-35,0,30,1,Fail,2,1,1,0,1,1,1,0,0,1,1,1,0,1,1,2
GGG,2013J,610569,1,East Anglian Region,Lower Than A Level,70-80%,35-55,0,30,0,Pass,14,1,0,0,1,0,0,1,1,0,0,1,1,1,1,5
GGG,2013J,610573,1,East Midlands Region,Lower Than A Level,50-60%,0-35,0,30,0,Fail,9,0,1,1,1,1,1,1,1,0,0,1,1,0,1,4
GGG,2013J,610597,0,South East Region,Lower Than A Level,30-40%,35-55,0,30,0,Pass,3,0,0,0,1,0,0,0,1,1,1,1,0,1,1,8
GGG,2013J,610738,1,London Region,Lower Than A Level,20-Oct,35-55,0,30,0,Fail,5,1,1,1,0,1,0,0,1,0,0,0,1,1,0,9
GGG,2013J,610739,1,South Region,Lower Than A Level,90-100%,35-55,0,30,0,Pass,14,0,0,1,0,0,1,1,1,1,0,0,0,0,1,5
GGG,2013J,610749,1,West Midlands Region,Lower Than A Level,40-50%,35-55,0,30,0,Pass,7,0,1,1,1,0,1,0,0,0,1,0,0,0,1,3
GGG,2013J,611058,1,East Midlands Region,A Level or Equivalent,90-100%,0-35,0,30,0,Fail,3,1,1,1,0,0,0,1,1,1,1,1,0,1,1,8
GGG,2013J,611138,1,London Region,Lower Than A Level,50-60%,35-55,0,30,0,Fail,4,1,0,0,1,1,0,1,1,0,1,1,0,1,1,8
GGG,2013J,611177,1,South Region,Lower Than A Level,20-Oct,0-35,0,30,0,Pass,16,1,1,1,0,1,1,0,1,1,0,1,1,0,1,10
GGG,2013J,611215,0,East Anglian Region,HE Qualification,70-80%,0-35,0,30,0,Distinction,13,0,1,1,1,1,1,0,0,0,0,1,1,0,0,5
GGG,2013J,611218,1,South Region,A Level or Equivalent,80-90%,35-55,0,30,0,Distinction,7,1,0,0,1,0,1,1,0,0,0,1,0,0,0,3
GGG,2013J,611241,1,East Midlands Region,Lower Than A Level,30-40%,0-35,0,30,0,Pass,2,1,1,1,0,1,1,0,0,1,1,1,0,1,1,2
GGG,2013J,611331,0,East Anglian Region,A Level or Equivalent,30-40%,0-35,0,30,0,Fail,10,0,0,0,0,1,0,1,0,1,1,0,1,0,1,1
GGG,2013J,611580,1,East Midlands Region,A Level or Equivalent,40-50%,0-35,0,60,0,Distinction,12,1,1,1,0,0,0,1,1,1,1,0,0,0,1,7
GGG,2013J,612986,0,London Region,A Level or Equivalent,20-Oct,35-55,0,30,0,Pass,15,0,0,1,0,1,1,0,0,1,1,1,0,1,0,10
GGG,2013J,1319732,1,South Region,Lower Than A Level,50-60%,35-55,0,30,0,Pass,16,1,1,0,1,1,1,0,0,0,1,1,1,1,1,10
GGG,2013J,1341096,1,East Anglian Region,Lower Than A Level,80-90%,35-55,0,30,0,Pass,7,0,1,1,0,1,1,0,1,0,1,0,0,1,0,3
GGG,2013J,1347253,1,West Midlands Region,Lower Than A Level,0-10%,35-55,0,30,0,Pass,8,1,1,0,1,0,0,1,1,1,0,1,0,1,0,3
GGG,2013J,1470552,1,Yorkshire Region,A Level or Equivalent,20-30%,35-55,0,30,0,Fail,3,0,1,0,0,0,1,1,0,0,1,1,0,0,0,8
GGG,2013J,1498979,1,East Anglian Region,Lower Than A Level,60-70%,35-55,0,30,0,Pass,12,0,0,0,1,1,0,1,0,0,1,0,0,1,1,7
GGG,2013J,1516666,1,East Anglian Region,Lower Than A Level,20-30%,35-55,0,30,0,Fail,1,1,1,1,1,0,1,1,1,0,0,1,1,1,0,2
GGG,2013J,1537673,1,London Region,Lower Than A Level,20-30%,35-55,0,30,0,Fail,1,0,0,0,1,1,1,0,0,1,1,1,1,1,0,2
GGG,2013J,1615575,0,London Region,Lower Than A Level,90-100%,35-55,0,30,0,Withdrawn,10,1,1,0,0,1,0,1,1,0,0,0,0,1,1,1
GGG,2013J,1674804,0,South East Region,A Level or Equivalent,70-80%,35-55,0,30,0,Pass,12,0,0,0,0,1,1,1,0,0,1,1,1,1,1,7
GGG,2013J,1678445,1,South West Region,Lower Than A Level,80-90%,35-55,0,30,0,Distinction,12,1,0,1,0,0,0,0,0,0,0,1,1,1,0,7
GGG,2013J,1699264,1,South East Region,Lower Than A Level,50-60%,35-55,0,60,0,Fail,11,0,1,1,1,0,0,1,1,1,1,1,1,0,1,6
GGG,2013J,1720448,1,South East Region,A Level or Equivalent,70-80%,35-55,0,30,0,Distinction,4,1,1,0,1,1,0,0,0,0,0,1,0,0,1,8
GGG,2013J,1729833,1,South East Region,A Level or Equivalent,30-40%,35-55,0,30,0,Pass,10,1,1,1,1,0,1,1,1,1,0,0,0,0,1,1
GGG,2013J,1756915,0,East Midlands Region,A Level or Equivalent,40-50%,35-55,0,30,0,Pass,12,1,0,0,1,0,0,1,1,1,0,0,1,1,0,7
GGG,2013J,1813731,0,East Anglian Region,Lower Than A Level,50-60%,35-55,0,60,0,Pass,11,1,0,1,0,1,1,0,1,1,1,0,1,1,1,6
GGG,2013J,1828078,1,East Midlands Region,A Level or Equivalent,30-40%,35-55,0,30,1,Fail,7,0,0,0,1,1,0,1,0,0,1,1,1,1,0,3
GGG,2013J,1830666,1,South Region,A Level or Equivalent,80-90%,35-55,0,30,1,Fail,11,1,1,0,0,0,1,0,0,1,1,1,1,1,0,6
GGG,2013J,1873505,1,North Region,Lower Than A Level,60-70%,35-55,0,60,0,Pass,5,1,1,1,0,0,0,1,0,0,1,1,1,0,1,9
GGG,2013J,1930019,1,Yorkshire Region,Lower Than A Level,70-80%,35-55,0,90,0,Distinction,7,0,1,0,0,0,1,1,0,1,0,1,1,1,0,3
GGG,2013J,1932526,1,London Region,Lower Than A Level,80-90%,35-55,0,30,0,Withdrawn,10,1,1,1,0,0,1,0,0,1,1,1,1,0,0,1
GGG,2013J,1953764,1,North Region,A Level or Equivalent,40-50%,35-55,0,30,0,Fail,15,1,1,0,0,0,1,1,0,1,0,0,0,0,0,10
GGG,2013J,1969985,1,London Region,Lower Than A Level,20-Oct,35-55,0,30,1,Pass,8,0,0,1,0,1,0,1,0,0,0,1,1,0,1,3
GGG,2013J,1986974,1,North Western Region,Lower Than A Level,80-90%,35-55,0,60,0,Withdrawn,2,0,1,0,1,0,1,1,0,0,0,0,0,1,1,2
GGG,2013J,1993905,1,West Midlands Region,Lower Than A Level,20-30%,0-35,0,30,0,Pass,13,0,1,0,0,1,0,0,0,0,1,0,0,0,1,5
GGG,2013J,2002057,0,South East Region,Lower Than A Level,0-10%,0-35,0,30,0,Fail,2,0,0,0,0,1,0,1,0,0,0,1,1,0,0,2
GGG,2013J,2019921,1,North Western Region,Lower Than A Level,60-70%,0-35,0,30,0,Fail,13,1,0,1,1,1,0,1,0,1,1,0,1,0,0,5
GGG,2013J,2035700,1,South West Region,Lower Than A Level,30-40%,35-55,0,45,0,Distinction,7,0,1,0,0,1,1,0,1,0,1,1,1,1,0,3
GGG,2013J,2048119,1,South Region,A Level or Equivalent,40-50%,35-55,0,30,0,Withdrawn,13,1,1,0,1,0,0,0,0,0,0,1,1,0,0,5
GGG,2013J,2067146,1,West Midlands Region,Lower Than A Level,20-Oct,35-55,0,30,0,Fail,14,1,1,1,0,0,0,0,0,1,0,0,0,1,0,5
GGG,2013J,2152928,1,Yorkshire Region,Lower Than A Level,0-10%,35-55,0,30,0,Fail,7,0,1,0,0,0,1,1,0,1,1,0,1,0,1,3
GGG,2013J,2174129,1,East Anglian Region,Lower Than A Level,30-40%,0-35,0,30,0,Distinction,14,0,0,1,1,0,1,1,1,0,1,0,0,0,0,5
GGG,2013J,2180994,1,North Region,A Level or Equivalent,20-Oct,35-55,0,30,0,Distinction,9,1,1,0,1,0,0,1,1,0,0,0,0,0,1,4
GGG,2013J,2181700,1,Yorkshire Region,Lower Than A Level,0-10%,0-35,0,30,0,Pass,15,0,1,1,1,0,0,0,1,0,1,1,1,0,0,10
GGG,2013J,2237783,0,South East Region,Lower Than A Level,70-80%,35-55,0,30,0,Withdrawn,14,1,0,1,1,1,1,1,1,1,1,0,1,1,0,5
GGG,2013J,2246073,0,London Region,Lower Than A Level,80-90%,35-55,0,90,0,Pass,3,1,0,0,0,1,0,0,0,1,0,0,1,0,0,8
GGG,2013J,2248072,0,East Anglian Region,Lower Than A Level,20-30%,0-35,0,30,0,Pass,15,0,1,0,1,0,1,0,1,0,1,0,0,0,0,10
GGG,2013J,2248779,1,Yorkshire Region,Lower Than A Level,40-50%,35-55,0,30,0,Fail,7,1,0,1,1,0,0,1,1,1,0,1,0,1,1,3
GGG,2013J,2248789,1,South Region,Lower Than A Level,90-100%,35-55,0,30,1,Fail,7,0,0,0,1,1,1,1,0,1,0,0,0,1,1,3
GGG,2013J,2254271,0,North Western Region,A Level or Equivalent,0-10%,35-55,0,30,1,Fail,13,0,1,1,0,0,0,0,1,1,0,1,1,1,1,5
GGG,2013J,2271264,1,East Midlands Region,A Level or Equivalent,90-100%,35-55,0,30,0,Pass,10,0,0,1,1,0,0,1,0,1,0,1,0,1,0,1
GGG,2013J,2280643,1,West Midlands Region,A Level or Equivalent,60-70%,0-35,0,30,0,Pass,12,1,0,1,0,1,1,1,1,1,0,0,1,0,1,7
GGG,2013J,2285156,1,North Western Region,Lower Than A Level,60-70%,35-55,0,30,0,Distinction,11,0,0,1,0,1,1,0,1,1,1,0,0,1,0,6
GGG,2013J,2312783,0,London Region,A Level or Equivalent,0-10%,35-55,0,30,0,Fail,9,0,0,1,1,1,0,0,1,1,1,1,1,1,0,4
GGG,2013J,2343354,1,East Midlands Region,A Level or Equivalent,30-40%,0-35,0,30,0,Pass,9,0,0,0,1,0,0,0,1,1,0,1,0,1,0,4
GGG,2013J,2349926,1,North Western Region,A Level or Equivalent,0-10%,0-35,0,30,0,Fail,13,1,0,1,0,1,0,1,1,0,1,1,1,0,1,5
GGG,2013J,2365602,1,Yorkshire Region,HE Qualification,30-40%,35-55,0,30,0,Fail,16,1,0,1,0,1,0,0,1,0,0,1,1,1,1,10
GGG,2013J,2369187,1,South West Region,A Level or Equivalent,50-60%,0-35,0,30,0,Pass,14,1,0,0,0,1,0,1,0,0,1,0,0,0,1,5
GGG,2013J,2379431,1,London Region,HE Qualification,40-50%,0-35,0,30,0,Fail,15,0,1,1,0,1,1,0,0,0,1,0,0,0,1,10
GGG,2013J,2386281,1,South East Region,Lower Than A Level,90-100%,35-55,0,30,1,Pass,13,1,0,1,1,1,1,0,0,0,0,0,1,1,0,5
GGG,2013J,2387566,1,North Western Region,Lower Than A Level,30-40%,0-35,0,30,0,Fail,3,1,1,0,1,0,1,0,1,1,0,1,0,1,1,8
GGG,2013J,2394352,1,South Region,A Level or Equivalent,20-Oct,35-55,0,30,0,Withdrawn,11,1,0,1,0,1,1,1,0,0,1,1,1,1,0,6
GGG,2013J,2417702,1,South East Region,Lower Than A Level,50-60%,35-55,0,30,0,Pass,5,1,1,1,0,0,0,1,1,0,1,0,1,0,0,9
GGG,2013J,2420364,0,West Midlands Region,HE Qualification,20-30%,0-35,0,30,0,Pass,3,0,0,0,1,0,1,0,0,0,1,1,0,0,1,8
GGG,2013J,2440133,1,London Region,A Level or Equivalent,60-70%,0-35,0,30,0,Withdrawn,7,1,1,0,0,0,0,0,0,1,1,0,1,1,1,3
GGG,2013J,2458203,1,West Midlands Region,Lower Than A Level,0-10%,0-35,0,30,0,Distinction,14,0,1,0,1,0,0,0,1,0,0,0,1,1,0,5
GGG,2013J,2462584,1,East Anglian Region,Lower Than A Level,20-30%,35-55,0,30,0,Pass,7,1,0,0,1,1,1,0,0,0,0,1,0,1,0,3
GGG,2013J,2464917,0,East Anglian Region,Lower Than A Level,20-30%,35-55,0,60,0,Fail,8,1,0,0,1,1,1,1,0,0,1,1,0,0,1,3
GGG,2013J,2477040,1,South Region,A Level or Equivalent,30-40%,0-35,0,90,0,Fail,1,1,0,1,0,0,0,1,0,1,1,1,1,0,0,2
GGG,2013J,2482885,1,South Region,A Level or Equivalent,40-50%,35-55,0,30,1,Fail,3,0,1,1,1,1,0,1,0,1,0,1,0,1,1,8
GGG,2013J,2498139,1,East Midlands Region,Lower Than A Level,60-70%,0-35,0,30,1,Distinction,2,0,0,0,1,0,0,0,0,1,0,0,1,0,1,2
GGG,2013J,2511859,1,London Region,Lower Than A Level,30-40%,35-55,0,60,1,Pass,8,0,0,1,0,1,0,1,0,1,1,1,0,1,0,3
GGG,2013J,2516931,1,South West Region,A Level or Equivalent,50-60%,0-35,0,30,0,Fail,4,1,0,0,0,0,1,1,1,1,1,1,1,1,0,8
GGG,2013J,2519972,1,West Midlands Region,Lower Than A Level,80-90%,0-35,0,30,0,Fail,11,1,0,0,0,1,1,1,1,0,0,1,0,1,0,6
GGG,2013J,2540288,1,South Region,A Level or Equivalent,50-60%,0-35,0,30,0,Fail,10,0,0,0,0,1,0,0,0,1,1,1,1,1,1,1
GGG,2013J,2540450,0,London Region,A Level or Equivalent,40-50%,35-55,0,30,0,Fail,6,0,1,1,0,1,0,1,0,1,1,0,1,0,0,9
GGG,2013J,2542291,1,East Anglian Region,A Level or Equivalent,80-90%,35-55,0,30,0,Pass,14,0,1,0,1,0,1,1,0,0,1,1,0,0,0,5
GGG,2013J,2542342,1,North Region,Lower Than A Level,20-Oct,0-35,0,30,0,Fail,5,0,0,0,1,1,1,0,0,0,0,1,0,1,1,9
GGG,2013J,2555098,1,North Western Region,Lower Than A Level,20-Oct,0-35,0,30,1,Fail,14,0,0,1,1,1,1,0,0,0,1,1,1,0,1,5
GGG,2013J,2561971,1,South West Region,A Level or Equivalent,30-40%,35-55,0,30,0,Pass,15,0,1,1,0,0,1,0,1,1,0,1,0,1,1,10
GGG,2013J,2591672,1,London Region,A Level or Equivalent,20-Oct,35-55,0,30,0,Fail,7,1,1,1,1,1,0,1,1,0,1,1,0,0,1,3
GGG,2013J,2599817,1,East Anglian Region,Lower Than A Level,60-70%,35-55,0,30,0,Pass,3,1,0,1,0,1,0,1,0,0,1,1,0,1,1,8
GGG,2013J,2621695,1,South East Region,Lower Than A Level,30-40%,0-35,0,30,0,Pass,9,1,1,1,0,1,0,0,0,0,1,0,1,0,1,4
GGG,2013J,2638532,0,South West Region,A Level or Equivalent,40-50%,35-55,0,30,0,Pass,8,1,0,1,0,1,0,0,0,1,0,0,0,1,0,3
GGG,2013J,2643122,1,South West Region,Lower Than A Level,30-40%,0-35,0,30,0,Pass,9,0,0,0,1,0,1,1,1,1,1,0,1,0,0,4
GGG,2013J,2649341,1,West Midlands Region,Lower Than A Level,50-60%,35-55,0,30,0,Fail,7,1,0,1,0,1,0,1,1,1,0,1,1,1,1,3
GGG,2013J,2653027,1,London Region,Lower Than A Level,20-Oct,0-35,0,30,0,Fail,13,0,1,0,1,1,0,0,0,0,0,1,0,1,1,5
GGG,2013J,2656100,1,East Anglian Region,Lower Than A Level,60-70%,0-35,0,30,1,Pass,16,0,1,1,0,0,0,0,0,1,1,1,1,0,0,10
GGG,2013J,2670570,0,Yorkshire Region,A Level or Equivalent,40-50%,0-35,0,30,0,Pass,4,0,0,1,0,0,0,0,1,0,1,0,1,1,0,8
GGG,2013J,2673510,1,East Midlands Region,Lower Than A Level,20-30%,35-55,0,30,0,Withdrawn,12,1,1,0,1,1,1,0,1,0,1,1,1,0,1,7
GGG,2013J,2674822,1,North Western Region,A Level or Equivalent,0-10%,0-35,0,30,0,Fail,10,0,0,0,0,1,1,0,0,0,0,1,1,0,1,1
GGG,2013J,2679386,1,South Region,A Level or Equivalent,20-Oct,35-55,0,30,0,Distinction,2,1,0,0,1,1,1,0,0,1,0,0,1,1,1,2
GGG,2013J,2679694,1,South West Region,A Level or Equivalent,30-40%,35-55,0,30,0,Fail,4,1,1,1,0,0,0,0,0,1,1,1,0,1,0,8
GGG,2014B,24186,1,Yorkshire Region,Lower Than A Level,20-Oct,0-35,0,30,1,Pass,11,1,0,1,0,1,0,0,0,0,0,1,0,0,1,6
GGG,2014B,29985,1,South Region,Lower Than A Level,20-30%,0-35,0,30,0,Pass,7,0,1,0,0,0,0,1,0,0,1,0,0,0,1,3
GGG,2014B,31107,0,South West Region,Lower Than A Level,40-50%,35-55,0,30,0,Pass,16,0,0,0,1,1,0,0,0,1,0,1,0,1,1,10
GGG,2014B,38187,1,East Anglian Region,Lower Than A Level,50-60%,0-35,0,30,0,Withdrawn,16,0,1,1,1,1,0,0,1,1,0,1,0,0,1,10
GGG,2014B,41414,1,West Midlands Region,Lower Than A Level,0-10%,0-35,0,30,1,Pass,16,1,1,0,0,1,1,0,0,1,1,1,0,1,1,10
GGG,2014B,49123,0,Yorkshire Region,Lower Than A Level,50-60%,0-35,0,30,0,Pass,5,1,1,1,1,0,0,1,0,1,0,1,0,0,1,9
GGG,2014B,64901,0,London Region,Lower Than A Level,20-Oct,35-55,0,30,0,Pass,9,0,1,0,0,0,1,0,1,0,1,0,1,0,0,4
GGG,2014B,81754,1,North Western Region,A Level or Equivalent,20-Oct,0-35,1,60,0,Withdrawn,14,1,0,0,1,1,1,0,0,0,0,1,1,1,1,5
GGG,2014B,96423,1,South East Region,Lower Than A Level,90-100%,0-35,0,30,0,Pass,10,1,0,1,0,0,1,0,0,1,1,1,1,1,1,1
GGG,2014B,109772,1,South Region,A Level or Equivalent,30-40%,0-35,0,30,0,Pass,12,1,0,0,0,0,0,0,0,1,0,0,0,1,0,7
GGG,2014B,112441,1,West Midlands Region,A Level or Equivalent,0-10%,0-35,0,30,0,Pass,14,0,1,1,0,0,0,0,1,1,1,1,1,0,1,5
GGG,2014B,116319,1,East Anglian Region,Lower Than A Level,40-50%,0-35,0,30,0,Pass,2,0,0,0,0,1,1,1,1,1,1,1,0,0,1,2
GGG,2014B,117969,1,Yorkshire Region,Lower Than A Level,20-Oct,0-35,0,30,0,Withdrawn,6,0,0,0,0,0,0,0,1,1,1,1,0,1,1,9
GGG,2014B,118474,0,East Anglian Region,A Level or Equivalent,60-70%,0-35,1,60,0,Distinction,12,0,1,0,1,0,0,1,1,0,1,0,0,0,0,7
GGG,2014B,119444,1,East Midlands Region,Lower Than A Level,20-30%,0-35,0,30,0,Pass,8,0,0,0,0,0,0,1,0,1,1,1,0,1,1,3
GGG,2014B,120611,0,South Region,A Level or Equivalent,20-30%,35-55,0,30,0,Fail,11,1,1,0,0,1,0,0,0,0,1,1,0,0,1,6
GGG,2014B,122337,1,London Region,Lower Than A Level,70-80%,35-55,0,30,0,Fail,7,0,0,0,1,0,1,1,0,1,1,1,0,1,0,3
GGG,2014B,124944,0,North Western Region,HE Qualification,50-60%,35-55,0,30,0,Pass,2,0,1,0,1,0,0,1,0,0,1,1,1,0,1,2
GGG,2014B,131820,1,West Midlands Region,Lower Than A Level,20-30%,0-35,0,30,0,Fail,4,1,1,1,1,1,1,0,0,1,1,0,1,0,0,8
GGG,2014B,133068,0,East Anglian Region,A Level or Equivalent,50-60%,35-55,0,60,0,Pass,13,0,0,0,1,0,1,1,1,0,1,0,0,1,1,5
GGG,2014B,134123,1,West Midlands Region,Lower Than A Level,20-Oct,35-55,0,30,0,Pass,6,1,1,1,1,1,0,1,1,1,0,1,1,1,0,9
GGG,2014B,139329,1,East Anglian Region,Lower Than A Level,30-40%,0-35,1,60,1,Pass,12,1,1,1,1,1,0,0,0,0,0,1,1,0,1,7
GGG,2014B,145388,1,North Western Region,Lower Than A Level,50-60%,0-35,0,30,0,Fail,14,0,0,1,1,0,0,0,0,0,1,1,1,1,0,5
GGG,2014B,146192,1,West Midlands Region,Lower Than A Level,20-30%,0-35,1,60,0,Fail,4,0,0,0,1,1,0,1,0,0,0,0,1,1,0,8
GGG,2014B,152671,1,North Region,A Level or Equivalent,40-50%,35-55,0,30,0,Distinction,3,1,1,0,1,0,1,1,1,0,1,1,1,1,1,8
GGG,2014B,159571,1,Yorkshire Region,A Level or Equivalent,60-70%,0-35,0,30,0,Fail,16,0,1,1,1,1,0,0,1,0,0,1,1,0,0,10
GGG,2014B,160479,1,West Midlands Region,A Level or Equivalent,30-40%,0-35,0,30,0,Pass,11,0,1,1,1,1,0,0,1,0,1,1,1,0,1,6
GGG,2014B,160945,1,East Anglian Region,HE Qualification,30-40%,0-35,0,30,0,Pass,15,1,1,0,1,1,0,0,0,0,1,0,0,0,0,10
GGG,2014B,164211,1,East Anglian Region,A Level or Equivalent,70-80%,35-55,0,30,0,Distinction,2,0,1,0,1,0,1,0,0,1,0,1,0,1,1,2
GGG,2014B,164451,1,North Region,Lower Than A Level,20-30%,0-35,0,90,0,Withdrawn,16,0,0,0,0,1,0,1,0,1,1,1,0,0,0,10
GGG,2014B,165898,1,South West Region,Lower Than A Level,20-30%,0-35,0,30,1,Fail,4,0,0,1,1,1,1,0,1,0,1,0,1,1,0,8
GGG,2014B,168845,1,East Anglian Region,Lower Than A Level,60-70%,0-35,0,30,0,Withdrawn,15,1,0,0,1,1,0,0,1,1,0,1,1,1,0,10
GGG,2014B,178935,1,London Region,Lower Than A Level,60-70%,35-55,0,30,0,Withdrawn,13,0,0,1,1,1,0,1,1,1,1,0,1,1,0,5
GGG,2014B,184137,1,South Region,A Level or Equivalent,50-60%,0-35,0,30,0,Distinction,15,1,0,0,0,1,0,1,1,1,1,1,1,0,1,10
GGG,2014B,191235,1,East Anglian Region,Lower Than A Level,80-90%,0-35,0,30,0,Withdrawn,14,0,0,0,0,0,0,1,1,1,1,0,0,0,1,5
GGG,2014B,198315,1,South Region,A Level or Equivalent,90-100%,35-55,1,60,1,Fail,1,0,1,0,0,1,1,1,0,1,1,0,1,1,1,2
GGG,2014B,203963,1,London Region,Lower Than A Level,80-90%,35-55,0,30,0,Pass,10,0,1,0,1,1,1,0,1,0,0,1,1,1,1,1
GGG,2014B,204550,1,South Region,Lower Than A Level,30-40%,35-55,0,30,0,Fail,15,0,1,0,1,0,1,0,1,0,0,0,0,1,1,10
GGG,2014B,204738,0,North Western Region,HE Qualification,0-10%,35-55,0,90,0,Distinction,12,0,0,1,0,1,0,0,0,1,0,0,1,0,0,7
GGG,2014B,233461,1,Yorkshire Region,A Level or Equivalent,0-10%,0-35,0,30,0,Fail,11,1,1,0,1,0,1,1,0,0,1,0,1,0,1,6
GGG,2014B,245802,1,South East Region,A Level or Equivalent,20-Oct,35-55,0,30,1,Pass,11,1,0,0,0,0,1,0,0,0,1,0,1,1,0,6
GGG,2014B,254417,0,London Region,Lower Than A Level,90-100%,35-55,0,30,0,Fail,14,0,0,1,1,1,0,1,0,0,1,0,1,1,1,5
GGG,2014B,261342,0,North Western Region,Lower Than A Level,20-Oct,0-35,0,30,0,Pass,15,1,0,0,0,0,0,1,1,1,0,0,1,0,0,10
GGG,2014B,278962,1,London Region,Lower Than A Level,20-Oct,0-35,0,30,0,Distinction,8,0,1,0,0,1,1,1,1,1,0,1,0,1,0,3
GGG,2014B,279839,1,East Midlands Region,Lower Than A Level,20-Oct,0-35,0,30,0,Withdrawn,12,0,0,0,1,1,1,1,1,1,0,1,1,1,0,7
GGG,2014B,282388,0,East Midlands Region,Lower Than A Level,60-70%,35-55,0,30,0,Fail,15,0,0,0,0,1,0,0,0,0,1,1,0,0,0,10
GGG,2014B,282962,0,West Midlands Region,Lower Than A Level,40-50%,0-35,0,30,1,Fail,2,0,0,1,1,1,1,0,1,0,0,0,0,0,1,2
GGG,2014B,283035,0,West Midlands Region,Lower Than A Level,70-80%,35-55,0,30,0,Fail,5,0,1,0,1,1,1,1,1,0,0,0,1,0,0,9
GGG,2014B,285193,1,West Midlands Region,Lower Than A Level,20-Oct,0-35,0,30,1,Distinction,14,0,1,1,1,0,0,0,0,1,0,1,0,1,0,5
GGG,2014B,285223,1,South Region,Lower Than A Level,90-100%,0-35,0,30,0,Fail,13,1,1,0,0,0,1,0,1,0,1,0,1,1,0,5
GGG,2014B,285861,1,North Western Region,Lower Than A Level,40-50%,35-55,0,30,0,Fail,15,1,1,0,0,0,0,0,0,0,1,0,0,0,1,10
GGG,2014B,299536,1,South West Region,Lower Than A Level,50-60%,0-35,0,30,1,Fail,3,1,0,0,0,1,1,0,0,0,1,1,1,0,0,8
GGG,2014B,301498,1,Yorkshire Region,Lower Than A Level,20-Oct,0-35,0,30,0,Pass,2,1,0,1,0,1,1,0,1,0,1,1,0,1,0,2
GGG,2014B,304106,0,South Region,A Level or Equivalent,40-50%,35-55,0,30,1,Fail,8,0,1,0,1,1,1,0,1,1,0,0,0,0,1,3
GGG,2014B,305792,1,South Region,A Level or Equivalent,20-30%,35-55,0,30,0,Pass,12,1,1,0,1,1,1,0,1,1,1,1,1,1,0,7
GGG,2014B,324773,1,South East Region,A Level or Equivalent,50-60%,35-55,0,30,0,Distinction,9,1,1,0,0,1,0,1,1,1,0,1,0,0,1,4
GGG,2014B,344098,1,South West Region,A Level or Equivalent,0-10%,0-35,0,30,0,Pass,8,0,1,0,0,1,0,1,0,1,0,0,1,0,1,3
GGG,2014B,345737,1,London Region,A Level or Equivalent,20-Oct,35-55,1,60,1,Withdrawn,13,0,0,1,0,0,1,1,0,1,0,1,0,0,0,5
GGG,2014B,345881,1,West Midlands Region,A Level or Equivalent,0-10%,0-35,1,60,0,Pass,8,0,1,0,1,0,1,0,1,1,0,0,0,1,1,3
GGG,2014B,350473,1,West Midlands Region,A Level or Equivalent,20-Oct,0-35,0,30,1,Fail,16,0,1,1,1,1,1,0,1,0,1,1,1,1,0,10
GGG,2014B,359645,1,South East Region,Lower Than A Level,90-100%,0-35,0,30,0,Withdrawn,1,0,0,1,1,1,0,1,1,0,1,1,1,0,1,2
GGG,2014B,365084,1,South Region,A Level or Equivalent,30-40%,35-55,0,30,0,Pass,16,1,1,0,0,1,1,0,1,1,1,1,1,0,1,10
GGG,2014B,366371,1,Yorkshire Region,A Level or Equivalent,90-100%,0-35,0,30,0,Fail,2,0,0,0,1,1,0,1,1,1,1,1,1,1,0,2
GGG,2014B,366771,0,North Western Region,A Level or Equivalent,90-100%,0-35,0,30,0,Distinction,16,1,1,0,1,1,0,1,0,1,1,1,0,1,1,10
GGG,2014B,372837,1,North Western Region,A Level or Equivalent,70-80%,0-35,0,30,0,Fail,5,0,0,0,1,1,0,0,0,1,0,0,0,1,0,9
GGG,2014B,374266,1,South Region,Lower Than A Level,40-50%,0-35,0,30,0,Distinction,10,0,1,1,1,1,1,1,0,1,1,1,0,1,1,1
GGG,2014B,380238,1,South Region,Lower Than A Level,80-90%,0-35,0,30,1,Pass,4,0,1,1,1,0,1,1,0,0,1,1,0,0,0,8
GGG,2014B,380894,1,South Region,A Level or Equivalent,40-50%,35-55,0,30,0,Pass,16,1,0,1,1,1,0,1,0,1,0,0,0,0,0,10
GGG,2014B,383420,0,North Region,A Level or Equivalent,0-10%,0-35,1,60,1,Pass,9,0,0,1,1,1,1,1,1,1,0,0,0,0,0,4
GGG,2014B,384035,1,South East Region,A Level or Equivalent,40-50%,0-35,0,30,0,Pass,11,0,0,0,0,1,0,1,0,1,1,1,1,1,1,6
GGG,2014B,385228,1,Yorkshire Region,Lower Than A Level,0-10%,0-35,0,30,0,Pass,12,0,1,0,1,1,0,0,1,1,0,1,1,1,1,7
GGG,2014B,387294,1,North Region,Lower Than A Level,60-70%,35-55,0,30,0,Pass,8,0,0,0,0,0,1,1,1,0,1,1,1,0,1,3
GGG,2014B,391937,1,South West Region,A Level or Equivalent,60-70%,35-55,0,30,0,Pass,9,1,1,0,1,0,1,0,1,0,0,1,1,0,0,4
GGG,2014B,393682,1,London Region,A Level or Equivalent,0-10%,0-35,0,30,0,Fail,6,0,1,1,0,1,0,0,1,0,0,0,0,1,1,9
GGG,2014B,394024,1,South Region,Lower Than A Level,90-100%,35-55,0,30,0,Pass,14,1,0,1,1,1,1,1,1,0,1,0,1,1,0,5
GGG,2014B,398029,1,Yorkshire Region,Lower Than A Level,60-70%,0-35,0,30,0,Fail,13,0,1,0,0,1,1,1,1,0,1,1,0,0,1,5
GGG,2014B,399120,1,London Region,Lower Than A Level,20-30%,0-35,0,30,0,Withdrawn,12,0,1,0,0,1,0,0,0,1,0,1,1,0,0,7
GGG,2014B,401909,1,London Region,Lower Than A Level,20-Oct,35-55,0,30,1,Withdrawn,6,0,1,1,1,1,1,0,0,1,1,1,1,0,0,9
GGG,2014B,406751,1,South Region,Lower Than A Level,30-40%,35-55,0,30,1,Pass,13,0,1,0,0,0,1,1,1,0,1,0,1,1,1,5
GGG,2014B,411546,1,South East Region,Lower Than A Level,50-60%,0-35,1,60,0,Fail,4,0,1,1,1,1,0,1,1,1,1,1,1,1,1,8
GGG,2014B,414668,0,South Region,A Level or Equivalent,70-80%,0-35,0,30,0,Distinction,8,0,1,0,1,1,1,0,1,1,1,0,0,1,0,3
GGG,2014B,414696,0,West Midlands Region,Lower Than A Level,0-10%,35-55,0,30,0,Pass,2,0,0,0,0,0,0,0,0,1,1,0,1,1,0,2
GGG,2014B,415399,0,East Anglian Region,Lower Than A Level,70-80%,0-35,1,60,0,Fail,8,1,0,1,0,0,0,0,1,1,1,1,0,1,0,3
GGG,2014B,415818,1,West Midlands Region,Lower Than A Level,20-Oct,35-55,0,30,0,Pass,5,1,0,1,0,0,0,0,1,1,0,1,0,0,1,9
GGG,2014B,417096,1,South East Region,Lower Than A Level,60-70%,35-55,0,30,0,Pass,11,0,0,1,1,0,0,0,1,0,0,1,0,0,0,6
GGG,2014B,425257,0,East Midlands Region,A Level or Equivalent,40-50%,0-35,0,30,0,Fail,8,0,1,1,1,0,0,0,0,1,1,0,0,1,0,3
GGG,2014B,426547,1,South Region,A Level or Equivalent,40-50%,35-55,0,30,1,Pass,9,1,0,1,1,1,0,0,1,0,0,0,1,1,1,4
GGG,2014B,441791,0,London Region,Lower Than A Level,50-60%,35-55,0,30,0,Pass,5,0,0,0,0,1,0,1,1,0,1,0,1,0,1,9
GGG,2014B,442561,1,South East Region,A Level or Equivalent,30-40%,35-55,0,30,0,Pass,14,1,0,1,0,1,1,1,1,1,0,0,0,1,0,5
GGG,2014B,442618,1,South Region,A Level or Equivalent,80-90%,0-35,0,30,0,Withdrawn,16,1,0,0,0,0,1,0,0,1,0,1,1,1,1,10
GGG,2014B,442877,1,South East Region,Lower Than A Level,40-50%,35-55,0,30,1,Pass,7,0,1,0,0,0,0,1,0,1,0,0,1,0,1,3
GGG,2014B,442949,0,South Region,Lower Than A Level,40-50%,0-35,0,30,0,Fail,11,1,1,0,0,1,1,0,1,0,0,0,0,1,1,6
GGG,2014B,443387,0,Yorkshire Region,Lower Than A Level,60-70%,0-35,0,30,0,Pass,10,1,1,0,0,1,0,0,1,0,0,1,0,1,1,1
GGG,2014B,447475,1,East Midlands Region,Lower Than A Level,40-50%,35-55,0,30,0,Distinction,4,1,0,0,0,0,0,0,0,0,0,1,0,1,0,8
GGG,2014B,469284,0,London Region,A Level or Equivalent,20-30%,0-35,0,30,0,Fail,12,0,0,0,1,1,0,0,1,1,1,1,0,0,1,7
GGG,2014B,472511,0,West Midlands Region,Lower Than A Level,20-30%,0-35,0,30,0,Pass,5,1,0,1,0,0,0,1,0,1,1,1,0,0,0,9
GGG,2014B,480086,1,South West Region,Lower Than A Level,40-50%,0-35,0,30,0,Pass,5,0,1,0,1,1,1,0,1,1,0,0,1,0,0,9
GGG,2014B,480590,1,West Midlands Region,Lower Than A Level,80-90%,0-35,0,30,1,Pass,8,1,0,1,1,1,1,0,0,0,0,0,0,1,0,3
GGG,2014B,481762,1,East Midlands Region,A Level or Equivalent,20-Oct,0-35,1,60,0,Pass,4,0,0,0,1,0,0,0,0,0,0,1,1,1,0,8
GGG,2014B,482677,1,South East Region,Lower Than A Level,70-80%,0-35,1,60,0,Pass,2,0,1,0,1,0,0,0,0,0,1,0,0,0,1,2
GGG,2014B,483582,0,South East Region,Lower Than A Level,60-70%,0-35,0,30,0,Fail,16,0,1,1,0,1,0,1,1,0,1,1,0,1,0,10
GGG,2014B,485448,1,South West Region,Lower Than A Level,40-50%,0-35,0,30,0,Distinction,14,0,1,1,1,0,1,1,1,0,1,0,0,0,1,5
GGG,2014B,486279,0,South West Region,Lower Than A Level,30-40%,0-35,0,30,0,Distinction,2,0,0,0,0,0,1,1,1,1,1,0,0,0,1,2
GGG,2014B,487278,0,West Midlands Region,Lower Than A Level,70-80%,0-35,0,60,0,Distinction,3,0,1,1,1,0,0,1,0,1,1,0,1,1,0,8
GGG,2014B,488445,1,South East Region,Lower Than A Level,90-100%,35-55,0,30,0,Pass,5,1,1,0,1,0,1,1,1,1,1,0,1,1,0,9
GGG,2014B,491474,0,South West Region,Lower Than A Level,60-70%,0-35,0,30,0,Fail,12,1,0,1,0,1,1,1,1,0,0,0,1,0,1,7
GGG,2014B,491607,1,South West Region,A Level or Equivalent,50-60%,0-35,0,30,0,Withdrawn,2,0,1,1,1,0,0,1,0,0,0,0,0,1,1,2
GGG,2014B,492909,1,Yorkshire Region,Lower Than A Level,0-10%,0-35,0,30,0,Distinction,3,0,0,1,0,0,1,1,1,0,0,0,0,0,0,8
GGG,2014B,495976,1,South East Region,Lower Than A Level,70-80%,35-55,0,30,0,Pass,8,0,1,0,1,1,1,1,1,1,1,1,0,0,1,3
GGG,2014B,496978,1,North Western Region,Lower Than A Level,50-60%,0-35,0,90,0,Distinction,6,1,0,1,0,0,0,0,1,0,0,0,0,1,1,9
GGG,2014B,497619,1,London Region,Lower Than A Level,20-Oct,0-35,1,60,0,Fail,2,1,1,0,0,0,1,0,0,1,1,1,0,1,0,2
GGG,2014B,501755,0,South Region,Lower Than A Level,80-90%,0-35,0,30,0,Pass,11,1,1,1,1,0,0,1,1,1,1,0,1,0,1,6
GGG,2014B,502182,1,South Region,Lower Than A Level,50-60%,0-35,0,30,0,Pass,3,1,0,1,1,1,1,0,0,0,0,1,1,1,0,8
GGG,2014B,502709,0,East Anglian Region,HE Qualification,30-40%,35-55,0,30,0,Distinction,11,0,0,1,0,1,1,0,0,0,1,0,0,0,1,6
GGG,2014B,502763,1,Yorkshire Region,Lower Than A Level,40-50%,0-35,0,60,0,Fail,12,1,0,1,0,1,1,1,0,0,1,0,1,0,1,7
GGG,2014B,503201,0,North Western Region,Lower Than A Level,30-40%,0-35,0,30,0,Fail,11,0,1,1,0,0,1,0,0,0,1,1,0,1,1,6
GGG,2014B,506533,1,North Western Region,Lower Than A Level,0-10%,35-55,1,60,1,Pass,5,0,0,1,0,0,0,0,0,0,0,0,0,1,1,9
GGG,2014B,507334,1,East Anglian Region,Lower Than A Level,60-70%,0-35,0,30,0,Pass,16,1,1,1,1,1,0,1,0,0,0,0,0,1,1,10
GGG,2014B,508573,1,South West Region,Lower Than A Level,30-40%,35-55,1,60,0,Pass,6,0,1,1,1,1,0,1,1,1,0,0,1,0,0,9
GGG,2014B,508924,1,East Anglian Region,HE Qualification,80-90%,35-55,0,30,0,Pass,8,1,1,1,1,1,0,0,0,0,1,0,1,0,1,3
GGG,2014B,510874,1,North Western Region,A Level or Equivalent,80-90%,35-55,0,30,0,Pass,12,0,1,1,0,1,0,0,1,1,1,0,0,0,1,7
GGG,2014B,511228,1,South East Region,Lower Than A Level,90-100%,35-55,0,30,1,Pass,2,1,0,0,1,1,0,0,1,0,0,1,0,0,1,2
GGG,2014B,511492,1,South East Region,Lower Than A Level,60-70%,0-35,1,60,0,Fail,11,1,1,1,1,0,1,0,1,0,0,1,1,0,0,6
GGG,2014B,515051,1,London Region,Lower Than A Level,20-Oct,0-35,0,30,0,Fail,14,1,1,0,1,1,1,1,1,1,0,0,1,1,0,5
GGG,2014B,518145,1,West Midlands Region,Lower Than A Level,40-50%,35-55,0,30,1,Pass,4,1,1,1,1,0,0,1,0,1,1,0,0,0,1,8
GGG,2014B,518661,1,West Midlands Region,Lower Than A Level,70-80%,0-35,0,30,0,Pass,11,0,1,1,0,1,0,0,1,0,1,1,1,1,0,6
GGG,2014B,519910,1,West Midlands Region,Lower Than A Level,50-60%,0-35,0,30,0,Fail,13,1,0,0,1,1,1,1,0,0,1,0,1,1,1,5
GGG,2014B,521644,1,London Region,HE Qualification,20-30%,35-55,0,30,0,Distinction,3,1,0,0,0,0,1,0,1,0,0,0,1,0,0,8
GGG,2014B,523427,0,Yorkshire Region,A Level or Equivalent,0-10%,0-35,0,30,0,Withdrawn,15,1,1,1,0,0,1,1,1,1,1,0,0,0,1,10
GGG,2014B,532441,1,East Midlands Region,A Level or Equivalent,20-30%,0-35,0,30,0,Withdrawn,8,0,0,0,0,1,0,1,0,0,1,1,1,0,0,3
GGG,2014B,532473,1,London Region,Lower Than A Level,20-Oct,0-35,0,30,1,Withdrawn,14,0,0,1,0,0,0,0,0,0,1,1,0,1,1,5
GGG,2014B,533054,1,East Midlands Region,A Level or Equivalent,20-30%,0-35,0,60,0,Distinction,15,0,1,0,1,0,1,1,1,1,0,1,0,0,1,10
GGG,2014B,538918,1,East Anglian Region,Lower Than A Level,20-30%,35-55,0,30,0,Fail,8,1,1,1,0,0,1,1,1,1,0,1,0,0,0,3
GGG,2014B,541044,1,East Anglian Region,Lower Than A Level,90-100%,0-35,0,30,0,Withdrawn,11,1,0,0,0,0,0,1,0,0,0,0,1,0,1,6
GGG,2014B,541890,1,East Midlands Region,A Level or Equivalent,90-100%,35-55,0,30,0,Pass,6,1,1,0,0,0,1,0,1,1,1,1,1,0,0,9
GGG,2014B,542562,1,South East Region,A Level or Equivalent,60-70%,0-35,0,240,1,Pass,1,0,0,1,0,0,1,1,1,1,1,0,1,1,1,2
GGG,2014B,543910,1,South Region,Lower Than A Level,90-100%,0-35,0,30,0,Pass,9,1,1,1,0,0,1,1,1,0,1,1,1,0,1,4
GGG,2014B,545665,1,South West Region,A Level or Equivalent,20-30%,35-55,0,60,1,Distinction,7,0,0,0,1,0,1,1,0,0,1,0,1,0,0,3
GGG,2014B,547155,1,East Anglian Region,No Formal quals,60-70%,0-35,1,60,0,Pass,2,0,0,1,1,0,1,0,1,1,1,1,1,0,0,2
GGG,2014B,548578,1,South West Region,No Formal quals,30-40%,0-35,0,90,0,Fail,7,0,1,0,0,0,1,1,1,0,0,1,1,1,1,3
GGG,2014B,549603,1,West Midlands Region,Lower Than A Level,40-50%,35-55,0,30,0,Fail,7,1,1,1,1,1,1,0,0,1,0,1,0,1,1,3
GGG,2014B,550515,1,East Midlands Region,Lower Than A Level,20-Oct,0-35,0,30,0,Pass,16,1,0,1,1,0,0,1,1,0,0,0,1,1,1,10
GGG,2014B,550662,1,North Western Region,Lower Than A Level,50-60%,35-55,0,30,0,Fail,5,1,0,0,0,1,1,0,1,1,0,0,1,1,0,9
GGG,2014B,550758,1,South West Region,A Level or Equivalent,80-90%,0-35,0,90,1,Distinction,8,1,0,1,0,0,1,0,1,1,0,0,0,0,1,3
GGG,2014B,551562,1,East Anglian Region,A Level or Equivalent,40-50%,0-35,1,60,0,Fail,14,0,1,0,0,1,0,1,1,1,1,0,0,0,0,5
GGG,2014B,552486,0,Yorkshire Region,Lower Than A Level,50-60%,0-35,0,30,0,Distinction,8,0,0,1,1,0,1,0,1,1,1,0,0,0,0,3
GGG,2014B,552509,1,Yorkshire Region,Lower Than A Level,20-30%,0-35,0,30,0,Fail,11,1,1,1,1,1,1,1,0,1,1,0,0,1,1,6
GGG,2014B,553640,1,East Anglian Region,A Level or Equivalent,30-40%,0-35,0,30,0,Withdrawn,1,1,1,1,0,1,1,1,1,0,0,0,1,0,1,2
GGG,2014B,556406,1,East Anglian Region,A Level or Equivalent,20-30%,0-35,0,30,0,Pass,13,0,1,0,1,1,0,0,0,1,1,1,1,0,0,5
GGG,2014B,556463,1,Yorkshire Region,A Level or Equivalent,20-Oct,0-35,0,30,0,Fail,2,1,1,0,1,1,1,0,0,1,1,0,0,1,1,2
GGG,2014B,561441,1,South Region,Lower Than A Level,40-50%,35-55,1,60,0,Withdrawn,1,1,0,1,0,1,1,1,0,1,1,1,0,1,0,2
GGG,2014B,562628,1,South Region,Lower Than A Level,60-70%,35-55,0,30,0,Pass,14,1,0,0,0,1,0,0,0,0,0,0,1,0,0,5
GGG,2014B,563301,1,East Anglian Region,Lower Than A Level,60-70%,35-55,0,30,0,Fail,12,1,1,0,1,1,1,1,0,0,1,0,0,1,0,7
GGG,2014B,566818,1,London Region,Lower Than A Level,30-40%,0-35,0,30,1,Fail,15,0,0,0,1,0,0,0,1,0,0,1,1,1,0,10
GGG,2014B,568572,0,London Region,A Level or Equivalent,60-70%,35-55,0,90,0,Withdrawn,5,0,1,0,0,1,0,1,0,0,1,1,1,1,0,9
GGG,2014B,568863,0,South West Region,A Level or Equivalent,60-70%,35-55,0,30,0,Fail,13,1,1,0,1,1,1,1,1,0,0,1,1,1,1,5
GGG,2014B,569093,1,South Region,A Level or Equivalent,80-90%,0-35,0,30,0,Pass,1,0,1,1,0,0,0,1,1,0,1,1,1,0,0,2
GGG,2014B,571089,1,North Western Region,Lower Than A Level,30-40%,35-55,0,30,0,Pass,9,1,1,0,0,1,1,0,1,0,0,1,0,1,0,4
GGG,2014B,573834,1,South West Region,A Level or Equivalent,70-80%,0-35,0,30,1,Fail,2,1,1,0,1,0,1,0,1,0,0,0,0,1,1,2
GGG,2014B,575199,1,North Western Region,Lower Than A Level,,0-35,0,30,0,Pass,1,0,1,1,1,0,1,1,1,0,1,1,0,0,0,2
GGG,2014B,575217,0,East Anglian Region,Lower Than A Level,90-100%,35-55,0,30,0,Pass,15,1,0,0,1,1,0,1,0,0,1,0,0,1,0,10
GGG,2014B,575324,0,North Western Region,Lower Than A Level,50-60%,0-35,1,60,0,Fail,7,1,0,1,0,0,0,0,1,0,1,1,1,1,1,3
GGG,2014B,575693,1,London Region,A Level or Equivalent,70-80%,0-35,0,30,0,Withdrawn,6,1,1,0,0,1,1,0,0,1,1,1,1,1,1,9
GGG,2014B,575709,1,Yorkshire Region,A Level or Equivalent,40-50%,0-35,0,30,0,Pass,4,1,1,1,0,1,0,0,1,1,1,1,0,0,0,8
GGG,2014B,576416,1,London Region,Lower Than A Level,0-10%,0-35,0,30,0,Withdrawn,7,0,1,0,1,1,1,0,1,1,0,0,1,0,1,3
GGG,2014B,576658,1,East Midlands Region,Lower Than A Level,80-90%,35-55,0,90,0,Withdrawn,14,1,1,1,0,1,1,1,0,0,1,0,0,1,0,5
GGG,2014B,577000,0,East Midlands Region,Lower Than A Level,20-Oct,0-35,1,60,0,Pass,9,1,1,0,0,1,1,1,0,0,1,0,0,0,1,4
GGG,2014B,577136,1,East Anglian Region,A Level or Equivalent,40-50%,35-55,0,30,0,Pass,13,0,0,1,1,0,1,1,0,1,1,1,1,0,1,5
GGG,2014B,577275,1,North Western Region,HE Qualification,20-30%,35-55,0,90,1,Distinction,12,1,1,0,0,0,0,0,0,1,1,1,0,1,0,7
GGG,2014B,577474,1,London Region,Lower Than A Level,50-60%,35-55,0,120,0,Withdrawn,14,1,1,0,0,1,1,0,0,1,0,1,1,0,1,5
GGG,2014B,577792,1,South West Region,Lower Than A Level,50-60%,35-55,0,30,0,Distinction,7,0,0,0,0,0,0,1,0,1,1,0,1,0,0,3
GGG,2014B,578389,0,South West Region,A Level or Equivalent,60-70%,0-35,0,30,0,Pass,3,0,0,1,0,0,0,0,1,1,0,0,0,0,1,8
GGG,2014B,578452,1,North Western Region,Lower Than A Level,20-30%,35-55,0,30,1,Pass,13,0,0,1,1,1,0,1,0,1,1,1,1,1,0,5
GGG,2014B,578845,1,North Region,A Level or Equivalent,20-Oct,0-35,0,30,0,Fail,6,1,0,1,0,1,0,0,1,1,0,1,0,1,1,9
GGG,2014B,579692,0,South West Region,Lower Than A Level,30-40%,0-35,1,120,0,Pass,2,0,1,0,1,1,0,1,0,1,0,0,0,0,0,2
GGG,2014B,582033,0,London Region,Lower Than A Level,50-60%,35-55,0,30,0,Fail,15,1,0,1,0,0,0,1,0,0,0,1,0,0,0,10
GGG,2014B,582283,1,East Anglian Region,Lower Than A Level,90-100%,35-55,0,30,0,Pass,13,0,0,1,0,0,0,0,0,0,0,1,0,1,0,5
GGG,2014B,583101,1,North Western Region,A Level or Equivalent,20-Oct,35-55,0,150,0,Fail,9,1,1,0,0,0,1,0,0,0,1,0,1,1,0,4
GGG,2014B,583148,1,West Midlands Region,Lower Than A Level,90-100%,0-35,0,30,0,Pass,14,1,1,0,0,1,0,1,1,1,0,0,1,0,0,5
GGG,2014B,583686,1,East Midlands Region,A Level or Equivalent,50-60%,0-35,0,30,0,Withdrawn,13,1,1,0,1,0,0,1,0,0,1,0,0,0,0,5
GGG,2014B,583687,1,North Western Region,Lower Than A Level,0-10%,0-35,1,120,1,Fail,7,0,1,1,0,0,1,0,0,1,0,1,1,1,0,3
GGG,2014B,586054,1,South West Region,Lower Than A Level,80-90%,0-35,0,30,0,Fail,11,1,0,1,0,0,1,1,0,1,0,0,1,0,1,6
GGG,2014B,586494,1,South Region,A Level or Equivalent,50-60%,35-55,1,60,0,Distinction,16,1,0,1,1,1,1,1,1,1,0,0,1,1,1,10
GGG,2014B,587287,0,West Midlands Region,A Level or Equivalent,30-40%,0-35,1,60,0,Fail,4,0,1,1,0,1,1,0,1,0,1,0,1,0,0,8
GGG,2014B,587613,1,East Anglian Region,A Level or Equivalent,90-100%,0-35,1,60,0,Fail,14,0,0,0,0,0,1,1,1,1,1,0,1,1,1,5
GGG,2014B,588031,0,South West Region,Lower Than A Level,0-10%,0-35,1,60,0,Pass,5,0,0,1,0,1,0,1,1,0,1,1,0,1,0,9
GGG,2014B,588489,1,Yorkshire Region,Lower Than A Level,20-Oct,0-35,0,30,1,Fail,12,0,1,0,1,0,0,1,1,1,1,0,0,0,0,7
GGG,2014B,588940,0,South Region,A Level or Equivalent,60-70%,35-55,1,60,0,Fail,8,1,0,1,0,1,1,0,0,0,1,0,0,0,0,3
GGG,2014B,589009,1,South West Region,Lower Than A Level,20-30%,0-35,0,30,0,Pass,4,1,0,1,0,0,0,1,0,0,0,1,1,0,1,8
GGG,2014B,589053,1,London Region,Lower Than A Level,30-40%,35-55,1,60,0,Pass,2,0,0,1,0,0,0,1,1,0,0,0,0,0,0,2
GGG,2014B,589973,1,London Region,Lower Than A Level,30-40%,0-35,0,90,1,Fail,2,1,1,1,0,1,1,1,1,1,0,1,1,0,1,2
GGG,2014B,590445,1,South West Region,Lower Than A Level,70-80%,0-35,0,30,0,Pass,5,1,1,0,0,0,1,0,1,1,1,0,0,1,0,9
GGG,2014B,590739,1,West Midlands Region,Lower Than A Level,20-30%,0-35,0,30,0,Fail,11,0,0,1,0,1,0,0,1,1,0,0,1,1,1,6
GGG,2014B,590758,1,East Midlands Region,Lower Than A Level,40-50%,35-55,0,30,0,Fail,11,0,1,1,1,1,0,1,0,0,1,1,0,1,0,6
GGG,2014B,591563,1,South West Region,Lower Than A Level,80-90%,35-55,0,30,0,Pass,3,0,0,1,0,1,1,0,0,0,1,0,1,0,0,8
GGG,2014B,592001,1,London Region,A Level or Equivalent,50-60%,0-35,0,30,0,Fail,8,1,0,1,0,1,1,1,0,1,1,0,0,0,0,3
GGG,2014B,592190,1,Yorkshire Region,Lower Than A Level,0-10%,0-35,0,30,1,Pass,12,0,0,0,1,1,0,1,0,0,0,0,0,1,0,7
GGG,2014B,593121,1,North Western Region,Lower Than A Level,0-10%,35-55,0,30,0,Pass,16,1,1,1,1,1,0,1,0,1,1,0,0,1,1,10
GGG,2014B,593785,0,London Region,Lower Than A Level,20-30%,0-35,0,30,0,Pass,6,1,1,0,0,0,0,1,0,1,0,1,1,0,1,9
GGG,2014B,593965,1,West Midlands Region,A Level or Equivalent,70-80%,0-35,0,30,0,Distinction,6,0,1,0,1,0,1,1,0,0,0,0,1,1,0,9
GGG,2014B,594167,1,East Anglian Region,Lower Than A Level,50-60%,0-35,0,30,0,Distinction,1,1,1,1,1,1,0,1,0,1,1,0,1,1,0,2
GGG,2014B,594723,1,North Western Region,Lower Than A Level,0-10%,0-35,0,30,0,Distinction,1,0,1,0,0,0,1,1,1,1,1,1,0,0,0,2
GGG,2014B,594908,0,East Anglian Region,Lower Than A Level,50-60%,0-35,1,60,0,Fail,2,1,0,1,1,0,1,0,0,0,0,1,0,1,1,2
GGG,2014B,595102,1,South Region,A Level or Equivalent,20-30%,0-35,0,30,0,Pass,7,0,1,0,0,1,1,0,0,1,1,0,0,0,0,3
GGG,2014B,595343,1,Yorkshire Region,Lower Than A Level,60-70%,0-35,0,30,0,Pass,3,1,1,1,1,0,1,1,1,1,1,0,0,1,0,8
GGG,2014B,595572,1,South Region,A Level or Equivalent,70-80%,0-35,1,60,0,Pass,5,1,0,0,1,0,1,0,1,0,1,0,1,0,0,9
GGG,2014B,596307,1,London Region,Lower Than A Level,20-Oct,0-35,0,30,0,Fail,11,1,0,0,0,0,0,0,0,0,0,0,0,1,0,6
GGG,2014B,596382,1,North Western Region,A Level or Equivalent,20-Oct,0-35,0,30,0,Fail,8,1,1,1,1,1,0,1,0,0,0,0,0,1,0,3
GGG,2014B,596513,1,Yorkshire Region,Lower Than A Level,0-10%,0-35,1,60,0,Pass,12,0,1,1,1,0,1,1,1,1,1,1,0,1,1,7
GGG,2014B,596588,0,East Midlands Region,A Level or Equivalent,30-40%,0-35,1,60,0,Pass,13,0,0,0,1,0,0,1,1,0,1,1,0,0,0,5
GGG,2014B,596751,1,South West Region,A Level or Equivalent,60-70%,35-55,0,30,0,Distinction,8,1,1,1,0,0,1,1,0,0,1,1,1,0,0,3
GGG,2014B,597010,1,South Region,Lower Than A Level,20-30%,0-35,1,60,0,Pass,9,0,1,0,1,1,1,1,1,1,0,1,1,0,1,4
GGG,2014B,597037,1,North Western Region,Lower Than A Level,0-10%,0-35,0,30,0,Fail,14,1,0,1,0,1,1,1,0,0,1,1,0,0,1,5
GGG,2014B,598017,0,North Western Region,A Level or Equivalent,50-60%,35-55,0,30,0,Distinction,1,1,1,1,1,1,0,1,1,0,0,0,0,0,1,2
GGG,2014B,598127,1,North Western Region,A Level or Equivalent,0-10%,0-35,0,30,0,Fail,5,0,0,1,1,1,0,0,1,1,0,1,1,0,1,9
GGG,2014B,598496,1,South East Region,Lower Than A Level,20-30%,0-35,1,60,0,Fail,11,1,0,1,0,1,1,1,1,0,0,1,0,0,0,6
GGG,2014B,598564,1,South Region,Lower Than A Level,60-70%,0-35,0,30,0,Fail,11,1,0,0,0,0,1,0,0,1,1,0,0,1,0,6
GGG,2014B,599144,1,East Midlands Region,A Level or Equivalent,20-30%,0-35,0,30,0,Pass,5,0,1,1,0,0,1,1,0,0,1,0,0,0,1,9
GGG,2014B,599276,1,East Anglian Region,A Level or Equivalent,60-70%,35-55,0,30,0,Distinction,2,0,0,0,0,0,1,0,0,0,1,1,1,0,1,2
GGG,2014B,599277,1,North Western Region,A Level or Equivalent,30-40%,0-35,0,30,0,Fail,5,0,1,0,0,1,1,1,0,0,1,1,1,1,0,9
GGG,2014B,599467,0,South West Region,Lower Than A Level,20-30%,0-35,1,60,0,Pass,4,0,1,0,0,0,0,0,0,1,0,1,0,1,0,8
GGG,2014B,599620,1,West Midlands Region,A Level or Equivalent,40-50%,0-35,0,30,0,Pass,11,0,0,1,1,0,1,0,1,1,0,1,0,0,0,6
GGG,2014B,600035,1,West Midlands Region,Lower Than A Level,20-30%,0-35,0,90,0,Pass,8,1,1,1,0,0,1,1,1,1,0,0,0,1,1,3
GGG,2014B,600390,0,South East Region,Lower Than A Level,40-50%,0-35,0,30,1,Withdrawn,4,1,1,0,0,0,1,1,0,0,0,1,0,0,0,8
GGG,2014B,600714,1,North Western Region,A Level or Equivalent,60-70%,35-55,0,30,0,Pass,13,1,0,0,1,1,0,0,1,0,1,0,0,0,0,5
GGG,2014B,601064,0,East Anglian Region,A Level or Equivalent,90-100%,0-35,1,60,0,Pass,16,1,1,1,0,1,1,1,1,1,1,1,0,0,1,10
GGG,2014B,602045,1,West Midlands Region,A Level or Equivalent,0-10%,0-35,0,30,0,Distinction,10,0,1,0,1,0,0,1,0,0,1,1,1,0,0,1
GGG,2014B,602061,1,East Anglian Region,Lower Than A Level,30-40%,0-35,1,60,0,Fail,7,1,0,0,0,0,0,0,1,1,0,0,0,1,0,3
GGG,2014B,602616,0,North Region,Lower Than A Level,20-Oct,0-35,0,150,0,Withdrawn,7,0,1,0,0,1,1,0,1,0,1,0,0,1,0,3
GGG,2014B,602655,1,North Western Region,A Level or Equivalent,50-60%,35-55,1,60,0,Distinction,8,1,0,0,1,0,1,1,1,0,1,0,1,1,0,3
GGG,2014B,602858,0,North Western Region,Lower Than A Level,70-80%,0-35,0,30,0,Fail,16,0,0,1,0,1,1,0,1,1,1,0,1,1,0,10
GGG,2014B,602997,1,East Anglian Region,No Formal quals,20-30%,0-35,1,60,0,Withdrawn,4,0,1,1,0,1,1,1,0,1,1,1,1,1,1,8
GGG,2014B,603064,1,East Midlands Region,Lower Than A Level,20-Oct,35-55,0,30,1,Fail,13,0,0,1,0,0,1,1,1,1,0,1,1,1,1,5
GGG,2014B,603124,1,South East Region,A Level or Equivalent,60-70%,0-35,0,30,0,Withdrawn,3,1,0,0,0,0,1,0,0,1,0,1,0,0,1,8
GGG,2014B,603612,1,North Western Region,A Level or Equivalent,20-Oct,35-55,1,60,0,Fail,4,0,0,0,1,1,0,0,0,0,0,1,1,0,1,8
GGG,2014B,603921,1,East Midlands Region,Lower Than A Level,60-70%,0-35,0,90,0,Pass,16,1,1,1,1,1,0,1,1,0,1,0,0,0,1,10
GGG,2014B,604482,0,North Region,Lower Than A Level,20-Oct,35-55,1,60,0,Fail,8,1,0,0,1,0,1,0,1,1,1,1,0,0,0,3
GGG,2014B,604504,0,West Midlands Region,No Formal quals,0-10%,0-35,0,30,0,Distinction,5,1,0,1,1,0,1,1,1,1,1,0,1,0,0,9
GGG,2014B,604901,1,East Anglian Region,Lower Than A Level,40-50%,0-35,0,30,1,Pass,1,1,1,1,1,1,0,1,0,1,1,1,1,1,0,2
GGG,2014B,605176,1,South East Region,A Level or Equivalent,70-80%,0-35,0,90,0,Fail,5,1,1,0,0,1,1,1,1,0,0,1,1,0,1,9
GGG,2014B,605375,1,London Region,A Level or Equivalent,20-Oct,35-55,1,60,1,Pass,3,1,0,0,1,1,1,1,1,1,1,0,0,1,0,8
GGG,2014B,605445,1,London Region,Lower Than A Level,40-50%,0-35,1,60,0,Pass,12,1,1,1,1,1,1,0,0,0,1,0,0,0,1,7
GGG,2014B,605556,1,West Midlands Region,A Level or Equivalent,30-40%,0-35,1,60,0,Pass,4,0,1,1,1,1,1,0,0,0,0,1,0,0,0,8
GGG,2014B,605702,1,Yorkshire Region,A Level or Equivalent,70-80%,0-35,0,30,0,Fail,16,1,1,0,0,0,0,0,0,1,0,0,1,1,1,10
GGG,2014B,605828,1,South East Region,Lower Than A Level,60-70%,35-55,0,30,1,Pass,8,0,1,1,1,1,1,1,1,0,0,0,0,0,1,3
GGG,2014B,606101,1,East Midlands Region,Lower Than A Level,20-Oct,35-55,0,60,0,Pass,15,0,1,1,0,1,1,0,0,1,0,0,1,1,0,10
GGG,2014B,606175,1,South East Region,A Level or Equivalent,40-50%,0-35,0,30,0,Pass,9,1,1,1,1,1,1,1,0,1,1,0,0,0,1,4
GGG,2014B,606274,0,East Midlands Region,A Level or Equivalent,30-40%,0-35,1,60,0,Fail,12,1,0,0,0,0,1,0,0,1,1,1,1,0,1,7
GGG,2014B,606296,1,East Midlands Region,Lower Than A Level,50-60%,35-55,1,60,0,Pass,12,1,1,1,1,1,0,1,1,1,1,0,0,0,1,7
GGG,2014B,606389,0,South East Region,Lower Than A Level,90-100%,35-55,0,30,0,Pass,12,1,0,1,1,0,0,0,1,0,1,1,1,0,0,7
GGG,2014B,606602,1,North Western Region,Lower Than A Level,70-80%,0-35,1,60,0,Fail,16,0,0,1,0,1,0,1,0,0,0,0,1,0,0,10
GGG,2014B,606705,1,East Midlands Region,Lower Than A Level,20-Oct,35-55,0,30,0,Fail,6,0,1,1,0,0,0,1,0,0,1,1,0,0,0,9
GGG,2014B,606707,1,West Midlands Region,A Level or Equivalent,40-50%,0-35,0,30,0,Distinction,5,1,0,1,1,1,0,0,0,1,1,0,0,0,0,9
GGG,2014B,606858,0,North Region,Lower Than A Level,70-80%,0-35,0,30,0,Pass,5,0,0,0,1,1,0,1,0,1,1,1,1,1,1,9
GGG,2014B,607235,1,West Midlands Region,A Level or Equivalent,0-10%,0-35,0,30,0,Distinction,13,1,1,1,1,1,0,0,0,0,0,1,0,1,1,5
GGG,2014B,607530,1,East Midlands Region,Lower Than A Level,0-10%,35-55,1,60,0,Pass,7,1,0,0,1,0,0,1,0,1,0,0,0,0,0,3
GGG,2014B,607536,1,East Anglian Region,Lower Than A Level,20-30%,0-35,0,30,0,Pass,10,0,1,1,0,0,0,1,1,0,0,0,1,1,1,1
GGG,2014B,607547,1,West Midlands Region,Lower Than A Level,60-70%,35-55,1,60,0,Pass,6,1,1,1,0,0,0,1,0,1,1,0,1,1,1,9
GGG,2014B,607738,1,London Region,Lower Than A Level,0-10%,35-55,0,30,0,Withdrawn,16,1,1,0,0,0,1,1,1,1,0,1,0,0,0,10
GGG,2014B,607762,0,West Midlands Region,A Level or Equivalent,40-50%,0-35,0,30,0,Distinction,5,1,1,0,1,1,1,1,0,1,0,1,0,0,1,9
GGG,2014B,608109,1,London Region,Lower Than A Level,70-80%,0-35,0,30,0,Pass,11,0,0,1,0,0,1,0,1,1,0,0,1,0,0,6
GGG,2014B,608221,1,North Region,Lower Than A Level,0-10%,0-35,0,30,0,Fail,16,0,1,1,0,1,1,1,0,1,1,0,1,0,0,10
GGG,2014B,608263,1,South West Region,Lower Than A Level,50-60%,0-35,0,30,0,Distinction,16,0,0,1,0,1,0,1,0,0,0,1,0,1,0,10
GGG,2014B,608292,0,South East Region,A Level or Equivalent,90-100%,35-55,0,30,0,Pass,3,1,1,1,1,0,0,1,1,1,0,1,1,1,1,8
GGG,2014B,608596,1,West Midlands Region,Lower Than A Level,80-90%,0-35,1,60,0,Pass,4,0,0,0,1,0,0,1,1,1,1,0,1,1,1,8
GGG,2014B,608628,1,London Region,Lower Than A Level,30-40%,0-35,0,30,0,Fail,8,1,1,0,0,0,1,0,1,0,1,1,1,0,1,3
GGG,2014B,608649,0,East Midlands Region,Lower Than A Level,20-Oct,0-35,0,30,1,Withdrawn,9,1,1,0,0,1,0,0,0,0,0,1,0,0,0,4
GGG,2014B,608907,1,South Region,Lower Than A Level,30-40%,35-55,1,60,0,Pass,4,0,0,0,1,0,1,1,1,0,1,0,0,0,0,8
GGG,2014B,609297,1,South Region,Lower Than A Level,80-90%,35-55,0,30,0,Pass,2,1,0,1,1,0,0,0,0,1,0,1,0,1,0,2
GGG,2014B,609326,1,Yorkshire Region,Lower Than A Level,0-10%,35-55,0,30,0,Pass,11,1,1,1,0,0,1,0,0,1,0,0,0,0,1,6
GGG,2014B,609365,1,West Midlands Region,Lower Than A Level,0-10%,0-35,0,30,0,Fail,4,1,1,0,0,1,1,1,0,0,1,0,0,0,0,8
GGG,2014B,609754,1,East Anglian Region,A Level or Equivalent,50-60%,0-35,0,30,0,Pass,5,1,0,0,1,1,0,0,1,0,0,1,1,0,0,9
GGG,2014B,610127,1,London Region,Lower Than A Level,20-Oct,0-35,0,30,0,Pass,8,0,1,1,1,0,0,1,0,0,0,0,0,1,1,3
GGG,2014B,610336,1,North Western Region,A Level or Equivalent,20-30%,35-55,1,60,0,Fail,6,0,0,0,1,1,1,1,0,1,1,0,1,1,0,9
GGG,2014B,610398,1,London Region,Lower Than A Level,30-40%,35-55,1,60,0,Pass,9,0,0,1,1,0,1,1,0,1,1,1,1,0,0,4
GGG,2014B,610461,1,North Region,Lower Than A Level,20-Oct,0-35,0,30,0,Fail,8,0,0,1,0,1,1,0,0,1,0,1,0,1,1,3
GGG,2014B,610917,1,London Region,A Level or Equivalent,0-10%,0-35,0,30,0,Fail,14,1,0,0,1,1,0,0,1,0,1,1,1,0,0,5
GGG,2014B,610967,1,East Midlands Region,A Level or Equivalent,60-70%,0-35,0,30,0,Fail,6,0,0,1,1,0,1,0,1,0,1,1,1,0,1,9
GGG,2014B,611195,0,West Midlands Region,A Level or Equivalent,20-Oct,0-35,0,30,0,Pass,14,0,0,1,0,1,1,1,0,0,0,0,0,1,0,5
GGG,2014B,611351,1,South West Region,A Level or Equivalent,90-100%,0-35,0,30,0,Withdrawn,3,1,0,1,0,1,0,0,1,1,1,1,1,1,1,8
GGG,2014B,611489,1,North Western Region,A Level or Equivalent,80-90%,35-55,0,30,0,Distinction,12,0,1,0,1,1,1,1,0,0,0,0,1,0,1,7
GGG,2014B,611496,1,North Western Region,A Level or Equivalent,50-60%,35-55,0,30,0,Distinction,7,1,1,0,0,1,0,1,0,1,1,0,0,1,0,3
GGG,2014B,611534,1,London Region,Lower Than A Level,20-30%,35-55,1,60,0,Fail,5,1,1,1,1,0,0,1,1,1,1,0,1,0,1,9
GGG,2014B,611612,1,West Midlands Region,Lower Than A Level,30-40%,0-35,0,60,0,Pass,7,1,1,0,1,0,1,0,1,0,0,0,0,1,0,3
GGG,2014B,611629,1,East Anglian Region,Lower Than A Level,80-90%,0-35,0,30,1,Fail,12,1,0,0,0,1,0,0,1,1,0,0,0,0,0,7
GGG,2014B,611962,1,South West Region,A Level or Equivalent,50-60%,35-55,0,30,0,Pass,1,0,1,0,1,0,0,1,0,1,0,1,0,0,0,2
GGG,2014B,612002,1,South West Region,A Level or Equivalent,50-60%,35-55,0,30,0,Pass,14,1,1,0,0,0,0,0,0,0,1,1,0,0,0,5
GGG,2014B,612039,1,North Western Region,Lower Than A Level,0-10%,0-35,0,30,0,Distinction,12,1,1,1,0,0,1,1,0,0,1,0,0,1,1,7
GGG,2014B,612089,1,East Midlands Region,Lower Than A Level,80-90%,0-35,0,30,0,Fail,11,1,1,0,0,0,1,1,0,0,0,1,0,0,1,6
GGG,2014B,612149,1,Yorkshire Region,HE Qualification,80-90%,0-35,0,30,0,Fail,4,1,1,1,1,1,0,1,1,0,1,1,0,1,1,8
GGG,2014B,612207,1,North Western Region,Lower Than A Level,0-10%,0-35,0,30,0,Fail,9,1,1,0,0,1,1,1,1,0,1,1,0,0,0,4
GGG,2014B,612319,0,London Region,A Level or Equivalent,20-Oct,0-35,0,30,0,Pass,2,0,1,0,1,1,1,1,0,1,1,0,1,1,0,2
GGG,2014B,612363,1,East Anglian Region,A Level or Equivalent,20-Oct,0-35,0,30,0,Fail,4,0,0,0,1,1,1,0,1,1,0,0,1,1,0,8
GGG,2014B,612385,1,East Midlands Region,A Level or Equivalent,20-Oct,0-35,0,30,0,Withdrawn,15,0,0,1,0,1,1,0,0,0,1,1,1,1,1,10
GGG,2014B,612459,1,North Western Region,Lower Than A Level,0-10%,0-35,0,30,0,Fail,3,0,0,0,1,0,0,1,1,1,0,0,0,1,1,8
GGG,2014B,612565,1,South East Region,Lower Than A Level,90-100%,0-35,0,30,0,Pass,12,0,0,1,0,1,1,1,0,1,0,1,0,0,0,7
GGG,2014B,612620,1,South East Region,Lower Than A Level,90-100%,35-55,0,30,0,Fail,3,1,1,1,0,0,1,0,1,1,0,0,1,0,0,8
GGG,2014B,612621,1,East Anglian Region,Lower Than A Level,90-100%,35-55,0,30,0,Pass,9,0,0,1,0,1,1,1,0,0,1,0,1,1,0,4
GGG,2014B,612690,1,North Region,Lower Than A Level,50-60%,0-35,0,30,0,Pass,10,0,1,1,0,0,1,0,1,0,1,1,1,1,1,1
GGG,2014B,612709,0,South West Region,Lower Than A Level,30-40%,0-35,0,30,1,Withdrawn,8,1,0,0,0,1,0,0,1,1,0,0,0,1,1,3
GGG,2014B,612711,1,South West Region,Lower Than A Level,20-30%,0-35,0,30,0,Fail,9,1,0,1,0,1,0,0,1,1,0,0,1,1,0,4
GGG,2014B,612797,1,North Western Region,Lower Than A Level,0-10%,0-35,0,30,0,Pass,4,1,0,0,1,1,0,1,1,1,0,1,1,0,0,8
GGG,2014B,612870,1,East Anglian Region,A Level or Equivalent,40-50%,35-55,0,30,0,Pass,5,0,1,1,1,1,1,0,0,0,1,0,0,0,1,9
GGG,2014B,612903,1,South West Region,A Level or Equivalent,80-90%,0-35,0,30,0,Pass,4,1,1,0,1,0,0,1,0,1,1,1,0,1,1,8
GGG,2014B,612929,1,London Region,A Level or Equivalent,30-40%,0-35,0,30,1,Fail,6,1,1,0,1,1,1,0,1,0,1,1,1,1,1,9
GGG,2014B,613015,1,South Region,A Level or Equivalent,90-100%,35-55,0,30,0,Distinction,5,0,0,1,0,1,1,0,1,0,0,0,1,1,1,9
GGG,2014B,613039,0,North Region,Lower Than A Level,40-50%,0-35,0,30,0,Fail,12,1,0,1,1,1,0,1,0,0,1,1,1,0,0,7
GGG,2014B,613131,1,East Anglian Region,Lower Than A Level,0-10%,35-55,0,30,0,Pass,15,1,1,0,1,0,1,0,1,0,1,1,0,0,1,10
GGG,2014B,613227,1,Yorkshire Region,Lower Than A Level,20-30%,35-55,0,30,0,Fail,3,1,0,1,0,0,0,1,0,1,1,0,1,0,1,8
GGG,2014B,613235,0,North Western Region,A Level or Equivalent,0-10%,35-55,0,30,1,Pass,4,0,1,0,0,0,1,1,0,1,1,1,1,1,1,8
GGG,2014B,613300,1,South West Region,A Level or Equivalent,30-40%,0-35,0,30,0,Distinction,7,1,0,1,1,0,1,1,1,1,0,0,0,1,1,3
GGG,2014B,613407,1,South East Region,Lower Than A Level,30-40%,35-55,0,30,0,Fail,1,0,0,1,0,1,1,1,0,0,1,1,0,1,1,2
GGG,2014B,613611,1,North Western Region,Lower Than A Level,40-50%,0-35,0,30,0,Fail,12,1,0,0,1,1,1,0,1,0,1,0,0,1,1,7
GGG,2014B,613616,0,London Region,Lower Than A Level,20-Oct,35-55,0,30,1,Fail,8,0,1,0,1,1,0,1,0,0,0,0,1,0,0,3
GGG,2014B,613639,1,North Western Region,Lower Than A Level,50-60%,0-35,0,30,0,Fail,3,0,0,0,0,0,1,1,0,1,1,0,0,0,0,8
GGG,2014B,613646,1,North Western Region,Lower Than A Level,0-10%,35-55,0,30,0,Distinction,6,1,1,1,0,1,1,1,0,0,1,0,0,0,0,9
GGG,2014B,613675,1,East Anglian Region,Lower Than A Level,50-60%,35-55,0,30,0,Fail,3,1,1,0,1,1,0,1,0,1,0,1,0,1,0,8
GGG,2014B,613683,1,South Region,A Level or Equivalent,70-80%,0-35,0,30,0,Pass,9,0,0,0,0,0,1,0,0,1,0,0,0,0,0,4
GGG,2014B,613691,0,East Midlands Region,Lower Than A Level,20-30%,0-35,0,30,0,Pass,11,1,1,0,1,1,1,1,1,1,1,0,1,1,1,6
GGG,2014B,613720,1,London Region,Lower Than A Level,20-30%,0-35,0,90,0,Distinction,8,0,1,1,0,0,0,0,1,1,1,0,0,0,0,3
GGG,2014B,613972,1,South East Region,Lower Than A Level,30-40%,0-35,0,30,0,Fail,5,1,0,1,0,0,0,0,0,0,1,1,1,1,0,9
GGG,2014B,613981,1,North Western Region,Lower Than A Level,0-10%,0-35,0,30,0,Fail,16,1,0,1,1,0,0,1,1,1,1,0,1,0,1,10
GGG,2014B,613988,1,South West Region,A Level or Equivalent,20-30%,35-55,0,30,1,Pass,1,1,0,1,1,1,0,0,1,1,1,0,1,0,0,2
GGG,2014B,613993,0,Yorkshire Region,Lower Than A Level,40-50%,0-35,0,30,0,Fail,14,0,1,1,0,1,0,0,0,1,0,0,1,0,0,5
GGG,2014B,614073,1,South West Region,Lower Than A Level,40-50%,35-55,0,30,0,Withdrawn,12,0,1,0,0,1,1,0,0,1,1,0,0,1,1,7
GGG,2014B,614129,1,Yorkshire Region,Lower Than A Level,40-50%,0-35,0,30,0,Fail,8,1,0,1,0,1,1,1,1,0,0,1,0,0,1,3
GGG,2014B,614142,1,North Region,Lower Than A Level,0-10%,0-35,0,30,0,Fail,6,1,0,1,0,1,0,1,1,1,1,0,1,1,1,9
GGG,2014B,614162,0,South Region,A Level or Equivalent,50-60%,35-55,0,30,0,Pass,16,0,0,0,1,1,1,0,0,1,0,0,1,1,0,10
GGG,2014B,614204,1,South West Region,A Level or Equivalent,20-30%,0-35,0,30,0,Fail,6,1,1,1,0,1,0,0,1,0,0,0,0,1,1,9
GGG,2014B,614224,1,West Midlands Region,Lower Than A Level,0-10%,35-55,0,30,1,Fail,7,0,0,0,0,0,1,0,1,1,1,1,0,1,1,3
GGG,2014B,614233,1,North Western Region,Lower Than A Level,20-30%,35-55,0,30,0,Fail,10,1,1,1,1,0,0,0,0,1,0,0,1,1,1,1
GGG,2014B,614249,1,North Western Region,Lower Than A Level,50-60%,35-55,0,30,0,Fail,9,0,1,0,1,1,1,1,0,0,1,0,1,1,0,4
GGG,2014B,614262,1,London Region,Lower Than A Level,20-Oct,0-35,0,30,0,Withdrawn,11,0,1,0,1,0,0,0,1,0,0,0,0,1,1,6
GGG,2014B,614398,1,North Western Region,A Level or Equivalent,40-50%,0-35,0,30,0,Distinction,11,1,0,1,1,1,1,0,1,0,0,0,0,1,1,6
GGG,2014B,614419,1,London Region,Lower Than A Level,30-40%,35-55,0,30,0,Fail,10,0,0,1,0,1,0,1,1,1,1,0,1,1,1,1
GGG,2014B,614424,1,Yorkshire Region,A Level or Equivalent,20-30%,35-55,0,30,0,Distinction,8,0,0,1,1,1,1,0,0,1,0,0,0,0,0,3
GGG,2014B,614571,1,East Anglian Region,Lower Than A Level,20-30%,0-35,0,30,0,Pass,7,1,1,0,1,0,0,1,1,1,1,1,1,1,1,3
GGG,2014B,614582,1,East Anglian Region,Lower Than A Level,50-60%,0-35,0,30,0,Pass,12,1,1,0,0,0,0,1,1,1,0,1,1,1,1,7
GGG,2014B,614892,0,South West Region,Lower Than A Level,90-100%,35-55,0,30,0,Pass,11,1,0,0,0,1,1,1,0,1,1,0,0,0,1,6
GGG,2014B,614893,1,South East Region,A Level or Equivalent,50-60%,0-35,0,30,0,Pass,2,0,1,0,1,1,1,0,0,0,0,1,0,1,0,2
GGG,2014B,615001,1,Yorkshire Region,Lower Than A Level,0-10%,0-35,0,30,0,Distinction,8,1,1,0,0,0,0,0,1,0,1,0,0,1,0,3
GGG,2014B,615078,1,South West Region,A Level or Equivalent,50-60%,35-55,0,30,0,Distinction,4,1,1,0,1,1,1,0,1,1,0,0,0,0,0,8
GGG,2014B,615085,1,North Western Region,Lower Than A Level,90-100%,0-35,0,30,0,Fail,1,1,1,1,0,0,0,1,1,1,0,1,0,1,0,2
GGG,2014B,615103,1,South East Region,Lower Than A Level,0-10%,0-35,0,30,0,Fail,5,1,1,0,1,1,1,0,1,1,1,1,0,1,1,9
GGG,2014B,615283,1,North Western Region,No Formal quals,0-10%,0-35,0,30,0,Fail,1,1,0,1,0,0,1,1,0,1,0,1,1,0,0,2
GGG,2014B,615300,1,Yorkshire Region,Lower Than A Level,0-10%,0-35,0,30,0,Pass,5,1,0,0,1,0,1,1,0,0,0,1,1,1,0,9
GGG,2014B,615327,1,West Midlands Region,Lower Than A Level,20-30%,0-35,0,30,0,Pass,4,0,0,1,1,0,0,0,1,1,1,1,1,0,0,8
GGG,2014B,615377,1,South West Region,Lower Than A Level,60-70%,35-55,0,30,0,Pass,4,0,0,1,0,0,0,0,1,0,0,1,1,1,0,8
GGG,2014B,615401,0,North Western Region,A Level or Equivalent,0-10%,0-35,0,30,1,Fail,14,1,0,0,0,0,0,1,0,0,0,1,1,0,1,5
GGG,2014B,615404,1,Yorkshire Region,Lower Than A Level,20-30%,0-35,0,30,0,Fail,9,0,0,0,0,1,0,1,0,0,0,1,0,0,0,4
GGG,2014B,615425,1,South West Region,Lower Than A Level,30-40%,0-35,0,30,1,Pass,9,0,0,1,0,0,1,0,1,1,1,0,1,1,0,4
GGG,2014B,615487,1,South Region,Lower Than A Level,30-40%,0-35,0,90,0,Withdrawn,8,1,1,0,1,0,0,1,0,0,0,0,1,1,1,3
GGG,2014B,616338,0,East Midlands Region,Lower Than A Level,60-70%,0-35,0,30,0,Pass,8,1,1,0,1,1,0,0,1,0,0,0,1,0,1,3
GGG,2014B,616457,1,East Midlands Region,A Level or Equivalent,80-90%,0-35,0,30,0,Pass,12,1,0,1,0,0,1,0,1,0,0,0,1,0,0,7
GGG,2014B,616512,1,East Anglian Region,Lower Than A Level,80-90%,0-35,0,30,0,Pass,15,1,1,0,1,1,0,0,1,0,0,0,1,0,1,10
GGG,2014B,616595,0,West Midlands Region,HE Qualification,40-50%,35-55,0,30,0,Pass,9,0,1,1,1,1,0,0,0,1,1,1,0,0,0,4
GGG,2014B,616629,0,London Region,A Level or Equivalent,60-70%,35-55,0,30,0,Pass,13,0,0,0,0,1,1,0,0,1,1,1,1,1,0,5
GGG,2014B,616672,0,East Anglian Region,Lower Than A Level,80-90%,55<=,0,90,0,Pass,2,0,0,1,0,1,0,1,1,0,0,1,0,0,1,2
GGG,2014B,616706,1,East Midlands Region,A Level or Equivalent,40-50%,0-35,0,30,0,Distinction,12,1,0,1,1,0,1,0,1,1,1,1,0,0,0,7
GGG,2014B,616727,1,North Region,A Level or Equivalent,30-40%,0-35,0,30,0,Pass,9,0,0,1,1,0,0,0,0,1,1,1,0,1,0,4
GGG,2014B,616728,1,North Region,Lower Than A Level,0-10%,0-35,0,30,0,Fail,6,0,0,0,0,0,1,1,1,0,1,1,1,0,0,9
GGG,2014B,616742,1,East Anglian Region,Lower Than A Level,40-50%,35-55,0,30,1,Distinction,15,0,1,0,1,0,1,0,0,1,0,0,1,0,1,10
GGG,2014B,616851,1,West Midlands Region,Lower Than A Level,60-70%,0-35,0,30,0,Pass,16,1,0,0,0,1,1,1,0,1,1,1,1,1,1,10
GGG,2014B,616866,1,South West Region,A Level or Equivalent,70-80%,0-35,0,30,0,Pass,15,1,1,0,0,0,1,1,0,1,0,0,0,0,1,10
GGG,2014B,617107,1,South West Region,Lower Than A Level,50-60%,0-35,0,30,0,Fail,12,0,1,0,1,1,1,1,1,1,1,1,1,1,0,7
GGG,2014B,617114,1,Yorkshire Region,A Level or Equivalent,20-30%,0-35,0,30,1,Fail,16,0,1,0,1,0,0,0,0,0,0,1,1,1,1,10
GGG,2014B,617133,1,South Region,Lower Than A Level,40-50%,0-35,0,30,1,Fail,2,0,0,0,1,1,0,0,1,0,0,1,1,0,1,2
GGG,2014B,617238,1,South West Region,Lower Than A Level,40-50%,35-55,0,30,0,Fail,13,1,0,1,1,1,0,0,0,0,0,1,1,0,1,5
GGG,2014B,617346,1,London Region,Lower Than A Level,0-10%,0-35,0,30,0,Fail,7,0,1,0,0,0,1,0,1,0,0,1,0,0,0,3
GGG,2014B,617347,1,London Region,Lower Than A Level,40-50%,0-35,0,30,0,Fail,16,1,1,0,0,1,0,0,0,0,1,1,1,1,1,10
GGG,2014B,617391,1,South West Region,Lower Than A Level,0-10%,0-35,0,30,0,Pass,7,1,1,0,0,1,0,1,1,1,0,1,0,1,0,3
GGG,2014B,617470,1,East Anglian Region,A Level or Equivalent,20-Oct,0-35,0,30,0,Distinction,8,0,0,1,0,0,0,0,0,0,0,1,0,1,1,3
GGG,2014B,617578,1,North Region,Lower Than A Level,0-10%,35-55,0,30,0,Distinction,7,0,1,0,1,0,1,0,0,0,0,0,1,0,1,3
GGG,2014B,617611,1,West Midlands Region,A Level or Equivalent,0-10%,35-55,0,30,0,Fail,8,0,1,0,0,1,0,0,1,0,1,1,1,0,0,3
GGG,2014B,617700,1,South West Region,A Level or Equivalent,30-40%,35-55,0,30,0,Distinction,1,0,1,0,1,0,1,1,1,1,0,1,1,1,1,2
GGG,2014B,617745,1,North Western Region,Lower Than A Level,0-10%,0-35,0,60,1,Pass,6,1,1,1,0,0,0,0,0,0,1,1,0,1,0,9
GGG,2014B,617883,1,East Anglian Region,Lower Than A Level,20-30%,0-35,0,30,0,Fail,12,0,1,0,1,0,1,1,0,0,0,1,0,0,0,7
GGG,2014B,617886,1,London Region,Lower Than A Level,20-30%,0-35,0,30,0,Pass,14,0,1,1,0,1,0,1,1,0,1,0,0,1,1,5
GGG,2014B,617889,1,South West Region,Lower Than A Level,,0-35,0,30,0,Fail,16,0,1,0,1,0,1,0,1,1,1,0,0,1,0,10
GGG,2014B,617909,1,South East Region,Lower Than A Level,60-70%,0-35,0,30,0,Pass,14,0,0,0,0,1,1,0,1,1,1,0,1,0,1,5
GGG,2014B,618024,1,East Midlands Region,Lower Than A Level,30-40%,0-35,0,30,0,Fail,2,0,0,1,1,1,0,1,0,0,0,1,0,0,1,2
GGG,2014B,618088,1,London Region,A Level or Equivalent,70-80%,35-55,0,30,0,Distinction,5,1,1,1,0,1,0,0,0,1,1,1,1,0,0,9
GGG,2014B,618119,1,North Western Region,A Level or Equivalent,0-10%,0-35,0,30,0,Withdrawn,16,0,1,1,1,0,0,0,1,0,0,0,0,1,1,10
GGG,2014B,618176,1,North Western Region,Lower Than A Level,70-80%,35-55,0,30,0,Pass,9,1,0,0,0,0,0,0,0,1,1,1,0,0,1,4
GGG,2014B,618244,1,London Region,A Level or Equivalent,20-Oct,35-55,0,30,0,Pass,9,0,0,1,1,1,1,1,1,1,1,1,0,0,0,4
GGG,2014B,618338,0,London Region,A Level or Equivalent,60-70%,0-35,0,30,0,Pass,5,0,0,0,0,1,1,1,1,1,1,0,1,0,0,9
GGG,2014B,618444,1,South Region,HE Qualification,80-90%,0-35,0,30,0,Fail,13,1,1,1,0,1,1,1,1,1,0,0,1,0,1,5
GGG,2014B,618579,1,West Midlands Region,Lower Than A Level,0-10%,0-35,0,30,1,Pass,3,1,1,0,1,1,1,1,0,0,1,1,0,1,0,8
GGG,2014B,618580,1,East Anglian Region,Lower Than A Level,50-60%,0-35,0,30,1,Withdrawn,6,1,1,0,0,0,0,0,0,0,0,0,0,1,1,9
GGG,2014B,618621,1,North Region,Lower Than A Level,70-80%,35-55,0,30,0,Pass,7,1,0,0,1,0,1,0,1,0,0,0,1,0,1,3
GGG,2014B,618767,1,East Anglian Region,Lower Than A Level,20-30%,0-35,0,30,0,Pass,8,1,0,1,0,1,0,1,1,1,1,0,0,0,0,3
GGG,2014B,618846,1,Yorkshire Region,A Level or Equivalent,60-70%,0-35,0,30,0,Withdrawn,9,0,1,0,0,0,0,1,0,1,1,1,1,1,1,4
GGG,2014B,618887,0,South East Region,A Level or Equivalent,60-70%,35-55,0,30,1,Pass,15,1,0,0,0,0,1,0,1,1,1,0,0,0,1,10
GGG,2014B,618893,1,London Region,Lower Than A Level,20-Oct,35-55,0,30,1,Distinction,6,0,0,0,0,1,0,1,0,0,0,1,0,1,1,9
GGG,2014B,619013,1,London Region,A Level or Equivalent,50-60%,0-35,0,30,0,Fail,9,1,0,1,1,1,1,1,1,1,0,1,1,0,1,4
GGG,2014B,619107,1,South Region,Lower Than A Level,40-50%,0-35,0,30,1,Fail,1,0,1,0,1,0,0,1,0,0,1,0,0,0,1,2
GGG,2014B,619212,1,South East Region,A Level or Equivalent,70-80%,0-35,0,30,0,Pass,6,1,1,0,1,0,1,0,1,1,0,0,0,0,1,9
GGG,2014B,619284,0,North Western Region,Lower Than A Level,20-Oct,0-35,0,30,0,Fail,15,0,0,1,0,1,1,0,1,1,1,0,0,1,1,10
GGG,2014B,619363,1,Yorkshire Region,A Level or Equivalent,80-90%,35-55,0,30,0,Pass,12,0,0,1,0,1,1,0,0,0,1,0,0,1,0,7
GGG,2014B,619478,1,South Region,A Level or Equivalent,70-80%,35-55,0,30,0,Fail,3,1,0,1,1,0,1,1,1,1,0,0,0,0,1,8
GGG,2014B,619481,0,London Region,A Level or Equivalent,20-30%,35-55,0,30,0,Pass,9,1,1,0,1,1,1,1,1,0,0,1,1,1,1,4
GGG,2014B,619483,1,London Region,A Level or Equivalent,30-40%,0-35,0,30,0,Distinction,14,1,0,0,0,0,1,0,0,0,0,1,1,0,0,5
GGG,2014B,619520,1,South East Region,Lower Than A Level,20-30%,0-35,0,30,1,Fail,14,0,0,1,1,0,0,1,0,1,0,0,1,1,1,5
GGG,2014B,619926,1,East Anglian Region,Lower Than A Level,0-10%,35-55,0,30,0,Fail,6,0,1,0,0,0,0,1,1,1,1,0,1,1,1,9
GGG,2014B,619945,1,London Region,A Level or Equivalent,20-Oct,0-35,0,30,1,Withdrawn,6,0,0,1,1,1,0,1,1,1,0,1,0,1,1,9
GGG,2014B,619952,1,North Western Region,Lower Than A Level,0-10%,0-35,0,30,1,Pass,9,0,1,1,1,1,1,0,1,1,1,0,0,0,1,4
GGG,2014B,620179,1,East Anglian Region,Lower Than A Level,30-40%,35-55,0,30,0,Distinction,13,1,0,1,1,1,0,0,0,1,1,1,1,0,0,5
GGG,2014B,620190,1,South West Region,Lower Than A Level,60-70%,0-35,0,30,0,Pass,10,0,0,1,0,1,0,0,0,0,0,0,1,0,0,1
GGG,2014B,620197,1,East Midlands Region,A Level or Equivalent,80-90%,35-55,0,30,0,Pass,16,1,0,0,1,0,1,0,1,0,0,1,1,0,0,10
GGG,2014B,620218,1,Yorkshire Region,A Level or Equivalent,20-30%,0-35,0,30,1,Fail,1,0,0,0,0,0,0,0,0,0,1,1,1,1,0,2
GGG,2014B,620317,1,London Region,Lower Than A Level,60-70%,0-35,0,30,0,Pass,3,0,0,1,1,0,1,0,1,1,1,1,0,0,0,8
GGG,2014B,620460,1,Yorkshire Region,A Level or Equivalent,30-40%,0-35,0,30,0,Pass,8,1,1,1,1,1,0,1,0,1,0,0,0,0,0,3
GGG,2014B,620490,1,South East Region,Lower Than A Level,90-100%,0-35,0,30,0,Pass,8,1,1,1,1,0,0,0,0,1,1,0,0,1,0,3
GGG,2014B,620522,0,North Western Region,Lower Than A Level,20-Oct,35-55,0,30,0,Pass,1,1,0,1,1,0,0,0,1,0,1,1,0,1,1,2
GGG,2014B,620552,0,London Region,A Level or Equivalent,20-Oct,35-55,0,30,0,Withdrawn,7,0,1,0,1,1,0,0,0,0,0,1,1,1,1,3
GGG,2014B,620561,1,East Anglian Region,Lower Than A Level,30-40%,0-35,0,30,0,Distinction,10,1,0,1,1,0,0,1,1,0,0,0,1,1,1,1
GGG,2014B,620564,1,North Region,A Level or Equivalent,30-40%,0-35,0,30,0,Pass,10,0,0,1,1,1,0,0,1,1,1,1,1,1,0,1
GGG,2014B,620590,1,East Anglian Region,A Level or Equivalent,80-90%,0-35,0,30,0,Pass,9,1,0,0,1,1,1,0,1,1,0,0,1,1,1,4
GGG,2014B,620629,0,West Midlands Region,A Level or Equivalent,80-90%,0-35,0,60,0,Withdrawn,8,1,0,0,1,0,0,0,0,1,0,1,0,1,0,3
GGG,2014B,620726,1,London Region,Lower Than A Level,20-Oct,0-35,0,30,0,Pass,13,1,1,0,1,0,0,1,0,0,0,0,1,0,0,5
GGG,2014B,620728,1,North Region,Lower Than A Level,20-Oct,35-55,0,30,0,Fail,11,1,1,1,0,1,0,1,1,0,1,1,1,0,0,6
GGG,2014B,620808,1,Yorkshire Region,Lower Than A Level,30-40%,35-55,0,30,1,Distinction,10,0,1,1,0,1,0,1,1,1,1,1,1,1,0,1
GGG,2014B,620915,1,North Western Region,Lower Than A Level,0-10%,0-35,0,30,0,Withdrawn,14,0,0,0,1,0,1,1,1,0,1,1,0,1,0,5
GGG,2014B,620946,1,East Anglian Region,Lower Than A Level,60-70%,35-55,0,30,1,Distinction,12,0,0,1,1,1,1,1,0,1,1,1,0,1,0,7
GGG,2014B,620956,0,South West Region,Lower Than A Level,20-30%,0-35,0,30,1,Withdrawn,13,0,0,1,1,0,1,1,0,0,1,1,1,0,1,5
GGG,2014B,620982,1,East Midlands Region,A Level or Equivalent,80-90%,0-35,0,30,0,Distinction,15,1,1,0,0,1,1,1,0,1,1,0,1,0,1,10
GGG,2014B,621017,1,London Region,No Formal quals,20-Oct,0-35,0,30,0,Fail,1,0,1,1,1,1,1,1,0,1,0,0,0,0,0,2
GGG,2014B,621025,1,East Anglian Region,No Formal quals,20-30%,0-35,0,30,0,Fail,2,0,0,1,1,1,0,0,0,1,1,1,1,0,0,2
GGG,2014B,621319,1,North Western Region,Lower Than A Level,30-40%,0-35,0,30,0,Fail,4,0,0,0,1,1,0,1,1,0,0,1,0,1,0,8
GGG,2014B,621331,1,East Anglian Region,Lower Than A Level,90-100%,0-35,0,30,1,Withdrawn,5,0,1,1,1,0,1,1,0,1,1,1,0,0,0,9
GGG,2014B,621342,1,London Region,HE Qualification,0-10%,35-55,0,30,0,Fail,15,0,1,1,0,0,0,1,0,0,0,0,1,0,1,10
GGG,2014B,621459,1,South West Region,HE Qualification,40-50%,35-55,0,30,1,Withdrawn,1,1,1,0,0,0,1,0,0,1,0,0,1,0,0,2
GGG,2014B,621473,1,South Region,Lower Than A Level,30-40%,0-35,0,30,0,Pass,16,0,1,1,1,0,1,1,0,0,1,1,1,0,0,10
GGG,2014B,621478,0,East Midlands Region,Lower Than A Level,70-80%,35-55,0,30,0,Withdrawn,7,1,0,1,1,1,1,0,1,1,0,1,0,1,1,3
GGG,2014B,621676,1,East Midlands Region,A Level or Equivalent,0-10%,35-55,0,30,0,Withdrawn,3,0,1,0,1,1,0,1,1,1,0,1,1,1,1,8
GGG,2014B,621693,1,South West Region,A Level or Equivalent,60-70%,0-35,0,30,0,Fail,7,0,1,0,0,1,1,1,0,1,0,1,1,1,0,3
GGG,2014B,621716,1,London Region,Lower Than A Level,20-30%,35-55,0,30,0,Pass,6,0,0,1,1,1,1,0,0,1,0,1,1,1,0,9
GGG,2014B,621755,1,South East Region,Lower Than A Level,20-30%,0-35,0,30,1,Pass,9,1,1,0,1,0,1,1,0,0,0,1,1,1,0,4
GGG,2014B,621888,1,East Anglian Region,Lower Than A Level,60-70%,0-35,0,30,0,Fail,16,0,0,0,1,1,0,1,1,1,0,1,0,0,1,10
GGG,2014B,621923,1,South West Region,A Level or Equivalent,90-100%,0-35,0,30,0,Pass,14,1,1,0,0,0,1,0,0,1,1,1,1,1,0,5
GGG,2014B,622074,1,East Anglian Region,Lower Than A Level,50-60%,35-55,0,30,0,Pass,4,0,1,1,0,1,0,1,0,0,1,0,0,0,0,8
GGG,2014B,622166,1,South Region,Lower Than A Level,50-60%,35-55,0,150,0,Pass,8,1,0,1,1,1,0,1,0,0,0,0,0,1,0,3
GGG,2014B,622245,1,East Anglian Region,HE Qualification,20-30%,35-55,0,30,0,Pass,7,1,1,0,0,0,1,1,1,0,0,0,0,0,1,3
GGG,2014B,622252,1,London Region,A Level or Equivalent,40-50%,35-55,0,30,0,Withdrawn,7,1,0,0,1,0,0,1,1,1,0,0,0,1,0,3
GGG,2014B,622352,1,Yorkshire Region,Lower Than A Level,90-100%,0-35,0,30,0,Pass,12,0,0,0,0,1,0,0,1,1,1,0,1,0,0,7
GGG,2014B,622356,1,West Midlands Region,A Level or Equivalent,0-10%,0-35,0,30,0,Fail,9,0,0,0,0,0,0,1,0,0,0,1,1,1,0,4
GGG,2014B,622382,1,South Region,Lower Than A Level,20-Oct,35-55,0,30,0,Pass,9,1,0,0,0,1,1,1,1,1,0,0,0,1,1,4
GGG,2014B,622387,1,North Western Region,Lower Than A Level,20-Oct,35-55,0,30,1,Withdrawn,6,0,1,1,0,0,0,0,0,0,1,0,0,1,1,9
GGG,2014B,622432,1,North Western Region,Lower Than A Level,0-10%,35-55,0,30,0,Distinction,15,1,0,0,1,0,0,0,1,0,0,0,0,0,1,10
GGG,2014B,622433,1,South Region,Lower Than A Level,60-70%,0-35,0,30,0,Pass,15,0,1,1,1,0,0,1,0,0,0,0,0,1,0,10
GGG,2014B,622480,1,London Region,Lower Than A Level,40-50%,0-35,0,30,0,Fail,8,1,1,1,0,0,0,1,0,1,1,1,1,1,1,3
GGG,2014B,622482,1,South West Region,Lower Than A Level,30-40%,35-55,0,30,0,Withdrawn,10,1,1,1,0,0,1,0,0,0,1,0,1,1,1,1
GGG,2014B,622500,0,East Anglian Region,A Level or Equivalent,90-100%,0-35,0,30,1,Distinction,16,1,1,1,1,0,1,0,1,1,1,0,0,0,0,10
GGG,2014B,622516,1,North Western Region,Lower Than A Level,50-60%,0-35,0,30,0,Fail,10,1,0,1,0,0,1,0,1,1,1,1,1,0,0,1
GGG,2014B,622570,1,East Anglian Region,Lower Than A Level,20-Oct,0-35,0,30,0,Pass,4,1,1,1,0,0,1,1,0,1,0,1,1,0,1,8
GGG,2014B,622618,1,West Midlands Region,Lower Than A Level,20-Oct,0-35,0,30,0,Fail,2,1,1,0,0,0,0,0,0,1,1,1,1,0,1,2
GGG,2014B,622646,1,London Region,Lower Than A Level,20-Oct,0-35,0,30,1,Fail,15,1,0,0,0,1,0,1,1,0,1,0,1,1,0,10
GGG,2014B,622886,0,North Western Region,Lower Than A Level,0-10%,35-55,0,30,1,Withdrawn,15,1,1,1,1,0,0,1,0,1,1,0,1,0,1,10
GGG,2014B,623010,1,South Region,A Level or Equivalent,90-100%,35-55,0,30,0,Pass,7,1,1,1,0,1,1,1,0,0,0,1,0,0,0,3
GGG,2014B,623029,1,London Region,No Formal quals,50-60%,0-35,0,30,0,Fail,6,0,0,0,1,0,0,0,1,1,0,1,1,0,1,9
GGG,2014B,623072,1,West Midlands Region,Lower Than A Level,20-Oct,0-35,0,30,0,Pass,15,1,0,1,0,0,1,1,0,1,0,0,0,1,1,10
GGG,2014B,623081,1,Yorkshire Region,A Level or Equivalent,20-Oct,0-35,0,30,0,Distinction,2,1,0,0,0,1,1,1,0,0,0,0,1,1,0,2
GGG,2014B,623233,1,South East Region,A Level or Equivalent,90-100%,0-35,0,30,0,Withdrawn,6,1,0,1,1,1,1,0,0,0,0,0,0,0,1,9
GGG,2014B,623322,0,East Midlands Region,Lower Than A Level,60-70%,0-35,0,30,1,Withdrawn,12,1,0,1,1,0,0,0,1,0,1,1,0,1,1,7
GGG,2014B,623335,1,North Region,Lower Than A Level,0-10%,0-35,0,30,0,Pass,3,0,0,1,0,0,1,1,1,0,1,1,0,0,1,8
GGG,2014B,623416,1,East Anglian Region,Lower Than A Level,20-30%,0-35,0,30,0,Pass,9,1,0,1,0,0,0,0,1,0,0,1,1,1,0,4
GGG,2014B,623418,0,East Anglian Region,Lower Than A Level,50-60%,0-35,0,30,0,Withdrawn,10,1,0,1,0,0,0,1,1,0,0,1,1,0,1,1
GGG,2014B,623442,1,South West Region,Lower Than A Level,50-60%,0-35,0,30,1,Distinction,6,0,1,0,1,1,0,1,1,0,1,1,0,1,0,9
GGG,2014B,623457,1,Yorkshire Region,A Level or Equivalent,20-Oct,0-35,0,30,0,Pass,14,1,0,1,1,0,1,1,0,1,0,1,1,1,0,5
GGG,2014B,623495,1,South Region,Lower Than A Level,70-80%,0-35,0,30,0,Pass,7,0,1,0,1,0,0,1,1,0,0,0,0,1,0,3
GGG,2014B,623575,1,South Region,Lower Than A Level,50-60%,35-55,0,30,0,Pass,12,0,1,1,0,1,0,0,0,0,0,1,1,0,0,7
GGG,2014B,623602,1,North Region,A Level or Equivalent,50-60%,0-35,0,30,0,Pass,12,0,0,0,1,1,1,1,1,0,1,0,0,1,0,7
GGG,2014B,623778,1,Yorkshire Region,Lower Than A Level,0-10%,35-55,0,30,0,Distinction,13,0,0,0,0,0,1,1,0,0,1,1,0,0,1,5
GGG,2014B,623804,0,South East Region,Lower Than A Level,90-100%,0-35,0,30,0,Pass,9,1,0,0,0,0,0,0,0,0,1,1,0,0,1,4
GGG,2014B,623831,1,South Region,A Level or Equivalent,40-50%,0-35,0,30,0,Distinction,1,1,0,1,1,0,0,0,0,0,0,0,0,1,0,2
GGG,2014B,623859,1,North Western Region,A Level or Equivalent,20-Oct,35-55,0,30,0,Pass,2,0,0,1,0,0,0,1,0,1,1,0,0,0,0,2
GGG,2014B,623903,1,London Region,Lower Than A Level,20-Oct,0-35,0,30,0,Pass,12,0,0,0,0,0,1,0,1,0,1,1,1,1,0,7
GGG,2014B,623909,1,London Region,Lower Than A Level,20-30%,0-35,0,30,0,Fail,2,0,1,0,0,0,0,0,0,0,0,0,1,0,0,2
GGG,2014B,623919,1,Scotland,Lower Than A Level,50-60%,35-55,0,30,0,Pass,6,1,1,1,0,0,0,1,1,1,1,0,0,0,1,9
GGG,2014B,623953,1,East Midlands Region,Lower Than A Level,20-30%,0-35,0,30,0,Fail,3,0,0,0,1,0,0,1,0,0,1,1,0,1,1,8
GGG,2014B,623988,1,East Anglian Region,Lower Than A Level,70-80%,0-35,0,30,0,Pass,10,1,1,0,0,1,0,1,0,0,0,0,1,0,0,1
GGG,2014B,624099,1,Yorkshire Region,A Level or Equivalent,20-30%,35-55,0,30,0,Withdrawn,14,0,0,1,1,0,1,0,1,0,1,0,1,1,1,5
GGG,2014B,624199,0,South East Region,A Level or Equivalent,50-60%,0-35,0,30,0,Withdrawn,8,0,0,0,0,0,0,0,1,1,0,0,0,0,0,3
GGG,2014B,624226,1,South West Region,A Level or Equivalent,40-50%,0-35,0,30,0,Distinction,2,1,0,0,0,0,0,1,0,0,1,1,0,1,0,2
GGG,2014B,624230,1,Yorkshire Region,Lower Than A Level,20-30%,0-35,0,30,0,Pass,14,0,0,0,0,0,0,0,0,0,1,0,1,1,0,5
GGG,2014B,624297,0,West Midlands Region,Lower Than A Level,0-10%,35-55,0,90,0,Withdrawn,3,1,1,0,0,1,0,0,0,0,1,0,0,0,1,8
GGG,2014B,624321,1,Yorkshire Region,A Level or Equivalent,20-30%,35-55,0,30,0,Withdrawn,3,1,0,0,1,1,0,0,1,0,1,1,0,1,0,8
GGG,2014B,624327,1,South Region,Lower Than A Level,30-40%,35-55,0,30,1,Fail,13,0,1,0,1,0,0,0,0,0,0,1,1,0,0,5
GGG,2014B,624430,1,South East Region,A Level or Equivalent,20-Oct,35-55,0,30,0,Fail,4,0,0,0,1,0,1,0,1,0,0,0,0,0,1,8
GGG,2014B,624433,1,East Anglian Region,A Level or Equivalent,80-90%,0-35,0,30,0,Pass,12,0,1,1,0,1,0,0,0,1,1,1,0,1,0,7
GGG,2014B,624455,1,North Western Region,Lower Than A Level,30-40%,0-35,0,30,0,Fail,13,0,1,0,0,0,1,1,0,1,1,0,1,0,1,5
GGG,2014B,624522,1,East Anglian Region,No Formal quals,20-Oct,0-35,0,30,0,Pass,14,0,1,1,0,0,1,1,1,0,0,0,0,0,1,5
GGG,2014B,624569,1,West Midlands Region,Lower Than A Level,80-90%,35-55,0,30,0,Fail,13,1,0,0,1,1,1,1,1,1,1,0,1,1,0,5
GGG,2014B,624650,0,Yorkshire Region,Lower Than A Level,70-80%,35-55,0,30,0,Withdrawn,9,0,0,1,0,0,1,0,1,1,1,1,0,0,1,4
GGG,2014B,624667,1,East Anglian Region,No Formal quals,20-Oct,0-35,0,30,0,Fail,13,1,0,0,0,0,0,0,0,1,1,1,1,0,1,5
GGG,2014B,624679,1,East Anglian Region,Lower Than A Level,50-60%,35-55,0,30,1,Fail,6,1,1,0,0,1,1,1,1,1,0,1,1,1,1,9
GGG,2014B,624706,1,Yorkshire Region,Lower Than A Level,0-10%,0-35,0,30,0,Fail,11,1,1,1,1,0,0,0,0,0,0,0,1,0,0,6
GGG,2014B,624714,0,East Anglian Region,A Level or Equivalent,50-60%,0-35,0,30,0,Distinction,4,0,1,1,1,0,1,0,0,0,0,0,1,1,1,8
GGG,2014B,624727,1,South Region,Lower Than A Level,50-60%,35-55,0,30,0,Pass,16,0,0,0,0,0,0,0,0,1,0,0,1,1,1,10
GGG,2014B,624767,1,London Region,A Level or Equivalent,90-100%,35-55,0,30,0,Withdrawn,8,0,0,1,0,1,1,1,1,1,1,0,1,1,0,3
GGG,2014B,624777,0,South West Region,A Level or Equivalent,20-30%,35-55,0,30,0,Distinction,16,1,1,1,0,0,0,1,0,1,0,0,0,0,1,10
GGG,2014B,624795,1,North Region,No Formal quals,20-Oct,0-35,0,30,0,Fail,1,0,0,1,1,0,1,0,0,1,0,0,0,1,0,2
GGG,2014B,624828,1,East Anglian Region,Lower Than A Level,20-Oct,0-35,0,30,0,Fail,5,1,0,0,0,1,0,1,0,0,0,1,0,1,0,9
GGG,2014B,624906,0,South Region,Lower Than A Level,30-40%,35-55,0,30,0,Pass,11,1,1,0,0,0,1,0,0,0,1,1,1,0,0,6
GGG,2014B,624912,1,East Anglian Region,Lower Than A Level,50-60%,0-35,0,30,0,Pass,2,0,1,0,0,1,1,1,0,1,1,0,0,0,1,2
GGG,2014B,624938,0,London Region,A Level or Equivalent,0-10%,0-35,0,30,0,Pass,15,1,0,1,1,1,1,1,0,0,1,0,0,1,0,10
GGG,2014B,624940,1,East Midlands Region,Lower Than A Level,80-90%,0-35,0,90,0,Withdrawn,2,0,1,1,0,1,0,1,1,1,0,0,0,0,0,2
GGG,2014B,625033,1,London Region,No Formal quals,20-30%,35-55,0,30,0,Distinction,13,0,0,1,0,0,0,0,1,1,1,1,1,1,1,5
GGG,2014B,625079,0,South Region,HE Qualification,90-100%,35-55,0,90,0,Withdrawn,9,0,1,0,1,1,0,1,0,0,1,0,1,0,0,4
GGG,2014B,625089,1,South East Region,Lower Than A Level,40-50%,0-35,0,30,0,Pass,16,1,1,0,0,1,1,0,1,0,1,1,1,1,0,10
GGG,2014B,625106,0,South East Region,Lower Than A Level,80-90%,35-55,0,30,0,Fail,8,0,1,1,0,0,0,1,0,1,0,0,1,0,0,3
GGG,2014B,625376,1,South Region,Lower Than A Level,80-90%,35-55,0,30,0,Pass,14,0,0,1,1,1,1,0,0,1,1,1,0,0,0,5
GGG,2014B,625399,0,East Anglian Region,Lower Than A Level,20-30%,35-55,0,30,0,Fail,8,0,0,1,1,1,1,1,1,1,0,0,0,0,1,3
GGG,2014B,625446,1,South Region,No Formal quals,90-100%,0-35,0,30,0,Pass,9,1,1,0,1,0,1,0,1,0,0,0,1,1,0,4
GGG,2014B,625494,1,East Midlands Region,A Level or Equivalent,80-90%,35-55,0,30,0,Pass,8,0,1,0,0,0,0,0,1,0,1,0,0,0,1,3
GGG,2014B,625540,0,North Region,Lower Than A Level,60-70%,0-35,0,30,0,Fail,6,0,0,0,1,1,0,1,0,0,0,1,0,1,1,9
GGG,2014B,625544,1,North Region,Lower Than A Level,40-50%,0-35,0,30,0,Distinction,4,1,1,0,0,0,0,0,1,0,1,1,1,0,1,8
GGG,2014B,625545,1,South East Region,A Level or Equivalent,20-30%,0-35,0,30,0,Distinction,7,0,0,0,1,0,1,0,1,1,1,0,0,1,1,3
GGG,2014B,625603,1,South Region,A Level or Equivalent,80-90%,0-35,0,30,0,Pass,6,1,1,1,0,0,0,1,1,0,0,0,1,0,0,9
GGG,2014B,625649,1,South East Region,Lower Than A Level,40-50%,0-35,0,30,0,Pass,14,1,1,1,0,0,1,1,0,0,1,1,1,1,1,5
GGG,2014B,625651,1,South Region,A Level or Equivalent,90-100%,35-55,0,30,0,Distinction,4,1,0,1,1,0,0,1,0,1,0,0,1,0,0,8
GGG,2014B,625676,1,East Midlands Region,Lower Than A Level,90-100%,35-55,0,30,0,Fail,15,0,0,0,1,1,0,1,1,0,1,0,1,0,0,10
GGG,2014B,625722,1,North Western Region,Lower Than A Level,30-40%,35-55,0,30,0,Pass,13,0,0,0,1,0,1,0,1,0,1,0,0,0,1,5
GGG,2014B,625775,0,West Midlands Region,Lower Than A Level,0-10%,0-35,0,30,1,Fail,12,0,0,1,1,1,1,0,1,0,0,0,1,1,0,7
GGG,2014B,625875,0,North Western Region,Lower Than A Level,20-30%,0-35,0,90,1,Distinction,11,0,1,0,1,1,1,0,0,1,0,1,0,1,0,6
GGG,2014B,625903,0,West Midlands Region,A Level or Equivalent,30-40%,0-35,0,90,0,Pass,7,0,0,1,0,1,0,0,1,1,1,1,0,1,0,3
GGG,2014B,625912,0,Yorkshire Region,Lower Than A Level,50-60%,0-35,0,30,0,Pass,10,1,1,0,1,1,1,1,1,1,1,0,1,0,0,1
GGG,2014B,625930,1,East Midlands Region,Lower Than A Level,40-50%,35-55,0,30,0,Withdrawn,4,0,1,1,0,0,0,1,0,1,1,0,0,1,1,8
GGG,2014B,626023,0,South Region,A Level or Equivalent,90-100%,0-35,0,30,0,Pass,13,0,1,1,0,1,1,1,1,0,0,1,1,1,1,5
GGG,2014B,626091,1,South Region,A Level or Equivalent,80-90%,0-35,0,30,0,Distinction,10,1,1,1,1,1,0,1,1,0,0,0,1,1,0,1
GGG,2014B,626092,1,West Midlands Region,Lower Than A Level,0-10%,35-55,0,30,0,Fail,16,0,0,1,1,1,1,1,1,0,0,1,0,1,1,10
GGG,2014B,626096,1,South Region,Lower Than A Level,30-40%,0-35,0,30,0,Fail,3,0,1,0,0,0,0,0,1,1,1,0,0,1,1,8
GGG,2014B,626145,1,East Anglian Region,Lower Than A Level,50-60%,35-55,0,30,0,Distinction,6,0,0,1,0,0,1,1,0,1,0,1,1,1,0,9
GGG,2014B,626159,1,South West Region,Lower Than A Level,60-70%,35-55,0,30,1,Pass,1,0,0,1,0,1,1,0,0,1,1,1,0,1,1,2
GGG,2014B,626213,1,West Midlands Region,Lower Than A Level,40-50%,35-55,0,30,0,Fail,10,1,1,0,1,0,0,0,0,0,0,1,0,1,0,1
GGG,2014B,626256,1,London Region,Lower Than A Level,20-Oct,0-35,0,90,0,Pass,9,0,1,0,1,1,0,1,0,1,1,0,1,0,1,4
GGG,2014B,626282,1,London Region,Lower Than A Level,50-60%,0-35,0,30,0,Distinction,1,0,1,1,1,0,0,0,1,0,0,0,0,1,1,2
GGG,2014B,626287,1,Yorkshire Region,Lower Than A Level,40-50%,0-35,0,30,0,Pass,14,0,1,1,0,1,0,1,0,0,1,1,1,1,0,5
GGG,2014B,626306,1,East Midlands Region,No Formal quals,0-10%,0-35,0,30,0,Pass,5,1,1,0,1,0,1,0,0,0,1,1,1,0,0,9
GGG,2014B,626307,1,South Region,Lower Than A Level,0-10%,0-35,0,30,1,Withdrawn,16,0,0,1,1,0,0,1,1,0,1,0,0,0,0,10
GGG,2014B,626317,1,South West Region,Lower Than A Level,40-50%,35-55,0,30,1,Fail,11,0,1,1,1,1,0,0,1,0,1,1,0,1,1,6
GGG,2014B,626372,0,South Region,Lower Than A Level,30-40%,0-35,0,30,0,Pass,7,0,0,1,0,0,1,0,1,1,1,1,1,1,1,3
GGG,2014B,626379,1,South Region,A Level or Equivalent,40-50%,35-55,0,30,0,Pass,15,1,1,1,1,0,1,0,1,1,1,1,1,1,0,10
GGG,2014B,626585,1,Yorkshire Region,A Level or Equivalent,40-50%,35-55,0,30,0,Pass,12,0,0,0,1,1,1,1,1,1,1,1,0,1,0,7
GGG,2014B,626589,1,South Region,Lower Than A Level,70-80%,0-35,0,30,0,Pass,3,1,0,0,1,1,0,1,0,0,0,0,1,1,1,8
GGG,2014B,626618,1,Yorkshire Region,Lower Than A Level,0-10%,0-35,0,30,0,Fail,9,0,1,0,0,0,0,1,0,0,1,1,0,0,1,4
GGG,2014B,626629,1,Yorkshire Region,A Level or Equivalent,20-Oct,0-35,0,30,0,Fail,8,0,1,0,1,1,0,1,1,1,1,1,1,0,0,3
GGG,2014B,626667,1,South Region,A Level or Equivalent,90-100%,35-55,0,30,0,Fail,1,1,1,1,1,1,1,1,0,1,1,0,0,0,1,2
GGG,2014B,626675,1,East Anglian Region,Lower Than A Level,30-40%,0-35,0,30,0,Fail,3,0,1,1,0,1,0,1,0,1,1,1,0,1,0,8
GGG,2014B,626708,1,South West Region,Lower Than A Level,60-70%,35-55,0,30,0,Distinction,3,0,1,1,0,0,1,1,0,0,1,1,1,0,0,8
GGG,2014B,626751,0,Yorkshire Region,A Level or Equivalent,0-10%,0-35,0,30,0,Withdrawn,11,1,1,0,1,1,1,0,0,0,1,0,1,1,0,6
GGG,2014B,626927,1,East Anglian Region,Lower Than A Level,80-90%,35-55,0,30,0,Withdrawn,11,1,1,1,1,1,0,1,0,1,1,1,1,1,0,6
GGG,2014B,626940,1,East Midlands Region,A Level or Equivalent,30-40%,0-35,0,30,0,Fail,1,0,1,0,1,0,0,0,1,0,1,1,0,1,0,2
GGG,2014B,626982,1,London Region,Lower Than A Level,20-Oct,35-55,0,30,0,Pass,7,1,1,1,0,1,1,1,0,0,0,0,0,1,1,3
GGG,2014B,627043,0,South Region,Lower Than A Level,80-90%,35-55,0,30,0,Fail,5,0,1,0,0,0,0,0,0,0,0,0,1,0,1,9
GGG,2014B,627050,1,West Midlands Region,Lower Than A Level,0-10%,0-35,0,30,0,Pass,1,1,1,1,0,0,0,1,1,1,1,0,0,1,0,2
GGG,2014B,627057,1,South West Region,A Level or Equivalent,60-70%,35-55,0,30,0,Pass,1,0,0,0,1,1,1,1,0,0,1,1,1,0,0,2
GGG,2014B,627076,1,South East Region,Lower Than A Level,40-50%,0-35,0,30,1,Fail,6,1,1,0,1,1,0,0,1,0,1,0,1,1,1,9
GGG,2014B,627217,1,East Anglian Region,Lower Than A Level,40-50%,35-55,0,30,0,Distinction,12,1,1,1,1,1,0,1,1,0,1,1,1,1,0,7
GGG,2014B,627251,1,West Midlands Region,A Level or Equivalent,20-30%,35-55,0,30,0,Pass,4,1,1,1,1,0,0,0,1,1,0,0,0,1,1,8
GGG,2014B,627264,1,East Midlands Region,A Level or Equivalent,30-40%,0-35,0,30,0,Distinction,16,0,1,1,1,0,1,1,0,0,1,1,1,1,1,10
GGG,2014B,627327,1,West Midlands Region,Lower Than A Level,90-100%,35-55,0,30,0,Pass,12,0,0,1,0,1,0,1,0,0,0,0,1,0,1,7
GGG,2014B,627330,1,South Region,Lower Than A Level,50-60%,0-35,0,30,0,Pass,5,1,0,1,0,1,1,0,0,1,1,0,1,0,1,9
GGG,2014B,627441,1,London Region,A Level or Equivalent,0-10%,0-35,0,30,0,Fail,11,0,1,1,1,1,0,1,1,1,1,1,0,0,1,6
GGG,2014B,627530,1,North Western Region,A Level or Equivalent,20-Oct,0-35,0,90,0,Pass,12,0,1,0,1,1,1,1,1,0,1,0,0,1,1,7
GGG,2014B,627597,0,North Region,A Level or Equivalent,90-100%,0-35,0,30,0,Pass,2,1,1,1,0,0,1,0,0,0,0,1,0,0,1,2
GGG,2014B,627661,1,Yorkshire Region,A Level or Equivalent,30-40%,35-55,0,30,0,Pass,16,1,0,0,0,0,1,0,0,0,0,0,0,1,1,10
GGG,2014B,627764,1,East Anglian Region,Lower Than A Level,20-30%,35-55,0,30,1,Pass,2,0,0,1,0,0,0,0,0,0,1,0,1,0,1,2
GGG,2014B,627773,1,South West Region,Lower Than A Level,20-Oct,0-35,0,30,0,Distinction,16,1,0,0,0,1,1,0,0,0,1,1,1,0,0,10
GGG,2014B,627787,1,South West Region,Lower Than A Level,50-60%,0-35,0,30,0,Pass,8,0,1,0,0,0,1,0,1,1,1,0,0,1,0,3
GGG,2014B,627812,1,Yorkshire Region,Lower Than A Level,60-70%,0-35,0,30,0,Withdrawn,7,1,1,0,1,1,1,0,1,0,0,0,0,0,1,3
GGG,2014B,627821,1,South Region,A Level or Equivalent,40-50%,35-55,0,30,0,Distinction,11,0,1,0,0,0,1,1,1,1,1,1,0,0,0,6
GGG,2014B,627827,1,London Region,Lower Than A Level,30-40%,35-55,0,30,0,Fail,8,0,0,1,1,0,1,0,1,1,0,0,0,1,0,3
GGG,2014B,627834,1,East Anglian Region,A Level or Equivalent,60-70%,35-55,0,30,1,Distinction,12,1,1,1,0,1,1,1,0,0,0,0,1,0,1,7
GGG,2014B,627843,1,North Western Region,Lower Than A Level,20-30%,0-35,0,30,0,Withdrawn,10,1,0,0,1,0,0,1,1,1,0,0,1,0,0,1
GGG,2014B,627895,1,South East Region,Lower Than A Level,50-60%,0-35,0,30,0,Pass,3,1,0,0,1,1,1,1,1,0,1,0,1,1,0,8
GGG,2014B,627901,1,East Anglian Region,Lower Than A Level,90-100%,35-55,0,30,0,Pass,14,1,0,0,0,1,0,0,0,0,0,0,0,1,0,5
GGG,2014B,627973,1,South West Region,A Level or Equivalent,30-40%,0-35,0,30,0,Fail,7,0,0,1,1,0,0,1,1,1,1,1,1,0,1,3
GGG,2014B,628189,0,South East Region,Lower Than A Level,30-40%,35-55,0,90,0,Fail,6,1,1,1,0,1,0,0,0,1,0,1,1,0,0,9
GGG,2014B,628217,1,London Region,A Level or Equivalent,30-40%,0-35,0,30,0,Fail,8,0,0,1,1,0,0,1,1,1,0,1,0,0,0,3
GGG,2014B,628227,1,South Region,Lower Than A Level,40-50%,0-35,0,30,0,Pass,4,0,0,1,0,0,1,1,1,1,1,1,1,1,1,8
GGG,2014B,628245,0,London Region,Lower Than A Level,80-90%,35-55,0,30,0,Fail,1,0,0,1,1,0,1,1,1,0,0,0,1,0,1,2
GGG,2014B,628280,1,London Region,Lower Than A Level,30-40%,35-55,0,30,0,Pass,2,1,1,0,0,0,1,0,0,0,0,1,1,0,0,2
GGG,2014B,628316,1,South East Region,Lower Than A Level,70-80%,0-35,0,30,0,Distinction,9,1,0,1,1,0,0,0,0,0,1,0,1,0,0,4
GGG,2014B,628365,1,South Region,Lower Than A Level,80-90%,0-35,0,30,0,Fail,12,0,0,1,0,1,0,0,0,0,0,1,1,0,1,7
GGG,2014B,628367,1,North Western Region,Lower Than A Level,50-60%,35-55,0,30,0,Pass,8,1,0,0,1,1,1,1,0,1,1,1,0,1,1,3
GGG,2014B,628369,1,North Western Region,A Level or Equivalent,50-60%,0-35,0,30,0,Pass,10,0,1,1,1,0,1,1,0,0,0,0,0,0,1,1
GGG,2014B,628455,1,London Region,Lower Than A Level,20-30%,0-35,0,30,0,Pass,9,1,0,1,1,1,0,1,0,1,1,1,1,1,1,4
GGG,2014B,628495,0,South West Region,Lower Than A Level,60-70%,35-55,0,30,0,Pass,16,0,1,1,0,1,0,1,1,1,1,0,1,0,1,10
GGG,2014B,628530,1,East Midlands Region,Lower Than A Level,20-30%,0-35,0,30,0,Pass,6,0,0,0,1,0,1,0,0,1,1,0,1,0,0,9
GGG,2014B,628538,1,East Anglian Region,Lower Than A Level,80-90%,0-35,0,30,0,Fail,9,1,1,1,0,0,0,0,1,1,0,0,0,1,0,4
GGG,2014B,628545,1,South Region,A Level or Equivalent,90-100%,35-55,0,30,0,Distinction,2,1,0,0,1,1,0,1,1,0,1,1,1,1,1,2
GGG,2014B,628598,1,South Region,A Level or Equivalent,60-70%,0-35,0,60,0,Pass,6,0,1,1,0,0,1,0,0,1,0,0,1,0,1,9
GGG,2014B,628630,1,London Region,Lower Than A Level,0-10%,0-35,0,30,0,Pass,7,0,0,1,1,0,1,1,0,1,0,1,1,1,0,3
GGG,2014B,628653,1,East Midlands Region,Lower Than A Level,20-30%,35-55,0,30,0,Fail,11,0,1,0,1,1,0,1,0,1,1,0,1,1,1,6
GGG,2014B,628669,1,North Western Region,A Level or Equivalent,0-10%,35-55,0,30,0,Pass,4,0,1,1,0,1,0,1,1,0,1,1,0,0,0,8
GGG,2014B,628712,1,North Western Region,A Level or Equivalent,30-40%,0-35,0,30,0,Distinction,10,0,0,1,0,1,1,0,0,0,0,0,0,0,1,1
GGG,2014B,628715,1,East Midlands Region,Lower Than A Level,40-50%,35-55,0,30,0,Withdrawn,11,0,0,0,1,1,0,1,0,0,1,0,1,1,1,6
GGG,2014B,628722,0,London Region,A Level or Equivalent,20-30%,0-35,0,30,1,Fail,9,1,1,1,1,0,0,0,0,1,1,0,0,0,1,4
GGG,2014B,628759,1,East Anglian Region,A Level or Equivalent,50-60%,0-35,0,30,0,Fail,11,0,0,0,0,1,1,0,0,1,1,0,1,0,0,6
GGG,2014B,628849,1,East Anglian Region,A Level or Equivalent,30-40%,35-55,0,90,0,Fail,6,0,1,1,1,1,1,1,1,0,1,0,0,0,0,9
GGG,2014B,628851,1,London Region,Lower Than A Level,20-Oct,0-35,0,30,0,Fail,7,0,1,0,1,0,1,1,0,1,0,1,0,1,0,3
GGG,2014B,628869,0,South East Region,A Level or Equivalent,30-40%,0-35,0,30,0,Distinction,14,0,0,0,1,1,0,1,1,0,1,1,1,1,0,5
GGG,2014B,628870,0,East Anglian Region,A Level or Equivalent,90-100%,0-35,0,30,1,Pass,7,1,1,0,0,1,1,0,0,0,0,1,1,1,0,3
GGG,2014B,628881,1,East Anglian Region,Lower Than A Level,0-10%,0-35,0,30,0,Distinction,2,1,1,1,1,1,1,1,0,1,0,0,1,1,0,2
GGG,2014B,628929,1,South West Region,A Level or Equivalent,0-10%,0-35,0,30,0,Pass,12,0,0,0,0,1,1,1,1,1,0,1,0,1,0,7
GGG,2014B,628931,1,West Midlands Region,Lower Than A Level,40-50%,35-55,0,30,0,Pass,6,0,0,0,0,0,1,1,1,0,1,0,0,1,0,9
GGG,2014B,629153,1,South Region,Lower Than A Level,80-90%,0-35,0,60,0,Pass,14,1,1,1,1,0,1,0,0,1,0,1,1,1,0,5
GGG,2014B,629198,0,South East Region,A Level or Equivalent,50-60%,0-35,0,30,0,Distinction,3,0,0,1,0,1,0,0,1,0,1,1,0,0,1,8
GGG,2014B,629310,1,South Region,A Level or Equivalent,80-90%,0-35,0,30,1,Fail,4,0,1,1,0,0,1,1,1,1,0,1,0,0,1,8
GGG,2014B,629387,1,London Region,No Formal quals,20-Oct,0-35,0,30,0,Withdrawn,16,1,1,1,0,1,1,1,0,1,1,0,0,1,1,10
GGG,2014B,629514,1,South Region,Lower Than A Level,80-90%,35-55,0,30,0,Fail,9,1,0,0,0,0,1,1,1,0,0,1,0,0,1,4
GGG,2014B,629537,1,London Region,A Level or Equivalent,30-40%,0-35,0,30,0,Fail,6,0,1,0,0,1,1,0,1,0,1,0,0,0,1,9
GGG,2014B,629542,0,London Region,Lower Than A Level,20-30%,0-35,0,30,0,Fail,12,0,0,1,1,0,1,0,0,1,0,0,1,0,0,7
GGG,2014B,629580,1,North Western Region,Lower Than A Level,70-80%,0-35,0,30,0,Fail,14,1,0,0,0,1,0,0,1,1,0,1,1,0,0,5
GGG,2014B,629633,1,London Region,Lower Than A Level,20-Oct,35-55,0,30,1,Distinction,1,1,1,0,1,0,1,0,1,1,0,1,1,1,0,2
GGG,2014B,629736,0,North Western Region,A Level or Equivalent,60-70%,0-35,0,90,0,Pass,10,0,0,1,1,1,0,1,0,0,0,0,1,1,1,1
GGG,2014B,629745,1,West Midlands Region,Lower Than A Level,0-10%,0-35,0,30,0,Fail,11,0,0,1,0,1,0,0,1,1,1,0,0,0,1,6
GGG,2014B,629772,0,Yorkshire Region,Lower Than A Level,0-10%,35-55,0,30,0,Pass,14,0,1,1,0,1,0,0,1,0,0,1,0,0,1,5
GGG,2014B,629777,1,Yorkshire Region,Lower Than A Level,30-40%,35-55,0,30,0,Pass,15,1,1,0,0,1,0,0,1,0,1,1,1,1,0,10
GGG,2014B,629779,0,South West Region,Lower Than A Level,50-60%,0-35,0,30,0,Pass,10,0,1,0,0,0,1,0,1,0,1,0,1,1,1,1
GGG,2014B,629813,1,East Anglian Region,Lower Than A Level,40-50%,0-35,0,30,0,Fail,1,0,0,0,0,0,0,1,0,0,1,0,1,0,0,2
GGG,2014B,629820,0,South West Region,A Level or Equivalent,40-50%,0-35,0,30,0,Distinction,12,1,0,0,0,0,0,0,1,0,1,0,0,0,0,7
GGG,2014B,629853,1,West Midlands Region,Lower Than A Level,80-90%,0-35,0,30,0,Pass,9,1,1,1,1,0,0,1,0,0,0,0,1,1,1,4
GGG,2014B,629960,1,East Anglian Region,A Level or Equivalent,90-100%,0-35,0,30,0,Fail,10,0,1,1,1,1,0,1,0,1,0,1,0,0,0,1
GGG,2014B,629961,1,London Region,HE Qualification,20-Oct,0-35,0,30,0,Fail,1,0,1,1,1,1,0,1,1,1,1,1,0,1,1,2
GGG,2014B,629963,0,Yorkshire Region,Lower Than A Level,20-Oct,0-35,0,60,0,Fail,14,1,0,1,0,1,0,1,1,1,1,0,1,0,0,5
GGG,2014B,629978,1,South East Region,Lower Than A Level,30-40%,0-35,0,30,0,Fail,16,1,0,0,0,1,0,0,0,0,1,1,0,0,1,10
GGG,2014B,629990,0,West Midlands Region,Lower Than A Level,40-50%,0-35,0,30,0,Fail,6,0,0,1,0,1,1,1,1,1,0,1,0,0,1,9
GGG,2014B,630008,1,East Midlands Region,A Level or Equivalent,50-60%,0-35,0,30,0,Fail,9,1,1,0,0,0,0,1,1,1,1,1,1,1,1,4
GGG,2014B,630099,1,East Anglian Region,Lower Than A Level,70-80%,35-55,0,30,0,Pass,6,0,0,0,1,0,1,1,0,1,1,0,0,1,0,9
GGG,2014B,630108,1,London Region,HE Qualification,20-Oct,35-55,0,30,0,Pass,10,1,0,1,1,1,0,1,1,1,1,0,1,0,0,1
GGG,2014B,630133,1,West Midlands Region,Lower Than A Level,20-Oct,0-35,0,30,0,Fail,6,1,1,1,1,1,1,1,1,0,1,0,0,0,0,9
GGG,2014B,630149,1,South Region,Lower Than A Level,40-50%,0-35,0,30,0,Fail,6,0,0,1,0,0,1,1,0,0,0,1,1,1,0,9
GGG,2014B,630156,1,South East Region,Lower Than A Level,60-70%,0-35,0,30,0,Fail,13,1,0,0,0,0,0,0,0,1,0,0,0,0,1,5
GGG,2014B,630169,1,North Western Region,Lower Than A Level,0-10%,35-55,0,30,1,Fail,15,1,0,0,0,1,1,1,0,0,1,0,0,1,1,10
GGG,2014B,630203,1,South East Region,Lower Than A Level,30-40%,0-35,0,30,0,Withdrawn,14,0,1,0,0,1,1,1,1,1,0,0,0,1,1,5
GGG,2014B,630219,0,East Anglian Region,A Level or Equivalent,90-100%,0-35,0,30,0,Pass,15,1,1,1,1,0,0,1,1,1,0,1,0,0,0,10
GGG,2014B,630221,1,West Midlands Region,A Level or Equivalent,20-30%,0-35,0,30,0,Pass,5,0,0,1,1,0,0,0,1,1,0,0,1,1,0,9
GGG,2014B,630240,0,North Western Region,Lower Than A Level,0-10%,0-35,0,30,0,Withdrawn,4,0,0,0,1,0,0,0,0,0,0,0,0,0,1,8
GGG,2014B,630242,1,East Midlands Region,Lower Than A Level,20-Oct,0-35,0,30,0,Fail,11,0,1,1,1,1,0,1,1,1,0,0,0,1,1,6
GGG,2014B,630446,1,West Midlands Region,Lower Than A Level,20-Oct,0-35,0,30,0,Pass,5,1,0,0,1,1,1,0,1,0,0,0,0,0,0,9
GGG,2014B,630496,0,East Midlands Region,Lower Than A Level,80-90%,35-55,0,30,0,Pass,9,0,1,0,1,1,1,1,1,0,1,1,1,1,1,4
GGG,2014B,630522,1,East Anglian Region,Lower Than A Level,40-50%,0-35,0,30,0,Pass,12,1,0,0,0,1,0,0,1,1,1,1,1,1,0,7
GGG,2014B,630538,1,South West Region,Lower Than A Level,90-100%,0-35,0,90,0,Withdrawn,7,0,0,1,1,1,1,0,0,1,0,0,1,0,0,3
GGG,2014B,630569,1,North Region,Lower Than A Level,40-50%,0-35,0,30,0,Pass,14,1,0,0,1,0,1,0,0,1,0,0,1,0,1,5
GGG,2014B,630571,1,London Region,Lower Than A Level,20-30%,0-35,0,30,0,Withdrawn,1,0,1,0,1,0,1,1,0,1,1,1,0,0,0,2
GGG,2014B,630762,1,South Region,Lower Than A Level,40-50%,0-35,0,30,1,Fail,10,1,1,0,1,1,1,0,0,1,1,0,1,1,1,1
GGG,2014B,630770,1,Yorkshire Region,Lower Than A Level,80-90%,35-55,0,30,0,Distinction,13,0,0,1,0,0,0,0,0,0,0,1,0,1,0,5
GGG,2014B,630776,1,London Region,Lower Than A Level,20-30%,0-35,0,30,0,Withdrawn,12,0,1,1,0,1,1,0,1,1,1,0,1,1,1,7
GGG,2014B,630787,1,South East Region,Lower Than A Level,50-60%,0-35,0,30,1,Pass,8,0,0,0,0,1,0,0,1,1,1,0,0,1,0,3
GGG,2014B,630788,1,London Region,Lower Than A Level,20-Oct,0-35,0,30,0,Pass,16,0,1,0,0,1,0,1,0,1,1,1,1,0,1,10
GGG,2014B,630834,1,West Midlands Region,A Level or Equivalent,80-90%,35-55,0,30,0,Pass,6,1,1,1,1,0,1,1,0,0,0,1,0,1,1,9
GGG,2014B,630841,1,North Western Region,A Level or Equivalent,20-Oct,0-35,0,30,0,Pass,9,0,0,1,0,0,0,1,0,1,1,1,1,1,0,4
GGG,2014B,630863,1,North Western Region,Lower Than A Level,50-60%,0-35,0,30,0,Pass,12,0,1,1,1,0,1,1,1,0,1,1,0,1,0,7
GGG,2014B,630881,1,East Anglian Region,Lower Than A Level,20-30%,35-55,0,30,0,Pass,7,1,0,0,1,0,0,1,0,0,1,1,0,0,1,3
GGG,2014B,630946,1,East Midlands Region,Lower Than A Level,50-60%,35-55,0,30,0,Pass,1,0,1,1,0,1,0,1,1,1,0,0,1,1,1,2
GGG,2014B,631033,1,London Region,Lower Than A Level,50-60%,0-35,0,30,0,Pass,5,0,0,1,0,0,1,0,0,0,0,0,1,0,0,9
GGG,2014B,631189,0,East Midlands Region,Lower Than A Level,70-80%,0-35,0,30,0,Fail,12,1,0,1,0,0,1,0,1,0,1,1,1,0,0,7
GGG,2014B,631201,1,South Region,A Level or Equivalent,90-100%,35-55,0,30,0,Pass,1,0,1,0,0,1,0,0,1,0,0,1,1,0,0,2
GGG,2014B,631212,1,South Region,Lower Than A Level,20-Oct,0-35,0,30,0,Withdrawn,10,1,1,1,1,0,1,1,1,0,0,1,1,1,0,1
GGG,2014B,631277,1,South East Region,Lower Than A Level,20-30%,35-55,0,30,0,Pass,4,1,0,1,0,0,0,1,0,0,1,0,1,1,1,8
GGG,2014B,631290,1,Yorkshire Region,A Level or Equivalent,30-40%,0-35,0,30,0,Distinction,9,1,1,1,0,1,0,1,1,1,1,0,0,1,0,4
GGG,2014B,631392,1,West Midlands Region,Lower Than A Level,70-80%,0-35,0,30,0,Distinction,8,0,0,1,1,0,0,0,1,0,0,1,0,1,0,3
GGG,2014B,631446,1,East Anglian Region,HE Qualification,90-100%,35-55,0,30,0,Withdrawn,15,1,0,0,0,1,0,0,1,0,0,0,1,1,1,10
GGG,2014B,631454,0,East Anglian Region,A Level or Equivalent,20-Oct,0-35,0,30,1,Distinction,12,1,1,1,0,1,0,1,1,1,0,1,1,1,0,7
GGG,2014B,631542,0,North Western Region,A Level or Equivalent,20-Oct,35-55,0,30,1,Pass,10,1,1,1,1,1,1,1,1,0,1,1,0,1,1,1
GGG,2014B,631554,1,South East Region,A Level or Equivalent,70-80%,0-35,0,30,0,Withdrawn,14,0,1,1,1,1,1,1,0,1,0,0,0,1,1,5
GGG,2014B,631693,1,Yorkshire Region,Lower Than A Level,50-60%,35-55,0,30,0,Fail,5,0,0,0,1,0,1,1,1,0,0,1,1,0,1,9
GGG,2014B,631753,1,East Anglian Region,A Level or Equivalent,90-100%,35-55,0,30,1,Pass,4,1,1,1,1,0,1,0,1,0,0,0,1,1,0,8
GGG,2014B,631756,0,Yorkshire Region,Lower Than A Level,0-10%,0-35,0,30,1,Fail,15,0,0,0,1,0,1,0,0,0,0,1,0,0,0,10
GGG,2014B,631786,1,East Anglian Region,A Level or Equivalent,0-10%,0-35,0,30,1,Pass,8,1,1,1,1,0,0,1,1,0,0,0,1,1,1,3
GGG,2014B,631788,1,North Western Region,Lower Than A Level,0-10%,0-35,0,30,0,Withdrawn,1,1,0,0,1,0,1,0,1,0,1,0,1,1,0,2
GGG,2014B,631935,1,London Region,Lower Than A Level,30-40%,0-35,0,30,0,Pass,2,1,0,0,1,0,0,0,0,1,0,0,0,1,0,2
GGG,2014B,631953,1,London Region,Lower Than A Level,20-30%,0-35,0,30,0,Pass,15,0,1,0,1,0,1,1,1,0,0,0,1,1,1,10
GGG,2014B,631978,1,London Region,Lower Than A Level,0-10%,0-35,0,30,0,Fail,6,1,1,1,1,1,1,0,1,1,1,0,0,1,1,9
GGG,2014B,631992,0,South Region,Lower Than A Level,20-30%,0-35,0,30,0,Withdrawn,14,0,1,1,0,0,0,1,0,1,0,0,0,0,1,5
GGG,2014B,632152,1,Yorkshire Region,Lower Than A Level,20-Oct,0-35,0,30,0,Withdrawn,16,0,1,0,0,0,0,1,1,1,1,1,0,1,1,10
GGG,2014B,632153,1,West Midlands Region,Lower Than A Level,60-70%,35-55,0,30,0,Pass,16,1,0,0,1,1,1,1,1,0,0,1,1,0,0,10
GGG,2014B,632210,0,London Region,Lower Than A Level,0-10%,35-55,0,30,0,Fail,3,0,0,1,1,1,1,1,1,0,1,0,1,0,1,8
GGG,2014B,632267,1,East Midlands Region,Lower Than A Level,20-30%,0-35,0,30,0,Withdrawn,7,1,1,0,1,0,1,1,1,1,0,1,1,0,1,3
GGG,2014B,632475,1,South East Region,Lower Than A Level,30-40%,0-35,0,30,0,Pass,8,0,1,0,1,0,0,0,0,1,1,0,0,1,1,3
GGG,2014B,632483,1,Yorkshire Region,A Level or Equivalent,40-50%,0-35,0,30,0,Pass,14,0,1,1,0,0,1,0,0,0,0,0,0,0,0,5
GGG,2014B,632485,0,Yorkshire Region,Lower Than A Level,30-40%,35-55,0,60,0,Pass,2,0,0,0,1,1,0,0,1,1,0,1,1,0,0,2
GGG,2014B,632512,0,South West Region,Lower Than A Level,40-50%,0-35,0,30,0,Pass,8,1,0,0,1,1,0,0,0,0,1,1,1,1,0,3
GGG,2014B,632514,1,East Midlands Region,Lower Than A Level,40-50%,35-55,0,30,0,Distinction,8,0,1,0,0,0,1,1,0,0,0,1,0,0,1,3
GGG,2014B,632526,1,East Anglian Region,Lower Than A Level,20-30%,35-55,0,30,0,Pass,15,0,0,0,1,0,0,1,0,0,1,0,1,0,1,10
GGG,2014B,632533,1,Yorkshire Region,Lower Than A Level,50-60%,0-35,0,30,0,Withdrawn,5,1,0,0,0,1,0,0,0,1,0,1,1,0,0,9
GGG,2014B,632543,1,East Anglian Region,HE Qualification,40-50%,0-35,0,30,0,Distinction,9,1,1,0,1,1,0,0,0,0,1,1,1,1,1,4
GGG,2014B,632558,1,South East Region,Lower Than A Level,50-60%,35-55,0,30,0,Fail,1,1,0,1,1,0,0,1,1,1,1,0,0,1,1,2
GGG,2014B,632559,1,London Region,A Level or Equivalent,20-30%,35-55,0,30,0,Pass,9,0,0,0,1,0,0,1,0,1,0,0,0,1,0,4
GGG,2014B,632569,1,West Midlands Region,A Level or Equivalent,0-10%,35-55,0,30,0,Distinction,8,1,0,0,0,1,1,0,1,0,0,1,1,0,0,3
GGG,2014B,632577,1,London Region,Lower Than A Level,20-Oct,0-35,0,30,0,Fail,7,0,0,1,0,1,1,0,1,0,0,0,0,0,1,3
GGG,2014B,632613,1,East Anglian Region,Lower Than A Level,20-Oct,0-35,0,30,0,Fail,15,1,0,0,1,1,1,1,0,0,0,0,0,1,0,10
GGG,2014B,632619,1,Yorkshire Region,Lower Than A Level,20-Oct,0-35,0,30,0,Pass,4,1,0,0,0,1,0,0,1,0,1,1,1,0,1,8
GGG,2014B,632631,0,South East Region,Lower Than A Level,70-80%,0-35,0,30,0,Fail,14,0,1,1,0,1,0,1,1,1,1,0,0,0,0,5
GGG,2014B,632633,0,North Region,A Level or Equivalent,70-80%,0-35,0,30,0,Withdrawn,8,0,1,1,1,0,0,0,1,1,1,0,1,0,1,3
GGG,2014B,632638,1,East Midlands Region,A Level or Equivalent,70-80%,0-35,0,30,0,Fail,13,0,1,1,0,1,1,1,1,1,1,0,1,1,1,5
GGG,2014B,632640,1,South West Region,Lower Than A Level,90-100%,35-55,0,30,0,Pass,10,0,0,1,0,0,1,0,0,1,1,1,1,0,1,1
GGG,2014B,632667,0,East Anglian Region,Lower Than A Level,60-70%,35-55,0,30,1,Pass,4,0,1,0,1,1,1,1,1,1,0,1,1,1,0,8
GGG,2014B,632673,1,North Region,A Level or Equivalent,70-80%,0-35,0,30,0,Pass,1,0,1,1,1,0,1,1,1,0,0,1,0,0,0,2
GGG,2014B,632675,1,South East Region,Lower Than A Level,20-Oct,35-55,0,30,1,Pass,9,0,0,0,0,1,0,0,0,0,1,0,1,0,0,4
GGG,2014B,632687,1,North Region,No Formal quals,20-Oct,0-35,0,30,0,Pass,1,1,0,1,1,1,0,0,0,1,0,1,1,0,1,2
GGG,2014B,632936,0,London Region,Lower Than A Level,60-70%,0-35,0,30,0,Pass,9,1,0,0,0,0,0,0,0,0,1,1,0,0,1,4
GGG,2014B,632959,0,North Region,Lower Than A Level,20-30%,35-55,0,30,0,Distinction,10,1,0,1,1,1,0,1,1,0,1,1,1,1,1,1
GGG,2014B,632966,1,South East Region,Lower Than A Level,0-10%,0-35,0,30,0,Withdrawn,4,1,0,1,1,1,0,1,0,0,1,0,0,1,0,8
GGG,2014B,632989,1,London Region,Lower Than A Level,30-40%,0-35,0,30,0,Pass,13,1,1,1,0,1,0,1,1,0,0,0,1,0,1,5
GGG,2014B,633026,0,South West Region,A Level or Equivalent,80-90%,35-55,0,30,0,Withdrawn,7,0,1,0,1,1,1,0,1,1,1,1,1,0,0,3
GGG,2014B,633096,1,North Western Region,Lower Than A Level,20-30%,35-55,0,30,0,Fail,9,1,1,0,1,0,0,1,0,0,1,1,1,1,1,4
GGG,2014B,633098,1,South Region,Lower Than A Level,60-70%,0-35,0,30,0,Pass,10,1,0,1,1,0,1,0,1,0,0,0,1,1,1,1
GGG,2014B,633118,1,West Midlands Region,Lower Than A Level,30-40%,35-55,0,30,0,Pass,11,0,0,0,1,0,0,0,1,1,1,1,1,0,1,6
GGG,2014B,633123,1,London Region,A Level or Equivalent,50-60%,0-35,0,30,1,Pass,10,0,1,1,0,0,1,0,1,0,1,1,1,0,1,1
GGG,2014B,633209,1,East Anglian Region,Lower Than A Level,50-60%,0-35,0,30,0,Pass,3,1,0,0,1,1,0,1,1,0,1,1,1,0,0,8
GGG,2014B,633285,1,East Midlands Region,A Level or Equivalent,80-90%,0-35,0,90,1,Fail,8,0,1,1,1,0,0,1,1,1,1,0,1,1,0,3
GGG,2014B,633389,1,London Region,A Level or Equivalent,20-30%,35-55,0,30,1,Fail,16,1,0,0,1,0,1,0,1,1,1,1,0,0,1,10
GGG,2014B,633417,0,London Region,A Level or Equivalent,20-Oct,35-55,0,30,0,Pass,11,0,1,1,0,1,1,0,1,0,0,1,1,0,1,6
GGG,2014B,633429,0,East Midlands Region,Lower Than A Level,70-80%,35-55,0,30,0,Pass,2,0,1,1,1,1,1,1,0,0,1,0,0,0,0,2
GGG,2014B,633435,0,London Region,A Level or Equivalent,20-30%,0-35,0,30,0,Fail,14,1,0,0,1,1,0,0,0,0,1,1,1,1,1,5
GGG,2014B,633436,1,South East Region,Lower Than A Level,60-70%,35-55,0,30,0,Fail,8,1,0,1,0,0,0,0,0,1,0,0,0,1,1,3
GGG,2014B,633448,1,Yorkshire Region,A Level or Equivalent,20-Oct,0-35,0,30,0,Fail,9,1,0,0,0,0,0,1,1,1,0,1,1,0,1,4
GGG,2014B,633453,1,South West Region,HE Qualification,50-60%,35-55,0,30,0,Distinction,2,0,1,1,1,1,1,1,0,1,1,0,1,1,0,2
GGG,2014B,633459,1,West Midlands Region,A Level or Equivalent,30-40%,35-55,0,30,0,Pass,12,1,0,0,0,0,0,0,1,1,0,1,1,0,0,7
GGG,2014B,633464,0,South East Region,Lower Than A Level,90-100%,0-35,0,30,0,Distinction,13,0,1,0,0,0,1,1,0,0,1,0,1,0,0,5
GGG,2014B,633474,0,East Anglian Region,Lower Than A Level,90-100%,35-55,0,30,0,Distinction,3,0,1,1,1,0,1,1,1,1,1,1,1,0,1,8
GGG,2014B,633498,1,West Midlands Region,A Level or Equivalent,30-40%,0-35,0,30,0,Fail,3,0,1,0,0,0,1,1,1,0,0,0,1,1,0,8
GGG,2014B,633514,1,South Region,A Level or Equivalent,80-90%,0-35,0,30,0,Pass,15,0,0,0,1,0,0,1,1,1,1,0,1,1,0,10
GGG,2014B,633515,1,London Region,Lower Than A Level,20-Oct,0-35,0,30,0,Fail,10,1,1,1,0,0,1,1,0,1,0,1,1,0,1,1
GGG,2014B,633569,1,East Anglian Region,Lower Than A Level,90-100%,0-35,0,30,0,Fail,5,1,1,1,1,0,1,0,1,0,0,1,1,0,1,9
GGG,2014B,633585,1,Scotland,A Level or Equivalent,70-80%,0-35,0,30,0,Fail,7,1,1,1,1,1,1,1,1,1,1,1,1,1,0,3
GGG,2014B,633588,1,South East Region,HE Qualification,90-100%,0-35,0,30,0,Pass,16,1,1,0,1,1,1,1,1,0,0,1,0,1,1,10
GGG,2014B,633608,1,East Midlands Region,Lower Than A Level,0-10%,0-35,0,30,0,Distinction,13,1,1,0,1,1,0,1,0,1,1,1,1,1,0,5
GGG,2014B,633609,1,Yorkshire Region,Lower Than A Level,70-80%,0-35,0,30,0,Pass,15,1,1,0,0,0,1,1,1,0,1,1,1,0,1,10
GGG,2014B,633643,1,East Midlands Region,A Level or Equivalent,80-90%,35-55,0,30,0,Pass,1,0,1,1,1,1,0,0,1,1,1,0,1,0,1,2
GGG,2014B,633660,1,North Western Region,Lower Than A Level,20-Oct,0-35,0,30,0,Pass,12,1,0,0,0,0,1,0,0,1,1,1,1,0,1,7
GGG,2014B,633666,1,North Western Region,Lower Than A Level,60-70%,35-55,0,30,0,Pass,8,0,0,1,1,0,0,0,1,0,0,1,1,1,1,3
GGG,2014B,633682,1,North Western Region,Lower Than A Level,60-70%,35-55,0,30,0,Pass,14,1,0,0,1,0,0,1,1,1,1,1,1,0,0,5
GGG,2014B,633683,0,East Midlands Region,A Level or Equivalent,80-90%,0-35,0,30,1,Pass,2,0,1,0,1,0,1,0,0,1,0,1,1,1,1,2
GGG,2014B,633685,1,London Region,A Level or Equivalent,40-50%,35-55,0,30,0,Pass,14,1,1,1,0,0,1,0,1,0,0,0,0,1,1,5
GGG,2014B,633690,1,South Region,Lower Than A Level,50-60%,0-35,0,30,0,Pass,16,0,1,1,0,0,1,0,0,0,0,0,0,1,1,10
GGG,2014B,633747,1,West Midlands Region,Lower Than A Level,20-Oct,35-55,0,30,0,Pass,5,0,1,1,1,1,1,0,0,1,1,1,1,1,1,9
GGG,2014B,633749,0,West Midlands Region,Lower Than A Level,0-10%,0-35,0,30,0,Fail,15,1,0,0,1,1,1,0,0,1,1,1,0,1,1,10
GGG,2014B,633923,1,Yorkshire Region,A Level or Equivalent,40-50%,0-35,0,30,0,Pass,12,1,1,1,1,1,0,0,0,1,1,0,1,1,1,7
GGG,2014B,633956,1,East Anglian Region,A Level or Equivalent,90-100%,35-55,0,30,0,Distinction,8,1,1,1,0,1,1,1,1,0,1,0,1,1,0,3
GGG,2014B,633967,1,North Region,Lower Than A Level,20-Oct,0-35,0,30,0,Fail,2,1,1,0,0,0,0,0,1,1,1,0,1,0,1,2
GGG,2014B,633979,1,South East Region,Lower Than A Level,60-70%,35-55,0,30,0,Distinction,14,1,1,0,0,0,0,1,0,0,0,0,0,1,0,5
GGG,2014B,634018,0,South East Region,Lower Than A Level,70-80%,35-55,0,30,0,Pass,1,0,1,1,0,0,0,1,1,0,1,1,1,0,0,2
GGG,2014B,634027,0,Yorkshire Region,A Level or Equivalent,20-Oct,35-55,0,30,0,Pass,16,0,0,0,0,0,1,0,0,0,0,0,1,0,1,10
GGG,2014B,634054,0,East Anglian Region,A Level or Equivalent,20-Oct,0-35,0,30,0,Fail,1,1,0,1,0,0,0,1,0,0,0,0,0,1,0,2
GGG,2014B,634061,1,Yorkshire Region,A Level or Equivalent,30-40%,0-35,0,30,0,Distinction,7,1,0,1,0,0,1,1,1,1,1,0,1,1,1,3
GGG,2014B,634066,0,London Region,A Level or Equivalent,20-Oct,0-35,0,30,0,Fail,4,1,0,1,0,0,0,1,1,0,0,0,1,0,1,8
GGG,2014B,634076,1,East Anglian Region,HE Qualification,80-90%,35-55,0,30,0,Distinction,4,1,0,0,1,0,0,1,1,1,0,0,0,0,1,8
GGG,2014B,634234,0,East Midlands Region,Lower Than A Level,20-30%,35-55,0,30,0,Distinction,15,1,0,0,1,0,1,1,0,0,1,1,1,0,0,10
GGG,2014B,634258,1,West Midlands Region,A Level or Equivalent,0-10%,0-35,0,30,0,Distinction,10,1,1,0,0,1,1,0,0,1,1,1,0,0,1,1
GGG,2014B,634273,1,West Midlands Region,Lower Than A Level,30-40%,0-35,0,30,0,Fail,4,0,1,1,0,0,0,0,0,1,1,1,0,1,1,8
GGG,2014B,634311,1,East Anglian Region,Lower Than A Level,20-Oct,35-55,0,30,0,Fail,15,1,1,0,0,0,0,0,0,0,1,0,1,0,0,10
GGG,2014B,634316,1,North Region,Lower Than A Level,60-70%,0-35,0,30,0,Pass,5,1,0,1,1,0,1,0,1,0,1,1,0,0,1,9
GGG,2014B,634320,1,North Western Region,Lower Than A Level,20-Oct,35-55,0,30,1,Pass,8,0,0,1,1,0,0,0,1,1,0,0,1,0,1,3
GGG,2014B,634323,1,South East Region,Lower Than A Level,60-70%,0-35,0,30,0,Distinction,6,0,0,1,0,1,0,0,0,0,1,0,1,1,1,9
GGG,2014B,634340,0,Yorkshire Region,A Level or Equivalent,70-80%,0-35,0,30,0,Fail,2,0,0,1,0,0,0,0,0,0,0,0,0,0,1,2
GGG,2014B,634344,0,London Region,Lower Than A Level,80-90%,0-35,0,30,1,Fail,1,1,1,1,1,0,1,1,1,1,0,1,0,1,1,2
GGG,2014B,634345,0,East Anglian Region,HE Qualification,60-70%,0-35,0,30,0,Fail,12,1,1,1,0,0,0,0,0,0,0,0,0,1,0,7
GGG,2014B,634347,1,North Region,Lower Than A Level,70-80%,35-55,0,30,0,Withdrawn,16,0,1,0,1,0,1,1,1,0,0,1,1,0,1,10
GGG,2014B,634369,1,London Region,Lower Than A Level,70-80%,35-55,0,30,0,Pass,6,0,1,0,1,1,0,0,0,0,1,1,0,1,1,9
GGG,2014B,634404,1,South East Region,Lower Than A Level,30-40%,35-55,0,30,0,Distinction,9,0,1,0,0,1,1,1,1,0,1,0,1,1,1,4
GGG,2014B,634444,1,London Region,Lower Than A Level,0-10%,0-35,0,30,0,Fail,10,1,1,1,0,0,1,1,0,0,0,1,1,1,1,1
GGG,2014B,634461,1,East Midlands Region,Lower Than A Level,20-Oct,35-55,0,30,1,Fail,11,1,0,0,1,1,1,0,1,0,1,1,1,0,1,6
GGG,2014B,634470,1,South Region,A Level or Equivalent,,0-35,0,30,0,Distinction,6,0,1,1,0,0,1,1,0,0,1,1,0,0,0,9
GGG,2014B,634494,1,South West Region,Lower Than A Level,70-80%,0-35,0,30,0,Fail,7,0,0,0,0,1,0,0,0,1,0,0,0,0,0,3
GGG,2014B,634498,1,London Region,A Level or Equivalent,60-70%,0-35,0,30,0,Fail,16,1,1,0,1,1,0,0,0,1,0,0,0,0,0,10
GGG,2014B,634503,1,South Region,Lower Than A Level,30-40%,0-35,0,30,0,Pass,7,0,0,1,0,1,1,0,0,1,1,0,0,0,1,3
GGG,2014B,634529,0,North Western Region,Lower Than A Level,20-Oct,0-35,0,30,0,Distinction,13,0,1,0,1,1,0,1,0,1,1,0,0,0,0,5
GGG,2014B,634530,1,East Midlands Region,Lower Than A Level,40-50%,0-35,0,30,0,Pass,15,1,1,0,1,1,0,0,0,0,0,1,1,0,0,10
GGG,2014B,634547,1,South West Region,A Level or Equivalent,60-70%,0-35,0,30,0,Pass,15,0,1,0,0,0,1,1,0,0,0,1,0,0,1,10
GGG,2014B,634551,1,South Region,A Level or Equivalent,80-90%,0-35,0,30,0,Pass,7,1,1,1,1,1,1,1,1,0,1,1,1,0,0,3
GGG,2014B,634562,1,London Region,A Level or Equivalent,20-Oct,0-35,0,30,0,Fail,15,0,1,0,0,1,0,0,0,1,1,1,0,0,1,10
GGG,2014B,634569,1,Yorkshire Region,Lower Than A Level,0-10%,0-35,0,30,0,Pass,4,0,1,1,0,1,1,0,0,0,1,1,1,1,0,8
GGG,2014B,634583,1,East Anglian Region,A Level or Equivalent,80-90%,35-55,0,30,0,Pass,8,1,0,0,0,0,0,1,1,1,1,1,1,1,0,3
GGG,2014B,634746,0,London Region,Lower Than A Level,20-Oct,35-55,0,30,0,Pass,15,0,0,1,0,1,0,1,0,0,0,1,1,0,1,10
GGG,2014B,634751,1,South West Region,Lower Than A Level,90-100%,0-35,0,30,0,Distinction,15,0,1,0,0,1,0,0,0,0,1,0,0,0,0,10
GGG,2014B,634789,1,South East Region,A Level or Equivalent,90-100%,0-35,0,30,0,Withdrawn,8,0,0,0,0,1,0,0,1,0,0,1,0,0,0,3
GGG,2014B,634822,1,West Midlands Region,Lower Than A Level,0-10%,0-35,0,30,0,Fail,4,1,0,0,0,0,1,0,1,1,0,1,1,0,1,8
GGG,2014B,634848,1,East Midlands Region,Lower Than A Level,90-100%,0-35,0,30,0,Fail,8,1,1,1,0,1,0,1,1,1,1,0,0,0,0,3
GGG,2014B,634899,1,East Anglian Region,Lower Than A Level,20-30%,35-55,0,30,1,Fail,3,1,1,0,0,0,0,1,0,1,1,0,0,0,1,8
GGG,2014B,634933,1,South Region,Lower Than A Level,30-40%,35-55,0,30,0,Fail,12,1,0,0,0,0,0,0,1,1,0,0,1,0,1,7
GGG,2014B,634968,1,South East Region,Lower Than A Level,50-60%,35-55,0,30,0,Fail,11,0,0,0,1,0,0,0,1,1,1,1,1,1,0,6
GGG,2014B,634986,1,East Midlands Region,A Level or Equivalent,20-Oct,35-55,0,30,0,Pass,3,1,1,0,0,0,1,0,1,1,0,1,1,1,0,8
GGG,2014B,635017,0,Yorkshire Region,Lower Than A Level,80-90%,35-55,0,60,0,Withdrawn,13,1,0,0,1,1,0,0,1,1,1,1,1,1,1,5
GGG,2014B,635035,1,West Midlands Region,A Level or Equivalent,40-50%,35-55,0,30,0,Pass,3,1,0,0,0,0,0,0,1,0,1,0,0,0,0,8
GGG,2014B,635052,1,North Western Region,A Level or Equivalent,0-10%,0-35,0,30,0,Pass,16,0,0,1,1,1,0,1,1,0,1,1,1,0,1,10
GGG,2014B,635233,0,North Western Region,A Level or Equivalent,70-80%,0-35,0,30,0,Distinction,6,1,1,0,0,0,0,0,0,1,0,1,1,0,1,9
GGG,2014B,635506,1,London Region,A Level or Equivalent,20-Oct,35-55,0,30,0,Pass,16,1,1,0,0,0,1,0,1,1,1,1,0,0,1,10
GGG,2014B,635813,1,West Midlands Region,Lower Than A Level,20-30%,0-35,0,30,0,Pass,12,0,0,0,1,0,0,0,0,1,0,1,1,1,0,7
GGG,2014B,635885,0,South Region,Lower Than A Level,0-10%,0-35,0,30,0,Fail,4,1,1,0,1,0,1,0,0,1,0,1,0,0,0,8
GGG,2014B,1338955,1,London Region,A Level or Equivalent,0-10%,35-55,0,30,0,Withdrawn,16,1,0,1,1,0,0,0,1,1,0,1,1,1,0,10
GGG,2014B,1413027,1,East Anglian Region,Lower Than A Level,70-80%,35-55,0,30,0,Pass,5,1,1,0,1,0,1,1,0,0,0,0,0,1,1,9
GGG,2014B,1422737,1,South West Region,Lower Than A Level,50-60%,35-55,0,30,0,Pass,3,0,1,1,1,1,1,1,0,1,0,0,0,1,0,8
GGG,2014B,1860171,0,East Anglian Region,HE Qualification,50-60%,35-55,0,30,0,Distinction,12,0,0,1,0,1,1,1,0,1,1,1,0,1,0,7
GGG,2014B,1882021,1,East Midlands Region,Lower Than A Level,30-40%,35-55,0,30,0,Pass,10,1,0,1,1,1,1,0,1,0,0,1,0,1,0,1
GGG,2014B,1897611,1,East Anglian Region,Lower Than A Level,0-10%,35-55,0,30,0,Distinction,5,1,0,1,0,0,1,1,0,0,0,0,1,0,1,9
GGG,2014B,1986312,1,South East Region,A Level or Equivalent,30-40%,35-55,0,30,1,Withdrawn,16,1,1,1,1,0,1,1,1,0,0,0,1,1,0,10
GGG,2014B,1994632,1,West Midlands Region,Lower Than A Level,40-50%,35-55,0,30,1,Pass,12,0,1,1,0,0,1,1,1,1,1,1,0,0,1,7
GGG,2014B,2011327,1,Yorkshire Region,A Level or Equivalent,80-90%,35-55,0,30,0,Withdrawn,7,0,0,1,1,1,1,0,1,1,0,0,0,1,1,3
GGG,2014B,2067555,1,North Western Region,Lower Than A Level,0-10%,0-35,0,30,0,Distinction,9,0,0,1,0,1,1,1,1,0,1,1,0,1,0,4
GGG,2014B,2081937,1,North Western Region,A Level or Equivalent,20-30%,35-55,0,30,0,Distinction,16,1,1,1,1,0,0,1,1,1,0,1,1,0,1,10
GGG,2014B,2082945,1,East Anglian Region,A Level or Equivalent,90-100%,35-55,0,30,0,Pass,14,0,0,0,0,1,1,0,0,0,1,1,1,1,0,5
GGG,2014B,2135315,1,Yorkshire Region,A Level or Equivalent,50-60%,35-55,0,30,0,Pass,11,1,0,1,1,1,1,1,1,1,1,1,1,0,1,6
GGG,2014B,2237813,1,London Region,A Level or Equivalent,20-30%,0-35,0,30,0,Fail,5,0,1,1,0,1,0,1,0,1,1,0,1,0,1,9
GGG,2014B,2252963,1,North Western Region,Lower Than A Level,30-40%,35-55,0,30,0,Pass,16,1,0,1,1,0,0,1,0,1,1,1,0,1,1,10
GGG,2014B,2262510,1,London Region,A Level or Equivalent,30-40%,0-35,0,30,1,Distinction,3,0,1,1,1,0,1,0,1,0,1,1,0,0,1,8
GGG,2014B,2264282,1,East Midlands Region,Lower Than A Level,20-30%,35-55,0,30,0,Withdrawn,3,1,1,1,1,1,0,1,1,0,1,1,1,0,0,8
GGG,2014B,2272474,1,Yorkshire Region,A Level or Equivalent,70-80%,35-55,0,30,0,Pass,16,0,1,1,0,1,0,1,1,1,1,1,0,1,1,10
GGG,2014B,2322120,1,Yorkshire Region,HE Qualification,20-Oct,35-55,0,30,0,Fail,1,1,1,0,0,1,1,1,0,0,0,1,0,1,0,2
GGG,2014B,2351589,1,South East Region,HE Qualification,50-60%,35-55,0,30,0,Distinction,13,0,0,1,0,0,0,0,0,1,0,1,1,1,1,5
GGG,2014B,2392554,0,East Midlands Region,Lower Than A Level,50-60%,0-35,0,30,1,Pass,14,1,1,0,1,1,1,1,0,0,0,0,1,1,1,5
GGG,2014B,2410140,1,North Western Region,A Level or Equivalent,60-70%,35-55,0,30,0,Withdrawn,6,0,1,0,0,0,1,0,1,1,1,1,0,0,0,9
GGG,2014B,2445562,0,North Western Region,A Level or Equivalent,0-10%,35-55,0,120,1,Pass,1,1,0,0,0,0,0,1,0,1,0,0,0,1,1,2
GGG,2014B,2452045,0,Yorkshire Region,A Level or Equivalent,20-Oct,0-35,0,30,0,Pass,15,1,1,1,1,0,0,1,1,0,0,0,0,0,0,10
GGG,2014B,2477545,1,South West Region,Lower Than A Level,20-30%,35-55,0,30,1,Withdrawn,1,1,1,0,1,0,1,1,1,0,0,0,0,0,1,2
GGG,2014B,2526485,1,West Midlands Region,A Level or Equivalent,70-80%,35-55,0,30,0,Pass,13,1,0,0,0,1,1,1,0,0,0,0,0,0,0,5
GGG,2014B,2533407,1,East Midlands Region,HE Qualification,20-30%,35-55,0,30,0,Pass,16,0,0,1,1,1,1,0,0,1,0,0,1,1,0,10
GGG,2014B,2546763,1,North Western Region,A Level or Equivalent,0-10%,0-35,0,30,1,Fail,3,0,0,1,0,1,0,1,1,0,1,0,0,1,1,8
GGG,2014B,2563715,1,London Region,A Level or Equivalent,20-Oct,35-55,0,30,0,Pass,9,0,0,0,0,0,1,0,0,0,1,1,0,0,0,4
GGG,2014B,2574822,1,Yorkshire Region,A Level or Equivalent,20-30%,0-35,0,30,0,Withdrawn,4,1,1,0,0,0,0,1,0,0,1,0,1,1,0,8
GGG,2014B,2574825,1,South Region,Lower Than A Level,50-60%,0-35,0,30,0,Fail,1,1,0,1,0,0,1,1,0,1,0,1,0,1,1,2
GGG,2014B,2577437,1,East Midlands Region,Lower Than A Level,40-50%,0-35,0,30,0,Withdrawn,4,0,1,1,1,0,0,0,0,0,1,0,0,0,0,8
GGG,2014B,2619903,1,Yorkshire Region,Lower Than A Level,30-40%,0-35,0,30,0,Fail,13,1,0,0,1,1,0,0,1,0,0,0,0,0,0,5
GGG,2014B,2649914,1,North Western Region,A Level or Equivalent,60-70%,35-55,0,30,0,Distinction,8,1,1,0,1,0,1,1,0,0,0,1,1,0,0,3
GGG,2014B,2658277,1,South East Region,A Level or Equivalent,20-Oct,0-35,0,30,0,Fail,14,0,1,1,0,1,0,0,0,0,0,0,0,1,0,5
GGG,2014B,2672138,1,North Western Region,Lower Than A Level,20-Oct,35-55,0,30,1,Distinction,9,0,0,1,0,0,1,0,0,1,0,1,0,0,1,4
GGG,2014B,2677135,0,Yorkshire Region,Lower Than A Level,70-80%,0-35,0,30,0,Pass,4,1,1,0,0,0,1,0,1,0,1,0,1,0,1,8
GGG,2014B,2682002,1,Yorkshire Region,Lower Than A Level,80-90%,35-55,0,30,0,Distinction,11,0,0,0,1,0,1,0,1,1,0,0,0,0,1,6
GGG,2014B,2689480,1,North Region,A Level or Equivalent,40-50%,35-55,0,30,0,Pass,12,1,1,1,0,0,1,1,0,0,0,0,0,1,1,7
GGG,2014B,2695362,1,East Midlands Region,A Level or Equivalent,0-10%,0-35,0,30,0,Distinction,10,1,0,1,0,0,0,0,1,1,0,1,1,0,1,1
GGG,2014J,31205,0,East Midlands Region,Lower Than A Level,20-30%,35-55,0,30,1,Fail,8,0,1,0,0,0,0,1,0,1,1,1,1,1,1,3
GGG,2014J,52702,1,Scotland,Lower Than A Level,20-30%,35-55,0,30,0,Pass,9,1,0,0,0,1,0,1,1,0,0,1,1,0,1,4
GGG,2014J,60162,1,London Region,A Level or Equivalent,30-40%,35-55,0,30,0,Pass,15,0,0,0,1,0,1,0,1,1,1,0,0,1,1,10
GGG,2014J,63949,1,Ireland,Lower Than A Level,30-40%,0-35,0,30,0,Pass,3,0,1,1,0,1,1,0,0,1,1,1,0,0,0,8
GGG,2014J,91041,1,Yorkshire Region,Lower Than A Level,0-10%,0-35,0,30,0,Withdrawn,3,0,0,0,0,1,0,0,0,1,1,0,0,1,1,8
GGG,2014J,92103,1,West Midlands Region,A Level or Equivalent,20-Oct,0-35,0,30,0,Withdrawn,5,0,0,1,1,0,1,1,1,1,1,1,1,1,1,9
GGG,2014J,121182,0,North Western Region,A Level or Equivalent,20-30%,0-35,0,30,0,Distinction,14,1,0,1,0,1,0,0,0,1,0,1,0,1,0,5
GGG,2014J,125407,1,East Anglian Region,Lower Than A Level,80-90%,0-35,0,30,1,Pass,3,0,1,1,0,1,0,1,0,0,0,0,0,0,0,8
GGG,2014J,131314,0,South Region,A Level or Equivalent,20-30%,35-55,0,30,0,Pass,1,0,1,1,1,1,1,1,1,0,1,1,1,0,1,2
GGG,2014J,132932,1,South West Region,Lower Than A Level,60-70%,35-55,0,30,1,Pass,1,1,0,0,0,1,0,1,1,0,0,0,0,1,1,2
GGG,2014J,140938,1,South West Region,A Level or Equivalent,30-40%,0-35,0,90,0,Withdrawn,4,0,1,1,1,1,1,1,1,0,0,1,0,1,0,8
GGG,2014J,141827,0,South West Region,Lower Than A Level,40-50%,0-35,0,30,1,Pass,11,0,0,0,0,1,0,1,0,1,1,0,1,0,0,6
GGG,2014J,181251,1,South Region,Lower Than A Level,50-60%,55<=,0,30,0,Fail,1,0,1,1,0,0,0,0,1,0,1,0,1,0,0,2
GGG,2014J,198167,1,East Anglian Region,A Level or Equivalent,20-30%,35-55,0,30,0,Pass,8,1,1,0,1,1,0,0,0,1,0,1,0,1,1,3
GGG,2014J,226879,1,Scotland,HE Qualification,80-90%,35-55,0,30,0,Distinction,14,0,1,0,0,1,1,0,1,1,0,1,1,1,0,5
GGG,2014J,226890,0,South West Region,A Level or Equivalent,20-Oct,0-35,0,30,0,Pass,11,1,0,0,0,0,1,0,1,0,0,0,0,1,0,6
GGG,2014J,232480,1,London Region,Lower Than A Level,40-50%,35-55,0,30,0,Fail,8,0,1,1,0,0,0,0,1,1,1,0,0,0,1,3
GGG,2014J,237921,1,London Region,Lower Than A Level,50-60%,35-55,0,30,0,Distinction,4,1,1,1,0,1,1,0,0,1,0,0,0,1,0,8
GGG,2014J,239751,1,East Midlands Region,Lower Than A Level,20-Oct,35-55,1,30,0,Pass,16,1,0,1,0,0,1,1,0,0,1,1,0,0,1,10
GGG,2014J,260951,1,East Anglian Region,No Formal quals,70-80%,0-35,0,30,0,Fail,8,0,1,0,0,0,0,0,0,1,0,1,0,1,0,3
GGG,2014J,263341,0,North Western Region,Lower Than A Level,20-Oct,0-35,0,30,0,Pass,6,0,0,1,1,1,0,1,1,0,1,0,0,0,0,9
GGG,2014J,275136,0,South West Region,Lower Than A Level,0-10%,35-55,0,30,1,Pass,8,1,1,0,0,1,0,1,0,1,1,0,1,0,1,3
GGG,2014J,276893,1,South West Region,A Level or Equivalent,30-40%,0-35,0,30,1,Pass,16,1,0,0,0,1,1,0,0,1,1,1,1,0,1,10
GGG,2014J,290854,1,Scotland,A Level or Equivalent,20-Oct,35-55,0,30,0,Pass,1,0,1,0,0,1,0,0,0,1,0,0,1,1,0,2
GGG,2014J,291937,1,Wales,HE Qualification,0-10%,35-55,0,30,0,Fail,5,1,0,1,0,0,0,1,0,1,1,1,0,0,0,9
GGG,2014J,302145,1,North Western Region,Lower Than A Level,0-10%,35-55,0,30,1,Pass,7,0,1,0,1,0,1,0,0,0,1,0,1,0,0,3
GGG,2014J,302522,1,East Anglian Region,Lower Than A Level,60-70%,35-55,0,90,0,Fail,11,1,1,1,0,1,1,0,1,1,0,0,1,1,0,6
GGG,2014J,308807,0,East Anglian Region,A Level or Equivalent,50-60%,0-35,0,120,0,Pass,5,1,1,0,0,0,1,0,0,1,0,1,1,1,1,9
GGG,2014J,313925,1,North Region,A Level or Equivalent,20-Oct,35-55,0,30,0,Distinction,4,1,1,1,1,1,1,1,1,0,1,0,0,1,0,8
GGG,2014J,317399,0,South Region,Lower Than A Level,90-100%,0-35,0,30,1,Fail,3,1,1,0,1,0,0,1,0,0,1,0,0,0,0,8
GGG,2014J,323940,1,South East Region,Lower Than A Level,50-60%,35-55,0,30,0,Distinction,14,1,1,0,1,0,1,1,1,0,1,1,0,0,0,5
GGG,2014J,330682,1,East Anglian Region,Lower Than A Level,90-100%,0-35,0,30,0,Pass,4,0,1,1,0,1,1,1,1,1,0,1,1,1,1,8
GGG,2014J,338113,1,London Region,Lower Than A Level,60-70%,0-35,0,30,0,Pass,6,1,0,1,0,1,1,0,0,0,0,0,1,1,1,9
GGG,2014J,339645,1,East Midlands Region,Lower Than A Level,80-90%,0-35,0,30,0,Pass,14,1,0,1,0,0,1,1,1,0,1,1,0,0,0,5
GGG,2014J,340242,1,East Midlands Region,Lower Than A Level,60-70%,0-35,0,30,0,Pass,10,0,1,0,1,1,1,1,1,0,1,1,1,1,1,1
GGG,2014J,342466,0,London Region,Lower Than A Level,30-40%,35-55,0,30,0,Fail,13,1,1,0,0,1,1,0,0,1,0,1,0,0,1,5
GGG,2014J,342946,1,South Region,Lower Than A Level,40-50%,0-35,0,30,0,Fail,4,1,0,1,0,1,0,1,0,1,1,1,1,0,1,8
GGG,2014J,343655,1,South Region,Lower Than A Level,40-50%,35-55,0,30,0,Fail,6,1,1,1,1,1,1,1,0,0,1,1,0,1,1,9
GGG,2014J,348837,1,East Anglian Region,A Level or Equivalent,60-70%,0-35,0,30,0,Distinction,14,0,1,0,0,1,0,1,0,0,0,1,1,0,1,5
GGG,2014J,350944,0,North Western Region,Lower Than A Level,20-Oct,0-35,0,30,1,Fail,11,0,1,1,0,1,0,0,1,0,1,0,0,0,0,6
GGG,2014J,358341,1,Wales,A Level or Equivalent,60-70%,35-55,0,30,0,Pass,9,0,0,1,1,0,1,1,1,0,1,1,0,0,1,4
GGG,2014J,358966,1,South West Region,Lower Than A Level,40-50%,35-55,0,30,1,Distinction,5,0,0,0,0,0,1,0,0,1,0,0,1,1,1,9
GGG,2014J,370129,1,Scotland,HE Qualification,70-80%,35-55,0,30,0,Withdrawn,1,0,1,1,0,1,1,0,1,1,1,1,1,0,0,2
GGG,2014J,371402,1,East Midlands Region,Lower Than A Level,0-10%,35-55,0,30,0,Pass,14,0,1,1,0,1,1,1,1,1,1,1,1,0,1,5
GGG,2014J,372141,1,South East Region,A Level or Equivalent,60-70%,0-35,0,30,0,Pass,6,1,0,1,0,0,1,0,0,0,1,0,1,0,0,9
GGG,2014J,378969,1,Yorkshire Region,A Level or Equivalent,70-80%,0-35,0,30,0,Withdrawn,4,1,1,1,0,1,1,1,0,0,1,0,0,0,0,8
GGG,2014J,380599,1,North Western Region,Lower Than A Level,0-10%,0-35,0,30,0,Pass,7,0,0,1,1,1,1,0,0,0,0,0,1,0,0,3
GGG,2014J,380668,1,South East Region,Lower Than A Level,20-30%,35-55,0,30,0,Pass,12,1,0,0,1,1,1,1,1,0,0,0,0,0,0,7
GGG,2014J,383608,0,London Region,Lower Than A Level,30-40%,0-35,0,30,0,Withdrawn,6,1,1,0,0,0,0,1,0,0,0,0,0,0,1,9
GGG,2014J,386180,1,East Anglian Region,Lower Than A Level,40-50%,0-35,0,30,0,Pass,14,1,0,1,0,0,1,1,1,1,1,0,1,1,1,5
GGG,2014J,387446,1,East Anglian Region,A Level or Equivalent,80-90%,35-55,0,30,0,Pass,11,0,0,1,0,1,0,0,0,0,1,0,1,0,1,6
GGG,2014J,388259,1,Yorkshire Region,A Level or Equivalent,40-50%,35-55,0,30,0,Fail,1,1,1,0,1,0,0,0,1,1,1,1,1,1,0,2
GGG,2014J,396532,1,Wales,Lower Than A Level,50-60%,35-55,0,30,1,Fail,15,1,1,1,0,0,0,0,0,0,1,0,1,1,0,10
GGG,2014J,402596,1,East Midlands Region,Lower Than A Level,80-90%,0-35,0,60,0,Withdrawn,3,0,1,0,1,0,1,0,0,0,0,1,1,0,0,8
GGG,2014J,410043,1,London Region,Post Graduate Qualification,20-Oct,35-55,0,30,0,Fail,2,0,0,0,0,0,1,0,0,0,1,1,0,0,1,2
GGG,2014J,414633,1,Yorkshire Region,A Level or Equivalent,30-40%,0-35,0,30,0,Pass,16,0,0,0,0,1,0,0,0,0,0,1,0,1,0,10
GGG,2014J,415307,1,South West Region,Lower Than A Level,40-50%,0-35,0,30,1,Fail,4,0,1,0,1,0,1,0,0,1,1,1,1,0,0,8
GGG,2014J,416700,0,East Midlands Region,Lower Than A Level,70-80%,0-35,0,30,0,Distinction,6,1,0,0,1,0,0,1,1,1,1,1,0,0,0,9
GGG,2014J,423093,1,North Western Region,Lower Than A Level,20-Oct,35-55,0,30,0,Pass,6,1,1,1,1,1,0,1,0,0,1,1,0,0,1,9
GGG,2014J,429004,0,South Region,A Level or Equivalent,80-90%,35-55,0,30,0,Pass,5,1,1,1,1,0,1,0,0,0,1,1,0,1,0,9
GGG,2014J,439170,0,South East Region,Lower Than A Level,30-40%,0-35,0,30,1,Distinction,3,1,1,0,1,0,1,1,1,1,1,0,1,0,0,8
GGG,2014J,442987,1,East Midlands Region,Lower Than A Level,50-60%,35-55,0,30,0,Pass,8,1,1,1,1,1,1,0,1,0,1,1,1,1,1,3
GGG,2014J,443765,1,East Midlands Region,Lower Than A Level,20-30%,35-55,0,30,0,Pass,15,0,0,0,0,1,1,0,1,0,1,1,0,1,0,10
GGG,2014J,465567,0,London Region,Lower Than A Level,80-90%,0-35,0,30,0,Fail,16,0,1,1,0,1,0,0,0,0,1,0,0,0,0,10
GGG,2014J,465952,0,South West Region,Lower Than A Level,50-60%,35-55,0,30,0,Pass,3,0,1,1,1,1,1,1,0,0,1,0,0,1,0,8
GGG,2014J,470187,1,East Midlands Region,Lower Than A Level,60-70%,0-35,0,30,0,Pass,16,0,0,0,0,1,0,0,0,0,1,0,0,1,0,10
GGG,2014J,470900,1,Yorkshire Region,Lower Than A Level,40-50%,35-55,2,30,0,Pass,10,0,1,0,0,1,0,0,1,1,1,0,1,0,1,1
GGG,2014J,472049,1,North Western Region,Lower Than A Level,20-Oct,35-55,0,60,0,Withdrawn,14,0,1,0,0,1,0,1,0,0,0,1,1,0,0,5
GGG,2014J,478886,1,Wales,Lower Than A Level,50-60%,35-55,0,30,0,Distinction,13,1,0,1,1,1,1,1,0,0,0,1,0,0,1,5
GGG,2014J,480914,1,East Anglian Region,No Formal quals,20-Oct,0-35,0,30,0,Withdrawn,2,1,1,1,0,1,1,1,1,0,1,0,0,0,0,2
GGG,2014J,498564,1,North Western Region,Lower Than A Level,0-10%,0-35,0,30,1,Fail,12,0,1,0,1,0,1,0,0,1,0,1,0,1,1,7
GGG,2014J,499187,1,South East Region,A Level or Equivalent,70-80%,35-55,0,30,0,Pass,13,1,1,1,1,1,0,1,0,0,1,1,1,0,0,5
GGG,2014J,500915,1,South West Region,Lower Than A Level,60-70%,35-55,0,30,1,Withdrawn,7,1,0,1,0,0,0,0,1,0,1,0,0,1,0,3
GGG,2014J,501888,1,South West Region,Lower Than A Level,20-Oct,0-35,0,30,1,Distinction,11,0,0,0,0,1,1,0,1,0,1,1,0,1,1,6
GGG,2014J,505216,1,West Midlands Region,A Level or Equivalent,0-10%,35-55,1,30,0,Pass,11,1,1,0,0,1,0,0,0,0,1,1,0,1,1,6
GGG,2014J,505762,1,South West Region,A Level or Equivalent,50-60%,0-35,0,30,0,Distinction,5,1,1,1,0,0,0,1,1,0,0,1,1,1,1,9
GGG,2014J,506205,0,East Anglian Region,A Level or Equivalent,20-30%,35-55,0,30,0,Pass,1,1,0,1,0,1,0,0,1,1,1,0,1,1,1,2
GGG,2014J,513166,1,South East Region,Lower Than A Level,50-60%,0-35,0,30,1,Distinction,5,0,1,0,1,1,0,1,1,1,0,0,0,1,0,9
GGG,2014J,514648,1,West Midlands Region,Lower Than A Level,90-100%,0-35,0,30,0,Distinction,11,0,1,0,0,0,0,0,1,1,0,1,0,1,0,6
GGG,2014J,515345,1,South East Region,Lower Than A Level,20-Oct,0-35,0,30,0,Fail,15,1,1,0,1,1,1,1,0,0,1,0,0,0,0,10
GGG,2014J,517263,0,South Region,A Level or Equivalent,60-70%,0-35,0,30,0,Pass,15,1,1,0,1,1,1,0,0,0,1,1,0,0,1,10
GGG,2014J,521631,1,South Region,Lower Than A Level,20-30%,35-55,0,30,0,Pass,10,1,1,1,1,0,0,0,0,1,0,0,1,1,0,1
GGG,2014J,527039,1,West Midlands Region,Lower Than A Level,0-10%,0-35,0,30,1,Fail,16,1,0,0,0,1,1,0,1,0,0,1,0,0,1,10
GGG,2014J,527538,1,Wales,A Level or Equivalent,20-30%,0-35,0,30,0,Distinction,5,0,0,0,0,1,1,1,0,0,1,1,1,0,0,9
GGG,2014J,532862,1,South East Region,Lower Than A Level,60-70%,35-55,0,60,0,Fail,12,0,1,1,0,1,0,1,1,0,0,0,1,0,0,7
GGG,2014J,534672,1,West Midlands Region,A Level or Equivalent,0-10%,35-55,0,30,0,Pass,12,1,1,1,0,1,1,0,1,0,1,1,0,1,0,7
GGG,2014J,537115,1,North Western Region,A Level or Equivalent,0-10%,0-35,0,30,0,Fail,1,1,0,0,1,1,0,1,1,1,1,1,1,0,1,2
GGG,2014J,541774,1,Wales,Lower Than A Level,20-Oct,0-35,0,30,0,Fail,1,1,0,1,0,1,0,1,1,0,0,0,0,1,1,2
GGG,2014J,546286,0,Yorkshire Region,A Level or Equivalent,0-10%,0-35,0,60,0,Distinction,16,0,0,1,1,1,1,1,1,0,1,1,1,1,0,10
GGG,2014J,546724,1,London Region,Lower Than A Level,50-60%,0-35,2,30,0,Pass,6,1,0,0,1,1,0,1,0,1,1,0,0,1,1,9
GGG,2014J,547334,1,East Anglian Region,HE Qualification,70-80%,35-55,0,30,0,Fail,4,0,0,1,0,0,1,1,1,0,1,1,0,0,0,8
GGG,2014J,554580,0,London Region,Lower Than A Level,20-Oct,35-55,1,60,1,Pass,5,1,0,0,1,0,0,0,0,0,0,0,0,0,0,9
GGG,2014J,558486,1,South West Region,A Level or Equivalent,40-50%,35-55,0,30,0,Pass,10,1,0,0,0,0,0,0,1,1,1,1,1,0,1,1
GGG,2014J,559366,1,West Midlands Region,HE Qualification,20-Oct,0-35,0,30,0,Fail,14,0,0,0,0,0,0,1,1,0,1,1,0,1,0,5
GGG,2014J,559766,0,London Region,Lower Than A Level,0-10%,35-55,0,30,0,Fail,3,0,1,1,0,1,0,1,0,1,1,1,0,0,0,8
GGG,2014J,560643,1,East Anglian Region,Lower Than A Level,40-50%,35-55,0,30,1,Fail,6,1,0,0,1,1,1,0,0,0,0,0,0,1,1,9
GGG,2014J,561419,1,London Region,Lower Than A Level,40-50%,0-35,1,30,0,Pass,7,0,0,1,1,1,0,1,1,1,1,1,0,1,0,3
GGG,2014J,566512,1,London Region,Lower Than A Level,0-10%,0-35,0,30,0,Pass,2,1,1,1,0,1,1,1,1,1,0,1,1,1,0,2
GGG,2014J,568852,1,South Region,Lower Than A Level,30-40%,35-55,0,120,0,Fail,10,0,1,0,1,0,0,1,0,0,1,0,1,1,0,1
GGG,2014J,569374,1,Yorkshire Region,Lower Than A Level,0-10%,0-35,0,30,0,Fail,1,1,0,1,0,1,1,0,1,1,0,0,1,0,1,2
GGG,2014J,569672,0,East Anglian Region,Lower Than A Level,80-90%,55<=,0,30,0,Pass,16,0,0,0,0,1,1,0,1,0,0,0,1,0,0,10
GGG,2014J,571583,0,London Region,Lower Than A Level,80-90%,35-55,0,30,0,Distinction,15,1,0,1,1,0,0,0,1,0,1,0,0,1,1,10
GGG,2014J,572471,1,South Region,Lower Than A Level,50-60%,0-35,0,30,0,Pass,11,0,0,0,0,0,0,1,0,1,0,0,1,0,1,6
GGG,2014J,573054,1,North Western Region,Lower Than A Level,0-10%,0-35,0,30,0,Pass,15,1,0,1,1,0,0,1,1,1,0,1,1,1,0,10
GGG,2014J,573320,1,South East Region,Lower Than A Level,80-90%,35-55,0,30,0,Fail,12,0,1,0,1,1,0,1,1,0,0,0,1,0,1,7
GGG,2014J,574642,1,West Midlands Region,A Level or Equivalent,0-10%,35-55,1,30,0,Withdrawn,4,0,0,1,1,0,0,1,1,1,1,0,1,1,0,8
GGG,2014J,578797,1,East Midlands Region,A Level or Equivalent,20-Oct,35-55,0,30,0,Distinction,16,1,0,0,1,0,0,1,0,0,0,0,1,1,0,10
GGG,2014J,579125,1,North Western Region,Lower Than A Level,70-80%,0-35,0,30,0,Pass,2,0,0,1,1,1,1,1,1,1,0,1,1,0,1,2
GGG,2014J,580717,1,West Midlands Region,Lower Than A Level,70-80%,0-35,0,150,0,Withdrawn,10,1,0,1,1,1,1,1,0,0,0,0,1,0,0,1
GGG,2014J,581957,1,North Western Region,Lower Than A Level,20-30%,0-35,0,30,0,Fail,14,0,0,0,1,1,0,0,0,1,1,0,0,0,1,5
GGG,2014J,584099,1,East Midlands Region,Lower Than A Level,80-90%,0-35,0,30,0,Pass,15,1,1,0,0,0,0,0,0,1,0,0,0,1,0,10
GGG,2014J,586371,1,South Region,Lower Than A Level,90-100%,35-55,0,30,0,Pass,2,0,0,1,1,0,0,0,0,1,0,1,0,0,1,2
GGG,2014J,586861,1,Scotland,Lower Than A Level,20-30%,0-35,0,90,0,Withdrawn,5,1,1,0,0,0,1,0,0,1,0,0,1,0,0,9
GGG,2014J,587909,1,London Region,Lower Than A Level,30-40%,35-55,0,30,1,Pass,4,1,1,1,0,1,0,0,0,1,1,0,0,0,0,8
GGG,2014J,589562,0,London Region,No Formal quals,20-Oct,35-55,0,30,0,Distinction,13,1,0,1,1,1,1,0,1,0,1,1,0,1,1,5
GGG,2014J,591755,1,South West Region,A Level or Equivalent,20-30%,35-55,0,30,0,Pass,4,1,0,0,0,1,0,1,0,1,0,0,0,0,0,8
GGG,2014J,593658,1,South Region,No Formal quals,90-100%,0-35,2,30,0,Pass,7,0,1,0,0,0,1,0,0,1,0,1,1,1,1,3
GGG,2014J,595041,1,North Western Region,A Level or Equivalent,20-30%,0-35,1,30,0,Withdrawn,1,0,1,0,0,1,1,1,0,1,0,1,1,0,0,2
GGG,2014J,595941,1,South East Region,Lower Than A Level,60-70%,35-55,1,30,1,Pass,14,0,1,0,1,0,1,0,0,0,0,1,0,0,0,5
GGG,2014J,599282,1,Yorkshire Region,Lower Than A Level,70-80%,35-55,0,30,0,Pass,1,1,0,1,0,0,0,1,0,1,0,1,0,1,0,2
GGG,2014J,600320,1,West Midlands Region,Lower Than A Level,40-50%,35-55,1,30,1,Pass,11,1,1,1,0,0,1,1,1,0,1,1,0,0,1,6
GGG,2014J,602360,1,Yorkshire Region,A Level or Equivalent,0-10%,0-35,2,30,0,Fail,8,0,1,1,0,1,0,1,1,1,0,1,1,1,0,3
GGG,2014J,603585,0,West Midlands Region,Lower Than A Level,30-40%,35-55,1,30,0,Fail,8,1,0,0,1,0,0,1,1,0,0,0,0,1,1,3
GGG,2014J,604061,1,East Anglian Region,Lower Than A Level,90-100%,35-55,1,30,0,Fail,8,1,1,1,1,0,1,1,1,0,1,0,0,1,1,3
GGG,2014J,606856,1,South East Region,Lower Than A Level,20-30%,0-35,0,30,0,Withdrawn,11,0,0,0,1,0,1,0,0,0,0,1,0,1,0,6
GGG,2014J,607342,1,East Anglian Region,Lower Than A Level,60-70%,35-55,0,30,0,Distinction,16,0,0,0,0,1,0,1,0,1,1,1,0,0,0,10
GGG,2014J,607387,1,South East Region,Lower Than A Level,80-90%,0-35,1,30,0,Distinction,4,1,1,1,1,0,0,1,1,0,1,0,1,0,1,8
GGG,2014J,608536,1,East Anglian Region,Lower Than A Level,20-30%,35-55,0,30,0,Pass,16,1,0,0,1,1,1,0,0,0,0,0,0,0,0,10
GGG,2014J,609257,1,South Region,Lower Than A Level,80-90%,0-35,0,30,1,Distinction,1,0,1,1,1,1,1,0,0,0,1,1,0,0,0,2
GGG,2014J,609427,1,East Midlands Region,A Level or Equivalent,0-10%,0-35,0,30,0,Fail,12,0,0,1,1,1,0,1,0,1,1,1,1,0,1,7
GGG,2014J,610302,1,South Region,Lower Than A Level,40-50%,35-55,0,90,0,Distinction,9,0,1,1,1,1,0,1,0,0,0,1,0,1,1,4
GGG,2014J,611967,1,South East Region,A Level or Equivalent,20-30%,0-35,0,30,0,Pass,2,0,0,1,0,0,1,1,1,0,1,1,1,1,1,2
GGG,2014J,612235,1,Scotland,HE Qualification,70-80%,35-55,0,30,0,Pass,5,1,1,0,0,0,1,0,0,0,1,1,1,1,0,9
GGG,2014J,612429,1,East Midlands Region,Lower Than A Level,60-70%,35-55,0,30,1,Pass,6,0,1,0,1,1,0,0,0,1,0,1,0,0,0,9
GGG,2014J,613027,1,North Region,Lower Than A Level,20-Oct,35-55,0,30,0,Pass,12,1,0,0,0,1,0,0,1,0,1,0,0,0,1,7
GGG,2014J,613059,1,North Western Region,Lower Than A Level,0-10%,35-55,1,30,0,Pass,11,0,0,0,1,0,1,0,0,1,1,1,0,1,1,6
GGG,2014J,613728,1,West Midlands Region,A Level or Equivalent,70-80%,35-55,0,30,0,Fail,11,1,1,1,1,0,0,0,1,0,0,0,0,0,1,6
GGG,2014J,614798,1,Scotland,Lower Than A Level,60-70%,0-35,0,30,0,Pass,11,1,0,0,0,0,1,0,1,1,1,1,1,0,0,6
GGG,2014J,616704,1,South West Region,Lower Than A Level,20-30%,35-55,0,30,1,Withdrawn,1,0,1,1,0,0,0,0,0,1,0,1,1,0,1,2
GGG,2014J,617962,1,West Midlands Region,A Level or Equivalent,40-50%,0-35,0,30,0,Distinction,8,0,0,0,1,0,1,0,1,1,0,0,0,1,1,3
GGG,2014J,618253,1,East Anglian Region,Lower Than A Level,40-50%,0-35,0,30,0,Fail,5,0,0,0,0,0,1,0,1,1,0,1,1,0,0,9
GGG,2014J,620239,1,North Western Region,Lower Than A Level,0-10%,0-35,1,30,0,Pass,2,1,1,1,1,1,0,0,1,1,1,0,1,1,1,2
GGG,2014J,620826,1,East Anglian Region,Lower Than A Level,80-90%,35-55,0,30,1,Withdrawn,13,1,0,1,0,0,0,1,0,1,1,1,1,0,1,5
GGG,2014J,621485,1,West Midlands Region,A Level or Equivalent,40-50%,0-35,0,30,0,Pass,15,0,1,1,1,1,0,0,1,1,0,1,1,1,0,10
GGG,2014J,622118,1,South West Region,Lower Than A Level,70-80%,0-35,1,30,0,Fail,8,0,0,0,1,1,1,0,0,1,1,0,1,1,0,3
GGG,2014J,623178,1,South East Region,A Level or Equivalent,70-80%,0-35,0,30,0,Distinction,5,1,0,1,0,1,1,0,0,1,1,0,1,0,0,9
GGG,2014J,623475,1,East Anglian Region,Lower Than A Level,80-90%,0-35,0,30,1,Pass,13,1,0,0,0,1,1,0,0,0,0,0,0,0,0,5
GGG,2014J,623588,1,East Anglian Region,A Level or Equivalent,90-100%,35-55,0,30,1,Pass,2,0,0,0,1,0,1,0,1,0,0,1,1,0,0,2
GGG,2014J,623812,1,London Region,A Level or Equivalent,20-Oct,0-35,0,30,0,Distinction,8,0,0,0,1,0,1,0,1,1,1,1,0,0,1,3
GGG,2014J,624563,1,North Western Region,A Level or Equivalent,20-30%,0-35,0,30,0,Pass,13,0,1,0,0,1,0,1,0,0,1,1,1,0,1,5
GGG,2014J,624767,1,London Region,A Level or Equivalent,90-100%,35-55,1,30,0,Distinction,5,1,0,0,1,1,1,1,1,0,0,0,0,0,1,9
GGG,2014J,625241,1,South West Region,Lower Than A Level,90-100%,0-35,0,30,0,Pass,16,0,1,1,1,1,0,1,0,1,1,1,0,1,0,10
GGG,2014J,625411,0,Scotland,Lower Than A Level,70-80%,0-35,0,90,0,Pass,9,1,0,0,1,1,0,1,0,0,0,1,0,1,1,4
GGG,2014J,625530,1,East Midlands Region,Lower Than A Level,70-80%,35-55,0,30,1,Pass,7,1,0,1,0,1,1,0,1,1,0,0,0,1,0,3
GGG,2014J,625835,0,East Midlands Region,Lower Than A Level,20-30%,0-35,0,30,0,Withdrawn,6,0,0,1,0,0,0,1,0,0,0,1,1,0,1,9
GGG,2014J,626005,1,South Region,A Level or Equivalent,50-60%,0-35,0,30,0,Fail,10,0,1,0,0,1,1,1,1,1,0,0,1,0,1,1
GGG,2014J,626384,1,East Anglian Region,Lower Than A Level,40-50%,0-35,0,30,0,Distinction,1,0,0,1,0,1,1,0,0,0,0,0,0,0,1,2
GGG,2014J,627481,1,Yorkshire Region,Lower Than A Level,30-40%,0-35,0,30,0,Pass,13,1,1,0,1,0,0,1,0,1,0,1,1,0,1,5
GGG,2014J,627809,1,East Anglian Region,Lower Than A Level,20-30%,0-35,1,30,0,Fail,8,0,0,0,0,0,1,1,1,1,0,1,1,0,0,3
GGG,2014J,627812,1,Yorkshire Region,Lower Than A Level,60-70%,0-35,1,30,0,Distinction,10,1,0,1,1,1,1,1,1,1,1,1,1,0,0,1
GGG,2014J,628172,1,East Midlands Region,Lower Than A Level,70-80%,35-55,1,30,0,Fail,5,0,0,0,0,1,0,0,0,1,0,0,1,1,0,9
GGG,2014J,628299,1,South Region,Lower Than A Level,50-60%,35-55,1,30,0,Distinction,10,0,0,0,0,0,0,0,0,0,0,1,0,1,1,1
GGG,2014J,628569,1,South West Region,Lower Than A Level,70-80%,0-35,0,30,0,Fail,11,0,1,0,0,1,1,1,0,1,0,1,0,0,1,6
GGG,2014J,629258,1,London Region,A Level or Equivalent,20-Oct,35-55,1,90,0,Fail,3,1,0,0,0,1,0,0,0,0,1,1,1,1,1,8
GGG,2014J,631446,1,East Anglian Region,HE Qualification,90-100%,35-55,1,30,0,Pass,9,0,0,1,1,0,0,1,0,1,0,1,1,0,1,4
GGG,2014J,631723,1,East Anglian Region,A Level or Equivalent,30-40%,35-55,0,30,0,Pass,3,0,1,0,0,1,1,1,1,1,0,0,0,1,1,8
GGG,2014J,632161,0,London Region,Lower Than A Level,0-10%,0-35,0,30,0,Pass,10,0,0,1,0,1,1,1,0,0,1,1,0,0,0,1
GGG,2014J,632266,1,South Region,Lower Than A Level,80-90%,0-35,0,30,0,Pass,16,1,0,0,0,0,0,1,0,0,1,1,1,1,1,10
GGG,2014J,632365,1,West Midlands Region,A Level or Equivalent,50-60%,35-55,0,30,0,Distinction,8,0,1,0,0,1,0,0,1,0,0,0,0,1,0,3
GGG,2014J,632368,1,London Region,Lower Than A Level,30-40%,0-35,0,30,0,Fail,13,0,0,0,0,0,1,1,1,1,0,0,0,1,1,5
GGG,2014J,633060,1,East Anglian Region,Lower Than A Level,50-60%,0-35,0,30,1,Pass,7,0,1,1,0,0,0,1,0,1,1,1,1,0,0,3
GGG,2014J,633093,1,East Midlands Region,A Level or Equivalent,70-80%,0-35,0,30,0,Pass,7,0,0,1,1,1,0,0,0,0,0,0,1,0,1,3
GGG,2014J,633424,1,South Region,A Level or Equivalent,50-60%,35-55,0,30,1,Pass,16,1,1,1,1,1,0,1,0,1,0,1,0,0,1,10
GGG,2014J,633561,1,Yorkshire Region,Lower Than A Level,70-80%,0-35,1,30,0,Pass,3,0,0,1,0,1,0,0,0,0,0,0,0,1,0,8
GGG,2014J,633818,1,Scotland,Lower Than A Level,0-10%,0-35,0,30,0,Pass,13,0,0,0,0,1,0,0,0,0,1,0,0,1,1,5
GGG,2014J,633987,1,South West Region,Lower Than A Level,30-40%,35-55,0,30,0,Pass,2,0,1,1,1,1,1,1,1,0,0,0,0,0,0,2
GGG,2014J,634019,0,North Western Region,A Level or Equivalent,20-30%,0-35,0,30,0,Pass,8,0,1,1,1,1,1,1,1,1,0,1,1,1,1,3
GGG,2014J,634785,1,London Region,Post Graduate Qualification,20-30%,35-55,0,30,0,Withdrawn,16,1,1,1,0,1,1,1,0,1,0,1,0,1,0,10
GGG,2014J,635279,1,East Midlands Region,Lower Than A Level,30-40%,0-35,0,30,0,Distinction,5,0,1,0,1,1,0,1,1,1,1,0,1,0,0,9
GGG,2014J,635334,1,East Anglian Region,Lower Than A Level,60-70%,0-35,0,30,0,Distinction,2,0,1,0,0,0,0,1,0,1,0,0,0,0,0,2
GGG,2014J,635703,1,South Region,Lower Than A Level,50-60%,0-35,0,30,0,Pass,3,0,0,0,0,0,1,0,1,0,1,1,1,0,0,8
GGG,2014J,635719,1,East Anglian Region,A Level or Equivalent,50-60%,35-55,0,30,0,Pass,12,1,0,0,0,0,1,0,1,1,1,0,0,1,0,7
GGG,2014J,635779,1,East Anglian Region,A Level or Equivalent,60-70%,35-55,0,30,1,Pass,9,0,1,1,0,0,1,1,0,0,1,0,1,1,0,4
GGG,2014J,635972,1,South Region,A Level or Equivalent,70-80%,0-35,0,60,0,Pass,11,1,0,1,0,1,1,1,0,1,0,0,1,1,1,6
GGG,2014J,635988,0,South Region,Lower Than A Level,40-50%,0-35,0,30,0,Fail,1,0,0,0,1,1,0,1,1,1,1,1,0,0,0,2
GGG,2014J,636018,1,North Western Region,Lower Than A Level,0-10%,0-35,0,30,0,Pass,15,1,0,0,0,1,0,1,1,0,1,1,1,1,0,10
GGG,2014J,636282,1,South East Region,Lower Than A Level,90-100%,0-35,0,30,1,Distinction,1,1,1,1,0,0,1,1,1,1,1,0,1,0,1,2
GGG,2014J,636283,1,London Region,A Level or Equivalent,40-50%,0-35,0,30,0,Pass,5,1,1,0,1,0,1,1,1,1,1,0,1,1,0,9
GGG,2014J,636323,1,South West Region,A Level or Equivalent,30-40%,35-55,0,30,0,Withdrawn,3,1,0,1,0,1,0,1,1,0,0,0,0,1,1,8
GGG,2014J,636458,0,East Anglian Region,Lower Than A Level,20-30%,35-55,0,30,0,Fail,14,0,0,1,1,1,0,0,1,0,0,0,0,0,1,5
GGG,2014J,636464,1,North Western Region,A Level or Equivalent,20-30%,0-35,0,30,0,Fail,10,1,0,0,1,0,0,1,1,0,0,0,0,1,1,1
GGG,2014J,636554,1,West Midlands Region,A Level or Equivalent,70-80%,0-35,0,30,0,Pass,1,1,0,0,1,0,0,1,1,0,0,0,0,0,0,2
GGG,2014J,636718,1,East Midlands Region,Lower Than A Level,40-50%,0-35,0,30,0,Withdrawn,7,0,1,1,1,1,0,0,1,1,1,1,0,0,0,3
GGG,2014J,637067,1,South East Region,Lower Than A Level,60-70%,0-35,0,30,1,Pass,14,1,0,0,0,0,0,1,1,0,0,1,1,0,0,5
GGG,2014J,637203,1,South Region,Lower Than A Level,90-100%,0-35,0,30,0,Distinction,7,0,0,1,0,1,0,0,1,1,0,0,1,0,1,3
GGG,2014J,637206,1,South East Region,A Level or Equivalent,80-90%,35-55,0,30,0,Distinction,7,1,0,0,1,0,1,1,1,0,1,0,0,1,0,3
GGG,2014J,637246,1,West Midlands Region,Lower Than A Level,20-Oct,0-35,0,60,0,Withdrawn,1,1,1,1,1,0,0,1,1,1,1,1,1,1,1,2
GGG,2014J,637280,0,West Midlands Region,Lower Than A Level,40-50%,0-35,0,30,0,Pass,5,0,1,0,1,0,0,1,1,1,1,1,0,1,1,9
GGG,2014J,637468,1,South West Region,Lower Than A Level,0-10%,0-35,0,30,0,Pass,11,0,1,0,1,1,0,1,0,0,0,1,1,1,1,6
GGG,2014J,637476,1,East Anglian Region,A Level or Equivalent,30-40%,35-55,0,30,0,Fail,10,1,1,0,0,0,0,1,1,1,0,1,1,0,1,1
GGG,2014J,637496,1,South Region,Lower Than A Level,80-90%,35-55,0,30,0,Pass,14,0,0,0,0,1,0,0,1,0,1,1,1,0,0,5
GGG,2014J,637621,1,North Region,A Level or Equivalent,20-Oct,0-35,0,30,0,Pass,1,0,1,0,0,1,1,1,1,1,1,1,0,1,0,2
GGG,2014J,637722,1,West Midlands Region,A Level or Equivalent,70-80%,35-55,0,30,0,Distinction,14,0,0,1,0,1,1,0,0,1,0,1,0,1,1,5
GGG,2014J,637993,1,South Region,Lower Than A Level,20-30%,0-35,0,30,0,Fail,14,0,0,0,0,1,1,0,1,0,0,0,0,0,0,5
GGG,2014J,638007,1,East Anglian Region,Lower Than A Level,30-40%,35-55,0,30,0,Pass,10,0,0,1,0,1,0,0,1,0,0,1,0,1,1,1
GGG,2014J,638092,1,South West Region,A Level or Equivalent,40-50%,0-35,0,60,0,Withdrawn,16,1,1,1,1,0,0,0,1,0,0,0,1,0,0,10
GGG,2014J,638228,1,East Midlands Region,Lower Than A Level,20-Oct,35-55,0,30,0,Distinction,5,0,1,0,1,1,0,1,0,0,1,1,1,0,1,9
GGG,2014J,638503,0,West Midlands Region,No Formal quals,0-10%,0-35,0,30,0,Fail,16,0,1,0,1,0,0,0,0,1,1,1,1,1,0,10
GGG,2014J,638561,1,South West Region,Lower Than A Level,30-40%,0-35,0,30,0,Withdrawn,10,1,1,0,1,0,0,0,0,1,1,1,0,1,0,1
GGG,2014J,638621,1,North Western Region,A Level or Equivalent,80-90%,0-35,0,30,0,Withdrawn,8,1,0,1,1,1,0,0,1,0,0,1,0,0,0,3
GGG,2014J,638699,1,South Region,A Level or Equivalent,40-50%,0-35,0,30,0,Pass,14,0,0,0,1,0,0,0,0,0,0,0,0,0,1,5
GGG,2014J,639181,1,Yorkshire Region,A Level or Equivalent,20-30%,0-35,0,30,0,Distinction,7,1,0,0,1,0,1,0,0,1,0,0,0,0,1,3
GGG,2014J,639251,0,North Western Region,Lower Than A Level,0-10%,0-35,0,30,0,Pass,10,1,0,1,0,0,0,0,1,0,1,1,0,1,0,1
GGG,2014J,639461,1,West Midlands Region,Lower Than A Level,0-10%,0-35,0,30,0,Fail,13,1,1,1,0,1,0,1,0,1,0,0,1,1,0,5
GGG,2014J,639533,0,East Anglian Region,Lower Than A Level,80-90%,0-35,0,30,0,Withdrawn,16,0,0,0,1,1,1,1,0,1,0,0,1,1,1,10
GGG,2014J,639995,1,South West Region,Lower Than A Level,60-70%,35-55,0,30,0,Withdrawn,5,0,1,0,0,0,1,0,1,1,0,1,0,1,0,9
GGG,2014J,640505,1,Scotland,HE Qualification,90-100%,0-35,0,30,0,Distinction,12,0,0,1,1,0,1,1,0,1,0,0,0,1,0,7
GGG,2014J,640654,0,Scotland,A Level or Equivalent,0-10%,35-55,0,30,1,Fail,11,1,0,0,0,1,0,0,1,1,1,1,0,1,1,6
GGG,2014J,640835,1,Yorkshire Region,Lower Than A Level,30-40%,0-35,0,30,0,Withdrawn,1,0,0,1,0,0,0,1,0,1,1,0,0,1,0,2
GGG,2014J,640995,1,East Anglian Region,A Level or Equivalent,50-60%,0-35,0,30,0,Pass,15,0,1,0,0,0,1,1,0,0,1,1,0,1,0,10
GGG,2014J,641073,1,Yorkshire Region,Lower Than A Level,20-30%,0-35,0,30,0,Withdrawn,6,1,1,1,1,1,0,0,0,0,1,1,1,1,1,9
GGG,2014J,641112,1,South Region,A Level or Equivalent,50-60%,0-35,0,30,1,Pass,1,1,0,0,1,1,0,0,0,1,0,0,0,0,0,2
GGG,2014J,641134,1,East Midlands Region,Lower Than A Level,40-50%,35-55,0,30,0,Withdrawn,5,1,1,0,0,1,1,0,1,1,0,1,1,1,0,9
GGG,2014J,641434,1,East Anglian Region,Lower Than A Level,40-50%,0-35,0,30,0,Pass,1,0,1,0,0,0,0,1,1,0,0,1,0,0,1,2
GGG,2014J,641452,1,South Region,Lower Than A Level,20-30%,0-35,0,30,0,Fail,16,1,0,0,0,1,1,0,0,0,1,0,1,0,1,10
GGG,2014J,641504,1,East Anglian Region,Lower Than A Level,20-30%,35-55,0,30,1,Withdrawn,3,0,0,0,1,1,0,0,0,0,0,1,1,1,1,8
GGG,2014J,641535,1,London Region,Lower Than A Level,20-30%,0-35,0,30,0,Fail,6,1,0,1,1,0,1,0,0,0,1,1,1,1,0,9
GGG,2014J,641766,1,South West Region,Lower Than A Level,40-50%,35-55,0,30,0,Fail,6,1,0,0,0,1,1,0,0,1,1,0,1,1,0,9
GGG,2014J,641940,1,London Region,Lower Than A Level,0-10%,0-35,0,30,0,Withdrawn,2,1,1,1,1,0,1,1,0,0,0,0,0,1,0,2
GGG,2014J,642181,0,Yorkshire Region,Lower Than A Level,60-70%,35-55,0,30,0,Pass,4,1,1,0,1,1,1,0,1,0,0,0,1,1,0,8
GGG,2014J,642196,1,North Western Region,A Level or Equivalent,0-10%,0-35,0,30,0,Fail,6,1,0,0,0,1,0,0,0,0,0,0,0,0,1,9
GGG,2014J,642528,0,South Region,A Level or Equivalent,90-100%,0-35,0,40,1,Pass,11,0,0,1,0,1,0,0,1,0,1,0,1,0,1,6
GGG,2014J,642561,1,East Midlands Region,Lower Than A Level,20-Oct,0-35,0,30,0,Pass,9,1,1,0,0,0,0,1,1,0,1,0,0,1,1,4
GGG,2014J,642590,1,London Region,Lower Than A Level,0-10%,0-35,0,30,0,Fail,16,1,1,0,0,1,0,0,1,0,1,0,1,0,0,10
GGG,2014J,642694,1,East Anglian Region,Lower Than A Level,40-50%,0-35,0,30,0,Pass,15,0,0,1,0,1,1,0,1,1,1,0,1,1,0,10
GGG,2014J,642821,0,North Western Region,Lower Than A Level,20-Oct,35-55,0,30,0,Fail,1,0,1,0,0,1,1,0,0,1,1,0,1,0,1,2
GGG,2014J,642851,0,North Region,Lower Than A Level,20-30%,0-35,0,30,0,Pass,16,0,1,1,1,0,1,0,1,1,0,1,1,0,1,10
GGG,2014J,642879,1,London Region,Lower Than A Level,20-30%,0-35,0,30,1,Fail,16,0,0,1,0,1,0,1,1,1,1,1,0,1,1,10
GGG,2014J,642883,0,Yorkshire Region,A Level or Equivalent,20-Oct,0-35,0,30,0,Pass,16,0,0,1,0,1,1,0,0,0,1,1,0,0,1,10
GGG,2014J,642900,1,East Anglian Region,Lower Than A Level,20-30%,35-55,0,30,0,Distinction,3,0,1,1,0,0,0,0,1,1,0,1,0,1,0,8
GGG,2014J,642905,1,North Western Region,Lower Than A Level,50-60%,0-35,0,30,0,Pass,10,0,0,1,0,1,0,0,1,0,1,0,0,1,1,1
GGG,2014J,642949,0,London Region,Lower Than A Level,30-40%,0-35,0,30,0,Pass,5,0,1,1,1,1,1,1,1,0,0,0,1,0,1,9
GGG,2014J,642953,1,East Midlands Region,Lower Than A Level,40-50%,0-35,0,30,0,Pass,13,0,0,1,1,0,1,1,1,1,0,0,1,0,0,5
GGG,2014J,642968,1,Scotland,Lower Than A Level,40-50%,0-35,0,30,0,Pass,2,0,0,0,0,0,0,1,1,0,1,1,0,1,0,2
GGG,2014J,642989,1,East Anglian Region,Lower Than A Level,60-70%,35-55,0,30,0,Pass,9,0,0,0,1,1,1,1,1,1,0,1,0,0,1,4
GGG,2014J,643085,1,East Anglian Region,Lower Than A Level,30-40%,35-55,0,30,0,Withdrawn,1,0,0,1,0,1,0,1,0,0,1,0,0,0,0,2
GGG,2014J,643191,1,South West Region,Lower Than A Level,20-30%,0-35,0,30,1,Withdrawn,5,0,1,0,1,1,1,0,1,1,1,0,1,1,1,9
GGG,2014J,643206,1,South West Region,A Level or Equivalent,0-10%,0-35,0,30,0,Pass,12,1,1,0,0,0,1,1,0,0,0,1,1,0,0,7
GGG,2014J,643323,1,South Region,A Level or Equivalent,30-40%,0-35,0,30,0,Pass,7,1,1,0,1,1,0,0,1,1,1,0,1,1,0,3
GGG,2014J,643406,1,Yorkshire Region,A Level or Equivalent,20-30%,0-35,0,30,0,Pass,12,0,1,0,0,1,0,1,1,1,0,1,1,1,0,7
GGG,2014J,643525,0,North Western Region,A Level or Equivalent,0-10%,35-55,0,30,1,Withdrawn,9,0,0,0,0,0,0,1,0,1,1,0,0,0,1,4
GGG,2014J,643529,0,North Western Region,Lower Than A Level,0-10%,0-35,0,30,1,Fail,9,0,0,0,0,1,0,0,1,0,1,1,1,1,1,4
GGG,2014J,643619,1,North Western Region,Lower Than A Level,40-50%,0-35,0,30,1,Pass,13,1,0,0,1,1,0,1,1,0,1,0,0,0,1,5
GGG,2014J,643659,1,Wales,Lower Than A Level,50-60%,35-55,0,30,1,Fail,5,0,0,0,0,0,0,0,0,0,1,1,1,0,1,9
GGG,2014J,643672,1,Yorkshire Region,A Level or Equivalent,20-30%,35-55,0,30,0,Pass,12,1,0,1,1,0,1,1,1,1,0,1,1,0,1,7
GGG,2014J,643712,1,Yorkshire Region,A Level or Equivalent,70-80%,35-55,0,30,0,Withdrawn,10,0,1,0,1,0,0,1,0,1,1,0,1,0,0,1
GGG,2014J,643970,1,Wales,Lower Than A Level,20-30%,0-35,0,30,1,Pass,11,1,0,0,1,1,0,1,1,1,0,0,1,1,1,6
GGG,2014J,644061,1,West Midlands Region,No Formal quals,20-Oct,0-35,0,30,0,Pass,3,1,0,0,1,1,1,1,0,1,0,0,0,0,0,8
GGG,2014J,644105,0,South Region,Lower Than A Level,90-100%,0-35,0,30,0,Fail,12,1,1,1,1,0,1,0,1,0,1,0,1,0,1,7
GGG,2014J,644144,1,Wales,Lower Than A Level,20-Oct,35-55,0,30,0,Distinction,6,0,1,1,0,0,0,1,1,1,0,1,1,1,1,9
GGG,2014J,644160,0,East Anglian Region,Lower Than A Level,20-Oct,35-55,0,30,0,Pass,14,0,1,1,1,1,0,1,0,1,1,1,1,0,0,5
GGG,2014J,644188,1,Yorkshire Region,Lower Than A Level,50-60%,0-35,0,30,0,Pass,8,0,0,1,1,0,1,0,0,1,0,0,0,1,1,3
GGG,2014J,644191,0,Scotland,Lower Than A Level,40-50%,35-55,0,30,0,Withdrawn,10,1,0,1,1,0,1,0,1,0,0,0,0,1,1,1
GGG,2014J,644226,0,South West Region,Lower Than A Level,0-10%,0-35,0,30,0,Distinction,4,0,0,1,1,1,0,0,0,1,1,0,0,0,1,8
GGG,2014J,644252,1,East Anglian Region,Lower Than A Level,30-40%,0-35,0,30,0,Fail,15,0,0,0,0,1,0,0,0,0,1,0,1,1,0,10
GGG,2014J,644301,1,London Region,Lower Than A Level,20-30%,0-35,0,30,0,Distinction,12,0,1,0,0,0,1,0,0,0,1,0,0,1,1,7
GGG,2014J,644384,1,London Region,No Formal quals,0-10%,0-35,0,30,0,Pass,12,0,0,0,0,1,0,1,1,1,1,0,0,1,1,7
GGG,2014J,644441,1,London Region,Lower Than A Level,20-Oct,0-35,0,30,0,Pass,12,1,0,1,0,1,1,0,0,1,1,1,0,1,0,7
GGG,2014J,644470,1,East Anglian Region,Lower Than A Level,30-40%,35-55,0,30,0,Pass,7,1,0,0,0,0,1,0,0,1,0,0,1,1,1,3
GGG,2014J,644743,1,Scotland,Lower Than A Level,60-70%,0-35,0,30,0,Pass,9,0,0,0,0,0,0,0,1,1,1,1,1,0,1,4
GGG,2014J,644904,1,North Western Region,A Level or Equivalent,60-70%,35-55,0,30,0,Pass,12,0,1,0,1,1,1,0,1,1,0,0,1,0,1,7
GGG,2014J,644990,0,West Midlands Region,Lower Than A Level,0-10%,0-35,0,30,0,Fail,16,0,1,1,1,0,0,0,0,1,1,0,0,1,1,10
GGG,2014J,645157,1,West Midlands Region,A Level or Equivalent,20-Oct,0-35,0,30,0,Pass,14,0,1,0,0,0,0,1,0,0,0,1,1,0,1,5
GGG,2014J,645231,1,East Midlands Region,Lower Than A Level,20-Oct,0-35,0,60,0,Pass,9,0,0,1,1,0,0,0,1,0,0,1,0,0,0,4
GGG,2014J,645232,0,East Anglian Region,Lower Than A Level,60-70%,0-35,0,30,1,Distinction,6,1,0,0,1,1,0,1,0,1,1,0,0,1,0,9
GGG,2014J,645326,1,Wales,A Level or Equivalent,40-50%,0-35,0,30,0,Pass,2,0,1,0,1,1,1,1,1,0,0,1,1,0,0,2
GGG,2014J,645377,1,Scotland,Lower Than A Level,30-40%,0-35,0,30,0,Distinction,3,1,0,1,0,0,1,0,1,1,0,1,0,0,0,8
GGG,2014J,645598,1,South West Region,A Level or Equivalent,20-Oct,0-35,0,30,0,Fail,14,1,1,1,0,0,1,0,0,0,1,0,1,0,0,5
GGG,2014J,645607,0,London Region,Lower Than A Level,30-40%,35-55,0,30,0,Pass,9,0,0,0,0,1,0,0,1,1,1,1,1,1,0,4
GGG,2014J,645730,1,East Anglian Region,Lower Than A Level,70-80%,35-55,0,30,0,Pass,6,1,1,1,0,1,0,1,1,0,1,1,1,0,1,9
GGG,2014J,645801,0,London Region,Lower Than A Level,20-Oct,35-55,0,30,0,Pass,11,0,1,0,0,1,0,1,0,1,0,1,0,0,1,6
GGG,2014J,645851,0,London Region,A Level or Equivalent,20-Oct,0-35,0,30,0,Withdrawn,1,0,0,0,0,0,0,1,0,1,1,0,0,0,0,2
GGG,2014J,645876,0,East Anglian Region,Lower Than A Level,30-40%,0-35,0,30,0,Distinction,3,1,0,0,1,1,0,1,0,1,1,0,0,0,1,8
GGG,2014J,645928,1,London Region,Lower Than A Level,50-60%,35-55,0,30,0,Pass,10,1,0,0,1,1,1,0,1,1,0,0,1,1,0,1
GGG,2014J,645969,1,South West Region,A Level or Equivalent,60-70%,0-35,0,30,0,Pass,5,1,1,0,0,1,1,0,1,0,1,1,0,1,0,9
GGG,2014J,646131,1,East Midlands Region,A Level or Equivalent,40-50%,0-35,0,30,0,Pass,14,0,1,1,0,1,0,0,1,0,0,0,0,0,0,5
GGG,2014J,646152,1,London Region,Lower Than A Level,20-Oct,35-55,0,30,0,Fail,2,0,1,1,0,0,0,1,0,1,1,0,1,0,1,2
GGG,2014J,646169,1,East Midlands Region,Lower Than A Level,80-90%,35-55,0,30,0,Distinction,7,1,1,0,1,1,0,0,1,1,0,0,0,0,0,3
GGG,2014J,646342,0,North Western Region,Lower Than A Level,20-30%,0-35,0,30,0,Pass,2,1,1,1,0,1,1,1,1,1,1,0,0,0,0,2
GGG,2014J,646367,1,South Region,Lower Than A Level,90-100%,0-35,0,30,0,Pass,13,1,0,0,0,0,0,0,1,0,0,1,1,1,1,5
GGG,2014J,646401,1,London Region,A Level or Equivalent,30-40%,0-35,0,30,0,Withdrawn,7,1,1,0,0,0,1,0,0,0,1,1,0,0,1,3
GGG,2014J,646430,1,South East Region,A Level or Equivalent,60-70%,35-55,0,30,0,Distinction,14,0,0,0,0,0,1,1,1,0,1,1,0,0,1,5
GGG,2014J,646432,1,South East Region,HE Qualification,60-70%,0-35,0,30,0,Fail,2,1,1,1,1,1,0,0,1,1,1,0,0,0,1,2
GGG,2014J,646470,1,North Western Region,A Level or Equivalent,50-60%,35-55,0,30,0,Withdrawn,6,0,0,1,0,1,1,0,1,1,1,1,0,1,1,9
GGG,2014J,646508,0,London Region,Lower Than A Level,20-Oct,35-55,0,30,0,Distinction,5,1,0,0,0,0,1,1,1,1,0,1,0,0,0,9
GGG,2014J,646572,1,London Region,Lower Than A Level,20-Oct,0-35,0,30,0,Pass,10,0,0,0,1,1,0,1,0,1,1,1,0,1,0,1
GGG,2014J,646576,1,East Midlands Region,Lower Than A Level,0-10%,0-35,0,30,0,Pass,8,0,1,1,1,1,1,0,1,1,1,0,1,0,1,3
GGG,2014J,646685,1,London Region,Lower Than A Level,50-60%,35-55,0,30,0,Pass,15,0,1,1,0,1,1,0,1,1,0,1,1,1,0,10
GGG,2014J,646729,1,Wales,A Level or Equivalent,50-60%,35-55,0,30,0,Pass,3,0,1,0,0,1,1,0,0,1,1,1,1,1,1,8
GGG,2014J,646748,1,South East Region,A Level or Equivalent,20-Oct,35-55,0,30,1,Withdrawn,6,1,0,1,0,0,0,0,0,1,0,0,1,0,1,9
GGG,2014J,646801,1,West Midlands Region,Lower Than A Level,0-10%,0-35,0,30,0,Fail,1,1,0,1,0,0,0,1,0,1,1,1,1,0,1,2
GGG,2014J,646821,0,Scotland,A Level or Equivalent,30-40%,0-35,0,30,0,Fail,11,0,0,0,0,1,1,1,1,0,0,0,0,0,0,6
GGG,2014J,646857,1,South Region,Lower Than A Level,50-60%,0-35,0,30,0,Distinction,2,1,0,1,0,1,0,0,1,1,0,0,0,1,0,2
GGG,2014J,646881,1,Scotland,HE Qualification,60-70%,35-55,0,30,1,Fail,13,1,1,0,1,0,1,0,1,0,1,0,0,0,1,5
GGG,2014J,646889,1,Yorkshire Region,Lower Than A Level,80-90%,0-35,0,30,0,Withdrawn,10,1,0,0,1,0,0,0,0,0,1,0,0,0,1,1
GGG,2014J,646891,1,South Region,Lower Than A Level,20-Oct,35-55,0,60,0,Withdrawn,6,1,0,0,0,1,0,1,1,1,0,1,0,1,0,9
GGG,2014J,646905,1,South East Region,A Level or Equivalent,60-70%,0-35,0,30,0,Pass,1,1,1,0,0,0,0,0,1,1,0,0,1,1,0,2
GGG,2014J,646953,1,East Midlands Region,Lower Than A Level,30-40%,35-55,0,90,0,Pass,7,0,1,1,1,0,1,1,0,1,0,0,0,0,0,3
GGG,2014J,647054,1,South Region,A Level or Equivalent,20-30%,0-35,0,30,0,Pass,2,1,1,1,1,0,0,1,1,0,1,1,1,0,0,2
GGG,2014J,647067,1,North Western Region,Lower Than A Level,70-80%,35-55,0,30,0,Fail,8,0,1,0,1,1,1,0,0,1,1,0,1,0,1,3
GGG,2014J,647102,1,London Region,A Level or Equivalent,50-60%,0-35,0,30,0,Distinction,6,0,1,0,0,0,0,0,0,1,0,0,1,0,0,9
GGG,2014J,647345,1,West Midlands Region,Lower Than A Level,0-10%,35-55,0,30,1,Fail,6,0,1,1,0,1,0,1,1,1,1,1,1,1,0,9
GGG,2014J,647442,1,Yorkshire Region,A Level or Equivalent,20-30%,0-35,0,30,0,Withdrawn,12,0,1,0,0,0,0,0,1,0,1,1,0,0,1,7
GGG,2014J,647654,0,London Region,A Level or Equivalent,0-10%,35-55,0,30,0,Fail,16,0,1,0,0,0,0,1,1,0,0,0,0,1,1,10
GGG,2014J,647758,1,East Anglian Region,Lower Than A Level,20-30%,0-35,0,30,1,Withdrawn,14,0,0,0,0,0,1,1,0,0,0,1,0,0,0,5
GGG,2014J,647761,1,South East Region,A Level or Equivalent,40-50%,35-55,0,30,0,Pass,2,1,1,0,0,0,0,0,1,1,0,1,1,1,0,2
GGG,2014J,647850,1,Yorkshire Region,Lower Than A Level,40-50%,0-35,0,30,0,Pass,2,1,1,1,1,1,1,0,0,1,1,0,1,1,1,2
GGG,2014J,647893,1,West Midlands Region,Lower Than A Level,40-50%,0-35,0,30,0,Pass,10,1,0,1,1,0,1,0,1,1,1,1,1,0,1,1
GGG,2014J,647986,1,East Midlands Region,Lower Than A Level,20-Oct,0-35,0,30,0,Pass,16,0,0,0,1,0,0,1,1,0,0,1,0,1,0,10
GGG,2014J,648023,1,South West Region,A Level or Equivalent,60-70%,0-35,0,90,0,Fail,13,1,0,1,0,1,0,0,1,0,1,1,1,1,1,5
GGG,2014J,648049,0,South East Region,HE Qualification,80-90%,35-55,0,30,0,Pass,10,0,0,0,0,0,1,1,1,1,1,1,0,0,1,1
GGG,2014J,648083,1,South Region,Lower Than A Level,50-60%,0-35,0,30,0,Distinction,15,1,1,0,1,0,1,0,1,1,1,1,1,1,0,10
GGG,2014J,648100,1,North Region,Lower Than A Level,30-40%,35-55,0,60,0,Pass,4,0,1,1,1,1,1,0,0,1,1,1,1,1,1,8
GGG,2014J,648110,1,London Region,Lower Than A Level,20-Oct,0-35,0,60,0,Withdrawn,15,0,0,1,1,0,1,0,1,0,0,1,0,0,0,10
GGG,2014J,648115,0,East Midlands Region,A Level or Equivalent,20-30%,0-35,0,60,0,Withdrawn,16,1,1,0,1,1,1,0,0,0,0,0,0,1,1,10
GGG,2014J,648117,0,South East Region,Lower Than A Level,0-10%,0-35,0,30,0,Pass,5,1,0,0,0,0,1,0,1,1,0,0,1,0,0,9
GGG,2014J,648158,1,South Region,Lower Than A Level,30-40%,0-35,0,30,0,Withdrawn,7,1,1,0,0,0,0,1,0,1,1,1,1,1,0,3
GGG,2014J,648178,1,North Western Region,Lower Than A Level,30-40%,35-55,0,30,0,Pass,1,0,1,1,0,0,0,0,1,0,1,1,1,0,1,2
GGG,2014J,648207,1,North Western Region,Lower Than A Level,0-10%,0-35,0,30,0,Pass,11,0,1,1,1,0,1,0,0,0,0,1,1,0,0,6
GGG,2014J,648257,0,North Western Region,Lower Than A Level,60-70%,0-35,0,30,0,Withdrawn,12,1,1,0,0,0,1,0,1,0,0,1,0,0,1,7
GGG,2014J,648274,0,London Region,A Level or Equivalent,30-40%,35-55,0,30,0,Distinction,15,0,0,0,0,1,1,1,0,1,1,1,1,0,0,10
GGG,2014J,648279,1,West Midlands Region,A Level or Equivalent,0-10%,0-35,0,30,0,Pass,2,0,0,1,1,1,0,1,1,1,1,1,1,1,1,2
GGG,2014J,648380,0,East Midlands Region,Lower Than A Level,40-50%,0-35,0,30,1,Pass,8,0,0,1,1,0,0,1,1,0,1,1,0,0,0,3
GGG,2014J,648445,1,East Anglian Region,A Level or Equivalent,30-40%,35-55,0,30,0,Fail,2,0,0,1,1,1,0,0,1,1,0,0,1,0,0,2
GGG,2014J,648498,1,East Anglian Region,Lower Than A Level,70-80%,0-35,0,30,0,Distinction,4,1,1,1,0,1,0,0,1,1,0,0,0,1,0,8
GGG,2014J,648522,1,West Midlands Region,Lower Than A Level,20-Oct,0-35,0,30,0,Pass,7,0,1,0,1,0,1,1,0,0,1,0,1,1,0,3
GGG,2014J,648528,0,North Western Region,A Level or Equivalent,0-10%,0-35,0,90,1,Pass,15,1,0,1,0,0,0,0,0,0,1,0,1,0,1,10
GGG,2014J,648750,1,London Region,A Level or Equivalent,0-10%,35-55,0,30,0,Pass,6,1,0,0,0,1,0,0,0,1,1,0,1,0,0,9
GGG,2014J,648983,1,West Midlands Region,A Level or Equivalent,20-Oct,0-35,0,30,0,Distinction,16,0,0,0,1,1,0,0,0,1,0,1,0,1,1,10
GGG,2014J,649095,1,London Region,A Level or Equivalent,20-30%,35-55,0,30,0,Pass,16,1,1,0,1,1,1,0,1,0,1,1,0,0,0,10
GGG,2014J,649113,1,East Midlands Region,A Level or Equivalent,50-60%,0-35,0,30,0,Withdrawn,12,1,0,0,1,0,0,0,1,1,0,0,1,0,1,7
GGG,2014J,649153,1,Scotland,Lower Than A Level,30-40%,35-55,0,30,0,Withdrawn,10,0,0,1,1,0,1,0,0,0,0,0,1,0,0,1
GGG,2014J,649194,0,South Region,A Level or Equivalent,70-80%,0-35,0,30,0,Distinction,11,1,1,1,1,0,1,1,1,0,0,1,0,1,0,6
GGG,2014J,649206,0,East Midlands Region,Lower Than A Level,40-50%,0-35,0,30,0,Distinction,5,0,0,1,1,1,0,1,0,1,0,0,0,1,1,9
GGG,2014J,649300,1,South West Region,Lower Than A Level,90-100%,0-35,0,30,0,Withdrawn,6,0,1,0,1,1,0,0,1,0,0,1,0,0,1,9
GGG,2014J,649867,1,North Western Region,A Level or Equivalent,20-30%,0-35,0,30,1,Pass,15,1,1,0,1,1,0,1,1,0,0,1,0,1,0,10
GGG,2014J,649909,1,Scotland,Lower Than A Level,0-10%,0-35,0,30,1,Pass,12,1,1,0,0,0,0,0,1,1,1,0,1,0,0,7
GGG,2014J,650023,1,North Western Region,Lower Than A Level,0-10%,0-35,0,30,1,Fail,16,0,1,1,0,0,0,1,0,1,1,1,1,0,0,10
GGG,2014J,650257,1,South East Region,Lower Than A Level,20-Oct,35-55,0,90,1,Withdrawn,3,1,1,1,0,1,0,0,0,1,0,0,0,0,1,8
GGG,2014J,650263,1,East Midlands Region,A Level or Equivalent,20-Oct,0-35,0,30,0,Fail,9,0,0,0,1,1,0,0,0,0,1,1,1,0,1,4
GGG,2014J,650268,1,South East Region,A Level or Equivalent,80-90%,0-35,0,30,0,Distinction,11,1,0,0,0,1,1,1,1,0,0,0,1,0,0,6
GGG,2014J,650316,0,London Region,Lower Than A Level,20-Oct,35-55,0,30,0,Fail,15,1,1,0,1,1,1,0,1,1,0,1,1,1,0,10
GGG,2014J,650388,1,East Anglian Region,Lower Than A Level,20-Oct,0-35,0,30,0,Fail,13,1,1,0,0,0,0,0,1,0,1,1,1,1,0,5
GGG,2014J,650503,1,South West Region,Lower Than A Level,20-Oct,0-35,0,30,0,Pass,7,1,1,1,1,1,0,0,0,1,1,1,0,1,1,3
GGG,2014J,650630,0,West Midlands Region,Lower Than A Level,30-40%,35-55,0,30,0,Fail,2,0,1,0,0,1,1,1,0,0,1,1,0,0,0,2
GGG,2014J,650652,1,East Midlands Region,Lower Than A Level,20-Oct,0-35,0,30,0,Pass,10,1,1,0,0,0,0,1,0,1,0,0,0,0,0,1
GGG,2014J,650656,1,East Anglian Region,Lower Than A Level,30-40%,35-55,0,30,0,Withdrawn,3,0,1,1,0,1,0,0,0,0,1,0,1,0,0,8
GGG,2014J,650662,0,South Region,Lower Than A Level,90-100%,0-35,0,30,1,Withdrawn,2,1,1,0,0,1,0,1,0,0,0,0,1,1,0,2
GGG,2014J,650698,1,South West Region,Lower Than A Level,0-10%,35-55,0,30,0,Pass,9,1,1,1,0,1,0,1,0,0,1,0,0,0,1,4
GGG,2014J,650751,1,East Midlands Region,Lower Than A Level,50-60%,0-35,0,30,0,Distinction,6,1,1,0,0,0,1,1,0,1,1,1,0,1,1,9
GGG,2014J,650901,1,South East Region,Lower Than A Level,90-100%,35-55,0,30,0,Distinction,9,0,1,1,0,0,1,0,1,0,1,0,0,1,0,4
GGG,2014J,651210,1,London Region,Lower Than A Level,30-40%,0-35,0,30,1,Withdrawn,15,0,1,1,0,0,0,0,1,1,0,0,1,0,1,10
GGG,2014J,651259,1,West Midlands Region,A Level or Equivalent,30-40%,0-35,0,30,0,Withdrawn,3,1,1,0,0,1,0,1,1,0,0,0,1,0,0,8
GGG,2014J,651281,0,West Midlands Region,Lower Than A Level,40-50%,0-35,0,30,0,Fail,3,1,1,1,1,0,0,0,1,1,0,1,1,0,0,8
GGG,2014J,651319,0,Wales,Lower Than A Level,30-40%,0-35,0,30,0,Pass,9,0,1,1,0,0,1,1,0,1,0,0,1,1,0,4
GGG,2014J,651436,1,West Midlands Region,Lower Than A Level,20-30%,35-55,0,30,0,Pass,4,0,1,0,1,1,0,0,1,1,0,1,0,1,1,8
GGG,2014J,651602,0,East Midlands Region,A Level or Equivalent,0-10%,0-35,0,30,0,Withdrawn,7,0,1,0,0,0,0,1,1,0,0,1,0,0,1,3
GGG,2014J,651624,1,North Western Region,Lower Than A Level,20-30%,35-55,0,30,0,Pass,10,0,1,1,0,0,1,1,0,0,0,0,0,0,1,1
GGG,2014J,651628,1,South Region,Lower Than A Level,40-50%,0-35,0,30,1,Pass,6,1,1,1,0,1,0,1,1,0,0,1,0,1,0,9
GGG,2014J,651660,1,East Anglian Region,Lower Than A Level,60-70%,0-35,0,30,0,Distinction,1,1,1,0,1,1,0,1,0,1,0,1,1,1,1,2
GGG,2014J,651730,1,South East Region,Lower Than A Level,20-30%,0-35,0,30,0,Withdrawn,4,0,0,1,0,0,1,0,1,0,1,0,0,1,1,8
GGG,2014J,651740,1,East Anglian Region,A Level or Equivalent,70-80%,0-35,0,30,1,Distinction,13,0,0,0,0,1,0,0,1,1,1,0,1,0,1,5
GGG,2014J,651748,1,London Region,A Level or Equivalent,30-40%,0-35,0,60,1,Withdrawn,5,1,0,0,1,0,0,1,0,1,0,0,0,1,0,9
GGG,2014J,651943,1,London Region,Lower Than A Level,40-50%,35-55,0,30,0,Distinction,9,1,1,1,0,1,0,0,1,1,1,1,0,0,0,4
GGG,2014J,651954,1,East Anglian Region,Lower Than A Level,60-70%,0-35,0,90,1,Fail,4,0,0,0,1,1,0,0,0,0,0,1,1,1,1,8
GGG,2014J,652112,0,East Anglian Region,A Level or Equivalent,40-50%,0-35,0,30,0,Fail,8,0,1,0,0,0,1,1,1,0,0,0,1,0,1,3
GGG,2014J,652281,1,South West Region,Lower Than A Level,90-100%,35-55,0,30,0,Pass,8,1,0,0,0,1,1,0,1,0,0,1,0,0,0,3
GGG,2014J,652364,1,South Region,A Level or Equivalent,20-30%,35-55,0,30,0,Withdrawn,7,0,0,1,0,1,0,0,1,1,0,0,1,1,1,3
GGG,2014J,652414,1,London Region,Lower Than A Level,0-10%,0-35,0,30,1,Pass,3,1,1,1,0,0,1,0,0,0,0,0,1,0,0,8
GGG,2014J,652435,0,East Midlands Region,A Level or Equivalent,30-40%,0-35,0,30,0,Distinction,6,1,0,1,1,0,0,0,0,1,1,1,1,0,0,9
GGG,2014J,652462,0,South Region,Lower Than A Level,90-100%,35-55,0,30,0,Pass,10,1,0,1,0,0,1,1,0,1,1,0,1,1,0,1
GGG,2014J,652539,1,South Region,A Level or Equivalent,70-80%,0-35,0,30,0,Pass,3,0,0,1,0,0,0,0,0,0,1,1,1,1,1,8
GGG,2014J,652574,1,North Western Region,Lower Than A Level,0-10%,35-55,0,30,1,Fail,3,1,1,0,0,1,1,1,1,1,1,1,0,1,0,8
GGG,2014J,652578,1,London Region,A Level or Equivalent,50-60%,0-35,0,30,0,Fail,11,1,0,0,1,0,0,0,1,1,1,0,0,0,0,6
GGG,2014J,652968,1,London Region,Lower Than A Level,30-40%,0-35,0,30,0,Fail,8,1,0,1,1,1,0,1,1,0,1,1,1,1,1,3
GGG,2014J,653157,1,West Midlands Region,Lower Than A Level,20-30%,0-35,0,30,0,Pass,16,1,1,0,0,0,1,0,0,0,1,0,1,1,1,10
GGG,2014J,653230,1,East Anglian Region,A Level or Equivalent,0-10%,0-35,0,30,1,Withdrawn,3,0,1,0,1,1,1,1,1,0,1,1,1,1,0,8
GGG,2014J,653249,0,London Region,Lower Than A Level,30-40%,0-35,0,60,1,Withdrawn,10,1,0,0,0,1,1,0,0,0,0,0,1,0,0,1
GGG,2014J,653252,1,East Anglian Region,No Formal quals,20-30%,0-35,0,30,1,Pass,13,0,1,1,1,1,0,1,1,0,0,1,0,1,1,5
GGG,2014J,653292,0,East Anglian Region,Lower Than A Level,70-80%,0-35,0,30,0,Withdrawn,8,0,0,1,0,1,0,0,0,1,1,1,0,1,0,3
GGG,2014J,653374,1,London Region,Lower Than A Level,20-Oct,0-35,0,30,0,Distinction,7,0,1,0,0,1,1,1,0,0,1,1,1,0,1,3
GGG,2014J,653435,1,London Region,Lower Than A Level,0-10%,0-35,0,30,1,Pass,15,1,1,1,0,1,1,0,0,0,1,1,0,0,0,10
GGG,2014J,653495,1,Yorkshire Region,Lower Than A Level,20-30%,35-55,0,30,0,Pass,6,0,0,0,0,0,0,1,0,1,1,0,1,1,0,9
GGG,2014J,653561,1,South Region,Lower Than A Level,40-50%,0-35,0,90,0,Withdrawn,5,1,1,0,0,0,1,1,0,1,0,0,0,0,1,9
GGG,2014J,653601,1,South Region,Lower Than A Level,70-80%,0-35,0,30,0,Fail,16,1,0,1,1,0,0,0,1,1,0,0,1,0,0,10
GGG,2014J,653806,1,London Region,Lower Than A Level,20-30%,0-35,0,30,0,Fail,16,0,0,1,0,0,0,0,1,0,0,0,1,1,1,10
GGG,2014J,653824,1,East Anglian Region,Lower Than A Level,90-100%,0-35,0,30,0,Pass,4,1,0,1,1,1,0,0,1,0,0,0,0,0,1,8
GGG,2014J,653867,1,South East Region,A Level or Equivalent,50-60%,35-55,0,30,0,Pass,2,0,0,1,0,0,0,0,1,0,1,1,0,1,1,2
GGG,2014J,653943,1,South Region,A Level or Equivalent,80-90%,0-35,0,30,0,Distinction,5,1,0,1,1,0,1,1,0,0,0,0,0,1,1,9
GGG,2014J,654062,1,North Western Region,Lower Than A Level,60-70%,0-35,0,30,0,Pass,15,0,1,1,0,0,1,0,1,0,1,0,1,1,0,10
GGG,2014J,654064,1,Scotland,A Level or Equivalent,40-50%,0-35,0,30,0,Pass,15,0,1,1,0,1,0,0,1,1,1,1,1,0,1,10
GGG,2014J,654237,1,West Midlands Region,Lower Than A Level,50-60%,35-55,0,30,0,Fail,12,1,0,0,1,0,1,0,0,1,0,0,0,0,1,7
GGG,2014J,654321,1,East Midlands Region,Lower Than A Level,50-60%,0-35,0,30,0,Fail,9,1,1,1,0,1,1,0,1,1,0,0,1,0,1,4
GGG,2014J,654369,0,South West Region,Lower Than A Level,30-40%,0-35,0,30,0,Pass,9,0,0,0,0,1,0,1,1,1,1,0,1,0,0,4
GGG,2014J,654681,1,East Anglian Region,Lower Than A Level,30-40%,35-55,0,30,0,Distinction,5,1,1,0,1,0,0,1,1,1,0,1,1,0,0,9
GGG,2014J,654821,1,West Midlands Region,A Level or Equivalent,70-80%,0-35,0,30,0,Fail,15,1,0,0,0,1,0,1,0,0,0,1,0,1,1,10
GGG,2014J,654914,1,East Anglian Region,Lower Than A Level,70-80%,0-35,0,30,0,Pass,14,1,0,0,1,0,0,0,1,0,1,0,1,0,1,5
GGG,2014J,654916,1,Wales,No Formal quals,30-40%,35-55,0,30,0,Fail,10,0,1,1,0,0,0,0,1,1,0,0,0,0,1,1
GGG,2014J,654945,0,South East Region,Lower Than A Level,80-90%,35-55,0,30,0,Distinction,2,0,0,1,1,0,0,1,0,1,0,0,0,0,0,2
GGG,2014J,654965,1,South East Region,A Level or Equivalent,80-90%,0-35,0,30,0,Pass,10,0,0,0,1,1,0,1,0,0,1,1,1,0,0,1
GGG,2014J,655065,1,North Western Region,A Level or Equivalent,0-10%,0-35,0,30,0,Fail,3,1,1,1,0,1,0,0,1,0,0,0,1,1,1,8
GGG,2014J,655201,1,Yorkshire Region,Lower Than A Level,0-10%,0-35,0,30,0,Fail,2,1,1,0,1,1,1,0,0,1,1,0,1,0,1,2
GGG,2014J,655376,1,London Region,Lower Than A Level,40-50%,35-55,0,30,0,Pass,5,0,0,1,0,0,1,1,1,1,0,1,1,1,1,9
GGG,2014J,655556,1,South West Region,A Level or Equivalent,40-50%,35-55,0,30,0,Fail,9,0,1,1,0,1,1,0,1,0,0,0,0,0,0,4
GGG,2014J,655625,1,West Midlands Region,A Level or Equivalent,30-40%,0-35,0,30,0,Fail,11,1,0,0,0,0,0,1,1,0,1,1,0,1,1,6
GGG,2014J,655954,0,London Region,A Level or Equivalent,80-90%,35-55,0,30,1,Distinction,1,0,0,0,1,0,0,0,1,1,0,0,1,1,1,2
GGG,2014J,656014,0,East Midlands Region,A Level or Equivalent,20-30%,0-35,0,30,0,Fail,14,0,1,1,0,0,0,0,0,0,0,0,0,0,0,5
GGG,2014J,656053,1,South West Region,A Level or Equivalent,40-50%,0-35,0,30,0,Pass,16,0,1,0,0,1,1,1,0,0,1,0,1,1,0,10
GGG,2014J,656111,1,South West Region,Lower Than A Level,50-60%,0-35,0,30,1,Fail,7,0,0,1,0,0,0,0,1,0,1,1,0,0,1,3
GGG,2014J,656438,1,North Region,A Level or Equivalent,60-70%,0-35,0,30,0,Fail,8,1,0,0,1,1,0,1,1,0,0,1,1,0,0,3
GGG,2014J,656506,0,South Region,Lower Than A Level,20-30%,0-35,0,30,0,Distinction,4,0,1,0,1,0,1,1,1,1,0,1,0,1,1,8
GGG,2014J,656543,1,East Midlands Region,A Level or Equivalent,20-30%,0-35,0,30,0,Distinction,13,1,0,1,0,0,0,1,1,1,1,1,1,1,0,5
GGG,2014J,656637,1,South East Region,Lower Than A Level,40-50%,0-35,0,30,0,Fail,13,1,1,1,1,1,0,1,1,0,1,0,0,1,0,5
GGG,2014J,656756,1,North Western Region,Lower Than A Level,20-30%,35-55,0,30,0,Pass,10,1,1,1,1,0,0,0,1,1,0,1,1,1,1,1
GGG,2014J,656936,1,Scotland,A Level or Equivalent,40-50%,35-55,0,30,0,Pass,8,0,1,1,0,1,1,1,0,1,1,1,1,1,0,3
GGG,2014J,656970,1,South Region,A Level or Equivalent,80-90%,0-35,0,30,1,Withdrawn,2,1,0,1,0,1,0,0,0,0,0,0,1,1,1,2
GGG,2014J,657045,1,Scotland,Lower Than A Level,80-90%,35-55,0,30,0,Pass,16,0,1,0,1,1,0,1,0,0,1,0,0,0,0,10
GGG,2014J,657093,0,London Region,No Formal quals,20-Oct,35-55,0,60,0,Withdrawn,8,0,0,1,1,1,0,0,0,1,1,1,0,1,1,3
GGG,2014J,657231,0,West Midlands Region,A Level or Equivalent,40-50%,0-35,0,30,0,Pass,7,1,1,1,1,1,1,1,1,1,0,1,1,0,0,3
GGG,2014J,657327,0,Ireland,Lower Than A Level,50-60%,35-55,0,30,0,Withdrawn,1,0,0,1,1,0,0,0,1,1,1,1,0,0,1,2
GGG,2014J,657351,1,East Anglian Region,Lower Than A Level,30-40%,35-55,0,30,0,Withdrawn,14,1,0,1,1,1,1,0,0,0,0,0,0,0,1,5
GGG,2014J,674340,0,Yorkshire Region,HE Qualification,50-60%,0-35,0,30,0,Fail,12,1,1,0,0,0,0,0,1,1,1,1,0,1,0,7
GGG,2014J,674359,1,South West Region,A Level or Equivalent,20-Oct,0-35,0,30,0,Fail,1,1,1,1,0,0,1,1,0,0,1,0,0,0,1,2
GGG,2014J,674467,0,West Midlands Region,A Level or Equivalent,40-50%,0-35,0,30,1,Withdrawn,3,0,1,1,0,1,0,1,0,0,0,0,0,0,1,8
GGG,2014J,674471,1,South Region,Lower Than A Level,50-60%,0-35,0,30,0,Withdrawn,6,0,0,0,0,0,1,1,0,0,1,1,1,0,1,9
GGG,2014J,674481,0,London Region,Lower Than A Level,50-60%,0-35,0,30,0,Fail,4,1,0,0,0,1,1,1,0,1,1,1,1,1,0,8
GGG,2014J,674563,1,Wales,Lower Than A Level,40-50%,0-35,0,30,0,Pass,14,1,0,0,0,1,0,1,0,1,0,0,1,1,0,5
GGG,2014J,674568,1,East Anglian Region,A Level or Equivalent,30-40%,35-55,0,30,1,Pass,1,1,0,0,1,0,1,1,0,0,1,1,1,0,1,2
GGG,2014J,674640,1,South Region,Lower Than A Level,60-70%,0-35,0,30,1,Pass,1,0,0,1,1,1,0,1,1,1,0,0,0,1,1,2
GGG,2014J,674660,1,London Region,A Level or Equivalent,20-Oct,35-55,0,60,0,Fail,10,1,1,1,0,1,1,0,0,1,0,0,1,0,1,1
GGG,2014J,674710,0,North Region,A Level or Equivalent,0-10%,0-35,0,30,0,Fail,13,1,0,1,1,1,0,1,0,1,1,0,1,1,0,5
GGG,2014J,674750,1,North Region,Lower Than A Level,20-Oct,35-55,0,60,0,Withdrawn,2,0,0,1,0,1,0,1,0,0,1,1,1,1,1,2
GGG,2014J,674766,1,East Anglian Region,Lower Than A Level,0-10%,0-35,0,30,0,Fail,15,0,0,0,1,1,1,1,1,0,0,1,1,1,0,10
GGG,2014J,674890,0,North Western Region,Lower Than A Level,30-40%,0-35,0,30,1,Distinction,9,0,0,0,0,0,1,0,1,0,0,0,0,0,0,4
GGG,2014J,674927,1,West Midlands Region,Lower Than A Level,0-10%,0-35,0,30,0,Pass,13,0,1,1,0,1,0,1,0,0,0,0,1,0,0,5
GGG,2014J,674939,1,West Midlands Region,A Level or Equivalent,70-80%,0-35,0,30,0,Fail,6,1,0,1,1,1,0,1,0,0,0,1,1,0,1,9
GGG,2014J,674983,1,Scotland,Lower Than A Level,30-40%,35-55,0,30,0,Withdrawn,9,0,1,1,1,1,0,1,1,0,1,1,0,1,0,4
GGG,2014J,675242,1,Yorkshire Region,Lower Than A Level,20-30%,0-35,0,30,0,Pass,9,1,1,1,1,1,1,1,0,1,1,0,1,1,0,4
GGG,2014J,675247,0,East Midlands Region,A Level or Equivalent,40-50%,0-35,0,30,0,Distinction,5,0,0,1,1,0,1,0,0,0,0,0,0,1,0,9
GGG,2014J,675264,0,North Region,A Level or Equivalent,20-Oct,35-55,0,30,0,Pass,1,1,1,0,0,0,0,0,0,0,1,1,0,0,0,2
GGG,2014J,675578,1,East Anglian Region,Lower Than A Level,50-60%,35-55,0,30,0,Pass,3,1,0,0,1,0,1,1,0,1,1,0,0,0,0,8
GGG,2014J,675629,1,East Anglian Region,Lower Than A Level,50-60%,35-55,0,30,0,Fail,1,1,1,0,1,0,0,1,0,1,1,1,0,1,1,2
GGG,2014J,675811,1,East Anglian Region,Lower Than A Level,60-70%,35-55,0,30,0,Distinction,7,1,1,0,0,0,1,1,1,1,0,1,0,0,0,3
GGG,2014J,675848,1,South East Region,A Level or Equivalent,70-80%,0-35,0,30,0,Distinction,12,1,1,0,0,0,0,0,0,0,0,1,0,0,1,7
GGG,2014J,675879,1,Wales,No Formal quals,30-40%,35-55,0,30,0,Withdrawn,13,1,1,0,1,1,0,0,0,0,0,0,0,0,1,5
GGG,2014J,675880,1,Wales,Lower Than A Level,30-40%,0-35,0,30,0,Fail,3,0,0,1,0,1,0,0,0,0,1,0,1,1,0,8
GGG,2014J,675885,1,Wales,Lower Than A Level,20-Oct,35-55,0,30,0,Withdrawn,9,0,0,1,1,0,0,0,1,0,0,0,0,1,0,4
GGG,2014J,675888,1,Wales,A Level or Equivalent,60-70%,0-35,0,30,0,Fail,3,0,0,1,1,1,0,0,1,0,0,1,0,1,1,8
GGG,2014J,675891,1,Scotland,Lower Than A Level,80-90%,0-35,0,30,0,Distinction,9,1,0,1,1,0,1,1,0,1,1,1,0,0,0,4
GGG,2014J,675924,1,West Midlands Region,A Level or Equivalent,0-10%,0-35,0,30,0,Distinction,16,0,0,0,0,0,0,1,0,1,0,0,0,1,0,10
GGG,2014J,675949,1,Scotland,Lower Than A Level,0-10%,0-35,0,30,0,Distinction,11,0,1,1,0,0,0,1,1,0,0,1,1,0,0,6
GGG,2014J,675996,1,South East Region,A Level or Equivalent,20-30%,0-35,0,30,0,Withdrawn,4,1,1,1,0,1,1,0,0,1,0,0,1,0,1,8
GGG,2014J,676034,1,South West Region,Lower Than A Level,20-30%,0-35,0,30,0,Distinction,4,1,1,0,1,1,0,1,1,1,0,0,1,0,1,8
GGG,2014J,676071,0,South Region,Lower Than A Level,80-90%,0-35,0,90,0,Pass,11,1,1,1,1,0,0,1,1,1,1,0,1,0,0,6
GGG,2014J,676387,1,Wales,Lower Than A Level,90-100%,35-55,0,30,0,Pass,5,1,0,1,0,0,1,0,1,0,0,1,0,0,1,9
GGG,2014J,676690,1,South Region,Lower Than A Level,90-100%,35-55,0,30,1,Withdrawn,6,0,1,0,1,0,1,1,1,1,1,0,1,0,1,9
GGG,2014J,676739,1,South East Region,A Level or Equivalent,20-30%,35-55,0,30,0,Fail,10,1,1,1,1,1,0,1,1,1,1,1,1,1,1,1
GGG,2014J,676742,1,London Region,No Formal quals,20-30%,0-35,0,60,0,Withdrawn,4,1,0,0,0,1,1,1,1,1,0,0,0,0,1,8
GGG,2014J,677022,1,London Region,A Level or Equivalent,20-30%,0-35,0,30,0,Withdrawn,6,0,1,0,0,0,0,0,0,0,1,0,1,1,0,9
GGG,2014J,677025,1,South Region,Lower Than A Level,90-100%,35-55,0,30,0,Distinction,2,1,1,1,1,0,0,0,1,0,0,0,0,1,0,2
GGG,2014J,677066,1,South East Region,Lower Than A Level,90-100%,35-55,0,30,1,Pass,15,0,1,1,1,1,0,1,0,1,0,0,0,0,0,10
GGG,2014J,677150,0,East Anglian Region,HE Qualification,20-Oct,0-35,0,30,0,Fail,4,0,1,0,1,1,0,0,1,1,0,1,0,0,1,8
GGG,2014J,677184,1,Wales,Lower Than A Level,20-Oct,35-55,0,60,0,Withdrawn,5,1,1,1,1,0,1,0,0,1,0,0,0,1,1,9
GGG,2014J,677216,0,East Anglian Region,Lower Than A Level,50-60%,0-35,0,30,0,Distinction,10,0,0,1,1,0,0,0,1,1,1,0,0,1,1,1
GGG,2014J,677278,1,Yorkshire Region,Lower Than A Level,30-40%,0-35,0,30,0,Fail,7,0,0,0,1,1,1,0,1,1,0,0,1,0,1,3
GGG,2014J,677356,0,Yorkshire Region,Lower Than A Level,20-30%,0-35,0,30,0,Pass,15,0,0,0,1,1,0,1,0,1,0,1,0,0,1,10
GGG,2014J,677433,1,East Midlands Region,Lower Than A Level,70-80%,35-55,0,30,1,Fail,16,0,1,0,1,0,1,1,1,0,1,1,0,0,0,10
GGG,2014J,677463,1,London Region,A Level or Equivalent,40-50%,0-35,0,30,0,Distinction,5,1,1,1,0,0,0,1,1,1,1,1,1,1,0,9
GGG,2014J,677491,0,Yorkshire Region,Lower Than A Level,0-10%,35-55,0,30,0,Distinction,15,1,0,0,0,0,0,0,0,0,1,0,1,1,1,10
GGG,2014J,677551,1,West Midlands Region,Lower Than A Level,90-100%,0-35,0,30,0,Withdrawn,4,0,1,0,1,1,0,0,1,1,1,1,1,1,1,8
GGG,2014J,677928,1,East Anglian Region,A Level or Equivalent,60-70%,35-55,0,30,0,Pass,10,1,0,1,0,0,0,1,1,1,1,0,0,0,1,1
GGG,2014J,677963,0,North Western Region,Lower Than A Level,50-60%,0-35,0,30,0,Withdrawn,4,1,0,0,0,1,0,1,1,0,0,0,0,1,0,8
GGG,2014J,678004,1,Scotland,A Level or Equivalent,50-60%,0-35,0,30,0,Pass,12,1,1,0,0,0,1,0,0,0,1,1,0,1,1,7
GGG,2014J,678009,1,North Region,Lower Than A Level,30-40%,0-35,0,90,0,Distinction,15,0,1,1,0,1,1,0,1,0,1,1,0,1,1,10
GGG,2014J,678241,1,South West Region,A Level or Equivalent,50-60%,0-35,0,30,0,Withdrawn,1,0,0,0,0,1,1,0,1,1,0,0,1,0,1,2
GGG,2014J,678255,1,Scotland,Lower Than A Level,30-40%,0-35,0,30,1,Pass,11,0,1,0,0,0,0,0,0,0,0,0,1,1,1,6
GGG,2014J,678261,0,North Region,A Level or Equivalent,60-70%,35-55,0,30,0,Pass,16,0,1,0,1,1,1,1,0,1,1,0,1,0,1,10
GGG,2014J,678313,0,South West Region,A Level or Equivalent,20-30%,0-35,0,30,0,Fail,13,1,1,1,1,0,1,1,0,0,1,1,0,0,1,5
GGG,2014J,678432,1,Yorkshire Region,A Level or Equivalent,30-40%,0-35,0,30,0,Pass,6,1,1,1,0,1,0,0,1,1,1,1,0,0,1,9
GGG,2014J,678612,1,London Region,Lower Than A Level,0-10%,35-55,0,30,0,Fail,2,0,0,0,0,1,0,0,1,1,1,1,1,0,1,2
GGG,2014J,678618,1,South East Region,Lower Than A Level,80-90%,0-35,0,30,0,Pass,1,1,0,1,0,1,1,1,0,0,1,0,0,0,1,2
GGG,2014J,678714,1,South Region,Lower Than A Level,20-Oct,0-35,0,30,0,Withdrawn,5,0,0,1,0,1,1,0,1,1,1,0,1,0,1,9
GGG,2014J,678762,1,East Midlands Region,Lower Than A Level,70-80%,0-35,0,30,0,Pass,11,1,1,0,0,0,0,1,1,0,1,0,1,0,1,6
GGG,2014J,678774,0,North Western Region,No Formal quals,20-Oct,0-35,0,30,0,Pass,1,1,0,1,0,1,0,0,1,0,0,0,0,0,1,2
GGG,2014J,679127,0,London Region,Lower Than A Level,0-10%,35-55,0,30,0,Distinction,15,1,0,1,1,1,1,1,0,1,1,0,1,1,1,10
GGG,2014J,679258,1,North Western Region,Lower Than A Level,20-30%,35-55,0,30,1,Fail,5,0,0,1,1,1,1,1,0,1,0,0,0,0,0,9
GGG,2014J,679275,1,South East Region,A Level or Equivalent,70-80%,0-35,0,30,0,Withdrawn,15,1,0,0,0,1,1,1,1,0,0,0,0,1,0,10
GGG,2014J,679327,1,South Region,Lower Than A Level,20-30%,0-35,0,30,0,Distinction,2,0,0,1,1,0,0,1,0,1,0,1,0,1,0,2
GGG,2014J,679332,1,Scotland,A Level or Equivalent,0-10%,0-35,0,30,0,Fail,10,1,1,1,0,1,0,0,1,1,1,1,1,1,0,1
GGG,2014J,679373,1,East Midlands Region,Lower Than A Level,20-30%,0-35,0,30,1,Withdrawn,3,0,0,0,0,0,1,0,1,1,1,0,0,0,0,8
GGG,2014J,679405,1,East Anglian Region,Lower Than A Level,40-50%,0-35,0,30,0,Withdrawn,6,0,1,1,0,1,1,0,1,0,0,1,0,0,0,9
GGG,2014J,679409,1,East Midlands Region,A Level or Equivalent,0-10%,0-35,0,30,0,Pass,11,1,0,1,0,0,0,1,0,1,1,0,0,0,0,6
GGG,2014J,679769,1,London Region,Lower Than A Level,20-30%,0-35,0,60,0,Pass,8,0,0,1,1,1,0,0,1,1,0,0,1,0,1,3
GGG,2014J,679840,1,London Region,Lower Than A Level,0-10%,0-35,0,30,0,Pass,14,0,1,1,0,1,1,0,1,0,0,0,1,0,0,5
GGG,2014J,679921,1,Wales,A Level or Equivalent,90-100%,0-35,0,30,0,Pass,9,1,0,1,0,1,0,0,0,1,1,1,0,0,0,4
GGG,2014J,680063,1,East Anglian Region,A Level or Equivalent,30-40%,0-35,0,30,0,Pass,15,1,1,1,1,0,1,0,0,0,1,1,0,0,1,10
GGG,2014J,680176,1,Ireland,A Level or Equivalent,40-50%,0-35,0,30,0,Pass,9,0,0,1,0,0,0,1,1,0,1,0,1,0,0,4
GGG,2014J,680261,1,South West Region,Lower Than A Level,30-40%,0-35,0,30,0,Fail,7,1,1,0,0,0,1,0,0,0,1,0,1,0,1,3
GGG,2014J,680340,1,South Region,Lower Than A Level,20-30%,0-35,0,30,0,Fail,1,0,1,1,1,0,0,0,1,1,0,0,0,1,0,2
GGG,2014J,680345,1,Wales,A Level or Equivalent,0-10%,35-55,0,30,0,Fail,6,1,1,1,1,1,1,1,0,0,1,1,1,1,1,9
GGG,2014J,680354,1,North Western Region,Lower Than A Level,0-10%,0-35,0,30,0,Fail,8,0,0,0,1,1,1,1,0,1,1,0,1,1,0,3
GGG,2014J,680427,1,South East Region,Lower Than A Level,30-40%,0-35,0,30,0,Pass,8,1,0,0,1,1,1,1,1,1,1,1,0,1,0,3
GGG,2014J,680484,1,South West Region,Lower Than A Level,30-40%,0-35,0,30,0,Fail,11,0,0,0,1,1,0,1,1,1,1,0,0,1,0,6
GGG,2014J,680569,1,Scotland,A Level or Equivalent,60-70%,0-35,0,30,0,Pass,9,0,1,1,0,1,1,0,0,1,0,0,0,1,1,4
GGG,2014J,680850,0,North Western Region,Lower Than A Level,0-10%,0-35,0,30,1,Fail,11,1,1,1,0,1,1,0,1,0,0,1,1,1,0,6
GGG,2014J,680966,0,West Midlands Region,Lower Than A Level,70-80%,35-55,0,30,0,Pass,14,1,1,1,0,1,0,0,0,1,1,0,0,0,1,5
GGG,2014J,680988,1,South East Region,Lower Than A Level,90-100%,35-55,0,30,1,Withdrawn,4,1,0,1,1,1,0,0,1,0,1,1,1,1,0,8
GGG,2014J,680992,0,London Region,Lower Than A Level,30-40%,0-35,0,30,0,Withdrawn,6,1,1,0,0,0,1,0,1,1,1,0,0,0,0,9
GGG,2014J,681065,1,East Anglian Region,Lower Than A Level,50-60%,0-35,0,30,1,Distinction,12,0,0,1,1,1,1,1,1,0,0,1,1,0,1,7
GGG,2014J,681107,1,South West Region,Lower Than A Level,20-Oct,0-35,0,30,1,Pass,14,0,1,1,0,0,0,1,0,1,0,1,0,0,0,5
GGG,2014J,681154,1,Wales,Lower Than A Level,30-40%,35-55,0,30,0,Pass,12,0,0,0,1,0,0,0,0,0,1,0,1,0,0,7
GGG,2014J,681168,0,Wales,No Formal quals,20-Oct,0-35,0,30,0,Withdrawn,11,0,1,0,1,1,1,1,1,1,1,0,0,0,0,6
GGG,2014J,681195,0,Scotland,No Formal quals,30-40%,35-55,0,30,0,Withdrawn,16,1,0,1,1,0,1,0,0,1,0,1,0,0,0,10
GGG,2014J,681268,1,Yorkshire Region,A Level or Equivalent,40-50%,0-35,0,30,0,Fail,16,0,0,1,1,0,0,0,0,1,1,1,1,0,0,10
GGG,2014J,681383,1,East Midlands Region,Lower Than A Level,0-10%,0-35,0,30,0,Fail,9,0,1,1,1,1,1,0,0,1,1,0,0,1,1,4
GGG,2014J,681421,1,North Western Region,A Level or Equivalent,80-90%,0-35,0,30,0,Pass,1,1,0,1,0,0,0,0,0,0,1,0,0,1,1,2
GGG,2014J,681447,1,North Western Region,Lower Than A Level,20-30%,35-55,0,30,0,Pass,11,0,0,0,1,1,1,0,1,1,0,1,0,0,1,6
GGG,2014J,681532,1,East Midlands Region,Lower Than A Level,90-100%,0-35,0,90,0,Fail,2,0,0,0,0,0,1,1,0,0,0,1,1,0,0,2
GGG,2014J,681696,1,East Midlands Region,Lower Than A Level,70-80%,35-55,0,30,0,Pass,2,0,1,1,0,0,0,1,0,1,1,0,0,1,1,2
GGG,2014J,681751,1,Scotland,Lower Than A Level,70-80%,0-35,0,30,1,Fail,1,1,1,0,0,1,0,1,1,1,1,0,1,0,1,2
GGG,2014J,681791,0,East Anglian Region,Lower Than A Level,70-80%,0-35,0,30,0,Withdrawn,8,1,0,0,1,1,1,0,0,1,0,0,0,0,0,3
GGG,2014J,681876,1,South West Region,A Level or Equivalent,80-90%,0-35,0,30,0,Pass,9,0,1,1,1,1,1,0,0,0,0,1,1,0,1,4
GGG,2014J,682001,1,South Region,Lower Than A Level,90-100%,0-35,0,30,0,Pass,16,0,0,1,0,1,1,1,1,0,1,1,1,0,1,10
GGG,2014J,682100,0,Wales,A Level or Equivalent,20-Oct,35-55,0,30,0,Pass,11,0,0,1,0,1,0,0,1,1,0,0,1,1,1,6
GGG,2014J,682123,1,South West Region,A Level or Equivalent,50-60%,0-35,0,30,0,Distinction,11,1,0,1,0,0,0,0,1,0,0,0,0,1,0,6
GGG,2014J,682302,0,Wales,Lower Than A Level,20-30%,0-35,0,60,0,Withdrawn,5,0,1,1,1,0,1,0,1,0,0,1,0,0,1,9
GGG,2014J,682307,1,Scotland,Lower Than A Level,20-30%,0-35,0,30,0,Fail,4,0,0,1,1,1,0,1,0,0,0,1,0,1,0,8
GGG,2014J,682321,1,Scotland,Lower Than A Level,70-80%,0-35,0,30,0,Pass,3,1,1,0,0,1,1,1,0,0,1,1,0,0,1,8
GGG,2014J,682413,1,West Midlands Region,A Level or Equivalent,70-80%,0-35,0,30,1,Pass,3,1,0,0,1,0,1,0,0,0,0,1,0,0,1,8
GGG,2014J,682440,0,Scotland,Lower Than A Level,60-70%,35-55,0,30,1,Fail,6,0,1,0,1,0,1,0,0,1,1,1,1,1,1,9
GGG,2014J,682481,1,East Anglian Region,Lower Than A Level,60-70%,35-55,0,30,0,Withdrawn,13,1,0,1,1,1,1,1,0,0,0,0,0,0,1,5
GGG,2014J,682543,0,North Western Region,Lower Than A Level,0-10%,0-35,0,30,0,Pass,16,0,0,0,0,1,0,1,1,0,0,0,1,0,1,10
GGG,2014J,682625,1,South Region,Lower Than A Level,80-90%,0-35,0,30,0,Pass,14,1,1,0,0,1,0,1,0,0,1,1,0,0,1,5
GGG,2014J,682891,1,East Anglian Region,Lower Than A Level,50-60%,0-35,0,30,0,Withdrawn,8,0,0,1,1,0,1,1,0,0,0,1,0,1,1,3
GGG,2014J,683005,0,South West Region,Lower Than A Level,80-90%,0-35,0,30,0,Pass,3,0,1,0,0,0,1,1,0,0,0,1,0,1,0,8
GGG,2014J,683188,1,London Region,Lower Than A Level,20-Oct,0-35,0,30,0,Fail,11,0,1,0,0,1,0,0,0,1,0,1,1,0,0,6
GGG,2014J,683256,1,East Anglian Region,No Formal quals,30-40%,0-35,0,30,0,Pass,6,1,1,1,1,1,1,0,1,0,0,0,1,0,1,9
GGG,2014J,683299,1,Scotland,Lower Than A Level,0-10%,0-35,0,30,0,Withdrawn,7,0,1,1,0,0,0,1,1,1,1,1,0,0,0,3
GGG,2014J,683336,1,East Midlands Region,A Level or Equivalent,90-100%,0-35,0,30,0,Distinction,2,0,0,0,0,1,0,1,1,1,0,1,1,1,1,2
GGG,2014J,683423,0,East Anglian Region,Lower Than A Level,60-70%,35-55,0,150,0,Pass,5,1,1,0,0,1,0,0,0,1,1,0,1,1,0,9
GGG,2014J,683633,1,London Region,Lower Than A Level,40-50%,0-35,0,30,0,Pass,3,0,0,0,1,0,0,1,0,1,0,0,0,1,0,8
GGG,2014J,683696,1,London Region,HE Qualification,0-10%,35-55,0,60,0,Withdrawn,11,1,1,1,1,1,0,1,0,1,0,0,0,1,0,6
GGG,2014J,683841,1,East Anglian Region,Lower Than A Level,70-80%,0-35,0,30,0,Fail,2,1,1,1,0,0,0,0,0,0,1,1,0,1,0,2
GGG,2014J,683974,1,North Region,Lower Than A Level,,0-35,0,30,0,Distinction,5,1,1,0,0,0,0,0,0,1,1,1,1,0,1,9
GGG,2014J,684116,1,North Region,Lower Than A Level,30-40%,35-55,0,30,0,Pass,11,0,1,0,1,0,0,0,1,1,1,0,1,0,1,6
GGG,2014J,684146,1,London Region,Lower Than A Level,20-Oct,0-35,0,30,0,Pass,8,0,1,0,0,1,0,0,1,1,1,0,1,1,1,3
GGG,2014J,684169,1,South West Region,HE Qualification,30-40%,35-55,0,30,0,Distinction,5,0,0,0,1,1,0,1,0,1,1,1,1,0,0,9
GGG,2014J,684341,1,South West Region,Lower Than A Level,80-90%,0-35,0,30,0,Pass,10,0,1,0,0,1,0,1,0,0,1,1,1,1,0,1
GGG,2014J,684393,1,South Region,HE Qualification,70-80%,35-55,0,30,0,Pass,14,0,1,1,1,1,0,1,1,1,0,1,1,0,1,5
GGG,2014J,684427,1,East Midlands Region,Lower Than A Level,60-70%,35-55,0,30,1,Fail,6,1,0,1,1,0,1,1,1,1,0,1,1,1,1,9
GGG,2014J,684456,1,North Western Region,A Level or Equivalent,0-10%,0-35,0,30,1,Pass,13,0,0,1,0,0,0,1,1,1,0,0,1,0,1,5
GGG,2014J,684733,1,Wales,Lower Than A Level,20-Oct,0-35,0,30,0,Withdrawn,8,0,1,1,1,1,0,1,0,1,0,1,0,1,0,3
GGG,2014J,684802,1,South West Region,A Level or Equivalent,90-100%,0-35,0,30,0,Distinction,5,1,0,1,0,1,1,1,1,1,1,1,0,0,1,9
GGG,2014J,684811,1,Scotland,A Level or Equivalent,20-Oct,0-35,0,30,0,Distinction,4,1,0,0,0,0,1,0,0,1,0,1,1,0,1,8
GGG,2014J,684903,1,West Midlands Region,Lower Than A Level,60-70%,35-55,0,30,0,Fail,2,0,0,1,1,0,1,0,1,1,0,1,1,1,0,2
GGG,2014J,684987,0,Scotland,Lower Than A Level,60-70%,35-55,0,30,0,Withdrawn,6,0,0,0,0,0,0,0,1,1,0,0,1,1,0,9
GGG,2014J,684995,0,South Region,A Level or Equivalent,40-50%,35-55,0,30,1,Fail,15,0,0,0,1,1,1,1,0,1,0,1,1,0,1,10
GGG,2014J,685028,1,Ireland,Lower Than A Level,60-70%,35-55,0,30,0,Withdrawn,14,0,0,1,1,0,1,1,0,0,0,1,0,0,1,5
GGG,2014J,685096,1,Scotland,Lower Than A Level,40-50%,0-35,0,30,0,Withdrawn,8,1,1,0,1,1,0,1,1,0,1,1,1,1,0,3
GGG,2014J,685272,0,South West Region,Lower Than A Level,90-100%,35-55,0,30,0,Fail,3,0,0,0,0,0,0,1,1,0,1,1,0,1,1,8
GGG,2014J,685282,1,London Region,Lower Than A Level,0-10%,0-35,0,30,0,Fail,5,1,1,1,1,1,1,0,0,1,1,1,1,1,0,9
GGG,2014J,685285,1,Yorkshire Region,Lower Than A Level,0-10%,0-35,0,30,0,Pass,14,0,1,0,0,0,0,0,1,1,1,1,1,1,1,5
GGG,2014J,685338,1,Yorkshire Region,A Level or Equivalent,40-50%,35-55,0,30,0,Distinction,7,1,1,0,1,1,1,0,0,1,0,1,0,0,1,3
GGG,2014J,685436,1,Wales,Lower Than A Level,0-10%,35-55,0,30,1,Pass,8,0,1,1,1,1,0,1,1,0,1,1,1,1,0,3
GGG,2014J,685447,1,South East Region,Lower Than A Level,50-60%,0-35,0,30,0,Fail,10,0,0,1,1,1,0,0,1,0,1,0,1,0,0,1
GGG,2014J,685535,1,East Anglian Region,A Level or Equivalent,30-40%,0-35,0,30,0,Pass,11,1,1,0,1,0,0,0,0,0,0,0,1,1,0,6
GGG,2014J,685545,1,Scotland,Lower Than A Level,40-50%,0-35,0,30,0,Pass,12,1,0,1,0,1,0,1,1,0,0,0,1,0,0,7
GGG,2014J,685575,1,East Anglian Region,Lower Than A Level,80-90%,35-55,0,30,0,Distinction,4,0,1,0,0,1,0,0,1,0,0,1,0,0,1,8
GGG,2014J,685627,1,Scotland,HE Qualification,20-30%,0-35,0,30,0,Pass,14,0,1,0,0,1,1,1,0,1,0,0,0,0,0,5
GGG,2014J,685676,1,Scotland,A Level or Equivalent,70-80%,0-35,0,30,0,Distinction,9,0,1,1,0,1,0,1,0,0,0,0,1,0,1,4
GGG,2014J,685877,0,East Anglian Region,Lower Than A Level,30-40%,35-55,0,30,1,Withdrawn,13,0,1,0,1,0,0,1,1,1,0,1,1,1,0,5
GGG,2014J,685923,1,London Region,Lower Than A Level,50-60%,35-55,0,30,0,Withdrawn,12,1,0,0,1,1,1,1,0,0,0,1,0,0,1,7
GGG,2014J,686028,0,North Western Region,Lower Than A Level,20-30%,0-35,0,30,0,Fail,11,1,1,0,0,0,0,0,1,1,1,1,0,1,0,6
GGG,2014J,686112,1,London Region,A Level or Equivalent,30-40%,0-35,0,30,0,Distinction,3,0,0,0,1,0,0,0,1,1,1,1,0,0,1,8
GGG,2014J,686194,0,South East Region,A Level or Equivalent,70-80%,35-55,0,30,0,Pass,4,0,1,1,0,0,1,0,1,0,0,1,0,1,0,8
GGG,2014J,686207,1,North Western Region,Lower Than A Level,40-50%,35-55,0,90,0,Distinction,8,0,0,1,0,1,0,0,0,0,1,1,0,0,1,3
GGG,2014J,686267,1,South West Region,A Level or Equivalent,30-40%,0-35,0,30,0,Pass,9,1,1,1,0,1,0,1,1,0,1,0,0,0,1,4
GGG,2014J,686309,1,South Region,Lower Than A Level,60-70%,0-35,0,90,0,Fail,3,0,0,1,0,0,1,1,1,0,1,1,0,1,1,8
GGG,2014J,686373,0,Wales,HE Qualification,30-40%,35-55,0,30,0,Fail,7,0,0,0,1,1,1,0,0,1,0,1,1,0,1,3
GGG,2014J,686598,1,East Anglian Region,Lower Than A Level,40-50%,35-55,0,30,1,Pass,6,1,0,0,0,0,0,0,1,0,1,1,0,1,0,9
GGG,2014J,686650,1,West Midlands Region,Lower Than A Level,0-10%,35-55,0,30,1,Fail,15,0,1,1,1,1,0,1,1,1,0,0,0,0,1,10
GGG,2014J,686668,1,Yorkshire Region,A Level or Equivalent,0-10%,0-35,0,30,0,Fail,7,1,1,0,0,1,0,0,1,0,1,1,1,0,0,3
GGG,2014J,686898,1,East Anglian Region,Lower Than A Level,30-40%,0-35,0,120,0,Withdrawn,4,1,0,0,1,0,1,0,1,1,1,1,1,0,0,8
GGG,2014J,686918,1,South West Region,Lower Than A Level,60-70%,35-55,0,30,0,Distinction,2,1,1,0,1,1,0,0,0,1,1,0,0,1,0,2
GGG,2014J,686921,1,East Midlands Region,Lower Than A Level,20-30%,35-55,0,30,0,Pass,8,1,1,0,0,0,0,0,1,0,0,0,1,0,1,3
GGG,2014J,687028,1,Scotland,A Level or Equivalent,80-90%,35-55,0,30,0,Fail,5,1,0,1,0,1,1,1,0,1,1,1,1,0,0,9
GGG,2014J,687082,1,North Western Region,A Level or Equivalent,50-60%,0-35,0,30,0,Fail,7,1,0,1,0,1,1,1,1,0,1,0,0,0,1,3
GGG,2014J,687143,1,West Midlands Region,A Level or Equivalent,20-Oct,0-35,0,30,0,Withdrawn,16,1,0,0,0,0,0,0,1,0,0,1,0,0,0,10
GGG,2014J,687302,0,East Anglian Region,Lower Than A Level,60-70%,0-35,0,30,0,Pass,3,0,0,0,1,0,1,0,0,1,1,1,0,1,0,8
GGG,2014J,687523,1,North Western Region,Lower Than A Level,60-70%,35-55,0,30,0,Fail,8,1,0,1,1,1,1,1,1,0,1,0,0,1,1,3
GGG,2014J,687534,1,Yorkshire Region,Lower Than A Level,0-10%,0-35,0,30,0,Withdrawn,2,1,1,0,0,0,1,1,1,0,1,1,1,0,0,2
GGG,2014J,687586,0,North Western Region,Lower Than A Level,40-50%,0-35,0,30,0,Fail,8,1,1,0,0,0,0,0,1,0,1,0,1,1,1,3
GGG,2014J,687620,1,Scotland,Lower Than A Level,30-40%,35-55,0,30,0,Distinction,10,0,1,0,1,1,1,0,1,0,1,0,1,0,1,1
GGG,2014J,687626,1,South East Region,Lower Than A Level,50-60%,0-35,0,30,0,Fail,11,1,1,0,0,1,1,0,1,1,1,0,0,0,1,6
GGG,2014J,687653,1,East Midlands Region,Lower Than A Level,60-70%,35-55,0,30,1,Pass,11,0,0,1,1,0,1,1,1,0,0,1,1,0,0,6
GGG,2014J,687722,1,North Western Region,A Level or Equivalent,0-10%,0-35,0,30,0,Pass,5,1,1,0,0,1,1,1,1,1,1,0,0,1,1,9
GGG,2014J,687780,1,Yorkshire Region,Lower Than A Level,70-80%,0-35,0,30,0,Pass,10,1,0,1,1,0,0,1,1,1,1,1,1,1,1,1
GGG,2014J,687821,0,London Region,Lower Than A Level,20-Oct,55<=,0,30,0,Pass,11,0,0,0,0,0,1,1,1,0,0,1,0,0,1,6
GGG,2014J,688038,1,South East Region,Lower Than A Level,20-30%,0-35,0,30,0,Distinction,6,0,1,0,0,1,1,0,1,0,0,0,0,0,1,9
GGG,2014J,688050,1,Scotland,Lower Than A Level,40-50%,0-35,0,30,0,Fail,14,1,0,0,1,1,0,1,1,1,1,0,0,1,0,5
GGG,2014J,688199,1,South Region,Lower Than A Level,70-80%,0-35,0,90,0,Distinction,14,0,0,1,0,1,1,1,1,0,1,0,0,0,1,5
GGG,2014J,688379,1,Scotland,Lower Than A Level,60-70%,0-35,0,30,0,Pass,8,0,0,0,0,0,0,0,0,1,0,1,0,1,0,3
GGG,2014J,688388,1,Wales,A Level or Equivalent,50-60%,35-55,0,30,0,Distinction,2,1,0,1,0,0,0,1,0,1,1,1,1,1,1,2
GGG,2014J,688401,1,East Midlands Region,A Level or Equivalent,90-100%,0-35,0,30,1,Pass,9,0,0,1,1,1,0,1,1,1,0,0,1,0,0,4
GGG,2014J,688658,1,South West Region,Lower Than A Level,30-40%,35-55,0,30,0,Withdrawn,8,1,1,1,1,1,1,0,1,1,1,1,0,0,1,3
GGG,2014J,688663,1,Wales,Lower Than A Level,20-Oct,0-35,0,30,0,Withdrawn,1,1,1,0,0,0,1,0,1,1,1,1,0,0,1,2
GGG,2014J,688811,1,Scotland,A Level or Equivalent,20-Oct,0-35,0,30,0,Pass,3,0,0,1,1,1,1,1,1,0,1,0,0,1,1,8
GGG,2014J,688819,1,London Region,A Level or Equivalent,70-80%,35-55,0,30,0,Distinction,2,0,0,0,1,1,1,1,1,0,0,0,0,0,1,2
GGG,2014J,688822,1,Yorkshire Region,Lower Than A Level,50-60%,35-55,0,30,0,Fail,5,0,1,0,0,1,0,1,1,1,1,1,0,1,1,9
GGG,2014J,688856,1,South East Region,Lower Than A Level,60-70%,0-35,0,30,0,Fail,7,1,0,0,1,1,0,0,0,1,0,0,0,1,0,3
GGG,2014J,689065,1,Scotland,HE Qualification,20-Oct,35-55,0,30,0,Fail,1,0,1,0,1,1,1,1,1,1,0,1,1,0,0,2
GGG,2014J,689335,1,North Region,Lower Than A Level,30-40%,0-35,0,30,0,Pass,11,0,0,1,0,1,1,1,0,0,0,0,0,0,1,6
GGG,2014J,689371,1,East Midlands Region,Lower Than A Level,30-40%,0-35,0,30,0,Distinction,7,0,0,0,0,0,1,0,1,1,0,0,1,1,1,3
GGG,2014J,689433,1,North Western Region,Lower Than A Level,20-Oct,35-55,0,30,0,Pass,13,1,1,0,1,1,0,1,0,1,1,0,0,0,0,5
GGG,2014J,689485,1,South Region,Lower Than A Level,90-100%,35-55,0,30,1,Fail,4,0,0,0,0,1,0,0,1,0,1,1,0,0,1,8
GGG,2014J,689503,0,East Midlands Region,Lower Than A Level,70-80%,35-55,0,30,0,Pass,14,0,0,1,1,1,1,0,0,1,1,1,1,0,1,5
GGG,2014J,689554,1,East Midlands Region,Lower Than A Level,80-90%,0-35,0,30,0,Withdrawn,4,1,1,0,1,0,1,1,1,0,0,1,0,1,1,8
GGG,2014J,689594,1,East Anglian Region,Lower Than A Level,50-60%,0-35,0,30,0,Pass,12,1,1,0,1,1,1,0,0,0,1,0,0,1,1,7
GGG,2014J,689636,1,Scotland,Lower Than A Level,60-70%,0-35,0,30,0,Pass,2,0,1,1,1,1,0,0,1,0,0,1,0,0,0,2
GGG,2014J,689711,1,North Western Region,Lower Than A Level,50-60%,0-35,0,30,0,Fail,4,1,0,0,0,1,1,1,0,0,1,0,0,0,0,8
GGG,2014J,689754,0,London Region,A Level or Equivalent,0-10%,0-35,0,30,0,Pass,15,1,0,1,0,0,0,1,0,0,1,1,0,0,0,10
GGG,2014J,689838,1,Scotland,Lower Than A Level,30-40%,35-55,0,30,1,Fail,3,0,1,1,0,1,0,0,1,0,0,1,0,1,0,8
GGG,2014J,689839,0,London Region,Lower Than A Level,20-Oct,35-55,0,30,0,Fail,5,0,0,0,0,1,1,0,1,1,0,0,0,1,1,9
GGG,2014J,689878,1,London Region,A Level or Equivalent,60-70%,35-55,0,30,0,Pass,4,0,1,1,1,1,0,0,1,0,1,0,1,1,0,8
GGG,2014J,690029,1,North Western Region,A Level or Equivalent,40-50%,0-35,0,30,1,Pass,6,0,0,1,0,0,0,1,0,0,0,1,1,1,1,9
GGG,2014J,690038,1,Yorkshire Region,Lower Than A Level,20-30%,0-35,0,30,0,Fail,1,0,0,1,0,0,0,1,0,0,0,1,1,1,0,2
GGG,2014J,690044,0,Ireland,Lower Than A Level,0-10%,0-35,0,30,0,Pass,13,0,1,0,1,0,1,0,0,1,0,1,0,0,1,5
GGG,2014J,690057,1,Wales,Lower Than A Level,30-40%,0-35,0,30,1,Pass,12,0,0,1,1,0,1,1,1,0,1,1,0,1,1,7
GGG,2014J,690065,1,Wales,Lower Than A Level,0-10%,35-55,0,30,1,Fail,14,1,1,1,0,1,1,0,1,0,0,0,1,1,0,5
GGG,2014J,690471,1,London Region,Lower Than A Level,20-Oct,35-55,0,30,0,Fail,13,0,0,1,0,0,0,0,0,0,0,0,0,0,0,5
GGG,2014J,690556,1,South East Region,Lower Than A Level,70-80%,35-55,0,30,0,Fail,14,1,1,1,1,1,1,0,0,1,0,1,1,1,0,5
GGG,2014J,690579,1,East Midlands Region,Lower Than A Level,50-60%,35-55,0,30,0,Pass,9,1,0,0,0,1,0,1,0,1,1,0,0,0,0,4
GGG,2014J,690895,1,Scotland,A Level or Equivalent,20-Oct,0-35,0,30,0,Withdrawn,6,0,0,1,1,0,1,0,1,0,1,0,1,0,0,9
GGG,2014J,691127,1,Scotland,HE Qualification,60-70%,35-55,0,30,1,Pass,16,0,1,0,1,0,1,1,0,1,1,0,0,0,1,10
GGG,2014J,691229,1,Scotland,HE Qualification,70-80%,35-55,0,30,0,Pass,1,0,1,0,0,1,0,1,1,1,0,1,0,0,0,2
GGG,2014J,691281,1,London Region,A Level or Equivalent,70-80%,35-55,0,30,0,Fail,5,0,0,1,1,1,0,0,1,0,1,0,0,1,1,9
GGG,2014J,691371,1,North Region,A Level or Equivalent,0-10%,35-55,0,30,0,Pass,4,1,1,0,0,0,0,1,1,0,0,0,0,0,1,8
GGG,2014J,691501,1,Scotland,Lower Than A Level,0-10%,35-55,0,30,1,Distinction,1,1,0,1,1,0,1,0,0,0,1,1,0,0,1,2
GGG,2014J,691519,1,Yorkshire Region,Lower Than A Level,20-Oct,35-55,0,30,0,Pass,10,0,0,0,1,0,1,1,1,0,0,0,1,0,1,1
GGG,2014J,691556,1,Scotland,Lower Than A Level,70-80%,35-55,0,30,0,Pass,11,0,1,0,1,1,0,1,1,1,1,0,1,0,1,6
GGG,2014J,691577,0,East Anglian Region,Lower Than A Level,60-70%,35-55,0,30,1,Withdrawn,8,1,0,1,0,0,0,0,0,1,1,0,0,0,1,3
GGG,2014J,691787,1,Scotland,Lower Than A Level,20-30%,0-35,0,30,1,Fail,14,0,1,0,0,0,0,1,1,1,1,1,0,0,0,5
GGG,2014J,692018,1,South Region,A Level or Equivalent,90-100%,0-35,0,30,1,Pass,9,1,0,1,1,1,1,0,1,0,1,0,1,0,1,4
GGG,2014J,692171,1,Wales,Lower Than A Level,20-30%,0-35,0,30,0,Pass,9,0,0,1,1,0,0,1,0,0,0,0,0,1,0,4
GGG,2014J,692206,1,North Western Region,A Level or Equivalent,0-10%,0-35,0,30,0,Fail,10,1,0,1,1,0,0,0,0,0,0,1,0,0,0,1
GGG,2014J,692256,1,Wales,Lower Than A Level,40-50%,0-35,0,30,0,Distinction,2,0,1,0,0,0,1,0,1,0,0,0,1,1,0,2
GGG,2014J,692320,1,North Western Region,Lower Than A Level,50-60%,0-35,0,30,0,Fail,10,0,0,1,0,0,1,1,0,1,0,0,1,1,1,1
GGG,2014J,692828,1,South Region,Lower Than A Level,40-50%,35-55,0,30,0,Pass,2,1,1,0,0,0,0,0,1,0,1,1,0,0,1,2
GGG,2014J,692972,1,South Region,HE Qualification,60-70%,35-55,0,30,0,Distinction,12,1,1,0,1,0,1,1,1,1,0,0,0,0,0,7
GGG,2014J,693046,1,North Western Region,Lower Than A Level,0-10%,0-35,0,30,0,Fail,3,1,0,1,1,1,1,1,0,0,1,1,0,0,1,8
GGG,2014J,693053,1,London Region,A Level or Equivalent,60-70%,0-35,0,30,0,Distinction,4,0,1,0,0,0,0,1,1,0,0,1,1,0,1,8
GGG,2014J,693273,0,London Region,No Formal quals,20-Oct,0-35,0,30,0,Fail,1,0,0,0,1,0,0,0,0,0,1,0,1,1,0,2
GGG,2014J,693364,1,Scotland,Lower Than A Level,20-Oct,35-55,0,30,0,Pass,9,1,1,1,0,0,0,1,0,1,1,0,1,0,1,4
GGG,2014J,693387,1,Scotland,A Level or Equivalent,50-60%,35-55,0,30,0,Pass,1,1,1,0,1,0,1,1,0,1,0,1,1,0,1,2
GGG,2014J,693421,0,North Region,Lower Than A Level,20-Oct,0-35,0,30,1,Distinction,1,0,0,1,1,0,1,0,0,1,0,1,0,0,0,2
GGG,2014J,693616,1,East Midlands Region,Lower Than A Level,30-40%,0-35,0,30,0,Pass,10,1,0,1,0,0,1,1,0,1,0,1,1,0,1,1
GGG,2014J,693763,1,East Anglian Region,Lower Than A Level,30-40%,0-35,0,30,1,Pass,7,1,1,1,1,0,1,0,1,0,0,1,1,1,1,3
GGG,2014J,693788,1,Scotland,HE Qualification,70-80%,35-55,0,30,0,Distinction,14,0,0,0,1,0,1,1,0,0,1,0,1,0,1,5
GGG,2014J,693843,1,South Region,Lower Than A Level,20-30%,0-35,0,30,0,Pass,6,0,0,0,0,1,1,0,0,1,0,1,1,1,1,9
GGG,2014J,694009,1,North Western Region,Lower Than A Level,20-30%,0-35,0,30,1,Distinction,1,1,1,0,0,0,1,1,1,0,0,1,1,1,1,2
GGG,2014J,694070,1,South West Region,Lower Than A Level,40-50%,35-55,0,30,0,Fail,7,0,1,0,0,0,0,1,0,0,1,0,1,1,0,3
GGG,2014J,694082,1,East Midlands Region,A Level or Equivalent,50-60%,0-35,0,30,0,Pass,15,1,0,1,1,1,1,1,0,1,0,1,1,1,0,10
GGG,2014J,694292,0,Yorkshire Region,Lower Than A Level,20-Oct,35-55,0,30,0,Pass,11,0,0,0,0,0,0,1,0,0,0,0,0,1,0,6
GGG,2014J,694359,1,East Midlands Region,Lower Than A Level,50-60%,0-35,0,30,0,Pass,4,0,0,0,0,0,0,1,0,0,0,1,0,0,0,8
GGG,2014J,694416,0,Wales,Lower Than A Level,0-10%,0-35,0,30,1,Withdrawn,1,1,1,1,1,1,0,1,1,0,1,0,0,1,1,2
GGG,2014J,694470,1,South East Region,Lower Than A Level,40-50%,0-35,0,30,1,Pass,8,0,1,1,1,1,0,0,1,1,1,1,0,0,0,3
GGG,2014J,694723,1,London Region,A Level or Equivalent,30-40%,35-55,0,30,0,Distinction,10,1,0,1,1,0,1,0,0,0,0,1,0,0,1,1
GGG,2014J,694729,1,South East Region,A Level or Equivalent,50-60%,35-55,0,30,0,Pass,16,0,0,0,0,0,1,0,0,1,0,0,1,0,1,10
GGG,2014J,694782,1,Yorkshire Region,Lower Than A Level,80-90%,35-55,0,30,0,Distinction,12,0,0,0,0,0,0,0,0,1,1,0,0,1,0,7
GGG,2014J,695143,1,South West Region,Lower Than A Level,0-10%,35-55,0,90,1,Withdrawn,11,0,1,1,1,1,0,1,0,0,1,0,0,1,1,6
GGG,2014J,695509,0,Wales,HE Qualification,70-80%,35-55,0,30,0,Pass,10,1,0,1,1,0,0,0,1,1,0,0,1,1,1,1
GGG,2014J,695655,0,West Midlands Region,A Level or Equivalent,50-60%,35-55,0,30,0,Pass,7,1,1,0,1,1,0,1,0,1,0,0,0,0,0,3
GGG,2014J,695877,1,Scotland,Lower Than A Level,20-30%,0-35,0,30,1,Fail,9,0,1,1,1,1,0,1,0,1,1,1,1,1,1,4
GGG,2014J,695913,1,South Region,Lower Than A Level,20-30%,0-35,0,30,0,Pass,8,1,1,0,0,0,1,0,1,1,1,0,1,1,0,3
GGG,2014J,695951,1,Wales,Lower Than A Level,40-50%,0-35,0,90,1,Pass,13,1,0,1,1,0,0,0,0,0,1,1,1,1,1,5
GGG,2014J,696157,1,Wales,Lower Than A Level,0-10%,0-35,0,30,0,Pass,3,1,0,0,1,1,1,1,0,0,1,0,0,1,1,8
GGG,2014J,696514,1,South West Region,Lower Than A Level,40-50%,35-55,0,30,0,Distinction,14,0,1,1,0,0,0,0,0,1,1,0,0,0,0,5
GGG,2014J,696706,1,Wales,HE Qualification,60-70%,0-35,0,30,0,Pass,3,0,1,1,0,0,0,1,0,0,1,0,1,1,0,8
GGG,2014J,696708,0,Wales,Lower Than A Level,50-60%,0-35,0,30,0,Fail,3,1,1,1,1,1,1,0,0,0,0,0,0,0,0,8
GGG,2014J,696710,1,Wales,A Level or Equivalent,20-30%,0-35,0,30,0,Fail,16,0,0,0,1,0,1,1,1,1,1,1,1,0,0,10
GGG,2014J,696711,1,Wales,A Level or Equivalent,40-50%,0-35,0,30,0,Fail,6,0,1,1,1,0,1,0,1,0,0,0,1,1,0,9
GGG,2014J,696712,1,Wales,HE Qualification,90-100%,35-55,0,30,0,Pass,5,0,1,0,0,0,0,1,0,1,0,0,1,0,1,9
GGG,2014J,696713,1,Wales,A Level or Equivalent,90-100%,0-35,0,30,0,Pass,1,0,0,1,1,0,0,0,0,0,1,1,0,1,1,2
GGG,2014J,696876,1,Wales,A Level or Equivalent,20-Oct,35-55,0,30,0,Pass,1,0,0,1,1,0,0,0,0,0,1,1,0,1,1,2
GGG,2014J,697314,1,South Region,Lower Than A Level,90-100%,35-55,0,30,1,Pass,15,1,0,1,0,1,0,1,1,0,0,0,0,0,1,10
GGG,2014J,697325,1,East Anglian Region,Lower Than A Level,90-100%,0-35,0,30,1,Distinction,4,1,0,0,0,1,0,0,1,1,0,1,1,1,0,8
GGG,2014J,697328,1,Ireland,A Level or Equivalent,20-Oct,0-35,0,30,0,Pass,4,0,1,0,1,0,0,1,0,0,0,0,1,1,0,8
GGG,2014J,697364,1,Ireland,Lower Than A Level,30-40%,0-35,0,30,0,Withdrawn,15,0,0,1,0,1,1,0,0,1,1,0,0,1,0,10
GGG,2014J,697456,0,North Western Region,Lower Than A Level,20-Oct,0-35,0,30,0,Fail,4,0,0,0,1,1,0,0,1,0,0,1,0,1,1,8
GGG,2014J,697492,1,East Midlands Region,Lower Than A Level,60-70%,0-35,0,30,0,Distinction,8,0,0,0,0,1,1,0,0,1,1,1,0,1,0,3
GGG,2014J,698019,1,Wales,Lower Than A Level,20-30%,0-35,0,30,0,Fail,5,1,0,0,0,1,0,0,0,1,1,0,1,0,0,9
GGG,2014J,698065,1,South East Region,Lower Than A Level,20-30%,0-35,0,60,0,Withdrawn,14,0,0,0,1,0,1,1,1,0,0,1,1,0,1,5
GGG,2014J,698163,1,North Western Region,A Level or Equivalent,0-10%,0-35,0,30,0,Distinction,9,1,0,1,1,0,1,0,0,0,1,0,1,1,1,4
GGG,2014J,698460,1,East Midlands Region,HE Qualification,60-70%,35-55,0,30,0,Pass,4,1,1,1,0,1,0,0,1,1,0,1,1,1,1,8
GGG,2014J,698548,0,South East Region,HE Qualification,30-40%,35-55,0,30,0,Distinction,11,0,0,0,0,0,1,0,1,1,1,0,1,0,1,6
GGG,2014J,699461,1,London Region,Lower Than A Level,40-50%,35-55,0,30,0,Pass,16,1,1,1,1,1,0,1,1,0,0,1,0,0,0,10
GGG,2014J,699628,1,Wales,A Level or Equivalent,60-70%,35-55,0,30,0,Fail,4,0,1,0,1,1,1,0,1,0,0,1,1,0,1,8
GGG,2014J,1405453,1,London Region,A Level or Equivalent,20-Oct,35-55,0,30,0,Distinction,10,0,0,0,1,0,1,1,1,1,0,1,0,1,1,1
GGG,2014J,1420575,0,Scotland,Lower Than A Level,20-Oct,35-55,0,30,0,Pass,11,0,0,0,0,0,1,1,0,1,0,1,0,0,1,6
GGG,2014J,1689081,1,South West Region,A Level or Equivalent,20-30%,35-55,0,30,0,Pass,1,1,0,0,1,1,1,1,1,1,1,0,1,1,0,2
GGG,2014J,1734156,1,Scotland,Lower Than A Level,40-50%,0-35,0,30,0,Pass,5,0,0,1,1,1,1,1,0,1,1,1,0,1,0,9
GGG,2014J,1777563,1,North Western Region,Lower Than A Level,50-60%,35-55,0,30,0,Pass,9,1,1,1,0,0,1,1,1,1,1,0,1,1,1,4
GGG,2014J,1782236,1,South Region,A Level or Equivalent,70-80%,35-55,0,30,1,Pass,8,0,1,1,0,0,1,1,1,1,0,1,0,1,1,3
GGG,2014J,1827650,1,East Anglian Region,A Level or Equivalent,20-30%,0-35,0,30,0,Distinction,3,1,0,1,0,0,0,0,1,1,0,1,1,1,0,8
GGG,2014J,1841303,1,London Region,Lower Than A Level,20-Oct,35-55,0,30,0,Withdrawn,12,1,0,1,1,0,0,0,0,0,1,1,0,1,1,7
GGG,2014J,1890660,1,North Region,Lower Than A Level,20-Oct,35-55,0,30,0,Fail,9,1,1,1,0,0,0,0,1,0,1,0,1,1,0,4
GGG,2014J,1915795,1,North Region,A Level or Equivalent,0-10%,35-55,0,30,0,Pass,15,1,1,0,0,1,1,0,0,0,0,0,0,0,1,10
GGG,2014J,1917808,1,West Midlands Region,A Level or Equivalent,70-80%,35-55,0,30,0,Withdrawn,12,1,1,1,0,1,0,0,1,1,0,0,1,1,1,7
GGG,2014J,1931810,1,London Region,Lower Than A Level,30-40%,35-55,0,30,0,Fail,3,1,1,1,1,0,1,0,1,1,1,1,1,0,1,8
GGG,2014J,1950911,1,South West Region,Lower Than A Level,40-50%,35-55,0,30,0,Pass,1,0,1,0,0,0,1,0,1,1,0,0,1,0,1,2
GGG,2014J,1977701,1,South Region,Lower Than A Level,50-60%,35-55,0,30,0,Pass,1,1,0,0,1,1,1,1,0,1,1,0,1,1,0,2
GGG,2014J,2004143,1,East Anglian Region,Lower Than A Level,50-60%,0-35,0,30,0,Pass,12,0,0,1,1,0,1,0,0,0,0,0,0,0,1,7
GGG,2014J,2052942,1,Scotland,Lower Than A Level,50-60%,35-55,0,30,0,Pass,16,0,1,1,1,0,1,1,1,1,0,0,0,1,1,10
GGG,2014J,2053521,1,South West Region,A Level or Equivalent,20-30%,35-55,1,30,1,Pass,4,1,1,1,1,0,1,0,0,1,0,0,0,0,1,8
GGG,2014J,2203216,1,Wales,A Level or Equivalent,80-90%,35-55,0,30,0,Withdrawn,16,0,0,1,0,1,0,0,0,1,0,1,0,0,0,10
GGG,2014J,2214722,1,Scotland,A Level or Equivalent,70-80%,35-55,0,30,0,Withdrawn,8,1,1,1,1,1,0,0,1,0,1,1,1,0,0,3
GGG,2014J,2239862,0,North Western Region,Lower Than A Level,50-60%,35-55,0,30,0,Withdrawn,15,1,1,1,1,0,0,0,1,1,0,1,0,0,0,10
GGG,2014J,2268380,1,Scotland,Lower Than A Level,20-30%,35-55,0,30,0,Pass,3,0,0,1,0,0,0,0,1,0,1,1,0,1,1,8
GGG,2014J,2270562,1,South East Region,Lower Than A Level,60-70%,35-55,0,30,0,Distinction,8,1,0,0,1,0,1,1,1,0,0,1,0,1,0,3
GGG,2014J,2271766,1,London Region,A Level or Equivalent,30-40%,35-55,0,30,0,Pass,2,0,0,0,0,1,1,0,0,1,1,0,0,1,1,2
GGG,2014J,2282141,0,Wales,A Level or Equivalent,0-10%,35-55,0,60,0,Withdrawn,1,1,1,0,0,1,1,0,0,0,1,0,0,1,0,2
GGG,2014J,2311714,1,London Region,Lower Than A Level,30-40%,35-55,0,30,0,Pass,15,1,1,0,0,1,1,1,0,1,1,1,0,1,0,10
GGG,2014J,2338614,1,Scotland,A Level or Equivalent,0-10%,35-55,0,30,1,Withdrawn,14,1,0,0,0,1,0,1,0,1,1,0,0,1,0,5
GGG,2014J,2342238,0,Ireland,HE Qualification,80-90%,0-35,0,30,0,Withdrawn,10,1,1,0,0,0,1,0,1,1,0,0,1,0,0,1
GGG,2014J,2357806,1,Ireland,Lower Than A Level,40-50%,35-55,0,30,0,Withdrawn,7,1,0,1,1,1,0,1,0,1,0,0,1,0,0,3
GGG,2014J,2373245,0,East Midlands Region,Lower Than A Level,20-30%,35-55,0,30,0,Distinction,6,0,0,1,0,1,0,1,0,0,0,0,0,1,0,9
GGG,2014J,2378591,1,West Midlands Region,A Level or Equivalent,30-40%,35-55,1,30,0,Fail,6,0,1,0,1,0,0,0,0,1,0,0,0,1,0,9
GGG,2014J,2456431,1,South Region,Lower Than A Level,70-80%,0-35,0,30,1,Fail,3,0,1,0,1,0,0,0,1,0,0,0,0,0,0,8
GGG,2014J,2475886,1,East Anglian Region,Lower Than A Level,40-50%,35-55,0,90,0,Fail,13,1,1,0,1,0,0,0,1,1,1,0,0,1,1,5
GGG,2014J,2508153,1,East Midlands Region,Lower Than A Level,20-Oct,0-35,0,30,0,Pass,13,1,0,0,1,0,0,0,0,1,0,1,0,1,0,5
GGG,2014J,2533195,1,South East Region,Lower Than A Level,20-Oct,0-35,0,30,0,Pass,2,0,0,0,0,0,1,1,1,1,0,1,0,1,0,2
GGG,2014J,2606765,1,London Region,Lower Than A Level,80-90%,0-35,0,30,0,Pass,12,1,0,0,0,1,0,0,1,0,0,0,0,0,0,7
GGG,2014J,2608143,0,East Midlands Region,HE Qualification,60-70%,35-55,0,30,0,Withdrawn,15,1,0,1,0,1,0,0,1,0,0,0,1,0,1,10
GGG,2014J,2620947,1,Scotland,A Level or Equivalent,80-90%,0-35,0,30,1,Distinction,2,1,0,1,1,0,1,0,0,0,0,0,1,1,0,2
GGG,2014J,2640965,1,Wales,Lower Than A Level,20-Oct,0-35,0,30,0,Fail,10,0,1,0,0,1,0,1,1,0,0,0,1,1,1,1
GGG,2014J,2645731,1,East Anglian Region,Lower Than A Level,40-50%,35-55,0,30,0,Distinction,14,0,1,1,0,0,0,0,0,1,1,0,1,0,1,5
GGG,2014J,2648187,1,South Region,A Level or Equivalent,20-30%,0-35,0,30,1,Pass,1,0,0,0,1,1,1,0,0,0,1,0,1,1,0,2
GGG,2014J,2679821,1,South East Region,Lower Than A Level,90-100%,35-55,0,30,0,Withdrawn,14,0,1,0,0,0,0,1,0,1,1,0,0,0,0,5
GGG,2014J,2684003,1,Yorkshire Region,HE Qualification,50-60%,35-55,0,30,0,Distinction,16,1,1,0,0,1,1,0,1,1,0,1,0,1,1,10
